maxent_test.asc
NCOLS 180 
NROWS 138 
XLLCORNER 32.989799842 
YLLCORNER 3.405012842 
CELLSIZE 0.0832742739222222 
NODATA_value -9999 
[rows 88 to 109 of 138, columns 49 to 97 of 180]
0.224389024909658 0.290203849720052 0.31137265028478 0.236971140378369 0.296113691969469 0.237951554570383 0.240249103130109 0.261922527445993 0.267627230981457 0.259712364694882 0.301621295620294 0.200313261668737 0.249080887438616 0.297331252006456 0.324751175130354 0.387916735942511 -9999 -9999 0.39287400182855 0.411352666106703 0.317658673100516 0.287644847181916 0.211001403992546 0.272381796409941 0.250778335771948 0.231135093058875 0.244103627471636 0.390037304381359 0.234497987756728 0.219187999030526 0.196317369160071 0.236510741799425 0.335900130439131 0.28851760982775 0.203314927623884 0.220423737768907 0.272063512502492 0.292890204901087 0.443716125151596 0.329415268343357 0.329983575185812 0.280694528307963 0.242223517236949 0.243068478721308 0.250413180205585 0.267066605791001 0.366069225210434 0.376425682509218 0.410354360424161
0.253493181182493 0.309349990653208 0.24128767089676 0.258225144231403 0.320251698550299 0.296724385387588 0.252969675231333 0.252959164524956 0.253136678497761 0.265517231631302 0.283413924748235 0.288684070871167 0.313460507557861 0.22364895336821 0.352404076142236 0.412354876867548 -9999 -9999 -9999 0.317204136581268 0.339199937938901 0.342036326501779 0.321132843106042 0.365594888314822 0.309679004697203 0.325302617740785 0.33500333220355 0.316848307296025 0.17788610306955 0.287954227494923 0.28214130430028 0.32613501339942 0.366215882592885 0.348199770724151 0.248227544267144 0.239209409347175 0.386387660588271 0.382550186252709 0.224519215158941 0.237908160116395 0.222133662945574 0.194971251207673 0.215545776624895 0.245461060865301 0.245420652469668 0.274726583445507 0.326179299682461 0.427718522841304 0.443123066463285
0.230913651259277 0.1835914352934 0.253089214267256 0.326836493051001 0.240811376820745 0.306283809325347 0.271266977683127 0.247916820322272 0.239679042564991 0.247387068280241 0.238306736641746 0.297993389354896 0.282574166787086 0.279033557030219 0.31332493193298 0.331129683078758 0.376572504154787 0.332351602974232 0.343536386527215 0.349113874234775 0.32674004698947 0.294954865722938 0.316959577490763 0.354453400777799 0.358377263759432 0.395430736768681 0.250245857184039 0.373945313371765 0.231831389283051 0.222182027733024 0.23140707437387 0.216939955328195 0.211821230753239 0.210751677792513 0.188186622461099 0.215277079393785 0.158171128834087 0.166746670854182 0.213857582845131 0.190442764791721 0.223517583299752 0.215034001241892 0.236832560118453 0.210440474313966 0.226022652018233 0.279899039764411 0.300837717401959 0.341042892541108 0.430788676378945
0.244767378404054 0.283143056417342 0.194232885573187 0.303994610124234 0.16825473691504 0.195532076336659 0.27520942586276 0.319345318577172 0.259613954338614 0.284702496991049 0.290281439501265 0.318897294301425 0.304755402169696 0.261964428345882 0.258170468178723 0.294676576186063 0.328026073925397 0.325301255571467 0.294360061700594 0.276451958947732 0.281813170242332 0.298921403971512 0.333464557062818 0.363778674347902 0.271526727541077 0.258751583629627 0.256494495035561 0.281457047925593 0.280915248348043 0.240305166153267 0.268186101569126 0.316319295243093 0.295918627630712 0.247492622809461 0.223815563118246 0.175925534399901 0.197946552825888 0.198182873561249 0.199352282370689 0.212962941200938 0.211582504511386 0.238984859262764 0.241775603517185 0.220353816368431 0.239201015592931 0.249575017898607 0.268177566544424 0.292792990151084 0.319225363322847
0.257821971913965 0.221711624085435 0.183113677255246 0.278924078302731 0.293134183356859 0.362311669236063 0.200839074174558 0.186878243463501 0.212489670710101 0.220363868875709 0.269234173675506 0.254812586056055 0.278801584660821 0.269221456619792 0.232382635805177 0.301524296269737 0.276928134588211 0.253742555915253 0.298179831611586 0.288946747735188 0.283400977826302 0.316497445173476 0.332474111228414 0.316966353034147 0.246789228059602 0.30097834961452 0.312770290514052 0.329421289585748 0.256430024028864 0.268389194144475 0.29923000356611 0.362263002579912 0.305460843830102 0.244481644564126 0.219776798709605 0.251822188212721 0.272732806361688 0.20007374986035 0.203110556398101 0.186016657155427 0.238958250118948 0.227812180136399 0.259769531710252 0.233853842259111 0.254859236409431 0.262506588354881 0.338558825491821 0.368195041252367 0.419326090945784
0.197234335733949 0.225957749360288 0.222467872281199 0.218720159451421 0.290283444991437 0.304635805297011 0.298003407767402 0.243396719532377 0.19156677641858 0.244787111099662 0.245453409256986 0.277888120061221 0.270385446510273 0.259668945228436 0.234985331422397 0.275885516696925 -9999 0.349892613065257 0.294127437549347 0.267009514437686 0.306616447498417 0.24175593549228 0.319339718732314 0.256290458470339 0.307453754579872 0.357064227529548 0.307165844947063 0.332261605723982 0.251079664530632 0.251409630358288 0.291694960132652 0.360903960110241 0.372636009183488 0.313326271787313 0.282873002254715 0.272066441425961 0.223973512860293 0.184852841037307 0.232804488998457 0.256145926668875 0.246171881186465 0.249303087440886 0.275379842728736 0.246635340703772 0.276482672549023 0.401989534061674 0.352321238661382 0.333101972648446 0.386865630323
0.249686580481457 0.210783499445221 0.225966773956079 0.301692042013128 0.325973198590181 0.263938073860572 0.260706411587324 0.276822826455239 0.2586451148733 0.248408816273466 0.250835086265251 0.271783545739369 0.337510733264067 0.258909607220604 0.248564306034727 0.341300412277664 -9999 0.313014942248458 0.279188059295168 0.255161471320666 0.296866269913382 0.259737495585688 0.32382566771177 0.271806607580058 0.28510930730503 0.354223399180575 0.35645228658426 0.283887722942456 0.30216947229949 0.276007790277621 0.326972505504507 0.36521160325185 0.380658830150812 0.415426877384405 0.27158500649066 0.25371860867687 0.169366210736695 0.184963047407501 0.189580784846008 0.218654662412152 0.256214763620234 0.23175615613918 0.188124682706817 0.238591598079499 0.284813363928512 0.300087078882217 0.340176433745123 0.344973746695461 0.360137362778203
0.219775933822153 0.237621652507281 0.250511720876665 0.309372105163822 0.346501212402476 0.368232057907014 0.221907543677965 0.217892196429582 0.252982067939765 0.235667642888385 0.187394539655443 0.214520967324031 0.318060457484964 0.293372367543688 0.230626210444651 0.253888878679657 0.244568714701484 0.235328772301113 0.24143020229735 0.277226423860295 0.264683454082453 0.266029661549763 0.249263034105638 0.253440990537063 0.307570281608389 0.2877365821432 0.302900429641468 0.275595277653095 0.292930192102098 0.382860636724282 0.371360191226784 0.362217453979195 0.352167270325919 0.396077685576464 0.419686196627553 0.262193050347796 0.334135429151712 0.337052345510783 0.264799982065739 0.216173285751772 0.255766514586008 0.198413139695047 0.185784553651602 0.248597816302918 0.281372462579522 0.418518643981138 0.34664665065205 0.415003180354519 0.475992457639028
0.24127543941647 0.263473944718502 0.300773754518392 0.337445097262527 0.330267447795806 0.288758156835107 0.251333754074809 0.241427239371258 0.207535370487838 0.211298135298333 0.327147148764247 0.342189338160355 0.370917713225006 0.287052076588299 0.213887672735195 0.18448227629913 0.211000720352567 0.245019061275719 0.29280702475813 0.298738597180482 0.305284334585131 0.269832502023527 0.28165489561413 0.305775119796044 0.364013294384173 0.385356075390092 0.399122579986623 0.388924771060614 0.380987698932362 0.481508243253614 0.411362100975235 0.419739625388513 0.36406070256945 0.369178947607071 0.406480087271331 0.326395892424895 0.244221089237298 0.353331629792094 0.247319280198229 0.251959442144118 0.211982374503702 0.297483920658714 0.21558954803178 0.293857668270179 0.299846391710304 0.362531229808858 0.342034786738753 0.415797450558886 0.42235689025007
0.198574268506975 0.298236189752361 0.342620847729804 0.299446561925743 0.261300729042691 0.245061269616988 0.21780791533607 0.27570583486901 0.240291026386301 0.300120417907638 0.254256374739246 0.373473387000342 0.351335928457796 0.274852624382049 0.223810785585651 0.205543589866351 0.251347666998257 0.246739888173378 0.341050713168704 0.361188345761221 0.315250368018003 0.320090538567677 0.317239346090112 0.327820250872746 0.391125927075514 0.346471610242002 0.347036629878269 0.351813728924503 0.429814132370426 0.354368138803803 0.373870723215982 0.430595945674453 0.435744475308467 0.365849600617409 0.408305453574951 0.360329419380322 0.227408111417493 0.302107870721083 0.289325526813346 0.27500167588555 0.257169431342933 0.28981216678522 0.305817626752328 0.371068008027597 0.32297587535644 0.360372998174291 0.416388839616927 0.468443731167168 0.407292174512468
0.318136760509959 0.265286275386865 0.309637357668406 0.322166880786595 0.226324149907854 0.270660060721879 0.236722379666063 0.272185151520036 0.29704046350667 0.253522725933937 0.270398111568461 0.341510452891637 0.322028684873744 0.242165748701086 0.242497414285581 0.200527424526241 0.258658648110019 0.289650843915238 0.353073491475375 0.32209731552755 0.34110430740699 0.333001887556117 0.300154627330535 0.280748952573844 0.329808399055834 0.345848167885313 0.315652927080826 0.355078220638294 0.413723205972794 0.328811351187663 0.297991303847708 0.295510607721886 0.405294034912326 0.377905591368609 0.286686178600847 0.322534923545058 0.205833934152307 0.224928913266646 0.313046328628478 0.340858584549773 0.266214106965184 0.378616264428487 0.360971563232461 0.33262296546465 0.369593600654612 0.372929549889432 0.39767836595381 0.409260438457954 0.417317003517768
0.354992027208595 0.30168421574177 0.234224066516384 0.314108092080815 0.255548606113089 0.316990516063862 0.287874958511898 0.295388192488602 0.386980795683312 0.239271280637914 0.47876326341803 0.367931229682976 0.384256306790728 0.335144661053842 0.29120306221327 0.234941614548815 0.23956928066346 0.240079691076484 0.282840864819191 0.249457813603221 0.262793642422976 0.317683969577677 0.307295919757331 0.30974622838624 0.272806707830174 0.294196667827014 0.263284291502199 0.287100165634902 0.329859509182088 0.352874957721174 0.340870017360984 0.283560856149512 0.286056113534274 0.310905596922563 0.272674284012338 0.264580439086774 0.263587865692478 0.286799272173545 0.30916005353259 0.320349531083455 0.332229168586209 0.269023496546561 0.37805124974991 0.311837723619785 0.380214914066021 0.372490832397344 0.35282104206759 0.422559206695375 0.432124994500835
0.331592002910229 0.262349285647749 0.333221795377915 0.249330691372823 0.257884878648017 0.269128638788567 0.245433583080186 0.233810255286649 0.359051326733445 -9999 -9999 -9999 0.412717537491154 0.288802889064971 0.289144067651616 0.218471992217643 0.231847009820678 0.269159328730808 0.237766319360567 0.192094524819757 0.191051004328364 0.23458041839825 0.254697015828726 0.347847949726837 0.239537328050529 0.28263327847271 0.345436252137386 0.268118828821727 0.31438089402129 0.312200039062679 0.241671949882448 0.258823887976714 0.237220592697326 0.265639331834501 0.255492849471689 0.218136908831554 0.277995100958215 0.269548790246146 0.308627581257306 0.342763762372707 0.326558834338295 0.320086982210854 0.326480322377727 0.360113357846107 0.352257995275388 0.270738088846407 0.40044327415662 0.408849960189153 0.440164059929845
0.291824101352271 0.317443826393905 0.282592039951465 0.26793156998209 0.229350272428557 0.270638186952778 0.254098427924488 0.225173711420486 -9999 -9999 -9999 0.407924859564117 0.370682098481711 0.436060478991784 0.297155672032091 0.233596873819048 0.217681660150408 0.286106422559623 0.245622610797592 0.171045300111982 0.209724807081989 0.199879292917669 0.269220017632034 0.276855583908054 0.300321487955704 0.267050769882555 0.283417649771144 0.330992580775056 0.258354991572115 0.279715545712828 0.237251625221895 0.207861438744143 0.226215038626228 0.20892962290834 0.226711122689641 0.228680133570143 0.267973486848926 0.259224423800875 0.268452307528066 0.361034946537541 0.335282776699677 0.360250623104897 0.336835302019287 0.386286666715786 0.370921268904151 0.352377824513216 0.391139798016151 0.454257533849482 0.401739670170435
0.289907824762543 0.287343641526477 0.275404235060266 0.270910819925881 0.246089743499285 0.250979373923255 0.260638562165108 0.23965883718269 0.329595027348365 -9999 0.416374267439089 0.323208141643914 0.344138761198097 0.312658930934047 0.260451721303774 0.217432432643007 0.295209616089292 0.304028445448847 0.247992620599161 0.270864440299544 0.228679235986044 0.224244623889298 0.265616931915158 0.291937785374982 0.269469356212944 0.319021306045195 0.312101522686623 0.293811140728275 0.251567624524659 0.266897240987937 0.265100118565776 0.245076602353992 0.247488834573803 0.236230858505249 0.286265662968921 0.272841411413414 0.288878146615648 0.31357024335708 0.363673583893868 0.349802467976865 0.338524760708576 0.400534916479402 0.403098871045519 0.40318492304321 0.447853670354789 0.403208406026464 0.394513486679986 0.438661100119852 0.483449498647455
0.239326075647467 0.308736879798251 0.268086449006472 0.289170575197223 0.344147044316359 0.304846443358735 0.214382263157474 0.246794544043953 0.384879983624493 -9999 0.330529997799599 0.253518631067963 0.302354260078543 0.239408764063463 0.248308987115277 0.236338212193431 0.311552333032115 0.329806495793815 0.252388446309411 0.287235433527592 0.249021162111491 0.256310867574341 0.279671072401738 0.304988456046322 0.278405968974081 0.282114768026511 0.292543075008013 0.244965581472719 0.212505159581337 0.278840908838281 0.355625098555634 0.387908268786408 0.353976148085047 0.254914031774125 0.281898756271599 0.313524899899991 0.359034229306456 0.356871402941847 0.406526192439485 0.395619915874412 0.302714237990579 0.427357275311658 0.453589027621897 0.372605013107913 0.495709596950039 0.396018290866657 0.453723963873505 0.472990524042727 0.499098279691335
0.24424281386266 0.301149237911564 0.411442622051801 0.398466442400509 0.342381161414365 0.282345183782089 0.283598027278391 0.322453638086896 0.356226982274044 0.375715436538413 0.34959576555099 0.289490843000634 0.240000156066254 0.251702092228298 0.250064201508331 0.363213045463942 0.336116378844078 0.24325151800146 0.208090135680865 0.279145140517235 0.194915560349773 0.22040530898495 0.267299810411059 0.304791966508336 0.302340223069238 0.28837807023747 0.280449971968022 0.273583791975382 0.271430904984175 0.282845051765043 0.364912222539786 0.378973426203325 0.368277421820832 0.335161260234613 0.345221328671647 0.28418393346063 0.273410159719041 0.396124519337027 0.426055237482573 0.393338286679947 0.379935205959068 0.407072058117649 0.401205435542572 0.442995377248471 0.459795407984609 0.488114923698514 0.442681050696882 0.441478566945157 0.478308829878584
0.256268730607058 0.28117352590285 0.374402975258202 0.290615574170486 0.297442540875538 0.278723313600535 0.408274488032489 -9999 -9999 0.325442581612588 0.352722820594849 0.309191655762426 0.257425068560742 0.256211099081199 0.24556246368055 0.29945442504853 0.281550196376742 0.207132503425169 0.226965215313983 0.201253070726116 0.248905842177049 0.266331097022407 0.281474694994449 0.241545177711003 0.272067805802834 0.293527835957879 0.284104526149618 0.260455587474863 0.296989829164642 0.296221930215601 0.328450335498416 0.334189260207115 0.378335605392385 0.33826966169269 0.333176227664342 0.323939028610703 0.231280408811314 0.314050532880695 0.390600728503559 0.370701369650701 0.410321796497753 0.379217683867048 0.401885749813159 0.41548806764074 0.487135663955922 0.502001681899657 0.49180666574735 0.487854753423744 0.459520725105856
0.316781111077938 0.394199397507362 0.34129254594546 0.323506607276725 0.258225620964646 0.36725018566496 -9999 0.375933378650418 0.360696916509648 0.374986163258075 0.336682297123565 0.341778724017656 0.274299020674909 0.275486144319114 0.293031369388778 0.276933724542491 0.241706051568253 0.223071476836701 0.235175452721882 0.278281274388645 0.216893115356328 0.287319015781548 0.318647119426076 0.299273121244296 0.303670470105453 0.28039900939206 0.264870468166151 0.279864982675471 0.262368701791552 0.345709471786362 0.349511285527092 0.343063716357009 0.376303947543134 0.40764234827521 0.366186026805304 0.276114558938797 0.327806040038217 0.332423758843415 0.422281987670422 0.472632105201809 0.403779485184091 0.339421359285861 0.382971350998792 0.387415350686169 0.472349916597783 0.521701329917027 0.53257190166245 0.489334394861038 0.45928961893016
0.344380276766574 0.265173775950306 0.286022554403337 0.235630700242533 0.301992100603054 0.316844405476068 -9999 0.331847962409306 0.321308103710271 0.336568900414649 0.323738657058263 0.338315926401731 0.322039882692194 0.225023011551347 0.269438740259406 0.263514875012139 0.256773264106747 0.288495758128579 0.273283996306514 0.264244204904355 0.289153905552974 0.278809100345134 0.277935644875222 0.316768695627825 0.301365516513473 0.306537631955267 0.277421435077379 0.295413650166128 0.270902331245134 0.320654809710945 0.334202962498076 0.301494350044893 0.329557351120083 0.330998176480778 0.387806681241272 0.323358508941052 0.303850662661995 0.346565757014697 0.353961608709774 0.437894320628322 0.48611171318775 0.471635334060231 0.427462997492286 0.415889376088314 0.46240147797811 0.583621541859155 0.513924536167676 0.588107842729687 0.509078195698741
0.288669419101936 0.320543077381731 0.294708178280232 0.272941204002346 0.340619374261536 -9999 -9999 0.349086799244171 0.33047751038399 0.253814503256785 0.344438544769509 0.330274067428228 0.271015866552931 0.223115951622397 0.263823112359634 0.200003289823937 0.26337154034662 0.261558758221699 0.24198081609815 0.299772326315342 0.269914690780543 0.368754138115458 0.30580566105816 0.293203782068605 0.321593939574404 0.291135937904764 0.275856421009257 0.29876345882594 0.325731475060317 0.329850860153805 0.352654501631051 0.37861884670844 0.307271987621277 0.306221344607663 0.372663721007761 0.355873412966669 0.403091491906343 0.451078556081214 0.465217914523968 0.451407664336097 0.440058914588406 0.510152920259447 0.512981190990248 0.536073723544912 0.521432421399513 0.551121681991582 0.585853443954971 0.578413989746424 0.61094030466231
0.366824265943911 0.37582955431322 0.34314541738143 0.280296238482415 0.292095316183817 -9999 0.345465216639194 0.430777720658289 0.351994753618669 0.304618875933523 0.297362832943746 0.367487821823458 0.323225654695163 0.307509976324061 0.228914249456961 0.309580749684693 0.326039600895857 0.283632254803599 0.311001893995908 0.255592338380396 0.310660484269818 0.239110583023699 0.303451986088016 0.32055244241054 0.329770043667439 0.320345987290273 0.27524605107575 0.268097905938012 0.303574673073792 0.371640675749115 0.350174355472784 0.397963154488143 0.241660311392028 0.33523661236517 0.385827157120564 0.318525480396472 0.356698863526247 0.344851653362259 0.380724936150847 0.363765997038381 0.411432510590973 0.387278071595917 0.434265671236663 0.372146614021549 0.445646934595732 0.531821139358667 0.515601796346177 0.603926094141342 0.637975566319278
