maxent_test.asc
NCOLS 180 
NROWS 138 
XLLCORNER 32.989799842 
YLLCORNER 3.405012842 
CELLSIZE 0.0832742739222222 
NODATA_value -9999 
[rows 44 to 65 of 138, columns 0 to 48 of 180]
-9999 -9999 -9999 -9999 -9999 -9999 -9999 -9999 -9999 -9999 -9999 -9999 -9999 -9999 -9999 -9999 -9999 -9999 -9999 -9999 -9999 -9999 -9999 -9999 0.341172041912833 0.346267305306313 0.317392775725846 0.319948315686999 0.273515529602188 0.2856605489217 0.325354067254964 0.322747771559768 0.31964032703358 0.286351982514787 0.26396450473684 0.268073078330924 0.256591282076098 0.248180939742426 0.219560223712496 0.225084631328551 0.262543317082753 0.214457602460066 0.201999492738369 0.142092137124477 0.128646875074438 0.142408667329572 0.11101051868604 0.0924648101400952 0.104917533715274
-9999 -9999 -9999 -9999 -9999 -9999 -9999 -9999 -9999 -9999 -9999 -9999 -9999 -9999 -9999 -9999 -9999 -9999 -9999 -9999 -9999 -9999 -9999 -9999 0.372892209640526 0.370203896652305 0.382744689048996 0.33069746863827 0.303711720184445 0.296948974266859 0.31260089085807 0.332564289558589 0.301941662755869 0.308920243983991 0.245837016251992 0.270929078050786 0.28641493710532 0.2618205678674 0.25650366752226 0.239192569715976 0.268634225179182 0.227020401514449 0.13578235273277 0.134917089299405 0.16101125311541 0.195148864172066 0.122479040588054 0.125841373089867 0.121133262131715
-9999 -9999 -9999 -9999 -9999 -9999 -9999 -9999 -9999 -9999 -9999 -9999 -9999 -9999 -9999 -9999 -9999 -9999 -9999 -9999 -9999 -9999 -9999 0.339448427014273 0.358498665983417 0.361884814703205 0.375723470806233 0.313254332555144 0.331834004331206 0.308093233104535 0.289403643775973 0.277282044262554 0.297055579600475 0.292029832484416 0.310656280513711 0.259232263262663 0.238057160211699 0.261906957398473 0.205204378056836 0.200616493367583 0.215465090855657 0.15460091347392 0.186009721488688 0.171964964076297 0.153603787482188 0.193932779950753 0.151261044282821 0.13665925781366 0.170229014621435
-9999 -9999 -9999 -9999 -9999 -9999 -9999 -9999 -9999 -9999 -9999 -9999 -9999 -9999 -9999 -9999 -9999 -9999 -9999 -9999 -9999 -9999 -9999 0.346885682873111 0.399276501643465 0.363004187995196 -9999 0.325898177319338 0.321267894407075 0.303847545377984 0.296825895986485 0.291146264623058 0.334112407364187 0.25051701812906 0.252923791094595 0.249927280444437 0.287071379078887 0.229134272981812 0.210678501752482 0.227846156885844 0.186291967544777 0.172066514044385 0.193873693086903 0.177545406460677 0.143707243990512 0.152422520488854 0.150035786678357 0.144286912186479 0.1723295743137
-9999 -9999 -9999 -9999 -9999 -9999 -9999 -9999 -9999 -9999 -9999 -9999 -9999 -9999 -9999 -9999 -9999 -9999 0.347720938532909 -9999 -9999 -9999 -9999 0.337730922693643 0.324662373042722 0.350465735190338 0.352432375173921 0.336140368160738 0.336863178125805 0.289137582575749 0.28959188702532 0.281366987024383 0.31177774145178 0.205154381464951 0.271045022680436 0.259498497243531 0.234578556311829 0.231477758578071 0.16905480704688 0.22830004584047 0.1936293752568 0.195147051468954 0.21477246677695 0.161899987637517 0.152423880894594 0.138867662889564 0.124714944345038 0.131766147490215 0.162825718788953
-9999 -9999 -9999 -9999 -9999 -9999 -9999 -9999 -9999 -9999 -9999 -9999 -9999 -9999 -9999 -9999 -9999 0.302098056405335 0.404356826859226 0.407698735722301 -9999 -9999 0.323944951354223 0.315586302879781 0.374484192759408 0.366545369083347 0.343437936747007 0.346988137125291 0.32230749815303 0.337881773229056 0.241234071974168 0.258965011844997 0.259736270909556 0.25119458091033 0.262879343519211 0.262079617850381 0.223113674443486 0.193431404930308 0.185952693648571 0.212786234696088 0.202872527464883 0.137511433327609 0.20489871942332 0.170916241544875 0.160693153657837 0.175210190609867 0.138648883380377 0.143249833145468 0.149298103585915
-9999 -9999 -9999 -9999 -9999 -9999 -9999 -9999 -9999 -9999 -9999 -9999 -9999 -9999 -9999 -9999 0.344434611465321 0.369378022654324 0.442923665580534 0.404974745121133 0.346817440117667 0.381533906125758 0.368171745512816 0.308346297494906 0.297885105557511 0.338659520656639 0.344637431862346 0.361888487090315 0.342778569073441 0.343113815039133 0.315739312130553 0.23072446992389 0.16804833547936 0.202324088447128 0.236657780583979 0.232255515116982 0.206401840044937 0.230836271882983 0.21435095322419 0.196914316343656 0.21201685386375 0.130272729388818 0.131689793824514 0.142357389311118 0.16856238342937 0.106261641039219 0.107369255785794 0.105932016320624 0.0971881597965253
-9999 -9999 -9999 -9999 -9999 -9999 -9999 -9999 -9999 -9999 -9999 -9999 -9999 -9999 -9999 -9999 0.342514684733043 0.373294145262219 0.375970102582416 0.3664909101257 0.391198666837689 0.410854713012904 0.354306619799281 0.335309093969073 0.351131864227759 0.379790240709172 0.321424438321324 0.329963417235206 0.332863332820453 0.307738690943662 0.274886004023085 0.257969220030907 0.162432766947967 0.186839509631595 0.204008199029939 0.218247908495609 0.193104021733027 0.186158807199873 0.166261150128454 0.194280287211674 0.224084936818675 0.200011228081101 0.196083649414705 0.239999539715519 0.247333378237664 0.106308376018749 0.114067331782359 0.100332432551691 0.101688820676591
-9999 -9999 -9999 -9999 -9999 -9999 -9999 -9999 -9999 -9999 -9999 -9999 -9999 -9999 -9999 0.337220916067441 0.273643448332105 0.342012031770602 0.372668700815005 0.359157885780843 0.388740617144829 0.372687605573357 0.354650604210245 0.342874273043588 0.370171441729455 0.359352234024072 0.283524855127981 0.333709764603608 0.284881282625103 0.287654937681834 0.274809235043329 0.259004796958141 0.232317236532672 0.196804925783315 0.263396781705113 0.267065410634931 0.21309605021962 0.197442020385835 0.215986734592078 0.224545580844008 0.277374270287745 0.262759497011675 0.232103676248389 0.258422402973473 0.209845068963268 0.224741341082102 0.100498492697239 0.101712349589168 0.104396796586612
-9999 -9999 -9999 -9999 -9999 -9999 -9999 -9999 -9999 -9999 -9999 -9999 -9999 -9999 -9999 -9999 0.348422015498875 0.359493696564086 0.339932290568113 0.374100550258687 0.344667256188478 0.328548420055627 0.351346444197099 0.384383590592692 0.388525048663797 0.312082294169153 0.296749048222088 0.345731936287068 0.332129464169527 0.305027956196965 0.2787027825885 0.263652740992942 0.212365458346145 0.193978487160236 0.230451895616103 0.257870815116497 0.21574782648002 0.164479055354415 0.207038658444474 0.23355083265027 0.260351142066761 0.260667427803529 0.272458078584129 0.253077383269656 0.244026099814812 0.237571102408562 0.160357099009922 0.131868577638127 0.133577059681137
-9999 -9999 -9999 -9999 -9999 -9999 -9999 -9999 -9999 -9999 -9999 -9999 -9999 -9999 -9999 -9999 0.412917584781184 0.38348062326849 0.328335963007138 0.351633123911556 0.36680619940795 0.312566570734316 0.30796337837716 0.31477221129197 0.370428242380984 0.301384739446415 0.325926078662804 0.361915211130914 0.317366562104375 0.317285453960341 0.3020332800522 0.273233930418955 0.239574200742879 0.21650306244034 0.273586916327131 0.234128248630757 0.240794904565845 0.208161168900619 0.177974748917175 0.174038149928125 0.264868767943952 0.316908315372027 0.271776337419779 0.307819686398886 0.269696109183562 0.293026782607198 0.265326478160649 0.257096511231274 0.23337937945218
-9999 -9999 -9999 -9999 -9999 -9999 -9999 -9999 -9999 -9999 -9999 -9999 -9999 -9999 -9999 -9999 0.393083341353528 0.362789941954819 0.30289254957087 0.279170150629745 0.36818855145057 0.326224785315774 0.255918240766316 0.28649632796823 0.327109829633226 0.334567157191398 0.257266502446857 0.309146304640491 0.292027547425556 0.301102990740355 0.312669739490701 0.275239851849178 0.272256599565057 0.252692724033062 0.231986847826623 0.239077828963202 0.235448153494855 0.208452602438483 0.211145335216948 0.204477376988274 0.271170824937431 0.182703396513488 0.270456812992805 0.211007034152701 0.250565877181102 0.261299574030676 0.265677686003624 0.253838807361492 0.300036257715463
-9999 -9999 -9999 -9999 -9999 -9999 -9999 -9999 -9999 -9999 -9999 -9999 -9999 -9999 -9999 -9999 0.379703571850352 0.358147734677024 0.326300320156531 0.270175366888297 0.314827287245134 0.315487637968249 0.291583692546408 0.305578099325232 0.290476926332715 0.28085326979623 0.324879117281219 0.3490449248163 0.261250914063658 0.290874148696921 0.319107019965859 0.331398384595685 0.281903785912762 0.254473386688721 0.243149776374652 0.267760427239677 0.243431702860138 0.221720036438907 0.247371359875272 0.283242211278945 0.241871670001184 0.172508013925866 0.223743379369252 0.15620567490063 0.167110901328615 0.23984355889764 0.188638450611996 0.212463126102903 0.301429587222009
-9999 -9999 -9999 -9999 -9999 -9999 -9999 -9999 -9999 -9999 -9999 -9999 -9999 -9999 -9999 -9999 0.387652200822168 0.400279379222178 0.392581142303135 0.273356946348081 0.305794049297396 0.325802410602666 0.337347195378652 0.346148386090369 0.319911479896331 0.28807235112918 0.292876891878433 0.269479740034581 0.306601420640946 0.310923830508841 0.3153451281602 0.273200619453515 0.293162432502189 0.315283818718461 0.260949305766963 0.281358205641581 0.291533971864255 0.278803205901918 0.277841935950934 0.177407528432159 0.162544903437779 0.186405590238211 0.196451138751364 0.163525192107726 0.156367145698686 0.240033457919305 0.180736122375306 0.174662172467441 0.20329455803898
-9999 -9999 -9999 -9999 -9999 -9999 -9999 -9999 -9999 -9999 -9999 -9999 -9999 -9999 -9999 0.399745019671678 0.401327271497083 0.395356390673191 0.282361746764746 0.331653034946195 0.295003895554757 0.304788676652679 0.309206744364996 0.332173441772908 0.31792602746893 0.279731281716195 0.320163722787095 0.310865902136884 0.298451633246268 0.291204635392841 0.31446311152102 0.301533033444446 0.336553726317788 0.263908565790206 0.281320862576125 0.269591631312419 0.254498752004963 0.261959917055869 0.199583133755438 0.167043286612593 0.200297909104419 0.175107078540562 0.221570918877983 0.185091981493598 0.177510424008845 0.196953789053393 0.151033472422401 0.191010611129081 0.153256322372462
-9999 -9999 -9999 -9999 -9999 -9999 -9999 -9999 -9999 -9999 -9999 -9999 -9999 -9999 0.377821634620736 0.397341394450179 0.427873509103833 0.373232075927857 0.276108154270893 0.312920657122362 0.303544791249013 0.298782137690291 0.306943058990567 0.321408750355324 0.272304906039033 0.238381098075291 0.297179242732855 0.295962885238054 0.317464690647203 0.305545172288214 0.266544665719328 0.293532237888187 0.271091028642056 0.30398019983751 0.295279056447995 0.252735723136771 0.309338786711413 0.272483890116257 0.216315293590857 0.19644961848076 0.236283076069695 0.176317338477832 0.184691056716071 0.208470268275088 0.18330241597365 0.155817202581653 0.164903981972462 0.209611070497882 0.199399196539284
-9999 -9999 -9999 -9999 -9999 -9999 -9999 -9999 -9999 -9999 -9999 -9999 -9999 -9999 0.324368162117158 0.334614426834212 0.399726587387849 0.349767147497756 0.349184848781402 0.253724176582298 0.316371000142253 0.319909570301502 0.321831229388856 0.378070585914924 0.300888691181433 0.224534887620862 0.179499494180091 0.194362203935147 0.253832810632679 0.289289572374865 0.287698783529581 0.274389840325372 0.320797677450727 0.32077317996827 0.268310278389091 0.285461533189439 0.255362082150939 0.277636180879069 0.233173954556747 0.19991958423033 0.2020762225774 0.190846016467047 0.182161753733603 0.177767227115952 0.158153565045046 0.222059154956721 0.194594895954352 0.183838546284583 0.165101991544483
-9999 -9999 -9999 -9999 -9999 -9999 -9999 -9999 -9999 -9999 -9999 -9999 -9999 -9999 0.434368323488156 0.420712139148785 0.410366933026341 0.413265466303533 0.290976105920683 0.296558732078508 0.267814113540489 0.318754052946529 0.261200753692597 0.235464964442616 0.230877244636137 0.213450272721612 0.201652280063698 0.214528410731949 0.230003504788526 0.279140371438274 0.293445792167073 0.298822442092598 0.30494421624151 0.303254458771216 0.284461532073038 0.288300023290816 0.29266779890812 0.300112766492552 0.213300816652412 0.213142527235996 0.170995856551901 0.211856550091699 0.165100798608323 0.196347309244261 0.17610035481792 0.229891261083662 0.264698253641773 0.220075569957101 0.210856434441814
-9999 -9999 -9999 -9999 -9999 -9999 -9999 -9999 -9999 -9999 -9999 -9999 -9999 0.400330121579021 0.41320397505502 0.368026145397624 0.356360310407193 0.361161541778674 0.370512559241676 0.268294935931184 0.253109039946718 0.271600173806104 0.268402747285185 0.257256744303553 0.223845282858093 0.217314099770247 0.218901234506969 0.248858194129 0.214075375680797 0.230586447727552 0.235239598537117 0.227600276161702 0.281593656633005 0.270771422842192 0.285046899384267 0.279145856289621 0.304393940000325 0.236532611610028 0.216109490860177 0.222016043887583 0.217880989221296 0.191683847489699 0.217525535206575 0.186108002923738 0.260549458357666 0.288770219835949 0.207001251775807 0.211654291682557 0.203965192790327
-9999 -9999 -9999 -9999 -9999 -9999 -9999 -9999 -9999 -9999 -9999 -9999 -9999 0.377160383396185 0.389973134287387 0.365886723252191 0.34443248730877 0.330038663869256 0.294029059106971 0.291393551492 0.2725812768721 0.284270385763189 0.29186080931866 0.2680293830696 0.218203151350583 0.275268394100998 0.204764660509312 0.244173433814919 0.240199929315086 0.243043357828945 0.232022217190064 0.17398607493615 0.319045679281802 0.25706627095683 0.257988059128368 0.255596338975661 0.319342876122764 0.306257149806802 0.320349679643711 0.294942261480986 0.2873928128995 0.291954739990785 0.238479026442433 0.294330757478985 0.238297620199957 0.229911082327386 0.205875429607186 0.253410316761219 0.177410248749835
-9999 -9999 -9999 -9999 -9999 -9999 -9999 -9999 -9999 -9999 -9999 -9999 -9999 0.43111383700813 0.352982235794041 0.313652908670147 0.320840695162023 0.364485105929649 0.327361739046036 0.281140494003458 0.304905663173575 0.28577701345129 0.272990421496385 0.255525207126071 0.229681984018779 0.273054863384756 0.233986021035455 0.279721820057713 0.250071409204563 0.227292045813308 0.251350674621975 0.208070654645135 0.226624579143256 0.236043131316937 0.328737627027668 0.2671890308849 0.31675213794422 0.2615490925233 0.29251175765853 0.289300417043446 0.28473521828933 0.24249940831851 0.270004554438049 0.258512483806798 0.298398398850875 0.269543162015556 0.240213779747263 0.259008971634114 0.174078946488492
-9999 -9999 -9999 -9999 -9999 -9999 -9999 -9999 -9999 -9999 -9999 -9999 -9999 0.414291273668875 0.343590587703182 0.291415908944748 0.327344923082923 0.272772380833048 0.258521815816837 0.227073922426053 0.219098739504283 0.264737882100761 0.238871905847362 0.257606721584213 0.233437866568919 0.267145682010266 0.238516287063764 0.210591129676422 0.226172156475454 0.22805403825706 0.215706758965101 0.210610554482938 0.284645710079594 0.228317607687839 0.256211496435238 0.278888921041675 0.28815785170413 0.222313766912032 0.228237716397476 0.234050816858883 0.218487922522517 0.29477916692695 0.268990558597599 0.253659550461815 0.211632048744095 0.276011681814383 0.286863967125702 0.244255338874364 0.263942495052369
