maxent_test.asc
NCOLS 180 
NROWS 138 
XLLCORNER 32.989799842 
YLLCORNER 3.405012842 
CELLSIZE 0.0832742739222222 
NODATA_value -9999 
[rows 66 to 87 of 138, columns 0 to 48 of 180]
-9999 -9999 -9999 -9999 -9999 -9999 -9999 -9999 -9999 -9999 -9999 -9999 -9999 0.39572342228274 0.37082091648028 0.359805599389908 0.359187730392671 0.216333014361263 0.22213389567791 0.21849592409493 0.215875729612166 0.239680126489409 0.248970206383093 0.298318095895013 0.198825409873931 0.242580927148487 0.230697183245938 0.250572810667926 0.207024974461525 0.224792011313909 0.191568850969014 0.212342645159526 0.198602775642876 0.260960605479457 0.25053426439484 0.257050925361782 0.285928842272114 0.251731144514832 0.226259248428261 0.218739461260435 0.257175149284956 0.288362424345312 0.272480539534307 0.240959806559694 0.222895437482641 0.287517773197178 0.223198921428432 0.274879550280601 0.239373186034614
-9999 -9999 -9999 -9999 -9999 -9999 -9999 -9999 -9999 -9999 -9999 -9999 -9999 0.401730406979864 0.399385535759115 0.35560037183954 0.372946261944124 0.365161265365729 0.285826773164586 0.233921674648597 0.22333934101105 0.20804316527383 0.248498560359479 0.29903973427973 0.249940582136941 0.230412832489868 0.261802522075379 0.274138820392033 0.222561140947211 0.233527911167017 0.199520722764368 0.208432034138009 0.185730346994085 0.201876349448506 0.210510678357592 0.204941142554546 0.27351902598921 0.267180897754898 0.252226868562593 0.221626886156351 0.245185251697467 0.196965736736953 0.260805786014407 0.223506060424771 0.254857316614836 0.247226370018147 0.222028822647922 0.188421685959597 0.174688729795427
-9999 -9999 -9999 -9999 -9999 -9999 -9999 -9999 -9999 -9999 -9999 -9999 -9999 0.38220339475729 0.433095401255756 0.389683874194838 0.366828553702871 0.365027742925724 0.221170121451862 0.238629706140679 0.264082135010161 0.258003617856481 0.279289646553904 0.240412172153269 0.231241856999423 0.253335637914499 0.223356386443696 0.214680656151097 0.230112146778402 0.220056759139757 0.214459471378903 0.220455497797059 0.216597387516983 0.210628327196296 0.205440173438869 0.20307016439218 0.199582557188522 0.294642094921266 0.262500639384978 0.218017776848454 0.168933298784499 0.198619230754429 0.218291445869445 0.228552274399989 0.298418235693669 0.215688582974574 0.192995986395545 0.155197354709939 0.148918392416529
-9999 -9999 -9999 -9999 -9999 -9999 -9999 -9999 -9999 -9999 -9999 -9999 -9999 0.414901572593962 0.405326593406528 0.354704223705324 0.386370620425359 0.348489727104884 0.251554964459996 0.28968335180585 0.240169815540977 0.255004557127564 0.316106223642736 0.264538786623662 0.21619665905324 0.237134124265534 0.235804904275287 0.210147727826358 0.210161175274293 0.228632089817715 0.189337994006564 0.229670095639288 0.222855287524464 0.218070407263068 0.189877968424039 0.198491696278272 0.252906350299023 0.249602764990664 0.257435976856383 0.201241856069122 0.233751906790672 0.252917800405836 0.211605209343649 0.180926925982805 0.19604188338337 0.170155461375082 0.146121418268308 0.14079178730034 0.188520927259657
-9999 -9999 -9999 -9999 -9999 -9999 -9999 -9999 -9999 -9999 -9999 -9999 -9999 0.379581745214004 0.379795352606716 0.403789548534008 0.401202325636488 0.301058462958322 0.275563660805203 0.323901639339233 0.298959790081383 0.255341103036265 0.232019819410714 0.228747887398743 0.226762152709035 0.20423861233784 0.194038599263921 0.220722595532358 0.185563588161516 0.229449728276268 0.221003921456593 0.188621209916927 0.182483264234287 0.218465882758403 0.181976968630288 0.200544633768075 0.231184699815561 0.262876377241159 0.260846359829275 0.236868358604061 0.230253791032298 0.199615782959687 0.189308229203399 0.146106614721783 0.162417299743406 0.178164285569852 0.175510547202497 0.183758011394465 0.216115420662227
-9999 -9999 -9999 -9999 -9999 -9999 -9999 -9999 -9999 -9999 -9999 -9999 -9999 0.440833008884026 0.440416957177287 0.431415054287688 0.386924705248561 0.416593209990079 0.263515242718915 0.274889523914266 0.292996078463344 0.259546135418879 0.202526415185699 0.19931959600403 0.189523938820671 0.217104878151271 0.206320657964961 0.198992593209522 0.181896332256308 0.260479859409048 0.181623222241244 0.203939233126966 0.197407005154209 0.203643242600164 0.167619013428237 0.213343302578549 0.261499230843504 0.257105828556505 0.255287574108122 0.271624334982947 0.239120255468075 0.215948897392137 0.17433185578276 0.172939876239606 0.210078069445583 0.248207926336522 0.210405120025041 0.202590591451034 0.180665605556403
-9999 -9999 -9999 -9999 -9999 -9999 -9999 -9999 -9999 -9999 -9999 -9999 -9999 0.383818294629882 0.410996886030273 0.438881453282679 0.432241082256833 0.431009905814894 0.382687314286371 0.309151709086185 0.280056851746079 0.293989936241122 0.273333338534354 0.228559553934528 0.199968413700605 0.15521942256386 0.191843401096438 0.281722142739265 0.190598694382698 0.260021574838054 0.212686976308915 0.185325138599454 0.181313439480033 0.165156863336627 0.193926214691097 0.203727030120353 0.225136569125451 0.185249793549006 0.243039333401401 0.259008183305546 0.26303568951038 0.275115139875932 0.185404432902871 0.194804735003477 0.225420540331903 0.212818639935239 0.180066028066319 0.202764188884434 0.20785243346971
-9999 -9999 -9999 -9999 -9999 -9999 -9999 -9999 -9999 -9999 -9999 -9999 -9999 0.359004913931867 0.426907292984914 0.420995830562827 0.461108439778725 0.441631511605724 0.3878246348559 0.33164309534125 0.29204996761439 0.241814861471955 0.191907870642911 0.242797258435438 0.248115251708915 0.188696654199208 0.23508787974803 0.181554851533642 0.196183983862677 0.235787687943537 0.190283480630042 0.193961987085883 0.194150929172119 0.190285263833451 0.240021364857544 0.202723490361474 0.186216665598495 0.185150451753453 0.208615523101598 0.230096617294956 0.236711099179874 0.210948849416106 0.192330957693519 0.166163620027256 0.187729647100841 0.188272359254586 0.201549786324049 0.187929429659626 0.179828986917979
-9999 -9999 -9999 -9999 -9999 -9999 -9999 -9999 -9999 -9999 -9999 -9999 -9999 0.367078093798268 0.342666884468923 0.445011150478367 0.424573825065297 0.434206320047528 0.352295038383628 0.342886324942611 0.261791210721105 0.238910495059507 0.197287639279553 0.186623506360768 0.187105915072475 0.249521139504537 0.21510035976065 0.239215011719275 0.193608781623497 0.183426269464879 0.178823325787418 0.234970444377674 0.191023788908274 0.222571479684409 0.225929911691823 0.202753839901652 0.180916403077153 0.19888866119623 0.178910634250544 0.147112179387264 0.228980006679606 0.212401967932388 0.172101502373099 0.196880086462284 0.210877648712397 0.178027001712534 0.270452881568085 0.190044348880433 0.204861557354308
-9999 -9999 -9999 -9999 -9999 -9999 -9999 -9999 -9999 -9999 -9999 -9999 -9999 0.345486927614099 0.355314495918778 0.410035161731978 0.437246502932373 0.440354365147396 0.363894494101382 0.271238982353159 0.267280987887209 0.21483781333019 0.169648538810151 0.144652374965612 0.162731994464858 0.258522146068649 0.255281299926359 0.186179880938947 0.21336855882568 0.194199166857283 0.150748867538499 0.148715335120484 0.177930956433312 0.165266514221756 0.19228365357108 0.165525566118271 0.189678968941622 0.172756448711423 0.177823921635219 0.153000925580812 0.194751143389903 0.227809206464312 0.269067057789316 0.237038888690283 0.20919843345586 0.202569245582851 0.161147602720939 0.17109890228087 0.150285959117932
-9999 -9999 -9999 -9999 -9999 -9999 -9999 -9999 -9999 -9999 -9999 -9999 -9999 0.36522477956449 0.35441350794835 0.447749244292113 0.394684335576652 0.433492076599084 0.235246301458927 0.328618726581367 0.28831850645817 0.177219673748904 0.212462503914506 0.193833407390761 0.363193541106906 0.323244274103198 0.29943416613182 0.24890521091 0.166650386216091 0.17246644231109 0.165243920108357 0.189386568982497 0.232605896982834 0.205076285001241 0.23241170915773 0.178848811013522 0.148797029112572 0.135588510532475 0.13027597502702 0.128794065620296 0.12691358639708 0.201623360012429 0.265157136313928 0.237737059367454 0.230702919851869 0.203731406762403 0.198683792416993 0.200995048945638 0.170318375842962
-9999 -9999 -9999 -9999 -9999 0.419528625547043 0.438056300241894 0.44379655922423 -9999 -9999 -9999 -9999 0.37878505317877 0.364725602162605 0.369368996805593 0.408079918232916 0.438198369963157 0.42029527304573 0.421947554592084 0.361888259219814 0.300293814737598 0.243326614071266 0.23233008926674 0.295773904187427 0.266576242547443 0.304233046974183 0.264775295913247 0.218464428467487 0.292531282831604 0.1899390435415 0.198857405923351 0.176660074662903 0.216856805304518 0.169380291128472 0.131132547203752 0.14981499265378 0.15094842848184 0.124818567937392 0.123119218496153 0.131048635951742 0.121721208784573 0.138391469171138 0.18046537143989 0.168786503580022 0.231689066001327 0.216658041951613 0.155610649859693 0.18835596027573 0.199208136596965
-9999 -9999 0.446236356519326 0.412709450390175 0.368938146189605 0.496963079123623 0.484895294385563 0.423815369143922 0.459906772945625 0.477934764369354 0.443484656912877 0.427071856681926 0.355844695420353 0.393343875450556 0.381505093050486 0.394588605833104 0.427184633402524 0.415227925521853 0.454516590212208 0.387913485670682 0.371234257003539 0.311584518384975 0.238886129834885 0.288866280299671 0.325165974396687 0.231273710099392 0.205702678293542 0.225966839221281 0.162027605092198 0.170130998204512 0.155160347563388 0.187173313253675 0.170793113540574 0.224769634754978 0.175381923612268 0.142013124752344 0.189699360853616 0.139727291915392 0.156461926578688 0.156612395473981 0.128896691480918 0.144991929896301 0.173503478391556 0.157924814484243 0.181132424146943 0.187286592067166 0.161483606567491 0.182793851951401 0.15974358485315
-9999 -9999 0.456357122697041 0.435806317138844 0.444353740804605 0.380977412757856 0.437525595192286 0.455940441482009 0.387790310083723 0.396047126273428 0.436390485702899 0.419822803756514 0.385874046624809 0.447793984954909 0.389064996700158 0.450656121804068 0.367576526802147 0.433697901443238 0.436230318147605 0.406733109503595 0.331081729678316 0.384118360332111 0.357549699377391 0.342935583641459 0.186666407785965 0.175695401450498 0.153446992938083 0.190161418974359 0.203874838529988 0.197048368753247 0.170114511949557 0.144740164648831 0.133857970807176 0.157240584891797 0.200607954732635 0.191569724439076 0.170250378745762 0.217366274541901 0.187036807483313 0.194570074843009 0.186496370346634 0.188830174912075 0.160318434183078 0.136862391308607 0.155508430004425 0.211904176336983 0.146410817495855 0.118833666281638 0.179624687451798
-9999 -9999 0.406514779904857 0.446740511212837 0.385371073910129 0.461100815661158 0.428154001043369 0.421510707448918 0.433420753230877 0.43979256397763 0.441414425167548 0.372031198012698 0.456602741665997 0.454753596732968 0.421088082131378 0.39096003723835 0.422004274873894 0.394869253503588 0.459714407713167 0.414210859254759 0.387348485545199 0.377507374649395 0.384466255262519 0.331095569359545 0.278606251282482 0.254752129748615 0.219087593404275 0.175446947574096 0.187769551342321 0.181607376933328 0.173097360036329 0.158395493628237 0.198534587859216 0.191229491038715 0.203044988032378 0.231818500013687 0.22457638600146 0.217995108815263 0.21432852447018 0.202839204852959 0.181542403999045 0.154484696290556 0.149927375543462 0.155637647419777 0.153796368905067 0.148044896925876 0.145454106009034 0.135069886578254 0.156928854470586
-9999 -9999 0.462837133581916 0.440840972318607 0.430753687102373 0.450385377499868 0.502677820352458 0.469113291086531 0.468518393711975 0.422461553253479 0.418347324325907 0.422122715337538 0.397986391838332 0.437609629740463 0.400558425187656 0.432489119923141 0.428109126623844 0.401931619403337 0.404643427269889 0.426072885279035 0.391224314762269 0.404638358870367 0.382014505418973 0.301140885346883 0.205681436213877 0.256684624976101 0.258421471968325 0.247624159349189 0.216026045768094 0.184264813994295 0.203764974514903 0.173833516260047 0.199064584301632 0.19548299219492 0.254399172361127 0.234379506710982 0.202218587304731 0.182998011852653 0.203217889340751 0.181630368705726 0.140302806951437 0.168416856429195 0.0955887093980483 0.119041645445113 0.163739916060605 0.22456696984495 0.154915882353939 0.133698819130652 0.198142860877867
-9999 0.494249704463963 0.438387822938501 0.436893602320513 0.426584645017036 0.401482860639831 0.47978558845913 0.431880600563155 0.393304076260411 0.399701526382461 0.458209858451674 0.420488478847709 0.361012047014665 0.389930643934042 0.368817522032013 0.410875502994577 0.425493401018066 0.425461476791527 0.412852804484596 0.41895349425891 0.385002315297573 0.412639274126935 0.325649251997708 0.298160230833491 0.22964258444981 0.193429998516857 0.260663955427463 0.213573513373833 0.241198151032507 0.163887690107447 0.190448828353042 0.211699736166039 0.202538023196221 0.22222168532454 0.234906302512184 0.226874819492736 0.17540110726587 0.176352462561235 0.148543484664112 0.142037795473864 0.112640334941569 0.12742769883178 0.115467150763497 0.131192304856241 0.171151034343531 0.170388546039883 0.18519638797562 0.129486100874385 0.223293089321108
0.498569705815875 0.513083582597482 0.467243167435375 0.432363217796099 0.424086569541304 0.46319390727981 0.503079990279641 0.401473086311563 0.449536868064933 0.419973461522162 0.433821837821936 0.402470332688715 0.392353002060811 0.448068076996462 0.3986730325224 0.414609535204883 0.408595726688643 0.408093187396563 0.391224499423585 0.422168714261676 0.389136330602762 0.372925552087951 0.354162678725197 0.260885085822346 0.179197044856454 0.203368769132456 0.185723546653579 0.197144826859428 0.174471053395549 0.189167425456084 0.170044889398936 0.191351184884975 0.217197261076611 0.247850128818962 0.188923846743809 0.249986604321177 0.193177882666799 0.172967372037467 0.155067842541531 0.197890632959685 0.197645261738327 0.174742441587452 0.154154110170606 0.152584703181222 0.161320627232581 0.136495821652504 0.220065127636035 0.224759270263837 0.248337027608031
0.512444290545569 0.492027490078336 0.477289580011274 0.462486538109065 0.437410762802913 0.443400328073491 0.456471042124836 0.485748996607868 0.443385361535351 0.366362317372076 0.427970793706543 0.432917920748906 0.415801877888141 0.412965396220673 0.332264131929254 0.365150552035996 0.383372902564377 0.415883423606391 0.39385879044123 0.426897848140469 0.376460254061123 0.386841055419652 0.348732136942204 0.248421281000505 0.242507574995448 0.229964709354963 0.187314949646876 0.233876332609697 0.201960267484405 0.187647415973254 0.174170024890826 0.186980564238375 0.211722282387218 0.218202661452218 0.230575092557595 0.208806478004215 0.23390242635966 0.226620388196884 0.186877709246832 0.211981214159703 0.258108354985384 0.211544909736766 0.153960615891326 0.175636340944194 0.160791482836237 0.1553623163951 0.253951299388758 0.250480953757605 0.214576959488232
-9999 -9999 -9999 0.465434521894781 0.442257989083783 0.42784830881182 0.411850961453932 0.412768226359808 0.437623250276354 0.421970318346896 0.40791127613069 0.410054496173224 0.462349709413185 0.418155738893263 0.43063404193969 0.377924976058007 0.414651019307079 0.449293174314061 0.355372683251525 0.391221053695784 0.356197129304469 0.405408588910648 0.336289953564205 0.296267261940728 0.291453762698645 0.235037600154614 0.161801476141059 0.26191529285669 0.19150425201104 0.17853519250965 0.220174802065398 0.211816675678081 0.199399356321636 0.212854275445651 0.250011770292121 0.269308106072877 0.267323116978348 0.229931785772834 0.19142511140472 0.194713017967239 0.155157729151446 0.137947028938567 0.189062239585627 0.220846250779857 0.17294442079487 0.164684801711805 0.224634381168713 0.160831109385253 0.139097316275972
-9999 -9999 -9999 -9999 -9999 -9999 -9999 -9999 0.375352897242122 0.435586193969903 0.422785947026346 0.392203957101339 0.398076004812585 0.448167364352661 0.411729484499697 0.428653651199679 0.413915223648499 0.370015435156434 0.38384835147685 0.345643761694137 0.344881372731394 0.364628033602516 0.356900028426279 0.315281085849613 0.236027856559773 0.245200694139527 0.175607010264352 0.219543215284654 0.274907443666795 0.231481719141022 0.211585605002424 0.196043220363368 0.189053185293563 0.231214364722027 0.195541120394416 0.221279231980062 0.259779972093878 0.301330352720444 0.188619959145449 0.179320929486849 0.231680441723861 0.217978380756695 0.262361436067051 0.195962060213617 0.148158010170303 0.139745730110894 0.174337576761833 0.141447976312092 0.155283232501468
-9999 -9999 -9999 -9999 -9999 -9999 -9999 -9999 -9999 0.375833142364033 0.405030459421495 0.420182932596727 0.411354784156055 0.385112075100789 0.427912866604383 0.373620072569439 0.42073903941847 0.415801994343407 0.322012749496719 0.337412476739483 0.344084448612674 0.337833163965052 0.33103636745048 0.315044346484613 0.307646399196853 0.264878715266752 0.300760077052781 0.318447761306283 0.252909957559697 0.30183561621535 0.209256412506148 0.209476127403522 0.189094029641099 0.225699831548558 0.174584136080455 0.133589847783329 0.159177064960858 0.189518540168423 0.184364573015449 0.207210648521654 0.264652028361356 0.246390513078799 0.17416633434106 0.171825618478084 0.172861199498334 0.125586676942845 0.151232346458072 0.140098780234151 0.149350452652073
