maxent_test.asc
NCOLS 180 
NROWS 138 
XLLCORNER 32.989799842 
YLLCORNER 3.405012842 
CELLSIZE 0.0832742739222222 
NODATA_value -9999 
[rows 44 to 65 of 138, columns 49 to 97 of 180]
0.117412584399508 0.140689332457808 0.211130348138998 0.150540468224679 0.124995059439209 0.140001945555745 0.11182070595781 0.119482461227571 0.232237594054091 0.235297111573176 0.321644899800255 0.319579054499712 0.268041704780776 0.28142895532751 0.298402528978008 0.236572429495289 0.323188918570789 0.343539548909547 0.330252737464722 0.319314646026987 0.228204168011299 0.307700242957128 0.217743991619641 0.21801325011312 0.218554502698294 0.216204068798481 0.279056818149907 0.292351243718652 0.266866617378706 0.266671862591949 0.260252796805354 0.267828088678519 0.266733077433129 0.340626982654234 0.323097118616403 0.388833241990969 0.479815870032139 0.529770490513581 0.534249054167786 0.595538815598877 0.598200465338211 0.631137422274774 0.647071920468084 0.631789468314963 0.647824576824032 0.700174312560712 0.673076874802626 0.693602695362807 0.715885513750225
0.131842470482363 0.122821324375496 0.193713181829832 0.242285669038218 0.163174105003121 0.119646432105443 0.144367599929817 0.225833795018553 0.265914591534275 0.187634156897321 0.313411294654794 0.274791658187156 0.337925058040916 0.334321637443574 0.280176296032391 0.35625632164667 0.38303276371164 0.323883525102531 0.308970172828841 0.315760775387993 0.325164172779394 0.24829295578031 0.238002360231088 0.241918981835928 0.266302842467053 0.240710741896674 0.221229837024413 0.240936889252641 0.2338153807494 0.26790244327749 0.257500802050891 0.31739551781378 0.297793522370211 0.358684513512315 0.370111436389309 0.420906779476619 0.477361918626311 0.493203008879439 0.563421794580348 0.60686745862163 0.644835007061051 0.627354535927834 0.651368457505912 0.64443529627384 0.662625756312999 0.66976668339008 0.673913665572218 0.671659511402092 0.62714605488944
0.169481887579814 0.158927218229329 0.16950182579674 0.183511246378415 0.148977862675374 0.157804681191723 0.178737006939331 0.129395314575936 0.158999823629354 0.14457394425799 0.125882772531503 0.215140535117482 0.270235055230166 0.22785780852643 0.213558451397826 0.291262860583244 0.396389973849061 0.358719514219518 0.321157133952179 0.31995564534731 0.223282415232686 0.227090858808325 0.246668824499505 0.259740984526224 0.400234688622521 0.332812583373766 0.236711794040592 0.277516970199152 0.287656527497399 0.235675222256276 0.323613860155751 0.340083718202748 0.307157926301167 0.31552923045587 0.403043666492196 0.455556241670981 0.41144173257164 0.478817299865747 0.567142994839642 0.605897553371307 0.683289622518146 0.659298480921189 0.606955405443581 0.557771726606677 0.642755595803832 0.643729410871332 0.621952290696435 0.638081949890127 0.62493474545446
0.156661901267705 0.161150268834031 0.224955110031165 0.131706505132187 0.133869665134616 0.176581646138964 0.163380224764606 0.163685099903852 0.190948980581967 0.142901437094079 0.151045315606584 0.156203332706866 0.197465880235352 0.228815345020679 0.255936565810769 0.198021430873639 0.382294833115632 0.298526584088428 0.200718149398699 0.245260939811249 0.251438099787868 0.269193081792257 0.411981521380695 0.357971760870011 0.375908302083435 0.346856162332372 0.312069143067837 0.312537458381321 0.333293583889281 0.3698059999106 0.306639704721588 0.312174146174724 0.391687705900031 0.323439387596181 0.381964704057035 0.422919246620184 0.457132294112348 0.506877349072245 0.532474689797318 0.609886463444527 0.653276594982136 0.589424885074485 0.618456716665074 0.574806556408523 0.608954576344825 0.639496809192545 0.577046636587315 0.564991550740117 0.675647793195517
0.144519056983628 0.140678998865456 0.175630710625558 0.142216679073841 0.139533043360777 0.240520844763052 0.204265968989082 0.194311675090057 0.259813065045036 0.210057186913136 0.183857995128067 0.14179414051056 0.150433989132995 0.133439135817459 0.196909552064836 0.166921009263154 0.317783236713665 0.292143036941277 0.305143587556275 0.223779058900983 0.325034141620725 0.228315466780766 0.293608531870602 0.25413110896098 0.321043213383512 0.267928788999616 0.276887821457177 0.227271096331616 0.281219325872225 0.217002086739941 0.251197583581048 0.307629614650641 0.41613937416417 0.345549640088461 0.402329519585021 0.383957449530478 0.421746014977848 0.473103505093279 0.452536448552678 0.590460210173975 0.650441257935623 0.558847640120542 0.569500494528278 0.524126852512732 0.591654243354592 0.63016029705049 0.648139421668901 0.678795117385109 0.738319446875139
0.118841585602411 0.139065524525007 0.127604844925441 0.126814191970071 0.140660190928077 0.156307909416346 0.21347125251489 0.328295315048712 0.289239375677162 0.333740459912813 0.290481474531999 0.213189213873874 0.146806651667291 0.193063231385431 0.301624376027697 0.288377592577624 0.200131417094861 0.409386477714703 0.317789756272083 0.320751532908274 0.204151299649769 0.20453456710314 0.231419106310727 0.261527112370769 0.258879768797637 0.199245096873886 0.219779894698157 0.224389668016169 0.21758337313603 0.279630906623743 0.220399031144486 0.231041632476455 0.355683830828392 0.39096816821596 0.395136093365756 0.441677835875518 0.364304588959775 0.441535304679652 0.479764564997162 0.607088352451239 0.522546718216754 0.550938017196301 0.579440206174646 0.588389291185544 0.54300689710026 0.578571929362978 0.603579952043545 0.690768199871054 0.685661626134359
0.102232191044822 0.107738474972846 0.113370332860592 0.117185082303439 0.139983062013389 0.179406794378888 0.224087114475988 0.226369943387129 0.339668927706614 0.35292358285677 0.347290043582976 0.228344880995336 0.18114936472388 0.170771819637189 0.299691276047415 0.320496455878738 0.292681085661866 0.426865753460131 0.304651383105121 0.230578319816028 0.239261059086361 0.193494315497666 0.300460454177782 0.219072611917591 0.256035408654712 0.292446732178194 0.271022484585614 0.223382867757507 0.231575623572707 0.305644457412944 0.206304040243558 0.304428516060963 0.320600673819954 0.3982049903689 0.345855002354526 0.350623051838859 0.422860612776803 0.441844827388227 0.519563960020542 0.612305986209948 0.567829846353768 0.546669149524382 0.565800207428787 0.625074829719311 0.535626704802138 0.531384083678492 0.629539617979621 0.686966538783233 0.691883239398881
0.110522088146875 0.116652038455673 0.119061985478616 0.147137296820605 0.163916120437857 0.198347219685918 0.249414811698736 0.201901055461643 0.203722110088495 0.322444338368065 0.229685592420984 0.185586485011813 0.213954318150607 0.179864051386037 0.174349680386399 0.297225518803434 0.34867558275302 0.360932542837542 0.344179471633723 0.313925095155083 0.296305307839828 0.300688882836481 0.339766978871316 0.232147207452375 0.214399352851266 0.288681555705053 0.241337880472002 0.260436965293708 0.302196124398767 0.28049518114264 0.283946996917677 0.273503930906398 0.332183528671289 0.398808409244208 0.376192330526547 0.380606594707875 0.371672686624687 0.437556635176774 0.492811097050365 0.645674772025126 0.54988064487667 0.574147591070229 0.591870728596727 0.566695989977454 0.649654209748211 0.622259503873701 0.641532196006203 0.603687587616653 0.691791671986693
0.17295927656881 0.183560820029169 0.134779007052341 0.163333770775859 0.176152434489975 0.189755331899137 0.199026307569809 0.203261392316869 0.179097091722866 0.201158011272826 0.196117186309965 0.169612420268863 0.148565170050207 0.146568749271246 0.232045588824401 0.277609128318771 0.334340306644571 0.356815915680739 0.344146609441183 0.27213421269579 0.388482632147479 0.308727545325216 0.259671515145121 0.229432434982262 0.300817646025625 0.277584075680213 0.171006040162434 0.247454936361038 0.292004963813237 0.290738213939423 0.163475480715158 0.266467325209217 0.347516129667942 0.306525842823531 0.367802634800769 0.392567839672511 0.390860359275719 0.479465049164258 0.59771202200799 0.621593659101298 0.654470004036682 0.529433550115379 0.566546682713717 0.50430036749366 0.582065315849558 0.617687385607525 0.607299294018291 0.65350311845267 0.591280288916585
0.152976429416809 0.196732709735739 0.151376394284007 0.186201348984879 0.197392812597114 0.20422702149944 0.195975282973565 0.200709111807605 0.212676446404325 0.181046945102509 0.160351087706541 0.161676520653245 0.147978707800941 0.15926614340575 0.166503054452716 0.245957132747989 0.290361117342686 0.32479343884668 0.330462603902035 0.365832275129979 0.401346123249105 0.292120690908197 0.301989535958371 0.379072094729207 0.284101116788939 0.171841308959072 0.198963808478456 0.283701270705139 0.324391239126589 0.237982229003324 0.270086496182874 0.272378649998671 0.400631112775678 0.339518984525858 0.304856145088958 0.427047198970352 0.453618711567435 0.498101004035922 0.606811762393771 0.599767193633382 0.656556377853927 0.639033199813846 0.573287663000786 0.552308068599597 0.582950402721157 0.593759657760665 0.611679268863514 0.680989054549523 0.634175867475019
0.187611372750939 0.201094373203725 0.189632366182975 0.134059651799467 0.167611584863569 0.204943875975033 0.146084453307336 0.242701147157524 0.229388770483521 0.199488180258437 0.202457723971579 0.20746338102624 0.173950752928967 0.167901786563455 0.220738616733076 0.307168342622562 0.303109319100206 0.390599255012508 0.383084031658435 0.42190639949986 0.403651682461698 0.406000398179597 0.384322729541744 0.329379516196216 0.293302608708962 0.25089550477743 0.193866057985743 0.280030992771912 0.232072955725024 0.248134291451642 0.188878491259612 0.261858385685309 0.351396549823192 0.28988718783303 0.408904651740564 0.391926568218472 0.455451753330078 0.49747956686489 0.607570506679253 0.62901729597151 0.59088954287979 0.510855190158419 0.574197117410831 0.596976430837599 0.584955689061538 0.651936828438588 0.490541650805206 0.636510009273569 0.623917380278992
0.304224917276996 0.251752672160252 0.173721382539907 0.132378641658188 0.155838261809752 0.139469752503263 0.175204145903648 0.188761755245333 0.216044286936568 0.20949380202433 0.202278221654658 0.172588287782602 0.211999809012407 0.164335685086899 0.369913235661129 0.195782941958546 0.415233993943288 0.247489047831254 0.366775616524143 0.204390272748176 0.404754631455141 0.331549937994692 0.315356168991857 0.334788912259835 0.28230020636288 0.293483383337462 0.172261681337627 0.188176088299353 0.211657375007919 0.275244252743798 0.264360426051413 0.252744840976457 0.328681754391171 0.260078521694069 0.324455143372471 0.391961259013901 0.460463623787346 0.500858642579039 0.576257114439234 0.657158900992615 0.578637242376599 0.647619487788942 0.595617888310703 0.708400798262488 0.594648588041609 0.626809814128735 0.673791763957822 0.631694905768411 0.65853184399052
0.290089665997843 0.297550887769983 0.242089786359198 0.218424654130791 0.249943536940408 0.229526347583703 0.243317132011141 0.178278287098344 0.208526967145093 0.180087580046553 0.149460186666209 0.176598987943694 0.282558850557941 0.36533163237663 0.380518404400363 0.384115776587047 0.410571160857577 0.221475098091635 0.247601636427909 0.360349085500962 0.343488576418555 0.301795052463943 0.455174785346305 0.303747940690633 0.363132129750119 0.288573431906325 0.256024571972013 0.318738528807019 0.289582831608576 0.304837542831297 0.2505898569588 0.243226777720198 0.322922856551153 0.309886297851323 0.381444042369761 0.420810730001166 0.43770488825247 0.46790871569422 0.562777195359255 0.666444266386349 -9999 0.561629606019226 0.569711865149019 0.657423280371965 0.664123334294839 0.673691497776486 0.704677034163055 0.575574668897367 0.597935410092957
0.210486822603142 0.327855774894962 0.346680895604674 0.316362774766574 0.353109276076721 0.320648296527556 0.29039243238403 0.19627376855305 0.182180993608175 0.185995929500813 0.385799321440136 0.29512766953835 0.423722389942622 0.448258510727323 0.405641079406231 0.400216880388206 0.349699150044211 0.355068630965888 0.388814041476452 0.388955439069189 0.42300787251287 0.404711549776068 0.355999848984414 0.328884346368699 0.282300462871074 0.294868987969426 0.272264839421964 0.189481716088238 0.263420730416337 0.325741320995596 0.253598289368152 0.304371007599724 0.332679187367948 0.425127365738823 0.408651139025037 0.463654398100799 0.47480922020842 0.499209685430714 0.525716499402283 0.675595384774042 0.540169592958768 0.537939845620675 0.596289398166216 0.510835199052688 0.61739990228586 0.590613061327063 0.591718064308929 0.573646275591341 0.531292302636825
0.261834928045343 0.279358238986609 0.296489544872729 0.336156857889376 0.368156388083873 0.354432728062778 0.331095315601192 0.28839564639012 0.355987535575789 0.33275252543687 0.42202091086784 0.423484779379653 0.385515247340355 0.359590257364499 0.187647627396428 0.245439385635574 0.45669171020871 0.369802991838948 0.400662181125789 0.463894965579764 0.346092740705292 0.303345777708823 0.317952907382497 0.28637891236362 0.356444625911095 0.277676746758426 0.332677990781553 0.306219018257325 0.223933711901667 0.246636469087662 0.248442647944817 0.234855196436518 0.281777190075255 0.397521764191738 0.418691777671341 0.458588746496269 0.491897964927253 0.522039518608658 0.616740522328282 0.720622703558867 0.58096787471674 0.574977608394706 0.549392203039632 0.540117398795062 0.506445851060655 0.57846778498865 0.574270398427354 0.563019132204018 0.636657271531461
0.176305186468983 0.206544373192753 0.307832346614273 0.335474894544638 0.331670263252318 0.325396630600044 0.352825175297391 0.3020046800245 0.29431647009625 0.438621551092454 0.372441984707124 0.369242974503276 0.29404186581788 0.214739019089337 0.178904380084447 0.193408595206172 0.244850248805831 0.235961311622735 0.290539936509372 0.403728785971445 0.412260955513489 0.404813920363956 0.450491503645739 0.409213913677795 0.299109262343825 0.184245043103657 0.336412787255337 0.254175677130308 0.180552683258664 0.222108298947895 0.257860870875194 0.296354976070952 0.295960890173045 0.353725926465523 0.454737541717922 0.369983969273238 0.449425072031571 0.556344004239942 0.628208899009457 0.552677465590906 0.665367247506474 0.667063068045933 0.550244395963816 0.515724067213493 0.484339814771578 0.540636331470089 0.593285693383541 0.608528500518164 0.644989836764508
0.179853155349976 0.192728046642091 0.315185387337518 0.314330167604814 0.351447598042785 0.299483057024055 0.40430614055512 0.401554118998091 0.415856161952935 0.385067881521565 0.43626540222771 0.381812531275148 0.331137662056672 0.340690124873247 0.20549037506038 0.173216991398254 0.248699531101136 0.220309108227135 0.222361637874189 0.309496777209643 0.392777160550459 0.428143497941695 0.430850833680185 0.374342351362624 0.272961187461133 0.185244307470144 0.268981135445614 0.205635494325174 0.283864989732672 0.291315406698232 0.239355461643256 0.283921168679838 0.299510948547592 0.340016544659677 0.391313646147735 0.328248479514052 0.461431204179713 0.623987856730402 0.63369667491544 0.661313847365731 0.650435858863789 0.558515075244155 0.534213058488656 0.509193996778628 0.619725769784283 0.622283781856269 0.611894267133702 0.639459347626553 0.583741928524955
0.179058815201046 0.167436968382714 0.192525613169763 0.263869748694651 0.247893021236169 0.133871692676533 0.363729343146411 0.336914590155548 0.237011530401558 0.368186410526448 0.291568220277964 0.375047228565849 0.302671092960376 0.353710612263901 0.214185896540299 0.304398331235515 0.240850889084098 0.216120112963227 0.246751154884473 0.205739851119623 0.243342719080461 0.291017471847242 0.277505135977952 0.16908458505825 0.153749658599612 0.219310737326399 0.188085021612904 0.285308342416195 0.266711985247576 0.221712647369389 0.219444459885584 0.271454825141786 0.328791259883949 0.349644183184581 0.422572443418109 0.417070907510544 0.555277106058735 0.620457237173249 0.563764911453889 0.554241675011437 0.545278748877493 0.536786942584579 0.53457893315593 0.592413561653009 0.628675236753173 0.618071962409793 0.569627062888262 0.518765703527108 0.546562396810946
0.125030909439382 0.139247344088058 0.150335449339536 0.293397977840325 0.240922357718589 0.11886527970126 0.312908821258522 0.198393374959042 0.215880082473705 0.316345152553162 0.202602855075899 0.191830415539046 0.309531437910659 0.300395896651158 0.365444217975517 0.31824096594038 0.302161927845839 0.245986790798059 0.181590148966356 0.20667807832746 0.161999804601439 0.167073369740117 0.248825596253498 0.155671409957855 0.207764696947884 0.207616014461954 0.193823659497725 0.220624524766275 0.259686567085481 0.279032766653054 0.232325846449992 0.277444235870522 0.324607880780237 0.380306141239528 0.420760508657402 0.514209628069854 0.611564415776525 0.672416996680753 0.608707803302954 0.535302733244029 0.583172223870949 0.543168079115979 0.630302024440089 0.653766946682643 0.633303997488861 0.574504346060809 0.543828481373519 0.506982256418534 0.506251322730362
0.122462302082648 0.127175062750248 -9999 0.168353040242241 0.260152304356954 0.123939003229161 0.339269673921282 0.228968400631519 0.194815756914333 0.215198852141446 0.200272712849184 0.20745338730882 0.328818362120712 0.35198096316888 0.191739710737839 0.365980594198851 0.395186046006821 0.348746658001901 0.182929539766346 0.176781537058875 0.214891156198216 0.185804006615541 0.20777238976908 0.225007887981076 0.187112132713808 0.238050593457037 0.255262424279149 0.258633146674691 0.272038383913029 0.317643216411803 0.310904489620034 0.317012499497056 0.331898694610538 0.38827732761131 0.512217190204496 0.594277563619714 0.661895759902287 0.626174365782563 0.580341343111689 0.551538056361357 0.598827319926592 0.550983662449204 0.642038190284723 0.534264801034557 0.553566672761547 0.547394607363365 0.520110035787049 0.487301448691692 0.487708398137519
0.126406082864801 -9999 0.155443092015912 0.127960626910877 0.11084550368128 0.25515154940103 0.350317092028782 0.229842543921454 0.248965643262258 0.252898944560852 0.254461349141606 0.293375516522203 0.374276686627947 0.183439791429514 0.191523999519153 0.245824047209493 0.288930253550908 0.293043109871983 0.369113236884998 0.280751273997293 0.200761990526144 0.187316228665836 0.193231285345725 0.218126061547503 0.29094340019783 0.232815624648192 0.245646658165617 0.243650741354622 0.236691779065505 0.26875496271933 0.243130316572398 0.27191827195021 0.333009387345293 0.390451380407808 0.447465123149336 0.655405331567721 0.665404884648067 0.592972088092438 0.561754945501821 0.557974272219605 0.612001541421175 0.598558485643981 0.560591805841655 0.479209682617304 0.542730509690925 0.465584356182709 0.531465348231723 0.51073812149246 0.515817117321018
0.11406205833376 -9999 0.140522416542795 0.189123780250382 0.150811325986671 0.259841021376691 0.299587380184624 0.331564661816238 0.281909812027849 0.273098859983781 0.297188369090765 0.24214378878289 0.348513592317962 0.288702433093605 0.184442282565172 0.234814702345578 0.300286876756131 0.2824494689316 0.356312016648209 0.212961032960688 0.303431781542841 0.194460123263913 0.225848069752805 0.246411077673033 0.223100353402232 0.224566531592509 0.251364724019099 0.233719451566228 0.249664405813243 0.252387606884778 0.293123568598398 0.347909851241317 0.355665135470034 0.415710627859007 0.549680808362123 0.670341440519284 0.573335632912175 0.580569424332102 0.70257424866057 0.591892282245661 0.608534473844416 0.520265221037499 0.488163413076173 0.467175685300531 0.462925628512784 0.451036290165142 0.425028120140718 0.469743885920484 0.368584232015441
