rasters/Algeria_bio12.asc
NCOLS 248 
NROWS 217 
XLLCORNER -8.682385214 
YLLCORNER 18.975561136 
CELLSIZE 0.0832711529596774 
NODATA_value -3.4e+38 
[rows 138 to 183 of 217, columns 96 to 191 of 248]
8 8 9 9 9 9 9 9 9 10 11 11 11 11 11 11 11 11 11 11 10 10 10 10 12 12 12 12 13 13 14 15 15 15 16 16 16 16 16 16 16 16 16 16 16 19 19 20 19 19 19 19 19 24 23 27 31 31 32 33 40 49 59 53 44 35 30 28 28 26 26 26 25 25 25 31 36 33 33 33 39 33 32 33 32 32 33 34 35 36 37 41 40 46 42 44
9 8 10 10 10 10 10 10 10 10 11 11 11 11 11 12 12 11 12 12 12 12 12 11 12 12 12 12 13 13 13 13 13 16 16 17 17 16 16 16 16 16 16 16 16 17 19 20 20 19 19 19 20 21 25 30 33 35 40 44 42 42 42 42 33 30 29 28 26 25 25 25 25 25 25 30 33 35 33 33 35 33 33 33 33 33 33 33 35 36 36 40 39 46 51 51
9 9 10 10 10 10 10 10 10 10 11 11 11 12 13 13 12 13 13 14 14 14 11 11 12 12 12 12 12 13 13 12 13 14 17 17 17 16 16 19 16 16 16 16 16 16 18 23 20 19 19 19 25 29 30 31 33 38 37 36 37 38 34 39 31 30 27 26 25 25 27 27 25 25 25 26 33 36 33 33 36 36 33 33 33 33 33 33 35 35 37 40 40 39 46 48
9 9 10 10 10 10 10 10 11 11 12 12 13 13 13 13 13 13 13 13 14 14 13 12 12 14 13 14 15 15 14 13 13 13 16 16 16 14 16 18 16 16 16 16 16 16 18 18 18 19 19 21 21 29 31 31 31 32 35 36 38 39 31 31 29 29 26 25 26 26 27 27 25 25 25 26 33 35 34 34 38 41 34 33 32 33 33 33 34 35 37 37 39 37 37 38
9 9 9 10 11 11 11 11 11 11 12 13 13 13 13 13 13 14 13 13 13 14 13 13 13 14 14 14 15 15 14 14 14 14 15 15 14 14 15 17 16 16 17 17 17 17 17 18 18 19 20 20 22 24 25 26 30 31 34 35 38 31 30 31 29 27 25 25 26 26 26 28 27 26 25 27 33 35 35 35 37 38 34 33 32 32 30 32 33 34 35 37 37 37 37 38
10 10 10 10 11 11 11 11 11 11 12 13 13 14 14 14 14 14 13 13 13 13 13 13 13 16 16 15 15 15 15 15 14 15 14 14 14 15 15 17 15 17 17 19 19 17 18 18 19 18 21 20 21 23 26 27 27 30 31 31 31 28 29 30 28 26 26 26 25 25 26 27 27 27 25 27 32 34 35 32 36 35 33 32 31 32 30 31 31 33 33 33 33 35 37 42
10 10 10 11 11 11 11 11 11 12 12 13 14 14 14 14 13 13 13 13 16 14 14 14 15 17 18 18 18 16 15 15 14 14 14 14 14 15 16 19 16 19 19 18 19 19 18 19 19 19 19 20 22 23 25 30 27 27 28 26 27 26 26 26 26 26 26 26 27 28 29 29 45 44 26 25 27 28 29 29 33 35 32 31 31 30 31 31 31 32 32 32 32 35 37 45
10 10 10 11 11 11 11 12 12 12 12 14 14 14 14 13 13 14 14 13 14 16 16 16 17 17 18 18 18 19 18 16 15 15 15 16 16 16 16 19 16 18 19 19 18 19 19 20 19 19 19 20 20 25 25 26 26 27 28 26 26 26 26 26 26 26 26 26 29 29 29 31 40 47 26 26 26 26 28 29 30 33 30 30 29 31 31 31 31 31 32 32 33 40 41 42
10 9 10 11 11 11 13 13 12 14 14 14 15 15 14 14 14 14 14 15 16 16 16 16 17 17 18 18 19 19 19 16 15 15 16 16 16 16 16 20 16 20 17 20 20 20 20 20 20 20 20 21 21 25 25 25 26 26 26 26 26 26 26 26 26 26 26 27 28 28 28 30 45 41 27 26 26 26 28 28 29 33 29 30 28 28 28 29 30 30 31 32 35 36 37 38
10 9 11 11 13 13 13 14 14 14 14 14 15 14 14 14 14 14 14 16 16 16 16 17 19 17 18 19 20 19 19 19 17 16 16 16 16 16 16 20 17 21 18 19 20 20 19 20 20 20 20 20 21 23 25 25 26 26 25 25 26 26 26 26 27 27 27 27 27 27 29 31 53 56 29 28 26 26 27 28 37 37 30 29 28 28 29 28 28 31 31 31 31 31 34 33
11 11 12 12 13 14 14 14 13 13 13 13 14 14 14 14 14 14 15 15 15 15 18 17 19 19 19 19 19 19 19 20 19 18 18 17 16 17 18 18 18 18 18 18 21 18 19 19 19 20 20 20 21 23 25 25 26 25 25 25 26 26 26 28 28 28 27 28 29 29 29 32 38 44 36 44 28 26 27 28 37 34 30 28 28 29 29 28 29 29 30 30 30 30 34 33
10 10 12 13 14 14 14 14 13 13 13 13 14 14 14 14 14 14 15 15 15 16 20 17 17 20 20 20 19 20 20 20 20 20 19 18 18 18 18 19 19 18 18 18 29 18 18 19 19 19 20 20 22 23 24 26 27 24 25 25 25 25 27 27 27 28 28 31 35 33 31 36 35 46 56 46 28 27 28 28 35 33 31 31 29 28 28 28 28 28 29 30 30 30 31 31
10 12 13 13 14 13 13 13 13 13 13 13 13 14 14 14 14 14 15 16 17 17 17 17 18 18 19 20 20 20 20 20 19 20 19 19 19 18 18 19 19 19 19 25 30 29 19 20 20 20 20 22 24 24 25 26 27 25 25 25 25 25 26 26 27 28 28 31 37 37 37 39 37 46 60 38 28 28 28 42 41 35 33 32 31 30 28 28 28 28 29 30 30 32 32 35
10 11 13 13 13 13 13 13 13 13 13 13 13 13 14 14 14 14 16 17 17 17 17 17 20 20 20 20 20 20 20 19 19 19 19 19 19 18 19 18 19 19 19 30 31 33 19 19 20 20 21 24 26 24 24 26 26 24 24 24 23 26 26 25 28 29 30 36 31 34 38 40 41 45 60 48 30 27 31 42 39 37 33 33 32 30 29 29 29 29 28 30 33 33 31 33
11 12 13 13 13 13 13 13 13 13 13 13 14 14 15 15 15 16 17 17 17 17 17 17 17 18 20 20 20 20 19 19 19 19 19 19 19 19 19 19 19 19 19 19 26 26 27 19 20 21 21 24 22 23 23 24 24 23 23 23 24 26 23 24 27 29 31 31 31 32 36 38 46 54 60 59 31 27 35 43 40 33 33 33 32 31 31 31 31 31 31 33 33 36 33 33
11 12 13 13 13 14 14 14 14 14 14 14 14 14 14 15 16 16 17 17 17 17 17 17 17 16 16 20 19 19 19 19 19 19 19 19 19 19 19 19 19 22 19 19 31 26 33 21 21 22 21 21 22 23 23 23 24 22 23 24 24 24 24 25 27 29 31 31 31 34 33 37 43 49 52 40 32 29 31 33 36 36 34 33 32 32 32 32 31 33 32 33 35 38 38 36
11 12 11 14 13 14 14 14 14 14 14 14 14 14 15 15 16 16 16 17 17 17 17 17 16 16 17 17 18 19 19 19 19 20 19 20 20 19 18 19 20 21 22 20 23 27 34 21 21 21 21 21 22 23 23 23 23 23 23 23 24 24 24 25 26 30 31 32 32 32 34 37 46 51 49 40 33 30 30 32 33 36 37 33 33 31 32 32 33 33 38 40 38 39 38 34
12 12 12 12 12 14 14 14 14 14 14 15 15 15 15 15 15 16 16 17 18 19 19 18 18 18 18 18 18 18 18 19 19 18 18 19 19 19 19 19 21 21 22 21 21 21 20 20 20 21 21 21 22 22 22 23 23 23 23 23 23 24 24 24 26 31 32 32 32 31 32 34 43 46 49 38 35 32 30 30 32 32 35 34 34 33 33 33 33 35 48 50 44 39 38 35
12 13 13 13 13 13 14 14 14 14 15 16 16 15 16 16 16 16 17 18 18 19 18 18 19 18 18 18 19 19 19 20 20 20 19 21 19 20 20 20 21 21 21 21 21 21 21 21 22 22 21 21 21 22 22 22 22 22 23 23 23 24 26 24 27 32 32 32 33 31 34 34 39 42 49 42 41 33 32 33 33 34 35 43 36 34 33 33 34 38 51 56 48 43 36 35
12 13 12 12 12 12 13 14 15 15 17 17 16 17 17 17 17 17 17 16 17 17 17 18 20 20 19 19 19 19 19 20 20 19 20 21 20 19 20 21 21 21 21 20 20 20 20 20 22 21 22 22 22 23 23 22 22 22 22 23 23 24 25 25 28 33 30 30 30 33 34 34 36 40 40 41 42 40 36 36 36 36 39 40 42 36 35 36 36 38 49 59 51 43 38 42
12 12 12 12 13 13 15 16 17 17 17 17 17 17 16 17 16 16 16 16 16 16 17 18 19 19 19 19 18 18 18 19 19 18 21 21 20 20 19 19 19 21 20 20 19 20 20 20 21 20 21 22 22 22 23 23 22 22 22 23 24 24 24 26 27 31 31 29 30 30 33 33 34 35 39 41 42 42 41 40 38 39 51 54 54 46 36 46 46 45 49 59 56 45 38 42
12 12 13 13 15 16 15 17 17 17 17 17 16 16 16 16 16 16 17 17 17 18 19 19 20 20 20 20 20 19 19 19 19 19 19 20 20 20 20 20 20 20 20 19 19 19 19 20 20 20 21 22 22 22 23 23 23 23 23 23 23 25 26 27 28 28 29 28 28 30 30 32 33 35 39 41 46 47 48 43 42 40 45 63 63 62 53 53 57 56 56 56 49 36 34 33
15 15 15 15 16 16 16 16 17 17 17 16 16 16 16 16 16 17 18 18 18 18 19 20 19 20 20 20 20 20 19 19 19 19 19 19 19 19 20 20 20 20 20 20 20 19 19 19 19 19 19 20 21 21 23 23 23 23 24 24 24 25 25 27 28 28 29 28 28 28 30 32 34 37 40 41 45 50 51 56 54 55 57 63 69 63 62 55 53 50 44 44 42 35 31 31
15 15 15 15 16 15 15 16 15 17 17 16 16 16 17 17 18 18 18 18 18 18 19 19 19 20 20 20 20 20 19 19 19 19 19 19 19 19 19 21 20 20 20 21 20 20 20 21 20 19 20 20 20 21 23 24 24 24 24 24 24 25 26 27 27 27 27 29 29 30 32 34 37 40 40 42 48 50 61 67 64 73 74 74 70 66 59 53 48 46 43 36 35 34 30 28
15 15 15 15 15 15 15 15 16 16 17 17 17 17 17 18 18 18 18 18 18 18 19 19 19 19 20 20 21 20 20 19 20 19 19 19 19 21 21 24 21 21 21 21 21 21 21 21 22 22 22 22 21 24 24 24 24 24 24 24 24 25 25 26 27 27 27 29 29 30 32 37 40 42 45 48 56 63 76 75 76 75 75 74 72 66 55 50 44 52 40 35 34 33 30 27
15 15 15 15 15 16 16 16 16 16 16 16 17 18 18 18 18 18 18 18 18 18 20 19 20 20 20 20 20 20 20 20 21 20 21 21 21 21 21 29 21 22 22 22 21 21 21 22 22 22 23 22 23 23 23 25 25 25 25 24 24 24 24 27 27 27 28 29 29 31 38 39 46 51 57 58 65 73 79 79 81 74 72 69 67 59 57 50 48 39 36 34 32 30 29 26
15 15 16 16 16 16 16 16 16 17 17 17 17 17 18 18 18 19 19 19 19 20 20 20 20 20 20 20 21 21 21 21 22 21 21 21 21 21 21 21 21 21 22 22 22 22 23 23 22 22 22 22 22 23 23 25 25 25 25 25 25 25 24 25 27 27 28 28 28 30 39 46 52 66 76 74 81 79 86 84 79 75 74 64 60 55 48 45 40 35 35 33 32 28 28 25
16 16 16 16 16 16 16 17 17 17 17 17 17 18 18 19 19 19 19 20 20 20 20 20 20 20 20 21 21 21 21 21 21 20 20 20 21 21 21 21 28 21 21 21 21 22 23 23 23 22 22 22 22 23 23 24 23 23 24 25 25 25 25 24 27 28 28 28 30 33 38 46 61 74 95 97 96 91 96 81 77 70 65 65 59 57 48 39 35 33 32 32 30 27 26 25
16 16 16 16 16 16 17 17 18 18 18 18 18 18 18 18 18 18 20 20 20 20 21 20 21 21 21 21 22 22 22 21 21 22 20 20 21 22 21 22 22 22 21 21 22 22 23 23 22 23 23 23 24 24 24 24 24 23 23 26 23 24 25 27 28 29 29 30 31 32 35 42 58 75 99 100 90 87 71 66 69 69 61 50 47 47 48 45 34 28 28 29 28 24 24 25
16 16 16 16 18 18 18 18 18 18 18 18 18 18 18 18 19 19 20 20 22 22 22 22 22 22 22 22 22 22 22 22 22 22 21 21 21 21 22 23 23 23 23 23 23 23 23 23 23 23 24 24 25 25 25 25 25 24 24 24 23 23 25 27 29 30 31 30 31 32 35 42 53 65 82 83 80 74 66 54 59 56 49 47 42 37 37 39 31 27 26 26 26 24 24 24
16 16 17 18 18 18 19 19 19 19 19 19 19 20 19 21 21 21 21 21 21 21 21 21 21 21 21 22 22 22 22 22 22 22 21 21 26 22 22 23 23 23 23 23 23 24 24 23 23 23 23 23 24 24 25 25 25 25 25 24 24 24 24 28 29 30 30 30 31 32 35 40 48 58 63 68 68 63 55 48 48 48 44 43 40 35 35 35 29 26 26 26 25 25 24 24
19 19 19 19 19 19 19 19 20 19 20 20 20 20 21 22 22 22 22 22 21 22 22 22 22 22 22 22 22 22 22 22 22 23 24 25 25 23 23 24 24 24 24 23 23 24 24 24 24 24 24 25 25 24 24 24 24 24 24 24 25 25 24 26 28 29 30 30 31 33 36 40 46 49 58 60 60 57 50 45 46 40 39 39 35 34 33 32 28 26 24 24 25 24 23 24
19 19 19 19 19 20 20 20 20 20 20 20 20 20 22 22 22 23 23 23 23 23 22 22 22 22 22 22 22 22 23 23 23 23 24 27 24 23 23 23 24 23 24 24 25 24 24 24 24 24 24 25 25 25 24 24 24 24 24 24 24 25 25 28 29 29 31 31 32 34 36 41 44 47 51 54 57 52 53 43 41 38 34 35 33 31 33 26 26 26 25 24 24 23 24 25
19 19 19 19 20 20 20 20 20 20 20 20 21 23 23 23 23 23 23 23 23 23 23 22 22 23 23 23 23 23 23 23 23 24 26 26 25 23 24 25 24 24 25 25 26 24 24 24 25 24 24 24 24 25 25 25 25 24 24 23 24 24 25 28 30 31 32 33 34 34 39 43 45 46 46 50 54 50 43 42 39 37 32 32 31 27 27 27 26 26 26 24 24 24 25 25
20 20 20 20 20 20 20 20 20 20 22 23 23 23 23 23 23 23 23 23 23 24 25 25 24 24 24 24 24 24 23 24 24 24 24 24 25 24 24 25 26 25 26 24 25 25 25 25 26 26 26 25 24 24 24 25 24 24 24 23 24 24 25 29 29 33 36 36 35 37 43 44 44 43 43 46 49 50 42 36 36 36 31 31 31 27 25 26 26 26 25 23 23 23 24 24
20 20 20 20 20 21 21 22 22 22 23 23 23 23 23 23 23 24 24 24 25 25 25 25 25 25 24 24 23 23 23 24 26 25 25 25 25 25 24 24 24 24 24 24 24 24 24 25 25 26 25 25 25 26 25 25 25 24 25 25 25 24 25 27 29 32 33 35 35 35 41 41 43 38 41 44 45 44 42 35 36 35 31 28 28 28 25 24 24 25 25 22 23 22 23 23
20 20 20 20 21 22 22 22 23 23 23 23 24 24 24 24 24 25 26 25 25 25 25 25 25 27 27 24 24 24 24 25 25 25 25 27 26 26 25 24 25 23 24 24 24 24 24 23 25 25 25 24 26 25 25 26 25 25 25 25 25 25 25 25 29 29 32 32 31 35 35 37 36 36 37 40 40 39 39 34 35 31 31 28 28 27 26 23 22 22 24 21 21 20 20 23
22 22 23 23 23 23 23 24 24 25 25 25 26 27 27 27 26 27 27 27 27 27 27 27 26 26 26 25 25 26 25 25 25 25 26 25 25 24 24 24 25 24 24 24 23 24 24 23 23 23 23 23 23 24 25 26 26 26 26 25 25 25 25 25 26 27 31 31 30 31 33 34 34 34 35 36 37 36 35 32 35 30 31 28 26 24 23 23 21 21 21 21 21 20 23 23
23 23 23 23 23 24 26 26 26 26 26 26 27 28 28 28 28 28 27 27 27 27 28 27 28 27 26 28 27 27 26 26 26 26 25 26 26 24 24 25 25 24 24 24 25 25 25 24 23 24 23 23 24 25 25 24 24 25 25 26 26 25 25 25 25 27 31 30 31 31 31 32 33 33 33 33 34 32 33 31 31 30 31 30 26 23 22 22 20 21 21 20 21 24 23 20
22 22 23 24 25 26 26 26 26 27 28 28 28 28 28 28 29 29 29 29 29 27 29 28 28 28 28 28 27 27 27 27 26 26 27 26 27 25 25 25 25 25 25 25 24 24 24 25 24 25 24 25 25 25 25 25 25 26 25 26 25 25 24 24 24 26 28 28 30 31 31 32 31 32 32 32 32 32 32 32 29 29 29 30 30 21 21 21 21 22 22 25 26 25 20 20
-3.4e+38 24 24 25 26 26 26 27 27 28 28 28 28 29 29 29 28 29 29 28 29 29 29 29 28 28 28 28 29 28 28 29 28 28 28 27 27 26 25 25 25 25 25 25 25 25 25 24 24 24 25 25 24 24 25 26 26 26 26 27 24 25 25 25 26 27 27 27 29 30 29 30 30 28 28 28 31 31 31 30 27 26 26 28 28 22 21 21 22 22 22 23 23 22 19 20
-3.4e+38 -3.4e+38 -3.4e+38 27 28 29 28 28 28 28 28 29 29 29 29 29 28 28 29 30 30 30 30 29 29 29 29 29 30 30 29 29 29 28 28 27 27 27 26 27 26 26 26 25 25 25 25 25 25 25 25 25 25 27 26 27 26 26 26 26 26 24 25 25 25 25 27 27 27 28 28 28 28 27 27 26 27 27 27 25 25 25 23 25 25 23 21 21 22 21 20 22 22 22 19 19
-3.4e+38 -3.4e+38 -3.4e+38 -3.4e+38 29 29 29 29 29 30 30 30 30 30 29 30 30 30 30 30 30 30 31 31 30 29 29 30 31 31 30 29 30 29 30 29 29 29 28 27 27 27 27 27 27 27 27 27 26 26 26 26 25 26 26 27 27 27 26 26 26 26 26 26 26 25 27 27 28 29 28 28 27 26 26 25 25 25 25 24 24 24 23 23 24 23 22 22 21 20 20 19 21 20 20 19
-3.4e+38 -3.4e+38 -3.4e+38 -3.4e+38 -3.4e+38 -3.4e+38 30 30 30 30 30 30 30 31 30 31 31 31 31 31 31 31 31 31 31 31 31 31 31 31 30 29 30 29 29 29 29 29 28 28 28 28 28 28 28 28 32 27 27 27 27 26 26 27 29 29 29 28 27 27 26 26 26 26 26 26 26 26 27 27 28 27 27 26 26 26 25 25 25 25 24 24 24 24 23 23 23 24 23 20 20 19 19 20 19 18
-3.4e+38 -3.4e+38 -3.4e+38 -3.4e+38 -3.4e+38 -3.4e+38 -3.4e+38 -3.4e+38 30 31 31 31 31 32 31 31 32 32 32 32 32 31 33 33 33 33 32 32 32 32 32 31 31 31 31 30 30 30 29 29 29 28 28 29 31 31 30 29 28 27 27 27 28 28 28 29 29 29 28 27 27 27 26 26 26 26 27 28 26 26 27 27 28 26 26 26 26 25 25 25 24 23 23 24 23 22 21 21 21 20 19 18 18 19 18 18
-3.4e+38 -3.4e+38 -3.4e+38 -3.4e+38 -3.4e+38 -3.4e+38 -3.4e+38 -3.4e+38 -3.4e+38 32 32 32 33 33 32 32 32 32 32 33 34 34 33 33 33 33 33 32 33 32 32 32 31 31 31 30 30 31 30 30 30 30 30 32 31 31 30 29 29 29 29 28 28 29 30 31 31 29 29 29 28 27 27 27 27 26 26 27 26 26 26 26 27 28 25 25 26 25 25 25 23 23 23 23 23 23 21 21 21 20 20 19 18 18 17 18
