rasters/Algeria_bio12.asc
NCOLS 248 
NROWS 217 
XLLCORNER -8.682385214 
YLLCORNER 18.975561136 
CELLSIZE 0.0832711529596774 
NODATA_value -3.4e+38 
[rows 92 to 137 of 217, columns 96 to 191 of 248]
23 23 23 22 22 21 20 20 20 20 20 20 20 20 20 20 20 20 20 20 21 20 21 21 21 21 22 21 26 26 27 27 26 25 27 24 24 24 27 28 27 26 26 27 27 27 24 24 23 23 23 24 24 24 24 24 25 24 25 25 26 26 25 23 23 23 23 23 25 25 25 25 25 25 26 26 26 26 26 26 26 26 26 26 26 26 26 26 27 27 27 26 26 26 27 26
22 22 22 22 21 20 20 20 20 20 20 20 20 20 20 20 20 20 20 20 20 20 20 20 21 21 21 21 26 26 26 26 26 25 25 24 25 27 28 28 28 26 27 27 27 25 25 24 23 23 23 24 23 23 26 26 26 25 25 26 26 24 24 24 25 22 23 24 23 25 25 25 25 25 26 25 25 25 26 26 26 25 26 26 26 26 27 27 27 27 27 26 27 27 27 26
22 22 22 21 20 20 20 20 20 20 20 20 20 20 20 20 20 20 20 22 22 20 20 20 21 21 21 25 25 25 25 25 24 23 25 25 27 28 28 28 27 28 27 27 27 26 26 26 23 23 22 24 23 26 26 25 26 26 26 26 25 25 24 24 25 23 23 24 23 23 24 25 25 25 25 25 25 25 25 26 26 25 26 25 26 26 26 26 27 27 27 27 26 27 27 26
21 19 22 21 20 20 20 19 19 18 20 20 20 20 20 20 20 20 20 20 20 20 20 20 20 21 25 24 24 25 24 22 22 23 25 26 27 28 28 28 27 29 27 26 26 25 25 24 24 26 24 23 24 26 25 25 25 25 25 25 25 25 25 25 23 23 23 23 23 23 24 25 25 25 25 25 26 26 25 26 25 25 25 26 26 26 25 27 26 27 27 27 27 27 26 26
18 19 19 18 18 17 16 16 16 17 20 20 20 20 20 20 20 20 19 20 20 20 20 20 20 21 22 23 22 22 22 21 23 22 24 25 28 28 28 27 27 27 26 26 26 25 25 23 26 25 24 24 26 25 25 25 25 25 25 25 25 25 25 24 23 24 23 23 23 23 24 24 25 25 25 25 26 26 26 25 24 23 25 25 26 26 26 27 27 27 26 26 26 26 26 26
16 19 17 16 15 15 15 15 15 17 20 20 20 20 20 20 20 20 20 20 20 20 20 20 21 22 22 22 22 21 21 22 22 24 25 26 29 28 28 28 27 27 27 27 26 25 26 25 26 26 25 24 25 25 26 26 25 25 25 25 25 25 25 24 25 23 23 23 23 23 25 25 24 25 25 24 25 24 24 24 24 24 25 24 26 26 26 26 27 27 26 25 25 25 25 25
16 16 16 15 15 15 15 15 15 16 17 19 20 20 19 19 20 20 19 20 20 20 20 21 21 22 22 22 21 21 22 22 23 23 24 28 29 28 28 28 29 27 27 27 27 27 27 26 27 26 25 25 25 25 26 25 25 25 25 25 25 25 25 25 24 23 23 24 24 23 23 25 23 24 25 25 25 24 24 25 24 24 26 25 25 24 27 26 27 26 25 25 25 24 24 24
16 15 15 15 15 15 15 15 16 16 16 16 16 16 19 20 20 20 20 20 20 20 20 21 22 22 22 21 22 21 23 22 22 23 27 28 29 29 28 28 29 28 28 28 28 28 26 27 27 26 26 25 25 25 25 25 25 26 26 25 25 25 25 25 25 24 25 25 26 25 25 25 23 25 24 23 24 23 23 24 23 24 24 24 25 25 26 26 26 26 26 25 24 24 24 25
16 16 15 15 15 15 15 15 15 16 16 16 16 17 19 19 19 19 19 19 19 19 18 20 20 20 20 20 20 23 25 25 24 26 27 27 27 28 28 27 27 28 28 28 27 27 26 27 27 26 26 26 25 25 27 27 27 26 26 26 26 26 25 25 25 25 26 26 26 25 24 24 24 24 24 24 23 23 23 23 24 24 24 24 24 25 25 25 25 26 25 26 27 27 26 25
16 16 16 15 15 15 15 15 15 15 16 16 16 17 18 18 19 19 19 19 19 19 19 19 19 19 19 20 20 22 25 26 27 27 27 28 28 28 28 28 28 28 27 28 26 27 27 27 27 28 26 26 26 26 26 27 27 27 27 26 26 26 26 25 25 25 26 26 26 26 25 25 24 25 24 23 24 23 22 23 23 23 24 24 25 25 25 25 25 26 26 27 27 27 26 26
15 16 16 15 15 15 15 15 15 15 15 15 16 16 18 18 18 19 19 19 18 18 19 18 19 19 19 20 20 21 23 24 26 26 27 29 28 28 29 28 30 28 28 29 27 28 30 29 30 28 27 27 26 26 27 27 27 27 27 27 27 26 26 25 25 26 26 26 26 26 25 25 25 25 24 22 24 22 22 22 23 24 24 24 25 26 25 25 25 26 27 27 27 27 27 27
14 14 15 14 13 15 15 15 15 15 15 15 16 16 17 18 18 18 18 18 18 18 17 17 18 18 19 19 21 23 22 24 25 26 26 27 27 29 32 29 30 29 30 30 30 30 30 29 30 27 27 27 27 27 27 27 27 27 27 27 27 26 26 26 26 26 26 26 26 25 25 25 25 24 23 22 22 22 22 22 22 23 22 25 25 25 26 24 27 27 27 27 27 27 27 27
14 14 14 14 13 15 15 15 15 15 15 15 16 16 16 17 17 18 18 18 18 18 17 17 18 18 19 20 21 22 23 25 25 25 25 26 27 30 31 31 30 30 31 31 29 29 29 28 27 27 27 27 26 26 27 27 27 27 27 27 27 26 26 26 26 26 26 26 26 25 25 25 25 23 23 23 22 22 22 22 23 23 24 25 25 25 25 25 24 27 27 27 27 27 26 26
14 14 14 14 13 13 14 14 15 15 15 15 15 16 16 17 17 17 18 18 17 17 17 18 18 19 20 21 22 23 23 25 25 25 25 26 30 31 31 32 31 31 30 30 30 30 30 29 28 28 28 27 26 26 27 28 28 27 27 27 27 26 26 25 26 26 26 26 26 26 25 25 24 25 24 23 22 22 22 22 22 23 24 25 24 24 25 25 26 28 28 27 27 27 26 26
13 13 13 13 12 13 14 14 14 14 15 15 15 16 16 16 17 17 17 17 18 18 19 19 19 20 22 21 22 23 25 26 25 25 27 29 29 31 32 31 31 30 30 30 30 30 30 30 30 31 30 27 27 28 28 30 28 27 26 25 25 25 25 25 26 26 26 26 26 26 25 25 25 24 24 24 22 22 22 22 22 25 25 23 24 24 24 25 26 28 28 27 27 26 26 26
13 13 12 12 12 12 12 14 14 14 14 15 15 16 16 16 17 17 16 16 17 17 18 19 19 19 21 21 23 23 24 25 25 26 28 29 29 28 32 32 31 31 30 30 30 30 30 31 30 30 30 29 27 28 28 28 28 27 26 25 25 25 25 25 26 27 27 26 25 26 25 25 24 24 24 24 23 22 22 22 22 22 22 22 23 24 24 24 24 25 26 26 27 27 26 26
12 10 12 12 12 12 12 13 14 14 13 14 16 16 17 16 17 17 16 16 16 17 18 19 19 19 22 21 23 23 24 25 25 27 24 23 24 26 29 31 29 29 27 31 30 28 28 31 30 31 31 29 31 30 29 29 26 26 25 25 24 23 25 26 26 28 26 26 26 26 25 25 24 24 24 24 23 23 22 22 22 22 22 22 22 23 23 24 24 25 26 25 26 26 26 26
11 11 11 13 13 13 13 13 13 13 14 15 15 16 16 15 16 17 16 16 16 16 17 19 18 19 21 22 24 24 24 26 25 22 22 22 23 27 28 26 25 24 24 24 25 26 26 28 29 31 31 30 32 31 32 28 26 26 24 24 23 23 26 26 26 27 26 26 26 26 26 25 24 24 24 24 23 23 23 21 23 22 22 22 22 21 22 24 23 23 24 26 26 26 26 24
12 11 11 12 13 13 13 13 13 13 14 14 15 16 16 16 17 18 16 16 16 16 16 19 19 18 20 21 23 25 25 24 22 22 22 23 24 26 24 24 24 24 24 24 24 24 25 26 26 33 26 29 33 33 32 26 26 26 24 23 23 23 24 24 26 26 26 26 26 25 26 25 24 25 24 24 24 23 25 23 23 21 21 21 21 21 22 23 23 22 23 25 24 25 24 24
11 11 11 12 12 12 13 13 13 13 13 14 15 16 16 15 16 16 17 16 16 16 17 19 19 18 19 21 24 25 24 22 22 22 22 23 24 24 24 24 24 24 24 24 24 24 23 24 24 24 25 26 29 34 26 25 25 25 25 23 23 23 23 23 23 25 25 27 27 27 26 26 24 24 24 24 23 24 26 23 23 21 21 21 21 21 21 22 22 22 22 23 24 25 25 25
10 11 10 11 11 12 13 13 13 13 13 13 12 13 14 14 14 16 17 16 16 16 17 17 18 19 20 22 23 24 24 22 22 22 23 24 24 24 24 24 24 24 24 24 24 24 23 23 23 24 24 24 24 24 24 23 24 24 24 24 24 23 23 23 23 23 24 25 26 27 26 24 23 24 25 24 23 24 24 23 22 22 21 21 21 21 21 22 22 22 22 23 23 25 25 25
11 11 11 10 11 11 12 13 13 13 13 14 14 13 13 14 14 14 15 16 17 16 18 17 17 18 19 21 22 23 21 21 21 21 23 24 24 24 24 24 24 24 24 24 24 24 24 23 23 24 23 23 24 23 23 24 25 24 24 24 25 23 23 24 24 24 23 23 23 27 23 23 23 23 24 24 23 24 24 22 22 22 21 21 21 21 21 22 22 22 22 22 24 23 23 24
10 11 10 11 11 11 11 13 13 13 13 13 13 12 12 13 14 14 15 16 17 18 17 16 17 18 19 21 22 22 21 21 21 21 23 24 24 24 25 24 24 24 24 24 24 24 24 23 22 22 22 22 23 23 23 23 24 24 24 24 25 24 24 24 24 23 24 23 24 24 23 24 23 23 24 24 24 24 22 22 22 22 21 21 21 21 21 21 22 22 22 23 23 23 23 24
10 10 9 10 11 11 11 11 13 13 13 13 13 13 12 12 13 14 14 16 16 16 16 16 17 18 19 21 21 21 21 21 21 22 24 24 24 23 25 25 25 24 24 24 24 24 24 22 22 22 22 23 23 23 23 23 23 24 25 25 25 24 24 23 23 24 24 24 23 23 25 25 24 25 26 26 25 24 22 22 22 21 22 21 21 20 21 21 22 23 23 23 23 23 23 22
10 10 10 10 11 11 11 11 11 11 11 11 11 10 10 10 12 14 14 16 16 16 17 16 18 17 18 19 19 20 21 21 21 21 24 24 24 23 25 25 25 23 23 23 23 23 23 22 22 23 22 22 23 23 23 23 23 23 24 25 25 24 24 24 24 24 24 23 23 23 23 23 23 23 23 22 21 22 22 21 21 21 21 20 22 19 20 20 21 22 21 21 22 22 22 22
9 9 9 10 10 11 11 11 11 11 11 11 11 11 10 10 12 12 14 15 16 16 16 15 15 16 16 16 19 20 20 20 21 21 24 23 24 24 24 24 23 23 23 23 23 22 23 23 22 22 22 21 22 23 23 23 23 23 24 24 24 24 24 24 24 24 24 24 24 23 22 22 22 22 22 22 21 21 21 21 21 21 21 20 20 21 19 21 22 20 21 20 21 21 20 20
9 9 9 8 8 10 11 11 11 11 11 11 11 11 10 10 10 12 12 14 16 16 15 15 15 16 16 17 18 18 19 19 19 20 21 22 22 23 24 23 23 23 23 23 23 23 23 24 23 23 22 20 22 23 23 23 23 23 24 24 23 23 23 24 24 24 24 24 24 24 23 22 22 22 22 22 21 21 21 21 21 21 21 20 22 22 22 22 22 19 22 19 20 20 20 20
9 9 9 8 7 7 11 11 11 11 11 11 11 11 10 10 10 11 12 12 14 14 15 15 15 15 16 17 18 18 19 19 19 19 21 22 22 23 24 23 23 23 23 23 22 23 22 21 21 23 21 20 23 23 23 23 23 24 24 24 23 23 23 23 23 24 23 24 24 24 23 22 22 22 22 22 21 21 23 21 21 21 19 20 22 22 23 23 24 18 28 19 20 20 20 20
9 8 8 7 7 7 8 11 11 11 11 11 11 11 10 10 10 10 11 11 12 15 15 15 15 15 16 16 16 17 18 19 19 19 22 21 22 22 23 23 23 23 23 23 23 21 21 20 19 19 23 19 20 23 23 23 23 23 22 23 23 22 22 23 23 23 23 23 22 23 23 22 22 22 22 22 21 22 25 21 19 19 19 19 22 23 23 23 24 18 28 20 20 20 20 20
9 9 8 8 7 7 7 9 11 11 11 11 11 11 10 10 10 10 11 11 11 15 15 15 15 14 15 16 16 17 17 16 19 19 19 21 21 22 22 22 23 22 22 22 21 19 19 18 18 19 20 21 22 23 22 23 23 23 22 23 23 23 23 23 23 23 23 22 22 22 22 21 25 25 22 21 21 23 27 21 19 19 19 19 19 23 21 23 23 18 20 28 21 20 20 22
8 9 9 8 7 7 7 7 10 11 11 11 11 11 11 10 10 10 10 10 11 13 14 14 14 14 14 16 16 17 16 15 19 18 18 19 21 21 21 23 23 22 20 19 18 18 18 19 19 18 20 21 22 21 20 22 21 22 22 23 23 23 22 22 22 22 22 22 22 22 22 22 25 23 21 21 24 24 27 27 20 20 20 20 20 22 21 23 24 22 19 29 21 27 20 20
8 9 8 8 8 7 7 6 8 9 11 11 11 11 11 10 10 10 10 10 10 12 14 14 14 14 14 16 16 17 15 15 17 19 18 18 18 19 20 22 19 19 19 18 18 18 20 19 18 18 17 21 19 19 20 20 20 21 22 22 22 21 20 20 21 22 22 24 24 24 27 25 28 21 21 23 29 27 29 30 22 20 20 20 20 22 22 24 26 27 19 29 20 28 26 19
8 9 9 9 8 7 7 7 6 8 8 11 11 11 10 10 10 10 10 10 10 11 13 14 14 14 14 14 15 15 15 16 14 16 17 18 18 18 18 19 18 18 17 18 18 17 18 18 18 17 17 18 22 19 19 19 19 20 20 21 20 20 20 20 20 25 22 25 25 22 22 22 25 30 25 28 33 31 34 33 28 25 20 20 20 20 24 25 25 27 24 25 19 23 26 27
9 9 8 8 8 8 7 7 6 7 8 9 10 10 11 10 11 11 9 10 9 9 12 11 12 14 14 14 14 14 15 15 16 15 17 16 18 18 17 17 17 17 17 17 17 17 16 18 17 17 17 17 24 19 19 19 20 20 19 20 20 20 20 20 21 22 23 26 32 25 22 22 26 29 33 33 38 35 38 36 31 27 21 20 20 20 21 24 27 25 25 24 21 23 22 27
9 8 8 8 8 8 8 8 8 9 8 9 10 10 10 10 10 9 9 9 9 9 9 11 11 13 14 14 14 14 13 15 14 15 16 16 16 17 17 17 17 17 17 17 16 16 17 16 16 16 19 18 18 18 18 18 18 19 19 20 20 20 20 20 27 27 25 26 33 30 23 26 23 31 26 33 33 40 35 26 20 22 26 21 20 20 19 25 25 25 25 22 23 22 23 30
8 8 8 8 8 8 8 9 9 9 9 10 10 10 10 9 9 10 9 9 9 9 9 9 11 13 14 14 13 13 13 13 14 15 15 15 16 16 16 16 16 16 16 16 16 16 16 16 16 16 24 20 18 18 18 18 18 19 20 20 19 19 20 20 20 21 26 23 27 23 23 23 25 34 28 32 32 32 28 26 26 20 19 21 23 19 19 19 24 25 25 21 25 22 23 25
8 8 8 8 8 8 9 9 9 9 10 10 10 10 9 9 9 9 9 9 9 10 10 10 12 12 13 14 13 13 13 12 17 13 14 14 16 16 16 16 16 16 16 16 16 16 16 16 17 17 21 25 19 17 17 17 19 19 19 19 19 19 19 20 27 23 29 23 23 23 23 23 28 39 38 40 41 38 34 32 32 26 20 22 26 24 19 19 18 23 24 22 28 25 24 25
7 7 7 8 8 9 9 9 9 9 10 10 10 10 10 9 9 9 10 10 10 10 10 11 11 12 13 13 13 13 13 12 14 13 13 14 15 15 16 16 16 16 16 17 17 17 17 17 17 17 20 22 20 17 18 18 19 18 18 19 18 19 21 27 34 26 31 23 23 22 23 23 35 45 34 31 40 45 41 36 34 33 26 24 27 26 24 21 18 18 20 21 33 35 25 28
7 7 7 7 7 9 9 9 9 10 10 10 10 11 10 10 10 10 10 10 10 10 10 10 11 12 12 13 12 13 12 13 12 13 13 15 15 15 15 16 16 16 18 17 17 17 17 17 17 17 18 23 21 19 18 18 18 18 18 19 19 19 27 31 33 27 31 25 23 23 23 23 26 29 29 30 29 30 33 50 42 31 33 26 26 26 28 25 24 23 23 23 32 39 34 25
7 8 7 7 7 7 9 8 8 9 10 10 10 11 10 10 10 10 10 10 10 10 11 11 11 11 11 12 12 13 13 13 14 15 14 15 15 15 16 16 17 17 17 17 17 17 17 17 17 17 18 27 23 19 17 17 18 18 18 18 21 23 28 33 39 29 29 25 23 23 23 23 26 26 28 28 27 29 30 33 33 32 37 36 32 26 28 34 28 28 29 27 25 35 37 29
8 8 8 8 9 8 8 9 9 10 10 10 10 10 10 10 10 10 10 10 10 10 10 11 11 11 11 12 12 12 13 13 14 14 14 15 14 14 16 17 16 16 17 17 17 17 17 17 17 17 18 29 23 23 17 16 17 17 19 25 28 27 29 28 29 36 28 26 24 23 23 23 26 28 28 27 27 28 27 28 29 30 38 38 38 29 28 38 37 37 37 37 37 36 40 35
8 8 8 9 9 9 9 9 10 10 10 10 10 10 10 10 10 10 10 10 10 10 10 10 11 11 12 11 12 12 13 14 15 14 16 14 16 14 15 17 15 15 16 17 17 16 16 18 19 19 20 21 32 24 19 17 17 20 26 28 29 22 27 30 35 48 29 28 25 23 23 22 25 28 32 28 28 27 27 28 28 28 30 32 38 38 33 33 33 37 33 37 41 35 43 40
8 8 8 9 9 9 9 9 9 10 10 10 10 10 10 10 10 11 10 10 10 10 10 10 11 10 12 11 12 12 14 15 16 17 16 16 17 16 15 15 15 15 14 15 16 17 17 18 19 20 21 22 31 27 20 23 19 22 27 27 27 29 30 37 46 48 33 28 27 25 24 23 25 28 28 28 31 28 28 28 28 28 30 30 38 41 38 33 32 31 31 31 42 41 48 45
8 8 8 9 9 9 9 9 9 10 10 10 10 10 10 10 10 10 10 10 10 10 10 10 9 10 11 11 11 14 15 16 16 16 16 16 16 15 15 15 15 15 15 15 15 16 16 21 20 18 20 28 30 22 20 21 24 27 27 29 29 35 36 46 51 46 35 28 27 27 26 24 24 28 28 28 29 28 31 29 30 29 29 30 33 49 42 39 38 35 35 34 34 36 35 38
8 8 8 9 9 9 9 9 9 10 10 10 10 10 10 10 10 10 10 10 10 10 10 10 11 14 11 13 13 14 15 15 16 15 16 16 16 16 15 15 15 15 15 15 15 15 17 22 22 23 19 19 30 25 21 26 20 19 22 28 35 42 48 49 57 48 36 28 28 27 26 26 25 26 29 30 31 30 31 31 31 30 30 30 33 39 36 39 41 38 37 37 32 35 36 38
8 8 9 9 9 9 9 9 9 10 10 10 10 10 10 10 10 10 10 10 10 10 10 10 13 13 10 13 13 13 15 14 15 15 16 16 16 15 15 15 15 15 15 15 15 18 19 21 21 19 19 19 24 28 31 30 29 24 26 28 38 47 58 57 49 45 31 28 28 27 26 26 25 25 27 34 34 31 31 34 33 31 30 30 30 33 33 35 36 37 41 40 36 38 38 38
