rasters/Algeria_bio12.asc
NCOLS 248 
NROWS 217 
XLLCORNER -8.682385214 
YLLCORNER 18.975561136 
CELLSIZE 0.0832711529596774 
NODATA_value -3.4e+38 
[rows 0 to 45 of 217, columns 96 to 191 of 248]
-3.4e+38 -3.4e+38 -3.4e+38 -3.4e+38 -3.4e+38 -3.4e+38 -3.4e+38 -3.4e+38 -3.4e+38 -3.4e+38 -3.4e+38 -3.4e+38 -3.4e+38 -3.4e+38 -3.4e+38 -3.4e+38 -3.4e+38 -3.4e+38 -3.4e+38 -3.4e+38 -3.4e+38 -3.4e+38 -3.4e+38 -3.4e+38 -3.4e+38 -3.4e+38 -3.4e+38 -3.4e+38 -3.4e+38 -3.4e+38 -3.4e+38 -3.4e+38 -3.4e+38 -3.4e+38 -3.4e+38 -3.4e+38 -3.4e+38 -3.4e+38 -3.4e+38 -3.4e+38 -3.4e+38 -3.4e+38 -3.4e+38 -3.4e+38 -3.4e+38 -3.4e+38 -3.4e+38 -3.4e+38 -3.4e+38 -3.4e+38 -3.4e+38 -3.4e+38 -3.4e+38 -3.4e+38 -3.4e+38 -3.4e+38 -3.4e+38 -3.4e+38 -3.4e+38 -3.4e+38 -3.4e+38 -3.4e+38 -3.4e+38 -3.4e+38 -3.4e+38 -3.4e+38 -3.4e+38 -3.4e+38 -3.4e+38 -3.4e+38 -3.4e+38 -3.4e+38 -3.4e+38 -3.4e+38 -3.4e+38 -3.4e+38 -3.4e+38 -3.4e+38 -3.4e+38 -3.4e+38 -3.4e+38 -3.4e+38 -3.4e+38 -3.4e+38 1386 1299 1022 -3.4e+38 -3.4e+38 -3.4e+38 -3.4e+38 -3.4e+38 -3.4e+38 -3.4e+38 -3.4e+38 854
-3.4e+38 -3.4e+38 -3.4e+38 -3.4e+38 -3.4e+38 -3.4e+38 -3.4e+38 -3.4e+38 -3.4e+38 -3.4e+38 -3.4e+38 -3.4e+38 -3.4e+38 -3.4e+38 -3.4e+38 -3.4e+38 -3.4e+38 -3.4e+38 -3.4e+38 -3.4e+38 -3.4e+38 -3.4e+38 -3.4e+38 -3.4e+38 -3.4e+38 -3.4e+38 -3.4e+38 -3.4e+38 -3.4e+38 -3.4e+38 -3.4e+38 -3.4e+38 -3.4e+38 -3.4e+38 -3.4e+38 -3.4e+38 -3.4e+38 -3.4e+38 -3.4e+38 -3.4e+38 -3.4e+38 -3.4e+38 -3.4e+38 -3.4e+38 -3.4e+38 -3.4e+38 -3.4e+38 -3.4e+38 -3.4e+38 -3.4e+38 -3.4e+38 -3.4e+38 -3.4e+38 -3.4e+38 -3.4e+38 -3.4e+38 -3.4e+38 -3.4e+38 -3.4e+38 -3.4e+38 -3.4e+38 -3.4e+38 -3.4e+38 -3.4e+38 -3.4e+38 -3.4e+38 -3.4e+38 -3.4e+38 -3.4e+38 -3.4e+38 -3.4e+38 -3.4e+38 -3.4e+38 -3.4e+38 -3.4e+38 -3.4e+38 -3.4e+38 -3.4e+38 -3.4e+38 -3.4e+38 -3.4e+38 -3.4e+38 -3.4e+38 1251 1418 1277 965 980 914 -3.4e+38 -3.4e+38 -3.4e+38 -3.4e+38 -3.4e+38 -3.4e+38 782
-3.4e+38 -3.4e+38 -3.4e+38 -3.4e+38 -3.4e+38 -3.4e+38 -3.4e+38 -3.4e+38 -3.4e+38 -3.4e+38 -3.4e+38 -3.4e+38 -3.4e+38 -3.4e+38 -3.4e+38 -3.4e+38 -3.4e+38 -3.4e+38 -3.4e+38 -3.4e+38 -3.4e+38 -3.4e+38 -3.4e+38 -3.4e+38 -3.4e+38 -3.4e+38 -3.4e+38 -3.4e+38 -3.4e+38 -3.4e+38 -3.4e+38 -3.4e+38 -3.4e+38 -3.4e+38 -3.4e+38 -3.4e+38 -3.4e+38 -3.4e+38 -3.4e+38 -3.4e+38 -3.4e+38 -3.4e+38 -3.4e+38 -3.4e+38 -3.4e+38 -3.4e+38 -3.4e+38 -3.4e+38 -3.4e+38 -3.4e+38 -3.4e+38 -3.4e+38 -3.4e+38 913 897 947 1066 1013 1078 1002 965 944 869 860 823 855 -3.4e+38 -3.4e+38 -3.4e+38 -3.4e+38 -3.4e+38 -3.4e+38 -3.4e+38 -3.4e+38 -3.4e+38 -3.4e+38 -3.4e+38 -3.4e+38 -3.4e+38 -3.4e+38 -3.4e+38 1016 1166 1130 1235 1191 1005 972 1024 923 790 725 790 779 726 745
-3.4e+38 -3.4e+38 -3.4e+38 -3.4e+38 -3.4e+38 -3.4e+38 -3.4e+38 -3.4e+38 -3.4e+38 -3.4e+38 -3.4e+38 -3.4e+38 -3.4e+38 -3.4e+38 -3.4e+38 -3.4e+38 -3.4e+38 -3.4e+38 -3.4e+38 -3.4e+38 -3.4e+38 -3.4e+38 -3.4e+38 -3.4e+38 -3.4e+38 -3.4e+38 -3.4e+38 -3.4e+38 -3.4e+38 -3.4e+38 -3.4e+38 -3.4e+38 -3.4e+38 -3.4e+38 -3.4e+38 -3.4e+38 -3.4e+38 -3.4e+38 -3.4e+38 -3.4e+38 -3.4e+38 -3.4e+38 -3.4e+38 745 751 -3.4e+38 -3.4e+38 641 -3.4e+38 -3.4e+38 792 813 857 946 957 1030 1027 1039 971 976 1019 972 968 961 854 854 880 823 804 -3.4e+38 -3.4e+38 -3.4e+38 -3.4e+38 -3.4e+38 -3.4e+38 -3.4e+38 925 908 912 969 1182 1039 1083 1061 1089 1148 970 904 931 854 749 709 766 689 708 709
-3.4e+38 -3.4e+38 -3.4e+38 -3.4e+38 -3.4e+38 -3.4e+38 -3.4e+38 -3.4e+38 -3.4e+38 -3.4e+38 -3.4e+38 -3.4e+38 -3.4e+38 -3.4e+38 -3.4e+38 -3.4e+38 -3.4e+38 -3.4e+38 -3.4e+38 -3.4e+38 -3.4e+38 -3.4e+38 -3.4e+38 -3.4e+38 -3.4e+38 -3.4e+38 -3.4e+38 -3.4e+38 -3.4e+38 -3.4e+38 -3.4e+38 -3.4e+38 -3.4e+38 -3.4e+38 -3.4e+38 -3.4e+38 -3.4e+38 -3.4e+38 -3.4e+38 -3.4e+38 -3.4e+38 -3.4e+38 702 752 713 653 629 640 686 750 836 823 869 952 990 956 925 883 858 851 885 1041 1016 1012 864 809 780 751 763 -3.4e+38 -3.4e+38 -3.4e+38 -3.4e+38 -3.4e+38 847 984 1002 978 986 1029 1125 1153 1139 1106 1028 1044 1018 879 840 741 690 697 706 690 696 677
-3.4e+38 -3.4e+38 -3.4e+38 -3.4e+38 -3.4e+38 -3.4e+38 -3.4e+38 -3.4e+38 -3.4e+38 -3.4e+38 -3.4e+38 -3.4e+38 -3.4e+38 -3.4e+38 -3.4e+38 -3.4e+38 -3.4e+38 -3.4e+38 -3.4e+38 -3.4e+38 -3.4e+38 -3.4e+38 -3.4e+38 -3.4e+38 -3.4e+38 -3.4e+38 -3.4e+38 -3.4e+38 -3.4e+38 -3.4e+38 -3.4e+38 -3.4e+38 -3.4e+38 -3.4e+38 -3.4e+38 671 741 -3.4e+38 -3.4e+38 -3.4e+38 685 662 670 686 662 650 675 711 747 812 828 848 872 904 901 914 957 896 968 987 833 873 1035 887 716 718 695 722 757 758 739 758 767 838 889 971 1047 1020 1065 1155 1217 1216 1144 994 1073 1087 1037 886 817 746 712 776 725 718 683 658
-3.4e+38 -3.4e+38 -3.4e+38 -3.4e+38 -3.4e+38 -3.4e+38 -3.4e+38 -3.4e+38 -3.4e+38 -3.4e+38 -3.4e+38 -3.4e+38 -3.4e+38 -3.4e+38 -3.4e+38 -3.4e+38 -3.4e+38 -3.4e+38 -3.4e+38 -3.4e+38 -3.4e+38 -3.4e+38 -3.4e+38 -3.4e+38 512 -3.4e+38 -3.4e+38 -3.4e+38 578 613 631 644 643 675 689 657 643 651 646 648 650 684 722 716 701 725 774 783 801 799 772 786 823 844 835 839 877 851 848 926 958 939 868 658 686 724 689 702 767 795 799 743 772 872 855 918 979 1006 993 980 1039 987 915 852 913 937 885 860 834 788 739 725 778 760 650 707
-3.4e+38 -3.4e+38 -3.4e+38 -3.4e+38 -3.4e+38 -3.4e+38 -3.4e+38 -3.4e+38 -3.4e+38 -3.4e+38 -3.4e+38 -3.4e+38 -3.4e+38 -3.4e+38 -3.4e+38 -3.4e+38 -3.4e+38 -3.4e+38 -3.4e+38 -3.4e+38 462 481 480 468 521 588 578 549 624 678 702 708 712 771 772 741 717 702 712 700 728 807 860 823 788 787 768 748 757 737 732 738 755 760 815 890 985 1014 993 973 942 787 619 620 621 636 658 646 666 684 672 663 691 743 754 765 771 823 769 814 714 708 741 760 734 740 738 748 788 820 774 752 724 702 660 615
-3.4e+38 -3.4e+38 -3.4e+38 -3.4e+38 -3.4e+38 -3.4e+38 -3.4e+38 -3.4e+38 -3.4e+38 -3.4e+38 -3.4e+38 -3.4e+38 -3.4e+38 -3.4e+38 -3.4e+38 -3.4e+38 -3.4e+38 -3.4e+38 456 494 502 494 468 468 527 554 538 584 581 643 682 696 721 742 808 798 745 714 744 778 834 812 821 782 738 741 688 668 664 667 685 691 703 695 693 690 687 690 666 624 587 562 553 551 570 539 606 591 589 621 602 614 627 632 646 664 704 753 696 657 662 674 720 795 729 691 671 665 735 755 685 672 640 650 674 614
-3.4e+38 -3.4e+38 -3.4e+38 -3.4e+38 -3.4e+38 -3.4e+38 -3.4e+38 -3.4e+38 -3.4e+38 -3.4e+38 -3.4e+38 -3.4e+38 -3.4e+38 -3.4e+38 -3.4e+38 428 441 480 481 504 469 477 461 468 491 508 507 508 513 540 551 579 593 638 706 706 688 708 730 730 748 738 726 719 683 637 588 575 573 581 593 607 616 626 628 608 599 587 556 551 517 578 583 576 539 513 601 579 561 573 573 561 583 569 611 589 657 691 672 691 716 722 678 642 679 647 599 584 578 628 666 639 638 601 629 587
-3.4e+38 -3.4e+38 -3.4e+38 -3.4e+38 -3.4e+38 -3.4e+38 -3.4e+38 -3.4e+38 -3.4e+38 -3.4e+38 -3.4e+38 -3.4e+38 400 424 434 453 457 478 478 491 456 432 408 401 389 406 421 444 465 497 526 606 567 562 577 591 616 642 661 674 686 682 671 648 593 552 529 499 503 535 554 585 568 576 582 558 586 616 609 555 472 478 527 542 491 452 443 480 488 476 473 465 449 471 521 522 562 614 621 637 605 566 557 549 534 557 548 538 522 549 567 582 583 562 565 541
-3.4e+38 -3.4e+38 -3.4e+38 -3.4e+38 -3.4e+38 -3.4e+38 -3.4e+38 -3.4e+38 -3.4e+38 -3.4e+38 -3.4e+38 397 418 444 456 473 475 481 483 475 428 395 381 389 402 428 419 462 490 500 505 540 558 568 568 576 601 617 602 601 604 602 599 584 565 529 507 512 505 589 587 621 561 547 552 525 553 584 570 460 420 473 479 522 471 432 399 422 431 424 420 413 407 412 436 460 481 506 516 514 504 491 497 500 473 488 513 502 521 528 550 571 560 505 514 512
-3.4e+38 -3.4e+38 -3.4e+38 -3.4e+38 -3.4e+38 -3.4e+38 -3.4e+38 -3.4e+38 -3.4e+38 344 366 377 389 412 426 438 427 444 423 408 405 416 421 408 449 473 464 472 543 518 532 527 548 574 571 564 595 592 560 542 535 531 522 524 527 498 473 517 508 527 504 542 524 506 548 508 529 595 578 449 443 576 518 414 370 358 382 396 396 391 389 378 380 395 410 418 430 452 468 469 466 470 456 446 469 456 435 438 569 510 485 509 508 508 491 469
-3.4e+38 -3.4e+38 -3.4e+38 -3.4e+38 -3.4e+38 -3.4e+38 -3.4e+38 -3.4e+38 -3.4e+38 350 371 392 399 390 363 364 375 387 406 429 461 478 452 437 437 475 506 490 526 551 560 542 614 572 547 613 624 559 591 533 478 467 467 477 477 481 524 513 485 433 397 384 382 403 400 421 414 445 425 422 416 424 403 327 320 347 364 429 393 397 382 360 366 372 377 386 400 397 417 422 450 444 440 437 450 464 412 416 477 474 507 521 504 485 461 453
-3.4e+38 -3.4e+38 378 353 -3.4e+38 -3.4e+38 -3.4e+38 -3.4e+38 333 353 361 396 423 411 353 352 369 397 413 427 420 427 450 470 471 491 503 567 502 514 556 630 622 623 584 628 583 518 502 444 427 422 440 438 457 455 488 433 402 380 374 336 338 325 336 337 333 326 330 352 325 315 301 291 436 521 473 478 477 450 431 361 370 371 353 360 375 395 383 384 385 378 382 379 377 376 371 394 417 446 472 470 456 475 444 445
-3.4e+38 -3.4e+38 369 353 343 342 -3.4e+38 333 334 328 340 378 388 347 337 349 378 419 439 421 445 432 465 484 480 468 476 475 507 462 491 578 544 529 520 511 462 435 406 387 373 372 367 368 365 367 377 355 338 329 316 308 304 302 300 299 296 288 278 266 254 242 233 244 299 297 374 388 369 398 371 364 410 386 363 393 421 434 367 361 360 347 345 347 356 377 375 392 386 380 394 393 416 415 418 422
360 368 362 357 359 350 330 330 326 326 345 366 368 347 340 360 417 450 464 440 452 426 459 489 502 483 448 447 473 452 477 488 456 435 425 428 402 388 370 354 345 339 330 327 327 325 325 322 313 304 299 293 289 286 280 279 273 266 256 243 230 214 214 213 212 219 229 241 266 297 355 406 389 389 429 357 381 364 335 358 413 383 332 336 335 355 351 356 366 379 392 376 368 363 370 389
366 377 385 381 379 347 336 340 338 352 381 433 432 381 353 371 417 461 471 479 490 450 435 433 430 432 437 432 433 440 439 434 409 394 387 377 364 349 335 331 320 313 301 300 299 302 311 300 294 289 290 284 277 273 273 271 260 249 238 226 213 205 206 200 199 203 208 216 226 238 251 265 279 300 307 295 317 338 370 384 431 445 369 353 364 426 375 343 351 352 351 354 347 347 353 364
357 373 383 394 389 364 368 392 378 429 458 494 490 430 398 374 419 456 486 490 492 469 433 436 448 431 432 407 413 409 405 401 392 378 367 355 339 331 316 308 296 288 283 283 286 287 290 289 288 288 286 283 277 267 266 261 255 241 228 215 203 196 187 187 192 192 193 199 210 212 224 236 253 252 260 288 345 423 498 474 413 354 347 366 374 358 347 354 346 337 341 343 344 351 359 374
388 408 421 425 433 419 435 420 425 468 484 482 470 439 408 393 388 400 425 471 492 461 453 458 448 428 409 396 394 391 388 375 367 347 340 329 323 316 302 291 284 272 270 270 276 277 280 284 297 305 299 293 279 267 263 260 255 237 219 206 197 186 181 178 178 180 183 188 200 208 210 216 225 233 251 297 352 367 361 334 335 410 445 414 394 361 354 357 355 375 390 360 380 383 386 413
422 427 434 438 425 443 452 416 465 468 460 450 448 447 443 433 431 427 441 452 462 479 469 473 453 427 402 383 376 375 365 367 348 330 318 308 308 301 291 290 286 275 271 269 268 271 278 288 317 338 327 291 277 271 275 270 288 234 217 211 198 186 183 176 177 179 177 180 186 205 200 216 216 223 236 246 266 280 278 282 312 429 499 548 481 465 428 422 462 402 427 476 466 398 384 369
415 416 426 430 438 449 446 427 446 443 439 443 445 446 449 431 444 457 452 479 465 454 450 451 443 430 416 392 378 370 358 344 327 311 301 299 293 293 288 277 280 277 278 276 278 280 296 309 341 316 277 264 260 269 300 289 250 241 214 209 200 194 188 188 179 179 178 180 183 185 191 209 215 230 254 282 271 254 267 308 358 396 420 458 424 423 449 499 388 356 438 397 375 369 361 392
416 416 420 428 440 447 432 433 436 428 428 425 431 435 414 415 429 450 439 464 460 447 448 442 444 434 424 397 384 388 378 334 309 299 302 315 293 279 283 273 277 283 293 293 303 318 328 298 276 265 263 261 264 270 274 263 250 235 216 204 199 196 195 188 180 176 180 181 181 180 184 199 203 216 227 237 234 265 327 350 315 369 391 342 382 423 385 407 373 316 314 302 298 331 387 411
409 408 409 418 423 427 423 423 420 411 409 409 409 417 407 409 415 428 426 427 440 436 439 434 434 429 417 412 414 413 386 330 306 302 303 288 271 272 276 273 277 292 314 330 340 334 310 278 266 263 278 302 296 304 276 288 280 260 253 227 226 217 202 187 181 186 193 191 184 182 184 196 195 198 197 202 219 230 261 264 323 312 274 285 398 324 322 345 351 299 269 272 310 348 380 359
401 393 397 413 416 413 417 410 403 387 381 385 388 394 396 399 404 409 413 409 419 429 425 417 415 414 410 412 405 399 373 346 313 289 283 272 268 275 268 285 296 306 311 305 305 303 296 277 281 326 345 319 319 313 295 299 298 314 309 298 286 257 211 190 182 185 193 189 185 174 172 175 174 168 170 178 184 198 229 232 220 227 293 363 341 281 281 326 265 238 307 331 309 334 345 302
379 390 358 373 392 405 404 380 359 362 367 370 371 382 386 389 387 390 399 403 402 409 403 393 390 382 380 379 372 368 356 352 330 301 274 266 275 271 277 276 276 277 277 282 291 289 286 306 337 341 328 326 323 292 293 310 308 299 303 268 246 223 207 185 182 194 193 181 174 168 160 156 158 156 157 158 160 160 173 172 198 260 288 247 232 243 219 217 189 254 360 323 265 281 270 284
372 374 353 342 367 364 372 354 341 346 350 358 364 369 374 374 373 377 382 382 386 382 380 371 363 349 334 333 332 317 311 304 291 278 271 264 265 268 271 267 265 268 271 287 300 307 333 347 352 334 334 312 310 315 306 297 272 256 240 223 216 206 189 193 193 178 173 176 185 161 153 154 154 149 149 147 146 144 144 152 158 159 159 158 155 154 166 200 170 185 200 212 205 214 223 228
360 340 316 313 336 321 320 334 332 334 341 346 354 363 363 364 362 363 366 368 369 363 357 344 325 317 304 304 304 301 294 283 276 268 266 259 263 264 268 270 272 275 287 307 322 324 335 342 341 319 318 312 306 314 298 275 255 240 228 227 214 209 201 202 193 169 156 154 155 150 153 163 153 146 146 135 128 124 135 127 128 127 127 128 128 131 131 132 134 139 142 150 155 159 160 170
334 312 299 306 308 304 307 313 321 325 333 339 345 350 354 350 358 359 359 357 353 333 323 313 306 298 295 292 290 284 281 274 273 264 261 258 258 264 266 267 271 286 321 321 327 335 337 337 333 324 312 318 297 285 265 268 253 236 229 220 208 185 183 180 165 158 149 146 143 140 137 147 144 145 135 124 122 125 132 127 117 117 117 117 118 120 118 120 120 123 125 128 132 140 141 143
328 310 303 298 302 305 311 312 315 320 327 329 332 330 329 324 334 326 321 320 316 308 308 307 297 291 291 283 276 278 284 271 269 263 261 264 272 266 274 281 302 325 327 340 346 351 340 334 332 317 311 309 286 266 254 245 242 244 227 206 181 173 166 160 161 149 142 142 146 141 133 129 131 129 127 120 116 117 125 119 121 109 111 110 109 113 112 114 117 115 116 117 118 123 126 129
312 313 302 297 304 303 301 299 306 314 311 307 306 308 308 312 313 308 301 299 294 292 296 291 284 284 278 275 277 280 279 270 270 279 265 274 269 272 278 309 338 356 353 351 349 340 336 339 329 286 276 272 268 260 279 260 246 219 192 178 171 160 155 153 145 139 137 138 139 135 131 126 124 120 118 118 115 112 109 107 107 103 103 103 106 106 106 107 106 106 105 107 110 110 115 117
301 299 301 297 287 281 282 283 286 288 290 295 296 298 298 300 295 291 286 281 283 288 285 288 278 276 275 277 273 278 277 280 282 272 266 268 292 296 286 311 329 347 353 346 340 326 301 296 273 248 247 251 267 266 282 253 208 184 171 161 155 149 146 140 138 139 136 137 141 140 129 126 120 118 116 111 109 108 104 102 100 97 98 98 98 104 110 99 100 102 100 102 103 104 106 112
299 290 281 278 275 276 276 275 278 281 282 286 285 286 285 282 279 278 276 275 273 277 284 281 274 272 272 285 290 281 276 276 268 272 290 289 278 278 275 294 300 300 308 311 292 268 264 262 239 223 227 244 257 269 244 205 182 166 159 151 147 141 137 135 132 131 130 136 132 131 126 120 117 114 112 108 106 101 99 97 95 94 94 92 92 92 97 95 95 94 95 98 99 98 99 101
295 286 280 276 273 274 273 273 272 272 273 277 280 272 270 268 273 273 272 271 276 276 275 273 271 268 274 299 286 276 275 269 285 301 324 312 293 298 298 286 276 272 265 261 249 241 239 229 215 209 210 233 255 215 195 176 166 156 145 141 137 137 133 132 130 130 128 128 129 125 122 117 114 110 108 106 102 99 98 94 92 91 89 91 89 88 87 88 88 87 90 90 91 93 95 96
289 282 275 272 267 269 269 265 263 265 264 264 260 260 263 262 264 268 267 263 266 268 268 268 270 270 272 295 299 279 274 299 308 320 337 330 320 285 269 270 268 261 258 235 229 224 214 204 197 195 194 187 189 184 174 162 152 145 142 139 136 132 132 132 128 130 129 124 123 122 118 113 110 106 103 102 98 95 93 91 90 88 89 89 89 87 87 87 86 85 83 83 86 90 91 92
285 277 268 267 262 259 256 253 257 260 258 259 260 254 255 251 256 256 257 260 262 263 263 264 265 282 286 309 302 284 288 313 333 327 300 281 270 249 239 240 244 259 246 212 204 201 195 192 193 191 184 175 169 162 157 149 147 142 142 137 134 131 132 133 131 127 124 123 120 116 112 109 106 103 100 98 93 90 89 88 87 87 86 85 84 84 84 84 85 84 83 82 84 84 86 87
279 275 270 261 257 257 258 251 251 252 254 255 256 254 252 252 254 256 256 256 258 261 259 264 262 283 285 304 305 311 308 319 319 307 275 246 230 218 211 219 224 249 206 201 198 189 181 178 182 177 165 160 156 151 148 147 146 144 140 135 133 133 130 129 126 124 122 119 116 112 110 108 104 100 98 93 88 85 86 92 81 81 81 81 81 82 82 82 84 82 80 80 79 80 81 83
274 270 267 255 259 257 255 253 253 252 249 250 251 251 247 249 247 249 248 248 252 253 264 263 253 260 268 297 299 299 299 308 284 265 250 238 205 198 193 197 216 203 198 191 183 170 164 162 164 158 154 150 149 150 150 149 147 143 139 134 134 132 126 124 120 116 114 113 113 109 102 101 100 98 95 91 87 82 86 88 76 76 77 78 79 79 79 81 81 79 78 78 78 78 80 82
270 266 266 258 254 251 247 246 248 243 251 251 245 243 241 240 240 243 244 247 247 263 273 253 256 256 275 308 291 271 260 268 266 244 263 223 190 181 176 175 175 176 172 174 167 162 159 155 151 150 147 148 148 150 149 146 142 140 139 135 130 127 121 118 116 114 113 111 106 103 101 101 96 95 91 90 84 82 81 82 77 75 77 77 75 75 76 78 78 79 78 76 76 76 79 81
267 261 258 256 249 246 237 238 237 238 244 262 244 240 238 237 238 238 241 244 250 284 283 255 258 270 269 259 239 237 231 237 261 238 210 189 180 175 173 167 165 163 161 159 164 158 153 150 149 147 147 146 146 148 146 142 141 138 134 132 125 123 119 116 111 107 106 108 104 102 101 98 95 95 89 85 84 81 79 77 76 75 76 77 78 76 76 75 75 75 74 74 74 74 74 76
260 253 249 247 245 238 235 236 234 233 234 233 239 238 237 242 240 242 239 240 255 286 269 249 260 264 250 241 219 210 216 227 229 196 185 180 176 177 168 163 156 155 154 154 153 155 152 151 148 145 146 145 143 146 145 143 136 132 132 125 122 117 116 110 108 107 104 101 99 97 96 94 90 87 85 83 81 79 78 76 80 77 75 76 75 75 75 75 74 73 73 75 74 74 74 75
247 243 240 238 245 228 228 230 228 229 227 226 229 230 233 232 231 235 237 252 268 260 236 233 252 280 253 221 212 219 195 190 183 179 175 170 166 160 156 152 153 155 154 152 152 151 150 148 146 145 143 143 143 142 137 131 130 129 125 120 119 117 114 111 107 104 100 99 96 95 93 91 87 83 83 82 79 77 75 80 71 76 74 74 74 75 75 75 73 73 73 71 71 72 73 74
241 233 231 235 236 223 225 224 224 224 223 220 221 222 222 221 226 232 236 241 239 237 221 217 223 220 216 219 219 207 179 173 170 167 165 163 156 153 151 150 152 153 152 151 150 150 148 147 145 143 142 140 137 136 131 129 129 122 120 118 117 111 110 106 103 99 96 94 93 92 89 86 86 82 79 80 75 72 74 79 75 72 73 74 73 72 71 70 69 68 69 68 68 70 72 71
231 227 224 226 220 217 216 215 216 213 216 216 215 214 211 215 217 218 212 213 212 211 204 203 213 199 201 210 188 172 166 160 158 156 157 154 152 148 150 149 148 146 145 143 144 141 139 140 137 135 133 132 132 129 127 126 121 118 116 114 110 109 105 104 98 96 94 91 88 85 82 82 81 78 76 75 74 73 72 74 71 70 71 71 69 68 69 69 68 68 68 67 68 68 69 68
222 221 217 214 216 211 212 208 210 207 208 210 212 211 210 211 204 202 197 189 194 192 185 192 194 178 176 174 167 160 159 157 151 150 148 148 148 145 144 140 140 139 137 138 134 135 133 132 131 130 128 127 125 123 117 116 116 116 109 108 108 105 103 97 95 93 91 88 83 78 76 76 77 75 75 75 70 69 71 70 70 69 69 69 68 67 68 68 68 67 64 66 65 67 67 67
217 215 211 209 205 204 206 202 200 200 200 195 199 202 190 192 187 192 185 179 173 176 181 171 171 162 159 155 156 151 146 142 142 141 141 141 141 137 135 133 132 131 131 130 130 128 127 126 125 123 124 121 118 117 116 113 111 108 107 103 101 98 96 94 92 90 88 86 79 76 71 70 71 71 74 71 69 68 69 68 67 66 68 69 68 68 68 67 68 68 65 64 64 64 66 66
