rasters/Algeria_CLYPPT_M_sl2_250m_ll.asc
NCOLS 248 
NROWS 217 
XLLCORNER -8.682385214 
YLLCORNER 18.975561136 
CELLSIZE 0.0832711529596774 
NODATA_value -9999 
[rows 175 to 199 of 217, columns 112 to 167 of 248]
5 1.9262486992715 6 3.42906384718298 4.94732049947967 3.18346774193504 4.75115207373165 4 7 8.05300468262157 6.01053590010398 10.9893990634763 6 5.02107180020839 6.75115207373165 5.07420655567204 6 7.55656310390812 4 4 7 5.93327263267373 6.51899063475654 5.72996878252153 5.3983294930855 7.24884792626835 8 8 7.23393600416149 6 8 8.58656347554625 7.75115207373165 5.24884792626835 5 4.33669354838597 2.76829381596617 2.61038538724544 4 2 11.1955645161282 10.1673387096761 5.0751170655589 2.33214099895985 6 5 4 4.00403225806496 1 3.8535379812706 14.3720640701617 6.8044354838752 9.89247621525128 13 14.6012245428853 14.8078452504826
6.54558123977974 7.06615133045813 5 5.32718894009218 5 3.54937193399761 5 3.95844172736753 4 7.62533447301972 7.98614724245594 9 6.0046175858483 8 5.97691207075934 5 5.08545785639973 4.79110301768891 7.38721755611757 6 7.76008064516069 8 6.94681878994985 5.67281105990782 6.98087000148557 4.74362643080081 7.86609001040543 9 8 7.16557343540921 6.67851568306872 7.49272521183261 7.3349561468708 5 5 8 6.10092723353636 6 5.59035416976411 3.67281105990782 5 7 3 2.03832503344706 6 5.32718894009218 5 5.32652928497096 4.30684183142512 1 7.75790657053755 15.422941132749 11.4392931470202 14.8286290322573 10.9296584658865 12.9751746692447
5.27389623903617 6.28534264902595 6.29678905901538 3.30823546900516 5 6.51459603091906 4.50218336554329 5.64597889103677 4.6745949160107 5 7.61163966106813 6.39714025568559 8.00572320499506 10 7 4.15751821019988 3.92449271592065 4.9077133194583 4.6330645161265 5.3196818789939 7.61745577523292 5.97135610227676 6.41828638323201 6 7.47219228482224 6.52247472870534 7 8 8 8 8.71594878846433 8.22320499479686 5.67186338635249 7.23371302214961 7 9.06883640553004 7.59447004608399 4.68577188939892 6.44465400624516 5.18894009216797 7 4.49499219563122 3 5 7 5.05443548387009 7 6 4 12.405529953916 1 3.59447004608399 9.65251969674581 3 11.4872900252686 2
4.87519510926022 5.44933662851044 8.50747918834526 4 4.50930020811628 4.81061394380917 4.84475806451709 5.93444328824181 7 6.03414412070723 8 7.48387096774243 8.48432622268521 10.5147632674293 8.07056451612991 6.48387096774243 7.51612903225757 9 7.0946930280963 7.59313215400712 6.76008064516069 7.12974765868954 5.65953433923001 5 5.51612903225757 6.80332986472409 6 6.29032258064444 4.74148022892808 7.73881373569278 6.76879552549439 7 5.77744536940764 3.79708636836678 6.18834547346439 7.52178720083335 3.35691987512996 5.37148803329879 2.51216181061068 6.1186264307994 6.63482049948059 3.16733870967607 5.41207075962648 4.45161290322729 6.96000260145695 5.48803329864723 7 4.48588709677491 1 1 2 3 1.85685483870855 5.39542143600433 6.10301768990671 6.22782258064615
3 3 4.43778801843387 2.42732644566681 5.34511111937059 6.4134086517024 5.45710383529098 5.38218187899598 8.38224691541642 7.60188419800682 6 8 8.56839044150401 5.04233870967778 9.28247175561335 7.39453879887028 7 8.8076129775541 7.91968002081097 7.02633975025997 8.42732644566585 9 4 3.70431656013093 7.64717741935385 5 5.25861268024368 5.56221198156613 4.97206221198195 4 3.52217741935555 6 5 4.77896907982816 6.12614278281539 7.56221198156613 5.82657573955747 7.28197004608322 6.11032964174176 6 3.08561580199175 4.2704493087578 1.86088709677521 6.56221198156613 1.04647316783087 2.43778801843387 4 6 1.75115207373549 3 1.0379533967598 6.05981492492775 6 5.17137096774273 7 7
1.79207856399614 2.59274193548206 4 4.84631893860637 6.99009588226478 7.13189386056166 4.35944700460847 4.35944700460847 5.93671956295547 6.04520031217428 6.05755723204928 9.64055299539153 9 11.0423387096778 7.0783410138254 7 4.87298387096752 6.09944068678505 5 7.64055299539153 8 6.35944700460847 4.44275865913512 5.43263155938658 6.41455143451687 5.24408168574437 4.6216088152231 6 6.20276497695766 6.46300356771157 3.16273041474709 16 4.20798647242498 3 5.59319719042604 5.14377694366083 6.13449531737833 6 7.16142968633764 6.72099375650348 5.48471644120669 3.74774230711949 1.86088709677521 5.03985803478497 3.97028764679661 2 3.26431730340475 4.28110599078306 3.37256577969283 6.39689869183983 6.06820462315742 7 6.97311208562501 8 6.4155548535755 7.72244313958696
6.28110599078306 5 2 2 2.77840233387846 5.81653225806496 0.762533447301939 1.28110599078306 2.83018990634804 1.96910770031249 8.70035862940443 7.56221198156613 8.28110599078306 8.03043704474533 7.73873011743776 5.07101977107277 7.11838486695348 7.71889400921694 5 6 5.45358257767224 6.20572877954455 5.08331165452666 4.18249219563007 5.90081945889683 7 6.28110599078306 4.84187788018477 6.84981232347285 2.77505760368734 4.80328341013862 9.52206592834886 7.69707893563303 6 5.56221198156613 5 4 3.79853575144998 3.88967035825824 5 2.28110599078306 6.83266129032393 2.13911290322479 3.96882897279643 3.40159989594252 3.03913334324303 4.70005202913766 4.71744462613368 5.71039281997934 4 4.93767652742608 7.71889400921694 7.75913297160757 8 7.42459491601047 8
5.40552995391873 6.85732867548607 5 4.60596291065878 3.62846551211531 2.83443585550688 5.59447004608127 6.10126170655506 6.81726624052245 6 8 9.0028616024972 7.41391965215013 7.9914151925077 6.79723502304063 7.1627025419951 4 8.29505165750065 8.34903188642952 8 5.40552995391873 6 6.43904229225632 6.79723502304063 4.8687750854761 6 10.7318176750432 3.75432027649969 3.33150921658871 3 4.76187379217882 6 6.42137096774103 6.59447004608127 6.58030139735437 6.52881113423551 6 4.85405827263187 2.60644603835319 4 4 3 3.20276497695937 2 6 4.15936710272197 4 5.99959119964318 4 7.20276497695937 6.93088486695339 4.02330162033618 6.82625984837174 5 5.16229374163867 5
7.91596365393151 7.87557603686583 7 7.21006763787612 7 7.16063995837621 5.12442396313418 5 8 6 9.00526795005199 7.13678088300841 10 8.9947320499479 7.81379143748944 9 7.98419614984382 7 7.12442396313418 5.15076371339455 7 6.76521852237168 7.74050468262173 6.12442396313418 6.38944737624588 3.42845993756598 5.64164932362041 7.83093317972154 1.77252118329288 3 4.94054742084122 4.03616024973895 7.61346068083584 6.19993124721366 9 4.87557603686582 5.39451092611861 3.33492827411873 6.62355990783505 3 6 2.16733870967607 3.75377211238337 5 3 3.77347814776389 8.09495317377941 7 7 5.94153225806325 5 4.77495540359644 4.12533447302009 5 5 5
6.7214861751171 7.44823100936828 7.03372602943476 8 8.95391705068974 6.17501300728338 6 8.83275419949386 5.86423182696502 6.95716887170957 6.08451947376338 7 8.92699197264476 5.04413185669832 9 7.00455254942789 6.95391705068974 4.95391705068974 6.95391705068974 6 5.72505388731803 6.74421175858414 5.29637096774273 6.34076297012214 2.04608294931026 4 4.59072580645043 2 3.53427419354808 8.48272818492465 3.47782258064445 5.52503902185222 5 6 4 6 4.41828638323495 7 3.25201612903077 5.01031291809161 4.76736472424515 1.03066002675897 2.90783410137947 3 2.04227367325842 4.04941838858236 11.0012078192359 11.0020161290325 6.95391705068974 6 6 5.84429351865425 4.9934034487882 5.83652631187701 5 4
6.98952913631721 7 5 5.99226066597361 8.76970603538206 3.01183662851097 9.8497658688871 8 6 3.10054630592807 5.95902705515125 7.96774193548651 5.95408428720277 6.9986342351718 6.09827003121604 4.12786160249627 6.05632154005781 4.08175078043028 6.00591831425554 5.00682882414099 8.02451873048705 5 8.03225806451349 6.98952913631715 5.03225806451349 3.36875650364368 6 3.45564516128966 10.4397112383009 3.03225806451349 15.397892819985 5.41733870967921 5.0135926118615 4.36088709677626 6 5.03225806451349 6 2.99095993756581 4.02412851196477 6 5.6151795005214 3.22645681581071 2.16688345473139 4.10731009365207 5 2.03050208116298 5.91265608741518 5 4.02926638917874 4.96774193548651 5 4.96774193548651 4.00461758584773 5 5 5.96774193548651
5.03590010405758 3.0327783558786 4.88940092166098 3.62143228779107 6.11059907833903 7.95941727367409 7.01716961498398 9.77643265943444 8 6.89720529210819 9.00468262226833 8.01099115504609 9 4 6.78660621376936 7.08786420395556 7.2376152073715 5.18685892670972 7.1631763787736 7 3.21338449531839 8.68549316189642 3 4.07469897428125 3.57560019325148 5.1790545562625 4 2.06221198156561 5.53427419354808 3.88940092166097 9.99509439571868 20.889400921661 5 3.58321874535542 2.43515868886352 4.29945555225179 2.80213133640398 2.24924743570655 6.02492753084202 5 4 2.14883120261546 4.04389958376749 4.20922216440969 2.91733870967778 3.00602051434497 3.75549093206999 5 4 6 4 4 5 6 6.95584956146931 5
4 3.18894009216456 4.861723279323 3 5.49042106437006 6 6.84039133343338 6.97600156087438 7 7.01333246618081 8.21527984242451 6.81105990783544 4.20038650215473 6.81905938754409 7.98666753381887 7 3 4.1596086665663 6 6.32063884346644 3.85639029285084 4.59357811803188 3.13294373420435 13.0734632822941 3.71383975025887 4.5740021554927 7.11161178831473 7.08266129032216 7 2.47120744759609 12.7391110450413 10.257469897431 6.65824290173943 8.20420506912518 3.11999219562891 5.1253251821013 3 5 5.14132414151853 5.62955254942879 3 2.46038352905891 2.39646201873444 5.08993607848926 2.01561803181192 2 5 6 3.18894009216456 6.23636093355113 2.98362011297749 4.71785342649096 3.85685483870855 2.70444663297199 7.01065668202988 3.62628214657374
-9999 4.48443771368995 8.26896276200547 3.85156830682431 4 7 7.30848632377309 6.62762932956567 7.05280957336079 8.9671566077006 7.53040917199401 6 7 6.96897762747109 3.24842054407524 4.92761446409888 3 4.11374869927224 10.4017113869485 7.05658168574412 3.17579344432943 2.5362903225829 1.92078563995837 3.67540322580513 2.25851977107277 2.16543407165095 4 6.14487327188984 4.8571986026465 3.7327188940099 3 0.147112382934295 6 5.28806488776557 6 3 5 4 3.74798387096923 2.20746618106089 4 2.389893340269 4.4654377880198 3.23764308012445 1.24518730489021 4.96011409246382 5 4.26674223279248 3 5.0156273227296 3 2.96928422773888 4 2.95419577820713 4.1462483276357 2.22782258064615
-9999 -9999 -9999 6 2.21169354838633 2.12005723204967 5.94634495317412 6.82908428720169 8 5.60820202170415 6.33098892522684 6.00923517169548 4.65437788018436 6.37332763490432 5 3.41026832168954 5.38483908131415 4.65437788018436 4 6.18263155938859 2.73729931618873 2.47890961795677 2.56287163668774 3 2.64717741935385 9.13169875130095 4.65343949754519 5.43750000000085 7.18465697933688 4.49395161290427 4.04435483871111 5.36017169615042 6.62135796045725 6 5 6 4 4 5.65437788018436 1.77620967741944 2.27803069719069 1.45512486992625 2 3.38540582726285 4.65437788018436 2 3.6902779842426 4 6.27962873494806 6.34562211981564 3 4 2 2.9407704028539 6 6
-9999 -9999 -9999 -9999 5.1219432882412 3.34617957484693 5.86836628512082 8.053850156087 8.43898654675098 6.94016649323707 3 3.58202021703646 5 3.01795005202924 1.39404638025728 3 1.6298870224479 5 4.81653225806325 3.33421287349362 0.460448565481912 2 3.2983127694355 2.71365393191745 2 3.57603686636053 6.659720157574 5 4 3.28453433923111 4 5.44959677419269 4.75468262226871 5 2.21020700163496 3.28121748178956 3.9530901590599 4 2.89315445220843 2.42396313363947 2 3 2 0 1.50662442396169 1.94556451612991 3 2.57805299539301 6.01282146573538 5 4.04993867994712 2.37524156384597 3.49357997621553 3.62139512412686 4 5.60771889401337
-9999 -9999 -9999 -9999 -9999 -9999 4 0.43850341905747 1 3.03511966701315 3.02126690946904 3 2 4 3.42317340567891 1.50230414746501 4 3 3.13536866359151 4.57661290322394 2.23991935483931 2 1.85113163371461 2.17309907834013 2.35282258064615 2.61895161290257 5.497695852535 4.43548387096897 5.497695852535 3 5 5 2.71201873048837 6 4.50230414746501 4.50230414746501 13.964295005202 2.64177939646123 2 3.11241080719474 1.90176713245181 3.91671621822566 3 3 2.49769585253499 4.47521183291213 4 4 5 6.50230414746501 5.17338709677606 4.55949903374453 4 3 7.49769585253499 2.88661364649859
-9999 -9999 -9999 -9999 -9999 -9999 3 4 2.37792663891772 3.36017169615035 1.59840010405828 1.58064516129054 1.58656347554681 2 3 1.41935483870946 4.07375130072856 2 2.65758324661882 9 0.681256503642461 2.57505202913681 2.87571540062408 0.324596774194869 1.27139698230954 1.64060874089515 3 3.98185483870861 3.58064516129054 3.42637877211095 5.47782258064445 5.58064516129054 4.58064516129054 2 5.62682101977119 5.38514568158248 3 3.58064516129054 1.68632934443242 1 0 1 3 2.51625910509945 3.08266129032222 4.41935483870946 3.02620967741795 2.99798387096752 4 4.54669614984339 0.530306971903924 5.51391779396446 6 5 3.08370187304924 4
-9999 -9999 -9999 -9999 -9999 -9999 2.60604652891337 4.65898617511496 1.37242641593589 3.61248513453279 4.36891444923434 3.00930020811587 1 2.97209937565014 2 1.7577764976969 1.87298387096752 0 3 1.07219042663929 8.50088263713335 2.73185483870855 1.8046956295521 3.67540322580513 2 7.39151925078355 2.34101382488504 2.43750000000085 1 2 6.837055894158 1 4.55558755760384 4.74092277389672 4.72983870967522 1.78908688865762 2.10519176453092 1.4649174966536 1.74492715920846 0.511511446409853 9.29089861751367 1.16733870967607 2.04743942321955 1.69680020811609 1 6.03587223130608 4.9910621376547 2 2.34101382488504 4.96012338337952 3.65898617511496 6.30182473613797 7 2.34101382488504 3 3.07769064962133
-9999 -9999 -9999 -9999 -9999 -9999 3.80398022892919 4.90634755463124 4 3 1 2.9895941727375 0.0104058272637542 2.98887877211223 3.94797086368312 1.26267281106135 2 6.49160101085388 2 2.21169354838803 1.73732718893865 1.19771071800253 4 3.02333878400569 3 2 0.107505202914531 1 2.26267281106135 1.63579604578558 4.26267281106135 4.55040322580731 2.26267281106135 3.1050988553599 4.83318158168454 4.42248587780579 3.73732718893865 2 1.06619778504531 1.77620967741944 1.80443548387179 0.876616619593921 1.73732718893865 1.97087297458007 1 8 3 3 7.28497101234028 6.01535788613094 2.32659432139341 4.11491935483931 2 2.73732718893865 1.05242864575643 3.73732718893865
-9999 -9999 -9999 -9999 -9999 -9999 4.71765831722905 1.89639698231073 2.83387840047481 3 2 0.985887096775211 1.80415675635352 1 1.31245354541646 1.01821019771105 1.83908131410657 2 1.66601939943333 0.502313438384677 11 12.1100880778917 4.25711684257294 1.87550170952839 1.11929537684001 1 2.48183625687377 3 0.956722907685964 4 1 3.91712501858158 4.71236249442616 3.2088133640538 3.51801508844985 1.18433179723594 2.19474691541464 1.81566820276406 2.95354541400331 0.898171547494628 0 1.84651404786579 3 5.11088709677351 4.76348112085571 5 3.00483127694343 4.81365207373158 5.36866359447189 5.23202207522116 5.01598037758313 3 2.02638620484648 4.35177270699881 2 3
-9999 -9999 -9999 -9999 -9999 -9999 -9999 -9999 2 1.06308532778279 2.03785119666968 2.00149583766899 0.224598632378399 2 2.0074791883456 3 10.3758547643806 1.13878772112443 0 1.08355321837393 10.8406421881965 11.3085699420221 11.4220213319475 1.29019250780542 0.421417422329077 0.553348446557806 6.47188568455607 2.94038018433166 2.59090233387827 3 4 2.40194365987716 3.57862903225897 0.648524602349418 2 3.10599078341054 2.48775457113155 0.719758064517092 3.30458413854519 2.12971049502055 0.894009216589461 2 2 5 6.91733870967778 4 6.02343169317549 6.89019064962011 3.10278541697667 5.99380295822788 4.71051360190118 2.7912702541986 5 6.84679277538214 5.17844135573136 3.7144808235459
-9999 -9999 -9999 -9999 -9999 -9999 -9999 -9999 -9999 -9999 -9999 0 1.99960978147761 2.07653857588677 1.06861342351803 12.8328006540779 2.99648803329866 2.67045116693784 11.0552995391703 1.21169354838803 12.2122695852542 15.9925858480749 2.03584435855495 5.3687565036394 0.972350230414864 0 1.14878474802816 0 3 1.96058792924252 2 4 3.01599895941723 5.75201612902822 0.989910063921584 2.99069050096633 1.99147093801105 2.00774862494419 3.00696818789944 0 0.977757544224838 4.00462687676522 3.4572524899627 3 6 5.05293035528382 5.97307492195637 6 6.02681358703718 4.00161661959271 4.02525271294769 2.11174186115714 3 3 3.19407796937803 4.4556451612923
-9999 -9999 -9999 -9999 -9999 -9999 -9999 -9999 -9999 -9999 -9999 -9999 2.99928459937563 1.99785379812697 2 0 18.8537888360314 3.80193622714447 7.53180280957739 11.6643098706726 4.5062063326898 14.9864073881376 0.718652445368358 2.01778281551907 13.0506912442386 1.39310799762188 2 0 1 1 0.522177419355554 0.949308755761351 2.2027649769546 1.59602162925597 2 1 3 9.13786792031847 12.7479838709692 0 1.94930875576135 5.20106473910918 2.86793890292933 2.99437899509454 4 3.89763267429937 3.99867139884059 5.94941095585055 5.96975806451539 4 4 5 3.85685483870855 2.16268396016147 6.93919094693141 5.14052512263733
-9999 -9999 -9999 -9999 -9999 -9999 -9999 -9999 -9999 -9999 -9999 -9999 4 14.202783558793 1.87096774193603 1.08604318418433 17.3896331945909 14.3563345473454 10.2888267429767 4.07882414151607 3.0980749219558 18.6028225806446 0.129032258063966 5 8.12903225806397 1.41174557752377 0 2.92741935483913 0 1.55924817898086 0.483545785639403 0.0710197710716077 0 0.528550988554427 3 0 1 11.3737643080157 11.2194979188334 0 1.829669614985 2.10744016649295 7.40647762747424 4 3 6 4 4.00026014568161 2.96975806451539 1.12903225806397 2.98881373569191 4 3.01411290322748 2 5.74193548387207 2
