rasters/Algeria_CLYPPT_M_sl2_250m_ll.asc
NCOLS 248 
NROWS 217 
XLLCORNER -8.682385214 
YLLCORNER 18.975561136 
CELLSIZE 0.0832711529596774 
NODATA_value -9999 
[rows 100 to 124 of 217, columns 168 to 223 of 248]
8 6.71572580645043 8 8.03254608294805 6.23123234725825 7.47393897725608 7.42896164709203 7.26206890144014 10.4818548387103 7.05359001040402 8.28935632525575 9.3550616916909 9 9.21911699122659 9 10.4927716664193 10.4435112234293 9.27468596699834 9.60915898617284 9.49658094247199 10 8.62672811059982 8 7.96462947822228 7 7.77055150884292 8.62672811059982 9 9 10 8.43771369109554 9.73790322580598 5.94054742084074 6 7.08052437936709 6.62672811059982 6 5.62672811059982 7 7 6.52912702541984 9.84572431990488 10.276720677867 10.5302419354821 7.18588338040687 7.19641928051142 6.02579158614372 5.78250891928076 8.00958822655209 5.59944997770036 6.12417310836856 7.43592983499545 8.89689869183927 8.09256540805714 -9999 -9999
5.45161290322559 7.54838709677441 7.68951612903318 5.84612382934427 8.54838709677441 6.54838709677441 8 7 8.78238813735677 7.04936264308046 9 9.88508064516063 11 9 7.34879032257949 9 7.52009625390241 8.88072320499512 9 8 9 7.06828824141472 7.60392819979121 8 9 9 19.2414802289309 7.45336888657646 8.02094172736787 8.41070499479613 8 9.39242976066568 7.46104318418221 5.81249999999829 7.15998959417093 6.13377991675401 4.67130593132223 5.83526274713812 5 5.64730749219627 8.54838709677441 10.8133454734649 11.306256503641 7 5 4.28856659729523 7.54838709677441 5.9093392299682 6.45161290322559 7 8.8497658688872 7 9 7.75201612903163 -9999 -9999
6.34969154154845 6.51292366582435 6 7.18056897576967 8.12319756206227 8.21048572915213 10 8.25681953322373 10 10.0106845547804 11.2936301471705 10.2037498141813 10.7204363014714 10 10.697580645159 9.47004608294901 9.6673665824286 11.7358870967748 6.76411290322735 7.79233870967863 8.0107495911997 9 9.47004608294901 8 8 8 8.9946577226116 6.48819124424131 6.55175040880122 9.03953285268394 7.5237940389477 5.52995391705099 8.15927419355042 7.52995391705099 7.47004608294901 7 8.34211015311354 7.9007079678909 9.52995391705099 10.8108833804064 8.34824215846668 7.78096662702489 6 5.75076185521136 11.0021369109561 6 6 7.41733870967693 7.7361658242896 5 6 5.69556451613162 5.57741192210571 5 -9999 -9999
7.29140961795711 8.71964657351031 7.41820276497602 10.8665359744312 9.2699383083081 9.63330607997708 7 9.35537758287556 9.68481492492966 10.3181767504104 10 8 9.60829493087573 7.14767912888297 7 7.87443325405121 8.27719451464291 9.18479634309539 7.37937602199845 7.60829493087573 8.42885944700564 7.09198008027295 9.12298387096582 9 10.0260610227437 8 8.38775642931546 10 7.01816374312519 8.34632822952186 8 7.34037275159782 6 5.31826036866281 9 8 7 7 6.59160844358548 9.13929872156968 8 8.03482235766338 9.21875464545768 11.4934499033748 10 9.47379032257949 7.21717518953495 8 9.54412256577876 9 7.59406124572534 10.1851865616158 8 3.7054314701951 -9999 -9999
8.02164783707048 8.31336405530161 9 8.45268135870201 6.82879626876759 9.41391965214573 8.5533298647209 8 8.84900401367505 11.6636037609651 10.168685892673 8.70236546752016 9 8.54590642188201 8 6.89954660324027 8.31336405530161 6 10 7 9.20090679352054 9.89617400029829 10.8770161290342 9.34873457707901 9 8.01200386502134 9.99684108815293 9.62104206927657 10.3452040285445 8.34120893414824 6.10282258064615 8 6.68663594469839 5.94124423963041 8.53851085178872 10 9.22807343541068 7.2192284822371 6 7.44160658539979 5.57777426787776 7.45717816262635 9 8 7 8 11.3806953322426 6.70389846885515 7.68663594469839 7.5044038947561 7.43753716366904 6.39983462167109 7 6 -9999 -9999
6 6.71572580645043 7.92655529953882 7.7649769585255 8 7 7 6.7649769585255 7 6.51008064516239 7.87348558049621 7 5.33545785640051 7.7649769585255 10 7.51975248996654 9.7649769585255 6.82704957633415 6 10 8.372287052177 9.7649769585255 6.85905678608462 8.23502304147451 6.01563661364619 8.73567340567947 7.99228853872631 12.2446391407769 13.470046082949 7.29208785491391 7.21085736583879 9 9.96256689460338 9 8.23502304147451 8.17768879143713 8.06396796491773 7 7.15778764679638 6 6 5.7649769585255 9.7649769585255 8.59437713691227 8 7.59746172142018 8.10471792775357 6.23502304147451 6 6.84979374163791 6 5.92845064664849 5 5 -9999 -9999
6.66750594618605 7.04454065705414 9.68749999999829 8.65927419354787 6.31114352608939 5.50837111639466 7.35875018581895 8.0856065110752 8 7.56983982458708 7.92766091868567 8 7.50157016500689 6.31336405530161 8.44714397205236 7.10645532927094 7.95419577820713 8.04138174520607 9.3978556563073 9.24829047123735 6.12856771220554 2.15668202765081 7 8.9349357068534 9 9.96169354838803 7.99842054407646 7.9818548387077 8.19578749814384 8 8.96225100341927 5.86385089935992 8.26604541400538 9.15668202765081 7.12288167087915 7.32418797383803 6.61378586293864 6.45708525345764 6 6.30094209900485 6.93966478370688 7 7.91249814181632 9 8.15668202765081 6.55623792180721 6 5 5.61088709677606 5.15668202765081 7 5 6 8.11782741192279 -9999 -9999
9 6.71572580645043 9.9216589861746 9 8.02890404340744 6 7.03332651999437 6.53197004608438 6.47755314404558 6.51008064516239 7.9216589861746 6.9216589861746 7.9216589861746 7.42582131707938 7.05101642634204 8.37379218076368 8 15.6435260888952 6.9401386204841 8 8.22966218225022 9.64293147019618 9 7.84917125018569 7.79901887914563 6.88635350081796 8 6.90493533521396 8 4.36294038947982 7.07028578861344 5.93192544967996 6.22513750557686 7.68519585253228 6.0783410138254 5.69681878994959 5.0783410138254 7.94519287944073 8.69711609930144 6.40723948268338 11 7.61907239482632 8 9 8 9.03711721421154 8 8.33899769585152 6 6.97172773896232 6.0783410138254 6.35892671324311 7 8 -9999 -9999
7 10 10.6874999999983 8 11 8 6.57459677419231 8 8.51814516128974 5 4.61491935484358 7 7 8 7 8.32056451612821 9 9 7 4.20766129032137 4 6.84879032258162 8 5.90524193548419 6 6.92338709677606 7 6 8 7.92540322580513 7 8 6 7 6 10 8 6 7 8 7.38508064516239 8.58669354838633 9 8 8.50201612903248 9 9.44556451612821 9 8 7.63911290322735 8.66733870967863 9 8 6.49596774193675 8 -9999
7.97994090976683 10.7379961349771 9.94614055299625 9 7.07834101382383 7.96888471829969 6.60792329418601 15.4608945295086 8 5.54846142411229 5.03616954065644 6.52214954660424 7.96825293593034 7 7 6.32056451612821 6.34777761260393 7.30107217184381 7.92608146276348 3.01626839601574 7.01405715772235 3.98815408057107 8.84331797235234 6.16567563549749 6.85895458599833 7.96169354838803 7.08763193102106 6.00142151033164 8.04273821911817 6.07834101382383 6.89717741935385 5 5 6 6.03380035677098 6.92165898617617 7.1670506912479 8.64478965363499 7.07834101382383 7 9 8.45926861899816 8 8 7.96098743868049 8 8 6 5.04785751449333 8 9 8.07834101382383 7.95672290768612 8 8 -9999
11.62738776572 8.04454065705374 7.73646313363899 9.65927419354787 8 7.6650531440449 7.20206815817019 7.46076445666662 8 5.41315779693698 6 5.52223316485744 5 6.37701612903077 6 8.62320685298124 7.70766129032393 7 6.64439014419664 4.96746320796816 5.77804927902255 7.13299018879125 8.01926936227109 7.92008882116865 6.93346774193675 7.18898654675072 8.00850118923546 8.83370187304824 7.80421250185753 9.01168797383695 5.01611045042378 7 7 8 4.85914040434365 6.2057287795461 9 8 6.8795432585099 6.45762412665473 6.67525457113018 7 6 8.05100713542137 7.34130184331815 9 6 8.73934331797244 6 7 5.33266129032137 5.04769956890092 6.04327709231436 6.36581128289008 6.96556786085956 7.28819496060539
10 7.78253679203079 8 8 7.51726252415627 7 5.96557715177316 13.3252192656478 8 8.39019994053971 5 6 4.7649769585268 5 7 7.24522446855937 7.16631670878478 7.2350230414732 6.70679723501851 10 6.62771294782408 5.35069496060453 6.90592017244072 8.69248922253761 8 4.73567340568072 7.99763081611473 10.2629050839907 6.77587520440185 7 7 7 6.15927419355042 7 10 6.82231120856385 8 7.53517541251745 7 7.2729857291528 11.5843243645063 8.47321428572087 7.32344470046014 5.64064590456163 6 5.8886483573668 6 7.44572246172265 9.62140441504576 6 6.7649769585268 6.69556451613162 7.1051917645306 5.633556934741 6 -9999
7 7.1951928794421 7.09792626728139 7 8.88438382637131 7.31336405529874 15.8666939200237 8.83067303404085 8.49322692136186 5.51008064516239 5.36962055894312 5.29763453248109 6 6 6 9 8.68663594470126 7.23060056488736 8.45074884792861 8.31336405529874 6.61965772261122 7.04738367771624 7 6 9 10.8730767801429 5 7.62104206927087 7 6.3645848818197 8 6.86895161290299 7 6.12874423963266 8 8 9 7.68663594470126 7.77435149397918 6.88817452058851 6 5 6 5 11 9.32532146573469 5 3.41733870967692 4.19143005797542 6 6 7.51347182993494 6 10 7 -9999
9.10029545116716 7.71964657351031 6.66100230414655 7.34072580645214 10 8.1555764085036 7.39170506912427 7.66764530994547 6.39170506912428 5.70198453991438 5.81915229671544 7 6.60829493087573 7 7 7 6.72280548535709 7.60829493087572 7.59861379515484 9.53938419800924 11.3899955403609 10.5163752415638 7.18995280214131 5.94235914969544 7.90740671919309 7 10.4039690798246 7.99289244834173 7 7.60829493087573 6.54574847628911 7.47142113869482 6.51140924631969 5 4.60829493087573 7.85096439720275 6.10661327486291 7.51686301471615 5.19990337446121 5.82536792032217 4.62594767355491 5 6 4.81599338486631 4.49956332689158 4 8.82547012041068 8.39170506912427 6.23669540656946 5.74965623606312 6.59406124572534 6.664161215996 8.45152928497083 5.150847331649 5.52559647688035 -9999
9.34969154154905 9.84934777761212 8.16561059907909 9 9.70337817749386 8.18669169020459 7.72991303701531 8.75959751746667 5.2745930578261 6 7.24467630444368 6.22971792775338 4.9351958525331 7.62298387096923 5.65488888063001 9 8 7.38998624944249 10 11.4199030028247 9.30136019027914 5.52995391705019 6.47004608294981 4.61502155492787 5.51934368960894 9.02030065408006 5.52461163966179 6.0854950200702 4.57632488479335 9.92540322580513 8.63277649769634 5 6.67968633863692 5.47004608294981 5.10140107031442 5.17457633417532 5.67419540657052 5 6 6.30230786383197 4.79592500371598 4.80572692136111 5 5.53024193548206 4.26390850304705 6.25108703731147 6.55443548387179 4.25607625984734 5.18290099598564 7.19125353054754 3.6264122194144 6.05990783410038 8.27620967741881 9.17647168128379 -9999 -9999
8 9 9.235887096771 10.3715530697185 10.7507154006229 7.27224245577542 7 8.24674817898063 7.7357570239338 6.27972164412055 8 8.74414672216337 8.18301248699288 9.01430801249167 8.93697970863866 6.83792924037333 10.7076612903239 11.1192767950053 8 9.35783038501733 8.2721774193572 5.06828824141498 6 3.14672216441144 5.90966441207341 5.54838709677271 5.45258844953297 4.9818548387077 5.56932882414066 6.07459677419487 6.89717741935385 6 6.97515608741308 5.6330645161286 6 5.54838709677271 6 6.13566597294547 12.1229838709692 5 5.17390738813843 4.37330905307164 3.45161290322729 4 3 7.47379032257949 7.54838709677271 4.49200052029156 7.84573361082203 7.54838709677271 7.48380593132192 6.45161290322729 5 3.97600156087477 -9999 -9999
12.3732718894002 7 8.68749999999829 7.41318566968947 7 7.14825516575026 7.84120893414583 6.71569793369911 6.48185483871026 6.86319124423779 6.66262821465594 7.21147056637406 8 7.00374423963059 11.4081314107341 7 6 9.91207075962374 23.3732718894002 9.42590493533448 6.82056451612991 8.46803924483301 5.07707744908466 5.31964471532516 5.97516537832667 6.35897316783077 11.3631912442412 10.3732718894002 7.02906198900036 8.04675189534799 5 5 5.90017838560884 6 5.1352014270859 6 5.81552883900621 7.43845696447181 5 5.88321317080178 5.62672811059982 9.58669354838633 11.5584677419333 5 4.18588338040686 7.49308755760073 5.79304481938467 5.03596514048039 3.75613200535245 5.50798089787266 6.37327188940018 5.50476624052725 5.90723948268349 -9999 -9999 -9999
7 7 7 7.2402352460237 7.15000185818197 7.67721495466282 8 8 6 5.64035788612997 7 8.4727125761854 7.46113609335483 8.81626282146502 8.24592128734852 6.25302883900799 9.79388100193359 6.07789504979926 20.2358870967727 14.3749163817465 8.24200981120919 7.56245354541394 5.70506912442352 5.33379478222113 9.93346774193675 5.54025754422686 10.7080422179266 10.0181451612923 9.98632376988218 8.70506912442352 10.6325720975164 5.96134978445059 5.40723019176634 5.70506912442352 6.61659171993377 6.44596402556867 6 5.4181377285569 6 5.35685483871111 6 5.12189683365583 5 7 4.85193994351093 7 8 8 5.70506912442352 7.29493087557649 3.8031812100484 7.64394418016359 5.50839898914914 -9999 -9999 -9999
11 18.958553218369 6.8510944700465 6.92620224468551 5.86332131708069 6 6.11667533819046 6.33492827411892 6.37748996580991 8 7 7.28165415489779 8 6.62298387096923 7.21658986175108 7.67943548387179 8.93668239928677 9.4807027649763 22.7323193845701 16.7384328080872 11 7.69770142708548 8 8.07423442842253 9 8.78341013824892 8.21440649620974 9.01421510331655 10.9536290322568 7.72497026906399 5 6.24497361379513 6.3413668797399 6.62499999999659 7 9 3.80404526534909 7.21658986175108 5.1454121450869 6 3 3.54037832614892 6.78341013824892 8 7.49885721718436 7.628827857887 7.78341013824892 10 7.47857514493982 5.78341013824892 4.92794893711936 7.78341013824892 5 -9999 -9999 -9999
5.10285045339623 6.75502638620366 6.09504608294867 5.34072580645214 6.31794447747994 5.34226809870829 7 6 6 7.06773078638279 9.86175115207432 7.37354132599958 7.59475806451709 6.0521220454879 6.35063921510526 3.27624684108763 4.84591013824961 7.58925784153034 17.2845343392338 19.6827987958986 11.1134420990037 11.891918760226 8 8.86175115207432 7.07573026609039 7 6.00139363757958 6.99749145235591 5.68995280214087 6.20253270402914 5.98578489668493 6.11293109855833 6 6.29982718894108 6.78427419354701 6.31356845547615 6.13824884792568 7 6.37601270997457 5 4.86175115207432 7 8.31944960606718 7.54306340122022 7 6.59171064367546 7 8 4.52736175114961 9.65450795302617 5.71332874981503 11.9038390069868 7.34722944849324 11 -9999 -9999
12.5488888063 20.3101215251983 8.018721198157 6.05990783410208 6 5.94009216589792 5.94009216589792 19.9072580645179 12.4293704474489 14.4006615133025 6 6.94009216589792 4 5.02258621971178 8.86206704325676 2.7585476438251 3.33473316485726 8 18.3695462315941 21.4524212130231 5.90168351419527 9.81605842128777 7.16815631038979 7.97082651999512 9.05592203062359 7.96169354838803 2.99052326445885 5.94117920321037 4.01075888211621 7.7762096774154 7.0061598781033 4.05205700906853 4 10.8790322580544 8.94009216589792 5.94009216589792 9.92378660621281 7.01799650661537 6.32862903225812 9.30766872305381 7.56431172885238 12.3965828006512 8.41508101679969 7.55838412367931 7 7 7.02669280511398 6 5 9.12125576036433 11.35460643675 11 13.3526646350531 5.95494834249989 -9999 -9999
9.72079864724398 20.5685483870991 11.29406682028 8 6 9.42293184183058 2.57459677419231 19.4720622119807 16.5270272781315 14.0184331797218 12.0184331797218 8.84051211535767 7.99253010257245 7.98851642634267 5.66321354244095 4.69125353054821 3.30538315742274 5.72232235766502 8.24997212724555 20.7332113126276 2.99669243347736 17.7059424706418 9.14368403448396 7.99825330756669 6.83374832764052 7.94396647837335 6 6 6.99829047123544 3.90834510182878 8.77971235320296 4.0024156384716 5.98156682027825 8.18058755760599 8.99602348743903 7.50265720231786 5.01843317972175 7 11.3225713542447 11.656301100042 5 17.3872547197892 8.10448565482086 8 8 8.00969971755522 8 4 4.59962650513149 10.3608870967727 10.3388304593412 11.6699215846638 4.28955143451581 3 -9999 -9999
18.3032648283038 21.4172086368348 6.96975806451631 6 20.877861602499 20.590725806451 18.8096383975054 19.4097294484925 20.046631113423 19.0675728407924 13 10.8249869927156 5.70967741935814 6.93971123829399 4 1.28954214360002 6.6391779396482 6.16733870967793 7.02282778355838 17.5079994797118 6.16207075962479 19.4667013527539 14.011901664932 8.09677419354729 8.05365504682535 6.96540062435044 6.98991935484102 9.06399583766438 4.90322580645271 5.17137096774216 2.17969562955247 5.90322580645271 7 3.82459677419571 8 5.14717741935698 5.97366024974004 4.6685093652445 8.49687825182294 8.90322580645271 8.80645161290543 7.62669094692913 8.25643860561348 11.3671305931355 5.99596774193504 7.09677419354729 5.5007804370461 5.10893600416392 4.97853798126939 5.80645161290543 4 3.64672216440697 4.92995577523487 4.55846774193705 10.2197580645145 -9999
20.1302772409675 5.71572580645043 12.7422235023021 8.17511520737112 20.3043425747006 19.2111268024348 19.0744945741037 22.7273580347831 17.8384402408166 19 19.2865783410144 12.566532258065 9.01595250482689 7.51388992121559 5.65120967742051 3.28225806451283 6.16841645607248 3.78213728259246 7.36969488627626 14.9933105396255 22.1480136019024 21.4267875724739 18.8554797829667 24.3633027352531 8 6.17511520737112 6.84328080867939 3.00317749368248 0.139112903229479 6.06153374461252 6.74006800951502 1.58754831276393 5.84072580644958 5.70305299539194 7.74366359446514 7.79876802437798 5.68016017541172 12.5272595510688 13.6713709677419 10 9.82488479262888 9.92762375501785 13.1309183142587 8.36082206034873 4 5.09214731678218 6 6.72285193994683 5.78604875873544 5.52719451464513 3.17511520737112 4.70046082948448 3.9516314850609 5.95657425301068 7.11210420693545 -9999
14.3745261632223 20.2534562211984 18.3125000000017 20.2534562211984 20.6224078341026 19.9478779545124 20.4632172588084 19.8615188791439 21.2534562211984 21.6342537535315 18.7723446558654 11.6869239631334 9 10.3770161290308 5.25345622119836 5.25345622119836 8.70766129032393 5 5.58801285863214 8.61614575590707 18.0454790396906 6 7.37814033001173 18.0947580645158 12.4930875576033 7.71794633566276 6 5.23531105990606 3 4 4.7632581388463 5 6.21308718596666 4.79406682027676 7.03773041474537 14 16.4379273821912 18.1773171547496 15.2534562211984 11.4473019176472 13 9.23991935484102 12.8584528764684 14.8809368960898 14.5020161290325 7 4.50691244239672 5.16388248847856 6 10.1619871413711 13.0051100044608 9.34297420841484 14 8.12775011149079 5.89164003270491 -9999
