rasters/Algeria_bio4.asc
NCOLS 248 
NROWS 217 
XLLCORNER -8.682385214 
YLLCORNER 18.975561136 
CELLSIZE 0.0832711529596774 
NODATA_value -3.4e+38 
[rows 21 to 41 of 217, columns 141 to 187 of 248]
668.294189453125 686.067443847656 704.793762207031 724.175964355469 734.43310546875 739.616882324219 753.953491210938 770.686401367188 785.480651855469 795.144653320312 803.458679199219 816.922973632812 825.009460449219 833.324340820312 836.731506347656 842.894897460938 847.094299316406 847.538452148438 846.078918457031 846.23779296875 845.9736328125 844.420471191406 837.488586425781 830.777404785156 828.732849121094 831.634521484375 827.99267578125 807.791564941406 754.368957519531 695.760925292969 651.831481933594 628.723754882812 603.072937011719 582.05712890625 615.191528320312 658.242126464844 677.268615722656 685.008911132812 684.321655273438 687.014038085938 678.942687988281 666.333251953125 659.991333007812 659.173645019531 663.746459960938 639.399841308594 662.720703125
693.967590332031 706.321899414062 713.024475097656 722.313232421875 725.475708007812 735.900695800781 752.396484375 767.952941894531 782.003967285156 794.316955566406 806.904296875 815.130554199219 819.587890625 829.453369140625 840.185913085938 845.570373535156 845.7578125 845.922180175781 845.807250976562 846.550109863281 846.035522460938 845.901550292969 841.308959960938 832.138610839844 831.628723144531 828.673400878906 818.03515625 799.889892578125 761.770324707031 729.516967773438 705.102966308594 690.516174316406 625.806945800781 647.542846679688 659.672241210938 639.024169921875 673.645324707031 680.576110839844 685.538757324219 688.7626953125 678.42333984375 673.362976074219 656.847778320312 656.786437988281 688.546875 697.598022460938 714.906188964844
706.436645507812 713.255859375 717.033203125 721.41064453125 728.68359375 747.877868652344 761.322021484375 769.708984375 780.065368652344 792.326293945312 801.502990722656 809.563049316406 816.057861328125 822.232727050781 832.179870605469 834.329711914062 835.958679199219 837.427307128906 839.696655273438 842.682006835938 839.819274902344 832.002136230469 828.617004394531 829.810729980469 827.778747558594 822.367004394531 798.747741699219 789.97607421875 780.970764160156 769.552185058594 754.511047363281 713.486206054688 660.7685546875 636.171569824219 627.105163574219 659.978454589844 661.358764648438 669.129638671875 683.029052734375 690.338684082031 693.571655273438 688.877136230469 673.875244140625 665.677795410156 693.400329589844 724.686340332031 729.077819824219
715.83935546875 721.420654296875 720.520751953125 733.154235839844 748.297241210938 758.143676757812 763.746154785156 774.228149414062 783.411926269531 795.031860351562 798.933471679688 803.177978515625 801.51220703125 802.369201660156 808.524475097656 811.573913574219 818.221862792969 828.258178710938 833.719421386719 836.431396484375 835.781677246094 828.936401367188 822.101806640625 817.823120117188 822.343017578125 822.6787109375 811.958862304688 804.793884277344 803.687561035156 795.095886230469 777.628112792969 760.365783691406 728.417236328125 664.335205078125 664.429565429688 676.193603515625 673.904357910156 684.525207519531 695.648742675781 693.497619628906 697.355407714844 698.86865234375 684.414611816406 707.498168945312 727.80517578125 707.835632324219 686.973449707031
717.263854980469 725.892944335938 738.223083496094 748.847229003906 755.194030761719 763.428283691406 774.34912109375 782.439208984375 790.045593261719 797.563842773438 798.630920410156 802.516967773438 804.180725097656 803.559936523438 806.752075195312 814.394470214844 821.307312011719 826.4482421875 831.987915039062 831.075256347656 824.321960449219 822.160217285156 825.834533691406 828.301696777344 824.178894042969 821.575805664062 821.832946777344 819.064392089844 813.707336425781 806.547180175781 799.68994140625 791.687194824219 778.160766601562 747.73388671875 741.105529785156 704.127502441406 680.03271484375 686.206909179688 694.781372070312 703.350769042969 705.512268066406 719.607116699219 726.436279296875 740.635192871094 719.655334472656 684.86474609375 692.680969238281
732.423645019531 745.513061523438 751.107727050781 755.1357421875 761.8203125 771.768737792969 778.63720703125 785.255249023438 791.066833496094 796.259887695312 800.720397949219 804.400756835938 808.319458007812 812.064453125 818.717346191406 823.152221679688 826.220153808594 829.858642578125 829.28173828125 825.175720214844 826.685180664062 825.72900390625 821.246459960938 815.574401855469 821.235290527344 824.268432617188 822.511169433594 818.11865234375 817.418518066406 812.459899902344 806.558044433594 806.432067871094 799.826721191406 784.84765625 764.15576171875 749.858520507812 743.449401855469 743.221496582031 748.551574707031 752.288146972656 748.045104980469 744.384094238281 736.067016601562 748.141357421875 745.595153808594 740.230651855469 741.07958984375
745.140563964844 751.310791015625 758.224914550781 766.581665039062 770.763244628906 776.808471679688 784.354125976562 789.399597167969 792.598022460938 798.580261230469 802.617553710938 806.279357910156 811.684936523438 815.7001953125 819.831115722656 820.551574707031 820.783264160156 821.707214355469 819.046325683594 816.772583007812 820.955261230469 825.515258789062 823.188049316406 821.728454589844 821.658569335938 817.007080078125 809.927795410156 808.585388183594 811.886474609375 806.831481933594 807.001708984375 812.294738769531 807.154113769531 802.521850585938 797.301513671875 793.199890136719 788.929016113281 784.39501953125 779.358825683594 776.093872070312 772.266052246094 772.129028320312 769.244812011719 766.005981445312 769.789306640625 770.905517578125 767.806030273438
759.057006835938 757.02490234375 764.216613769531 769.900573730469 775.779418945312 784.55419921875 788.318908691406 790.937377929688 795.292236328125 802.991882324219 805.120788574219 806.453430175781 812.319274902344 815.873046875 820.299865722656 818.581848144531 823.060913085938 823.937561035156 822.916442871094 825.292541503906 825.608703613281 825.34375 827.127563476562 826.793029785156 825.005920410156 822.809875488281 810.828430175781 799.205688476562 804.795532226562 814.214904785156 818.926208496094 817.534912109375 812.198791503906 805.288391113281 804.303588867188 802.71044921875 798.538452148438 795.040466308594 790.2587890625 786.016784667969 782.174072265625 779.127624511719 774.907836914062 773.517761230469 776.702819824219 778.116394042969 776.847900390625
769.510131835938 764.194458007812 768.944030761719 776.691772460938 784.269836425781 790.120910644531 792.0751953125 794.912475585938 802.392578125 807.889831542969 811.02783203125 813.857482910156 814.060668945312 815.358276367188 816.97509765625 821.078002929688 824.334716796875 825.475219726562 828.752685546875 826.561950683594 825.372802734375 828.323852539062 829.627014160156 826.178771972656 823.049133300781 827.156433105469 824.936706542969 821.2666015625 821.50927734375 824.762451171875 827.869323730469 825.377563476562 820.016479492188 814.048400878906 808.186157226562 801.717163085938 797.129821777344 795.218322753906 794.461547851562 791.454895019531 787.91259765625 784.300964355469 782.660583496094 781.884033203125 782.520751953125 783.622863769531 781.7919921875
776.2470703125 777.369445800781 780.395812988281 783.453125 781.786254882812 788.457275390625 794.489318847656 801.463745117188 806.087646484375 807.410400390625 808.937316894531 812.34521484375 811.504211425781 813.038269042969 816.664306640625 821.273132324219 824.70849609375 827.710388183594 825.5947265625 827.346984863281 830.443481445312 830.989624023438 831.514038085938 831.018981933594 830.084289550781 831.177490234375 829.927612304688 830.918823242188 831.717651367188 830.966796875 830.591369628906 827.993347167969 824.426879882812 820.160705566406 815.3017578125 807.918640136719 799.554138183594 795.037292480469 793.756774902344 793.955383300781 792.989624023438 790.074829101562 787.540893554688 786.762023925781 788.658325195312 789.1669921875 788.447570800781
783.192260742188 782.188110351562 785.727355957031 785.950317382812 785.066833496094 792.74560546875 799.395935058594 805.734008789062 809.092346191406 807.62158203125 808.292358398438 810.029907226562 811.680908203125 815.423522949219 819.440734863281 822.950500488281 827.971801757812 827.965637207031 829.518859863281 833.439392089844 834.411315917969 834.155578613281 834.530944824219 832.405700683594 828.60205078125 832.019165039062 833.131713867188 834.433532714844 833.772094726562 832.748657226562 831.600952148438 829.492614746094 826.796264648438 822.740112304688 818.484802246094 811.413818359375 801.743591308594 797.734497070312 795.100280761719 794.380310058594 794.921325683594 793.830444335938 792.740783691406 792.049072265625 790.782104492188 792.173583984375 791.422973632812
785.435974121094 786.674987792969 791.844482421875 790.828491210938 793.943542480469 799.191772460938 804.5986328125 808.017456054688 808.7587890625 808.591064453125 809.203918457031 812.049255371094 814.572998046875 818.556518554688 822.211853027344 826.625854492188 828.891357421875 830.07373046875 833.445495605469 836.379028320312 836.334045410156 834.271545410156 831.910522460938 832.488647460938 832.612609863281 833.962768554688 834.348327636719 835.861572265625 834.279113769531 834.664123535156 833.425964355469 831.182373046875 828.832946777344 824.486938476562 819.256408691406 812.575378417969 803.302368164062 800.725769042969 797.309326171875 795.458435058594 793.713745117188 791.759948730469 793.586059570312 796.866333007812 796.032287597656 795.469421386719 794.453002929688
794.295837402344 796.244873046875 797.912292480469 799.181213378906 800.867736816406 804.215087890625 809.125 811.403259277344 808.852844238281 809.783569335938 812.377624511719 814.43310546875 817.356323242188 821.691223144531 826.06298828125 830.778442382812 833.743774414062 835.100708007812 837.681518554688 838.778076171875 837.364562988281 837.109313964844 838.064086914062 837.024047851562 837.154663085938 837.0595703125 836.551025390625 836.484008789062 835.340026855469 834.613647460938 834.018737792969 832.280090332031 829.744567871094 827.27978515625 822.34912109375 814.63134765625 804.481689453125 802.194274902344 801.2080078125 799.087890625 795.341674804688 793.661804199219 791.91796875 797.679077148438 798.211486816406 800.240966796875 799.441223144531
803.692443847656 804.030883789062 806.814025878906 808.590393066406 806.835754394531 806.399841308594 809.712219238281 810.773193359375 811.019165039062 812.159423828125 815.576232910156 820.199584960938 824.405395507812 829.519104003906 832.617431640625 835.514953613281 839.242370605469 842.251586914062 842.024108886719 841.251525878906 840.195495605469 839.7705078125 840.432067871094 839.188537597656 838.996887207031 839.432067871094 838.118835449219 836.58740234375 835.628540039062 835.409851074219 833.780090332031 832.37548828125 829.44775390625 824.730651855469 822.913513183594 819.575500488281 815.107604980469 813.619995117188 811.833618164062 809.712097167969 802.761474609375 798.676513671875 797.348815917969 800.929565429688 796.638549804688 796.897827148438 805.168884277344
810.898315429688 813.203369140625 814.903564453125 817.121643066406 815.476379394531 812.022155761719 811.931823730469 813.068786621094 815.998657226562 819.391357421875 823.536010742188 828.778015136719 831.917114257812 834.619079589844 835.772155761719 839.020080566406 841.974975585938 841.664306640625 840.031860351562 841.601867675781 841.672973632812 841.730834960938 841.414428710938 840.223571777344 839.674560546875 840.015075683594 839.598205566406 839.736572265625 839.119323730469 837.3798828125 834.589782714844 830.269287109375 826.906372070312 821.133483886719 821.369506835938 818.631774902344 818.677429199219 816.476501464844 814.104614257812 811.505310058594 810.658447265625 807.578674316406 806.359619140625 807.421325683594 800.248046875 797.6396484375 802.275146484375
817.573547363281 817.994201660156 819.19775390625 818.406677246094 816.089782714844 816.709289550781 818.216491699219 820.2314453125 823.665954589844 827.10986328125 831.355651855469 835.045104980469 836.165588378906 837.277282714844 838.6103515625 841.226623535156 842.004577636719 841.993591308594 839.515747070312 837.508911132812 837.912719726562 839.21337890625 841.037658691406 841.383239746094 840.755798339844 840.771301269531 841.614807128906 841.622009277344 839.981201171875 838.264587402344 834.3935546875 832.097717285156 828.614624023438 822.8798828125 815.8935546875 818.289367675781 821.557678222656 817.1865234375 812.919372558594 812.504272460938 817.454833984375 813.922119140625 808.373901367188 809.970092773438 809.529357910156 809.346374511719 808.120910644531
823.592468261719 822.133178710938 823.167724609375 821.816589355469 822.496337890625 824.696105957031 826.390441894531 829.022644042969 830.390319824219 833.182006835938 836.123168945312 837.534057617188 838.990356445312 840.505554199219 840.833374023438 841.875793457031 843.369323730469 844.401489257812 844.007629394531 839.984985351562 838.145629882812 838.181579589844 837.782653808594 838.227233886719 837.476135253906 839.416015625 841.595520019531 842.76318359375 842.750915527344 840.161010742188 838.234313964844 835.4501953125 832.029113769531 826.142944335938 812.465942382812 813.480651855469 825.516174316406 822.062072753906 817.324401855469 816.772583007812 816.930541992188 813.8037109375 814.529113769531 814.574035644531 813.404296875 813.371765136719 813.263671875
830.61474609375 829.409851074219 829.355651855469 830.992065429688 832.676696777344 833.470397949219 833.78369140625 835.094909667969 836.601440429688 838.817687988281 839.432189941406 839.782531738281 841.043090820312 842.900512695312 843.301147460938 843.995727539062 845.069458007812 845.55224609375 846.934387207031 845.9755859375 842.501586914062 841.01318359375 840.908813476562 840.489074707031 839.943542480469 842.340942382812 843.033325195312 843.508850097656 844.249877929688 843.38916015625 843.558715820312 839.640869140625 835.235900878906 830.364379882812 823.330322265625 821.887939453125 833.735107421875 834.571350097656 830.874755859375 826.017211914062 821.631408691406 819.370239257812 822.557800292969 821.130249023438 817.691284179688 815.144226074219 814.532104492188
838.066650390625 836.522338867188 835.744201660156 837.075866699219 838.261657714844 838.671081542969 838.088623046875 839.900939941406 841.880920410156 843.601928710938 843.438720703125 843.03173828125 842.874572753906 843.387634277344 844.994506835938 846.534606933594 847.72216796875 846.520751953125 848.204467773438 848.840393066406 849.253356933594 848.4677734375 845.648864746094 844.784973144531 845.229858398438 848.383666992188 848.413940429688 846.95751953125 847.511474609375 848.57275390625 846.165893554688 841.295166015625 836.980895996094 833.108459472656 830.137817382812 834.541809082031 841.479858398438 840.993469238281 837.338012695312 834.425048828125 830.72509765625 827.966369628906 825.698547363281 825.055908203125 821.684814453125 818.865539550781 819.594299316406
843.090942382812 841.094116210938 839.712951660156 840.22509765625 840.017456054688 842.434020996094 842.299072265625 842.890747070312 844.354125976562 845.201171875 845.210693359375 843.749633789062 845.107727050781 846.175231933594 846.727294921875 848.624816894531 849.156982421875 848.22705078125 849.798095703125 851.529724121094 852.725891113281 854.482055664062 853.598449707031 852.703491210938 853.242980957031 854.052124023438 852.673461914062 850.972778320312 850.783264160156 850.692016601562 847.6806640625 844.832092285156 842.481567382812 835.7626953125 833.168395996094 837.994018554688 844.361083984375 845.092590332031 842.547912597656 839.560852050781 836.690246582031 834.238525390625 831.349975585938 828.992248535156 826.812927246094 824.43115234375 824.499877929688
848.392944335938 846.082641601562 844.647338867188 844.728698730469 845.307250976562 846.657836914062 846.980407714844 846.121032714844 846.017395019531 846.371948242188 847.116333007812 846.763732910156 847.532653808594 848.865478515625 849.4951171875 850.398376464844 850.184997558594 850.212097167969 850.921630859375 851.68701171875 851.867065429688 853.600463867188 854.667846679688 854.84716796875 854.684020996094 855.431823730469 855.150085449219 853.449890136719 851.829772949219 852.885070800781 851.243041992188 848.745056152344 844.115173339844 835.637084960938 832.285827636719 834.406188964844 846.679382324219 847.515502929688 845.25927734375 843.572875976562 842.116333007812 839.496826171875 834.962524414062 830.21044921875 828.572570800781 827.365661621094 825.356323242188
