rasters/Algeria_bio4.asc
NCOLS 248 
NROWS 217 
XLLCORNER -8.682385214 
YLLCORNER 18.975561136 
CELLSIZE 0.0832711529596774 
NODATA_value -3.4e+38 
[rows 168 to 188 of 217, columns 141 to 187 of 248]
711.942749023438 712.029846191406 711.763000488281 709.862609863281 707.910400390625 705.160888671875 702.909118652344 700.611450195312 697.828430175781 692.921081542969 691.006042480469 688.483642578125 688.074157714844 685.780944824219 683.857971191406 683.658203125 681.567199707031 676.816345214844 672.599731445312 672.402770996094 670.186462402344 667.1923828125 671.123962402344 668.856262207031 666.055786132812 662.495666503906 657.491271972656 656.125671386719 657.608276367188 657.005676269531 661.476806640625 664.715454101562 665.082275390625 664.669799804688 666.519653320312 670.038024902344 670.366394042969 672.173156738281 672.924072265625 672.627685546875 675.544006347656 678.310668945312 681.566772460938 684.370727539062 687.058471679688 688.920593261719 691.793029785156
708.411560058594 708.452880859375 706.792358398438 704.352416992188 703.478149414062 701.180725097656 698.902160644531 697.09765625 692.914367675781 689.475158691406 688.643127441406 684.412902832031 684.450927734375 682.157775878906 681.319519042969 679.238586425781 675.448303222656 671.999694824219 668.672912597656 668.51171875 666.504211425781 665.282958984375 667.284240722656 663.93994140625 661.356079101562 658.33837890625 654.808471679688 653.103332519531 652.790832519531 655.178833007812 658.270629882812 661.23095703125 661.6240234375 661.132507324219 664.356994628906 667.834350585938 668.200561523438 670.620300292969 671.940673828125 670.792846679688 672.116577148438 674.727905273438 677.801574707031 680.928466796875 684.042663574219 686.845825195312 689.440551757812
704.981262207031 704.643188476562 702.099670410156 698.965087890625 698.726501464844 696.347595214844 695.054809570312 692.554382324219 689.593139648438 687.572570800781 685.223937988281 682.708312988281 680.996215820312 680.220703125 677.88330078125 675.247497558594 671.252014160156 668.472534179688 666.214782714844 664.765319824219 662.91552734375 662.163879394531 662.138244628906 658.925415039062 655.791137695312 652.822265625 649.161193847656 649.258666992188 649.449096679688 649.339111328125 653.713745117188 657.867065429688 657.776733398438 661.749877929688 660.64404296875 664.659362792969 667.11865234375 668.5869140625 667.566772460938 668.269348144531 668.367736816406 671.498352050781 674.838073730469 676.885314941406 680.418518066406 684.31494140625 686.662780761719
702.822814941406 700.88037109375 698.771301269531 696.871459960938 695.606872558594 694.36572265625 690.720092773438 689.417724609375 687.556884765625 685.322448730469 682.112487792969 679.68505859375 678.505920410156 673.474609375 670.152282714844 669.980895996094 666.831787109375 661.874816894531 659.923645019531 660.056213378906 659.503112792969 657.298950195312 655.793029785156 653.634338378906 650.9169921875 647.276733398438 645.039489746094 645.009765625 645.192504882812 646.749572753906 648.642639160156 653.180786132812 652.280517578125 652.974792480469 657.461242675781 662.2607421875 664.92626953125 666.3115234375 667.491516113281 668.972351074219 668.130493164062 668.958129882812 672.603393554688 674.788146972656 675.930419921875 680.202880859375 683.792175292969
702.999816894531 699.877807617188 697.1044921875 695.248718261719 693.264770507812 689.818420410156 687.384338378906 687.469909667969 682.261047363281 680.87255859375 678.660583496094 675.10400390625 675.027160644531 670.746887207031 667.492553710938 666.822387695312 663.030090332031 657.539672851562 655.133483886719 652.65185546875 650.331726074219 648.82861328125 647.548095703125 646.387756347656 644.086547851562 642.391174316406 641.040832519531 640.480346679688 640.532531738281 643.1796875 646.586853027344 648.407592773438 651.080139160156 654.055480957031 658.368041992188 661.498413085938 662.309692382812 663.431396484375 663.733703613281 663.973327636719 664.724853515625 667.754089355469 668.026977539062 670.656066894531 673.671691894531 676.222900390625 680.616088867188
700.593139648438 696.878479003906 694.037902832031 691.910339355469 687.971313476562 686.028747558594 685.299621582031 685.128845214844 679.9951171875 678.220642089844 676.67626953125 674.778991699219 671.500427246094 667.692687988281 666.35986328125 664.747619628906 661.751159667969 657.536804199219 654.694946289062 650.438659667969 648.140808105469 645.729614257812 643.717224121094 642.248474121094 639.648620605469 638.423217773438 638.554138183594 638.815734863281 640.112731933594 641.167419433594 643.063171386719 645.698608398438 649.983825683594 652.743286132812 655.081909179688 658.072937011719 658.654663085938 661.148132324219 661.879638671875 661.898193359375 662.109008789062 666.133544921875 667.860168457031 669.491394042969 671.785217285156 673.958374023438 677.006408691406
696.744873046875 694.051391601562 691.756164550781 689.74462890625 685.423156738281 684.352111816406 683.9765625 681.011779785156 678.937683105469 677.780639648438 673.978820800781 670.786254882812 667.803588867188 665.691833496094 663.430358886719 661.962890625 659.923156738281 655.707092285156 652.949951171875 648.017395019531 644.320861816406 644.233581542969 644.131164550781 642.782531738281 639.908813476562 638.62060546875 638.343139648438 638.31982421875 640.15625 641.014282226562 642.355285644531 644.460083007812 647.398376464844 649.725830078125 651.044860839844 653.662048339844 657.775512695312 659.822204589844 660.05615234375 660.817810058594 662.814392089844 664.254333496094 667.325927734375 668.887084960938 669.633728027344 671.698486328125 675.693908691406
693.580139160156 691.188293457031 689.515747070312 687.090209960938 684.826843261719 683.236267089844 681.294372558594 679.133117675781 677.103332519531 675.075744628906 671.952026367188 668.890014648438 666.569274902344 664.532409667969 662.046997070312 659.82861328125 658.006530761719 656.021362304688 653.402770996094 649.790161132812 647.445678710938 644.432006835938 645.608642578125 642.637634277344 640.081115722656 639.997924804688 639.622375488281 639.180847167969 640.381774902344 640.679321289062 641.063781738281 643.315124511719 646.060363769531 647.456970214844 649.847412109375 652.722045898438 655.534118652344 657.018737792969 659.950866699219 661.768615722656 661.430480957031 663.673095703125 666.111877441406 668.214111328125 668.823303222656 671.778747558594 676.262939453125
689.913696289062 689.998840332031 687.732360839844 686.808044433594 685.066833496094 682.33203125 679.743286132812 677.328918457031 674.354370117188 670.652099609375 668.735107421875 667.128112792969 667.194030761719 664.20458984375 661.675109863281 657.907470703125 656.405578613281 655.631958007812 654.368469238281 650.8310546875 646.607543945312 644.018859863281 645.530822753906 643.024169921875 640.34326171875 640.51025390625 641.160400390625 641.112548828125 641.185363769531 641.115112304688 640.962951660156 642.786743164062 644.712768554688 646.130676269531 647.819519042969 650.909851074219 654.412658691406 655.397521972656 658.3642578125 658.498474121094 659.582885742188 662.701538085938 664.655883789062 667.358703613281 669.668029785156 673.024963378906 676.81982421875
689.477172851562 687.676147460938 686.514587402344 685.593566894531 682.727172851562 679.948974609375 677.049926757812 674.902893066406 672.835388183594 670.45751953125 668.558227539062 666.1650390625 664.127685546875 661.740295410156 660.217407226562 656.9287109375 654.652099609375 654.291015625 652.628051757812 648.850524902344 645.057800292969 644.926513671875 645.517761230469 642.764709472656 642.497436523438 642.749145507812 642.428649902344 642.3388671875 640.810913085938 641.950073242188 640.888000488281 642.184631347656 644.656433105469 645.610900878906 648.227905273438 651.346496582031 653.513610839844 653.980346679688 654.807922363281 656.539794921875 658.20263671875 660.626831054688 663.758728027344 668.877685546875 666.675231933594 668.016784667969 670.422424316406
686.684631347656 685.133911132812 684.436767578125 681.782165527344 678.943664550781 677.083801269531 675.034423828125 673.205139160156 672.401489257812 670.848571777344 668.106628417969 666.104797363281 663.186950683594 659.805908203125 658.497192382812 656.960388183594 655.593688964844 653.653686523438 650.744445800781 646.754272460938 646.314392089844 645.510437011719 645.109008789062 644.829162597656 645.667724609375 645.71435546875 644.690673828125 644.544677734375 643.278442382812 643.12109375 642.221740722656 643.470947265625 645.413879394531 646.846984863281 648.450927734375 649.927673339844 650.854187011719 652.778991699219 653.130981445312 653.390625 654.663940429688 659.408996582031 663.23681640625 661.832336425781 661.445922851562 664.522766113281 665.804260253906
681.862365722656 681.013244628906 681.409118652344 678.89697265625 676.941589355469 675.382385253906 673.977905273438 672.532897949219 670.124755859375 669.789916992188 668.390258789062 666.588989257812 663.348327636719 659.479553222656 658.133728027344 658.04345703125 655.598571777344 652.858947753906 650.559814453125 649.863342285156 650.024169921875 647.703369140625 646.800476074219 647.403869628906 648.60107421875 648.029052734375 646.92919921875 647.242309570312 646.28466796875 645.131408691406 645.621276855469 645.680114746094 646.187622070312 647.216918945312 648.625915527344 650.214416503906 650.076721191406 651.599060058594 652.361145019531 653.296325683594 655.654296875 659.038208007812 659.619995117188 658.564208984375 659.883605957031 661.994262695312 661.548400878906
679.9580078125 674.102600097656 676.569946289062 677.360717773438 675.494934082031 673.890075683594 672.598022460938 670.593688964844 668.042663574219 666.628173828125 665.961059570312 664.936645507812 662.496337890625 658.804870605469 658.017883300781 656.993774414062 654.812133789062 653.071044921875 651.096252441406 650.240539550781 649.338806152344 647.802612304688 647.372985839844 647.054321289062 648.340454101562 648.315246582031 646.9306640625 647.257568359375 647.146850585938 647.275085449219 646.195007324219 646.282470703125 646.823669433594 647.121215820312 648.033325195312 648.051086425781 649.125 650.548095703125 650.945129394531 653.099426269531 655.525207519531 656.344543457031 655.904602050781 656.08251953125 658.783264160156 660.321899414062 660.513549804688
677.234252929688 674.113647460938 676.917663574219 676.505493164062 674.212951660156 672.250061035156 670.772521972656 669.193298339844 667.413208007812 665.601867675781 664.2021484375 662.239013671875 660.00537109375 657.630065917969 657.31884765625 655.6962890625 653.015747070312 650.667602539062 648.877990722656 648.970031738281 649.064331054688 647.404052734375 647.000610351562 646.871398925781 647.997863769531 647.239135742188 647.253540039062 646.460815429688 646.374389648438 646.648193359375 646.562805175781 645.987854003906 644.95849609375 645.446472167969 645.528137207031 646.145812988281 647.244873046875 648.25 650.68115234375 652.445129394531 653.660278320312 652.087219238281 652.627685546875 655.681335449219 658.354370117188 660.284057617188 660.09814453125
673.365417480469 675.053955078125 676.268127441406 675.122314453125 672.813171386719 670.486572265625 668.846374511719 666.613525390625 665.341186523438 664.168212890625 663.093322753906 661.066162109375 659.518005371094 657.156555175781 655.313720703125 655.1337890625 653.167541503906 649.685180664062 649.0810546875 649.8037109375 646.505126953125 644.240173339844 644.589721679688 644.975402832031 646.709228515625 646.32763671875 646.574096679688 645.3828125 645.475341796875 646.237426757812 646.164672851562 646.003540039062 645.120483398438 644.059143066406 644.085815429688 644.97119140625 647.243041992188 647.675231933594 648.906982421875 650.608459472656 649.657653808594 646.834167480469 649.238891601562 653.728088378906 659.118225097656 661.114074707031 662.199584960938
673.819519042969 675.809997558594 674.687622070312 672.427062988281 671.104431152344 669.569396972656 667.250061035156 664.5244140625 662.301635742188 661.354675292969 660.021057128906 658.038757324219 657.131103515625 656.122436523438 653.64697265625 653.534851074219 652.413940429688 649.827819824219 649.678283691406 648.911071777344 646.605407714844 644.443786621094 644.144470214844 645.159545898438 646.098693847656 645.18798828125 645.786010742188 644.743469238281 644.774597167969 645.290832519531 645.354736328125 643.988464355469 644.150390625 644.037048339844 644.227233886719 645.113647460938 645.288330078125 645.56396484375 646.211364746094 646.520141601562 646.266418457031 645.729064941406 650.099914550781 653.405822753906 660.733032226562 661.172607421875 662.796630859375
668.750732421875 673.768371582031 674.202270507812 670.65380859375 667.704040527344 667.543823242188 666.671325683594 664.19873046875 660.972961425781 658.995056152344 656.630615234375 654.290832519531 653.267822265625 652.993774414062 651.666076660156 650.92236328125 649.99462890625 649.268249511719 649.927185058594 647.956848144531 645.911682128906 644.0634765625 643.980895996094 644.6064453125 643.911926269531 644.338989257812 644.523681640625 643.842590332031 643.69775390625 643.991943359375 644.175476074219 644.027099609375 644.294738769531 643.786804199219 642.971069335938 642.360961914062 644.230712890625 644.445678710938 644.237548828125 644.152282714844 644.89453125 646.545959472656 652.335083007812 658.549865722656 660.981323242188 660.582336425781 661.256896972656
662.066833496094 667.188720703125 671.073303222656 668.566345214844 667.118591308594 665.721252441406 663.497192382812 662.216247558594 659.783874511719 658.117492675781 655.674743652344 653.529418945312 653.105102539062 651.080200195312 651.30419921875 650.951171875 647.22021484375 646.009216308594 648.173645019531 646.530151367188 644.538452148438 643.434204101562 643.318481445312 643.019714355469 642.857543945312 643.406066894531 643.230163574219 643.226501464844 642.837463378906 641.845642089844 641.283874511719 641.257690429688 641.556091308594 642.087341308594 642.039855957031 641.843078613281 643.3359375 643.902709960938 644.606262207031 647.406799316406 648.54296875 651.948425292969 657.590759277344 659.647644042969 659.231994628906 660.268676757812 660.521606445312
658.715454101562 658.754943847656 664.262084960938 667.008117675781 664.406555175781 662.989929199219 661.554504394531 659.473327636719 657.18994140625 655.582641601562 653.971130371094 652.904602050781 651.689392089844 649.428405761719 650.606689453125 650.580932617188 647.291381835938 647.243957519531 645.785095214844 644.454162597656 644.368835449219 642.930908203125 642.536682128906 642.999084472656 642.957824707031 643.469177246094 642.796020507812 641.968505859375 641.360473632812 641.353088378906 641.251159667969 641.31298828125 641.469055175781 642.550048828125 643.360107421875 643.751220703125 643.73974609375 644.319580078125 646.864868164062 649.709533691406 653.272277832031 654.484313964844 654.288513183594 656.154602050781 655.768310546875 658.133850097656 660.017822265625
656.550048828125 654.306030273438 658.635620117188 664.921936035156 663.973205566406 660.400146484375 658.521057128906 657.378540039062 655.90625 653.911682128906 652.101867675781 651.820861816406 649.021484375 648.479919433594 650.321594238281 648.743408203125 646.55224609375 645.53662109375 644.214904785156 642.973937988281 642.475280761719 641.2080078125 641.12890625 641.6337890625 641.939453125 641.846252441406 641.564331054688 641.070068359375 640.521545410156 639.934753417969 640.228820800781 640.622741699219 641.655334472656 642.755187988281 642.762878417969 643.54345703125 643.618835449219 645.354370117188 646.713439941406 647.308959960938 651.196899414062 647.726806640625 648.663146972656 650.338073730469 651.235412597656 655.822814941406 658.4052734375
658.03125 655.929992675781 658.462768554688 662.365478515625 662.610473632812 660.662353515625 658.147888183594 655.285583496094 654.864074707031 653.398559570312 650.728759765625 649.748291015625 648.550476074219 648.377807617188 648.154541015625 646.153381347656 646.261291503906 644.710510253906 641.846740722656 641.871948242188 642.28955078125 640.839172363281 640.531555175781 640.065612792969 640.806457519531 640.332275390625 640.011535644531 639.841430664062 638.914245605469 639.13037109375 640.432250976562 641.136535644531 641.684875488281 641.646118164062 642.535339355469 642.911010742188 642.497741699219 643.676147460938 643.659362792969 645.590515136719 645.407287597656 642.72802734375 644.721130371094 647.333862304688 648.867858886719 652.300964355469 653.832702636719
