rasters/Algeria_CLYPPT_M_sl2_250m_ll.asc
NCOLS 248 
NROWS 217 
XLLCORNER -8.682385214 
YLLCORNER 18.975561136 
CELLSIZE 0.0832711529596774 
NODATA_value -9999 
[rows 75 to 99 of 217, columns 168 to 223 of 248]
8.85014679649135 12.7767671324487 11.2851382488472 12 10.5677679500524 11.3528039988099 10 9.31976549724939 9 10.7884458153705 12 9.23496729597161 11.2371692433472 12.2583804073144 10.9340437788008 11.3205645161282 12.2935000743279 12 10.0978333581085 10.5852534562213 12 7.47746023487391 10.3637394083551 10.9606994202469 8.58525345622126 10.5628344730198 9.57935372380103 8.96680355284312 10.0192321986032 9.96906124572564 9.08529061989081 9.41474654377874 9 9.50748847926204 8.54100081760147 7.34512970120557 8.88711535602748 9.12459119964337 8.02182436450119 9 7.64011632228394 5.92808830087771 9.58525345622126 9.19483053367101 9.29380667459508 4.03730303255333 5.18479634309462 8.82691021257642 9.9865467518924 -9999 -9999 -9999 -9999 -9999 -9999 -9999
9.49308755760328 9.49308755760328 9.66100230414859 8.67492009811261 11.9912758287493 11 8.79818269659583 11.4930875576033 11.5181451612897 11 10.241480228928 11 10.4930875576033 11 10.5117715920892 11.3205645161282 9.78542626727935 13.3730303255543 11 11.7952096030934 12 12 11.44457038799 9.50691244239672 10.9861751152066 9 8.97248959417108 12.4977144343684 8.50627136910991 8 8.50691244239672 8.85693845696353 9.91926192953659 8 8.38373346216619 7.49646016054685 5.63105767801427 5 7.82625984837215 5.54268247361641 8.60641816559972 7.20379626876786 6.78228593726685 7.7683681433024 8.50691244239672 6.25219265645895 5.57442024676876 6.78844581537097 6.50691244239672 -9999 -9999 -9999 -9999 -9999 -9999 -9999
8.25604838709743 8.57142857142711 10.1785714285719 11 7.36895161290427 9.17021889401047 9.57142857142711 10.9366359446965 11 10.4285714285729 11 11 11 11.4285714285729 10.2790898617526 11 11.4527649769617 12 12.4366359447002 10.0889976958523 8.89746543778879 10 9.49884792626746 7.95938940092166 9.43807603686745 9.02188940092107 9 9 9.54493087557394 7.39660138248927 8.95593317972293 8.80097926267544 7.88997695852795 8.57142857142711 9.45938940092269 7.71428571428133 5.84447004608267 9.47148617511585 10 4.47955069124486 8.47292626728025 8.64948156682089 8.18922811060065 9.2272465437788 8 4.58669354838662 5.63652073732666 5.82114055299499 5 -9999 -9999 -9999 -9999 -9999 -9999 -9999
10.4833971309637 11.7493310539615 11 11 10.8707819235908 9.39169577820572 10 10.6449847628968 10 11 11 11.3681154303551 10.6135442990931 11 8.34879032257949 9.11227144343687 12.7076612903239 11 6.73238442098888 11.2775011149111 10.403978370745 9.84879032258162 8.92008882116978 9.58819867697287 10 8.40001114910017 10 10.0063549873651 10.6497695852526 9.52670209602799 5.96398840493491 7.13104838709701 8.10349152668471 9.12183179723598 7.13450460829436 7.64976958525265 10.272177419356 6.19519287944107 8.11509588226578 9 8.10001672365136 9.46289207670548 7.80440761111967 9.49094135573123 8.52605173182826 9.18429463356706 4.15605024528029 5.44570387988557 5.64976958525265 7.12639363757966 -9999 -9999 -9999 -9999 -9999 -9999
8 11 12 12 11 9 9.84377322729226 8.54637096774103 10.3772669837953 11.35671547495 12 11.1178552846744 9 9.72811059907648 8 10.5052958228043 9.92051620335942 10.0077764976983 10.9358647985729 11.0642281106022 10.2718894009235 11.0411123086071 9.81765645904215 10.9310056488781 9.98191058421309 7.74894083543705 6.74279024824804 6.98678831574112 6.69434740597325 7.8913705961036 6.27188940092352 8.72811059907648 6.45622119815296 6.86347926267192 4.48761520737651 7.20556154303665 8.14800431098724 6.27188940092352 8.36124015163026 8.88857403003191 12.447571354245 12.0290434071631 11.4415322580667 10.0977404489338 6.86057120558811 7.85692916604598 8.07147502601483 3.69613126207933 7.8224784450744 7.63911290322735 -9999 -9999 -9999 -9999 -9999 -9999
9.19354838709799 10.8456035379849 10.2540322580664 10 9.07140998959482 8.11667533818981 9.14951873048835 8.33487252861415 9 9.70362903226038 8.91063995837645 11 9.44192247658653 12 9.28128251820885 9.25851977107075 10 9.94888137356899 9 10.9598074921956 10.8205645161299 9.31549167533843 10 9.11713059313374 8.37421956295784 8.83734391258904 6.80645161290202 10 9.99102497398514 9.19354838709799 8.98009885535869 8.02536420395442 7.64373048907205 5.30846774193729 6.50286160249482 5.24395161290427 4.80645161290202 7.19354838709799 7.87005723204915 11.0690686784606 12.0745317377738 12.920005202913 7.81529656607124 10.5219823100903 9.30846774193449 5.57563735691958 6.80489073881171 6.53011186264339 8.61088709677606 7.63911290322735 -9999 -9999 -9999 -9999 -9999 -9999
11.4611918388575 8.11520737327074 11.1152073732707 6.96330087706307 8 7.06944960606424 9 9.40136762301307 11.5415489817154 12 7.28360524750702 10.433467741935 10.0685205143446 11 8 7.60115950646799 11 11 10.7695852534585 10.1837371785334 10 7.36420395421138 8.8989612754579 8.90524193548419 8 9.70179872157366 10 7.00209045637006 8 4.08319087260433 8.98815408057084 9.21606027947012 4.2561320053524 3.1368087557592 5.09035416976258 5.1460996729579 8.2408205738084 5.11520737327074 7.4059759179419 9.68425746989575 10.8669076111203 7.89420432585183 11.6076074030036 8.63848112085378 8.93859632822968 7.24941467221779 5.05133231752578 7 6.65571577226225 8 -9999 -9999 -9999 -9999 -9999 -9999
8 9.71572580645043 8.98847926267225 8.03686635944862 7.60778393042759 9.03686635944862 9 9 9 9.96313364055138 10.5013843466629 11.41258176007 10.6096978593743 9.01389921213078 9.01285862940441 9.65438717110123 11.681572394827 10.7184944997768 11.2271907982737 11 10.9631336405514 10.8543648729014 10 9.03337297458152 10 8.99858778058567 7.96350527723929 7.94565742529754 8.92626728110277 6.89128697784769 4.662247287048 6.91064924929549 2.50294522075925 7.04377880184529 7 5.21607886130505 8.73785677121976 9.08358109112164 8.41595436301781 7.68001152073751 8 9.39806934740605 8.52160138248472 6.09958005054053 7.05134160844557 6.91071428571037 7.60772818492954 8.36508659134554 9.97747881670773 11 -9999 -9999 -9999 -9999 -9999 -9999
9.78542626728283 6.98210569347313 8.68202764977613 7.70074884792813 7.74877359893231 7.64429723502386 9.97616879738236 9.95852534561974 8.49665526980645 11 9.98085141965112 10.4569644715336 11 9 9.9729913036999 9 9.71978593726972 11.4522075219266 9.49368217630275 9 10.0074420246771 10.1097350230381 9 8.99606994202446 8.83097963430986 7.04147465438026 7.01008064515898 2.99924743570673 6.95852534561974 4.99690612457239 3 3.13104838709701 3.84733164857878 4.35599078342116 11.2227125761742 8.24395161290427 7.0112884643979 7.67058123977796 4.04147465438026 8.67274602348783 7 7.43763936376013 7.53530548535413 8.61020885981439 7.04147465438026 7.50221123829308 6.98152036568947 10.2000891928007 -9999 -9999 -9999 -9999 -9999 -9999 -9999 -9999
4.86376728110653 8.62997064069975 8.76987327188831 8.22091013824818 10.7066578712646 9.67505017095184 9.44327895049911 7 10.880184331796 10 11.4738089044158 9.55058904415062 8.71457373272105 9 8 9 8.16957782072448 10.352283707448 9.5564887765752 7.27771480600543 10 8.89830162033483 8.78667125018638 7.11981566820396 7.10387245429003 6.96169354838803 6.00887282592333 7.9818548387077 7.16063066746171 5.84186858926424 2.88485766314727 7.86895161290299 9.88018433179604 7.18750000000171 5.06812100490595 7.42512449829307 7 7 2.65725806451624 4.47667050691507 7.8438382637162 7.77709231455425 8.05290248253386 8 8 8.58297718150894 10.9466143897721 9.48715066151357 11.0265720231908 -9999 -9999 -9999 -9999 -9999 -9999 -9999
5.24889438084956 6.63023078638384 7.23819124424316 3.86936041326212 7.63104838709573 7.91294410583541 10.9157035082514 11 10.5181451612897 10.4899193548376 9.09148766166022 10.3475732124285 10.7215419206229 9 9.47783187155944 10 8.09418202765149 8 8.00901218968081 9.3235190277959 9.360757023928 8.16819347405735 8.02437007581313 9 6.94665155344217 6.00759067935156 7.79984577077805 5.01454957633582 5.81103203508567 7.19815668202459 8.17778170060654 3.32641779397287 9.96111751152584 13.0371543778799 7.17297829641919 10 7.583599672961 5.87806600267211 7.66880667460005 4.41358517912887 6.26323026609507 7.91810056488888 7.33086814330739 8.09308569941917 7.19815668202458 6.19815668202459 9.55542961200894 10 11.1981566820246 -9999 -9999 -9999 -9999 -9999 -9999 -9999
5.83894195035132 7 8.5838133640548 8.18228779545056 7.89798572915115 8.45403783261539 9.01936227144689 11 10 9.36904452207638 10 9.56653225806496 9.43030883008882 9 9.27649769585183 9.32056451612821 10.2115077300423 8 8.55283744611434 9.27649769585183 7.64329381596636 7 5 5.09475806451581 6.03679203210862 7.30421250185683 5.0173740151588 1.00501709528818 3 2.33046863386384 9.62067972350202 7.62868849412859 3.43577188940225 5.82718894009355 8 6.04159543630217 6.72350230414817 5.49384012189662 5.77563364055447 7.82217184480537 7 8.42447413408638 7.28197004608151 8 8.49909878103156 9.19729262672766 11.2922643823392 10.4470046082963 8.83109112531581 11.6391129032273 -9999 -9999 -9999 -9999 -9999 -9999
6.83480749219519 8.08253121748217 6 7.56054890738902 5.36895161290427 9 10.6998569198772 9.1257154006248 8.68912591050949 11 10.70213319459 8.63449531737742 8.52751040582756 9.13377991675283 8.54389958376726 9.55209417273699 9 6.90628251821042 7 8.51118626430884 9.17540322580728 8.05365504682587 7 7.21702653485881 7 7.62044745057298 3.35776534859449 7.64516129032264 9.33838449531689 7.35483870967736 7.58727887617092 4.93548387096791 4.47782258065127 7.93346774193489 7.21572580645299 6.35483870967736 7.38690166493287 7 7.21201873048913 9.5850676378781 8.86335848074885 8.11999219562982 10 9.18815036420328 11.8232960457857 9.01860041623391 11 8.35483870967736 7 9 6.54858220603575 -9999 -9999 -9999 -9999 -9999
8.14513341757183 6.71745391705003 9.38968894009247 7.62631001932419 10 8.86395309944662 7.75887282592389 9.28924483424778 10.2731250929104 11.2209565928344 12 11 9.74236286606282 8.78629961349799 8.15108889549462 9.43317972350046 7.3065445220745 8.56682027649954 9 7.6567749368227 6.35545191021144 7.43317972350046 7.88279507952675 7.09475806451581 8.49139661067644 6.02171287349441 7.43317972350046 5.87664449234175 6.48574773301592 8.18589267132955 9 4.58174148951875 6.15927419355042 6 6.02882971607055 6 7.68472201575925 8.47332577671999 10.1862735989303 8 9.43317972350046 9 10.1912628214659 10 10 9 10 10.2523970566366 8 9.56682027649954 8 9.47386464991717 -9999 -9999 -9999 -9999
8.61887728556431 9.72227590307524 8.66417050691236 10 10.6917459491598 10.3971774193564 9.58439869183652 10.8132618552097 11.4884792626741 11.2491638174533 11 11.2897929983643 8.59475806451709 8 8.34879032257949 7.66378028839268 6.36198342500347 7.37642151033083 9 7.10143823398214 7.17943548387009 8 8.48847926267414 7.09475806451581 5.96750037163722 5.03918908874578 7.98991935484102 6.97257321242456 7.55856994202779 8 2.97695852534828 6.55551323026737 7.41067712204561 7.18750000000171 7.29579493087287 8.36931395867449 9.13295302512358 9 9 8.81746134978419 9.81189609038099 12 10 10.519418016946 11.2547290768537 8.25704251523837 10.2279154898161 11.5826612903231 8.29840567861032 8.32691950349332 8.3413575888209 9.64420432585065 -9999 -9999 -9999 -9999
10.8949847628953 9 10 10.4713746841092 10 10.5184796343091 8.66631670878422 11.4101382488487 8.87058681433241 11 11 11.2323565482391 9 7.22238739408236 8.19874200980821 9 7.58257767206756 9.84420990040193 9 9.07998550617207 7.0735933551358 7.50066894603824 8 6.03886390664481 5.02728742381402 7.43273375947696 10.9958655418472 1.24855990783851 6.43749070908429 3.7733666567543 4.22189497547085 6.10749591199684 7.74677605172872 11.1457373271872 7.53738665081161 8 9.58986175115126 8 9.60398394529566 9 9.56807455032118 10.4133064516137 10 9.72204363015112 6.91050059461955 9.78418128437549 8.18274305039396 5 8.61088709677606 8.80273524602148 9.27370112977657 11 8.70314590456289 -9999 -9999 -9999
6.83468671027596 8.76252415638368 7.6874999999983 7.55947116099468 10 11.7999851345318 8.56851122342793 8 8.46742604430309 11 12 10.9110859224019 9.07344470045787 8 8.21606957038967 8.77456518507344 7.19534153411476 9 7.48941764531044 8.06890144195036 7.66820276497496 8 7.04080570833913 7 10.5348316485813 7.03830645161197 7.67154749516598 5.34392188197147 7.28542626728188 7.2575442247661 5.79848929685603 8.44958748327423 9.66820276497496 9 10.215725806453 10.9190575293585 11.4863330607975 8 8 12 10.7959714583015 9.33179723502504 10.1097350230416 9.15586442693777 7.83477032852591 7.1572023190135 7 17.3893358852378 8.81357774639884 8.42705700906769 10.8896239036715 8.46477813289762 12.7598483722297 -9999 -9999 -9999
6.9351029433629 7.96577226103574 9.51324884792632 10.9136409246326 11.5288947524895 10 11 10 8.61318195332186 10.124173108368 8 10.1098650958813 9.15074513155848 8.81409803775756 8 6.76068455477924 7.07409506466388 7.24980489073893 8 6.75338189386251 8.13395644417986 6.88711535602838 5.8458451018311 8.04803404192009 7 6.78485023041575 6.488116916907 7.99540099598586 8.74654377880378 8.82114055299865 8.89717741935385 10 9.62763862048472 10 8.80122082652186 10 9.27217741935602 9.77573584064132 8.91670692730849 11.6431451612889 10 9 9.25345622119622 9 8 7.48707633417504 7.66736658242877 7.32920506912685 8 8.43140515831593 8.24834621673826 9.66938271146445 8.45965883751863 -9999 -9999 -9999
6.47176490263515 6 8.74222350230367 7.11544893712094 8.5664393488902 10 9.07449457410583 9.90432213467968 8.39747472870427 8 9.61915601308432 7.92409320648014 8.2083023636132 8.37701612903077 8 8.82488479262377 7.35743087557146 7.04625018581902 6.51596179574002 7.82488479262377 6.32312880927776 5.42457633417617 6.89855247510229 8.74672030622621 6.93346774193675 8 7.64145421435605 7.99682250631742 9 9.1620521777935 9.75807380704323 7.02294856548281 9.13138286011716 10 9.17794893711957 9 8 10.5770867400006 9.32862903225812 8 8.93256652296581 10 9 9 8.91208934145827 8 7.54265460086316 7 6 5.70046082950494 8.37536234576683 8.17511520737624 5.17511520737623 11.0434257469906 -9999 -9999
7 8.06926378772267 8.06653225806594 9.65927419354787 8.36895161290427 9.6028225806436 9.57459677419231 10.453629032259 8.05014308012601 7.53928199791902 9.51378772112361 8.48829344432974 9 9 9 7.96897762747072 8.33253121748166 7.73588709677478 8.69016649323584 7.92332206035185 6.8999739854347 8.64470603538022 7.07297086368578 6.17319198751463 4.9032258064493 8 6 9 9 8 9.9032258064493 10 10.1438605619161 9 8 7 7.17540322580532 6.0967741935507 9.2000520291333 10.9654656607691 10 10 9.60119667013436 9.57570239333972 7.04858220603656 7.47528616024957 6.50078043704421 6.51411290322762 7.84410770030827 5.42273673257032 9.19374349636294 7 9.9732700312169 6.67924037460747 -9999 -9999
10 7 7.6874999999983 9 9.63104838709573 11 8.42540322580769 9.54466143897639 6.00888211684256 8.00940240820574 9.47161624795438 8.44391073286709 9.98903671770478 8.37701612903077 10 7.32056451612821 10 8.73588709677479 7.0140850304742 3.20383343243527 7 8 7.01843317972345 7.00174669243347 6.98156682027655 7.99929389029287 9 11 11.9815668202765 10.9267782815507 9.10282258064615 8.73790322580598 9.00293592983502 8.79752304147302 8 7.25788798870324 7.01843317972346 6.30222424557788 8.66357588821178 10.0052772409692 6.98156682027655 9 11 8.91812843764639 11.5072376244981 8.4834900401356 7.44556451612821 8 10.5996265051305 8 7.02456518507499 8 9.01334175709824 9 -9999 -9999
6.98466069570453 9 8.70622119815423 9 9.40675635498664 7.39717741935641 8.57459677419231 8.51363906644927 9 8.91194997770598 6 10 6.42951910212364 9.41433774341895 8.65120967742051 7.87788947525438 8 6 7.17597926267398 7.94009216590133 7.13027724097052 7.94009216590133 7.99263230266137 5.00567675040852 8.00797160695653 8.13422588077453 9.99052326445881 10.0010870373124 9.04359298350061 9.05543890292591 10 9.00785082503311 9 8 8.04698416827488 8 8 8 10.5973502304176 9 7.11981566819734 14 12.0529024825309 10.968234354097 11.4719414300595 12.031524082056 8.94009216590133 11.4173387096769 12 11.3991749665495 11.749070908281 9.01823807046134 8 9 -9999 -9999
7.22064999256749 7 9.68749999999829 7.56813029582146 9.94899286457495 8.86175115207238 7 9.13824884792762 8.51814516128974 6 6.93617139884009 8.45186375799005 6.48746655269806 8.08612680243898 7.60940055002273 7.62982198602657 7.25192321985871 9 7.89436227144219 6.3172012041029 9.70712241712467 9 9.10598149249111 11.0685576780135 9 9.99470417719645 10.1281682027686 9 8.00641073286778 8.13824884792762 9 9 7.86274528021252 6.86175115207238 7.35397465438061 4.59242604430206 7.89937936673026 9.60287832614708 5 9.91108592240159 8.94676304444708 7 8.93895867399941 8.47811988999694 10.0688456964478 8.06550096625587 8.93840121896785 9.08898840493475 10.6646815073605 6.7274695257942 9 8.13824884792762 10.799873643524 8 -9999 -9999
7.94454251523698 7.28427419354957 9.24481566820412 9.14279210643659 10.6310483870957 9.47225732124157 9.54985506169262 8.54637096774103 9 9.23975211832913 6.90000185818382 9.4622881670876 8.81048387096582 8.75791586145561 7.14104541400348 8 8.55438902928608 8.57650141221993 7.78347517466819 9.73843280808716 9.17772595510642 8.66495094395801 10.189952802141 8.8039337743422 9.05212204548734 9 9.99210272038237 7.77312509290812 8.04637096774316 8 9.29714211387019 8.02838375204404 7.3413668797399 6.67713133640461 6 10.5988181953338 5.94104913036991 8 10.0601215251971 8 8.91659543630126 9.32378846439784 8.12095845101778 9.68634792626903 9.49798387096752 7 5.87991489519831 6.4564627620043 5.91053775828412 8 9.66733870967863 10.6955645161316 9.82052735246065 8.16287906942154 9 -9999
8.07551657499659 7 8.70506912442352 9 9.10881522223921 8.71996246469359 9 8.97264753976562 8.1528170060949 7.06471123829354 6.24973985431688 5.20111119369693 10.2439330310687 8 8.540852162925 8 9.38115058718615 9 7.39167719637243 8.61989928645779 7 9.15120967741838 8.38164300579657 7.97205292106442 10 8.29493087557649 8.98578489668827 9.97650327040028 9.28125464545867 9.0525958822664 9 9 6.15927419355042 6.70506912442352 6.38528504533891 5.92805113720785 8 6 7.80199197264726 6.35685483871111 8.72849152668291 9.70506912442352 8 9.84361528170091 10.7079121450868 6.29493087557649 6.01922290768422 9 6 6.45061877508628 5.66733870967863 6.30443548386838 7.91853723799617 8.82515422922518 8.15494462613227 -9999
