rasters/Algeria_bio4.asc
NCOLS 248 
NROWS 217 
XLLCORNER -8.682385214 
YLLCORNER 18.975561136 
CELLSIZE 0.0832711529596774 
NODATA_value -3.4e+38 
[rows 189 to 209 of 217, columns 141 to 187 of 248]
658.075256347656 658.314636230469 658.289978027344 661.211669921875 661.495971679688 658.949768066406 657.018615722656 653.708801269531 652.531127929688 651.151123046875 649.902954101562 648.440612792969 646.9111328125 646.309326171875 645.580078125 644.521789550781 644.330505371094 643.508483886719 641.864440917969 641.342651367188 639.318481445312 638.298156738281 637.751342773438 638.60107421875 638.926086425781 639.649597167969 639.022155761719 638.682861328125 637.840881347656 638.863525390625 639.298461914062 637.81787109375 638.697509765625 640.124389648438 641.369506835938 641.018188476562 641.03955078125 641.821838378906 643.156677246094 644.555114746094 641.566467285156 640.994812011719 644.204956054688 645.546997070312 647.828308105469 651.008544921875 653.771789550781
658.128967285156 657.556274414062 656.991943359375 657.701965332031 657.218200683594 657.223327636719 654.143676757812 651.592712402344 650.38330078125 648.911254882812 647.717712402344 646.412536621094 645.261413574219 645.364807128906 645.166809082031 643.990844726562 643.244995117188 642.633666992188 641.296569824219 640.154907226562 637.855895996094 637.424682617188 637.300903320312 638.080749511719 638.218688964844 637.779724121094 638.052124023438 638.004516601562 637.501403808594 637.03271484375 636.692993164062 635.313232421875 637.32568359375 639.415771484375 640.041687011719 639.791931152344 639.765686035156 640.354064941406 640.376342773438 640.076416015625 638.594482421875 640.393188476562 643.177368164062 645.616271972656 648.67138671875 650.357604980469 653.518981933594
656.364868164062 656.6533203125 653.757568359375 653.785339355469 652.736633300781 652.992492675781 650.802612304688 648.608764648438 648.413879394531 647.73193359375 646.709045410156 645.127197265625 643.909484863281 643.969299316406 643.271606445312 642.884399414062 641.859741210938 641.560424804688 639.960876464844 638.614440917969 636.143371582031 635.915893554688 634.21142578125 635.548583984375 637.239501953125 637.590637207031 637.327819824219 636.697570800781 637.157348632812 636.144836425781 635.968200683594 635.01953125 635.775939941406 638.026733398438 637.771057128906 636.998107910156 636.668273925781 637.194702148438 637.912658691406 637.012817382812 638.468383789062 640.031127929688 642.616760253906 645.193908691406 647.321594238281 649.173889160156 650.725646972656
654.578002929688 654.221008300781 651.677978515625 649.977905273438 649.986999511719 649.747802734375 649.65869140625 647.283142089844 644.891418457031 645.269226074219 643.799438476562 643.35546875 643.336364746094 643.659240722656 643.133178710938 642.384826660156 641.205200195312 640.234619140625 638.469055175781 636.663391113281 634.804809570312 635.141479492188 635.238525390625 635.542724609375 636.235717773438 636.266052246094 635.50048828125 635.728942871094 636.445007324219 635.69287109375 635.191345214844 634.383056640625 634.909118652344 636.679626464844 635.567016601562 635.154113769531 634.676025390625 634.963989257812 635.68310546875 635.220581054688 636.220825195312 638.095886230469 641.486328125 644.217590332031 646.07080078125 646.607482910156 648.026611328125
652.373962402344 650.908447265625 650.027954101562 647.6015625 648.692810058594 647.505249023438 646.409790039062 643.723571777344 642.072937011719 641.847717285156 639.995056152344 640.220642089844 641.048034667969 640.38330078125 639.092834472656 638.97705078125 639.904357910156 637.4296875 636.388977050781 634.393615722656 632.320861816406 633.204406738281 636.875427246094 635.73193359375 634.740417480469 635.148620605469 635.298034667969 635.831726074219 634.73876953125 633.615966796875 632.480346679688 633.134704589844 634.401550292969 635.015380859375 633.739501953125 633.574890136719 633.757629394531 633.035461425781 634.625061035156 635.303588867188 636.924682617188 638.082641601562 640.361267089844 644.239562988281 647.028198242188 646.750061035156 646.626159667969
650.583923339844 648.444641113281 646.830993652344 644.122314453125 646.051940917969 645.515869140625 643.30908203125 639.707885742188 638.392517089844 637.450500488281 637.306457519531 637.6826171875 639.492858886719 638.798950195312 637.604431152344 637.782775878906 637.65234375 636.302551269531 635.586975097656 635.501770019531 633.986755371094 634.217895507812 634.075378417969 632.953247070312 632.558288574219 632.848449707031 634.222839355469 634.994567871094 633.930847167969 632.793395996094 632.395263671875 633.263366699219 633.208618164062 633.905151367188 633.335754394531 632.755920410156 631.699096679688 632.792602539062 633.712768554688 634.082702636719 635.049682617188 636.809875488281 639.992126464844 643.448425292969 644.242919921875 643.484558105469 644.522277832031
648.312377929688 647.575744628906 646.3603515625 643.339050292969 643.79052734375 642.800048828125 641.129333496094 638.248352050781 635.214599609375 633.658386230469 634.303527832031 635.985900878906 638.152709960938 636.708801269531 636.284301757812 635.892700195312 636.222229003906 635.207397460938 634.670227050781 634.690979003906 632.667785644531 632.318725585938 631.3017578125 631.182556152344 631.337341308594 631.963684082031 632.70458984375 632.360229492188 631.802001953125 632.177490234375 631.244079589844 631.449462890625 631.743530273438 631.888427734375 631.390930175781 631.194274902344 632.186462402344 632.685180664062 632.095703125 633.462097167969 635.0849609375 638.348693847656 640.864013671875 640.819152832031 641.242797851562 641.623474121094 642.562377929688
645.839904785156 646.290649414062 645.426025390625 641.138793945312 640.680969238281 640.944091796875 639.895385742188 638.535339355469 635.026794433594 633.756164550781 633.491088867188 635.604736328125 637.557678222656 635.896911621094 636.173767089844 634.718505859375 635.001953125 634.472717285156 633.715087890625 632.516357421875 630.461608886719 630.587585449219 630.363342285156 630.764770507812 631.383850097656 630.653076171875 630.107604980469 629.862976074219 630.65771484375 629.514892578125 628.202453613281 630.183715820312 630.479553222656 629.243530273438 629.048706054688 630.021911621094 633.40283203125 632.478820800781 632.161926269531 634.611938476562 635.661010742188 636.25341796875 637.807067871094 636.976196289062 637.595031738281 638.424072265625 640.925903320312
642.225219726562 643.333862304688 642.773742675781 641.537170410156 640.68701171875 640.5986328125 638.942749023438 635.451721191406 632.530456542969 632.50537109375 631.980163574219 633.925231933594 635.121826171875 633.270751953125 634.606750488281 633.418884277344 633.818542480469 633.893310546875 631.544738769531 630.274353027344 628.139404296875 628.085876464844 629.778503417969 630.181579589844 630.737609863281 630.070129394531 629.3935546875 629.384216308594 628.717346191406 626.230041503906 624.234313964844 627.448486328125 628.485473632812 628.245361328125 627.727111816406 629.321166992188 633.033142089844 632.462951660156 633.992919921875 634.756591796875 633.215881347656 632.953552246094 634.758178710938 633.999755859375 634.988525390625 636.830261230469 639.44189453125
640.991455078125 641.25830078125 640.807556152344 640.189453125 640.019958496094 639.074951171875 638.184631347656 634.949462890625 631.491333007812 631.487731933594 628.946594238281 630.07177734375 633.61083984375 632.673645019531 633.277038574219 632.712890625 631.648986816406 631.531494140625 629.649108886719 628.113342285156 626.228576660156 626.947265625 628.429077148438 628.105834960938 628.064636230469 628.487609863281 626.636169433594 626.828735351562 627.080322265625 625.537658691406 624.561218261719 625.585083007812 627.411499023438 627.148132324219 627.066650390625 628.462280273438 630.916748046875 632.55224609375 632.425109863281 632.097290039062 631.203063964844 630.682983398438 631.748413085938 632.166015625 633.054077148438 633.775268554688 634.718505859375
638.461120605469 636.622863769531 636.008117675781 636.972106933594 636.95458984375 636.207641601562 634.642211914062 633.078308105469 629.38916015625 629.286865234375 626.667785644531 626.478149414062 630.681640625 631.406616210938 630.269287109375 628.673522949219 628.235595703125 628.249938964844 627.771484375 625.861755371094 624.224609375 625.735534667969 626.836364746094 625.776000976562 625.249633789062 626.142272949219 624.915588378906 625.340454101562 624.845153808594 623.682312011719 625.15869140625 625.035522460938 625.664245605469 626.30712890625 626.823181152344 626.7958984375 627.976257324219 629.324157714844 630.065307617188 628.574340820312 628.329833984375 628.838928222656 628.595031738281 629.305725097656 629.427307128906 630.008605957031 631.058227539062
633.687194824219 633.103637695312 630.702453613281 631.197448730469 631.953002929688 631.487365722656 629.335388183594 628.266540527344 626.529907226562 625.219177246094 624.349365234375 623.7216796875 629.296142578125 629.966857910156 628.846801757812 626.253234863281 626.865539550781 627.075317382812 625.535461425781 623.124694824219 621.5556640625 622.1005859375 622.472595214844 621.315368652344 621.170043945312 624.171630859375 622.989868164062 621.47607421875 619.961608886719 620.050170898438 620.776000976562 621.12353515625 622.110778808594 622.842712402344 622.899047851562 621.754272460938 622.276306152344 622.815734863281 624.127197265625 626.568908691406 627.967590332031 626.900817871094 624.384338378906 624.667053222656 625.316711425781 627.28662109375 -3.4e+38
629.922424316406 628.9609375 627.000671386719 627.963256835938 629.456726074219 628.718505859375 625.603820800781 625.901733398438 625.540161132812 622.93505859375 623.303955078125 623.730773925781 626.41064453125 628.504028320312 625.951416015625 622.418579101562 622.755310058594 623.979553222656 619.486755371094 618.313903808594 618.589721679688 619.036010742188 619.974609375 619.277893066406 619.765930175781 620.095764160156 617.822631835938 616.503784179688 615.753784179688 614.659545898438 616.2451171875 617.429321289062 618.788146972656 618.358459472656 619.672912597656 619.522155761719 619.479858398438 620.8115234375 622.874145507812 624.305541992188 624.693481445312 624.255432128906 622.750061035156 622.230224609375 620.898803710938 -3.4e+38 -3.4e+38
623.830993652344 620.138732910156 619.243103027344 622.728271484375 625.815185546875 625.5947265625 622.715026855469 622.973327636719 622.342224121094 619.608093261719 618.12548828125 620.568481445312 622.434448242188 626.27099609375 622.861267089844 617.539733886719 619.709594726562 619.167602539062 616.201232910156 613.270263671875 615.154357910156 616.6611328125 616.6865234375 617.206787109375 616.570495605469 613.534423828125 612.168151855469 612.419372558594 613.788146972656 613.164306640625 615.939636230469 616.479248046875 616.540283203125 614.831420898438 615.350891113281 616.489685058594 617.796325683594 619.765075683594 622.409362792969 621.802856445312 622.977966308594 623.49169921875 623.077392578125 -3.4e+38 -3.4e+38 -3.4e+38 -3.4e+38
620.707397460938 616.856079101562 614.701232910156 616.492370605469 621.219909667969 621.331359863281 619.120849609375 619.966979980469 620.953308105469 618.066040039062 614.518676757812 617.010498046875 617.769287109375 620.7822265625 616.525207519531 613.755065917969 614.462890625 615.504699707031 613.74169921875 613.925231933594 612.5986328125 612.711181640625 613.172546386719 613.547668457031 611.740295410156 609.366638183594 609.581665039062 611.332214355469 612.37939453125 614.641418457031 615.249267578125 614.726745605469 614.510375976562 611.748718261719 612.083801269531 615.503173828125 615.859680175781 617.446838378906 620.392517089844 619.220153808594 620.901245117188 619.737915039062 -3.4e+38 -3.4e+38 -3.4e+38 -3.4e+38 -3.4e+38
620.986755371094 616.626281738281 612.89013671875 614.253295898438 616.843139648438 619.046813964844 617.620056152344 617.685729980469 616.302734375 616.004943847656 613.016479492188 612.233093261719 613.763549804688 615.105895996094 614.433471679688 616.333374023438 615.469360351562 613.996643066406 610.461975097656 609.801452636719 610.55126953125 610.676574707031 612.150939941406 610.411987304688 608.580871582031 607.65771484375 608.927795410156 611.611022949219 611.176330566406 610.980041503906 612.321594238281 611.317810058594 610.888122558594 609.908447265625 609.493957519531 611.460144042969 613.842590332031 616.870483398438 617.608337402344 616.045776367188 618.247192382812 -3.4e+38 -3.4e+38 -3.4e+38 -3.4e+38 -3.4e+38 -3.4e+38
617.422058105469 613.506652832031 611.334167480469 612.049987792969 612.366088867188 611.393981933594 610.784301757812 611.812744140625 611.744323730469 610.494506835938 608.037719726562 610.694885253906 611.689331054688 613.025207519531 609.778137207031 611.478210449219 612.348876953125 612.841369628906 610.335998535156 605.334533691406 605.599487304688 606.1640625 605.508666992188 606.539367675781 608.013549804688 608.380493164062 608.892578125 606.332153320312 606.903442382812 605.931457519531 607.192993164062 607.317016601562 605.347045898438 604.272155761719 605.493041992188 607.838134765625 612.196716308594 613.491149902344 612.973754882812 612.33349609375 -3.4e+38 -3.4e+38 -3.4e+38 -3.4e+38 -3.4e+38 -3.4e+38 -3.4e+38
616.117370605469 611.506225585938 610.405212402344 609.229431152344 608.689697265625 611.067932128906 613.512634277344 614.252380371094 611.493103027344 607.294982910156 605.013671875 607.401733398438 609.370056152344 610.539306640625 607.402038574219 605.140258789062 607.733825683594 607.203430175781 608.353576660156 605.163940429688 603.513000488281 601.930786132812 603.915222167969 605.341064453125 606.7744140625 606.745239257812 604.412475585938 602.990234375 603.796691894531 603.214050292969 603.39892578125 603.590393066406 602.9345703125 600.12060546875 600.600769042969 605.607666015625 609.925109863281 609.516540527344 608.228759765625 -3.4e+38 -3.4e+38 -3.4e+38 -3.4e+38 -3.4e+38 -3.4e+38 -3.4e+38 -3.4e+38
-3.4e+38 -3.4e+38 608.055725097656 607.981872558594 610.280700683594 613.873596191406 613.684875488281 613.61279296875 614.307250976562 612.564880371094 608.888427734375 608.157653808594 606.703735351562 607.318359375 607.497802734375 605.178100585938 604.989807128906 603.450500488281 602.65234375 603.578247070312 604.633483886719 602.939270019531 599.842102050781 602.436096191406 602.369812011719 601.009887695312 600.871398925781 603.114868164062 601.630798339844 598.057006835938 597.8681640625 597.685302734375 599.415649414062 598.304870605469 597.653686523438 602.165588378906 605.508117675781 -3.4e+38 -3.4e+38 -3.4e+38 -3.4e+38 -3.4e+38 -3.4e+38 -3.4e+38 -3.4e+38 -3.4e+38 -3.4e+38
-3.4e+38 -3.4e+38 608.245727539062 609.132263183594 610.132019042969 611.147277832031 610.878540039062 610.978454589844 609.017211914062 607.64111328125 606.307434082031 605.577209472656 604.742858886719 604.169311523438 603.772583007812 602.836303710938 601.927795410156 600.446166992188 599.626281738281 599.997314453125 599.303833007812 601.388427734375 596.390380859375 596.09228515625 596.605834960938 597.806518554688 600.485778808594 601.886047363281 599.337585449219 596.648742675781 595.572692871094 596.008117675781 597.477783203125 594.46240234375 596.309448242188 600.496887207031 -3.4e+38 -3.4e+38 -3.4e+38 -3.4e+38 -3.4e+38 -3.4e+38 -3.4e+38 -3.4e+38 -3.4e+38 -3.4e+38 -3.4e+38
-3.4e+38 608.928100585938 606.985229492188 607.339538574219 607.102844238281 607.412780761719 608.338684082031 608.072937011719 606.783569335938 604.698608398438 603.781372070312 603.718872070312 602.779296875 601.797485351562 601.140502929688 601.26611328125 599.416076660156 598.220458984375 598.397705078125 598.477172851562 596.79638671875 597.780090332031 597.131042480469 594.54833984375 594.103820800781 595.387817382812 596.865478515625 598.235412597656 597.325256347656 594.166870117188 593.070007324219 593.48095703125 591.965454101562 591.548034667969 596.030395507812 -3.4e+38 -3.4e+38 -3.4e+38 -3.4e+38 -3.4e+38 -3.4e+38 -3.4e+38 -3.4e+38 -3.4e+38 -3.4e+38 -3.4e+38 -3.4e+38
