rasters/Algeria_bio12.asc
NCOLS 248 
NROWS 217 
XLLCORNER -8.682385214 
YLLCORNER 18.975561136 
CELLSIZE 0.0832711529596774 
NODATA_value -3.4e+38 
[rows 46 to 91 of 217, columns 96 to 191 of 248]
211 210 204 200 197 198 205 190 196 204 194 188 182 178 171 172 183 179 166 164 161 162 159 153 152 151 150 152 145 146 142 135 134 134 131 130 131 129 127 125 123 122 121 122 120 120 121 120 117 116 116 112 111 110 109 107 104 101 102 97 95 95 92 89 86 84 83 82 78 72 70 69 72 71 72 70 68 69 67 64 64 66 66 66 67 67 66 66 65 66 63 63 63 64 65 66
202 201 195 196 192 186 180 180 185 193 181 178 170 167 163 164 178 156 155 157 156 147 145 141 140 145 145 140 133 132 132 130 125 125 125 124 120 120 121 121 117 115 115 114 112 112 112 115 115 115 112 110 108 103 102 103 99 96 94 94 92 92 89 84 84 83 79 78 75 72 70 67 68 67 66 67 64 63 64 64 66 63 66 66 64 63 63 64 65 65 61 60 62 61 62 64
201 189 191 198 181 181 172 169 167 165 173 171 159 156 148 151 144 144 143 141 142 136 133 130 130 130 131 131 129 127 122 122 119 116 117 118 119 116 114 112 111 111 110 110 111 111 111 109 111 111 109 103 102 96 96 97 96 90 88 87 87 84 84 81 81 78 74 72 72 70 68 68 68 66 64 63 63 63 64 64 62 62 63 64 63 63 63 64 61 60 59 60 60 61 60 61
197 190 219 177 168 176 162 159 160 162 167 154 145 146 138 137 137 137 137 135 130 128 123 120 119 121 120 119 120 119 119 112 115 112 110 110 111 109 110 106 104 103 102 101 101 104 104 105 108 105 102 99 98 95 91 90 90 88 84 83 83 83 82 81 76 74 70 66 67 67 66 68 66 65 61 62 63 62 62 62 61 61 62 62 62 62 62 60 60 60 59 57 57 58 60 59
173 197 200 158 160 160 161 160 154 163 146 136 132 129 130 132 133 131 128 126 124 122 119 117 115 115 115 116 115 111 112 110 110 107 103 104 104 104 103 103 99 101 100 98 98 100 102 100 103 99 98 92 90 90 89 86 87 85 83 75 76 80 79 75 73 72 71 65 65 66 66 64 64 60 59 60 62 62 60 59 59 60 59 58 59 60 60 59 58 57 58 56 56 56 57 59
159 165 154 150 153 156 166 150 154 149 131 128 127 127 127 126 127 123 124 122 123 118 118 114 111 111 111 110 109 107 106 103 100 102 98 97 98 96 96 95 92 92 92 93 95 95 97 98 97 94 91 90 89 87 80 79 81 79 74 72 71 76 74 70 69 68 67 64 66 64 64 64 61 57 57 59 59 60 59 59 58 57 58 57 58 59 59 57 57 57 57 56 57 56 56 57
157 177 157 143 145 148 141 131 131 129 124 124 124 120 119 119 119 121 119 116 115 114 113 111 109 103 106 106 102 100 98 97 94 92 92 93 93 90 91 90 89 89 88 89 90 92 89 89 91 90 88 90 88 82 79 78 75 75 70 70 70 68 68 66 65 64 64 64 64 64 62 59 57 57 56 54 56 56 56 58 57 56 56 56 58 57 56 56 57 57 57 56 55 55 56 57
185 171 151 139 142 136 130 127 123 121 120 119 117 117 116 111 111 112 112 109 110 111 108 104 104 103 99 99 98 93 92 92 88 86 86 86 85 84 84 83 82 82 83 85 86 86 81 83 84 86 82 80 79 79 76 75 73 71 71 68 68 68 68 66 65 65 64 62 60 61 60 59 57 55 55 55 55 54 55 54 54 54 55 55 57 57 55 55 56 56 55 55 55 55 54 54
141 134 132 136 131 125 125 120 119 118 114 113 115 113 110 109 108 106 106 106 105 103 101 101 96 97 95 92 91 90 86 85 81 80 80 80 79 77 77 77 76 76 77 77 80 81 80 79 79 79 78 80 77 75 73 73 72 70 69 66 66 63 63 63 62 62 61 58 58 56 57 57 53 55 54 54 53 52 52 53 53 53 53 53 55 55 55 55 55 55 55 55 54 54 54 53
146 133 126 127 124 123 118 116 115 111 109 112 110 107 104 105 105 103 101 99 99 98 95 93 92 90 89 88 87 84 81 78 78 77 77 74 74 74 72 73 73 72 72 71 76 79 74 76 76 77 77 75 74 69 69 69 66 63 63 63 63 61 60 60 59 59 58 57 57 56 56 55 53 53 53 51 51 52 53 53 51 51 52 52 53 55 55 54 52 52 53 53 54 53 53 53
134 124 123 121 120 117 116 113 109 109 105 102 102 101 102 102 100 98 97 94 93 92 91 91 88 87 85 82 80 79 79 76 74 74 72 71 71 70 70 69 69 68 68 68 71 72 71 70 70 71 72 72 69 67 66 65 63 63 62 60 57 57 57 58 56 56 56 55 56 55 55 53 49 52 52 51 51 50 50 50 50 50 50 52 53 53 52 52 52 52 52 53 53 51 50 50
123 120 118 118 117 115 115 111 108 103 102 98 99 99 97 97 96 94 92 91 90 87 85 84 83 81 80 79 79 77 74 72 70 71 70 66 65 64 63 63 63 62 62 60 68 69 68 66 63 67 67 71 65 64 63 64 63 61 61 58 56 55 54 54 56 55 54 54 54 54 51 47 47 50 50 50 47 47 49 48 48 49 51 51 51 51 52 52 51 51 51 52 51 49 49 50
118 115 114 114 114 111 108 105 104 101 98 98 95 95 94 92 91 90 88 85 84 83 82 80 78 78 77 74 73 72 72 68 66 66 66 64 61 61 61 59 58 58 58 57 65 66 66 61 59 62 63 64 63 61 61 61 61 57 55 55 55 55 54 54 52 53 53 52 51 51 50 46 47 48 47 46 46 48 50 48 49 49 49 50 50 50 50 50 50 50 50 50 49 49 49 49
115 112 111 112 112 106 104 102 101 100 97 95 92 90 90 89 87 85 83 82 81 79 78 77 75 74 70 70 69 69 68 65 65 65 61 61 61 60 57 56 56 54 55 55 59 61 59 59 59 62 61 60 57 56 59 59 57 54 54 54 53 53 50 50 49 51 50 49 49 48 49 45 48 46 45 46 48 49 47 49 48 48 49 49 49 49 49 49 49 49 48 50 49 49 49 49
109 106 105 104 104 102 101 100 99 95 92 91 88 86 85 84 83 82 80 79 77 77 73 72 70 69 69 69 67 64 63 63 61 60 60 58 55 55 55 54 53 54 54 54 56 57 57 56 52 58 58 56 55 52 52 52 53 52 52 51 49 49 49 48 48 49 48 49 49 47 49 47 47 46 44 44 47 48 47 48 48 48 48 48 49 48 48 48 48 48 48 48 47 48 48 49
105 104 103 103 101 99 97 95 93 91 89 88 87 86 86 81 80 79 77 74 72 71 69 69 69 68 67 63 63 63 62 59 58 56 55 54 54 53 53 52 52 51 52 51 48 48 48 52 52 51 51 51 51 50 52 50 51 51 51 51 49 49 48 47 47 47 48 48 47 46 47 47 49 46 45 46 47 47 46 47 47 47 46 47 47 49 48 48 48 48 47 46 46 47 46 46
103 99 97 96 95 93 92 90 90 89 86 85 84 82 81 80 76 73 72 71 70 69 69 67 66 62 61 59 59 57 55 54 53 53 52 51 51 51 52 51 51 48 47 49 50 49 49 46 50 50 50 50 49 50 50 50 50 48 48 49 48 46 46 46 46 46 47 46 46 47 45 45 46 45 44 44 46 46 45 46 46 46 45 46 46 47 45 46 46 46 46 46 45 45 44 45
100 97 93 93 91 91 90 89 84 83 83 82 80 78 78 76 73 71 70 69 68 65 62 62 60 60 58 56 55 55 55 53 52 51 51 51 49 48 49 47 45 46 46 45 47 44 44 49 49 49 49 47 47 48 48 47 44 44 44 46 45 45 45 44 45 44 44 45 44 43 44 44 42 43 43 43 44 45 45 46 47 45 45 44 45 45 45 46 46 46 46 46 44 44 44 43
96 93 90 91 89 86 84 84 83 82 82 78 77 74 74 72 70 70 69 68 64 61 61 60 59 58 56 55 54 54 52 51 51 51 50 48 48 47 46 45 44 43 43 43 41 40 42 42 43 43 43 43 43 42 44 44 41 41 41 42 44 42 43 42 41 42 40 41 42 42 42 41 41 42 42 43 42 43 43 44 45 43 43 44 45 45 45 45 46 46 45 45 44 43 44 43
92 91 87 86 85 83 83 81 81 79 77 74 73 73 71 70 70 69 67 66 62 60 59 57 57 54 54 54 53 52 51 51 50 48 48 47 45 43 43 43 42 41 41 42 42 41 42 42 42 42 42 40 40 41 41 41 41 41 41 41 41 40 41 41 41 39 38 38 38 41 40 40 41 42 42 42 41 42 42 42 43 42 42 44 44 45 45 45 45 45 45 45 44 43 43 41
86 86 84 83 81 81 79 79 79 74 72 72 71 69 68 66 66 65 63 62 60 58 56 55 54 54 52 52 52 52 51 48 47 47 46 46 44 43 43 43 41 41 41 40 39 40 40 40 40 41 37 37 37 41 41 41 41 41 41 41 40 40 41 40 40 38 38 38 38 41 41 40 40 42 42 41 41 40 40 41 40 41 42 42 43 43 44 44 43 43 44 41 40 40 41 41
83 82 80 79 78 76 75 72 72 71 71 69 66 66 66 60 60 59 59 59 59 55 51 53 52 51 51 51 50 49 48 47 47 46 46 45 43 42 42 42 41 40 40 40 38 39 39 39 38 37 37 37 37 37 38 38 37 37 38 38 39 39 39 37 38 38 38 38 39 39 38 38 40 40 40 40 39 39 39 38 40 40 41 41 41 42 42 42 43 41 41 40 40 40 40 40
77 77 76 75 75 74 72 71 71 68 65 65 64 60 60 60 59 58 56 56 54 54 52 50 50 50 50 50 50 47 47 46 46 44 44 42 40 40 41 42 39 40 40 38 38 39 39 37 37 37 36 36 37 37 36 36 36 36 36 36 36 38 35 36 36 36 38 37 38 38 38 38 39 40 38 39 39 39 39 38 39 40 40 41 41 41 41 42 41 39 39 40 40 40 40 40
76 75 75 71 71 70 71 68 66 64 62 61 60 60 59 57 57 57 54 54 52 52 51 49 49 49 49 48 46 45 44 43 43 42 40 40 39 39 39 40 39 38 38 36 37 37 36 37 37 36 34 34 35 35 33 33 33 35 35 35 34 34 33 33 33 33 37 37 35 36 36 36 36 38 37 39 38 39 38 38 38 38 40 40 41 41 41 41 38 39 39 39 39 39 40 40
71 71 69 68 67 67 66 66 62 61 60 60 58 57 57 56 56 54 53 49 49 49 49 49 49 47 44 44 43 43 43 43 43 40 39 39 38 38 37 37 38 36 35 34 36 37 37 36 35 35 32 33 33 33 33 33 33 34 33 33 33 33 31 31 32 31 31 33 33 33 33 34 36 36 37 37 38 38 38 38 38 38 39 40 40 40 40 38 38 39 39 39 39 39 38 38
67 67 67 67 66 64 63 63 60 60 59 58 57 57 55 55 54 51 50 49 49 48 47 46 46 44 43 43 43 43 42 41 39 39 38 38 37 37 37 37 36 34 33 33 36 35 35 34 33 31 31 33 33 33 33 33 33 33 33 32 31 31 31 32 32 31 31 33 33 33 33 33 34 35 36 36 37 36 38 38 37 37 37 39 39 39 39 37 38 38 37 37 37 37 38 38
65 64 63 62 61 61 60 59 59 58 58 56 56 54 54 51 49 49 49 48 48 45 44 43 43 43 43 43 43 42 40 39 38 38 38 37 37 37 36 36 35 35 32 32 31 31 32 32 31 31 31 31 32 33 32 30 31 31 32 31 31 31 31 31 31 31 31 31 31 33 33 33 34 35 35 35 35 35 35 35 36 37 36 36 37 37 37 37 36 36 36 36 37 37 36 37
62 61 61 61 60 60 58 57 57 56 54 53 53 52 50 48 48 48 48 48 44 44 43 43 43 43 43 42 42 40 38 38 38 38 36 36 37 36 36 35 35 33 35 33 32 30 30 30 30 30 30 31 31 30 30 28 28 30 30 30 31 31 31 31 31 31 31 31 31 32 32 32 32 34 34 34 34 35 35 35 36 34 35 35 36 35 35 35 35 36 35 35 36 36 37 37
58 58 57 57 56 56 54 53 53 52 52 51 51 48 48 48 47 46 45 45 43 43 43 43 43 42 39 39 38 37 37 37 37 36 35 35 34 34 32 32 32 31 31 32 31 30 30 30 30 30 30 30 30 30 28 28 28 28 30 31 31 31 31 31 31 31 31 31 31 32 32 32 32 32 33 33 34 34 35 35 34 34 34 34 35 35 34 34 34 33 33 33 35 35 36 36
57 56 56 55 51 51 51 50 50 50 50 49 48 47 46 46 45 44 43 42 42 42 42 41 40 39 38 37 37 37 37 36 36 34 34 34 33 32 32 32 32 30 30 31 31 30 30 30 30 30 30 29 29 28 28 28 28 28 28 30 30 31 31 31 31 31 31 31 31 32 32 32 32 32 34 34 34 33 33 33 34 34 34 34 34 33 34 33 33 33 33 33 33 33 33 33
55 55 54 51 50 50 50 50 50 49 47 46 46 45 45 43 43 43 41 41 40 39 38 38 38 37 37 36 36 36 35 34 34 34 34 33 32 32 32 32 30 30 30 30 30 29 30 29 29 29 29 29 28 28 28 28 28 28 28 28 31 31 30 31 31 31 30 31 31 32 32 32 32 32 34 33 32 32 32 32 32 34 34 34 34 33 32 33 33 33 33 33 33 33 33 32
51 49 49 49 49 50 48 47 48 45 44 44 43 44 43 42 42 42 40 40 37 37 37 37 36 35 35 34 34 34 33 33 34 33 32 33 32 32 31 30 30 30 30 30 30 28 28 28 29 29 29 29 28 27 27 27 28 28 27 28 28 29 29 30 30 30 29 30 30 30 31 32 32 32 33 32 32 32 32 32 32 32 34 34 33 32 32 32 33 33 33 33 33 33 33 31
48 48 47 46 46 46 45 46 44 44 43 42 42 42 41 41 40 40 39 38 37 36 35 35 35 34 34 33 33 33 33 33 33 32 32 30 29 29 29 29 30 30 30 30 29 28 28 28 29 29 29 28 27 26 26 26 26 27 26 25 27 27 26 26 28 28 28 30 30 30 30 31 31 31 31 32 32 32 32 31 31 32 32 31 31 32 32 30 33 32 32 32 32 31 31 31
46 46 45 45 45 43 43 43 42 42 42 42 41 40 40 40 40 39 38 36 35 35 35 34 34 34 33 33 33 33 33 33 31 30 29 29 29 29 28 28 28 29 29 29 28 27 28 28 30 29 29 27 26 26 26 26 26 26 23 24 26 26 27 27 28 28 28 28 28 29 30 30 30 31 31 31 31 31 31 31 31 31 31 31 30 30 29 29 30 31 30 31 32 31 31 29
44 44 44 42 42 43 43 41 40 40 39 39 39 38 39 39 38 37 35 35 35 34 32 32 32 32 32 32 32 31 31 31 31 30 28 28 28 28 28 28 28 28 29 28 28 27 27 28 29 28 27 26 26 26 26 26 26 24 24 23 24 24 26 28 27 27 27 28 28 28 29 27 28 30 31 30 31 31 31 31 31 31 31 30 30 29 29 29 29 30 30 31 31 30 29 29
43 43 43 40 39 40 39 39 39 39 39 37 37 38 38 37 35 33 33 33 33 32 32 32 32 31 31 32 31 31 31 31 29 28 28 28 28 28 28 28 28 28 28 28 28 28 24 24 27 29 26 26 26 26 26 26 24 25 23 23 24 23 23 26 27 27 27 27 27 27 27 27 27 27 29 31 30 31 31 30 30 30 29 29 29 29 29 29 29 29 29 28 30 30 29 29
40 40 38 38 38 38 38 38 37 37 37 36 35 35 35 34 33 32 32 32 31 31 31 31 31 31 31 30 31 31 31 29 28 28 28 28 28 28 28 28 28 28 28 28 28 28 27 27 27 25 25 25 25 25 25 24 23 23 23 23 25 23 23 25 26 26 26 27 27 27 27 27 27 27 28 29 29 29 30 29 29 29 29 29 29 29 29 29 29 29 29 28 27 27 28 29
38 37 37 38 38 38 37 37 36 36 35 35 35 35 35 34 32 31 31 31 31 31 31 31 31 30 29 30 30 27 26 27 28 27 27 27 28 28 28 28 28 27 28 28 28 27 28 27 26 26 25 24 24 25 25 23 23 23 23 23 23 23 23 23 24 26 26 27 27 27 27 26 27 28 28 27 27 27 27 27 28 29 29 29 29 29 29 29 29 28 27 28 27 27 28 28
36 36 36 36 35 34 35 35 34 34 35 35 35 34 32 30 30 30 30 30 30 30 30 30 29 28 29 25 25 25 26 26 26 26 26 27 27 27 28 28 27 27 27 27 27 26 27 27 25 25 26 24 24 24 23 23 23 23 23 24 24 23 24 25 25 25 25 26 26 26 26 27 27 27 27 27 27 27 27 27 27 27 27 27 28 28 28 28 28 28 27 27 27 27 27 28
36 36 34 33 33 32 32 32 32 32 32 32 32 31 30 30 30 30 29 29 29 28 27 27 25 25 24 24 24 24 24 24 24 24 25 26 27 27 28 28 27 27 25 25 25 27 27 26 24 24 25 24 23 23 23 23 23 23 24 24 24 24 24 25 25 25 25 26 27 27 27 27 27 27 27 27 27 27 27 27 27 27 27 27 27 27 27 27 27 27 27 27 27 27 27 27
33 33 31 31 31 31 31 31 30 29 29 30 30 29 28 28 28 28 28 27 27 26 25 25 24 24 24 24 24 24 24 24 24 24 28 29 28 27 28 27 26 26 24 24 26 26 26 25 24 24 23 23 23 23 23 24 24 24 24 24 24 24 24 24 25 25 25 26 27 27 27 27 27 27 27 27 27 27 27 27 27 27 27 27 27 27 27 26 26 27 27 27 27 27 27 27
32 30 30 30 30 30 30 29 29 29 29 29 28 28 27 27 27 26 27 27 26 25 25 24 24 24 24 24 24 24 24 24 24 24 28 28 28 28 28 25 24 24 23 26 26 25 24 24 24 23 23 23 23 23 24 24 24 24 24 24 24 24 24 24 25 27 26 27 27 27 27 27 27 27 27 27 27 27 27 27 27 27 27 27 27 27 26 26 26 28 27 27 27 27 27 27
29 28 28 28 28 28 28 28 28 28 28 27 26 26 26 25 25 26 27 26 25 24 24 24 24 24 24 24 24 24 24 24 24 28 28 27 28 27 27 24 23 24 25 25 25 24 25 25 26 23 21 22 23 23 24 24 25 23 23 24 24 24 24 24 25 27 27 27 27 27 27 27 27 27 27 27 27 27 27 27 27 27 27 27 27 27 26 26 26 26 26 26 26 27 27 27
25 26 26 27 27 28 28 28 28 26 26 26 26 25 24 24 24 24 24 23 23 24 24 24 24 24 24 24 24 24 24 24 24 28 27 26 26 26 26 25 25 25 26 26 25 24 25 25 25 22 23 24 22 23 24 26 25 23 23 23 24 24 24 25 26 27 27 27 27 26 26 26 27 27 27 27 27 27 27 27 27 27 27 27 27 27 26 26 26 26 26 26 26 26 27 27
25 25 25 25 24 25 27 27 26 26 26 23 24 23 23 22 22 23 23 23 23 23 23 24 22 23 24 26 27 24 23 28 27 27 27 26 26 26 24 24 25 26 26 27 26 25 25 25 24 23 23 23 23 23 24 25 25 23 23 23 23 25 24 25 26 25 26 27 26 26 26 26 27 27 27 27 27 27 27 27 27 27 27 27 27 27 26 26 26 26 26 26 26 26 26 27
23 23 23 23 23 24 23 21 21 21 21 20 21 20 21 21 21 21 21 21 22 22 22 22 22 22 22 23 24 27 27 27 27 27 27 26 24 24 24 25 27 27 27 27 26 25 24 23 23 23 23 23 24 24 24 24 25 24 24 23 26 26 25 25 26 23 25 23 26 26 26 27 26 27 26 26 26 27 26 26 27 27 27 27 26 26 26 26 26 26 26 26 26 26 26 26
