rasters/Algeria_bio4.asc
NCOLS 248 
NROWS 217 
XLLCORNER -8.682385214 
YLLCORNER 18.975561136 
CELLSIZE 0.0832711529596774 
NODATA_value -3.4e+38 
[rows 168 to 188 of 217, columns 188 to 234 of 248]
694.833679199219 693.936462402344 694.860595703125 695.268615722656 696.4833984375 696.530578613281 694.705871582031 695.002685546875 695.267517089844 696.078002929688 697.020385742188 696.866577148438 699.794250488281 700.997253417969 701.729797363281 700.885131835938 703.983276367188 706.019104003906 705.9375 706.96484375 707.499267578125 708.485656738281 709.776306152344 711.36279296875 713.268249511719 715.739868164062 718.888488769531 718.5498046875 717.620483398438 716.229858398438 716.211975097656 718.186340332031 719.915893554688 721.703735351562 721.951599121094 723.171936035156 724.925476074219 725.745300292969 724.638916015625 724.005920410156 723.8193359375 723.24951171875 723.819274902344 724.227600097656 726.472778320312 727.029113769531 726.441650390625
691.298889160156 690.136108398438 691.619750976562 691.700134277344 692.385620117188 692.46875 691.664001464844 690.766479492188 693.610778808594 692.877014160156 694.852844238281 696.463989257812 698.321716308594 697.494689941406 698.721374511719 699.861328125 702.647644042969 703.814880371094 704.623107910156 704.746215820312 705.245666503906 706.438354492188 707.563354492188 710.617980957031 712.730407714844 716.199890136719 717.158874511719 716.379699707031 715.975708007812 715.436889648438 715.8046875 717.736328125 718.589416503906 719.783386230469 719.738830566406 720.845458984375 722.202819824219 723.507690429688 724.593200683594 723.3017578125 722.864990234375 722.465209960938 723.216552734375 723.623291015625 723.737365722656 725.739990234375 724.860229492188
686.894348144531 687.539123535156 688.498657226562 687.782470703125 688.980407714844 689.888916015625 689.158813476562 687.250854492188 688.26611328125 691.262451171875 693.175720214844 693.838439941406 694.911560058594 694.775146484375 696.165649414062 698.273132324219 700.459533691406 700.909545898438 703.022644042969 704.467895507812 703.96728515625 704.956237792969 705.899841308594 707.968444824219 712.29248046875 715.34814453125 716.583618164062 714.743347167969 714.90771484375 715.993713378906 714.437866210938 714.077270507812 714.885070800781 716.759643554688 717.455322265625 718.375671386719 721.535278320312 721.218078613281 723.159729003906 722.295349121094 721.313659667969 720.560241699219 720.734802246094 720.21435546875 721.455322265625 722.677734375 722.540466308594
684.147338867188 686.548461914062 684.490600585938 684.058288574219 685.544860839844 688.455932617188 687.052673339844 686.090209960938 687.309387207031 690.151611328125 691.669738769531 691.296691894531 691.940490722656 692.254760742188 694.358276367188 696.126892089844 699.173095703125 699.894958496094 701.564208984375 702.434997558594 703.258605957031 703.460266113281 705.199401855469 709.178833007812 712.11474609375 714.562133789062 715.464538574219 714.8193359375 713.391357421875 714.282470703125 712.867431640625 711.971008300781 712.916320800781 714.798767089844 716.025085449219 716.186401367188 719.576538085938 720.855834960938 721.536499023438 721.475402832031 719.770812988281 719.180969238281 719.067443847656 719.039489746094 721.132385253906 -3.4e+38 -3.4e+38
679.816101074219 682.97802734375 681.664978027344 682.206237792969 684.019653320312 685.432189941406 684.402770996094 684.596923828125 685.728576660156 687.502014160156 688.897094726562 689.925354003906 690.627624511719 691.718566894531 693.747924804688 694.308471679688 697.280700683594 698.884765625 699.861877441406 700.379455566406 701.991027832031 702.353820800781 704.456848144531 708.024169921875 710.849853515625 713.458312988281 713.672668457031 712.157775878906 709.6357421875 710.574157714844 710.964172363281 711.008422851562 711.622680664062 713.100769042969 715.15771484375 714.668823242188 716.669799804688 719.515625 719.570373535156 719.88671875 717.772399902344 716.72119140625 717.841796875 -3.4e+38 -3.4e+38 -3.4e+38 -3.4e+38
677.026672363281 680.835021972656 681.078552246094 681.305847167969 682.843444824219 682.704040527344 681.69482421875 681.89697265625 683.184265136719 684.557373046875 685.793701171875 687.372741699219 688.348388671875 689.264221191406 690.840759277344 693.328918457031 696.014343261719 697.305786132812 697.727111816406 699.288757324219 701.167785644531 702.01611328125 703.460021972656 705.749145507812 709.31787109375 711.653198242188 711.547302246094 709.635131835938 708.334289550781 708.853698730469 709.766845703125 710.051574707031 711.093505859375 711.197937011719 713.835876464844 715.026489257812 716.519348144531 718.695617675781 717.2431640625 716.114685058594 717.096862792969 -3.4e+38 -3.4e+38 -3.4e+38 -3.4e+38 -3.4e+38 -3.4e+38
677.481262207031 679.680541992188 679.148864746094 678.116455078125 679.623168945312 679.260131835938 678.708679199219 678.824340820312 680.075012207031 682.489990234375 683.60693359375 684.879699707031 687.239440917969 687.467712402344 688.634826660156 690.960327148438 694.149719238281 695.881530761719 697.861572265625 699.684020996094 702.586181640625 703.157470703125 704.722045898438 706.7294921875 708.113830566406 710.259521484375 709.613098144531 708.247314453125 707.444458007812 708.851135253906 708.2568359375 708.031860351562 709.180114746094 709.328186035156 711.225402832031 714.509704589844 714.852294921875 715.662658691406 714.57666015625 713.406433105469 -3.4e+38 -3.4e+38 -3.4e+38 -3.4e+38 -3.4e+38 -3.4e+38 -3.4e+38
678.408508300781 677.4052734375 675.434814453125 676.154479980469 677.254089355469 679.296691894531 678.194702148438 679.287231445312 680.695556640625 682.4658203125 683.060241699219 684.654602050781 686.374267578125 687.692199707031 689.011535644531 690.683044433594 693.689392089844 694.521606445312 696.784912109375 698.349975585938 699.724914550781 700.5498046875 702.096740722656 705.277160644531 705.7236328125 707.68212890625 708.205078125 706.730773925781 706.294250488281 705.171081542969 704.532653808594 705.472412109375 706.081359863281 707.898559570312 708.317687988281 711.853698730469 712.839233398438 712.983947753906 -3.4e+38 -3.4e+38 -3.4e+38 -3.4e+38 -3.4e+38 -3.4e+38 -3.4e+38 -3.4e+38 -3.4e+38
675.553771972656 674.275390625 673.347290039062 674.980590820312 676.704956054688 679.186584472656 679.388427734375 678.336669921875 678.502746582031 680.280151367188 680.252624511719 683.500610351562 685.846252441406 687.173034667969 686.842895507812 687.944641113281 691.914855957031 691.459533691406 693.351013183594 695.359741210938 695.748657226562 697.85546875 699.801391601562 702.372924804688 701.978820800781 703.009033203125 705.258911132812 704.757141113281 703.702514648438 702.902160644531 701.967712402344 704.863586425781 706.122192382812 706.26806640625 705.943054199219 707.876525878906 -3.4e+38 -3.4e+38 -3.4e+38 -3.4e+38 -3.4e+38 -3.4e+38 -3.4e+38 -3.4e+38 -3.4e+38 -3.4e+38 -3.4e+38
668.951416015625 670.430725097656 672.276733398438 674.211608886719 674.917907714844 676.87548828125 678.432556152344 676.106567382812 677.735961914062 677.279663085938 678.328918457031 681.477966308594 684.115539550781 685.208801269531 686.121337890625 688.203430175781 690.933532714844 690.620239257812 691.751220703125 692.904357910156 694.639343261719 696.43212890625 698.4384765625 699.774230957031 700.496154785156 700.773315429688 701.7705078125 702.958618164062 702.66064453125 702.255126953125 701.233093261719 703.551086425781 704.709716796875 704.801818847656 702.953552246094 -3.4e+38 -3.4e+38 -3.4e+38 -3.4e+38 -3.4e+38 -3.4e+38 -3.4e+38 -3.4e+38 -3.4e+38 -3.4e+38 -3.4e+38 -3.4e+38
666.419189453125 669.635314941406 671.31689453125 672.941589355469 674.160461425781 675.104553222656 676.067199707031 675.914733886719 675.288940429688 673.975341796875 677.109313964844 680.016967773438 681.970825195312 683.552795410156 685.758178710938 687.926391601562 689.260437011719 689.9453125 690.046813964844 691.297424316406 692.916931152344 694.754821777344 696.088562011719 698.207824707031 699.618835449219 700.630859375 700.785888671875 700.523132324219 701.202758789062 702.338439941406 700.558410644531 701.318542480469 702.687377929688 -3.4e+38 -3.4e+38 -3.4e+38 -3.4e+38 -3.4e+38 -3.4e+38 -3.4e+38 -3.4e+38 -3.4e+38 -3.4e+38 -3.4e+38 -3.4e+38 -3.4e+38 -3.4e+38
663.086181640625 667.012390136719 671.323913574219 672.570739746094 673.875610351562 673.795166015625 672.196411132812 672.608642578125 672.713989257812 673.771789550781 675.556396484375 678.546081542969 681.777099609375 684.319396972656 685.481506347656 686.125061035156 687.663391113281 688.471557617188 688.583740234375 689.684753417969 690.766540527344 692.919372558594 694.691223144531 695.906616210938 697.287231445312 697.26220703125 697.221618652344 697.231689453125 698.777954101562 699.842529296875 700.058959960938 -3.4e+38 -3.4e+38 -3.4e+38 -3.4e+38 -3.4e+38 -3.4e+38 -3.4e+38 -3.4e+38 -3.4e+38 -3.4e+38 -3.4e+38 -3.4e+38 -3.4e+38 -3.4e+38 -3.4e+38 -3.4e+38
661.718688964844 664.758117675781 668.913757324219 669.702453613281 671.41259765625 672.223876953125 672.486389160156 673.200012207031 673.39892578125 674.738891601562 676.142761230469 678.775634765625 680.032592773438 682.181518554688 683.268188476562 683.629089355469 685.296875 686.688659667969 688.003784179688 689.325378417969 689.983337402344 691.845275878906 693.044189453125 694.494873046875 694.962463378906 694.134765625 695.237548828125 695.832641601562 696.578247070312 697.403076171875 -3.4e+38 -3.4e+38 -3.4e+38 -3.4e+38 -3.4e+38 -3.4e+38 -3.4e+38 -3.4e+38 -3.4e+38 -3.4e+38 -3.4e+38 -3.4e+38 -3.4e+38 -3.4e+38 -3.4e+38 -3.4e+38 -3.4e+38
661.873229980469 665.197875976562 667.88916015625 668.694213867188 669.342895507812 671.31982421875 672.94482421875 672.598022460938 672.908020019531 674.988586425781 676.938537597656 677.873229980469 678.438537597656 679.595703125 680.968200683594 681.974243164062 683.44970703125 685.591979980469 686.540649414062 688.335144042969 689.01806640625 690.165161132812 690.951293945312 692.147033691406 692.102478027344 691.785095214844 692.620483398438 693.885559082031 -3.4e+38 -3.4e+38 -3.4e+38 -3.4e+38 -3.4e+38 -3.4e+38 -3.4e+38 -3.4e+38 -3.4e+38 -3.4e+38 -3.4e+38 -3.4e+38 -3.4e+38 -3.4e+38 -3.4e+38 -3.4e+38 -3.4e+38 -3.4e+38 -3.4e+38
662.674377441406 662.635192871094 666.159240722656 668.84375 669.933166503906 670.904724121094 671.346984863281 671.169982910156 672.611938476562 674.384216308594 675.49755859375 676.410766601562 678.238403320312 678.957092285156 679.538269042969 679.986694335938 681.997497558594 683.60791015625 684.419616699219 685.93212890625 686.781372070312 688.911254882812 689.240539550781 689.534240722656 689.210815429688 690.298706054688 -3.4e+38 -3.4e+38 -3.4e+38 -3.4e+38 -3.4e+38 -3.4e+38 -3.4e+38 -3.4e+38 -3.4e+38 -3.4e+38 -3.4e+38 -3.4e+38 -3.4e+38 -3.4e+38 -3.4e+38 -3.4e+38 -3.4e+38 -3.4e+38 -3.4e+38 -3.4e+38 -3.4e+38
663.136596679688 661.768676757812 663.715148925781 666.094360351562 669.727111816406 670.243591308594 669.893371582031 670.76318359375 671.889831542969 674.393005371094 675.308166503906 676.016845703125 676.998718261719 678.057434082031 678.732360839844 679.019897460938 680.083312988281 682.993774414062 683.203735351562 683.584594726562 684.738708496094 686.493347167969 686.56103515625 686.486633300781 686.803833007812 -3.4e+38 -3.4e+38 -3.4e+38 -3.4e+38 -3.4e+38 -3.4e+38 -3.4e+38 -3.4e+38 -3.4e+38 -3.4e+38 -3.4e+38 -3.4e+38 -3.4e+38 -3.4e+38 -3.4e+38 -3.4e+38 -3.4e+38 -3.4e+38 -3.4e+38 -3.4e+38 -3.4e+38 -3.4e+38
663.691284179688 663.715515136719 662.66357421875 663.490417480469 667.07275390625 669.461120605469 668.609619140625 669.553161621094 670.70263671875 672.613098144531 673.730346679688 674.952209472656 675.691955566406 677.183410644531 677.479431152344 677.947082519531 679.196533203125 681.658142089844 682.146789550781 681.981201171875 683.024047851562 684.524963378906 683.869079589844 -3.4e+38 -3.4e+38 -3.4e+38 -3.4e+38 -3.4e+38 -3.4e+38 -3.4e+38 -3.4e+38 -3.4e+38 -3.4e+38 -3.4e+38 -3.4e+38 -3.4e+38 -3.4e+38 -3.4e+38 -3.4e+38 -3.4e+38 -3.4e+38 -3.4e+38 -3.4e+38 -3.4e+38 -3.4e+38 -3.4e+38 -3.4e+38
663.442016601562 664.243591308594 663.130310058594 663.049255371094 665.880676269531 667.799743652344 667.331909179688 668.242858886719 669.211303710938 670.252197265625 671.422729492188 673.707702636719 674.687622070312 675.834350585938 676.721130371094 677.504089355469 678.460144042969 679.952270507812 680.265625 680.077819824219 679.289428710938 -3.4e+38 -3.4e+38 -3.4e+38 -3.4e+38 -3.4e+38 -3.4e+38 -3.4e+38 -3.4e+38 -3.4e+38 -3.4e+38 -3.4e+38 -3.4e+38 -3.4e+38 -3.4e+38 -3.4e+38 -3.4e+38 -3.4e+38 -3.4e+38 -3.4e+38 -3.4e+38 -3.4e+38 -3.4e+38 -3.4e+38 -3.4e+38 -3.4e+38 -3.4e+38
661.493103027344 663.586791992188 663.716979980469 664.093872070312 664.402709960938 665.057861328125 666.562072753906 666.589965820312 667.187255859375 668.202026367188 669.168823242188 671.17041015625 671.710510253906 673.126953125 674.330627441406 674.155334472656 675.357604980469 677.140808105469 675.908325195312 -3.4e+38 -3.4e+38 -3.4e+38 -3.4e+38 -3.4e+38 -3.4e+38 -3.4e+38 -3.4e+38 -3.4e+38 -3.4e+38 -3.4e+38 -3.4e+38 -3.4e+38 -3.4e+38 -3.4e+38 -3.4e+38 -3.4e+38 -3.4e+38 -3.4e+38 -3.4e+38 -3.4e+38 -3.4e+38 -3.4e+38 -3.4e+38 -3.4e+38 -3.4e+38 -3.4e+38 -3.4e+38
660.593200683594 662.741149902344 663.210327148438 666.007690429688 665.2822265625 663.839050292969 664.923950195312 665.749694824219 665.494567871094 666.263854980469 666.894165039062 668.102172851562 668.578430175781 669.692749023438 670.726135253906 671.550720214844 671.943054199219 673.819213867188 -3.4e+38 -3.4e+38 -3.4e+38 -3.4e+38 -3.4e+38 -3.4e+38 -3.4e+38 -3.4e+38 -3.4e+38 -3.4e+38 -3.4e+38 -3.4e+38 -3.4e+38 -3.4e+38 -3.4e+38 -3.4e+38 -3.4e+38 -3.4e+38 -3.4e+38 -3.4e+38 -3.4e+38 -3.4e+38 -3.4e+38 -3.4e+38 -3.4e+38 -3.4e+38 -3.4e+38 -3.4e+38 -3.4e+38
657.446716308594 660.530212402344 663.424377441406 665.169677734375 664.018249511719 659.663879394531 659.83203125 661.683349609375 662.559875488281 663.82080078125 664.668395996094 665.830932617188 666.547058105469 667.215026855469 667.994873046875 669.373046875 -3.4e+38 -3.4e+38 -3.4e+38 -3.4e+38 -3.4e+38 -3.4e+38 -3.4e+38 -3.4e+38 -3.4e+38 -3.4e+38 -3.4e+38 -3.4e+38 -3.4e+38 -3.4e+38 -3.4e+38 -3.4e+38 -3.4e+38 -3.4e+38 -3.4e+38 -3.4e+38 -3.4e+38 -3.4e+38 -3.4e+38 -3.4e+38 -3.4e+38 -3.4e+38 -3.4e+38 -3.4e+38 -3.4e+38 -3.4e+38 -3.4e+38
