rasters/Algeria_CLYPPT_M_sl2_250m_ll.asc
NCOLS 248 
NROWS 217 
XLLCORNER -8.682385214 
YLLCORNER 18.975561136 
CELLSIZE 0.0832711529596774 
NODATA_value -9999 
[rows 25 to 49 of 217, columns 112 to 167 of 248]
26 24.499061617363 23 24.6217110153106 24.604030399881 27 26.4243254794114 25 24.502304147465 24.5065872602931 24.063605619146 24.5163520142694 24.5022391110446 29.4766240523267 24.039727961944 22.0496227887623 23.4982811803185 20.5756745205894 13.0913111342359 15.7084138546173 22.4941931767515 16.3642411178829 15.7940668202777 18 18.1494815668188 21.6125873346222 25 18.502304147465 20.7660639958377 15.9977237252866 13.9975936524458 15 25.4140961795753 20.3931451612897 21.9983183439872 21.330124869928 18.1549446261331 21.502304147465 19.378604875871 24.6637988702247 21.80072840791 18.5863590753667 25 22.00460829493 19.0415211089637 20.0043574401657 16.4716069570406 13.501282146573 16.5127471383983 15.526795005204 17.2211424111803 17.4399713839752 14.9287572469148 12.2582410435568 17.1039467816259 17.8820053515686
24.5760368663571 25.703629032259 27.5760368663571 25.8298275605699 24.7883064516137 25 23.0236082206027 23.7940761111983 21.8593262226849 23.4346941430077 23.4239631336429 24.005983350676 24.4179797829662 20.4419131856723 21 19 18.4971291065876 15.0658168574408 13.7387486992694 12.8780567117585 15.2399193548393 16.421575367918 18.8724078340999 15.137617065558 25.6671528913294 18.4239631336429 18.5907258064504 18.8865207373245 19.6214137059646 17.2915025271277 18.7786160249725 20.8093875427375 19.7572747881686 23.6068548387103 20.7897929983663 19 22.8436059907792 20.85627880184 21.4890645904626 21.2950516575025 21.1126523710411 18.903606734058 18.2488757990148 19.8891129032265 18.7505853277771 21.5133231752628 15.0937267727019 17.729578563989 13.5888583320926 18.2485599078326 19 18.0487215697939 15.4935799762126 20.3525438531274 16.7452802140621 10.640943213913
24.6543778801844 23.2431897576932 22.5210903820421 23.5803013973543 23.0731659729446 20.4656793518653 22 20.9168834547351 21.6885220008919 20.3212334621676 21.7612884643963 21.3363869481202 22.6451427084878 20.6543778801844 17.6787665378329 17.4444124423976 15.4726382488481 16.8447580645154 14 16.5573156682037 15.977218671028 16.396118254793 17.1148171547491 12.1002211238298 15.4675654080574 17.2139233685147 16.4083358109104 18.4375000000009 17.3496172142112 21.3535379812681 22.3126765274263 23 23.5242771666422 23.6543778801844 28.6543778801844 18.7707466181058 20.9628456221194 20.1833841236801 22.8561580199187 19.2067972350233 19.4439386056186 17.9102497398525 14.5684740597598 21.4948342500362 17.5431470194743 20.5643210197726 15.3546807640845 22.3087557603687 21.6648301620339 16.4625576036891 17.3456221198156 14.0794373420548 16.5659840939491 16.8286290322573 16.7233629403898 16.8509179426186
25.0294429166064 25.2171566076993 20.4114389772563 23.091487661664 19.943418314256 23.3784655121159 21.4637282592546 19.7327188940082 18.2408763193112 22.1928329864701 22.9576612903231 17.9962278876173 20.9821149843904 18.3096198156696 17.0517039542149 17.6603333581072 20.3855173182704 14.5774769585236 16.9509625390213 18.1551118626436 12.9085123383372 15.391221941431 20.9207856399579 18.1735171696164 17.094302809574 18.3810483870974 20.1093912591058 21.8496543778798 20.7832336108229 21 19.1395681581693 18.8528876170648 17.8847740448925 21.8741359447021 21.2673833060788 21.0899918239929 20.8151664932354 16.2600992269946 18.5866563847177 21.2074661810622 18.1955645161282 15.7547755314428 19.8980693474069 26.1563940092183 19.0605674892222 14.9601140924639 21.0262096774179 19.2651256132013 18.5788798870255 14 15.086693548388 17.831592834844 18.6853445072077 19.3470436301482 15.8789672216436 21.3199420246746
22.6884012189651 19.3478054853532 21.3272168128475 18.0453303850159 18.2116935483863 20.6754868440639 20.1552419354829 16 17 16.4484447004642 15.188940092168 16.7969470046072 19.7881670878518 18.1969395718768 17.1622751598052 16.377880184336 16.2060353798125 15.9369704177178 14.5426453099414 14.9827560576763 14.0453303850162 18.9511204846204 15.8880072840776 15.1226586888676 18.6084250037204 19.1169447747893 20.8883882116833 17.9124423963096 22.3777315296559 24.5060483870957 22.3875427382175 20.5504032258073 18.8906737773139 20.5664765125612 21.4640441504371 21.1253251821036 17.439125910511 19.8028002824461 18.811059907832 18.6295525494261 15.6524453694059 13.8426768990615 16.8346030920182 17.9100639215111 14.0312360636244 15.6971253902134 16.2576650066877 18.8094247064048 15.811059907832 17.7162182250593 17.377880184336 14.9782871265048 23.8839006986764 20.0323788464402 15.9622881670873 17.1500576036898
15 18 22.0296566077002 18.3627917347995 29.6044299093215 21.1105990783407 20.426397353949 22.7928497101238 19.1866545265343 18.8266407759784 19.075312174817 17.8768488925239 14.9890088449526 18 17.8972052921068 16.0987903225819 19.094182027649 14.6475955106278 14.8894009216593 16.8117195629544 16.7788018433185 16.2681451612915 14.6258083097958 17.2886966701365 22.2812453545427 22.3389047866812 20.9346662702545 21.9516129032258 21.0515088449531 24.4500799018871 18.4644250780445 22.9502750111493 22.421370967741 19 16.3947989445509 16.926638917794 17.1637524156385 22.3289170506935 16 20.024751003419 19.8894009216593 19.9264159357811 18.2856399583763 13.5045153857571 16.0187955254944 16.1607421584663 13.5138806302993 17.669094693029 14.1072543481489 15.1690668202775 11.8989891482091 14.7828712650501 12.9368960903826 18.4154340716528 12.0889976958537 17.6199457410417
14.7181321540076 15.7358870967759 20.0322580645169 23.7355619146727 24.0254292403752 15.7180020811684 17.0322580645169 18 17 17.1005463059312 15.9590270551514 13.9681971904258 14 19.9354838709662 16.0322580645169 17.0697190426645 18.0604188345488 13.7902575442228 20.580385015605 19.2625520291384 15.7600806451607 19.2272372528617 21.6904916753371 21.6754032258051 18.0341441207085 21.0399323621237 20.8376040582754 22.3911290322578 22.4679370447454 23.5262096774212 19.9402315296548 21.4350936524442 18.6244797086388 17.9931061394379 16.3531477627458 15.3472294484904 17.0223074921962 20 22.4877731529624 21.7583896982307 20.8044354838718 19.8971774193577 16.5638657648308 17.4187044745058 13.1418444328835 16.8301248699274 16.9161680541123 12.064386056193 12.0302419354846 11.0265998959422 10.0838969823109 14.1112122788767 13.1707856399601 14.8664151925079 15.2318548387113 18.1383975026003
19.3245967741932 17.6848613795156 22.8381615133041 23.7711368366299 24.7422235023033 19.9915452653483 16.8058291214504 15.8905437044757 15.8551267281093 16.0460829493103 11.9980489073881 17.9539170506897 19.9545674148937 18.0498271889429 16.0493347703303 17.0045525494279 17 15.0389289430666 18.1373847926264 16.5057975323371 15.0811097071531 19.0213691095591 19.2963709677427 18.3096383975033 17.9837408949005 18.4380946187033 17.4176360190292 19.4173387096775 19.9592314553308 15.0115393191596 17.5018860561916 14.0460829493103 16.4480359001041 15.4293797383684 16.1072078935605 16.663306451614 17 19.9668314255971 21.7135145681584 17.5166493236202 21.7673647242451 12.9616285119653 17.9935892671323 9.68266872305884 10.0826612903222 11.0846402556891 16 17 16.0563029582293 12.2010182845303 23.9880147168123 20.1376728110579 20.7465995243038 13.9618143303094 11.0091980080277 11.5758510480147
18.368245503196 12.4101475397668 14.1244239631342 19.6356566820282 13.0263397502602 14.1244239631342 16.2410342649023 16 15.9135015608744 17.8137914374909 17.994732049948 16.8773320202164 19.8755760368658 18.0423387096778 17.0705645161299 18.1852887617089 16.0025921658983 14 21.1606399583777 19.2488479262684 17.008928571429 17.2681451612915 19.9124516872303 19.0403876170659 18.5138713393801 20.7985636242002 17 16 14.8841050988548 16.8876728110573 14.2488479262684 18.6425040880036 16.5590623606368 14.8128809276043 14.2942526386216 12.9581072543481 20.2991861156527 19.2453731232337 12.0930671175864 20.4279953917047 17.1955645161282 16.2709417273666 15.1218039244825 15.6402649769581 14.3833153708938 10.1176508844959 14 18 11.6414727961907 10.8755760368658 10.9240932064806 11.8755760368658 11.6070964025543 11 13.8755760368658 12.0960773747587
18.0560149397952 16 20.4240560428135 11.3940370893402 19.3286104504229 14.3862327188931 14.7209937565053 11.4419410584235 12.405529953916 15.9580515088454 14.1941801694659 16.0112513007276 17.6279359298344 20.0846774193556 18 19.020031217482 15.5689571874536 20.3425746989731 21.5145960309201 20.788306451612 20.0486472424558 17.8405957336099 17.2628586294034 16.9288687379225 17.3847275903078 17.4292868291961 16.529052698083 18.8430299539169 16.1944124423978 17.8089694514626 18 15.1116024973984 10.5545376839593 16.4364779991076 10.858610822058 16.8862327188879 22.1402185223723 19.3232403002837 18.0904377880224 17.1330366433776 16.1631113423515 14.4748866508096 11.3418778801828 8 6.52057009067795 11.0433978742375 12.7763397502618 11.797235023042 8.1905009662546 8.58458451018084 14.5723112085605 10 11.3459101382495 13.1680169466324 15.6349412814044 14.0461944403152
15.9087539021847 13.2130593132142 17.869648431692 14.7600806451624 15 14.5393841980104 15.6945703879879 15.6275828749803 14.3521257618567 14.752917348007 18.3234447004622 18.4457224617172 17.6986026460504 18.9880983350675 21.2414337743433 20.0277705515094 20.4637282592554 22.3261855210307 18.9539356325258 19.0595083246625 19.412395941728 19.7318548387085 18.4905697190418 19.2376152073756 16.2536420395422 17.5520755909016 19.9228389326598 15.1581221198165 19.1501876765283 15.7928868737883 14.7188940092148 16.5641723650928 10.8427419354821 13.1105154600868 17.2780306971886 18.4768470343388 15.8265757395561 16.6310669689295 14.0417533818906 17.2866991229377 17.6783949011498 12.5622119815705 8.76222684703604 6.25294522075083 9.25786940686963 9.03060428125435 8 11.2785231158035 14.7491359446994 11.0420321094106 15.3677995391733 11.5707596253999 13 13.7323565482358 12.8004032258056 12.6619499777051
12.5673684406127 14.1543407165165 16.7318548387103 12.726791288835 11.9239073881375 16.6405529953909 14 17.2083766909458 16.8656997918838 20.1157648283024 18.6405529953909 20.0090400624343 18.0090400624354 16.4017857142869 23.0705645161299 22.2606566820271 20.4408075665238 21.9441987513003 21.2935000743275 19.6527055150871 17.2399193548393 21.5600936524437 19.8101586888655 14.6311320053522 16 18.4819849115493 17.3594470046091 15.2030529953901 15 13.683597814776 11.1876951092619 9.64743756503631 14.5398208711146 12.743747212726 17.3727423071219 17.9480359001024 14.904433625686 16.360311059908 13.1614296863375 13 7.05497435706799 11.0247695852569 7.79710495020125 8.56952393340245 9.6935019325097 8.35518247361452 14.0521313364093 9.72018544670901 15.9612568752778 9.66156905009634 15.024370075814 12.0778857588807 11.3996859669995 11.1713709677427 16.1532536792012 14.5872695852552
16.460495020072 13.3955886725155 14.2681451612897 15.1348855358999 13.5513973539414 11.816532258065 15.0872788761704 17.493394157869 14.0987903225803 16 18.0185353798124 21.9938215400629 19.4395440017822 18.5807473613814 17.4068957187433 19.0555411030186 19.7301638917785 14.9320369406867 17.4377880184314 19.9073231009365 19.9071651553463 21.2940668202771 16 14.7334714582988 18.1983610822072 21.652017987215 12.9714861751182 11.7540322580633 13.796110822061 12.8520142708499 15.4627248401953 15.2810409543581 10.0960587929216 14.9033930429644 8.56221198156858 14.1760442990856 10.6972554630603 4.87731343838355 9.83149063475183 8.50327040285554 10.5234038204227 8.38584250037334 8 7.45132488479508 8.94881633715279 9.96939571874575 6.40010405827294 8.99823472573194 15.468029953916 18 18 17.9353909617952 17.0439460383555 16.2275252713011 20.449996283634 14.2241619592722
13.3485952133199 13.1434053069714 14.5161290322584 16.8761706555676 16 16.3326612903234 17.2353668054096 19.4505723205001 16 14.9294354838718 19.4942767950058 18.9609131113422 19.4697580645151 16.5366155046831 17.9677419354832 17.0187304890739 15.5120317377734 16.0428590010402 19.4897892819977 23.2721774193536 19.7560483870977 15.7842741935498 19.4743106139433 22.6627211238299 20.6585587929233 12.8355879292406 14.4838709677416 13.7096774193551 10.2757544224766 8.95766129032055 10.5007154006244 17.2320499479706 14.4838709677416 21.0907258064519 15.1318938605567 9.8262226847039 9.6069849115494 12.5286810613947 6.89008844952978 8.55241935483889 6 6.91902965660841 7 6.48387096774161 7.55612643080138 10.5442247658688 9 7.97079864724213 10.9540842871999 14.9396462018717 17.5286160249742 21.6866545265361 17.0692637877216 16.8286290322573 18 13.9791233090556
13.3548294187624 13.8798126951093 14.7538743124705 14.1206239779948 15.657220900847 17.4413371488025 22.279619444033 16.302512264012 15.8024193548393 17.3769139289443 19.0251690946927 18.3856938456989 15.405529953918 19.6116396610665 17.405529953918 18.5671640404285 19.7079028541668 22.7203805559684 20.9255983350669 21 19.9990151627786 17.7318548387085 15 16.7834101382459 9.61527240969351 15.2510034190579 21.9418946038328 13.2485599078369 19.5537200832461 20.5216013824945 18.1805596848499 14.1823249591201 8.40552995391804 10.290870744762 12.1479857291511 6 5.58890478668096 8.85236732570157 10.5553459937564 9.13303664337716 7 5.83266129032393 6.97645681581735 9.5443176750444 5.03352162925518 6.6165452653473 8.56330830979707 6.59245391704948 6.79879589713261 11.3470622119813 10.4219098409405 10.931683885833 13.246989742826 13.3731511074785 14 9.54096365393327
15.9974078340987 13.3764400921645 14.7605451910194 17.9912293741606 17.7883064516137 23.8765608740902 22.2227404489404 17.0415582726328 20.6063438382618 18.6787665378366 18.6866638174497 21.9763917793982 20.3271889400945 22.6166195926833 19.1154953917047 20.7716013824875 20.3271889400945 19.1015868886589 18.8165322580633 12.2848595213322 15.1569979188361 13.4046658986141 12.4072580645145 9.8963876913927 15.2896257618633 7.24934963579824 14.338077895048 7.43750000000085 6 5.99604206927374 8.1322004608334 7.37860487586952 7.18932101977271 8.9373234725696 7.88060242307072 7 7.40939497547211 11 7.24473204995019 6.15056860413202 4.72196930281301 7.05475137505569 7.99911736286072 6 9 6 9.65517689906217 6.32652928497325 6.31729411327686 5.05846774193675 7 6.11491935483931 10.9531644863974 8.82890775977829 9.32718894009448 11.7721774193538
14.2438215400621 15.8249033744607 19.7318548387103 19.3693604132596 23.5921380258663 23.0653801843325 19.497695852535 17.1218317972359 16.2242641593581 23.0175598335066 23.0105359001039 17.0070239334022 17.2383120261629 17.6452077449075 18.2309629106586 21 20.0954084287202 15.1166103017695 11.5898524602359 10.788306451612 6.1891444923443 14.2681451612915 6.29637096774273 11.2488479262675 10.8798498587768 5.44025011149139 5.59072580645043 8.89112903225776 7.7465437788025 8.87708116545229 10.9801267281094 8.11188122491441 11.7644195034946 9.2421305931313 7.2488479262675 7.7511520737325 10.2488479262675 10.7907871265057 8.31472982012604 11.8906180318121 9.04866582429001 4.79279396461967 9.78577003121704 9.0832930726916 6.93790880035706 4.76469823100894 8.73146462018814 8.24683179723502 4.78139400921711 6.69268433179575 11.7076055448187 9.30657239482729 10.7849524305023 8.83644269362297 9.60122454288603 10.2278225806462
13.0942749368184 17.9048238442043 17.6070685298042 20.959092091571 17.7333971309639 20.3043704474491 19.8447580645171 16.443093132151 17.0717165898642 19.2170079530264 15.9927809573361 14.1822134681148 19.9858870967735 20.752034710864 18.8880258659119 8.9180541103009 10.8511502155475 12 7.82949308755548 11.0360952133201 7.21141482087385 12.2952932213503 10.5836554184608 8 7.93984131113332 8 6.06978407908536 5.89631336405698 9 6.76077746395354 8 7 10.86955552252 7.8965270551495 10.3649193548376 8.05740857737528 8.42637877211349 6.17050691244452 8.37955254942803 6.49638583320889 6.34101382488904 7.69068678459873 5.88460680838526 10.0919800802727 7 7 9.9910621376546 6.00368849412854 7.17566337149035 6 6.07191169912353 8.98040545562623 11.1187379218083 11 9.29709565928355 9.05731566820164
11.3868459194287 16.9152761260594 18 15.4356139438066 16.1921826222678 18.9247435706855 15.0290898617516 16.1038724542884 15.9260442990933 20.156226772706 17.0921658986173 20.9091348297905 18.001300728408 16.3953935632519 17.0640608740903 10.0963096476912 5.3930243793669 8.07785788613025 6.74127582874886 7.71565147911336 7 8.57902854169958 8.26905567117665 5.38684591943021 7 7.81566820276545 6.37155306972021 8.86751152073759 5.42280176899103 10.0466404043405 8.525949531737 11 9.93490783409933 7.44907648282972 4.96636687973856 7.29651033150204 9.09904117734489 6.1326742976065 6.97677270700183 8.59367102720386 5.80443548387179 9.2440816857426 11.7687211981579 8.80716701352841 7.92495726178119 8.1893488925221 6.32408577374434 8.99615356027905 11 6.17355433328311 6 10 10.0921658986173 7.24774230712109 7 9.07116842574672
17.3504441058429 14.6939014419507 14.7382655715782 11.5024620930589 16.021796491751 17.9861751152066 16.3316950349332 21.2366954065683 15.792691764531 16.000975546306 14.0820573807065 12.0277426787571 6.02774267875873 9.9032536792018 7.02667422328089 9.0013657648284 14.1252601456817 8.33384123680974 7.01382488479344 8.20584027055207 10.9928088300873 7.72173702987788 8.99027240969172 8 5.99105284673651 5.01382488479344 8.40361602497482 8 8.08786420395475 8.51304444774724 9.52878326148467 8.01382488479345 7.57862903225897 9.00838969823151 8.98113014716703 6.326752266986 7.72874238145054 7 6 6.77311580199188 5.80713914077695 13.6532165155281 6.01382488479345 6.01229188345547 6.09305782666892 9.98628660621707 6 7.98415898617408 10.8962854913007 7.97315854020952 8.98737364352536 9.01382488479344 10 10 12.9889345176149 13.7753270402846
16.4326873048872 13.6128381893895 13.9827003121754 18.2553980228912 18.8255072840789 10.183467741935 18.590530697195 14.0563215400608 13.0063735691985 18.1259755463036 8.9972684703435 7.93821540062594 12.0264047866819 13.0423387096778 13.8755202913668 11.9075832466167 8.88735691987843 7.84475806451539 7 5.26255202913572 8.06451612903039 6.68463839750292 7.67735431841838 6.04357440166358 7.9772372528622 8.08909989593919 9.06451612903039 7.03629032257954 8.93587408949057 6.56978407908153 11.446995317378 8.03550988553493 8.81555671175762 9.50318678460292 6.69959677419278 7.04279396461902 7.88560093652434 7.95356399583895 9.80645161290884 6.46201873048847 7.37649583766308 5.16733870967607 9.85191207076097 9.79253381893948 9.15036420394976 8.94556451612991 9.89717741935718 6.06451612903039 8.08890478667944 6.82232049947902 8.08110041623413 6.06451612903039 8.86609001040451 4.94654006243656 7.19959677419444 12.7868756503629
14.0463709677409 20.2275345622071 15.8747119815645 15.4458525345656 13.8571428571458 8 13.2980990783371 12.8729838709684 16.3438940092283 7.35627880183665 14.1428571428542 8 12.0120967741942 4.86319124424248 5.14285714285422 8.4991359446932 7.87298387096752 9.85714285714578 6 6.36290322580929 7.61722350230647 9 8 7.57891705069209 6.69758064515941 9.06105990783659 7.59072580645043 8.91964285714462 10 9.42338709677653 9.8873847926268 7.79291474654814 7.57862903225897 8.85714285714578 7.03859447004561 6.14285714285422 5.68087557603734 8.04003456221103 10.5017281105927 7.77620967741944 5.85714285714578 9.97609447004676 5 8.76209677419674 7.20190092165629 9 10.0224654377869 11.8516705069148 11 7.94988479262547 6.06192396313482 6 6.93865207373056 7.14688940092284 9.17108294931011 15.6618663594484
19.7472034339231 15.1556414449232 15.7229076854447 13.3736992715907 16.5882544224746 19.5170209603105 15.8734019622453 11.1947562063348 6.19934591942872 7.79441058421322 6.77880184331854 10.0141129032248 10 8.21183291214447 9.07056451612991 7.29813624201031 11.7788018433185 14.8051044299102 5.85711498439017 6.06171027204023 7.76008064516069 7.97805485357488 6.38645570090701 7.50559313215643 9.64717741935385 8.77880184331854 8 9 10 9 8.59332726326658 8.45095324810595 7.2796194440302 6.30067266240604 8.77555931321639 7.92552400773048 6.3741638174512 9.28030697190639 8.16545265348586 9.87521369109538 8.29009030771458 10.4423963133629 9.77880184331854 6 6.93562323472596 7.62747138397401 7.02041214508588 8 5.21450869629779 11.5250018581838 7 8.59980303255487 8.14314516129145 7.13346402556932 9.40215735097401 14.7788018433185
17.8489575590879 12.7892355433313 12.2934164560702 8.7004608294913 9.44782220900935 9.42805113720942 12.0670339675951 7.03804630593136 5.7300524007713 14.6793239928629 8.68348632376844 7.99577263267458 11 6.97034339229951 8 11.6016705069094 10.4774788167104 19.9458339527309 9.30569904861098 4.21169354838803 5.23991935483931 6.32481046528672 9.58480749219558 8.98164114761691 8.65236175115486 8 7.7004608294913 9 10.5342741935481 8 6.17828341013574 8 7.42137096774103 8 9 8.90216664188963 9.33075665230037 7.1962984985866 8.89896127545861 5.621766760817 6.72602943362755 10.2995391705087 8.65879106585229 9.62278876170545 10.2747788761724 6.67863646499058 7.59122751598433 5.70106473910932 5.38879701203726 6 6 6.08049650661535 7.85685483870855 7 8 8.15958079381625
9.7980619146727 8.82814590456452 6 8.09066077003098 5.21169354838633 7.11413891779356 12.1552419354829 10 23.439339601606 7.87022446855962 8.37788018433254 6.98588709677521 8.62745280214016 6.01599895941744 7.33011557900513 10.9253381893849 9.30604281254555 4.53312211981715 9.11413891779462 6.62211981566746 6.47286123085977 8.45530139735271 8.29637096774273 10.6754032258051 8.37788018433254 8 9 10.272177419355 11.5766221941409 7.75576036866507 5.21408131410856 10.7266705069106 6.21865244537018 6.24458339527213 7.46700795302506 6.41265608740916 6.56978407908452 7.37788018433254 8.37788018433254 7.91543407165142 10.729625018583 10.1401349041172 7 5.5950367920317 8.05917385163922 7 6.37788018433254 6.00076185521043 6.36645235617704 6 6.03275977404531 7.92850639215074 8.0673870224491 11.1713709677427 12.8004032258056 11.0860896387697
