rasters/Chad_SNDPPT_M_sl2_250m_ll.asc
NCOLS 126 
NROWS 192 
XLLCORNER 13.449183796 
YLLCORNER 7.455566751 
CELLSIZE 0.0836128775793651 
NODATA_value -9999 
[rows 66 to 87 of 192, columns 49 to 97 of 126]
91.5478050595316 96 98.2317708333335 98.448133680555 98 98 99 97.9054956183861 97.8280113260584 96.7682291666665 97.7595486111123 94.6626984126974 89.7682291666665 89.6645791997355 87.1124855324079 83.38724578373 82.8281973379649 84.2620081018498 75.8214285714249 87.4635416666671 97 93.777374751985 96.3445663855818 97 95.5833333333328 95.3444837136246 96.927341683201 96 96.7682291666665 97.2317708333336 95.2317708333336 96.0836950231479 94.6109974371696 94.0089595734129 92.5178054728838 94.407190393517 94.0357142857133 93.2317708333336 98.5373263888898 94.5595238095239 96.2143373842602 94.2317708333335 97.9641307043648 96.2271722056882 96.8849206349204 95.3658854166677 94.9107866236772 94.5914455191807 91.5830233134916
94.7806919642846 94.4904823908734 97.6671937003968 99.7421874999994 99.9273623511901 97.7800409226184 99 98.9682849702379 97.6404389880961 98.4168526785701 98 97.7421874999994 98.8497953869052 96.7769717261899 92.498232886906 88.171130952378 85.8923301091249 85.3917100694448 85.4695870535717 92 96.0317150297616 95.2666480654779 96.8910280257942 97.8148251488093 96.7421874999994 96.8577938988093 95.3943142361113 95.0332031250024 95.2465587797624 94.9764694940478 95.0583147321432 92.6286892361143 93 91.4204799107153 95.1974516369056 92.9064670138904 90.724888392857 91 86.8211805555575 95.4904203869058 94.203218005953 94.9681299603209 98.1148623511911 97.4843749999987 98.7421874999994 96.4433593750017 99.6429501488087 98.3563678075398 97.7437686011901
98 98.178147734788 96.4484126984132 97.1182725694448 97.9200252149467 98 98.280474950398 98.8769841269838 99 99 97.7161458333328 95.0534474206354 97.7976190476194 95.3321655919317 90.0674603174602 90 90.0923652447086 83.5677083333345 85.4561941964292 91.3570705191806 94.7161458333328 95 94.3473255621695 97.2838541666673 96.1655815972224 95.2838541666672 95.7161458333327 96 94.728536292989 96.349216683201 96 95.6388888888902 94.352978257275 94.4518539186503 94.1676690641524 89.0281601355818 88.547433035716 90.9031291335974 87.4722222222187 88.800099206351 87.6959222056878 98.8806010251305 94.9002046130981 96.3264818948406 97.9175863921957 96.4661458333311 96.8351727843913 95.196304563492 95.4689050099197
97.3882998511936 87 86.0004443617711 98.5833333333328 100 98.1630704365078 99.6818886408752 98.1230158730161 96.8219969411363 97.3098958333326 98.1463396990734 96.1045283564816 96.1396639384919 93.7110098379636 89 89.752821180556 80.7316054894131 92.8364438657408 92 93.2579365079363 93.0381221064809 93.9880952380939 94.2643952546292 97 97 97 95.7872540509264 92.6222098214296 95 96.5705501818802 93.9435143849192 96 94.9645647321417 93.3690476190478 92.9967861276444 89.2484085648148 92.2988281249996 91.3802083333348 92 94.4798177083345 91.6029162533067 91.0196139219528 85.2932477678589 85.653325479495 87.2039207175896 79.1972656250002 99.6901041666674 80.9766658399389 80.3205915178563
86 88.7693762400796 98.7707403273799 96.6640625000004 98.5230344742067 96.2866133432539 97.3438430059507 94.9596354166665 97.837363591271 96.3928571428583 95 95.1133122519844 92.9320126488098 92.3807353670631 91.9552021329366 92.7320498511907 92.6626984126974 92.4908854166663 91.271205357142 89.4927765376988 91.7952938988119 92.9920944940467 93.3359374999996 95 95.1914062500002 95.1167844742066 95.686507936508 94.5454799107156 95.3649243551587 93.9693390376987 95.7400483630957 97 95 95.754929315476 96.0846354166653 92.9007936507947 93 89 92 90 88.9921875000011 87.1845548115073 88.0519903273812 76.0066654265871 81.496589781745 75.0839843750005 77.8138950892869 80.1520337301586 75.8840215773808
85.7575334821518 92.513506531085 95 96.2111545138881 96.1797598379638 95 92.6423301091273 96 94.742063492062 95.7802269345249 92 92.3619791666656 92.1291232638889 91.9755807705028 91.3619791666656 91.7976190476195 92.3619791666656 90.5076678240744 91.2451636904761 93 90.0445291832004 91.6261160714283 91 87.1019861937831 95 95.514240244709 94.8865224041009 93.9518229166631 94.6696221891548 95.113363921959 96.0818762400794 94.1005497685192 94.6835214120365 95.0948040674599 97.2353153935148 94.9007936507947 89.9772135416673 91.1706349206354 89 89.6380208333344 90.4246031746035 92 91.9012586805548 89.9410858961665 76.244274966933 97.7929687499989 78.9140625000032 84.6826946924597 87.361483134923
97 96.313492063492 97.214027364418 97 90.1977823247314 94.2607680224858 92.3953062996023 91.5366960152111 91.1000847387573 92.6284412202391 91.816767939815 90.1484168320098 89.123852926587 91.9325396825398 91.3618448247359 92 91 90.9157986111125 91.2404203869053 91.4457878637568 87.9266079695757 92.3880208333338 89.7519531250007 86.9515128968275 94.6143663194449 97.5115534060845 95.1447379298943 96.1092819940467 95.8027550429905 94.8528749173293 94.2261904761911 94.8598813657411 96.3084180720897 93.774150545635 93.7658730158743 94.6504732969569 92 92.7480468750005 93 93.4404761904761 92 95.4346994874353 95.6119791666663 93.2118158895498 82.4667968749986 93.5410156250014 85.1640625000012 86.7070829199703 80.7656870039643
97.4140625000008 93.2842571924609 92.6424541170645 95 93.0416356646841 88.465525793648 93 87 91.8931981646817 91 91.2185329861119 87.7513640873034 91.5859374999992 93.1602802579351 91.5859374999992 90.5326450892861 90.9232390873018 91 86.5859374999992 89.7995411706344 87.5370783730152 90.7389322916621 89.8531746031752 90.4140625000008 95.3391927083328 96.5859374999992 95.1836867559521 97 92.94884672619 94.7525421627005 93.2655319940465 89.7354600694434 92.3772631448402 95.8471912202377 94.7231212797602 96.5859374999992 92.5859374999992 97 96.4249131944439 94.4140625000008 93.5753968253965 92.4140625000008 83.600539434525 91.9719432043658 93.7328249007948 92.9824218749977 94.1718749999984 81.5102616567503 93.8874627976202
89.0999813988088 92.1379691633596 89 86.7031250000005 90.4744646990719 87.1914475859767 86.5532304067477 87.9458602017195 87.4401041666661 90.0472470238078 83.4152922453723 92.6626984126974 90.2442026289693 90.902850115741 92.5895854001327 89.7976190476194 84.2342613260543 89 89.3928571428584 93.3265852347881 89.4942439649459 91.1064608134916 88.7509713955022 90 97.3999565972216 95.9422329695772 96.813120039682 94.5357142857099 94.5791067294981 92.7022672784385 93.4401041666661 92.7188223379627 94 95.5598958333339 96.5711908895491 94.4401041666661 96.1355096726197 96.7305307539693 98.3421585648159 94.8805803571422 95.4909680886243 93.4324053406104 94.4401041666661 92.4313719411373 89.8805596891546 84.7786458333437 93.6556196263223 92.6692604993397 90.266803075397
85.0159040178562 85.1991360780421 84.7928550760566 87.9717881944449 83.8199508101826 86.3877624834667 81.5394035218238 83.9896350033083 81.257936507938 89 85.4600694444467 89.1800698578046 89.5604848710323 88 82.6687748015864 92.8919580853178 93.1800698578046 91 92.763671875 92 89.533854166666 90.5394035218254 91.3870287698412 94.533854166666 96.0494791666668 94.2944671792322 94.3200128141539 96.466145833334 95.8915963955034 95.9574549437834 91.5715835813503 93.466145833334 94.2312231316141 96.533854166666 95 96.985253389551 99 97 99.466145833334 96.466145833334 93.7733238260583 96.6688884755274 94.9173797123012 93.4463045634932 95.472418568121 91.2500000000017 81.5927786045001 93.4449611441811 92
73.82142857143 74.0156250000013 76.8146701388925 72.0631510416698 77.4248201884935 74.5078125000007 74.0119047619027 80.4453435019846 74.1072978670608 82.3144531250003 79.5277777777787 83.6783234126987 76.7192150297614 84.591796874999 91.9522259424592 90 92.6902281746065 92.4995659722222 93.3083147321426 93 90 90.4982328869048 93.3609871031759 94.5078125000007 93.3782552083327 95.5008060515873 93.5165860615069 95.494977678571 94.949125744048 96.0156250000013 93.2261904761911 95.0056423611116 95 96.8282180059533 93 94 98.4746093749999 98 95.4969618055553 97.3358444940475 90.2917906746057 96.2896825396797 94.583984375001 94.0198412698407 94.2011718750027 95 94.1132812500001 90.2050781249974 93.8144531249986
76 74 75 72.1430121527789 76.7182539682531 75.7428075396833 71.9995659722223 75.4225053736773 77.7126529431238 78.6345796130965 77.2542679398154 76.6565703538367 79.8340773809524 82.0674603174602 90.483269262566 92.4817708333336 94 93.7552806712969 93.4960937500001 93.7420634920637 90.4544787533074 90.006169394842 92.1157200727511 92.2904989252625 95.7840711805553 94.2657386739417 93.4817708333336 95.4256882440482 95.4817708333336 93.1352409887555 94.8745349702379 95.1739728009254 96.5182291666665 95.1261780753967 95.1127955522481 95 95.0357142857133 94.8596023478828 96.6765769675927 97.4200768849208 98.7799582506613 96.5076678240741 97 97.472211888228 94.5182291666665 91.7499999999983 81.9578993055561 95.7495556382277 80.9125124007937
77.6343005952373 77.2249503968268 72.777374751984 62.4166666666672 74.0455832506607 73.9200872189158 77 75.4902033730183 74.163225446429 83.1790364583342 78.9697627314805 78.692563657406 88.9820808531749 90.0982039517195 90 91.4341207837298 90.7289289847897 91 92.3928571428584 91 90 90.468687996034 92.0669126157406 91.4350921792339 93.2658420138891 91.3995742394193 93.3128616898153 92.3743489583346 95.5442708333326 95 95.6473524305553 94 94.0043196097882 97 95.5442708333326 94.5637194113752 96.4751674107144 91.3585276124329 91.8878038194435 98 99.3131717096555 99 94.0748387896813 93.4755704365081 95.1409866898136 93.4303385416681 92.6635664682573 89.3073640046288 95.8315352182551
66.1018415178563 70.7431795634924 73.9036148313485 66.2174479166681 76.2817460317469 80.3459511408738 77.5754278273798 71 77.8956473214293 82.3646763392856 83.4722222222213 89 90.5418526785713 91.4933655753967 91.9615265376985 92.9130394345239 90.8144221230172 91.4852430555578 90.3928571428584 89.104352678571 92.6231708829356 93.0067894345246 93.0424417162698 92.2489459325386 94.4986979166668 96.3145771329361 95 92.9232700892863 94.1781374007935 95.1304873511894 97.7084263392847 96 95.1422681051593 97.7895275297619 93.8115389384906 92.8733258928576 94.1406249999993 98.1706349206354 99.7016059027778 97 97.2421564980159 95.0245845734117 90.1906622023834 97 95 95.4296875000003 94 90.7766307043651 89.8593750000007
65.2129836309507 67.3796192956349 73.4682953042331 75.8517795138873 85.7100797784395 86.151672040344 86.4059399801583 84.3539909887565 83.0388868220892 85.8198474702402 90.190610532407 92.7325045469581 90.4036458333333 92.1797081679895 89.5561239252647 89.0816902281745 92 90 89.7549293154767 87.4036458333333 91.0496548445761 91 92.9407345403442 91.5963541666667 93.5030381944437 93.7742332175919 93.4036458333333 95 95.3339637070097 94.9631593088628 98 97.3611111111098 97.2002211474868 96 94.0219287367734 95 97.9787016369053 84.1996734457679 95.7196903935188 99 95.121372767857 94.8272466104514 94.4036458333333 91 93.0464513062171 91.9472656250024 88.8814690806877 92.1938140707674 91.8072916666666
76.5786830357145 80.7407717427247 80.2016885747345 84.4650607638884 84.212776951059 80.3221622850533 86.7700272817439 87.7441716269832 93.0973979001329 92.8516555059519 91.1783130787035 89.3298921130944 91.0764198908729 89.1328125000007 88.5804088128306 88.6223958333331 90.6626984126974 90.143735532406 87.6071428571416 90.9368592923282 90.6989604001311 90.2447916666663 92.5310123181219 87.9200355489417 91.6369357638894 92.2472408234123 95 93.1111421130943 95.2069382440468 94.4688740079359 98.1040116567453 98 96.8096994874338 99 91.6668010085987 96.4393497850525 97.364118303572 99 98.3168402777768 96.8336743551587 96.3581245866399 94.1973069609809 92.1547619047628 89.8424892526455 89.0452008928564 81.0279947916624 92.7604270006616 89.1572213955015 93.4756014384933
82.4673549107127 85.5548425099201 87.1331225198421 87.3515624999992 85.1826946924611 84.9483816964289 90.6294642857183 87.3515624999992 89.3905009920628 90 87.8793402777779 88.7670200892866 90.5172061011914 89.3041294642851 89.1421750992039 88.5883556547625 87.570281498016 90.5082465277781 93.2547433035726 85.3155691964256 89.7349330357139 91.3515624999992 90.0516183035711 90.5647941468255 92.6217447916666 92.7092323908723 92.6484375000008 94.5954241071438 94 94.940817212302 96.5812872023812 95.8007812499991 97.1743861607139 96 96.4966207837316 95.1880270337309 99 98 98.892578125 95.40466889881 94.948505704365 95.2497209821433 95.8996465773803 91.6623883928576 91 86.8515625000026 73.6487165178559 83.1950644841257 90.9936755952397
84.9418712797623 83 83.3255208333338 85.0913628472195 89.6072668650807 92 87.9919704861125 85.7340133101863 86.7584428736774 86.7857142857167 87 89.9019820601852 88.4673549107145 88.6746858465632 84.9544994212964 87 89.7842778604497 90.3559751157411 90 88.2415571263232 91.0400442294969 91.6783544146825 90.047794725529 89.9082857969573 91.3934461805549 93.7440682870358 93.6510416666677 94.2866443452378 95 93.6426297949734 94.7481088789681 94 95.1614686673283 95.9147445436508 99.0151806382296 97.3924334490739 97.0116257440473 97.6744791666662 92.6182725694454 94.913473462303 93.1873036541007 94.5733920304241 95.2211371527778 96.5817315641555 67.4807581018526 89.1803385416646 81.2895585317458 86.6259403935207 80
84 85.079871445106 84 87.7005208333332 88.4968481316144 91.7063492063504 86.007130456348 85.7005208333332 86.8830915178589 85.5746837797629 86.1414207175924 86.9705171130965 87.4616505456346 87.7005208333332 89.0472573578041 94 87.8989852017192 91.3697193287043 90.5746837797628 89.162212714948 92.987506200397 87.6921812996021 87.2994791666668 87.2817460317469 88.4166666666672 92.1651889054232 93.1117104828043 94.82142857143 94.5683800429893 95.0273334160051 95.242590525793 95.4475549768527 97 95.7005208333332 93.4634899966923 92.9899243551589 92.0393415178561 97.419012483466 86.6910445601886 94.3085627480158 90.3363921957664 91.7872747189144 89 95 91.7005208333332 75.7753906250004 78.4308759093917 87.7005208333332 67.5900917658732
83.7753906249994 88 87.8491753472222 86.7949218750003 87.1540798611117 87.3399677579364 87.2615327380975 86.7601996527776 84.7023189484167 82.8356584821421 83.8305121527766 90.4814918154753 88.1143973214286 92.9325396825398 89.6959945436507 88.7976190476195 84.4295324900807 94.1291232638887 90.6071428571416 90.6251860119052 91.3017733134969 91.1808035714281 88.6198846726193 88.4448164682529 88.4329427083335 90.5992373511909 94.0857204861112 94.2424665178586 95.0436507936513 94 95.8356584821424 96 95.1356336805557 94.1725260416668 95 95.0992063492054 94.7265624999998 96.2824900793642 97.4724392361099 95.8470052083332 94.7200210813483 94.7103174603203 93.3858816964294 90.2013888888877 89.6304873511911 86.9570312499998 87.5160590277776 83.0876736111147 83.7130766369061
86.2473958333331 87 85.5593481316142 85.2473958333331 83 83.4673549107148 85 82.4629939649474 82.8164165839952 85.4900483630967 87.5609809027755 84.9230117394189 85.0551215277773 91.2307064318781 90 83.2023809523806 88.9974991732792 87.7526041666669 90.4569382440468 91.7526041666669 86.4325603505268 89.9851500496015 89.2110718419312 89 89 91.909918568121 92.6384445271161 95.7967819940474 92.5276434358465 92.9774202215611 93 94 93.7526041666669 95.2578125000007 92 93 96.2381882440476 95.6587301587293 96.3508391203703 95.38581969246 96 85.6062541335994 92.8835255456342 88.3020109953687 91.4947916666662 91.8736979166657 69.8267815806874 85.8463438326723 90.3949342757922
83.4427083333321 87.1612309854513 84 85 86.8410114914028 86.9254712301588 86.9880952380973 85.0983382936499 85.221354166666 85.4798177083346 80.2941261574086 84.3266679067456 83.4297495039704 85.8800119874341 89.9850673776456 86.2703683035713 88.8533089451065 90 88.6941034226179 88.1847718253958 87.6828600363773 87.5837363591313 88.9674995866405 89 90.7124565972212 92.2024326223534 93.8480386078047 94.0395275297615 92.990337714947 96 94 92.1414207175925 94.4916087962965 92.9183097718256 92.6481688161386 95.2986007771151 95.9642857142867 93.265728339948 92.8462818287043 95.2165488591268 91.0053220072765 83.9316716269863 84.2067522321444 88.0242332175919 71.5920655588626 84.4160156249955 80.8854166666641 89.2984871031747 92.337332589286
