rasters/Chad_bio8.asc
NCOLS 126 
NROWS 192 
XLLCORNER 13.449183796 
YLLCORNER 7.455566751 
CELLSIZE 0.0836128775793651 
NODATA_value -3.4e+38 
[rows 105 to 125 of 192, columns 0 to 46 of 126]
-3.4e+38 -3.4e+38 -3.4e+38 30.0709991455078 30.0398330688477 30.0708332061768 30.0953330993652 30.0478324890137 29.9134998321533 29.8716659545898 29.7975006103516 29.7845001220703 29.7978324890137 29.7786655426025 29.7366676330566 29.6976661682129 29.6176662445068 29.5761680603027 29.5398330688477 29.503833770752 29.4505004882812 29.4659996032715 29.4621658325195 29.4046669006348 29.396333694458 29.4080009460449 29.3808326721191 29.3540000915527 29.3636665344238 29.3020000457764 29.2705001831055 29.2268333435059 29.2136650085449 29.1983337402344 29.1506652832031 29.136833190918 29.1746673583984 29.1513328552246 29.1956672668457 29.2346668243408 29.2661666870117 29.4383335113525 29.5841674804688 29.4511661529541 29.4633331298828 29.5433330535889 29.6290016174316
-3.4e+38 -3.4e+38 -3.4e+38 30.0671672821045 30.0421657562256 30.0623321533203 30.021333694458 29.9703330993652 29.896333694458 29.8953323364258 29.8271675109863 29.7933330535889 29.7606658935547 29.7666664123535 29.7425003051758 29.6665000915527 29.5904998779297 29.5270004272461 29.5043334960938 29.5076656341553 29.4648342132568 29.4698333740234 29.4426670074463 29.4063339233398 29.4013328552246 29.3658332824707 29.3589992523193 29.3578338623047 29.3339996337891 29.2931671142578 29.2830009460449 29.2093315124512 29.1868324279785 29.0813331604004 29.0323333740234 29.0563335418701 29.0576667785645 29.0438327789307 28.990665435791 29.1801662445068 29.3638324737549 29.5319995880127 29.41233253479 29.341667175293 29.4405002593994 29.5363330841064 29.5271663665771
-3.4e+38 30.1323337554932 30.1183338165283 30.0926666259766 30.0636672973633 29.9883327484131 29.9681663513184 29.9506664276123 29.8955001831055 29.8571662902832 29.841833114624 29.80299949646 29.7061672210693 29.693000793457 29.679500579834 29.6096668243408 29.5248317718506 29.4545001983643 29.4213333129883 29.408332824707 29.4328327178955 29.4238338470459 29.4070014953613 29.3729991912842 29.367166519165 29.3746681213379 29.3489990234375 29.3403339385986 29.2968330383301 29.2859992980957 29.2431678771973 29.1973342895508 29.0919990539551 28.9673347473145 28.9103336334229 28.974666595459 28.9913330078125 28.9344997406006 29.0745010375977 29.2649993896484 29.4408340454102 29.4443321228027 29.2368335723877 29.2738342285156 29.308500289917 29.3858337402344 29.408332824707
30.2275009155273 30.1375007629395 30.0960006713867 30.1013336181641 30.0610008239746 30.0061664581299 29.935998916626 29.8974990844727 29.8540000915527 29.8196659088135 29.783166885376 29.7573318481445 29.7508335113525 29.703332901001 29.5974998474121 29.5240001678467 29.3880004882812 29.3593330383301 29.3296661376953 29.3500003814697 29.3823337554932 29.3861675262451 29.3715000152588 29.3696670532227 29.3213329315186 29.3161678314209 29.3059997558594 29.2663326263428 29.2196655273438 29.1246662139893 29.0915012359619 29.0543327331543 29.0888328552246 28.9163341522217 28.9276657104492 28.984167098999 28.9473342895508 29.0054988861084 29.1751670837402 29.3248329162598 29.3403339385986 29.2089996337891 29.1735000610352 29.1915016174316 29.1996669769287 29.2466659545898 29.2778339385986
-3.4e+38 30.1638336181641 30.1855010986328 30.1673336029053 30.1236667633057 30.0433330535889 30.0391654968262 29.8866672515869 29.7681655883789 29.7323322296143 29.6943340301514 29.6879997253418 29.6510009765625 29.5786666870117 29.5004997253418 29.392333984375 29.2763328552246 29.2721672058105 29.3153324127197 29.3093338012695 29.3209991455078 29.2985000610352 29.2969989776611 29.2426662445068 29.2123336791992 29.2304992675781 29.2313327789307 29.1784992218018 29.1319999694824 29.0354995727539 28.9529991149902 28.9284992218018 29.0389995574951 28.9074993133545 28.8586673736572 28.759334564209 28.8228340148926 28.9549999237061 29.1388339996338 29.2654991149902 29.1280002593994 29.0593338012695 29.0668334960938 29.0209999084473 29.1054992675781 29.1388339996338 29.1046676635742
-3.4e+38 29.9345016479492 30.1088333129883 30.2445011138916 30.17799949646 30.0108337402344 29.9143333435059 29.8435001373291 29.7379989624023 29.6423320770264 29.6128330230713 29.63450050354 29.6598339080811 29.5848331451416 29.451000213623 29.3613319396973 29.2409992218018 29.1695003509521 29.207332611084 29.2248344421387 29.234001159668 29.2389984130859 29.1884994506836 29.1695003509521 29.1473331451416 29.1215000152588 29.0893325805664 29.0526657104492 29.0561656951904 28.9931659698486 28.9183330535889 28.8846664428711 29.0083332061768 28.8838348388672 28.818000793457 28.732666015625 28.8096675872803 28.925666809082 29.0913333892822 29.0361671447754 28.9946670532227 28.9664993286133 28.9306659698486 28.8346652984619 28.8446655273438 28.9149990081787 28.916332244873
-3.4e+38 29.3133335113525 29.496166229248 29.8076667785645 29.9559993743896 29.9533348083496 29.8875007629395 29.7741661071777 29.7129993438721 29.6191673278809 29.5303325653076 29.5510005950928 29.6095008850098 29.4985008239746 29.3344993591309 29.2786655426025 29.2313327789307 29.1936664581299 29.1376647949219 29.1348323822021 29.1316680908203 29.1175003051758 29.1075000762939 29.1406669616699 29.167667388916 29.0558338165283 28.9729995727539 28.9235000610352 28.9594993591309 28.8596668243408 28.7744998931885 28.734167098999 28.8481674194336 28.828498840332 28.7216663360596 28.7061672210693 28.75950050354 28.8741664886475 28.8225002288818 28.8296661376953 28.8688335418701 28.8708324432373 28.7683334350586 28.7256660461426 28.7033348083496 28.7690010070801 28.8098335266113
-3.4e+38 28.7819995880127 28.8088340759277 29.0858345031738 29.2666664123535 29.6856670379639 29.8120002746582 29.7196674346924 29.6196670532227 29.5265007019043 29.4638328552246 29.4403343200684 29.4713325500488 29.4008331298828 29.3026657104492 29.2393321990967 29.2021675109863 29.1573333740234 29.1038341522217 29.0359992980957 28.9891681671143 28.9423332214355 28.9466667175293 29.0093326568604 29.0126667022705 28.9938316345215 28.935998916626 28.8946666717529 28.8648338317871 28.764331817627 28.7026672363281 28.6693325042725 28.6468334197998 28.6086673736572 28.59716796875 28.7110004425049 28.7889995574951 28.6696662902832 28.6731662750244 28.6758327484131 28.6948337554932 28.6891670227051 28.6061668395996 28.6093330383301 28.6075000762939 28.6560001373291 28.6578330993652
-3.4e+38 -3.4e+38 28.4060001373291 28.6761665344238 28.8689994812012 29.3823337554932 29.7099990844727 29.6604995727539 29.5459995269775 29.4618339538574 29.4265003204346 29.3689994812012 29.361499786377 29.3080005645752 29.2285003662109 29.2198333740234 29.1916675567627 29.1546669006348 29.0853328704834 29.021333694458 28.9930000305176 28.9394989013672 28.941333770752 28.974666595459 28.9371662139893 28.9069995880127 28.8871669769287 28.849666595459 28.8291664123535 28.763500213623 28.7228336334229 28.658332824707 28.6518325805664 28.5424995422363 28.575834274292 28.6158332824707 28.5986671447754 28.5319995880127 28.5054988861084 28.5365009307861 28.5281677246094 28.5424995422363 28.4843330383301 28.5156669616699 28.5376663208008 28.5459995269775 28.5520000457764
-3.4e+38 -3.4e+38 28.2625007629395 28.3018341064453 28.507999420166 28.9423332214355 29.371000289917 29.5424995422363 29.4538326263428 29.3396663665771 29.3453330993652 29.3134994506836 29.3036670684814 29.2740001678467 29.2368335723877 29.1723327636719 29.1065006256104 29.1028327941895 29.079833984375 29.0686664581299 29.0156669616699 28.9478340148926 28.9393329620361 28.954833984375 28.9273338317871 28.8851661682129 28.8569984436035 28.8431663513184 28.8518333435059 28.753999710083 28.6639995574951 28.605001449585 28.5564994812012 28.494499206543 28.5258331298828 28.445499420166 28.4680004119873 28.4165000915527 28.4049987792969 28.4156665802002 28.405834197998 28.4386672973633 28.4163341522217 28.3798332214355 28.3969993591309 28.3848323822021 28.4446678161621
-3.4e+38 -3.4e+38 28.1054992675781 28.0618343353271 28.2498340606689 28.5803337097168 29.1061668395996 29.2406673431396 29.3361663818359 29.355167388916 29.3120002746582 29.3183326721191 29.2821655273438 29.2821674346924 29.2374992370605 29.1511669158936 29.1003341674805 29.1058330535889 29.0930004119873 29.1161670684814 29.0463333129883 29.0126667022705 28.9836673736572 28.9271659851074 28.8881664276123 28.8816661834717 28.861499786377 28.8386669158936 28.8079986572266 28.7386665344238 28.650333404541 28.5795001983643 28.4915008544922 28.4736652374268 28.4123344421387 28.3150005340576 28.3346672058105 28.3094997406006 28.3199996948242 28.3066673278809 28.3610000610352 28.3563327789307 28.3435001373291 28.2991676330566 28.3453330993652 28.3928337097168 28.4446659088135
-3.4e+38 -3.4e+38 27.9141654968262 27.908166885376 28.0116672515869 28.3008346557617 28.8641662597656 29.0580005645752 29.2091674804688 29.2941665649414 29.2921676635742 29.2674999237061 29.2545013427734 29.2401657104492 29.2016658782959 29.1450004577637 29.1046676635742 29.1046676635742 29.0764999389648 29.0860004425049 29.079833984375 29.0426654815674 28.9816665649414 28.9248332977295 28.9098320007324 28.9368343353271 28.8911666870117 28.8384990692139 28.7734985351562 28.7294998168945 28.6841659545898 28.6105003356934 28.5513343811035 28.469165802002 28.353666305542 28.2288341522217 28.1596660614014 28.1561660766602 28.2296676635742 28.3078346252441 28.3143348693848 28.2853336334229 28.2884998321533 28.2576675415039 28.2693328857422 28.329833984375 28.3708324432373
-3.4e+38 -3.4e+38 -3.4e+38 27.7391662597656 27.7916660308838 28.0233325958252 28.5151672363281 29.1000003814697 29.15283203125 29.1888332366943 29.2028331756592 29.1596660614014 29.1808319091797 29.1526660919189 29.0970001220703 29.0808334350586 29.0513343811035 29.0461654663086 29.0286674499512 29.0881671905518 29.0616664886475 29.0324993133545 28.9663333892822 28.957332611084 28.9566669464111 28.9303321838379 28.8826656341553 28.837833404541 28.7956657409668 28.7688331604004 28.6698341369629 28.6218338012695 28.6644992828369 28.3506660461426 28.2316665649414 28.0530014038086 27.970666885376 28.0419998168945 28.1271667480469 28.1901664733887 28.2223339080811 28.1708335876465 28.1163330078125 28.1426677703857 28.1886672973633 28.2483329772949 28.2948341369629
-3.4e+38 -3.4e+38 -3.4e+38 -3.4e+38 27.7513332366943 28.1348342895508 28.3980007171631 28.703332901001 28.746166229248 28.6498336791992 28.716667175293 28.6761665344238 28.6595001220703 28.6324996948242 28.6496658325195 28.6879997253418 28.6730003356934 28.7600002288818 28.8993339538574 29.0058326721191 29.0288333892822 29.0066661834717 28.9769992828369 28.9848327636719 28.9743328094482 28.9228324890137 28.9013328552246 28.8649997711182 28.8228340148926 28.7531661987305 28.640832901001 28.6191673278809 28.5711669921875 28.2788333892822 28.1326675415039 28 27.9565010070801 27.9779987335205 28.0036659240723 28.0401668548584 28.0973339080811 28.0503330230713 28.0314998626709 28.0923347473145 28.1633338928223 28.2081680297852 28.2510013580322
-3.4e+38 -3.4e+38 -3.4e+38 -3.4e+38 28.070499420166 28.5638332366943 28.5755004882812 28.2251663208008 27.740665435791 27.6458339691162 27.8693332672119 27.962833404541 27.8901672363281 27.8486671447754 27.9139995574951 28.1508331298828 28.1189994812012 28.1901664733887 28.4203338623047 28.6529998779297 28.8071670532227 28.9058322906494 28.9744987487793 28.9785003662109 29.0130004882812 28.9759998321533 28.9541664123535 28.8743324279785 28.8173332214355 28.7211666107178 28.6271667480469 28.6111660003662 28.4220008850098 28.212833404541 28.1068344116211 27.9976654052734 27.9553337097168 27.9584999084473 27.9553337097168 27.9403343200684 27.9669990539551 27.9890003204346 28.0513324737549 28.0825004577637 28.1276664733887 28.1598320007324 28.179666519165
-3.4e+38 -3.4e+38 -3.4e+38 -3.4e+38 -3.4e+38 28.1966667175293 27.8449993133545 27.4860000610352 27.5659999847412 27.6808338165283 27.6498336791992 27.7714996337891 27.6888332366943 27.6921653747559 27.8278331756592 28.042667388916 28.0658340454102 28.0424995422363 28.1375007629395 28.280668258667 28.3581676483154 28.4505004882812 28.8098335266113 29.0008335113525 29.049165725708 29.0493335723877 29.013500213623 28.9284992218018 28.845832824707 28.7786674499512 28.7016658782959 28.5820007324219 28.4298324584961 28.2758331298828 28.1213340759277 27.996000289917 27.9890003204346 28.0054988861084 27.9731674194336 27.9971656799316 28.0475006103516 28.0690002441406 28.0848331451416 28.1180000305176 28.1315002441406 28.1631660461426 28.1765003204346
-3.4e+38 -3.4e+38 -3.4e+38 -3.4e+38 -3.4e+38 -3.4e+38 27.5349998474121 27.2880001068115 27.4184989929199 27.6708335876465 27.7193336486816 27.7393341064453 27.6464996337891 27.5408325195312 27.6081676483154 27.6828327178955 27.8776664733887 27.9619998931885 28.1673316955566 28.1743335723877 28.2156677246094 28.3446674346924 28.6933326721191 29.0111675262451 29.0688323974609 29.0376663208008 29.0266666412354 28.9630012512207 28.8806667327881 28.8113327026367 28.7269992828369 28.5966663360596 28.4916667938232 28.3048324584961 28.1765003204346 28.0731658935547 28.0606670379639 28.0651664733887 28.0761661529541 28.1100006103516 28.1728324890137 28.1808319091797 28.1564998626709 28.154333114624 28.1473331451416 28.1466674804688 28.1639995574951
-3.4e+38 -3.4e+38 -3.4e+38 -3.4e+38 -3.4e+38 -3.4e+38 -3.4e+38 27.2945003509521 27.3181667327881 27.4029998779297 27.4636669158936 27.5128326416016 27.4583320617676 27.363166809082 27.3116664886475 27.3763332366943 27.4673328399658 27.586332321167 27.8403339385986 28.1358337402344 28.2298336029053 28.3946666717529 28.6886672973633 29.0195007324219 29.0768337249756 29.0734996795654 29.0738334655762 29.0254993438721 28.9549999237061 28.873498916626 28.8328342437744 28.7700004577637 28.6434993743896 28.4496669769287 28.3361663818359 28.2584991455078 28.2026672363281 28.1223335266113 28.0768337249756 28.1046657562256 28.1321659088135 28.1110000610352 28.0638332366943 28.0241661071777 28.0259990692139 28.0578327178955 28.078332901001
-3.4e+38 -3.4e+38 -3.4e+38 -3.4e+38 -3.4e+38 -3.4e+38 -3.4e+38 27.3056678771973 27.2273330688477 27.2294998168945 27.2758331298828 27.2894992828369 27.281665802002 27.2736663818359 27.2731666564941 27.242166519165 27.3236656188965 27.3333339691162 27.5576667785645 27.8959999084473 28.228666305542 28.6391677856445 28.8216667175293 29.0273323059082 29.0826663970947 29.1048336029053 29.1554985046387 29.1083335876465 29.0375003814697 29.0459995269775 28.9491672515869 28.8306655883789 28.671667098999 28.4311676025391 28.3391666412354 28.2863330841064 28.2648334503174 28.1688327789307 28.0599994659424 28.0166664123535 28.045166015625 28.070333480835 28.0734996795654 28.1014995574951 28.0834999084473 28.0901660919189 28.1206665039062
-3.4e+38 -3.4e+38 -3.4e+38 -3.4e+38 -3.4e+38 -3.4e+38 -3.4e+38 -3.4e+38 -3.4e+38 -3.4e+38 -3.4e+38 -3.4e+38 27.2343330383301 27.2316665649414 27.2390003204346 27.195333480835 27.2514991760254 27.3424987792969 27.6183338165283 27.7651672363281 28.1991672515869 28.546667098999 28.7864990234375 29.0268325805664 29.0821666717529 29.1315002441406 29.2138328552246 29.3295001983643 29.154167175293 28.9724998474121 28.9183330535889 28.796667098999 28.6156673431396 28.3926677703857 28.3068332672119 28.2586669921875 28.1678333282471 28.0255012512207 27.9479999542236 27.9838333129883 28.0419998168945 28.0265007019043 28.1156673431396 28.1381664276123 27.8915004730225 27.8693332672119 28.0575008392334
-3.4e+38 -3.4e+38 -3.4e+38 -3.4e+38 -3.4e+38 -3.4e+38 -3.4e+38 -3.4e+38 -3.4e+38 -3.4e+38 -3.4e+38 -3.4e+38 -3.4e+38 27.4091663360596 27.4318332672119 27.4991664886475 27.8063335418701 27.824333190918 28.1083335876465 28.2558326721191 28.3808326721191 28.5098323822021 28.6711654663086 28.7863330841064 28.9409999847412 29.0218334197998 29.0629997253418 29.1321659088135 28.9809989929199 28.8093338012695 28.6813335418701 28.5441665649414 28.4654998779297 28.2938327789307 28.2870006561279 28.1488342285156 28.1203327178955 28.103666305542 28.0399990081787 28.0593318939209 28.058666229248 28.0416660308838 28.0741672515869 28.0226669311523 27.7848339080811 27.7216663360596 27.8640003204346
