rasters/Chad_bio10.asc
NCOLS 126 
NROWS 192 
XLLCORNER 13.449183796 
YLLCORNER 7.455566751 
CELLSIZE 0.0836128775793651 
NODATA_value -3.4e+38 
[rows 21 to 41 of 192, columns 47 to 93 of 126]
27.8978328704834 28.8893337249756 30.154333114624 30.3850002288818 30.8816680908203 30.6271667480469 30.3701667785645 29.7333335876465 29.5944995880127 28.5583324432373 28.5046653747559 28.3866653442383 28.2213344573975 27.529167175293 27.3538341522217 26.4228324890137 26.0508346557617 26.8344993591309 27.9348335266113 28.8821678161621 30.1921653747559 30.6315002441406 30.3409996032715 30.0415000915527 30.2129993438721 30.4308338165283 30.7719993591309 -3.4e+38 -3.4e+38 -3.4e+38 -3.4e+38 -3.4e+38 -3.4e+38 -3.4e+38 -3.4e+38 -3.4e+38 -3.4e+38 -3.4e+38 -3.4e+38 -3.4e+38 -3.4e+38 -3.4e+38 -3.4e+38 -3.4e+38 -3.4e+38 -3.4e+38 -3.4e+38
27.1653327941895 28.6974983215332 29.7268333435059 30.2550010681152 30.8453330993652 30.257833480835 29.888500213623 29.8210010528564 29.3043327331543 28.050500869751 26.8853340148926 26.5050010681152 25.6184997558594 26.5568332672119 26.0618324279785 25.9036674499512 26.6903324127197 27.8299999237061 28.6471652984619 29.5335006713867 30.3811664581299 30.609001159668 30.5310001373291 30.1711673736572 30.3388328552246 30.7091674804688 30.9300003051758 30.9168338775635 30.7534999847412 -3.4e+38 -3.4e+38 -3.4e+38 -3.4e+38 -3.4e+38 -3.4e+38 -3.4e+38 -3.4e+38 -3.4e+38 -3.4e+38 -3.4e+38 -3.4e+38 -3.4e+38 -3.4e+38 -3.4e+38 -3.4e+38 -3.4e+38 -3.4e+38
26.7763328552246 28.3105010986328 29.4788341522217 30.2291660308838 30.4741668701172 30.4055004119873 29.5540008544922 29.5896663665771 29.7408332824707 28.5483322143555 26.8578338623047 24.3476676940918 24.2258338928223 26.6606674194336 25.4365005493164 24.5209999084473 26.6693344116211 28.2550010681152 29.3773326873779 30.1031684875488 30.4009990692139 30.6906661987305 30.7263336181641 30.8063335418701 30.901834487915 31.0171661376953 31.0476665496826 30.7845001220703 30.5970001220703 30.5599994659424 30.5691680908203 -3.4e+38 -3.4e+38 -3.4e+38 -3.4e+38 -3.4e+38 -3.4e+38 -3.4e+38 -3.4e+38 -3.4e+38 -3.4e+38 -3.4e+38 -3.4e+38 -3.4e+38 -3.4e+38 -3.4e+38 -3.4e+38
27.4305000305176 28.2565002441406 29.2244987487793 29.9271659851074 30.3346672058105 30.3915004730225 29.7573337554932 29.4425010681152 29.3840007781982 28.4523334503174 26.4524993896484 25.320333480835 23.7993335723877 21.9395008087158 21.6623344421387 23.7076663970947 26.6075000762939 27.8675003051758 29.554666519165 30.4186668395996 30.4693336486816 30.5779991149902 30.7091674804688 30.7601661682129 30.8404998779297 30.923168182373 30.992166519165 30.5776672363281 30.6963329315186 30.6261672973633 30.6909999847412 30.4896659851074 30.4781665802002 -3.4e+38 -3.4e+38 -3.4e+38 -3.4e+38 -3.4e+38 -3.4e+38 -3.4e+38 -3.4e+38 -3.4e+38 -3.4e+38 -3.4e+38 -3.4e+38 -3.4e+38 -3.4e+38
28.8911666870117 28.2931671142578 29.0815010070801 29.132833480835 29.9418334960938 30.0423336029053 30.408332824707 29.9604988098145 28.7930011749268 27.015832901001 25.8071670532227 24.0356674194336 22.7425003051758 21.1094989776611 22.5799999237061 24.855167388916 26.1695003509521 28.2534999847412 29.707332611084 30.1800003051758 30.3446674346924 30.6323337554932 30.3473320007324 30.3701667785645 30.7188339233398 31.0275001525879 30.9201679229736 30.7280006408691 30.7800006866455 30.7251663208008 30.6499996185303 30.5065002441406 30.5456676483154 30.5393333435059 30.5493335723877 -3.4e+38 -3.4e+38 -3.4e+38 -3.4e+38 -3.4e+38 -3.4e+38 -3.4e+38 -3.4e+38 -3.4e+38 -3.4e+38 -3.4e+38 -3.4e+38
29.3875007629395 28.8051662445068 28.6440010070801 29.128999710083 29.3188323974609 29.878833770752 29.9811668395996 29.1311664581299 27.6145000457764 25.6356658935547 24.0708332061768 23.2869987487793 21.9773330688477 21.7036666870117 23.02516746521 26.5716667175293 28.6124992370605 29.4021682739258 30.1100006103516 30.318000793457 30.1191673278809 30.3493328094482 30.7386665344238 30.8176670074463 30.950834274292 30.9833335876465 30.7290000915527 30.6574993133545 30.6783332824707 30.7320003509521 30.7098331451416 30.5468330383301 30.5990009307861 30.5753326416016 30.6476669311523 30.795166015625 30.810998916626 -3.4e+38 -3.4e+38 -3.4e+38 -3.4e+38 -3.4e+38 -3.4e+38 -3.4e+38 -3.4e+38 -3.4e+38 -3.4e+38
28.4209995269775 28.6044998168945 26.6450004577637 26.8156661987305 28.2586669921875 29.1110000610352 29.5268325805664 28.201000213623 26.5136661529541 25.5156669616699 23.8794994354248 23.3563327789307 22.6261672973633 22.763500213623 24.1743335723877 27.3343334197998 28.6331672668457 29.3408336639404 29.9681663513184 30.2709999084473 30.4911670684814 30.5591659545898 30.6618328094482 30.7150001525879 31.102165222168 30.9646682739258 30.908332824707 30.8483333587646 30.8666667938232 30.8575000762939 30.7148342132568 30.4793338775635 30.5188331604004 30.5781669616699 30.7223339080811 30.9246673583984 30.966833114624 30.9898338317871 31.0265007019043 -3.4e+38 -3.4e+38 -3.4e+38 -3.4e+38 -3.4e+38 -3.4e+38 -3.4e+38 -3.4e+38
26.9523334503174 27.4283332824707 24.6318321228027 25.17799949646 27.2469997406006 28.0016670227051 28.8011665344238 27.7423324584961 26.5233345031738 25.8166656494141 24.5028343200684 24.6806659698486 24.0283336639404 24.2346668243408 25.4723339080811 27.1613330841064 28.2098331451416 29.0564994812012 29.6905002593994 29.7684993743896 30.0820007324219 30.3990001678467 30.7696666717529 31.0141658782959 31.0984992980957 31.0141677856445 31.1861667633057 31.0573329925537 31.111499786377 30.9869995117188 30.6421661376953 30.4611663818359 30.4130001068115 30.4845008850098 30.7175006866455 30.9486675262451 31.033332824707 31.0401668548584 31.1095008850098 31.2451667785645 31.2153339385986 -3.4e+38 -3.4e+38 -3.4e+38 -3.4e+38 -3.4e+38 -3.4e+38
25.242000579834 26.0163345336914 25.7905006408691 26.2910003662109 27.2173328399658 27.494499206543 27.6269989013672 27.8705005645752 27.2663326263428 26.4699993133545 25.2649993896484 25.4578323364258 25.3634986877441 25.0096664428711 25.8675003051758 26.599666595459 27.3134994506836 27.8543338775635 29.1828327178955 29.6905002593994 30.1963329315186 30.4138336181641 30.662166595459 30.949499130249 30.9088325500488 31.2315006256104 31.2534999847412 31.2049999237061 31.167667388916 31.0108337402344 30.4680004119873 30.2991676330566 30.2806663513184 30.2788333892822 30.4883346557617 30.7644996643066 30.8126678466797 30.8780002593994 31.0764999389648 30.9471664428711 30.8225002288818 30.9088325500488 31.0289993286133 -3.4e+38 -3.4e+38 -3.4e+38 -3.4e+38
23.494499206543 23.6141662597656 25.9313335418701 26.8778343200684 26.92799949646 26.5193328857422 26.2061672210693 27.1975002288818 27.2530002593994 26.5310001373291 25.8448333740234 25.5636672973633 25.5433330535889 24.9361667633057 26.2078342437744 26.9638328552246 27.8431663513184 27.8645000457764 28.8741664886475 28.9468326568604 29.3229999542236 30.3638324737549 31.0319995880127 31.373498916626 31.2946662902832 31.3818340301514 31.3218326568604 31.2259998321533 31.1761665344238 30.9356670379639 30.4469985961914 30.2613334655762 30.2726669311523 30.2543334960938 30.3483333587646 30.4734992980957 30.5366668701172 30.658166885376 30.9173336029053 30.9796657562256 30.9020004272461 30.8104991912842 30.8141670227051 31.170166015625 31.162166595459 -3.4e+38 -3.4e+38
22.392333984375 23.3436660766602 25.5025005340576 26.3136653900146 25.3530006408691 23.5605010986328 24.4599990844727 26.7049999237061 26.4558334350586 26.144832611084 25.5883331298828 25.3395004272461 25.6884994506836 25.9166679382324 26.2631664276123 26.9861679077148 27.7434997558594 28.1674995422363 29.3269996643066 29.7201671600342 30.0341663360596 30.470832824707 31.1236667633057 31.13450050354 31.1444988250732 31.2373332977295 31.2131671905518 31.17799949646 31.1991672515869 30.6006660461426 30.4329986572266 30.3903331756592 30.4376659393311 30.5043334960938 30.449333190918 30.5388336181641 30.611499786377 30.7616672515869 30.958833694458 31.2091674804688 31.1786651611328 31.1183338165283 31.0981674194336 31.3263339996338 31.1830005645752 31.1971664428711 31.219165802002
22.4149990081787 23.3896675109863 25.8009986877441 28.066333770752 25.8983345031738 25.3348331451416 26.2138328552246 27.8886680603027 26.8139991760254 25.2488327026367 24.9173336029053 24.9991664886475 26.9031658172607 27.4406661987305 27.4931659698486 26.8708324432373 27.2051658630371 28.2211666107178 29.4821662902832 30.0270004272461 30.3786659240723 30.8943328857422 31.3893337249756 31.298168182373 30.9763336181641 31.119499206543 31.0861663818359 31.0618324279785 31.3703327178955 30.9136657714844 30.6686668395996 30.4459991455078 30.4594993591309 30.6218338012695 30.6041660308838 30.7043323516846 30.7893333435059 30.8993339538574 31.0255012512207 31.1588325500488 31.2948341369629 31.3443336486816 31.3354988098145 31.2933330535889 31.1919994354248 31.2418346405029 31.267333984375
22.404167175293 23.8041667938232 27.7541656494141 29.7350006103516 29.7878341674805 29.2458343505859 28.8479995727539 29.1725006103516 28.2138328552246 26.0381660461426 24.4788341522217 25.4214992523193 27.3495006561279 28.3983325958252 28.5778331756592 28.4433326721191 28.5530014038086 28.9780006408691 29.3253326416016 29.3501663208008 30.4918327331543 31.1280002593994 31.0233325958252 31.4783325195312 31.2385005950928 31.216667175293 31.2328338623047 31.1510009765625 31.4328327178955 30.9995002746582 30.7424983978271 30.4943332672119 30.4566669464111 30.6033325195312 30.7413330078125 30.7868328094482 30.9270000457764 31.0306663513184 31.1056671142578 31.1298332214355 31.2518329620361 31.359167098999 31.4131660461426 31.2798328399658 31.208833694458 31.2294998168945 31.2360000610352
23.7123336791992 23.2123336791992 28.1948337554932 30.1291656494141 30.5235004425049 30.4071674346924 29.8875007629395 29.5089988708496 28.5786666870117 27.1098327636719 24.3959999084473 24.5271663665771 27.0733337402344 28.275333404541 29.0116672515869 29.3646659851074 28.9246673583984 28.9391670227051 29.9231662750244 30.0893325805664 30.644832611084 31.3361663818359 30.783332824707 31.2758331298828 31.636833190918 31.2403335571289 31.1698341369629 31.3401660919189 31.3571662902832 30.8588333129883 30.7851657867432 30.6674995422363 30.5950012207031 30.6331672668457 30.8031673431396 30.8391666412354 30.9431667327881 31.0543327331543 31.0693340301514 31.113166809082 31.2473335266113 31.344165802002 31.2786674499512 31.1441669464111 31.1119995117188 31.1406669616699 31.1491661071777
27.7353324890137 25.6703338623047 29.2525005340576 30.0930004119873 30.3548336029053 30.6323337554932 30.7056655883789 30.5636653900146 29.5583343505859 27.1576671600342 23.2016677856445 23.6424999237061 25.2213325500488 26.7841663360596 28.4878330230713 29.3761672973633 30.030834197998 29.1571655273438 29.7835006713867 30.5901660919189 30.8478336334229 31.3929996490479 31.4523334503174 31.4098320007324 31.5120010375977 31.3708343505859 31.1563339233398 31.3758335113525 31.3758335113525 30.7275009155273 30.5813331604004 30.6941680908203 30.6840000152588 30.7581672668457 30.8148326873779 30.8796653747559 30.9355010986328 31.0323333740234 31.1126670837402 31.1611671447754 31.2900009155273 31.2848320007324 31.2045001983643 31.0795001983643 31.0471668243408 31.1095008850098 31.1413326263428
27.1743316650391 27.9506664276123 29.8856658935547 30.1979999542236 30.2311668395996 30.7823333740234 30.9498329162598 31.3593330383301 30.4976673126221 28.0979995727539 22.7776660919189 21.0493335723877 23.8088340759277 25.8894996643066 27.6725006103516 29.6031665802002 30.2620010375977 30.5480003356934 29.9476661682129 30.949333190918 31.3968334197998 31.5496673583984 30.8064994812012 31.208833694458 31.4010009765625 31.3511657714844 31.2154998779297 31.281665802002 31.3898334503174 30.9734992980957 30.650333404541 30.7135009765625 30.7315006256104 30.7498321533203 30.8348331451416 30.8573341369629 30.9466648101807 31.0321674346924 31.1235008239746 31.2273330688477 31.3161659240723 31.3480014801025 31.3318328857422 31.2406673431396 31.1248340606689 31.183666229248 31.2891674041748
27.0641670227051 29.1958332061768 29.9950008392334 30.7054996490479 30.826831817627 30.9545001983643 30.9183330535889 31.382833480835 31.0911674499512 28.5548343658447 24.8110008239746 21.3675003051758 22.7263336181641 25.8050003051758 28.2175006866455 29.0753326416016 29.1851654052734 29.119499206543 30.0773334503174 30.7865009307861 31.638500213623 31.8116664886475 31.7718334197998 31.1266670227051 30.970832824707 30.9860000610352 31.0025005340576 31.0368328094482 31.2873344421387 30.957332611084 30.7770004272461 30.7805004119873 30.8521671295166 30.821834564209 30.8818340301514 30.908166885376 31.0003318786621 31.091667175293 31.2180004119873 31.2648334503174 31.2674999237061 31.2245006561279 31.1921653747559 31.3876667022705 31.3438339233398 31.3285007476807 31.3210010528564
28.2093334197998 28.8951663970947 30.3053340911865 30.728666305542 31.3131675720215 31.1973323822021 30.7604999542236 31.3388328552246 31.2006664276123 29.2428321838379 25.093334197998 22.0881671905518 21.5723342895508 25.0820007324219 27.269832611084 28.0608329772949 28.2648334503174 28.7316665649414 29.7150001525879 30.8431663513184 31.0638332366943 31.4650001525879 31.6973342895508 31.7631664276123 30.9571666717529 30.9576663970947 31.0263328552246 30.7941665649414 30.8543319702148 30.9883327484131 30.8116664886475 30.8758335113525 30.945499420166 30.9063320159912 30.9561653137207 30.9051666259766 31.0051651000977 31.1416664123535 31.1940002441406 31.191499710083 31.1711673736572 31.0488319396973 31.0596656799316 31.3159999847412 31.4863319396973 31.5131664276123 31.47483253479
30.0923347473145 29.1820011138916 29.4945011138916 30.8343334197998 31.5111675262451 31.689998626709 31.291332244873 31.3186664581299 31.1776676177979 29.5856666564941 26.8559989929199 24.022834777832 20.9476661682129 23.3406658172607 27.4816665649414 28.2726669311523 28.3218326568604 28.769832611084 29.5148334503174 31.126501083374 31.6628341674805 31.492166519165 31.3994998931885 31.5914993286133 31.4108333587646 30.7348327636719 30.8740005493164 30.9791660308838 30.8453330993652 30.9659996032715 30.9799995422363 30.9476661682129 31.0478324890137 30.9208335876465 30.9873332977295 30.9314994812012 31.0524997711182 31.1378326416016 31.1886653900146 31.2068328857422 31.1063327789307 31.0811672210693 31.0944995880127 31.2266654968262 31.3360004425049 31.4479999542236 31.4015007019043
30.5458335876465 29.7154998779297 29.3093338012695 30.0556678771973 31.5361671447754 31.8621673583984 31.5831680297852 31.1849994659424 30.8736667633057 29.7849998474121 28.0938339233398 26.5524997711182 23.207332611084 23.2064990997314 27.078332901001 28.404333114624 28.7729988098145 29.490665435791 30.4748344421387 31.5778350830078 31.988166809082 31.7049999237061 31.345832824707 31.0858325958252 31.4156665802002 31.0891666412354 30.9584999084473 30.8424987792969 30.8911666870117 30.9780006408691 31.1108341217041 31.0091667175293 31.0310001373291 31.0773334503174 31.0691661834717 31.0368328094482 31.1196670532227 31.1410007476807 31.2455005645752 31.2189998626709 31.091833114624 31.0450000762939 31.1301670074463 31.2409992218018 31.4055004119873 31.3756656646729 31.2523345947266
30.4821662902832 29.8173332214355 29.3561668395996 28.7138328552246 30.3824996948242 31.8039989471436 31.9673328399658 31.6849994659424 31.0194988250732 30.5116653442383 29.2418327331543 26.5275001525879 22.1048336029053 21.070499420166 24.6235008239746 27.1281661987305 29.0841674804688 30.0871677398682 30.9674987792969 31.6284999847412 32.102668762207 32.0436668395996 31.7296676635742 31.3050003051758 31.328498840332 31.3379993438721 31.1771659851074 30.8616676330566 30.8138332366943 30.9965000152588 31.174165725708 31.1921672821045 30.9761657714844 31.0531673431396 31.1440010070801 31.2058334350586 31.2038345336914 31.2684993743896 31.3046646118164 31.2054996490479 31.117000579834 31.0930004119873 31.1648330688477 31.3605003356934 31.361665725708 31.2671661376953 31.2736663818359
