rasters/Chad_bio4.asc
NCOLS 126 
NROWS 192 
XLLCORNER 13.449183796 
YLLCORNER 7.455566751 
CELLSIZE 0.0836128775793651 
NODATA_value -3.4e+38 
[rows 21 to 41 of 192, columns 47 to 93 of 126]
640.985656738281 642.490295410156 647.519348144531 648.88330078125 650.226684570312 648.817749023438 646.048461914062 646.811889648438 642.608337402344 640.536315917969 638.519287109375 638.02392578125 634.257751464844 633.93310546875 634.792724609375 634.248291015625 631.588012695312 631.99658203125 632.547790527344 633.989562988281 634.500305175781 639.14111328125 640.852783203125 640.174743652344 641.127014160156 641.301818847656 638.976623535156 -3.4e+38 -3.4e+38 -3.4e+38 -3.4e+38 -3.4e+38 -3.4e+38 -3.4e+38 -3.4e+38 -3.4e+38 -3.4e+38 -3.4e+38 -3.4e+38 -3.4e+38 -3.4e+38 -3.4e+38 -3.4e+38 -3.4e+38 -3.4e+38 -3.4e+38 -3.4e+38
632.522766113281 636.998779296875 642.591125488281 644.263305664062 645.748474121094 644.325500488281 642.820434570312 643.092407226562 640.326477050781 632.374206542969 630.5048828125 629.127319335938 627.297668457031 625.190063476562 625.967895507812 627.992370605469 632.171997070312 631.998840332031 632.192016601562 633.039306640625 634.802551269531 640.365844726562 643.239013671875 638.990478515625 640.034301757812 638.079772949219 635.35400390625 636.38037109375 638.643005371094 -3.4e+38 -3.4e+38 -3.4e+38 -3.4e+38 -3.4e+38 -3.4e+38 -3.4e+38 -3.4e+38 -3.4e+38 -3.4e+38 -3.4e+38 -3.4e+38 -3.4e+38 -3.4e+38 -3.4e+38 -3.4e+38 -3.4e+38 -3.4e+38
632.281005859375 635.69921875 639.667541503906 640.847839355469 641.460388183594 641.815246582031 640.846984863281 639.556945800781 642.103759765625 633.90087890625 628.071350097656 622.816162109375 620.421508789062 623.864685058594 624.588684082031 621.356384277344 628.550354003906 630.414123535156 630.363952636719 631.686340332031 637.217407226562 641.972778320312 641.120178222656 636.955444335938 636.712097167969 635.061218261719 634.381042480469 635.528442382812 636.569274902344 636.052429199219 635.983703613281 -3.4e+38 -3.4e+38 -3.4e+38 -3.4e+38 -3.4e+38 -3.4e+38 -3.4e+38 -3.4e+38 -3.4e+38 -3.4e+38 -3.4e+38 -3.4e+38 -3.4e+38 -3.4e+38 -3.4e+38 -3.4e+38
632.732604980469 634.792358398438 638.333251953125 639.90576171875 639.682312011719 640.034057617188 637.386474609375 637.294067382812 638.568542480469 632.934875488281 625.858459472656 619.274230957031 613.541259765625 614.256164550781 608.96337890625 609.561889648438 623.160095214844 627.038452148438 628.602783203125 631.1328125 637.099548339844 639.621765136719 637.549682617188 633.4287109375 633.687316894531 633.211059570312 632.964965820312 633.948791503906 634.405151367188 633.240173339844 635.055786132812 638.694213867188 638.100524902344 -3.4e+38 -3.4e+38 -3.4e+38 -3.4e+38 -3.4e+38 -3.4e+38 -3.4e+38 -3.4e+38 -3.4e+38 -3.4e+38 -3.4e+38 -3.4e+38 -3.4e+38 -3.4e+38
635.800842285156 635.36279296875 636.368469238281 635.0048828125 637.698547363281 638.052062988281 637.82958984375 638.352478027344 635.591125488281 629.524719238281 622.456237792969 616.815185546875 613.544494628906 611.276550292969 599.673156738281 603.429504394531 616.143005371094 622.491821289062 626.309692382812 630.170288085938 633.725524902344 636.138549804688 632.192565917969 629.420288085938 629.536560058594 630.362731933594 631.845092773438 634.199523925781 633.564758300781 632.294555664062 634.291442871094 635.754150390625 636.88427734375 637.526000976562 636.586975097656 -3.4e+38 -3.4e+38 -3.4e+38 -3.4e+38 -3.4e+38 -3.4e+38 -3.4e+38 -3.4e+38 -3.4e+38 -3.4e+38 -3.4e+38 -3.4e+38
639.472229003906 636.068664550781 635.447387695312 636.125427246094 636.330688476562 633.612365722656 635.623657226562 634.673217773438 629.367492675781 621.074340820312 617.0185546875 611.975402832031 610.184692382812 605.748596191406 606.486694335938 614.774475097656 618.832275390625 622.414306640625 625.478698730469 630.406921386719 634.093627929688 632.564453125 630.735229492188 627.197875976562 627.945251464844 628.003967285156 629.984436035156 631.325317382812 631.163757324219 629.279113769531 630.228942871094 632.416015625 634.854919433594 635.188720703125 634.488891601562 631.751159667969 629.129760742188 -3.4e+38 -3.4e+38 -3.4e+38 -3.4e+38 -3.4e+38 -3.4e+38 -3.4e+38 -3.4e+38 -3.4e+38 -3.4e+38
633.272338867188 633.104064941406 632.444519042969 632.926086425781 630.931030273438 631.417419433594 631.521301269531 630.684997558594 626.735961914062 614.066223144531 610.768127441406 608.236145019531 606.01416015625 603.122985839844 596.940856933594 608.890197753906 619.939025878906 622.126525878906 625.988952636719 629.92529296875 632.797607421875 629.675476074219 627.62451171875 627.742736816406 626.265930175781 625.174194335938 626.867980957031 628.034240722656 626.696838378906 626.786804199219 628.676635742188 628.063232421875 630.483032226562 632.0322265625 632.100646972656 631.229187011719 630.50341796875 630.695739746094 631.076477050781 -3.4e+38 -3.4e+38 -3.4e+38 -3.4e+38 -3.4e+38 -3.4e+38 -3.4e+38 -3.4e+38
623.934692382812 622.651977539062 615.230651855469 614.989196777344 622.943542480469 625.332458496094 626.938415527344 625.860900878906 618.408752441406 610.497375488281 608.947875976562 607.539733886719 606.129638671875 608.098022460938 612.032653808594 621.660339355469 620.236022949219 621.780639648438 624.68994140625 630.67138671875 632.617492675781 630.172729492188 625.978332519531 624.471984863281 624.064514160156 623.600830078125 624.957153320312 625.6416015625 623.720092773438 625.282653808594 625.595397949219 624.599609375 625.805908203125 627.7529296875 628.856750488281 629.437805175781 630.252014160156 630.042175292969 629.273498535156 627.246643066406 625.243103027344 -3.4e+38 -3.4e+38 -3.4e+38 -3.4e+38 -3.4e+38 -3.4e+38
612.747863769531 615.280517578125 614.587280273438 616.62109375 619.670837402344 619.142395019531 620.380676269531 619.387817382812 616.601684570312 610.337524414062 608.030578613281 612.528137207031 613.114990234375 613.060546875 615.185424804688 615.951782226562 615.724792480469 615.506286621094 620.891052246094 625.821594238281 625.231628417969 623.703002929688 622.05322265625 621.684936523438 621.865051269531 621.967956542969 622.67578125 622.183288574219 622.529602050781 623.583801269531 621.418823242188 621.251403808594 620.863586425781 621.027587890625 622.404418945312 624.155212402344 625.376525878906 625.431518554688 624.247009277344 620.911254882812 618.910400390625 618.98779296875 620.210144042969 -3.4e+38 -3.4e+38 -3.4e+38 -3.4e+38
606.541198730469 607.438720703125 614.875915527344 621.299743652344 619.230651855469 615.705810546875 613.790405273438 614.228271484375 615.427001953125 612.021545410156 611.626953125 613.052612304688 613.628173828125 609.323608398438 606.802734375 610.975830078125 611.670715332031 613.991027832031 614.555236816406 616.230773925781 618.3017578125 618.314270019531 618.992553710938 620.907104492188 620.942810058594 621.346557617188 621.370056152344 620.005310058594 622.663879394531 622.018493652344 618.935791015625 617.640197753906 616.307006835938 615.899719238281 617.3974609375 618.618591308594 620.289794921875 619.990600585938 618.797607421875 616.023864746094 615.237365722656 615.032104492188 615.616149902344 617.455383300781 618.319580078125 -3.4e+38 -3.4e+38
600.1103515625 598.239440917969 611.923278808594 617.388427734375 610.8115234375 600.25390625 598.163879394531 609.487365722656 613.077941894531 609.236999511719 608.533630371094 610.212829589844 609.353454589844 605.450622558594 604.702392578125 606.752624511719 608.324951171875 610.077941894531 612.433166503906 613.858154296875 615.332336425781 615.873474121094 617.046081542969 619.744750976562 621.203918457031 620.41748046875 619.911193847656 619.216125488281 621.035827636719 617.9716796875 615.4912109375 613.959594726562 612.988830566406 611.941650390625 612.13134765625 612.908447265625 614.868347167969 614.838562011719 613.905334472656 612.591186523438 611.514709472656 611.177307128906 610.7529296875 615.208740234375 616.206115722656 616.332824707031 616.614990234375
590.709899902344 588.000915527344 604.328735351562 602.293273925781 593.782287597656 583.725646972656 589.641906738281 601.267822265625 602.3310546875 601.54443359375 606.128967285156 606.856140136719 607.243469238281 606.477111816406 605.9453125 605.67822265625 606.1494140625 609.714599609375 612.163024902344 613.420104980469 613.462036132812 613.871398925781 615.038208007812 616.368957519531 617.366271972656 616.607727050781 615.962036132812 616.148986816406 618.107482910156 613.900146484375 611.929321289062 610.190185546875 609.152954101562 609.551879882812 609.162170410156 610.582885742188 611.671447753906 611.120300292969 609.94482421875 609.646789550781 609.721801757812 608.685974121094 608.664245605469 611.786865234375 612.490112304688 613.495056152344 613.983764648438
589.612548828125 583.782592773438 594.388732910156 600.146789550781 595.611083984375 589.523681640625 591.641052246094 600.802124023438 594.962463378906 589.555603027344 598.629028320312 603.97509765625 604.683776855469 604.302734375 607.4990234375 608.384765625 606.537292480469 609.023864746094 611.036376953125 610.625305175781 610.874267578125 611.956359863281 615.060913085938 618.000915527344 616.339172363281 615.728515625 614.057373046875 613.713134765625 615.101989746094 611.289428710938 608.923522949219 607.161804199219 606.041198730469 607.621643066406 607.498291015625 607.595031738281 608.869262695312 608.792907714844 607.698486328125 608.364501953125 608.767883300781 608.110900878906 609.013854980469 610.798522949219 611.6044921875 612.257690429688 612.019836425781
575.930297851562 578.938110351562 593.553283691406 598.031066894531 596.555969238281 592.773986816406 592.930114746094 595.145324707031 592.561889648438 585.245422363281 592.017456054688 598.276489257812 603.287658691406 606.301635742188 600.255126953125 603.11328125 607.517761230469 611.710388183594 610.059631347656 607.425598144531 607.676391601562 609.081787109375 610.646057128906 615.150695800781 613.398193359375 611.693237304688 612.107116699219 611.286193847656 613.62841796875 610.498229980469 606.841125488281 603.812194824219 602.717895507812 604.012878417969 604.7109375 605.019287109375 607.156616210938 606.473571777344 606.423767089844 605.684753417969 606.004943847656 607.295654296875 607.220336914062 607.903503417969 609.048645019531 608.786071777344 609.13427734375
576.320007324219 574.623901367188 587.181762695312 592.792358398438 591.518798828125 590.398071289062 592.085205078125 593.71337890625 592.753051757812 582.659301757812 582.099243164062 588.092468261719 597.20361328125 602.508239746094 602.433837890625 602.845947265625 600.905944824219 606.966796875 606.894653320312 605.817932128906 606.057556152344 607.465270996094 607.376342773438 611.010437011719 611.980651855469 610.410461425781 608.0107421875 609.763000488281 611.119567871094 607.3076171875 605.3740234375 601.736389160156 600.540466308594 600.209228515625 601.009704589844 603.278198242188 604.377807617188 603.923461914062 602.934814453125 603.114868164062 604.022338867188 603.631530761719 602.955261230469 603.179565429688 603.999084472656 604.786437988281 604.569702148438
582.557189941406 579.235290527344 586.722045898438 586.204284667969 587.389343261719 588.093933105469 592.927001953125 599.840209960938 597.17626953125 579.8330078125 566.206909179688 571.45361328125 582.980529785156 592.942932128906 598.852416992188 597.990051269531 602.378601074219 602.383178710938 602.888366699219 601.610168457031 603.303283691406 604.873596191406 605.263000488281 607.66748046875 608.110229492188 606.564880371094 605.916442871094 607.463745117188 606.978088378906 601.29248046875 598.066711425781 597.436889648438 597.884826660156 598.089721679688 598.998474121094 599.903381347656 600.805603027344 601.531066894531 601.780822753906 602.124633789062 602.112548828125 599.953918457031 599.321228027344 598.745361328125 599.298522949219 600.466735839844 601.278686523438
575.221801757812 575.902587890625 581.96923828125 585.056945800781 586.4892578125 586.142456054688 588.790161132812 596.013061523438 594.20166015625 578.362731933594 564.539672851562 562.90234375 575.0078125 586.535217285156 592.343566894531 595.498107910156 597.626708984375 599.784118652344 599.497924804688 600.003112792969 600.815673828125 602.839782714844 602.340454101562 602.181335449219 603.02197265625 602.100402832031 604.395385742188 605.479187011719 603.627685546875 598.56640625 595.667907714844 594.979919433594 595.462097167969 595.442138671875 597.037109375 597.497131347656 598.235290527344 598.87744140625 600.728515625 601.038146972656 599.910949707031 599.381958007812 598.38330078125 596.599975585938 596.010314941406 596.604553222656 597.216491699219
575.906188964844 575.693786621094 580.165710449219 583.752807617188 585.50537109375 583.231750488281 584.409484863281 590.306518554688 592.862670898438 576.335632324219 566.695739746094 558.867248535156 568.946228027344 580.533447265625 592.335144042969 593.163696289062 593.085083007812 593.630981445312 594.8681640625 594.038940429688 597.288146972656 600.135070800781 602.488525390625 600.453674316406 599.140625 599.361755371094 600.207336425781 599.289978027344 598.235900878906 595.928466796875 593.91064453125 593.359741210938 593.358825683594 593.364624023438 594.455993652344 594.7294921875 595.525024414062 596.6962890625 597.471557617188 597.864990234375 597.667053222656 595.82177734375 595.204833984375 596.425476074219 595.787170410156 595.45654296875 595.490295410156
579.100341796875 581.634704589844 579.253173828125 580.769836425781 584.272888183594 582.559509277344 581.684997558594 586.187377929688 589.353576660156 576.775390625 564.780090332031 556.585205078125 557.714599609375 570.093139648438 584.128234863281 588.854736328125 590.353820800781 592.009338378906 591.505798339844 590.904968261719 592.287353515625 596.294189453125 598.061218261719 600.141235351562 596.436950683594 596.01708984375 597.209167480469 595.1943359375 592.155456542969 592.175354003906 591.167602539062 591.230529785156 592.021545410156 590.636840820312 591.046997070312 590.856140136719 592.444396972656 594.528381347656 594.996887207031 595.285400390625 594.621154785156 593.167602539062 592.042114257812 592.392761230469 594.118835449219 594.482971191406 593.837036132812
583.67236328125 579.076232910156 571.150817871094 578.065490722656 582.34130859375 582.287231445312 580.390319824219 581.362487792969 584.711303710938 578.861267089844 567.070922851562 560.44482421875 555.208740234375 561.361999511719 581.986145019531 589.108764648438 588.058715820312 587.641052246094 587.96044921875 589.624694824219 593.586364746094 594.041137695312 594.67822265625 595.671081542969 595.419982910156 592.502014160156 592.174926757812 590.882202148438 589.705871582031 589.004516601562 589.310913085938 588.979614257812 589.799194335938 589.017517089844 588.622985839844 588.044372558594 589.976440429688 591.105529785156 591.681030273438 591.966918945312 591.188415527344 590.808898925781 590.501708984375 590.240844726562 591.615112304688 591.491760253906 590.309692382812
580.193969726562 576.656799316406 568.689270019531 571.103454589844 578.923645019531 580.233154296875 580.206298828125 581.421203613281 582.454895019531 578.260620117188 571.795593261719 566.182861328125 554.326782226562 560.640930175781 574.838989257812 582.988952636719 585.52880859375 584.22216796875 585.852233886719 587.589416503906 590.641845703125 589.77978515625 589.813842773438 590.305236816406 590.285827636719 590.112915039062 588.511535644531 586.728637695312 585.307067871094 586.274841308594 587.155822753906 587.220336914062 586.932250976562 587.482055664062 587.214721679688 586.966064453125 587.23193359375 587.898071289062 588.198791503906 587.875061035156 587.915893554688 588.6220703125 588.000671386719 589.010131835938 589.691955566406 587.386596679688 586.774230957031
