rasters/Chad_SNDPPT_M_sl2_250m_ll.asc
NCOLS 126 
NROWS 192 
XLLCORNER 13.449183796 
YLLCORNER 7.455566751 
CELLSIZE 0.0836128775793651 
NODATA_value -9999 
[rows 22 to 43 of 192, columns 49 to 97 of 126]
64.9846540178572 65.9730592757936 69.7639818948429 60.7760416666675 66.8041914682534 67.6056237599236 71.9306175595357 63.6150173611104 57.1814546131014 59.7519531250023 64.4472656250023 62.2223772321435 56.6083519345238 65.0468129960306 66.8708767361114 78.152436755953 76.3652653769851 70.2502170138872 63.0312500000024 93.4399181547614 93.7645399305583 98.9269903273822 97.1844928075401 96.9757874503967 80.6744791666679 91.1074838789638 99 -9999 -9999 -9999 -9999 -9999 -9999 -9999 -9999 -9999 -9999 -9999 -9999 -9999 -9999 -9999 -9999 -9999 -9999 -9999 -9999 -9999 -9999
65.6130952380905 65.438130373679 64.1533874834643 72.8413628472237 74.6378244874339 62.2075169477494 75.9986669146828 64.4065910218214 59.4530113260577 55.8880208333344 52.4686776620385 58.3280939980184 61.6276351686464 58.0674603174602 60.8356688161386 70.9881572420603 67.4765108300273 72.6926359953697 70.5734747023799 94.7420634920637 98 95.7760416666688 74.4150338954989 79.5032035383647 77.0633680555588 96.2857246197062 98.1119791666656 97.908017113096 99.9951120205027 -9999 -9999 -9999 -9999 -9999 -9999 -9999 -9999 -9999 -9999 -9999 -9999 -9999 -9999 -9999 -9999 -9999 -9999 -9999 -9999
65.5541294642886 63.919281167327 65.2356977513244 68.5605468750005 65.8230923445774 64.1265604332007 73.0529513888799 63.6838624338624 70.7951595568797 60.2014508928605 55.0728443287035 62.8885892030484 50 59.7332692625674 58.4357845568759 59.5427827380938 60.1829323743375 77.610243055554 94.6329985118992 98.5197275958997 86.0650731646718 89.1513516865094 78.7239583333346 77.231450479494 85.750217013888 98.938109705688 98.4082444609784 99 100 99.0125971395501 97 -9999 -9999 -9999 -9999 -9999 -9999 -9999 -9999 -9999 -9999 -9999 -9999 -9999 -9999 -9999 -9999 -9999 -9999
62.82142857143 66.0351252480169 62.2801029265879 65.2962239583339 61.7644779265865 61.139973958333 56.8279389880971 61.3230096726192 52.9907614087284 57.6715959821417 58.5186631944451 56 50.2023809523806 64.0221354166666 58.7795448908736 67.7927827380976 72.7733754960307 73.4121093750013 94.8507254464254 82.2685081845243 74.7394593253913 73.5060453869049 78 73.6002604166681 81.9316406250001 97 100 100 98.1640624999995 98.9087301587309 97.8109188988089 99 100 -9999 -9999 -9999 -9999 -9999 -9999 -9999 -9999 -9999 -9999 -9999 -9999 -9999 -9999 -9999 -9999
64.6313244047635 58.8098958333334 63.5891307043634 66 60.7563347387566 62.4685226521185 62.5693204365168 64.213489996693 52.9271970072792 56.4956287202376 53.1003327546298 52.6626984126974 57.2146577380945 57.851707175926 69.5318390376982 60.6333395337291 63.6082175925939 91.6753472222244 94.5490141369052 85.8995329034389 78.7051917989389 73.5680493551582 67.8503534226183 86.4538277116412 97.2500000000017 98.9147548776454 100 99.3347284226178 99 98 99.8098958333335 99.1710069444432 99.2195663855821 98.7011098710316 97 -9999 -9999 -9999 -9999 -9999 -9999 -9999 -9999 -9999 -9999 -9999 -9999 -9999 -9999
62.7210751488097 60.8559957837308 63.2970196759258 61.4325086805565 60.5583043981472 59.9682643022487 58.2254774305546 54.7182746362453 59.3486173115095 53.3446800595224 53.7523148148132 48.485470403435 54.2804129464272 54.7309751157403 62.8500020668015 69.0137648809534 63.0482494212962 92.4137008101856 94.1312313988097 61.8017319775145 63.0489211309513 76.2891555059553 74.8790612599199 83.7521908068798 98.3422309027787 97.0808738425918 99 99.8600260416679 98.783854166666 99.7123119212963 100 98 100 100 98 99.6283275462974 99.7915736607135 -9999 -9999 -9999 -9999 -9999 -9999 -9999 -9999 -9999 -9999 -9999 -9999
55.5792410714307 62.8481522817465 58.0976252480171 60.6738281250002 64.7781808035717 59.206628224206 59.0028831845233 62.5775979662688 53.3046564980154 56.0242745535707 55.6119791666706 48.7578125000006 58.6442522321434 59.3210255456393 75.1200086805527 85.1107700892876 69.5423177083333 94.9264322916679 98 97.882750496032 67.1268601190464 74.7783668154792 74.3693576388876 75.6807725694443 87.5234375000036 94.9023747519828 84.6366567460329 97.2421874999994 97.1443142361093 99.5973772321448 99.1714099702387 98 98.7578125000007 97.5218563988093 99.7578125000006 97 97.0270647321422 96.4017237103162 99.4737413194445 -9999 -9999 -9999 -9999 -9999 -9999 -9999 -9999 -9999 -9999
53.8039434523776 56.0452628968243 56.1328228339977 59.7237413194425 68.9461495535778 59.4831142526454 56.0119047619027 59.9099805720899 68.3354621362395 68.3710937499956 58.9139901620381 56 61.7317708333323 68.6220134755311 63.5490968088603 76.3286520337257 76.5897817460266 96.1266637731484 97.8946242559517 74.9308139054231 77.5205646494679 74.4699280753955 78.3362888558206 97.4879195601864 87.5529513888866 98 99.5023664847877 96.3571428571399 100 98.2437479332022 98.1325024801562 100 97 98 97.8286727017208 98.0992063492054 98 99.8293650793646 99 99.2682291666677 99.6892877810849 -9999 -9999 -9999 -9999 -9999 -9999 -9999 -9999
55.1260230654752 56.515511326058 55.4114583333339 55.5392795138895 58.2581638558192 57.454664765212 53.9129154265813 62.2580708498674 61.887762483467 62.1342075892853 64.1605179398115 58.8049871858471 58.5952380952389 71.1593501984127 82.5066757605824 64.4627356150778 70.8348834325362 76.0618489583339 63.9013206845265 65.9775958994715 74.7481398809576 80.0048983134927 80.6477141203678 90.0125248015862 96.411675347222 96.294270833333 97.0922515707671 95.1260230654752 99.2942708333331 98.1825396825381 99.8403707837296 100 95.8540323247356 99 97.294270833333 98.705729166667 98.9642857142867 100 99.7843605324068 99.6051277281744 100 100 98 -9999 -9999 -9999 -9999 -9999 -9999
59.6796874999999 60.8927641369046 58.8529885912682 58.5833333333328 55.602058531747 61.3203125000001 57.3403087797586 57.6402839781744 61.8361855158761 66 55.3964843750019 55.4415302579369 57.6406250000002 78.993210565476 63.9109312996034 69.4774925595228 65.3266679067408 70.2046440972238 68.5968191964297 75.2464347718257 78.4484747023793 76.6491815476202 99 96.0902467757939 98.3391927083321 96.0735057043659 98.8995845734127 97.3203125000001 99 100 97.6796874999999 100 98.6796874999999 98 99.9250062003972 97.6796874999999 100 98.0546564980161 99.1664496527765 99.8207775297618 100 94.0927889384912 95.4255022321435 97.3401537698408 98 -9999 -9999 -9999 -9999
60.8310081845171 55.6803075396839 57.0532510747342 55.5833333333328 52.5305162863758 59.0978215939159 61.6577690972222 58.426762979497 57 56.8287760416655 56.9815538194454 60.796358300264 87.3030443948464 66.2788938492058 62.4162119709007 75.0354042658676 75.856822503308 73.0555555555575 70.1321614583364 73.1192439649456 75.4693700396805 82.0209263392946 97.5834160052898 96.620670056216 96.2146267361123 97.8089554398153 96.4220713458992 99 99.9714678406081 99 99.7738095238089 97.2212818287038 98 97.7380952380956 97.8066819609788 98.7184916501323 98.653645833334 100 97.1997251157414 97.6342695932536 99.4246031746035 98 98 98 97.1967075892865 94.5097656250006 94.8666811342596 -9999 -9999
58.270461309527 55.1173631779102 62.2963789682531 58.1126302083337 57.2674747850524 61.6035362929884 60.3693576388892 68.1885644014537 58.8381179728826 56.1207217261924 63.9095775462932 59.2393146494684 66.3305741567463 97 61.0951657572759 85.3925781249971 73.0944423776505 65.2898582175919 67.2433965773795 74.8577318948415 76.3723958333331 93.6231708829362 97.945322833995 96.1690331514538 97 98.3461784887564 96.3934978505292 96.3058965773813 99 99.9087301587309 99.8580419146821 98 96 98 98 98 95.640904017857 98 97.014539930556 95.6276041666669 95.7335172784389 96.5629856977526 97 98.7300140542328 97 95 96 93.3723958333331 99.1152653769835
57.9042968749995 57.5233444940479 62.3318142361107 60.6015624999998 65.3456411210309 77.7968750000004 61.3895089285734 58.5275607638885 60.3480592757934 56.2854352678562 54.3174913194449 60.7968750000004 69.7565104166672 67.6691158234143 96.6015624999998 73.7112165178575 87.6002604166723 73.5314670138893 77.9146205357152 75.5389384920641 61.9002666170676 99.2126116071435 87.2086743551574 88.788256448421 99 99 96.1249069940477 98.7089843749989 98 98.9636346726193 98.5556175595236 99 98.7016059027778 99.0105096726187 100 96.6015624999998 97.0214843749994 97.8973524305553 97 97.1789434523806 95.2031249999996 98.6015624999998 98.061662946429 98.4103732638888 100 99 96 96.9841889880957 96.7391183035716
55.6237909226201 58.1109871031745 67.6825500165346 63.5503472222224 64.5746011078062 71.973885995368 61.0238095238055 60.784391534392 56.2008825231518 55.6711309523781 57.7523871527766 56.263041501326 66.3593439980154 64.5880456349209 64.8818514384914 84.2339719742082 94.5185081845244 88.6047453703686 71.0166480654756 74 74.3347904265844 87.633556547614 97.1510416666668 98.2937748015866 99.8231336805554 97 97.1804212136244 99.5272507440467 99.1444485780424 98 98 98.7921730324081 98 98 98.4407758763236 98 98 99 94.3055555555563 98.6779823908729 100 98 98 100 99 99.3183593749992 98 96.4970031415345 92.1986917162704
61.2590215773789 62.7217365244705 65.7536065641533 67.7921006944458 62.2398520171947 62 63.5244915674643 57.6724950396825 54.5893063822775 49.7441406250006 57.0088252314838 66.9857390873017 60.6275111607153 70.0911768353174 83.3157965443106 70.2678261408712 67.6895357969549 75.7066695601827 74.5106026785712 68.065352182539 66.7731584821462 96.1940724206417 100 94.1548135747358 99 98.056692294973 97.4815434854498 98.0981212797611 99 98 99.1242869543654 98 96.2234726355822 97.8337363591268 98 98 97.5655691964278 99 97.6944444444437 99 99 98.5494791666664 100 100 99 99.5878906250012 96.6759465939153 92.5673569775125 92.8102988591267
67.2636718749978 69.6728360615081 67.2628658234124 69 73.382347470239 68.9231460813495 61.4765624999998 56.5995783730159 53.9259052579331 52.0750558035732 54.3318142361136 67.8759920634934 69.174479166666 62.9615265376985 74.8656994047607 65.4107142857135 70.2847532242055 73.8183593749997 80.8794642857153 66.5703125000006 75.2227492559507 80.9829799107123 98.4765624999998 95.9462425595271 99.8014322916665 99 97.8652963789685 96 99.9791976686506 98.9513268849219 100 97.7124565972218 97.7403583829363 96.3863467261908 100 100 98.4595424107146 99 99 97.2305617559524 99 96.951171874996 99 99.5328931051587 99 98.3457031249989 91.9531249999996 90 97
64.5932849702377 67.8476459160057 65.1740554728844 73.9947916666662 66.5011367394181 62.3682105654748 76.4795696924632 54.0559792493383 61.6020068617693 54.0929129464307 51.2069589120355 58.0076781580705 60.1954055059529 64.3188554067453 68.0436197916674 63.5036582341273 59.8287140376977 70.196542245368 71.9122953869031 81.2670097552915 87.6822399966908 78.0476190476246 100 99.639002562831 98.4973958333331 99.7256427744712 100 98.4085751488101 100 98.5480014054231 97 96.8203848379637 97 98.5026041666669 97 99.4979125330686 99.5153459821422 99.4168423445767 99.6944444444437 98 98 99 97.5751798115082 96.0249462632274 98 91.2500000000017 97 96.7811156580681 99.3256758432534
77.5357142857099 59.7331865906082 62.0486317791001 69.671440972221 61.6859705687824 71.3042018022494 75.4713541666669 78.7128079530418 61.9802310681231 50.0695684523802 53.7535445601859 55.1470837466906 60.7519221230167 70.4611855158729 63.4179274140219 75.996000744047 64.6303426752654 65.7797309027794 75.5925409226153 89.9259259259269 91.2175822586013 96.4734002976195 78.5391968419328 100 100 98.6854642030429 100 98.4815848214287 98 98 96.7548363095242 97.6622540509254 96.5039682539681 99 99 99 99.5097656250003 98.6090753141534 98 99 99 99 99 98 97 99.6321614583308 98 99.4801587301593 98.6538628472228
72.9112723214304 59.8338913690476 62.5025421626978 63.8307291666659 67.8730158730125 78.9720672123011 75.5599888392849 63.69937375992 68.2509300595189 51.7726004464294 53.7380642361116 51.4163876488123 55.3093377976193 62.4197668650798 62.0901227678569 67.5546875000001 63.9512028769808 73.0640190972251 72.7165178571419 99.8569258432541 89.7324838789663 74.690569196432 99.6200706845237 100 99.768880208333 100 97 98.4453124999999 97.5546875000001 98.5546875000001 98 96.3148871527787 97 99 99.8957403273816 99 100 99.1706349206354 98 100 100 99.4769965277774 98.9141555059519 98.4254712301592 98 99.861328124999 98.3176463293646 96.5766989087297 93.7368861607137
66.4021577380972 64.0094246031766 62 64.9353298611095 61.6988570601859 72.8531746031752 99.9861731150817 99.0714389054235 57.1846684854478 56.4595424107154 50.6892361111131 51.5262690145503 59.1237909226208 69.5933676421949 62.2023809523806 69.2789868551596 63.3767154431238 67.4722222222213 65.7775297619057 78.4424809854499 80.1931733630957 79.0188182043673 81.3955646494704 96.1442212301609 100 100 100 99.4192708333328 98.3756200396815 97.5277261078052 98 99.7321325231479 99 99.5807291666672 99 98.9584056712968 99.9642857142867 100 99.3055555555563 100 98 98 98.6456163194453 98 99.3710214120365 99 100 95.8595713459005 98
62.7750186011904 59.556929976851 71.4338004298936 60.4822048611112 66.9229497354477 64.5843977347899 79.8086867559618 87.1651682374342 67.7081989914029 57.0007440476162 56.6286168981491 50.1368324239407 54.2023809523806 58.4247995205034 67.6669043485439 66.2704303075397 67.1648375496067 76.2586805555542 78.8699776785729 71.6492125496023 83.7048817791039 91.6089099702386 82.3708560681228 84.4857494212972 98 99.3932291666665 100 100 100 99 97.2261904761911 99 100 99 98.9329633763211 97.3932291666665 97.9783296130958 96.6067708333335 99 99.6604972718252 99.5753968253965 97.6067708333335 99.6067708333335 99 100 96.6516927083337 96 98.3154245205024 99
66.1130022321421 81.6967075892844 58.5987413194441 56.520182291666 68.4420262896825 99.9460875496035 100 92.8318142361108 70.7814980158773 66.6328125000006 52.6935763888863 49.7598276289699 53.4509858630959 58.9573102678572 69.205016121033 67.8829985119029 68.9777095734106 74.435546874999 97.1155133928498 81.2724764384917 80.2460317460288 80.2699962797637 75.5920138888877 99.178292410715 99 100 99.8016183035712 98 97 97.9422433035719 98 99.4042968750013 98 98.6007254464283 97 97 98 98.3412698412708 97 97 98.6358816964284 97 99 98.7343749999987 99 100 99.8586619543654 100 99.4143415178571
