rasters/Chad_CLYPPT_M_sl2_250m_ll.asc
NCOLS 126 
NROWS 192 
XLLCORNER 13.449183796 
YLLCORNER 7.455566751 
CELLSIZE 0.0836128775793651 
NODATA_value -9999 
[rows 154 to 175 of 192, columns 0 to 50 of 126]
-9999 -9999 -9999 -9999 -9999 -9999 -9999 -9999 -9999 -9999 -9999 -9999 -9999 -9999 -9999 -9999 -9999 -9999 -9999 -9999 32.4338417658742 34.6937624007934 31.5106026785724 32.6391989087317 36.6957465277773 21.0283668154758 21.6347656250006 24.9901413690477 27.3120349702383 27.7522631448414 27.4946056547619 28.2617187499999 32.4819568452383 28.0625930059523 24.8866257440476 16.8131200396812 23.2023499503971 19.6864769345241 22.1312934027783 23.0813182043653 22.937779017858 26.5757688492073 27 29.3302641369045 36.4886532738094 32.3611111111098 35.5268787202392 39.3843936011915 31.1333085317456 36.6428571428601 33.164093501984
-9999 -9999 -9999 -9999 -9999 -9999 -9999 -9999 -9999 -9999 -9999 -9999 -9999 -9999 -9999 -9999 -9999 -9999 -9999 -9999 -9999 28.4282097387548 32.829613095238 32.3684999173283 26.9191261574066 21.450520833334 27.5408399470911 28.545273230821 25.5007750496034 30.5198412698407 30.2478711970908 38.4121093749995 28.3872871197096 31.9801587301592 22.1532118055586 20.7086536871678 16.7666894014551 27.0832403273804 -9999 -9999 24.4540550595244 24.4851500496022 25.110914765214 -9999 31.0534474206341 41.3253761574067 32.1019035218258 37.9498491236777 34.8617104828051 33.999162946429 36.901041666668
-9999 -9999 -9999 -9999 -9999 -9999 -9999 -9999 -9999 -9999 -9999 -9999 -9999 -9999 -9999 -9999 -9999 -9999 -9999 -9999 -9999 -9999 28.2685081845251 27.5755208333331 26.7308304398147 26.940476190477 25.8058139054218 32.6149760251315 32.1674727182533 30.5755208333331 33.1633907903435 32.2428385416672 30.2605510085977 31.0114190641531 31.038597470237 36.4244791666669 25.0869088955023 21.3399987599205 21.6944444444437 29.4610305059518 26.2788318452388 21.4192191633584 25.9006179728841 25 -9999 32.1510416666661 30.9039868551584 34.7642299107148 36.28199404762 29.1431361607169 31.1330708498678
-9999 -9999 -9999 -9999 -9999 -9999 -9999 -9999 -9999 -9999 -9999 -9999 -9999 -9999 -9999 -9999 -9999 -9999 -9999 -9999 -9999 -9999 26.6015624999993 31.1309833829382 27.4759114583341 32.1077938988093 35.4654947916651 31.8030133928552 29.3095238095239 32.9263392857142 32.1052207341299 34.8515624999993 33.9307725694444 33.37859623016 36.0139508928528 35.1143043154754 24.1246589781722 26.4458705357152 27.2862413194468 26.1684647817447 24 32.4225260416649 26.4607204861113 22.2408854166678 28.3031684027773 25.5049913194429 27.7147507440494 29.5830233134916 33.2379092261895 35.2742745535695 28.9150545634913
-9999 -9999 -9999 -9999 -9999 -9999 -9999 -9999 -9999 -9999 -9999 -9999 -9999 -9999 -9999 -9999 -9999 -9999 -9999 -9999 -9999 -9999 -9999 26.915943287037 37.1055410879628 36.6124131944451 30.3723958333328 30.7984664351844 35.3228236607143 32.1474454365079 25.2866856812157 34.6276041666672 38.4537863756613 38.9750950727519 22.0394965277782 35.2486669146826 37.5753968253965 35.8572048611105 26.3055555555563 25.6812479331999 27.4172247023793 28.533864500662 25.6576037533064 25.6040116567458 26.1286168981487 27.7507957175916 25.3723958333328 29.1485511739406 31.5728133267194 34.2603236607146 36.1173631779105
-9999 -9999 -9999 -9999 -9999 -9999 -9999 -9999 -9999 -9999 -9999 -9999 -9999 -9999 -9999 -9999 -9999 -9999 -9999 -9999 -9999 -9999 -9999 -9999 31.6642071759267 37.612568204366 37.6173115079358 32.1683821097879 33.5329551091272 38.9537553736781 35.4796730324069 31.8268229166667 29.3850963128316 35.667390046296 36.7072482638893 36.9710751488084 32.2087260251329 40.518291170635 36.8002748842588 29.7009961970912 28.4068080357127 26.6880063657411 26.3463541666666 23.7587735615078 27.3242290839948 23.5823929398139 24.5637090773816 31.0632233796291 28.5529307208984 28.7262834821396 35.3792162698411
-9999 -9999 -9999 -9999 -9999 -9999 -9999 -9999 -9999 -9999 -9999 -9999 -9999 -9999 -9999 -9999 -9999 -9999 -9999 -9999 -9999 -9999 -9999 -9999 -9999 35.0404575892852 37.9758494543649 39.9326326884919 28.9501488095246 35.6872829861105 29.0390624999989 39.5605468750006 35.3962363591264 34.3082217261912 -9999 38.8031063988104 36.184306795635 36.5606398809519 28.3055555555563 28.5846664186507 25.3822544642844 24.4551711309536 25.7567274305571 26.271577380953 24.6431671626991 26.6796874999996 21.3799293154772 24.5556175595246 25.2330109126978 -9999 34.9468625992067
-9999 -9999 -9999 -9999 -9999 -9999 -9999 -9999 -9999 -9999 -9999 -9999 -9999 -9999 -9999 -9999 -9999 -9999 -9999 -9999 -9999 -9999 -9999 -9999 -9999 -9999 -9999 36.4733486276456 35.9490327380952 35.1975653108468 39.6377004794992 31.6914062499999 33.9187851355818 37 28.7996961805544 36 32.4948226686501 37.7057291666667 34.9166666666688 30.2408440806885 30.3862537202388 27.8716001157398 25.4595010747345 24.1510106646825 24 24.5571469907413 21.134641617063 25.7325872189151 28.0128451554234 25.6829427083325 28.7192356977513
-9999 -9999 -9999 -9999 -9999 -9999 -9999 -9999 19.2682291666671 19.7817460317467 19.7927517361103 14.7317708333329 17.7634651951057 20 19.4212446263221 15.1894634589943 12.3951512896828 23.8983651620373 21.0039682539699 18.8275979662686 24.7231936177235 21.794518849205 16.3213355654751 18.4907510747361 25.4843026620378 38.0435577876978 32.3531952711624 35.2103174603177 32.8303881448416 38.4367042824071 35.3231853505273 29.6705729166677 35.7317708333329 34.9854807374342 33.6081969246043 30.597490906085 32.735315393519 36.527591765873 33 33.6526744378302 34.5007440476208 26.8043671461641 24.7201450892875 24.1916542658727 26.8648210152115 23.4356192129625 23.6082899305545 23.3350177744707 23 22.4765624999994 24.5023664847881
-9999 -9999 -9999 -9999 -9999 -9999 -9999 -9999 23.803478422619 21.1893291170637 13.5703124999994 17.5359623015868 23.9038318452381 23.1135602678555 20.235305059524 21.7707713293651 20.3081287202379 14.1052517361109 24.7597346230166 19.4641927083356 23.2023809523822 22.0134858630954 24.6141183035716 23.6780443948416 25.8526475694446 31 23.1301773313502 32.0447048611117 -9999 37.8741009424605 39.484375 38.7734375 38.8255828373012 35.7716703869036 30.6613653273848 37.7578125 35.9947296626986 32.4418712797616 35.8411458333312 37.5871775793646 32.4573102678578 30.142981150793 27.2174789186524 25.0634300595237 26.3758990575398 26.2736545138879 21.3129650297614 27.484375 25.5923549107152 28.6224888392868 23.2734375
-9999 -9999 -9999 -9999 -9999 -9999 -9999 19.9575272817442 19.5833540013226 18.3421585648136 17 18.164558531747 21.5488487929898 25 23.1859395667985 22.2473234953697 16.8023623511913 19.1388888888886 18.4274656911365 18.609281994047 17.7059048445781 16.5303096064819 19.9112723214307 27.8774491567447 29.1320891203707 29.7114645337306 32.5249049272475 33.6029782572764 32.85847594246 37 29.9027881117708 39.7838541666662 36.0698681382298 34.5408916170633 28.6625434027767 32.6012111441749 31.3405154596567 27.5356832837303 34.1927806712968 32.5942977017211 35.1090029761937 27.2939091435195 28.003337880286 28.4770895337282 23.5039682539681 25.2941984953707 23 22.2679604828042 23.8027240410051 24.2161458333338 26.4532903439143
-9999 -9999 -9999 -9999 -9999 -9999 14.8847862929907 20.7216331845228 18.4203145667993 17.6532944775161 25.2734375000003 24.1802972056888 24.6161954365053 18.5817522321437 25.5436507936505 20.1901041666676 16.5881386408722 17.785083912035 18.9903583829326 16.417751736108 20.5440228174599 24 22.7352120535706 15.1901041666676 18.9898726851847 26.7390562996031 26.2511677414034 31.6507213128323 26.5353422619056 35.6111214451058 -9999 33.4524739583331 36.7166935350519 30.5986793154781 30.7804749503956 27.479786706349 30.7368344907413 29.7595796130967 27.3794849537045 28.3283006779112 32.8098958333324 31.3424892526469 27.2341269841257 27.1087859623005 23.5997747189157 23.9313512731481 24.4435143849191 24 21.4592117228863 22.2355840773841 20.0595961474871
-9999 -9999 -9999 -9999 -9999 -9999 -9999 21.0800781249997 17.5074714781743 13 15.3170572916653 15 18.3811693948409 21.947265625 18.9251302083334 19.9700520833334 24.7261904761903 19.8359375000004 17.8319692460305 15.1974516369034 16.3863157242057 18.0726686507945 20.0878906249999 21.1087859623022 17.8040364583338 24.4276413690457 23.4924665178578 18.3743799603173 22.4526599702378 30.270492311508 35.002945188495 35 36.5266927083344 31.1542968749999 33.0093005952369 36.5156870039699 31.9888082837311 33.7881324404754 32.7751736111122 34.9934275793643 29.8417968750002 31.8682415674595 26.2341269841257 35.6682477678571 33.8359375000004 23.9407552083337 24.9749813988086 24.4956907242042 21.1971726190454 19.134765625 22.1126302083331
-9999 -9999 -9999 -9999 -9999 -9999 -9999 -9999 19.9336454199738 16.7039723875666 18.7068142361121 19.8619791666666 21.8877211474867 23 26.5557002314811 18.3716414517195 16.3740389384923 18.7422598379631 18 17.6291542658736 13.0366960152116 20.7925450562169 21.4716331845246 23.5128451554219 22.9731626157408 20.8188864087306 18.0649904927253 19.3033234126978 19.0476500496032 31.8189587466923 24.7531001984139 26.4915364583335 29.9611751818784 33.1551235945764 25 31.1824363425943 32.0586040839948 32.7149987599204 31.3352141203691 26.1470837466935 30.0307849702373 32.9007936507929 27.6601665839957 27.3417658730162 24.5039682539681 26.6388888888902 21.7863963293651 22.2040963955022 23.8740286044974 24.0887276785719 23.0947523974868
-9999 -9999 -9999 -9999 -9999 -9999 -9999 -9999 -9999 20.3057932374336 15.1599392361136 16.9942232969577 16.8880208333329 21.4906063988082 13.5338748346558 17.8653480489424 16.6056857638892 18.6413483796298 20.8809730489385 16.7907056051578 16.8477285879608 20.5127728174609 18.535714285715 23.8129236937822 17.9922598379619 24.2110305059515 23.7709986772475 23.7661313657404 22.4694630456342 16.1931630291023 26.0750764715626 33.1399739583339 26.0862061838627 35.8483382936514 28.0254526289685 26.4068183697087 27.3857886904777 28.503131200397 24.3055555555563 28.9222366898147 29.9682849702389 28.0003823578094 23.9404555224862 24.195126488096 24 23.4958043981486 20.6618303571418 21.7967509920638 17.9951120205026 21.1385788690463 21.1186445932545
-9999 -9999 -9999 -9999 -9999 -9999 -9999 -9999 -9999 -9999 18.0097656250007 20.8281249999997 23.9300905257935 13.7921316964282 22.465215773809 16.1718750000003 15 14.298828125 15.9144035218254 15.011253720238 14.4148995535713 21.5992063492062 17.2924107142847 21 22.5644531249998 20.0366443452389 15.0064794146826 20.9437934027765 16.9703311011904 18.9587363591269 20.6706039186487 22.9433593750003 19.7328249007932 27.9373139880945 28.1547619047628 35.2647879464275 24.1224268353177 22.0630580357144 20.3554687499986 24.9706721230158 20 22.1766183035722 21.4458085317484 22.6626674107142 23.5393415178573 18.3921440972208 17.2926897321436 17.8281249999997 21.8305121527767 22.9294084821426 22.3409598214286
-9999 -9999 -9999 -9999 -9999 -9999 -9999 -9999 -9999 -9999 16.9351128472216 22.9916914682528 19.5183635085968 17.9401041666661 16.6035466269844 18.4332113921959 17 14.0083188657408 16.9997623181216 18.8690476190486 18 21.7857349537032 20.0919828869057 18.9393911210309 22 20.1646825396816 20.1951884920652 22.78017526455 18.693979414683 20.4910817625653 17.0461102843919 21.5748697916674 20.2762690145512 24.9452298280438 23.0341951884931 22.7954075727534 19.0344638723548 18.0527653769846 20.3655960648132 16.8688202711639 18.0577566964292 17.9940579530422 24.0917452050275 21.6309523809522 20.5935743220907 19.9000289351888 20.2725384424614 19 18.9401041666661 20.8321242559539 18.7240616732808
-9999 -9999 -9999 -9999 -9999 -9999 -9999 -9999 -9999 -9999 -9999 21.8503430886243 21.8198061342593 21.6217447916658 18.0843460648141 19.5850901124339 19.2738095238097 19.0630063657411 20.0039682539699 20.0249875992066 21.513744212962 20 19.0181361607144 20.6594845403452 20.8121383101854 21.8809523809539 22.9322916666663 23.2174375826722 24.6547619047619 16.5140128968261 29.3510664682527 17.5253906250001 20.1885127314818 22.0396825396815 23.4538070436534 33.5936053240721 18.8543113425933 17.1339595734129 18.0470196759261 19.0842323908734 19.9969308035725 21.8702980324066 19 19.6220858134919 15.5130931712965 18.651114004631 18.169363839286 18.9118200231489 17.0760271990747 16.2184709821416 20.3599743716934
-9999 -9999 -9999 -9999 -9999 -9999 -9999 -9999 -9999 -9999 -9999 -9999 17.1835937499998 20.0053013392861 18.9133804563499 19.5866505456346 17.9865141369037 19.131076388888 19.0039372519857 20.0078125000006 20.4588603670636 19.6101500496039 22.0078125000006 18.0156250000013 22.4103732638889 16.9409412202389 20.9318266369048 24.2008618551582 19.6190476190478 24.4801587301593 16.6150793650805 20.4882812499991 18.9930865575391 19.9528149801591 20.9975818452379 24.2952318948406 19.4345548115091 17.9990699404761 21.0054253472227 21.0064794146831 20.0002790178572 20 19.7736855158749 18.3739769345244 15.9999379960326 17.3561197916649 14.9982328869046 14.113281250001 17 18 19
-9999 -9999 -9999 -9999 -9999 -9999 -9999 -9999 -9999 -9999 -9999 -9999 -9999 23.6662016369043 21.0182291666664 23.0182291666664 21.2605716765877 21.9974681712963 22.9778025793637 17.013454861111 18.4463355654773 19.9926938657408 21.4473586309519 18.9939959490742 17.4182581018511 19.940476190477 20.9077484292325 19.3623201884915 18.0006510416667 18.0571883267183 18.3708870701049 16.2955729166661 16.8666914682539 18.884011243389 15 18.992332175926 19 26.5712425595237 24.957971643519 21 17.0532924107132 20 18.2620494378291 21.011501736111 21 19.3661747685172 24.7779327876977 17.0730406746026 16.9745783730151 17.8181733630968 20
-9999 -9999 -9999 -9999 -9999 -9999 -9999 -9999 -9999 -9999 -9999 -9999 -9999 -9999 -9999 20.5912698412699 25.9878782242063 18.9680266203702 22.9526393022473 22.8806423611121 18.911458333333 17.9822565310846 19.9794456845238 18.3590546461629 18.1944444444443 19.098524305555 22.7197317294957 18.9557291666665 20.0732576884924 18.4525566302902 21.3849206349195 18.25 19.8900152943119 13.9312996031737 19.4080791170655 19.3083043981472 23.0509465939155 31.692801339286 26.3362991898156 29.8002025462958 24.9984188988096 22.1346932870378 22.2237619874326 21.3084387400793 19.0223110945768 17.3893952546285 21.0442708333335 18.211960565476 20.1302600033077 21.0158110119047 17.6838727678572
-9999 -9999 -9999 -9999 -9999 -9999 -9999 -9999 -9999 -9999 -9999 -9999 -9999 -9999 -9999 -9999 18.2545572916669 17 17 16.1828497023799 16.1768663194444 20.8593750000006 19.9673549107145 20.1174665178568 19.7625868055559 17.944661458334 18.0700954861117 19.9296875000003 16.4155505952378 14.0675223214284 17.6150793650805 14.8203124999997 20.8146081349206 19.9617125496042 21.9264322916655 21.2896825396815 29.3947482638893 -9999 20.9726562500002 27.1706349206354 25.0652901785713 20.9227120535717 21.6955605158746 19.9296875000003 21.9651227678573 20.9492187500004 19.071986607142 18.1697048611097 21.2109374999992 19.9296875000003 16.6602802579366
