rasters/Chad_bio8.asc
NCOLS 126 
NROWS 192 
XLLCORNER 13.449183796 
YLLCORNER 7.455566751 
CELLSIZE 0.0836128775793651 
NODATA_value -3.4e+38 
[rows 126 to 146 of 192, columns 0 to 46 of 126]
-3.4e+38 -3.4e+38 -3.4e+38 -3.4e+38 -3.4e+38 -3.4e+38 -3.4e+38 -3.4e+38 -3.4e+38 -3.4e+38 -3.4e+38 -3.4e+38 -3.4e+38 27.603666305542 27.8863334655762 28.0941677093506 28.1626663208008 28.1900005340576 28.2709999084473 28.3395004272461 28.4283332824707 28.5294990539551 28.6024990081787 28.6456661224365 28.7123336791992 28.8395004272461 28.8558330535889 28.8735008239746 28.8311672210693 28.6673336029053 28.4938335418701 28.4308338165283 28.392333984375 28.3035011291504 28.257833480835 28.2098331451416 28.2006664276123 28.1124992370605 28.03466796875 28.1041660308838 28.0618324279785 28.1366653442383 28.2014999389648 28.2075004577637 28.1254997253418 27.795166015625 27.6294994354248
-3.4e+38 -3.4e+38 -3.4e+38 -3.4e+38 -3.4e+38 -3.4e+38 -3.4e+38 -3.4e+38 -3.4e+38 -3.4e+38 -3.4e+38 -3.4e+38 -3.4e+38 -3.4e+38 28.0131664276123 28.2528343200684 28.2936668395996 28.2740001678467 28.2646675109863 28.2513332366943 28.3796672821045 28.4814987182617 28.4874992370605 28.5019989013672 28.5701656341553 28.671667098999 28.7463321685791 28.7523326873779 28.6879997253418 28.5685005187988 28.4486675262451 28.4225006103516 28.3735008239746 28.3286666870117 28.2266674041748 28.2250003814697 28.1981658935547 28.0691661834717 28.1060009002686 28.1961669921875 28.1634998321533 28.1534996032715 28.1710014343262 28.2518348693848 28.158332824707 27.8386669158936 27.6103343963623
-3.4e+38 -3.4e+38 -3.4e+38 -3.4e+38 -3.4e+38 -3.4e+38 -3.4e+38 -3.4e+38 -3.4e+38 -3.4e+38 -3.4e+38 -3.4e+38 -3.4e+38 -3.4e+38 -3.4e+38 -3.4e+38 28.2584991455078 28.1866664886475 28.2193336486816 28.2231674194336 28.2773323059082 28.3709983825684 28.3003330230713 28.2893333435059 28.4033336639404 28.4710006713867 28.5828342437744 28.6216659545898 28.5613327026367 28.5273342132568 28.4214992523193 28.3619995117188 28.3144989013672 28.2195014953613 28.2031669616699 28.1749992370605 28.2388324737549 28.1644992828369 28.1245002746582 28.1381664276123 28.1585006713867 28.105167388916 28.1183338165283 28.0946655273438 28.0456657409668 27.9916667938232 27.724666595459
-3.4e+38 -3.4e+38 -3.4e+38 -3.4e+38 -3.4e+38 -3.4e+38 -3.4e+38 -3.4e+38 -3.4e+38 -3.4e+38 -3.4e+38 -3.4e+38 -3.4e+38 -3.4e+38 -3.4e+38 -3.4e+38 -3.4e+38 28.0628337860107 28.1533336639404 28.1678333282471 28.1095008850098 28.121166229248 28.1841659545898 28.2011680603027 28.2374992370605 28.3276672363281 28.4398345947266 28.4890003204346 28.4678325653076 28.3981666564941 28.3686656951904 28.3131656646729 28.2760009765625 28.2446670532227 28.1616668701172 28.1453323364258 28.1860008239746 28.0523338317871 28.0656661987305 28.0066661834717 28.0903339385986 28.0359992980957 28.0418338775635 27.8776664733887 27.8439998626709 27.9461669921875 27.8383331298828
-3.4e+38 -3.4e+38 -3.4e+38 -3.4e+38 -3.4e+38 -3.4e+38 -3.4e+38 -3.4e+38 -3.4e+38 -3.4e+38 -3.4e+38 -3.4e+38 -3.4e+38 -3.4e+38 -3.4e+38 -3.4e+38 -3.4e+38 27.9846668243408 28.0443344116211 28.0803337097168 28.0224990844727 27.9988327026367 28.0795001983643 28.1555004119873 28.1468334197998 28.2038345336914 28.3074989318848 28.3478336334229 28.3455009460449 28.2491664886475 28.1870002746582 28.2174987792969 28.2779998779297 28.2111663818359 28.2005004882812 28.1483345031738 28.1086654663086 28.0139999389648 27.9720001220703 27.9596672058105 27.9966659545898 28.0286674499512 27.976167678833 27.8221664428711 27.742166519165 27.9326667785645 28.0615005493164
-3.4e+38 -3.4e+38 -3.4e+38 -3.4e+38 -3.4e+38 -3.4e+38 -3.4e+38 -3.4e+38 -3.4e+38 -3.4e+38 -3.4e+38 -3.4e+38 -3.4e+38 -3.4e+38 -3.4e+38 -3.4e+38 -3.4e+38 27.759334564209 27.8891658782959 27.9740009307861 27.8608341217041 27.912166595459 27.9965000152588 28.0255012512207 28.1038341522217 28.1100006103516 28.1613330841064 28.228832244873 28.2309989929199 28.1611671447754 28.0904998779297 28.1413345336914 28.1501655578613 28.216667175293 28.2131671905518 28.167667388916 28.1056671142578 27.9403343200684 27.905834197998 27.8509998321533 27.8450012207031 27.9734992980957 27.9985008239746 28.0013332366943 27.9028339385986 27.783166885376 28.0681667327881
-3.4e+38 -3.4e+38 -3.4e+38 -3.4e+38 -3.4e+38 -3.4e+38 -3.4e+38 -3.4e+38 -3.4e+38 -3.4e+38 -3.4e+38 -3.4e+38 -3.4e+38 -3.4e+38 -3.4e+38 -3.4e+38 -3.4e+38 -3.4e+38 27.6480007171631 27.8414993286133 27.7854995727539 27.8248329162598 27.8183326721191 27.8343334197998 27.9051666259766 27.9834995269775 28.0216655731201 28.0919990539551 28.0966663360596 28.0866661071777 28.0354995727539 28.0491676330566 28.130500793457 28.1520004272461 28.1183338165283 28.0144996643066 28.0568332672119 27.9260005950928 27.8063335418701 27.7215003967285 27.6351661682129 27.8626670837402 28.0701675415039 28.1421661376953 28.003833770752 27.5790004730225 27.4578323364258
-3.4e+38 -3.4e+38 -3.4e+38 -3.4e+38 -3.4e+38 -3.4e+38 -3.4e+38 -3.4e+38 -3.4e+38 -3.4e+38 -3.4e+38 -3.4e+38 -3.4e+38 -3.4e+38 -3.4e+38 -3.4e+38 -3.4e+38 -3.4e+38 27.5991668701172 27.7651672363281 27.8350009918213 27.7700004577637 27.7546653747559 27.707332611084 27.7558326721191 27.878833770752 27.917667388916 27.958833694458 28.0516662597656 28.0008335113525 28.0060005187988 28.038667678833 28.0393333435059 28.0121669769287 27.9651660919189 27.9355010986328 27.9505004882812 27.8870010375977 27.7613334655762 27.7256660461426 27.6023330688477 27.7094993591309 28.0898342132568 28.1595001220703 27.9998321533203 27.6988334655762 27.5240001678467
-3.4e+38 -3.4e+38 -3.4e+38 -3.4e+38 -3.4e+38 -3.4e+38 -3.4e+38 -3.4e+38 -3.4e+38 -3.4e+38 -3.4e+38 -3.4e+38 -3.4e+38 -3.4e+38 -3.4e+38 -3.4e+38 -3.4e+38 -3.4e+38 27.5543327331543 27.7051658630371 27.8020000457764 27.816333770752 27.7823333740234 27.6944999694824 27.6746673583984 27.7520008087158 27.8346672058105 27.8866653442383 27.9923324584961 27.9980010986328 27.9593334197998 28.0196666717529 28.0370006561279 27.9605007171631 27.9064998626709 27.871000289917 27.9685001373291 27.9871673583984 27.7676658630371 27.7770004272461 27.7203330993652 27.7426662445068 28.0593338012695 28.1768341064453 27.9829998016357 27.8481674194336 27.7253322601318
-3.4e+38 -3.4e+38 -3.4e+38 -3.4e+38 -3.4e+38 -3.4e+38 -3.4e+38 -3.4e+38 -3.4e+38 -3.4e+38 -3.4e+38 -3.4e+38 -3.4e+38 -3.4e+38 -3.4e+38 -3.4e+38 -3.4e+38 -3.4e+38 27.3859996795654 27.6340007781982 27.7588329315186 27.8011665344238 27.7743339538574 27.6878337860107 27.6371669769287 27.704833984375 27.7608337402344 27.7845001220703 27.9075012207031 27.8735008239746 27.8759994506836 27.9633331298828 27.9751663208008 27.9963340759277 27.9634990692139 27.8365001678467 27.7376670837402 27.9778327941895 27.7823333740234 27.806999206543 27.7328338623047 27.7189998626709 27.9643325805664 28.0163326263428 27.8771667480469 27.8108329772949 27.8148345947266
-3.4e+38 -3.4e+38 -3.4e+38 -3.4e+38 -3.4e+38 -3.4e+38 -3.4e+38 -3.4e+38 -3.4e+38 -3.4e+38 -3.4e+38 -3.4e+38 -3.4e+38 -3.4e+38 -3.4e+38 -3.4e+38 -3.4e+38 -3.4e+38 -3.4e+38 -3.4e+38 27.4406661987305 27.5069999694824 27.5909996032715 27.6221656799316 27.6304988861084 27.656665802002 27.8273334503174 27.8185005187988 27.8325004577637 27.7416667938232 27.7573337554932 27.7846660614014 27.8365001678467 28.0849990844727 27.966667175293 27.8603324890137 27.7498321533203 27.8474998474121 27.7581672668457 27.6505012512207 27.617166519165 27.7026672363281 27.7853336334229 27.8001670837402 27.8238334655762 27.8326663970947 27.7278327941895
-3.4e+38 -3.4e+38 -3.4e+38 -3.4e+38 -3.4e+38 -3.4e+38 -3.4e+38 -3.4e+38 -3.4e+38 -3.4e+38 -3.4e+38 -3.4e+38 -3.4e+38 -3.4e+38 -3.4e+38 -3.4e+38 -3.4e+38 -3.4e+38 -3.4e+38 -3.4e+38 27.24049949646 27.3611660003662 27.4396667480469 27.5034999847412 27.703332901001 27.8068332672119 27.7163333892822 27.7243347167969 27.6883335113525 27.6278324127197 27.5944995880127 27.7146663665771 27.7723331451416 28.0030002593994 27.9270000457764 27.9195003509521 27.779167175293 27.7868328094482 27.7465000152588 27.7193336486816 27.6586666107178 27.6838340759277 27.7488327026367 27.6875 27.7283344268799 27.7528343200684 27.6525001525879
-3.4e+38 -3.4e+38 -3.4e+38 -3.4e+38 -3.4e+38 -3.4e+38 -3.4e+38 -3.4e+38 -3.4e+38 -3.4e+38 -3.4e+38 -3.4e+38 -3.4e+38 -3.4e+38 -3.4e+38 -3.4e+38 -3.4e+38 -3.4e+38 -3.4e+38 -3.4e+38 27.0534992218018 27.2776660919189 27.3916664123535 27.4476661682129 27.5625 27.6801662445068 27.7163333892822 27.7220001220703 27.6075000762939 27.5485000610352 27.5861663818359 27.720666885376 27.7504997253418 27.8315010070801 27.8501663208008 27.8851661682129 27.8115005493164 27.716833114624 27.6843338012695 27.6978321075439 27.6746673583984 27.6226654052734 27.5615005493164 27.4973335266113 27.5574989318848 27.5763339996338 27.5736656188965
-3.4e+38 -3.4e+38 -3.4e+38 -3.4e+38 -3.4e+38 -3.4e+38 -3.4e+38 -3.4e+38 -3.4e+38 -3.4e+38 -3.4e+38 -3.4e+38 -3.4e+38 -3.4e+38 -3.4e+38 -3.4e+38 -3.4e+38 -3.4e+38 -3.4e+38 -3.4e+38 27.0073337554932 27.1375007629395 27.3156661987305 27.3325004577637 27.3423328399658 27.496166229248 27.4899997711182 27.4739990234375 27.4815006256104 27.502498626709 27.4851665496826 27.480167388916 27.5641670227051 27.6246662139893 27.6763324737549 27.7016677856445 27.6956672668457 27.6814994812012 27.7101669311523 27.658332824707 27.6138343811035 27.5761661529541 27.5768337249756 27.5839996337891 27.531665802002 27.5593338012695 27.6023330688477
-3.4e+38 -3.4e+38 -3.4e+38 -3.4e+38 -3.4e+38 -3.4e+38 -3.4e+38 -3.4e+38 -3.4e+38 -3.4e+38 -3.4e+38 -3.4e+38 -3.4e+38 -3.4e+38 -3.4e+38 -3.4e+38 -3.4e+38 -3.4e+38 -3.4e+38 -3.4e+38 27.064001083374 27.0615005493164 27.1876659393311 27.1686668395996 27.2103328704834 27.2318325042725 27.2998332977295 27.3188323974609 27.404167175293 27.3945007324219 27.4829998016357 27.4755001068115 27.4306678771973 27.4646663665771 27.4828338623047 27.5279998779297 27.5625 27.6178340911865 27.6353340148926 27.7453327178955 27.7415008544922 27.6494998931885 27.574333190918 27.5733337402344 27.5091667175293 27.5156669616699 27.5666656494141
-3.4e+38 -3.4e+38 -3.4e+38 -3.4e+38 -3.4e+38 -3.4e+38 -3.4e+38 -3.4e+38 -3.4e+38 -3.4e+38 -3.4e+38 -3.4e+38 -3.4e+38 -3.4e+38 -3.4e+38 -3.4e+38 -3.4e+38 -3.4e+38 -3.4e+38 -3.4e+38 27.0296669006348 27.0065002441406 27.0793342590332 27.0476665496826 27.1286659240723 27.1469993591309 27.2644996643066 27.2706661224365 27.3068332672119 27.3593330383301 27.4338340759277 27.4221649169922 27.4316673278809 27.4613342285156 27.4370002746582 27.4423332214355 27.3769989013672 27.4104995727539 27.4968338012695 27.7233333587646 27.7078342437744 27.6563339233398 27.5453338623047 27.4991664886475 27.5013332366943 27.4173336029053 27.3838329315186
-3.4e+38 -3.4e+38 -3.4e+38 -3.4e+38 -3.4e+38 -3.4e+38 -3.4e+38 -3.4e+38 -3.4e+38 -3.4e+38 -3.4e+38 -3.4e+38 -3.4e+38 -3.4e+38 -3.4e+38 -3.4e+38 -3.4e+38 -3.4e+38 -3.4e+38 -3.4e+38 -3.4e+38 26.9710006713867 27.0201663970947 26.9703330993652 27.0223331451416 27.0746669769287 27.1808338165283 27.2158317565918 27.2328338623047 27.3161659240723 27.2986679077148 27.3064994812012 27.3800010681152 27.4158325195312 27.470832824707 27.4895000457764 27.3593330383301 27.3481674194336 27.4476661682129 27.5786666870117 27.4208335876465 27.5116653442383 27.388500213623 27.4106674194336 27.4886665344238 27.4950008392334 27.3706665039062
-3.4e+38 -3.4e+38 -3.4e+38 -3.4e+38 -3.4e+38 -3.4e+38 -3.4e+38 -3.4e+38 -3.4e+38 -3.4e+38 -3.4e+38 -3.4e+38 -3.4e+38 -3.4e+38 -3.4e+38 -3.4e+38 -3.4e+38 -3.4e+38 -3.4e+38 -3.4e+38 26.9373340606689 27.0273342132568 27.0273323059082 26.946834564209 26.9828338623047 26.9675006866455 27.058500289917 27.2094993591309 27.1863327026367 27.2083339691162 27.2418327331543 27.2866668701172 27.3318328857422 27.3570003509521 27.4098339080811 27.3525009155273 27.3533325195312 27.3519992828369 27.3460006713867 27.425666809082 27.2840003967285 27.3945007324219 27.3806667327881 27.281665802002 27.3598327636719 27.3964996337891 27.3304996490479
-339999999999999996123846586046231871488.000000000000000 -3.4e+38 -3.4e+38 -3.4e+38 -3.4e+38 -3.4e+38 -3.4e+38 -3.4e+38 -3.4e+38 -3.4e+38 -3.4e+38 -3.4e+38 -3.4e+38 -3.4e+38 -3.4e+38 -3.4e+38 -3.4e+38 -3.4e+38 -3.4e+38 -3.4e+38 26.9321670532227 27.09983253479 26.9936656951904 26.9278335571289 26.9116668701172 26.8321666717529 26.8953323364258 27.098165512085 27.1259994506836 27.1371669769287 27.0904998779297 27.2013320922852 27.2896671295166 27.3228340148926 27.3473339080811 27.4211673736572 27.4249992370605 27.3809986114502 27.2884998321533 27.3111667633057 27.1976661682129 27.344165802002 27.386833190918 27.2543334960938 27.3146667480469 27.3549995422363 27.3320007324219
-3.4e+38 -3.4e+38 -3.4e+38 -3.4e+38 -3.4e+38 -3.4e+38 -3.4e+38 -3.4e+38 -3.4e+38 -3.4e+38 -3.4e+38 -3.4e+38 -3.4e+38 -3.4e+38 -3.4e+38 -3.4e+38 -3.4e+38 -3.4e+38 -3.4e+38 -3.4e+38 26.8286666870117 27.0401668548584 26.9861660003662 26.9908332824707 26.8488330841064 26.7280006408691 26.8764991760254 26.9568328857422 27.0508327484131 27.0768337249756 27.0721664428711 27.105167388916 27.1928329467773 27.2178344726562 27.3121662139893 27.3689994812012 27.3728332519531 27.3731651306152 27.261999130249 27.1900005340576 27.1728324890137 27.2283325195312 27.2529983520508 27.2453327178955 27.2646675109863 27.3899993896484 27.3321666717529
-3.4e+38 -3.4e+38 -3.4e+38 -3.4e+38 -3.4e+38 -3.4e+38 -3.4e+38 -3.4e+38 -3.4e+38 -3.4e+38 -3.4e+38 -3.4e+38 -3.4e+38 -3.4e+38 -3.4e+38 -3.4e+38 -3.4e+38 -3.4e+38 -3.4e+38 26.6669998168945 26.7154998779297 26.9376659393311 26.9356670379639 26.8691673278809 26.8003330230713 26.8078327178955 26.7716674804688 26.8863334655762 26.9056663513184 26.9476661682129 26.9728336334229 26.945499420166 27.0348339080811 27.1446666717529 27.1603336334229 27.1828327178955 27.2678337097168 27.2803325653076 27.2485008239746 27.1833324432373 27.1940002441406 27.1259994506836 27.1296672821045 27.2203330993652 27.1758327484131 27.2805004119873 27.2733345031738
