rasters/Chad_bio4.asc
NCOLS 126 
NROWS 192 
XLLCORNER 13.449183796 
YLLCORNER 7.455566751 
CELLSIZE 0.0836128775793651 
NODATA_value -3.4e+38 
[rows 168 to 188 of 192, columns 0 to 46 of 126]
-3.4e+38 -3.4e+38 -3.4e+38 -3.4e+38 -3.4e+38 -3.4e+38 -3.4e+38 -3.4e+38 -3.4e+38 212.632949829102 214.163833618164 216.106399536133 213.594253540039 213.578369140625 212.716217041016 213.069076538086 215.236953735352 211.760604858398 212.449615478516 215.356887817383 215.136566162109 219.148651123047 225.56086730957 226.117752075195 224.780166625977 227.5908203125 230.780883789062 229.283462524414 220.344635009766 215.915466308594 221.537948608398 225.181167602539 222.996429443359 225.392013549805 222.585968017578 225.173553466797 225.002853393555 225.719314575195 224.996688842773 224.396453857422 224.165664672852 226.797943115234 226.939163208008 225.428039550781 224.902359008789 222.517333984375 218.582336425781
-3.4e+38 -3.4e+38 -3.4e+38 -3.4e+38 -3.4e+38 -3.4e+38 -3.4e+38 -3.4e+38 -3.4e+38 -3.4e+38 213.484298706055 215.095123291016 213.277694702148 210.278884887695 209.422958374023 213.428344726562 214.802597045898 212.462417602539 211.949310302734 213.641418457031 214.69743347168 218.894805908203 223.583267211914 224.133163452148 222.271667480469 225.449172973633 231.537796020508 230.13623046875 223.658767700195 219.965606689453 225.95637512207 225.85595703125 222.155654907227 222.98323059082 225.541595458984 225.560272216797 223.886993408203 223.080932617188 223.139587402344 222.669418334961 220.885681152344 222.700286865234 225.237762451172 223.435012817383 221.846420288086 218.397491455078 217.059341430664
-3.4e+38 -3.4e+38 -3.4e+38 -3.4e+38 -3.4e+38 -3.4e+38 -3.4e+38 -3.4e+38 -3.4e+38 -3.4e+38 -3.4e+38 214.942138671875 214.925918579102 211.656143188477 210.939041137695 213.535705566406 215.678176879883 213.80549621582 213.499206542969 215.147598266602 217.23762512207 219.504196166992 218.135757446289 220.692047119141 224.557250976562 226.648025512695 230.644500732422 226.631576538086 225.385879516602 225.133850097656 224.671188354492 225.856369018555 222.873184204102 216.576431274414 219.609039306641 217.909957885742 218.330657958984 221.307968139648 217.220916748047 220.85774230957 220.052047729492 221.937393188477 220.865203857422 217.975601196289 215.569366455078 214.042022705078 214.066650390625
-3.4e+38 -3.4e+38 -3.4e+38 -3.4e+38 -3.4e+38 -3.4e+38 -3.4e+38 -3.4e+38 -3.4e+38 -3.4e+38 -3.4e+38 -3.4e+38 215.757019042969 214.690505981445 214.853332519531 213.516555786133 215.387817382812 216.001937866211 215.177337646484 217.534362792969 217.811157226562 219.258392333984 219.775543212891 223.536376953125 230.000244140625 229.259872436523 222.852188110352 221.501495361328 222.368499755859 224.07014465332 223.808258056641 222.556686401367 217.639663696289 211.712692260742 212.807922363281 217.412857055664 218.171524047852 219.499877929688 213.938018798828 220.820831298828 221.937850952148 219.446182250977 219.974349975586 215.944580078125 211.32633972168 208.553009033203 208.580749511719
-3.4e+38 -3.4e+38 -3.4e+38 -3.4e+38 -3.4e+38 -3.4e+38 -3.4e+38 -3.4e+38 -3.4e+38 -3.4e+38 -3.4e+38 -3.4e+38 -3.4e+38 211.601013183594 214.423675537109 218.403701782227 217.337936401367 214.159805297852 214.97346496582 216.763061523438 218.022354125977 219.700103759766 224.442153930664 225.975570678711 225.07698059082 222.139694213867 216.757690429688 219.035140991211 223.074691772461 221.961395263672 220.663681030273 217.186584472656 215.101715087891 207.595321655273 209.790893554688 211.797821044922 213.911514282227 213.727172851562 216.094253540039 215.196594238281 213.566528320312 212.50325012207 212.862289428711 211.600204467773 206.704238891602 203.470520019531 204.133804321289
-3.4e+38 -3.4e+38 -3.4e+38 -3.4e+38 -3.4e+38 -3.4e+38 -3.4e+38 -3.4e+38 -3.4e+38 -3.4e+38 -3.4e+38 -3.4e+38 -3.4e+38 -3.4e+38 210.530868530273 216.692276000977 220.381072998047 216.151779174805 213.961944580078 215.997695922852 217.03337097168 218.563812255859 222.049835205078 222.160751342773 218.86328125 216.690734863281 218.397644042969 220.813629150391 219.584335327148 218.441299438477 220.655258178711 218.244750976562 215.533264160156 213.236526489258 212.118438720703 210.461532592773 214.199096679688 213.706848144531 214.958053588867 211.388763427734 207.399169921875 205.536972045898 206.042465209961 205.941543579102 201.889984130859 202.726196289062 201.214996337891
-3.4e+38 -3.4e+38 -3.4e+38 -3.4e+38 -3.4e+38 -3.4e+38 -3.4e+38 -3.4e+38 -3.4e+38 -3.4e+38 -3.4e+38 -3.4e+38 -3.4e+38 -3.4e+38 -3.4e+38 -3.4e+38 217.767013549805 214.441223144531 210.224136352539 213.782699584961 215.888122558594 214.360534667969 218.551895141602 219.244705200195 221.086715698242 221.53108215332 221.082458496094 220.715057373047 219.527648925781 220.646209716797 222.609268188477 218.917739868164 218.407836914062 208.996932983398 207.362533569336 207.409942626953 211.311187744141 215.616989135742 214.605361938477 208.519424438477 204.05224609375 201.98681640625 200.555374145508 201.144668579102 198.664947509766 197.037979125977 193.832778930664
-3.4e+38 -3.4e+38 -3.4e+38 -3.4e+38 -3.4e+38 -3.4e+38 -3.4e+38 -3.4e+38 -3.4e+38 -3.4e+38 -3.4e+38 -3.4e+38 -3.4e+38 -3.4e+38 -3.4e+38 -3.4e+38 -3.4e+38 211.701614379883 209.225112915039 209.854949951172 212.356399536133 211.428833007812 214.28466796875 216.866622924805 223.563461303711 223.296340942383 221.506072998047 225.99951171875 223.282806396484 221.316070556641 225.028823852539 224.27165222168 219.821350097656 214.621963500977 209.442016601562 207.755599975586 209.544097900391 213.172882080078 213.466842651367 206.107650756836 200.182098388672 199.09684753418 197.472564697266 194.56266784668 191.717132568359 190.745483398438 191.270477294922
-3.4e+38 -3.4e+38 -3.4e+38 -3.4e+38 -3.4e+38 -3.4e+38 -3.4e+38 -3.4e+38 -3.4e+38 -3.4e+38 -3.4e+38 -3.4e+38 -3.4e+38 -3.4e+38 -3.4e+38 -3.4e+38 -3.4e+38 -3.4e+38 213.33967590332 210.400848388672 209.16081237793 209.113265991211 210.994400024414 210.450042724609 218.417663574219 222.731552124023 222.738174438477 224.419067382812 222.02165222168 220.905746459961 221.834335327148 222.480285644531 218.564468383789 215.289199829102 212.859985351562 210.367172241211 205.966552734375 203.503540039062 204.084014892578 203.145446777344 194.766418457031 195.791442871094 195.142700195312 190.421798706055 189.175064086914 190.998519897461 191.018997192383
-3.4e+38 -3.4e+38 -3.4e+38 -3.4e+38 -3.4e+38 -3.4e+38 -3.4e+38 -3.4e+38 -3.4e+38 -3.4e+38 -3.4e+38 -3.4e+38 -3.4e+38 -3.4e+38 -3.4e+38 -3.4e+38 -3.4e+38 -3.4e+38 -3.4e+38 -3.4e+38 207.285934448242 206.209167480469 210.09114074707 212.950759887695 215.377304077148 221.138702392578 226.520736694336 219.588531494141 216.961761474609 219.88215637207 218.200286865234 213.357559204102 216.437454223633 219.684677124023 214.480743408203 208.056915283203 203.959457397461 198.699432373047 198.253692626953 200.107208251953 195.211380004883 192.556564331055 193.251327514648 187.084838867188 187.294082641602 189.898040771484 183.678894042969
-3.4e+38 -3.4e+38 -3.4e+38 -3.4e+38 -3.4e+38 -3.4e+38 -3.4e+38 -3.4e+38 -3.4e+38 -3.4e+38 -3.4e+38 -3.4e+38 -3.4e+38 -3.4e+38 -3.4e+38 -3.4e+38 -3.4e+38 -3.4e+38 -3.4e+38 -3.4e+38 -3.4e+38 202.308364868164 208.269882202148 213.274520874023 217.645797729492 217.525817871094 219.036331176758 215.607406616211 214.903671264648 216.763534545898 212.48844909668 208.832138061523 220.842895507812 225.133377075195 218.12873840332 206.947509765625 201.979949951172 195.025726318359 193.623519897461 195.151809692383 194.561386108398 189.598083496094 187.178619384766 183.930709838867 187.171783447266 186.222061157227 183.731719970703
-3.4e+38 -3.4e+38 -3.4e+38 -3.4e+38 -3.4e+38 -3.4e+38 -3.4e+38 -3.4e+38 -3.4e+38 -3.4e+38 -3.4e+38 -3.4e+38 -3.4e+38 -3.4e+38 -3.4e+38 -3.4e+38 -3.4e+38 -3.4e+38 -3.4e+38 -3.4e+38 -3.4e+38 200.184616088867 200.12580871582 205.583404541016 210.904937744141 214.466659545898 212.330871582031 211.833129882812 212.426010131836 210.214279174805 211.528533935547 215.957412719727 222.289657592773 215.583648681641 209.610717773438 207.040252685547 202.722610473633 199.547317504883 194.927444458008 190.785400390625 188.83723449707 185.526107788086 184.041061401367 186.01823425293 188.863723754883 181.356246948242 176.077392578125
-3.4e+38 -3.4e+38 -3.4e+38 -3.4e+38 -3.4e+38 -3.4e+38 -3.4e+38 -3.4e+38 -3.4e+38 -3.4e+38 -3.4e+38 -3.4e+38 -3.4e+38 -3.4e+38 -3.4e+38 -3.4e+38 -3.4e+38 -3.4e+38 -3.4e+38 -3.4e+38 -3.4e+38 -3.4e+38 194.663619995117 200.659027099609 204.251235961914 210.485992431641 209.151992797852 207.839416503906 210.593048095703 208.595260620117 210.483932495117 214.066818237305 211.329681396484 205.294464111328 202.336669921875 200.591354370117 199.285339355469 197.616058349609 193.212539672852 189.021530151367 187.31916809082 184.552871704102 182.054153442383 184.025543212891 182.583602905273 174.569869995117 174.94499206543
-3.4e+38 -3.4e+38 -3.4e+38 -3.4e+38 -3.4e+38 -3.4e+38 -3.4e+38 -3.4e+38 -3.4e+38 -3.4e+38 -3.4e+38 -3.4e+38 -3.4e+38 -3.4e+38 -3.4e+38 -3.4e+38 -3.4e+38 -3.4e+38 -3.4e+38 -3.4e+38 -3.4e+38 -3.4e+38 192.147964477539 197.218521118164 200.981567382812 207.06169128418 210.262069702148 212.065505981445 213.816619873047 210.939834594727 212.210189819336 210.097259521484 207.512634277344 200.082458496094 195.564468383789 194.478012084961 190.60270690918 191.229141235352 189.752075195312 186.583618164062 184.641616821289 183.235137939453 182.7822265625 179.541885375977 174.774566650391 172.521484375 174.48356628418
-3.4e+38 -3.4e+38 -3.4e+38 -3.4e+38 -3.4e+38 -3.4e+38 -3.4e+38 -3.4e+38 -3.4e+38 -3.4e+38 -3.4e+38 -3.4e+38 -3.4e+38 -3.4e+38 -3.4e+38 -3.4e+38 -3.4e+38 -3.4e+38 -3.4e+38 -3.4e+38 -3.4e+38 -3.4e+38 -3.4e+38 197.224517822266 201.513732910156 205.943374633789 207.505401611328 207.199035644531 209.181549072266 206.840942382812 207.937362670898 203.291488647461 205.152740478516 200.440002441406 194.975112915039 188.219863891602 187.156860351562 188.537246704102 185.601425170898 185.164016723633 186.648544311523 184.095901489258 178.633316040039 177.028732299805 168.161529541016 169.62565612793 169.1875
-3.4e+38 -3.4e+38 -3.4e+38 -3.4e+38 -3.4e+38 -3.4e+38 -3.4e+38 -3.4e+38 -3.4e+38 -3.4e+38 -3.4e+38 -3.4e+38 -3.4e+38 -3.4e+38 -3.4e+38 -3.4e+38 -3.4e+38 -3.4e+38 -3.4e+38 -3.4e+38 -3.4e+38 -3.4e+38 -3.4e+38 191.404800415039 193.504989624023 200.333023071289 199.734161376953 201.688903808594 202.649398803711 204.333480834961 204.788055419922 201.089782714844 197.760025024414 192.93376159668 189.86930847168 187.581939697266 187.976058959961 185.223983764648 184.498321533203 184.041564941406 182.677017211914 183.395538330078 176.386917114258 170.676422119141 169.591293334961 176.037017822266 170.955718994141
-3.4e+38 -3.4e+38 -3.4e+38 -3.4e+38 -3.4e+38 -3.4e+38 -3.4e+38 -3.4e+38 -3.4e+38 -3.4e+38 -3.4e+38 -3.4e+38 -3.4e+38 -3.4e+38 -3.4e+38 -3.4e+38 -3.4e+38 -3.4e+38 -3.4e+38 -3.4e+38 -3.4e+38 -3.4e+38 -3.4e+38 -3.4e+38 189.453369140625 189.462738037109 190.139938354492 194.688568115234 201.949600219727 200.941299438477 195.216003417969 195.221069335938 191.262893676758 188.462387084961 181.838119506836 176.978576660156 180.674560546875 178.818405151367 181.897415161133 180.419006347656 177.443237304688 176.271179199219 177.340637207031 176.221145629883 175.936386108398 178.135269165039 177.148696899414
-3.4e+38 -3.4e+38 -3.4e+38 -3.4e+38 -3.4e+38 -3.4e+38 -3.4e+38 -3.4e+38 -3.4e+38 -3.4e+38 -3.4e+38 -3.4e+38 -3.4e+38 -3.4e+38 -3.4e+38 -3.4e+38 -3.4e+38 -3.4e+38 -3.4e+38 -3.4e+38 -3.4e+38 -3.4e+38 -3.4e+38 -3.4e+38 185.409515380859 185.23844909668 185.085113525391 189.621200561523 195.659545898438 196.528839111328 193.76237487793 190.906677246094 189.130813598633 181.897384643555 173.935928344727 169.87451171875 172.643859863281 175.265075683594 177.408462524414 178.14289855957 175.620086669922 168.588577270508 169.212692260742 171.579986572266 174.641326904297 176.901824951172 177.430267333984
-3.4e+38 -3.4e+38 -3.4e+38 -3.4e+38 -3.4e+38 -3.4e+38 -3.4e+38 -3.4e+38 -3.4e+38 -3.4e+38 -3.4e+38 -3.4e+38 -3.4e+38 -3.4e+38 -3.4e+38 -3.4e+38 -3.4e+38 -3.4e+38 -3.4e+38 -3.4e+38 -3.4e+38 -3.4e+38 -3.4e+38 -3.4e+38 181.823699951172 182.045135498047 183.12158203125 188.418563842773 190.188903808594 189.126693725586 187.389511108398 183.612701416016 182.340103149414 171.031433105469 163.630004882812 167.481369018555 166.108581542969 167.62255859375 169.027893066406 167.134536743164 169.856887817383 168.083374023438 164.765518188477 170.783554077148 173.567611694336 172.240081787109 167.820419311523
-3.4e+38 -3.4e+38 -3.4e+38 -3.4e+38 -3.4e+38 -3.4e+38 -3.4e+38 -3.4e+38 -3.4e+38 -3.4e+38 -3.4e+38 -3.4e+38 -3.4e+38 -3.4e+38 -3.4e+38 -3.4e+38 -3.4e+38 -3.4e+38 -3.4e+38 -3.4e+38 -3.4e+38 -3.4e+38 -3.4e+38 -3.4e+38 -3.4e+38 -3.4e+38 185.180572509766 188.848617553711 189.94580078125 181.662033081055 175.376327514648 173.251968383789 171.545639038086 168.503326416016 168.54443359375 -3.4e+38 -3.4e+38 161.358627319336 163.699325561523 162.664489746094 163.992050170898 160.227905273438 156.117538452148 160.17057800293 164.529006958008 -3.4e+38 -3.4e+38
-3.4e+38 -3.4e+38 -3.4e+38 -3.4e+38 -3.4e+38 -3.4e+38 -3.4e+38 -3.4e+38 -3.4e+38 -3.4e+38 -3.4e+38 -3.4e+38 -3.4e+38 -3.4e+38 -3.4e+38 -3.4e+38 -3.4e+38 -3.4e+38 -3.4e+38 -3.4e+38 -3.4e+38 -3.4e+38 -3.4e+38 -3.4e+38 -3.4e+38 -3.4e+38 185.137420654297 187.381408691406 183.683059692383 176.111312866211 177.012664794922 175.464721679688 172.408447265625 167.745147705078 167.630218505859 -3.4e+38 -3.4e+38 164.004501342773 160.378387451172 153.352722167969 149.984970092773 150.196151733398 150.775787353516 155.911514282227 -3.4e+38 -3.4e+38 -3.4e+38
