rasters/Chad_bio4.asc
NCOLS 126 
NROWS 192 
XLLCORNER 13.449183796 
YLLCORNER 7.455566751 
CELLSIZE 0.0836128775793651 
NODATA_value -3.4e+38 
[rows 147 to 167 of 192, columns 47 to 93 of 126]
255.711395263672 257.220489501953 255.174392700195 251.693344116211 245.028656005859 242.624252319336 248.234680175781 247.412658691406 248.271224975586 245.344604492188 242.451812744141 239.423156738281 237.068099975586 233.344161987305 239.08708190918 239.743743896484 241.945755004883 239.595458984375 236.579574584961 233.738983154297 237.883987426758 235.579803466797 231.807510375977 228.830261230469 224.411865234375 226.654113769531 232.544342041016 234.442443847656 230.95344543457 230.0859375 225.887893676758 225.434158325195 223.702239990234 221.880783081055 221.034423828125 223.706039428711 222.275848388672 222.198196411133 224.326248168945 226.469528198242 226.402236938477 226.294876098633 226.262313842773 225.679428100586 223.193984985352 224.323150634766 219.164184570312
252.22102355957 252.41455078125 252.591018676758 249.212066650391 243.528945922852 236.822052001953 240.582595825195 245.372528076172 245.583129882812 245.49870300293 244.467224121094 245.893295288086 244.225173950195 241.94140625 242.834732055664 241.894226074219 240.991577148438 239.226669311523 237.583740234375 235.996124267578 235.936798095703 234.783630371094 230.492797851562 229.803009033203 233.303085327148 229.486694335938 228.557403564453 229.603744506836 229.391891479492 225.7294921875 221.764892578125 222.460922241211 222.653289794922 221.601333618164 219.954025268555 221.236251831055 220.976852416992 221.897186279297 223.444259643555 226.069854736328 224.092300415039 226.617538452148 223.621063232422 224.131469726562 221.95246887207 221.403579711914 218.768280029297
248.748764038086 249.531967163086 251.542251586914 247.177993774414 245.250350952148 242.740325927734 241.242797851562 239.656234741211 238.936325073242 239.114608764648 241.601715087891 243.757293701172 242.12971496582 237.31819152832 237.799560546875 239.351089477539 240.035949707031 237.678268432617 236.437744140625 234.873199462891 234.443115234375 232.619338989258 227.653411865234 231.009262084961 235.69645690918 233.507476806641 231.3154296875 230.426742553711 228.277221679688 222.482864379883 221.524322509766 222.687698364258 220.081619262695 221.339172363281 223.956253051758 220.772491455078 225.21745300293 224.823547363281 222.520721435547 221.861801147461 226.136596679688 222.620407104492 219.55224609375 222.741256713867 223.858871459961 218.953735351562 216.879776000977
248.447814941406 248.330841064453 249.543899536133 247.985275268555 243.949234008789 243.290298461914 244.506286621094 241.129028320312 238.915145874023 238.751647949219 240.093826293945 239.182464599609 237.559310913086 229.029861450195 230.059814453125 233.528167724609 237.014739990234 237.381607055664 235.746627807617 234.566070556641 230.387176513672 228.664001464844 228.960098266602 225.354904174805 228.149230957031 230.882522583008 234.891860961914 227.959930419922 223.959655761719 223.07926940918 221.145431518555 219.495346069336 219.536087036133 224.68000793457 221.705703735352 223.341033935547 229.435287475586 225.145278930664 219.638290405273 223.137222290039 222.627502441406 217.282562255859 216.610214233398 219.851226806641 219.692474365234 214.274673461914 214.121444702148
248.101165771484 246.61589050293 246.68522644043 247.741882324219 244.164489746094 242.860076904297 244.18684387207 240.894454956055 237.382263183594 237.255874633789 240.537490844727 238.942687988281 234.115234375 229.568237304688 225.785034179688 229.204971313477 234.006332397461 234.063125610352 232.591934204102 230.375900268555 228.011413574219 227.00537109375 226.166305541992 220.824584960938 223.941482543945 227.707046508789 233.386383056641 229.022125244141 220.892974853516 221.644866943359 221.163772583008 217.524978637695 221.114028930664 222.636566162109 223.477569580078 221.712982177734 223.756607055664 220.525527954102 222.343704223633 221.11083984375 215.588562011719 214.193725585938 214.083786010742 218.719100952148 215.583114624023 214.770324707031 212.900131225586
244.274932861328 243.75065612793 244.205932617188 242.845916748047 241.70817565918 238.971801757812 238.038101196289 239.983840942383 239.78288269043 236.883193969727 237.582885742188 235.531509399414 231.347137451172 229.173553466797 228.693923950195 230.975540161133 232.34391784668 227.275527954102 225.185989379883 223.901672363281 224.407608032227 225.883819580078 223.732437133789 217.657791137695 218.524536132812 226.637924194336 227.110626220703 222.679504394531 218.962417602539 218.005599975586 218.94694519043 218.894439697266 219.264678955078 223.946563720703 224.92790222168 219.612442016602 217.415161132812 215.811050415039 213.504653930664 213.400054931641 213.799850463867 215.982864379883 214.914306640625 217.497131347656 213.854232788086 212.852264404297 213.410720825195
243.094207763672 241.509429931641 241.032760620117 240.661071777344 240.113418579102 238.160385131836 235.78466796875 240.667755126953 241.74348449707 241.134262084961 234.094909667969 228.631317138672 228.171813964844 229.943572998047 230.317047119141 229.104583740234 226.694534301758 224.569076538086 221.19255065918 221.629013061523 220.902587890625 221.079345703125 220.483245849609 212.921508789062 213.312072753906 219.786651611328 224.507736206055 220.65576171875 218.031219482422 219.068939208984 222.929153442383 222.874694824219 224.037185668945 223.448059082031 218.012512207031 215.160430908203 216.769790649414 214.760147094727 209.964172363281 208.449401855469 211.529602050781 212.331039428711 212.610733032227 209.038543701172 210.294708251953 211.605758666992 210.510192871094
244.207931518555 241.826522827148 239.673309326172 238.772644042969 238.359878540039 238.038299560547 242.330535888672 243.778244018555 241.403182983398 242.445114135742 233.128768920898 225.571563720703 227.273452758789 231.118743896484 232.157745361328 229.156982421875 223.209671020508 222.768280029297 220.560607910156 220.586853027344 218.349227905273 215.553100585938 216.940460205078 213.676910400391 213.316986083984 215.723831176758 218.189987182617 218.040237426758 214.936645507812 219.085159301758 218.143859863281 219.448547363281 219.057525634766 213.974319458008 215.949142456055 212.253982543945 213.521408081055 209.668258666992 206.640747070312 207.436920166016 212.171630859375 208.803588867188 207.128555297852 205.996078491211 209.673004150391 211.205657958984 209.301559448242
239.650344848633 241.760848999023 237.160018920898 236.32975769043 233.076431274414 234.523162841797 241.943420410156 242.6943359375 241.000595092773 240.322021484375 236.456420898438 230.960235595703 232.016342163086 231.80778503418 228.830673217773 222.72021484375 221.196029663086 221.636749267578 219.577560424805 218.75032043457 216.522094726562 211.98957824707 213.068618774414 214.395584106445 213.422958374023 214.605484008789 214.69612121582 212.519973754883 213.830810546875 218.938415527344 216.8037109375 212.543991088867 215.745208740234 216.172958374023 212.650009155273 209.474166870117 205.444122314453 206.045944213867 204.117706298828 205.695571899414 205.623352050781 204.564682006836 204.842178344727 204.865600585938 207.129028320312 208.063552856445 209.394424438477
237.011184692383 237.230590820312 235.900344848633 233.649566650391 232.147613525391 232.691314697266 239.592926025391 242.606521606445 243.420135498047 241.711791992188 241.474075317383 236.765090942383 233.548690795898 231.064788818359 225.435958862305 219.990020751953 218.326248168945 216.725006103516 216.393997192383 216.944641113281 214.135604858398 213.133102416992 214.267639160156 211.366668701172 212.42887878418 209.783233642578 212.566436767578 213.566375732422 217.019104003906 213.310241699219 211.28596496582 213.42253112793 211.620315551758 211.803436279297 208.063186645508 206.572845458984 202.856903076172 202.50505065918 202.808120727539 205.610961914062 207.30029296875 205.224990844727 203.860046386719 204.693405151367 207.292251586914 208.138366699219 208.029159545898
233.930114746094 235.289916992188 233.699417114258 230.949661254883 231.740570068359 229.639831542969 232.630386352539 240.185165405273 240.615188598633 238.85188293457 241.002349853516 235.38215637207 233.223083496094 225.262924194336 220.913955688477 219.426132202148 215.087066650391 212.231155395508 213.233383178711 213.332763671875 213.383438110352 214.131607055664 213.027099609375 208.288497924805 207.027481079102 206.423492431641 209.048980712891 210.998443603516 211.654312133789 211.879837036133 213.346664428711 210.743743896484 209.858901977539 210.212387084961 205.236633300781 203.185302734375 201.421890258789 199.537460327148 201.348388671875 206.870330810547 204.310348510742 203.205993652344 203.271453857422 206.435195922852 209.433456420898 210.064193725586 207.202133178711
236.244018554688 233.467269897461 234.483169555664 233.4677734375 233.195434570312 232.731430053711 230.953475952148 233.715347290039 231.517578125 230.912384033203 231.790145874023 230.4443359375 227.773513793945 220.271423339844 218.86198425293 217.624755859375 210.957153320312 210.843597412109 209.615463256836 212.937835693359 214.356750488281 213.059661865234 208.467315673828 206.217422485352 204.807403564453 205.693054199219 208.825256347656 212.294769287109 210.400527954102 209.235366821289 209.564971923828 205.918640136719 208.574340820312 205.530914306641 203.411087036133 200.792938232422 199.259231567383 199.770095825195 203.281387329102 203.534652709961 199.844665527344 200.191482543945 202.514984130859 206.75700378418 208.348815917969 207.317398071289 206.354736328125
237.170303344727 234.105682373047 233.044326782227 233.522964477539 232.998092651367 233.148971557617 230.264663696289 230.068206787109 227.273818969727 226.278045654297 223.515380859375 227.085174560547 227.60205078125 224.502838134766 219.547470092773 214.893798828125 211.297103881836 210.698516845703 209.483245849609 210.884613037109 214.466247558594 212.888259887695 205.049194335938 182.289001464844 185.521545410156 202.221496582031 207.298370361328 211.733428955078 207.482574462891 207.204849243164 204.90544128418 204.035293579102 203.349868774414 201.852752685547 202.658843994141 200.238571166992 201.534881591797 201.957656860352 202.182983398438 201.884368896484 198.447372436523 199.445892333984 202.143753051758 204.240142822266 204.50715637207 205.378494262695 206.949234008789
236.278564453125 235.929214477539 228.446472167969 229.140106201172 230.528778076172 230.623916625977 231.695465087891 231.314971923828 227.617706298828 224.468170166016 222.857772827148 224.58137512207 225.957427978516 223.321884155273 220.879989624023 219.536071777344 216.515090942383 212.72575378418 210.566970825195 208.194961547852 213.259582519531 210.988540649414 210.073364257812 196.229904174805 196.555404663086 208.62077331543 208.578674316406 207.143676757812 205.876663208008 207.011734008789 204.187835693359 203.048400878906 200.328506469727 201.081008911133 199.03825378418 198.804656982422 201.651718139648 201.337905883789 201.563323974609 199.582809448242 199.884292602539 199.987670898438 201.826110839844 201.879684448242 201.309707641602 203.319061279297 205.351043701172
236.868103027344 235.450149536133 226.235122680664 227.184524536133 227.319351196289 226.115371704102 225.903625488281 227.502227783203 228.467742919922 225.939590454102 225.357620239258 225.466201782227 223.832427978516 224.123458862305 222.697311401367 219.908187866211 214.620239257812 211.47883605957 207.849380493164 206.917098999023 208.903244018555 212.054153442383 211.549438476562 216.022644042969 213.521224975586 209.672439575195 208.689331054688 206.340545654297 203.628570556641 202.872436523438 201.387191772461 199.15153503418 197.946670532227 197.935424804688 196.896347045898 196.951568603516 200.203979492188 198.33659362793 199.096328735352 198.774429321289 201.962646484375 202.02685546875 202.032150268555 200.764999389648 198.861480712891 200.453140258789 -3.4e+38
232.256317138672 232.268081665039 227.461517333984 224.619598388672 228.094711303711 225.848648071289 225.364730834961 225.288803100586 225.828506469727 224.939315795898 225.342041015625 225.502166748047 224.987228393555 226.249877929688 223.86279296875 217.492736816406 212.034866333008 209.567810058594 209.995574951172 211.482482910156 211.251342773438 209.863983154297 210.921722412109 211.412612915039 210.894744873047 208.488616943359 208.369064331055 205.922927856445 204.917556762695 199.344100952148 199.032455444336 197.301071166992 199.093322753906 197.861389160156 197.293655395508 198.912246704102 198.896087646484 197.183364868164 199.137283325195 199.426330566406 199.30485534668 201.111190795898 201.637573242188 199.86051940918 198.200134277344 -3.4e+38 -3.4e+38
231.188186645508 233.232986450195 230.613403320312 225.436004638672 224.936614990234 226.614685058594 226.237991333008 226.282623291016 225.810256958008 225.470291137695 226.23828125 227.415161132812 228.288467407227 225.754348754883 220.933654785156 217.903274536133 210.655914306641 209.417663574219 212.65983581543 209.981552124023 205.117034912109 204.626525878906 206.885360717773 208.151092529297 203.879013061523 209.03483581543 209.636260986328 205.191116333008 202.219543457031 196.846084594727 199.343002319336 199.579208374023 199.639205932617 198.188079833984 196.824905395508 197.648849487305 196.229370117188 197.681121826172 197.715866088867 199.466979980469 200.854797363281 198.133193969727 196.514419555664 197.704727172852 -3.4e+38 -3.4e+38 -3.4e+38
231.648513793945 234.247375488281 232.108779907227 228.535552978516 222.128631591797 224.53352355957 225.479202270508 226.52278137207 224.058410644531 223.708770751953 226.073455810547 224.35124206543 221.180282592773 217.012664794922 213.51774597168 213.262313842773 209.540710449219 207.267944335938 209.9580078125 204.166488647461 201.574890136719 202.304794311523 203.533828735352 203.737091064453 199.045623779297 201.627624511719 200.31689453125 198.504028320312 198.41423034668 197.333648681641 198.395401000977 199.952301025391 199.698974609375 199.379241943359 195.894638061523 194.209533691406 196.208953857422 197.028656005859 198.380157470703 199.458206176758 195.848617553711 194.047027587891 195.193740844727 -3.4e+38 -3.4e+38 -3.4e+38 -3.4e+38
230.728332519531 228.8701171875 227.097030639648 222.635131835938 220.008987426758 222.924438476562 223.672744750977 223.815628051758 222.263137817383 221.212890625 222.755065917969 219.381759643555 217.99284362793 217.242156982422 215.099136352539 213.235992431641 218.147277832031 217.710159301758 213.223648071289 207.099197387695 205.388046264648 202.929336547852 198.242721557617 196.955078125 194.897079467773 194.211074829102 194.87744140625 196.755661010742 198.155029296875 197.576583862305 196.789031982422 199.549179077148 197.154403686523 194.329452514648 193.897994995117 195.631958007812 195.097534179688 197.990859985352 199.228302001953 195.300048828125 191.926116943359 193.148742675781 195.532684326172 -3.4e+38 -3.4e+38 -3.4e+38 -3.4e+38
228.340270996094 228.558197021484 227.654342651367 227.898178100586 227.712615966797 229.590240478516 223.376403808594 225.314239501953 221.516143798828 217.54411315918 217.378799438477 222.649627685547 225.106567382812 224.052261352539 218.725540161133 218.210052490234 218.060043334961 213.750579833984 209.639877319336 204.524612426758 203.449981689453 198.151840209961 193.66618347168 191.404632568359 190.94157409668 190.975158691406 193.323303222656 197.838577270508 197.910827636719 196.55403137207 195.401565551758 196.333267211914 195.415679931641 194.4765625 195.233856201172 195.276550292969 197.083801269531 194.952713012695 193.071884155273 190.817672729492 190.59114074707 190.187973022461 -3.4e+38 -3.4e+38 -3.4e+38 -3.4e+38 -3.4e+38
227.090194702148 228.30143737793 225.451690673828 226.765518188477 226.612701416016 224.675659179688 230.696060180664 230.157302856445 218.879150390625 220.39958190918 221.275726318359 224.335540771484 227.939712524414 225.468490600586 218.02961730957 214.567535400391 212.147720336914 204.587936401367 196.403869628906 195.433380126953 192.477416992188 190.840148925781 190.502166748047 189.945266723633 190.604568481445 193.785888671875 195.884033203125 197.010025024414 194.318283081055 191.814147949219 193.783020019531 196.165344238281 195.541519165039 192.985443115234 194.916687011719 192.92219543457 194.831008911133 192.609664916992 189.721893310547 186.139083862305 183.47021484375 -3.4e+38 -3.4e+38 -3.4e+38 -3.4e+38 -3.4e+38 -3.4e+38
