rasters/Chad_bio8.asc
NCOLS 126 
NROWS 192 
XLLCORNER 13.449183796 
YLLCORNER 7.455566751 
CELLSIZE 0.0836128775793651 
NODATA_value -3.4e+38 
[rows 168 to 188 of 192, columns 0 to 46 of 126]
-3.4e+38 -3.4e+38 -3.4e+38 -3.4e+38 -3.4e+38 -3.4e+38 -3.4e+38 -3.4e+38 -3.4e+38 25.2291660308838 25.0066661834717 25.3015003204346 25.517333984375 25.4821662902832 25.5976676940918 25.6133346557617 25.5598335266113 25.3993339538574 25.2826671600342 25.158332824707 25.1273326873779 25.0906677246094 25.0568332672119 25.1893329620361 25.6213340759277 25.8681678771973 25.8306655883789 25.7876663208008 26.0084991455078 26.1765003204346 26.0310001373291 25.9998340606689 26.1263332366943 26.2099990844727 26.099666595459 25.9908332824707 25.954833984375 25.8313331604004 25.8470001220703 25.8716659545898 25.8780002593994 25.8959999084473 25.8854999542236 25.8063335418701 25.8234996795654 25.8945007324219 25.9085006713867
-3.4e+38 -3.4e+38 -3.4e+38 -3.4e+38 -3.4e+38 -3.4e+38 -3.4e+38 -3.4e+38 -3.4e+38 -3.4e+38 25.2924995422363 25.541332244873 25.6883335113525 25.6513328552246 25.6923332214355 25.630500793457 25.3645000457764 25.0698337554932 25.0311660766602 24.9498329162598 24.7205009460449 24.7413330078125 24.69700050354 25.0126667022705 25.6771659851074 25.7746658325195 25.537166595459 25.5580005645752 25.8286666870117 26.0121669769287 25.9053325653076 25.8703346252441 25.9850006103516 26.1691665649414 26.0561676025391 25.9634990692139 25.9183330535889 25.8465003967285 25.8958339691162 25.8819999694824 25.8380012512207 25.7543334960938 25.8561668395996 25.818000793457 25.7610015869141 25.806999206543 25.8336658477783
-3.4e+38 -3.4e+38 -3.4e+38 -3.4e+38 -3.4e+38 -3.4e+38 -3.4e+38 -3.4e+38 -3.4e+38 -3.4e+38 -3.4e+38 25.7290000915527 25.6623344421387 25.6928329467773 25.6229991912842 25.3431663513184 25.0555000305176 24.9790000915527 25.1585006713867 25.1481666564941 25.0441665649414 25.0733337402344 24.984001159668 25.1811676025391 25.5944995880127 25.4643325805664 25.2273330688477 25.4478340148926 25.6749992370605 25.7915000915527 25.816333770752 25.8505001068115 25.9615001678467 26.1280002593994 26.1089992523193 25.9804992675781 25.8924999237061 25.7281665802002 25.9446659088135 25.8506660461426 25.7743339538574 25.7036666870117 25.7663345336914 25.7569999694824 25.765832901001 25.7415008544922 25.7921676635742
-3.4e+38 -3.4e+38 -3.4e+38 -3.4e+38 -3.4e+38 -3.4e+38 -3.4e+38 -3.4e+38 -3.4e+38 -3.4e+38 -3.4e+38 -3.4e+38 25.4750003814697 25.4755001068115 25.2276668548584 24.9516658782959 24.8810005187988 25.0351676940918 25.0891666412354 25.1201667785645 25.0848331451416 25.1673336029053 25.1751670837402 25.1206665039062 25.2024993896484 25.1044998168945 25.1014995574951 25.5598335266113 25.8136672973633 25.8333339691162 25.8684997558594 25.9039993286133 25.9384994506836 26.0008335113525 26.1016654968262 25.9120006561279 25.6003341674805 25.3543338775635 25.5543327331543 25.4646663665771 25.4061660766602 25.3238334655762 25.2814998626709 25.3448333740234 25.574333190918 25.6475009918213 25.6310005187988
-3.4e+38 -3.4e+38 -3.4e+38 -3.4e+38 -3.4e+38 -3.4e+38 -3.4e+38 -3.4e+38 -3.4e+38 -3.4e+38 -3.4e+38 -3.4e+38 -3.4e+38 25.0509986877441 24.6356658935547 24.7003326416016 25.0009994506836 25.1651668548584 25.1160011291504 25.1103324890137 25.128999710083 25.1140003204346 25.0060005187988 24.8264999389648 24.9283332824707 24.8763332366943 25.1753330230713 25.5228328704834 25.6184997558594 25.6486663818359 25.791166305542 25.82200050354 25.7826671600342 25.9640007019043 26.0061664581299 26.053165435791 25.9078330993652 25.6026668548584 25.3618335723877 25.3191661834717 25.2878341674805 25.115665435791 25.0146675109863 24.9298324584961 25.3256664276123 25.6364994049072 25.6306667327881
-3.4e+38 -3.4e+38 -3.4e+38 -3.4e+38 -3.4e+38 -3.4e+38 -3.4e+38 -3.4e+38 -3.4e+38 -3.4e+38 -3.4e+38 -3.4e+38 -3.4e+38 -3.4e+38 24.72216796875 24.7285003662109 24.9556655883789 25.0428333282471 25.1844997406006 25.1800003051758 25.155834197998 25.0559997558594 25.0448341369629 25.0611667633057 25.0011672973633 25.0558338165283 25.2903327941895 25.4813327789307 25.4916667938232 25.6040000915527 25.650333404541 25.6136665344238 25.4441661834717 25.7676658630371 25.7434997558594 25.8918323516846 25.9546661376953 25.9158325195312 25.628999710083 25.6011657714844 25.712833404541 25.6758327484131 25.6843338012695 25.5826663970947 25.6121673583984 25.6180000305176 25.6453323364258
-3.4e+38 -3.4e+38 -3.4e+38 -3.4e+38 -3.4e+38 -3.4e+38 -3.4e+38 -3.4e+38 -3.4e+38 -3.4e+38 -3.4e+38 -3.4e+38 -3.4e+38 -3.4e+38 -3.4e+38 -3.4e+38 25.1023330688477 24.9901657104492 25.1058330535889 25.0690002441406 24.9693336486816 25.0235004425049 25.0628337860107 25.1713333129883 25.2193336486816 25.2880001068115 25.3291664123535 25.4500007629395 25.3838329315186 25.5034999847412 25.5428333282471 25.3878326416016 25.4514999389648 25.4311676025391 25.6256675720215 25.6455001831055 25.6568336486816 25.7608337402344 25.707332611084 25.8971672058105 26.0224990844727 26.0240001678467 25.9811668395996 25.8824996948242 25.7898330688477 25.7723331451416 25.7630004882812
-3.4e+38 -3.4e+38 -3.4e+38 -3.4e+38 -3.4e+38 -3.4e+38 -3.4e+38 -3.4e+38 -3.4e+38 -3.4e+38 -3.4e+38 -3.4e+38 -3.4e+38 -3.4e+38 -3.4e+38 -3.4e+38 -3.4e+38 25.1603336334229 25.1961669921875 24.9874992370605 24.9401664733887 25.0148334503174 25.1233329772949 25.160665512085 25.1636657714844 25.1173324584961 25.0499992370605 25.1568336486816 25.2853336334229 25.2656669616699 25.1108322143555 25.3638324737549 25.2488327026367 25.345666885376 25.5858345031738 25.6690006256104 25.667667388916 25.7119998931885 25.609167098999 25.886833190918 26.0394992828369 26.0031661987305 26.003833770752 25.969165802002 25.94700050354 25.9394989013672 25.8064994812012
-3.4e+38 -3.4e+38 -3.4e+38 -3.4e+38 -3.4e+38 -3.4e+38 -3.4e+38 -3.4e+38 -3.4e+38 -3.4e+38 -3.4e+38 -3.4e+38 -3.4e+38 -3.4e+38 -3.4e+38 -3.4e+38 -3.4e+38 -3.4e+38 24.9471664428711 24.8994998931885 24.8803329467773 24.875 25.0616664886475 25.2355003356934 25.2391662597656 25.1520004272461 25.1424999237061 25.2614994049072 25.2105007171631 25.2696666717529 25.0548324584961 25.3858337402344 25.195333480835 25.6634998321533 25.6995010375977 25.7266674041748 25.8439998626709 25.8251667022705 25.7234992980957 25.8401660919189 25.9608325958252 25.9868335723877 25.9943332672119 25.9816665649414 25.9138336181641 25.8328323364258 25.7526664733887
-3.4e+38 -3.4e+38 -3.4e+38 -3.4e+38 -3.4e+38 -3.4e+38 -3.4e+38 -3.4e+38 -3.4e+38 -3.4e+38 -3.4e+38 -3.4e+38 -3.4e+38 -3.4e+38 -3.4e+38 -3.4e+38 -3.4e+38 -3.4e+38 -3.4e+38 -3.4e+38 24.6665000915527 24.7463340759277 24.9321670532227 25.1856670379639 25.1281661987305 25.1881656646729 25.2005004882812 25.2983341217041 25.3190002441406 25.2061672210693 25.1868324279785 25.4186668395996 25.5458335876465 25.5376663208008 25.6516666412354 25.7776660919189 25.820499420166 25.8680000305176 25.7396659851074 25.7583332061768 25.8866653442383 25.9420013427734 25.9505004882812 26.0109996795654 25.8701667785645 25.6213340759277 25.8258323669434
-3.4e+38 -3.4e+38 -3.4e+38 -3.4e+38 -3.4e+38 -3.4e+38 -3.4e+38 -3.4e+38 -3.4e+38 -3.4e+38 -3.4e+38 -3.4e+38 -3.4e+38 -3.4e+38 -3.4e+38 -3.4e+38 -3.4e+38 -3.4e+38 -3.4e+38 -3.4e+38 -3.4e+38 24.4953327178955 24.7268333435059 24.8303337097168 24.8616676330566 24.9663333892822 25.1286659240723 25.2258338928223 25.3731670379639 25.2996673583984 25.3971672058105 25.586332321167 25.3426666259766 25.0454998016357 25.2908325195312 25.6466674804688 25.7835006713867 25.8128337860107 25.6626663208008 25.7639999389648 25.8266658782959 25.8308334350586 25.9146671295166 25.9568328857422 25.7889995574951 25.7639999389648 25.7023334503174
-3.4e+38 -3.4e+38 -3.4e+38 -3.4e+38 -3.4e+38 -3.4e+38 -3.4e+38 -3.4e+38 -3.4e+38 -3.4e+38 -3.4e+38 -3.4e+38 -3.4e+38 -3.4e+38 -3.4e+38 -3.4e+38 -3.4e+38 -3.4e+38 -3.4e+38 -3.4e+38 -3.4e+38 24.5616664886475 24.5748329162598 24.7029991149902 24.7075004577637 24.8349990844727 25.2361679077148 25.207332611084 25.253999710083 25.2466659545898 25.3613338470459 25.355167388916 25.0728340148926 25.1396675109863 25.36549949646 25.4471664428711 25.5658340454102 25.5286674499512 25.5273323059082 25.6208324432373 25.704833984375 25.8486671447754 25.9120006561279 25.7766666412354 25.5148334503174 25.7403335571289 25.7051658630371
-3.4e+38 -3.4e+38 -3.4e+38 -3.4e+38 -3.4e+38 -3.4e+38 -3.4e+38 -3.4e+38 -3.4e+38 -3.4e+38 -3.4e+38 -3.4e+38 -3.4e+38 -3.4e+38 -3.4e+38 -3.4e+38 -3.4e+38 -3.4e+38 -3.4e+38 -3.4e+38 -3.4e+38 -3.4e+38 24.5103340148926 24.7476654052734 24.8626670837402 24.9048328399658 25.1663341522217 25.3696670532227 25.2498340606689 25.306999206543 25.0846672058105 25.0496673583984 24.9958324432373 25.2350006103516 25.3066673278809 25.3313331604004 25.3103332519531 25.3610000610352 25.326000213623 25.4986667633057 25.5443344116211 25.7309989929199 25.8158340454102 25.670166015625 25.6508331298828 25.8439998626709 25.7111663818359
-3.4e+38 -3.4e+38 -3.4e+38 -3.4e+38 -3.4e+38 -3.4e+38 -3.4e+38 -3.4e+38 -3.4e+38 -3.4e+38 -3.4e+38 -3.4e+38 -3.4e+38 -3.4e+38 -3.4e+38 -3.4e+38 -3.4e+38 -3.4e+38 -3.4e+38 -3.4e+38 -3.4e+38 -3.4e+38 24.3606662750244 24.6153335571289 24.8003330230713 24.9433345794678 25.0538330078125 25.1708335876465 25.1324996948242 25.2329998016357 24.9808330535889 24.9365005493164 24.9768333435059 25.0485000610352 25.1025009155273 25.179500579834 25.2724990844727 25.4131660461426 25.4974994659424 25.4361667633057 25.3554992675781 25.449333190918 25.5179996490479 25.7858333587646 25.8080005645752 25.6378326416016 25.5383338928223
-3.4e+38 -3.4e+38 -3.4e+38 -3.4e+38 -3.4e+38 -3.4e+38 -3.4e+38 -3.4e+38 -3.4e+38 -3.4e+38 -3.4e+38 -3.4e+38 -3.4e+38 -3.4e+38 -3.4e+38 -3.4e+38 -3.4e+38 -3.4e+38 -3.4e+38 -3.4e+38 -3.4e+38 -3.4e+38 -3.4e+38 24.634334564209 24.8268337249756 24.9596672058105 25.0186672210693 24.9375 24.9098339080811 25.2094993591309 24.8523330688477 24.6788330078125 24.5911674499512 25.048999786377 25.0816669464111 25.121000289917 25.2124996185303 25.3465003967285 25.4408340454102 25.1741676330566 25.2543334960938 25.015998840332 25.2081661224365 25.6498336791992 25.644832611084 25.50950050354 25.4451675415039
-3.4e+38 -3.4e+38 -3.4e+38 -3.4e+38 -3.4e+38 -3.4e+38 -3.4e+38 -3.4e+38 -3.4e+38 -3.4e+38 -3.4e+38 -3.4e+38 -3.4e+38 -3.4e+38 -3.4e+38 -3.4e+38 -3.4e+38 -3.4e+38 -3.4e+38 -3.4e+38 -3.4e+38 -3.4e+38 -3.4e+38 24.537166595459 24.716667175293 24.783166885376 24.7175006866455 24.8579998016357 25.0014991760254 25.0879993438721 24.8633327484131 24.6538333892822 24.3568325042725 24.8269996643066 24.9738330841064 25.144832611084 25.2478332519531 25.4213333129883 25.5313339233398 25.1844997406006 25.0615005493164 25.2980003356934 25.558666229248 25.5311660766602 25.4221668243408 25.299165725708 25.3088321685791
-3.4e+38 -3.4e+38 -3.4e+38 -3.4e+38 -3.4e+38 -3.4e+38 -3.4e+38 -3.4e+38 -3.4e+38 -3.4e+38 -3.4e+38 -3.4e+38 -3.4e+38 -3.4e+38 -3.4e+38 -3.4e+38 -3.4e+38 -3.4e+38 -3.4e+38 -3.4e+38 -3.4e+38 -3.4e+38 -3.4e+38 -3.4e+38 24.5853328704834 24.3278331756592 24.4393329620361 24.7568340301514 24.941333770752 25.0131664276123 24.7076663970947 24.7084999084473 24.7138328552246 25.0955009460449 25.1421661376953 25.0424995422363 25.0543327331543 25.5161666870117 25.3693332672119 25.1875 24.9396667480469 25.0003337860107 25.1786670684814 25.0888328552246 25.1609992980957 25.1973342895508 25.2363338470459
-3.4e+38 -3.4e+38 -3.4e+38 -3.4e+38 -3.4e+38 -3.4e+38 -3.4e+38 -3.4e+38 -3.4e+38 -3.4e+38 -3.4e+38 -3.4e+38 -3.4e+38 -3.4e+38 -3.4e+38 -3.4e+38 -3.4e+38 -3.4e+38 -3.4e+38 -3.4e+38 -3.4e+38 -3.4e+38 -3.4e+38 -3.4e+38 24.3780002593994 24.4096660614014 24.5846672058105 24.7550010681152 25.0063323974609 24.9566669464111 24.718334197998 24.8363342285156 24.9951667785645 25.1781673431396 25.2143325805664 25.179666519165 25.2843322753906 25.5258331298828 25.2021675109863 25.1071662902832 24.9713325500488 24.8519992828369 24.8910007476807 24.9184989929199 25.1046676635742 25.1413345336914 25.1370010375977
-3.4e+38 -3.4e+38 -3.4e+38 -3.4e+38 -3.4e+38 -3.4e+38 -3.4e+38 -3.4e+38 -3.4e+38 -3.4e+38 -3.4e+38 -3.4e+38 -3.4e+38 -3.4e+38 -3.4e+38 -3.4e+38 -3.4e+38 -3.4e+38 -3.4e+38 -3.4e+38 -3.4e+38 -3.4e+38 -3.4e+38 -3.4e+38 24.3198337554932 24.3924999237061 24.5751667022705 24.8036670684814 24.9106674194336 24.8388328552246 24.8899993896484 24.8575000762939 25.0590000152588 25.0901660919189 25.1625003814697 25.2259998321533 25.3748340606689 25.3645000457764 25.0876655578613 24.8398323059082 24.8876667022705 24.9621658325195 24.9183330535889 25.0310001373291 25.0459995269775 25.1008338928223 25.2913341522217
-3.4e+38 -3.4e+38 -3.4e+38 -3.4e+38 -3.4e+38 -3.4e+38 -3.4e+38 -3.4e+38 -3.4e+38 -3.4e+38 -3.4e+38 -3.4e+38 -3.4e+38 -3.4e+38 -3.4e+38 -3.4e+38 -3.4e+38 -3.4e+38 -3.4e+38 -3.4e+38 -3.4e+38 -3.4e+38 -3.4e+38 -3.4e+38 -3.4e+38 -3.4e+38 24.7385005950928 24.8596668243408 24.7609996795654 24.621166229248 24.344165802002 24.708833694458 24.8715000152588 25.0991668701172 25.2026672363281 -3.4e+38 -3.4e+38 25.2408332824707 25.0771675109863 24.9531669616699 25.0108337402344 25.1129989624023 25.2454986572266 25.3106670379639 25.2369995117188 -3.4e+38 -3.4e+38
-3.4e+38 -3.4e+38 -3.4e+38 -3.4e+38 -3.4e+38 -3.4e+38 -3.4e+38 -3.4e+38 -3.4e+38 -3.4e+38 -3.4e+38 -3.4e+38 -3.4e+38 -3.4e+38 -3.4e+38 -3.4e+38 -3.4e+38 -3.4e+38 -3.4e+38 -3.4e+38 -3.4e+38 -3.4e+38 -3.4e+38 -3.4e+38 -3.4e+38 -3.4e+38 24.5681667327881 24.622501373291 24.4769992828369 23.9248332977295 24.4471664428711 24.7014999389648 24.7465000152588 25.054666519165 25.2180004119873 -3.4e+38 -3.4e+38 25.2316665649414 25.1944999694824 25.1046676635742 25.0779991149902 25.2093334197998 25.3759994506836 25.3763332366943 -3.4e+38 -3.4e+38 -3.4e+38
