rasters/Chad_CLYPPT_M_sl2_250m_ll.asc
NCOLS 126 
NROWS 192 
XLLCORNER 13.449183796 
YLLCORNER 7.455566751 
CELLSIZE 0.0836128775793651 
NODATA_value -9999 
[rows 22 to 43 of 192, columns 51 to 101 of 126]
13.6458953373002 18.6191406249996 15.2575334821436 15.7946428571412 12.0574776785616 20.2248883928576 22.719897073411 22.4450334821441 18.4722222222213 23 24.4906994047613 18.6626984126991 18.1533978174604 13.4559151785708 13.9321676587273 17.0501302083337 20.7477678571397 2.10810391865104 3.11244419642723 0 2.68129960317477 0.0242125496033068 10.5996093749981 5.95715525793989 1 -9999 -9999 -9999 -9999 -9999 -9999 -9999 -9999 -9999 -9999 -9999 -9999 -9999 -9999 -9999 -9999 -9999 -9999 -9999 -9999 -9999 -9999 -9999 -9999 -9999 -9999
17 12.3700086805565 10.3132957175932 20.0348462301592 9.00133308531722 14.8008535879663 19.2001694775149 24.0199962797621 23 23.3996052413992 22.6629774305573 22.0075541501322 20.0674603174602 15.6416480654779 20.7760416666688 15.4784432870362 17.0439918154759 2.77094700727505 0 1 9.20751694774942 10.3043878141505 10.3066406249977 1.82625454695938 1.8880208333344 2.09198288690405 0.00488797949736556 -9999 -9999 -9999 -9999 -9999 -9999 -9999 -9999 -9999 -9999 -9999 -9999 -9999 -9999 -9999 -9999 -9999 -9999 -9999 -9999 -9999 -9999 -9999 -9999
17.4754567625661 13.7499999999983 15.3808800429897 17.4620329034412 11.532986111122 15.3331163194445 14.742063492062 20.9153645833325 22.2939814814797 19.5548838458962 26.2303137400788 21.1868592923274 22.6533978174621 19.6316654265885 21.0931092923279 11.3418692129629 1.26729910714509 1.25793650793629 9.07492146164925 4.69174727182238 7.41406249999808 11.4868034887591 8.46831597222203 1.06189029431195 1.59175553902163 1 0 0.987402860449902 3 -9999 -9999 -9999 -9999 -9999 -9999 -9999 -9999 -9999 -9999 -9999 -9999 -9999 -9999 -9999 -9999 -9999 -9999 -9999 -9999 -9999 -9999
15.0211743551589 16.0957031249996 16.6351066468266 17.860026041667 19.9980468750003 21 27.6295572916675 19.2438616071431 17.7894965277767 21.1732390873031 25.4311755952394 21.6044146825408 22.0221354166666 17.8691406250003 15.1179005456364 12.9424913194443 2.75641741071621 10.0236855158741 14.5892237103193 11.9880952380939 12 14.8360925099193 10.0683593749999 3 0 0 1.83593750000049 1.09126984126906 2.18908110119113 1 0 -9999 -9999 -9999 -9999 -9999 -9999 -9999 -9999 -9999 -9999 -9999 -9999 -9999 -9999 -9999 -9999 -9999 -9999 -9999 -9999
16.3435536541011 17 20.66195436508 19.9413545800254 21.4068700396778 17.512380125662 23.9628492890188 23.1115141369041 22.9102285879632 22.275442294975 24.8360925099209 22.5618179563495 14.8227203207673 22.5182911706359 20.1994150958977 3.76265914351758 1.64109002976136 8.27026496362538 10.8383556547658 14.6197916666669 17.9441757605823 8.12106274801633 0.190104166666556 1.08524512235454 0 0.665271577382227 1 2 0.190104166666556 0.828993055556771 0.780433614417952 1.29889012896843 3 -9999 -9999 -9999 -9999 -9999 -9999 -9999 -9999 -9999 -9999 -9999 -9999 -9999 -9999 -9999 -9999 -9999 -9999
18 17.9750434027799 17.1552476025135 17.8473255621686 24.5184771825468 24.969153025791 20.7560247189135 21.5704055059533 19.7199074074081 24.3712900959034 23.1861669146842 24.2690248842598 20.2028769841243 13.9493737599191 16.5534474206366 3.58629918981441 2.86876860119035 21.6445209160062 19.7881117724867 9.3184213789625 14.7203827711635 8.18691096229971 0.873914930555305 2.91912615740821 1 0.139973958332073 1.21614583333397 0.28768807870367 0 2 0 0 2 0.371672453702646 0.208426339286542 -9999 -9999 -9999 -9999 -9999 -9999 -9999 -9999 -9999 -9999 -9999 -9999 -9999 -9999 -9999 -9999
20.2671750992054 21.8841145833332 17.6978856646821 18.1112661210314 23.7459077380979 18.7578125000006 24.3127170138892 22.4204799107155 21.9157986111082 25.255611359128 24.2023809523805 17.7265624999981 7.46450272817594 1.54538690475861 13.2659350198394 1 0.392857142858361 0.375186011904341 16.3392547122977 11.4966517857145 14.7774677579372 12.6009734623026 8.5097656249981 3.09762524801715 11.8337363591274 2 2.81203497023935 0.402622767855182 0.828590029761268 2 1.24218749999936 2.47814360119076 0.242187499999361 3 2.97293526785786 3.59827628968382 0.526258680555461 -9999 -9999 -9999 -9999 -9999 -9999 -9999 -9999 -9999 -9999 -9999 -9999 -9999 -9999
21.207857969576 23.534288194449 17.1197399966895 22.5168857473546 24.9936135912709 22 15.2178509424619 14.3989025297654 19.740451388889 24.9095258763221 20 15.6149450231474 20.9506345072753 9.9604724702388 11.2023499503987 0.959346064813486 1.89462425595165 12.5364583333354 12.1782097387588 14 9.8531746031752 2.51208043981365 9.5284288194456 2 0 1.82142857143003 0 1.75625206679779 1.86749751984382 0 3 2 2.17132729827925 1.90079365079465 2 0.170634920635381 1 0.731770833332299 0.310712218915162 -9999 -9999 -9999 -9999 -9999 -9999 -9999 -9999 -9999 -9999 -9999 -9999
22.0369543650793 23.1716579861108 24.2817460317469 21.6489541997347 23.1073908730184 23 22.3053282076718 19.4373139880963 18.8168402777819 20 23.4880332341261 13.6639074900787 7.81168361441937 16.0697544642863 14.5718419312179 12.8381799768515 21.4915364583319 18.7342406580682 13.0564442790977 9.99159846230061 12.7927620701066 7.70572916666696 3.58832465277801 3.38927124669295 2.9077484292329 3.87397693452479 0.705729166666956 1.81746031746189 0.159629216270365 0 4.14596767526444 1 2.70572916666696 1.29427083333304 1.03571428571331 0 0.215639467593182 0.394872271825616 0 0 2 -9999 -9999 -9999 -9999 -9999 -9999 -9999 -9999 -9999 -9999
19.6250930059527 21.3404947916678 24.2064422123001 18.4064050099203 22.3045944940504 25.0394035218255 21.597067212301 18.4614955357147 24.3009982638875 24.5805431547603 24.6679687500006 11.006789434524 22 13.8314732142849 17.6614273313513 10.4544270833318 16.7625558035702 13.5782490079364 9.48753720237906 8.31175595238006 0.0997953869043435 0.511811755953018 0.566406250000695 3.37490699404725 1 0.679687499999907 1 0 2.32031250000009 0 1.32031250000009 2 0.0749937996027889 2.32031250000009 0 1.94534350198396 0.83355034722348 0.179222470238173 0 4.61752852182905 3.57449776785646 2.65984623015918 2 -9999 -9999 -9999 -9999 -9999 -9999 -9999 -9999
20.5515873015868 22.0703125000012 22.0646081349192 18.2310061177224 17.6885850694439 22.3037471064808 24 22.1247209821421 22.8912037037047 20.5199859457673 4.49457465277303 16.6095506779107 21.3022590112428 8.2098214285748 13.346354166666 11.8576388888854 16.5566406249986 11.9700934193134 11.4502211474897 11.3184213789644 2.41658399471022 2.03297577711799 2.20203993055499 1.84469039351864 2.8914207175928 1 0.0285321593918985 1 0.226190476191126 2.77871817129625 2 2.26190476190444 2.19331803902121 1.28150834986768 1.34635416666603 0 2.04079861110976 2.36573040674644 0.575396825396474 2 2 2 2.80329241071349 5 5.1333188657404 -9999 -9999 -9999 -9999 -9999 -9999
16.5366340112442 15.7322048611106 18.9857287533056 17.7850942460339 18.0030381944439 16.1466083829366 21.257936507938 20 16.4216579861149 17.6191819609781 20.8718067956343 0 23.0674603174602 4.30921378968465 12.4119853670595 20.0998263888882 18.2379092261917 11.5158730158726 10.3324136078038 2.37682911706379 0.519221230157922 3 3 1.65382151124356 2.11674313822744 1.69410342261868 1 0.0912698412690563 0.141958085317916 2 4 2 2 2 4.35909598214301 2 2.43583622685155 3.37239583333312 3.78572461970925 1.80941013558054 3 1.26998594576721 3 5 4 5.62760416666688 0.884734623016544 -9999 -9999 -9999 -9999
17.0666232638895 18.6490885416671 16.508463541668 8.60156249999979 20.8111979166646 23.324435763889 20.6563740079382 25.3493303571447 23.6825086805551 20.6015624999998 12.8039434523803 15.682198660714 0 10.2462797619045 3.20355902777541 14.0588107638879 13.0055803571419 12.4086681547614 21.2521391369038 0.393694196428232 7.39623635912757 7.53847346229632 1 1 3.18858506944436 1.29101562500113 2 1.03636532738066 1.44438244047644 1 1.29839409722218 0.989490327381347 0 3.39843750000021 2.97851562500059 2.10264756944469 3 2.30896577380994 4.39843750000021 1.39843750000021 1.93833705357104 1.58962673611123 0 1 4 2.43812003968167 3.26088169642839 4.79687500000043 2.95464409722142 -9999 -9999
15.0593791335974 17.5203993055548 15.5449942129613 14.3239810681236 18.4262772817456 19.9383370535715 26.0570539847862 24.844308035716 21.5193865740747 23.9820291831987 12.4590463789686 19.177341683201 14.4692356977516 6.45802331349006 0.762793485448663 3.59461805555419 14.1351376488113 14.1484478339946 12.3480696097911 8.19990079365389 1.78663401124348 1.58662987764593 0.176866319444651 1 2.13307084986769 0.472749255953292 0.855551421957588 2 2 1.20782696759186 2 2 1.55922412367645 2 2 1 3.69444444444373 1.32201760912708 0 2 2 0 1 0.681640625000787 2 2.50299685846553 6 4.36343625992423 7 0.600787450396939 1
16.5515873015868 14.9789496527763 18.4784019510584 18 19.0184461805524 19.3950996197091 22.4505208333336 25.4124813988074 21.8089554398139 19.6293196097874 24.0789310515869 12.8706493882282 8.32596519510651 9.63287450396831 17.5107370205011 10.5745081018524 9.62751116071525 17.6175801917999 18.7641472387532 3.25762648808892 0 3.87306754298896 1 1.69691426918031 1.51845651455016 1.90187872023895 1 2 0.875713045634631 2 3.77652736441779 2.1662636408732 2 2 2.43443080357215 1 2.30555555555627 1 1 1.45052083333363 0 0 1 0.41210937499884 3.32405340608473 6.43264302248755 6.54947916666637 6.32588252314503 2 1.57629588293626 1
15.5024181547619 15.1985677083335 10.1811445932547 13.483444940476 17.4996279761948 22.9413752480158 23.4277343750026 26.6071428571416 24.7792968750013 16.3626922123014 12.1834077380947 16.0706225198412 9.01996527777872 14.5296688988087 13.1861359126976 9.00434027777851 6.08370535714143 17.9652157738092 12.4823288690474 10.5410156250023 1.52343750000021 2 0.198567708333515 1 2.13470362103153 3 0.0208023313494421 1.04867311507816 0 2.28754340277818 2.25964161706365 3.6136532738092 0 0 1.54045758928546 1 1 2.76943824404757 1 3.04882812500397 1 0.467106894841319 1 1.65429687500116 7.52343750000021 10 3 2 2 0 0
18.2743572255287 11.5026041666669 16.1416067294978 17.9992352843915 9.50254216269863 23.0657552083338 17.1533254795018 23.7973400297608 25.0279224537047 22.5060557209 20.9021577380942 18.0775256283076 14.4582816633592 22.3956783234126 24.0059833829381 16.0052083333338 15.5903087797638 10.1098193617725 7.88219246031933 9.97619047618772 0 0.360997437169044 1 0.274357225528751 0 1.17857142856997 0 1.45199859457692 3 3.1796151620363 3 1.49739583333312 3 0.502087466931393 0.484654017857838 0.583157655423335 0.305555555556266 2 2 1 2.4248201884918 3.4875268683863 2 8 3 3.21888434193192 0.674324156746575 3.18767567791326 1 0 0
19.2113611937834 14.1321614583342 20.0161416997354 11.8531746031752 9.4657428075409 6.93362475198509 18.665002893519 30.3646763392843 25.5295138888874 24.2356047453703 19.5574466765858 16.5070167824076 20.4929832175924 14.9046068948414 21.9620329034396 18.2496383101846 12.7857142857167 7.54342344576679 5.24603174602886 1.06715029761969 9.90341848544832 0 0 0 0 1.51841517857134 2 2 3.2451636904758 2.33774594907461 3.49603174603185 1 1 1 0.490234374999738 1.39092468584656 2 1 1 1 1 2 3 0.367838541669241 2 0.519841269840729 1.34613715277718 2.11118344907298 0.599723048942852 1.03146701388892 1.09165219907484
18.0031001984133 16.4453124999999 16.6816716269876 7.55468750000012 8.55998883928493 19.5546875000001 12.8690476190497 27.4453124999999 23.2888454861098 28.2951078869042 23.4010416666665 20.0975012400792 20.939918154762 19.8877418154764 23.0066034226208 12.3359374999996 13.1085379464291 0.143074156745943 7.60946800595184 14.3160342261878 0 0 0.231119791667032 0 3 1.55468750000012 2.44531249999988 1.44531249999988 2 3.68511284722135 3 1 0.104259672618453 1 0 0.829365079364619 2 0 0 0.523003472222578 1.08584449404813 1.56352306547607 2 0.138671875000976 1.68235367063537 3.42330109127032 6.26311383928627 6.95231894840904 1.52111235119 2 3.63975694444584
19.2604063326725 16.4839409722233 18.3011429398141 10.208385003306 0 0 20.85697751323 23.0898437499989 27.4356915509266 27.6902075066107 22.2350570436505 16.4740926752652 20.7301587301593 16.7210131448404 22.9405485284374 18.4955150462961 18.8788132440482 11.0666232638897 9.58072916666717 12.573815724206 10.5807291666672 1.85577876983909 0 0 0 0.580729166667169 1.62437996031848 2.47227389219486 2 0.267867476852087 1 0.419270833332832 1 1.04159432870323 0.0357142857133112 0 0.694444444443734 0 2 2 1 2 0.628978587963521 1 0 4.14042865409947 2 1.54677166005352 1.22620081018315 2 3
17.9008866567465 18.1245659722223 17.6236565806898 15.0577360284389 6.5920448908689 6.22183986441743 12.5497375165351 24.3924851190503 24.1638454861099 24.0517319775135 22.8772011408732 22.7743365575393 17.9325396825398 16.2931237599209 16.975022734787 13 9.7612537202387 13.944919808201 9.3289723875638 6.78177703372919 8.86505869708788 9.66762772817379 0 0.606770833333546 0 0 0 1 2.77380952380887 1 0 1 1.06703662367886 2.60677083333355 2.02167038690418 3.39322916666645 1 0.339502728174772 0.424603174603526 2.39322916666645 0.393229166666454 1 0 3.34830729166631 4 1.68457547949757 1 0.772176752644077 0 2.39322916666645 1
18.117497519841 20.7434895833347 11.1907862103182 0.0539124503965128 0 0 11.8851996527736 20.5901227678557 26.8138020833362 23.0641431051565 21.7438616071431 24.0426897321428 15.8197544642844 16.0265066964304 16.0222904265894 14.1605902777794 2.88448660715021 10.1971106150804 12.322017609127 12.3671874999994 12.2266245039695 0 1 0 0.198381696428755 2 3 2.05775669642813 2 0.595703124998752 2 1.39927455357173 3 3 2 1.65873015872924 3 3 1.36411830357157 3 1 1.26562500000128 1 0 0.141338045634575 0 0.585658482142952 1 1.66049727182649 1.30933779762031 0
