rasters/Chad_bio12.asc
NCOLS 126 
NROWS 192 
XLLCORNER 13.449183796 
YLLCORNER 7.455566751 
CELLSIZE 0.0836128775793651 
NODATA_value -3.4e+38 
[rows 114 to 151 of 192, columns 0 to 85 of 126]
-3.4e+38 -3.4e+38 212 210 214 219 221 222 223 221 221 219 218 217 216 215 217 216 218 219 221 221 222 224 224 224 225 224 226 226 225 226 227 227 231 230 232 235 237 240 243 245 247 251 254 259 264 267 274 278 282 288 291 295 300 304 306 310 309 310 308 308 307 304 300 296 291 285 284 283 279 280 284 288 296 304 313 322 331 337 341 344 348 351 356 362
-3.4e+38 -3.4e+38 220 220 221 224 227 229 229 228 228 226 225 224 223 223 225 224 226 228 228 229 230 233 232 232 235 235 234 234 234 234 234 237 240 240 240 243 245 249 252 255 260 262 267 272 275 281 286 291 297 303 307 313 317 320 323 325 327 328 326 325 323 318 315 311 305 302 297 294 295 296 298 303 310 318 326 337 347 354 358 361 362 366 370 375
-3.4e+38 -3.4e+38 231 228 230 230 234 234 235 236 235 232 233 232 231 231 232 232 234 236 236 238 240 241 241 242 243 243 243 243 243 245 245 247 247 249 250 252 254 259 263 266 270 274 278 283 287 293 298 305 312 317 321 327 335 341 345 346 347 345 345 342 340 336 331 327 320 317 312 311 309 309 311 316 322 331 340 351 362 369 374 376 378 380 388 384
-3.4e+38 -3.4e+38 -3.4e+38 238 239 238 241 243 243 243 240 239 239 239 237 238 238 237 240 245 244 247 248 249 251 252 252 253 253 253 253 253 254 256 257 256 258 261 264 267 272 275 280 285 289 293 299 304 310 318 325 331 338 348 354 359 365 367 367 369 368 364 360 356 350 344 338 332 329 325 327 325 324 326 332 341 351 360 369 377 385 388 389 391 393 397
-3.4e+38 -3.4e+38 -3.4e+38 -3.4e+38 248 249 250 251 249 247 243 244 242 242 239 241 240 242 249 253 253 254 256 260 262 263 262 264 264 263 264 264 263 266 266 268 270 273 276 278 281 285 289 295 300 304 311 314 323 331 339 346 356 365 373 381 388 392 392 392 389 386 381 375 367 362 357 349 346 341 339 341 338 338 346 351 361 370 379 387 394 396 398 403 413 408
-3.4e+38 -3.4e+38 -3.4e+38 -3.4e+38 259 263 260 258 254 252 249 248 244 243 241 243 243 246 253 258 260 264 266 269 271 272 274 274 273 273 273 275 276 277 278 278 282 286 289 291 293 296 301 306 309 316 321 326 335 344 352 362 373 383 395 401 411 414 418 416 413 407 400 393 387 378 371 367 361 358 355 353 353 352 355 362 370 380 386 395 400 406 411 417 418 423
-3.4e+38 -3.4e+38 -3.4e+38 -3.4e+38 -3.4e+38 269 267 263 260 261 258 255 253 251 251 248 250 254 256 262 264 268 276 278 283 283 286 287 285 283 286 285 287 289 294 294 295 298 300 302 306 309 312 317 321 326 331 337 347 356 365 378 390 400 415 426 435 441 441 437 432 426 419 412 405 397 389 384 379 373 369 366 364 363 365 371 380 388 395 404 412 414 418 423 426 435
-3.4e+38 -3.4e+38 -3.4e+38 -3.4e+38 -3.4e+38 -3.4e+38 274 271 270 270 269 264 263 261 259 260 260 262 268 269 272 276 282 290 293 295 294 295 295 296 298 299 301 302 305 308 308 310 312 315 317 321 323 327 330 335 341 348 359 370 381 392 404 420 433 449 459 470 469 462 453 445 439 430 422 414 406 401 394 388 385 382 377 374 374 381 387 397 404 410 418 425 432 436 436 442
-3.4e+38 -3.4e+38 -3.4e+38 -3.4e+38 -3.4e+38 -3.4e+38 -3.4e+38 284 282 279 276 274 272 267 268 269 269 275 277 284 287 291 295 302 304 305 305 308 308 308 309 311 312 317 317 320 325 325 326 329 329 332 333 336 340 345 352 361 371 384 395 407 419 434 450 464 481 495 491 481 473 462 455 448 439 431 424 417 410 405 398 394 389 391 391 398 403 411 416 422 428 435 442 443 449 457
-3.4e+38 -3.4e+38 -3.4e+38 -3.4e+38 -3.4e+38 -3.4e+38 -3.4e+38 294 291 289 286 285 289 286 285 280 281 284 289 293 299 305 309 313 314 316 316 316 317 319 321 323 324 327 331 333 335 337 340 339 343 345 344 348 351 355 362 372 385 396 411 422 434 448 461 478 493 506 503 496 488 482 473 465 455 446 438 435 428 421 412 411 406 406 407 412 421 423 430 438 442 444 447 454 460 463
-3.4e+38 -3.4e+38 -3.4e+38 -3.4e+38 -3.4e+38 -3.4e+38 -3.4e+38 -3.4e+38 -3.4e+38 -3.4e+38 -3.4e+38 -3.4e+38 295 296 295 293 294 296 301 305 313 317 321 324 326 326 327 329 329 330 332 333 335 341 344 348 349 351 352 356 358 357 360 360 364 366 375 384 397 410 423 434 443 460 477 489 501 509 511 506 502 495 488 479 469 461 456 450 444 439 433 431 423 424 428 431 437 438 445 453 457 456 459 468 473 479
-3.4e+38 -3.4e+38 -3.4e+38 -3.4e+38 -3.4e+38 -3.4e+38 -3.4e+38 -3.4e+38 -3.4e+38 -3.4e+38 -3.4e+38 -3.4e+38 -3.4e+38 306 302 302 306 309 314 322 327 330 333 334 338 338 338 338 341 342 343 344 348 354 358 363 366 367 369 373 373 373 375 379 378 381 389 403 409 422 436 443 455 472 485 498 507 515 517 515 512 506 498 490 485 478 472 465 459 454 452 447 441 444 443 448 448 453 461 468 469 470 472 480 485 488
-3.4e+38 -3.4e+38 -3.4e+38 -3.4e+38 -3.4e+38 -3.4e+38 -3.4e+38 -3.4e+38 -3.4e+38 -3.4e+38 -3.4e+38 -3.4e+38 -3.4e+38 320 321 321 321 326 332 339 345 345 348 348 349 350 350 349 350 351 353 357 361 369 373 377 381 382 384 388 387 390 392 396 399 402 408 419 425 434 445 456 468 482 494 505 510 517 522 522 519 516 511 506 501 493 486 480 475 470 468 465 458 455 459 461 463 466 477 482 484 486 492 491 494 499
-3.4e+38 -3.4e+38 -3.4e+38 -3.4e+38 -3.4e+38 -3.4e+38 -3.4e+38 -3.4e+38 -3.4e+38 -3.4e+38 -3.4e+38 -3.4e+38 -3.4e+38 -3.4e+38 338 336 337 341 347 352 358 359 361 361 360 360 361 360 360 362 364 368 373 383 386 392 394 398 403 402 405 405 408 412 414 416 419 431 437 445 456 468 480 493 502 513 519 525 528 530 532 529 524 519 515 509 501 496 490 487 482 478 476 472 476 480 482 485 489 492 497 502 505 507 512 514
-3.4e+38 -3.4e+38 -3.4e+38 -3.4e+38 -3.4e+38 -3.4e+38 -3.4e+38 -3.4e+38 -3.4e+38 -3.4e+38 -3.4e+38 -3.4e+38 -3.4e+38 -3.4e+38 -3.4e+38 -3.4e+38 351 354 362 365 367 371 370 373 371 371 372 373 372 374 375 380 384 396 402 406 415 418 418 418 422 422 427 429 431 437 435 442 454 460 468 480 490 501 511 517 526 530 535 539 539 540 535 532 528 522 515 511 506 503 498 494 491 490 490 495 494 495 499 503 513 515 518 521 524 527
-3.4e+38 -3.4e+38 -3.4e+38 -3.4e+38 -3.4e+38 -3.4e+38 -3.4e+38 -3.4e+38 -3.4e+38 -3.4e+38 -3.4e+38 -3.4e+38 -3.4e+38 -3.4e+38 -3.4e+38 -3.4e+38 -3.4e+38 374 376 380 384 384 383 385 385 384 383 384 384 385 387 391 396 409 415 423 430 436 437 435 437 438 443 443 447 451 454 460 465 473 482 492 499 510 518 525 534 540 544 550 551 551 549 542 540 534 529 527 520 517 513 510 508 506 505 509 511 510 512 517 523 527 529 534 537 540
-3.4e+38 -3.4e+38 -3.4e+38 -3.4e+38 -3.4e+38 -3.4e+38 -3.4e+38 -3.4e+38 -3.4e+38 -3.4e+38 -3.4e+38 -3.4e+38 -3.4e+38 -3.4e+38 -3.4e+38 -3.4e+38 -3.4e+38 390 393 397 398 397 398 397 397 394 394 394 395 394 397 401 406 423 429 438 443 448 450 452 456 457 458 460 463 467 477 479 484 489 496 502 510 520 527 535 543 548 551 559 561 559 560 559 552 549 542 539 535 533 529 528 527 525 523 521 522 523 525 526 533 537 541 543 543 549
-3.4e+38 -3.4e+38 -3.4e+38 -3.4e+38 -3.4e+38 -3.4e+38 -3.4e+38 -3.4e+38 -3.4e+38 -3.4e+38 -3.4e+38 -3.4e+38 -3.4e+38 -3.4e+38 -3.4e+38 -3.4e+38 -3.4e+38 412 409 411 414 414 414 411 410 406 406 404 404 404 406 411 419 432 440 449 461 463 467 468 472 474 477 478 483 486 493 497 499 504 511 517 527 530 540 543 551 558 561 569 573 576 576 574 570 567 559 554 550 549 545 543 542 540 536 532 533 536 537 540 544 550 553 558 560 558
-3.4e+38 -3.4e+38 -3.4e+38 -3.4e+38 -3.4e+38 -3.4e+38 -3.4e+38 -3.4e+38 -3.4e+38 -3.4e+38 -3.4e+38 -3.4e+38 -3.4e+38 -3.4e+38 -3.4e+38 -3.4e+38 -3.4e+38 -3.4e+38 430 428 428 428 427 425 420 418 416 413 414 415 415 419 426 446 455 464 472 478 481 485 489 492 495 495 501 503 507 512 518 521 528 534 535 541 549 552 560 566 575 579 585 591 591 591 590 586 576 570 567 567 563 556 557 556 549 546 546 548 551 556 558 562 563 569 572 572
-3.4e+38 -3.4e+38 -3.4e+38 -3.4e+38 -3.4e+38 -3.4e+38 -3.4e+38 -3.4e+38 -3.4e+38 -3.4e+38 -3.4e+38 -3.4e+38 -3.4e+38 -3.4e+38 -3.4e+38 -3.4e+38 -3.4e+38 -3.4e+38 448 449 445 444 442 437 433 429 425 424 424 423 424 428 435 457 467 477 486 492 499 506 509 511 521 522 525 522 525 528 533 541 542 549 551 554 558 565 570 576 584 596 605 608 611 612 604 602 597 587 582 584 575 568 566 565 558 558 558 561 566 568 571 573 577 581 584 585
-3.4e+38 -3.4e+38 -3.4e+38 -3.4e+38 -3.4e+38 -3.4e+38 -3.4e+38 -3.4e+38 -3.4e+38 -3.4e+38 -3.4e+38 -3.4e+38 -3.4e+38 -3.4e+38 -3.4e+38 -3.4e+38 -3.4e+38 -3.4e+38 472 471 464 460 458 454 447 441 440 436 436 433 431 436 446 469 478 490 501 509 517 528 531 536 544 551 546 549 547 549 553 555 557 558 561 565 571 576 583 589 600 605 618 627 633 624 617 618 612 604 596 594 588 583 578 573 570 568 569 574 578 582 585 590 592 593 597 598
-3.4e+38 -3.4e+38 -3.4e+38 -3.4e+38 -3.4e+38 -3.4e+38 -3.4e+38 -3.4e+38 -3.4e+38 -3.4e+38 -3.4e+38 -3.4e+38 -3.4e+38 -3.4e+38 -3.4e+38 -3.4e+38 -3.4e+38 -3.4e+38 490 504 486 477 472 467 459 454 452 449 446 443 441 449 458 483 495 506 513 529 537 548 554 560 571 575 572 576 576 572 574 572 569 569 569 574 581 589 593 602 609 620 627 638 644 635 629 628 625 615 611 610 604 599 592 586 583 581 583 588 592 596 600 604 608 610 612 613
-3.4e+38 -3.4e+38 -3.4e+38 -3.4e+38 -3.4e+38 -3.4e+38 -3.4e+38 -3.4e+38 -3.4e+38 -3.4e+38 -3.4e+38 -3.4e+38 -3.4e+38 -3.4e+38 -3.4e+38 -3.4e+38 -3.4e+38 -3.4e+38 -3.4e+38 -3.4e+38 499 493 485 480 471 469 464 461 460 458 457 464 475 501 510 523 531 546 556 567 578 587 596 600 601 596 596 594 590 585 587 582 582 584 588 593 600 608 620 629 634 642 644 643 638 640 636 630 625 620 617 616 609 603 601 598 601 604 608 613 615 620 622 621 624 622
-3.4e+38 -3.4e+38 -3.4e+38 -3.4e+38 -3.4e+38 -3.4e+38 -3.4e+38 -3.4e+38 -3.4e+38 -3.4e+38 -3.4e+38 -3.4e+38 -3.4e+38 -3.4e+38 -3.4e+38 -3.4e+38 -3.4e+38 -3.4e+38 -3.4e+38 -3.4e+38 507 507 500 492 487 483 480 476 476 478 480 483 491 516 526 541 552 564 578 590 598 612 620 625 627 623 621 614 609 603 600 597 595 596 601 610 603 612 627 634 641 644 648 648 649 649 645 641 638 632 631 633 628 624 619 620 621 624 629 633 634 636 638 638 636 634
-3.4e+38 -3.4e+38 -3.4e+38 -3.4e+38 -3.4e+38 -3.4e+38 -3.4e+38 -3.4e+38 -3.4e+38 -3.4e+38 -3.4e+38 -3.4e+38 -3.4e+38 -3.4e+38 -3.4e+38 -3.4e+38 -3.4e+38 -3.4e+38 -3.4e+38 -3.4e+38 517 515 512 503 501 497 494 494 494 495 499 505 511 531 545 559 570 581 597 612 624 636 647 653 654 650 641 635 628 620 614 611 609 610 613 618 610 626 631 639 646 653 657 659 659 660 660 655 653 649 647 646 641 643 641 640 643 647 650 654 657 654 656 654 652 649
-3.4e+38 -3.4e+38 -3.4e+38 -3.4e+38 -3.4e+38 -3.4e+38 -3.4e+38 -3.4e+38 -3.4e+38 -3.4e+38 -3.4e+38 -3.4e+38 -3.4e+38 -3.4e+38 -3.4e+38 -3.4e+38 -3.4e+38 -3.4e+38 -3.4e+38 -3.4e+38 528 527 524 522 514 513 511 509 512 513 519 524 532 549 563 576 590 603 618 633 647 659 671 682 682 675 664 656 645 638 630 626 627 622 625 631 633 635 642 649 654 660 664 666 669 670 672 669 668 663 660 663 660 660 662 663 664 669 671 675 670 668 672 669 665 660
-3.4e+38 -3.4e+38 -3.4e+38 -3.4e+38 -3.4e+38 -3.4e+38 -3.4e+38 -3.4e+38 -3.4e+38 -3.4e+38 -3.4e+38 -3.4e+38 -3.4e+38 -3.4e+38 -3.4e+38 -3.4e+38 -3.4e+38 -3.4e+38 -3.4e+38 -3.4e+38 542 540 539 535 527 528 525 526 528 531 536 541 550 571 580 591 605 620 635 650 664 678 692 701 701 693 684 672 664 653 646 641 641 640 640 640 644 646 651 660 664 669 673 676 679 678 681 684 680 677 675 678 679 682 684 685 688 691 692 692 689 689 688 693 684 677
-3.4e+38 -3.4e+38 -3.4e+38 -3.4e+38 -3.4e+38 -3.4e+38 -3.4e+38 -3.4e+38 -3.4e+38 -3.4e+38 -3.4e+38 -3.4e+38 -3.4e+38 -3.4e+38 -3.4e+38 -3.4e+38 -3.4e+38 -3.4e+38 -3.4e+38 -3.4e+38 560 558 556 548 543 542 540 538 543 546 551 560 566 585 596 609 621 632 649 665 681 694 706 710 710 703 693 686 679 669 663 657 656 651 649 650 653 657 665 671 674 679 685 686 687 689 691 694 694 693 693 697 698 700 705 707 711 713 715 709 707 708 704 701 693 691
-3.4e+38 -3.4e+38 -3.4e+38 -3.4e+38 -3.4e+38 -3.4e+38 -3.4e+38 -3.4e+38 -3.4e+38 -3.4e+38 -3.4e+38 -3.4e+38 -3.4e+38 -3.4e+38 -3.4e+38 -3.4e+38 -3.4e+38 -3.4e+38 -3.4e+38 -3.4e+38 -3.4e+38 575 576 565 559 556 552 555 557 563 568 574 584 600 611 624 634 647 662 675 690 703 711 715 714 710 703 694 691 684 678 673 668 666 665 666 669 672 677 682 685 691 694 696 699 701 704 712 714 714 712 713 717 721 725 729 732 737 737 729 723 719 715 712 707 704
-3.4e+38 -3.4e+38 -3.4e+38 -3.4e+38 -3.4e+38 -3.4e+38 -3.4e+38 -3.4e+38 -3.4e+38 -3.4e+38 -3.4e+38 -3.4e+38 -3.4e+38 -3.4e+38 -3.4e+38 -3.4e+38 -3.4e+38 -3.4e+38 -3.4e+38 -3.4e+38 589 589 588 580 569 565 563 566 570 579 583 590 599 615 628 638 649 661 675 687 696 710 718 721 720 716 710 705 702 697 689 686 682 680 680 683 685 690 689 692 698 701 702 706 712 713 718 724 728 730 726 730 733 740 745 750 755 759 753 747 743 738 733 729 726 721
-339999999999999996123846586046231871488.000000000000000 -3.4e+38 -3.4e+38 -3.4e+38 -3.4e+38 -3.4e+38 -3.4e+38 -3.4e+38 -3.4e+38 -3.4e+38 -3.4e+38 -3.4e+38 -3.4e+38 -3.4e+38 -3.4e+38 -3.4e+38 -3.4e+38 -3.4e+38 -3.4e+38 -3.4e+38 601 595 593 591 582 575 577 579 586 590 598 603 613 631 640 653 664 675 686 697 707 716 723 725 725 723 720 716 710 709 702 700 699 695 696 701 699 704 705 708 711 715 718 720 723 725 729 733 740 741 742 743 747 753 757 767 772 774 771 764 757 753 749 743 739 734
-3.4e+38 -3.4e+38 -3.4e+38 -3.4e+38 -3.4e+38 -3.4e+38 -3.4e+38 -3.4e+38 -3.4e+38 -3.4e+38 -3.4e+38 -3.4e+38 -3.4e+38 -3.4e+38 -3.4e+38 -3.4e+38 -3.4e+38 -3.4e+38 -3.4e+38 -3.4e+38 610 604 602 600 598 586 589 592 599 604 615 622 629 646 659 668 677 688 697 707 714 723 729 732 729 731 730 726 722 719 718 711 711 709 712 717 721 718 721 723 726 729 730 735 737 737 740 744 749 750 754 758 761 767 775 777 784 786 782 781 774 769 762 755 752 747
-3.4e+38 -3.4e+38 -3.4e+38 -3.4e+38 -3.4e+38 -3.4e+38 -3.4e+38 -3.4e+38 -3.4e+38 -3.4e+38 -3.4e+38 -3.4e+38 -3.4e+38 -3.4e+38 -3.4e+38 -3.4e+38 -3.4e+38 -3.4e+38 -3.4e+38 626 622 616 612 611 609 604 604 609 614 621 627 635 646 661 670 684 690 702 708 716 723 729 735 739 739 738 738 736 732 729 728 728 724 721 723 725 733 734 737 740 744 745 744 746 748 749 753 752 757 759 765 771 776 777 785 788 791 795 794 791 789 782 775 769 763 758
-3.4e+38 -3.4e+38 -3.4e+38 -3.4e+38 -3.4e+38 -3.4e+38 -3.4e+38 -3.4e+38 -3.4e+38 -3.4e+38 -3.4e+38 -3.4e+38 -3.4e+38 -3.4e+38 -3.4e+38 -3.4e+38 -3.4e+38 -3.4e+38 -3.4e+38 639 634 625 622 622 622 616 620 625 631 635 640 649 658 675 686 695 704 711 719 726 733 737 741 745 746 746 745 744 742 742 739 744 743 737 737 738 745 748 750 752 755 755 758 760 762 765 767 768 768 769 774 781 786 788 792 798 798 803 802 800 797 792 787 779 774 767
-3.4e+38 -3.4e+38 -3.4e+38 -3.4e+38 -3.4e+38 -3.4e+38 -3.4e+38 -3.4e+38 -3.4e+38 -3.4e+38 -3.4e+38 -3.4e+38 -3.4e+38 -3.4e+38 -3.4e+38 -3.4e+38 -3.4e+38 -3.4e+38 -3.4e+38 651 645 638 635 634 638 635 638 640 643 652 658 664 672 690 697 705 716 722 729 736 743 745 750 752 755 756 755 754 755 754 751 749 756 755 748 752 758 760 761 762 769 770 772 772 775 775 776 779 780 783 788 791 791 795 801 806 806 808 808 807 808 808 794 787 782 776
-3.4e+38 -3.4e+38 -3.4e+38 -3.4e+38 -3.4e+38 -3.4e+38 -3.4e+38 -3.4e+38 -3.4e+38 -3.4e+38 -3.4e+38 -3.4e+38 -3.4e+38 -3.4e+38 -3.4e+38 -3.4e+38 -3.4e+38 -3.4e+38 -3.4e+38 -3.4e+38 660 649 645 647 652 656 654 653 657 664 671 681 688 704 711 721 729 736 741 746 753 755 759 759 762 765 766 765 765 764 763 761 763 761 766 769 773 773 775 775 783 784 781 784 785 787 790 791 793 799 802 802 805 804 811 813 816 817 815 815 812 811 803 795 789 785
-3.4e+38 -3.4e+38 -3.4e+38 -3.4e+38 -3.4e+38 -3.4e+38 -3.4e+38 -3.4e+38 -3.4e+38 -3.4e+38 -3.4e+38 -3.4e+38 -3.4e+38 -3.4e+38 -3.4e+38 -3.4e+38 -3.4e+38 -3.4e+38 -3.4e+38 -3.4e+38 669 661 657 658 661 666 671 673 674 678 688 695 704 721 725 735 741 745 753 757 762 765 769 770 774 772 777 777 776 774 773 773 774 776 779 782 784 786 787 792 800 798 793 793 795 796 800 803 804 808 813 814 815 817 817 820 823 822 822 824 821 816 809 803 799 792
-3.4e+38 -3.4e+38 -3.4e+38 -3.4e+38 -3.4e+38 -3.4e+38 -3.4e+38 -3.4e+38 -3.4e+38 -3.4e+38 -3.4e+38 -3.4e+38 -3.4e+38 -3.4e+38 -3.4e+38 -3.4e+38 -3.4e+38 -3.4e+38 -3.4e+38 -3.4e+38 678 671 667 668 672 677 678 680 691 695 700 709 718 734 740 750 754 761 764 768 771 775 777 779 781 784 783 785 783 785 785 785 787 786 791 791 796 797 803 808 806 810 803 805 808 808 810 811 814 814 820 822 823 828 827 826 829 830 835 831 824 818 816 812 804 802
