rasters/Chad_bio12.asc
NCOLS 126 
NROWS 192 
XLLCORNER 13.449183796 
YLLCORNER 7.455566751 
CELLSIZE 0.0836128775793651 
NODATA_value -3.4e+38 
[rows 38 to 75 of 192, columns 0 to 85 of 126]
-3.4e+38 -3.4e+38 -3.4e+38 -3.4e+38 -3.4e+38 -3.4e+38 -3.4e+38 -3.4e+38 -3.4e+38 -3.4e+38 -3.4e+38 -3.4e+38 -3.4e+38 -3.4e+38 -3.4e+38 -3.4e+38 -3.4e+38 -3.4e+38 -3.4e+38 -3.4e+38 -3.4e+38 -3.4e+38 -3.4e+38 -3.4e+38 -3.4e+38 -3.4e+38 -3.4e+38 -3.4e+38 -3.4e+38 -3.4e+38 123 124 124 128 122 116 107 100 90 83 80 72 71 67 69 63 72 73 64 49 44 37 37 37 31 31 40 72 102 110 67 48 38 37 32 25 17 15 13 10 9 12 9 8 8 5 5 5 5 5 5 5 5 4 4 4
-3.4e+38 -3.4e+38 -3.4e+38 -3.4e+38 -3.4e+38 -3.4e+38 -3.4e+38 -3.4e+38 -3.4e+38 -3.4e+38 -3.4e+38 -3.4e+38 -3.4e+38 -3.4e+38 -3.4e+38 -3.4e+38 -3.4e+38 -3.4e+38 -3.4e+38 -3.4e+38 -3.4e+38 -3.4e+38 -3.4e+38 -3.4e+38 -3.4e+38 -3.4e+38 -3.4e+38 -3.4e+38 -3.4e+38 112 116 119 122 120 112 105 102 94 88 81 75 71 68 67 66 64 64 60 66 55 44 38 34 35 32 32 38 57 82 120 88 47 40 37 34 27 17 13 12 12 10 9 9 9 8 8 5 5 5 5 5 5 5 5 5 4
-3.4e+38 -3.4e+38 -3.4e+38 -3.4e+38 -3.4e+38 -3.4e+38 -3.4e+38 -3.4e+38 -3.4e+38 -3.4e+38 -3.4e+38 -3.4e+38 -3.4e+38 -3.4e+38 -3.4e+38 -3.4e+38 -3.4e+38 -3.4e+38 -3.4e+38 -3.4e+38 -3.4e+38 -3.4e+38 -3.4e+38 -3.4e+38 -3.4e+38 -3.4e+38 -3.4e+38 -3.4e+38 -3.4e+38 108 110 116 116 108 102 101 99 92 86 80 75 69 67 65 64 64 61 59 62 56 52 39 35 34 35 33 36 49 58 94 90 50 40 36 31 22 15 12 12 15 14 10 9 8 8 8 5 5 5 5 5 5 5 5 5 5
-3.4e+38 -3.4e+38 -3.4e+38 -3.4e+38 -3.4e+38 -3.4e+38 -3.4e+38 -3.4e+38 -3.4e+38 -3.4e+38 -3.4e+38 -3.4e+38 -3.4e+38 -3.4e+38 -3.4e+38 -3.4e+38 -3.4e+38 -3.4e+38 -3.4e+38 -3.4e+38 -3.4e+38 -3.4e+38 -3.4e+38 -3.4e+38 -3.4e+38 -3.4e+38 -3.4e+38 -3.4e+38 102 105 111 113 110 102 101 99 99 91 83 80 74 67 66 62 61 59 60 60 62 59 65 49 37 32 31 31 33 43 63 111 123 76 50 35 24 19 15 12 11 11 12 10 9 8 8 8 8 5 5 5 5 5 5 5 5 4
-3.4e+38 -3.4e+38 -3.4e+38 -3.4e+38 -3.4e+38 -3.4e+38 -3.4e+38 -3.4e+38 -3.4e+38 -3.4e+38 -3.4e+38 -3.4e+38 -3.4e+38 -3.4e+38 -3.4e+38 -3.4e+38 -3.4e+38 -3.4e+38 -3.4e+38 -3.4e+38 -3.4e+38 -3.4e+38 -3.4e+38 -3.4e+38 -3.4e+38 -3.4e+38 -3.4e+38 -3.4e+38 99 102 106 107 103 101 100 99 94 88 81 77 71 67 64 62 60 57 57 60 59 55 50 51 43 33 32 31 36 46 71 128 160 120 61 36 22 18 14 12 11 10 9 9 10 8 8 8 8 5 5 5 5 5 5 5 5 4
-3.4e+38 -3.4e+38 -3.4e+38 -3.4e+38 -3.4e+38 -3.4e+38 -3.4e+38 -3.4e+38 -3.4e+38 -3.4e+38 -3.4e+38 -3.4e+38 -3.4e+38 -3.4e+38 -3.4e+38 -3.4e+38 -3.4e+38 -3.4e+38 -3.4e+38 -3.4e+38 -3.4e+38 -3.4e+38 -3.4e+38 -3.4e+38 -3.4e+38 -3.4e+38 -3.4e+38 -3.4e+38 96 99 103 102 101 99 98 97 93 85 80 76 71 67 65 60 60 56 57 57 59 51 44 43 35 33 32 31 35 45 71 118 153 110 56 34 24 19 17 13 11 10 10 8 8 8 8 8 8 8 5 5 5 5 5 5 5 5
-3.4e+38 -3.4e+38 -3.4e+38 -3.4e+38 -3.4e+38 -3.4e+38 -3.4e+38 -3.4e+38 -3.4e+38 -3.4e+38 -3.4e+38 -3.4e+38 -3.4e+38 -3.4e+38 -3.4e+38 -3.4e+38 -3.4e+38 -3.4e+38 -3.4e+38 -3.4e+38 -3.4e+38 -3.4e+38 -3.4e+38 -3.4e+38 -3.4e+38 -3.4e+38 -3.4e+38 -3.4e+38 91 96 99 99 97 92 92 92 88 84 77 74 68 67 65 60 59 54 52 52 52 51 50 43 34 33 32 31 30 36 48 67 75 58 40 25 19 18 14 13 10 10 10 9 8 8 8 8 8 8 6 5 5 5 5 5 5 4
-3.4e+38 -3.4e+38 -3.4e+38 -3.4e+38 -3.4e+38 -3.4e+38 -3.4e+38 -3.4e+38 -3.4e+38 -3.4e+38 -3.4e+38 -3.4e+38 -3.4e+38 -3.4e+38 -3.4e+38 -3.4e+38 -3.4e+38 -3.4e+38 -3.4e+38 -3.4e+38 -3.4e+38 -3.4e+38 -3.4e+38 -3.4e+38 -3.4e+38 -3.4e+38 -3.4e+38 -3.4e+38 89 92 94 93 92 89 88 87 84 81 75 71 68 66 64 58 55 54 51 49 48 48 48 43 34 33 32 32 30 30 35 38 42 35 27 22 18 15 13 11 10 10 10 8 8 8 8 8 8 8 8 5 6 5 5 5 5 5
-3.4e+38 -3.4e+38 -3.4e+38 -3.4e+38 -3.4e+38 -3.4e+38 -3.4e+38 -3.4e+38 -3.4e+38 -3.4e+38 -3.4e+38 -3.4e+38 -3.4e+38 -3.4e+38 -3.4e+38 -3.4e+38 -3.4e+38 -3.4e+38 -3.4e+38 -3.4e+38 -3.4e+38 -3.4e+38 -3.4e+38 -3.4e+38 -3.4e+38 -3.4e+38 -3.4e+38 84 86 90 90 91 86 86 84 84 83 77 72 69 68 66 62 58 54 52 52 47 46 45 45 42 34 33 32 30 29 27 27 27 27 27 22 19 17 15 13 11 11 10 8 8 8 8 8 8 8 8 8 7 6 5 5 5 5 5
-3.4e+38 -3.4e+38 -3.4e+38 -3.4e+38 -3.4e+38 -3.4e+38 -3.4e+38 -3.4e+38 -3.4e+38 -3.4e+38 -3.4e+38 -3.4e+38 -3.4e+38 -3.4e+38 -3.4e+38 -3.4e+38 -3.4e+38 -3.4e+38 -3.4e+38 -3.4e+38 -3.4e+38 -3.4e+38 -3.4e+38 -3.4e+38 -3.4e+38 -3.4e+38 -3.4e+38 82 83 85 85 85 83 83 83 82 78 74 71 68 68 67 60 58 54 52 49 47 45 43 42 38 34 33 32 29 27 26 25 22 21 22 20 18 17 16 12 12 11 10 8 8 8 8 8 8 8 8 8 8 7 6 5 5 5 5
-339999999999999996123846586046231871488.000000000000000 -3.4e+38 -3.4e+38 -3.4e+38 -3.4e+38 -3.4e+38 -3.4e+38 -3.4e+38 -3.4e+38 -3.4e+38 -3.4e+38 -3.4e+38 -3.4e+38 -3.4e+38 -3.4e+38 -3.4e+38 -3.4e+38 -3.4e+38 -3.4e+38 -3.4e+38 -3.4e+38 -3.4e+38 -3.4e+38 -3.4e+38 -3.4e+38 -3.4e+38 -3.4e+38 82 82 82 83 83 82 78 78 78 74 70 69 68 67 63 59 55 54 51 49 47 42 42 39 34 33 33 32 27 25 25 23 22 21 19 20 17 17 16 12 12 11 10 9 8 9 8 8 8 8 8 8 8 8 6 6 7 6 6
-3.4e+38 -3.4e+38 -3.4e+38 -3.4e+38 -3.4e+38 -3.4e+38 -3.4e+38 -3.4e+38 -3.4e+38 -3.4e+38 -3.4e+38 -3.4e+38 -3.4e+38 -3.4e+38 -3.4e+38 -3.4e+38 -3.4e+38 -3.4e+38 -3.4e+38 -3.4e+38 -3.4e+38 -3.4e+38 -3.4e+38 -3.4e+38 -3.4e+38 -3.4e+38 -3.4e+38 76 78 78 78 81 78 77 77 74 70 70 68 66 62 60 59 56 52 49 47 46 42 41 37 33 33 33 30 27 25 25 23 21 20 16 15 16 17 17 12 12 11 11 10 8 8 8 8 8 8 8 8 8 8 8 8 8 7 7
-3.4e+38 -3.4e+38 -3.4e+38 -3.4e+38 -3.4e+38 -3.4e+38 -3.4e+38 -3.4e+38 -3.4e+38 -3.4e+38 -3.4e+38 -3.4e+38 -3.4e+38 -3.4e+38 -3.4e+38 -3.4e+38 -3.4e+38 -3.4e+38 -3.4e+38 -3.4e+38 -3.4e+38 -3.4e+38 -3.4e+38 -3.4e+38 -3.4e+38 -3.4e+38 -3.4e+38 74 76 76 74 75 74 71 72 70 68 67 67 63 60 59 58 55 51 47 46 46 40 39 37 33 33 32 32 27 25 24 22 20 18 15 15 16 17 17 14 12 12 11 10 8 8 8 8 8 8 8 8 8 8 8 8 8 8 7
-3.4e+38 -3.4e+38 -3.4e+38 -3.4e+38 -3.4e+38 -3.4e+38 -3.4e+38 -3.4e+38 -3.4e+38 -3.4e+38 -3.4e+38 -3.4e+38 -3.4e+38 -3.4e+38 -3.4e+38 -3.4e+38 -3.4e+38 -3.4e+38 -3.4e+38 -3.4e+38 -3.4e+38 -3.4e+38 -3.4e+38 -3.4e+38 -3.4e+38 -3.4e+38 -3.4e+38 72 72 71 71 71 71 70 70 67 66 64 62 61 59 58 57 54 50 45 45 45 40 37 36 33 33 30 28 27 25 25 22 19 15 15 15 15 16 16 14 12 12 12 11 9 9 9 9 9 9 8 8 8 8 8 8 8 8 8
-3.4e+38 -3.4e+38 -3.4e+38 -3.4e+38 -3.4e+38 -3.4e+38 -3.4e+38 -3.4e+38 -3.4e+38 -3.4e+38 -3.4e+38 -3.4e+38 -3.4e+38 -3.4e+38 -3.4e+38 -3.4e+38 -3.4e+38 -3.4e+38 -3.4e+38 -3.4e+38 -3.4e+38 -3.4e+38 -3.4e+38 -3.4e+38 -3.4e+38 -3.4e+38 -3.4e+38 69 69 69 69 70 70 68 67 66 62 61 60 59 56 57 55 53 50 45 45 42 40 37 36 33 32 30 27 25 25 24 22 19 15 15 15 13 15 15 15 12 12 11 11 9 9 9 9 9 9 9 9 9 9 8 8 8 8 8
-3.4e+38 -3.4e+38 -3.4e+38 -3.4e+38 -3.4e+38 -3.4e+38 -3.4e+38 -3.4e+38 -3.4e+38 -3.4e+38 -3.4e+38 -3.4e+38 -3.4e+38 -3.4e+38 -3.4e+38 -3.4e+38 -3.4e+38 -3.4e+38 -3.4e+38 -3.4e+38 -3.4e+38 -3.4e+38 -3.4e+38 -3.4e+38 -3.4e+38 -3.4e+38 -3.4e+38 67 64 66 65 67 66 65 66 62 60 58 57 55 55 52 52 50 48 45 43 42 39 37 33 32 31 28 27 25 25 23 21 19 16 15 15 15 13 12 12 12 12 12 11 9 9 9 9 9 9 9 9 9 9 9 9 9 9 9
-3.4e+38 -3.4e+38 -3.4e+38 -3.4e+38 -3.4e+38 -3.4e+38 -3.4e+38 -3.4e+38 -3.4e+38 -3.4e+38 -3.4e+38 -3.4e+38 -3.4e+38 -3.4e+38 -3.4e+38 -3.4e+38 -3.4e+38 -3.4e+38 -3.4e+38 -3.4e+38 -3.4e+38 -3.4e+38 -3.4e+38 -3.4e+38 -3.4e+38 -3.4e+38 -3.4e+38 63 63 64 66 65 62 62 63 60 60 58 56 55 53 52 51 49 47 44 43 41 39 35 34 32 30 28 27 25 25 23 18 18 15 15 15 13 12 12 12 12 12 12 11 10 9 9 9 9 9 9 9 9 9 9 9 9 9 9
-3.4e+38 -3.4e+38 -3.4e+38 -3.4e+38 -3.4e+38 -3.4e+38 -3.4e+38 -3.4e+38 -3.4e+38 -3.4e+38 -3.4e+38 -3.4e+38 -3.4e+38 -3.4e+38 -3.4e+38 -3.4e+38 -3.4e+38 -3.4e+38 -3.4e+38 -3.4e+38 -3.4e+38 -3.4e+38 -3.4e+38 -3.4e+38 -3.4e+38 -3.4e+38 -3.4e+38 61 61 61 61 62 61 61 61 60 58 56 55 53 52 51 51 48 47 44 42 40 37 35 32 32 30 29 27 25 25 23 19 17 16 15 15 13 12 12 12 12 11 11 10 10 9 9 9 9 9 9 9 9 9 9 9 10 10 10
-3.4e+38 -3.4e+38 -3.4e+38 -3.4e+38 -3.4e+38 -3.4e+38 -3.4e+38 -3.4e+38 -3.4e+38 -3.4e+38 -3.4e+38 -3.4e+38 -3.4e+38 -3.4e+38 -3.4e+38 -3.4e+38 -3.4e+38 -3.4e+38 -3.4e+38 -3.4e+38 -3.4e+38 -3.4e+38 -3.4e+38 -3.4e+38 -3.4e+38 -3.4e+38 -3.4e+38 60 61 61 61 61 61 60 60 59 57 56 55 53 51 50 48 47 44 43 42 39 37 35 32 32 30 29 27 25 25 21 21 18 16 15 15 13 13 12 12 11 11 10 10 10 10 10 9 9 9 10 10 10 10 10 10 11 11 11
-3.4e+38 -3.4e+38 -3.4e+38 -3.4e+38 -3.4e+38 -3.4e+38 -3.4e+38 -3.4e+38 -3.4e+38 -3.4e+38 -3.4e+38 -3.4e+38 -3.4e+38 -3.4e+38 -3.4e+38 -3.4e+38 -3.4e+38 -3.4e+38 -3.4e+38 -3.4e+38 -3.4e+38 -3.4e+38 -3.4e+38 -3.4e+38 -3.4e+38 -3.4e+38 59 59 59 61 61 61 61 59 58 56 56 55 54 51 50 47 47 45 44 43 39 38 36 35 32 32 29 29 27 26 25 20 20 17 16 15 15 13 13 12 12 12 11 10 11 11 10 11 11 11 10 11 11 11 11 11 10 10 12 12
-3.4e+38 -3.4e+38 -3.4e+38 -3.4e+38 -3.4e+38 -3.4e+38 -3.4e+38 -3.4e+38 -3.4e+38 -3.4e+38 -3.4e+38 -3.4e+38 -3.4e+38 -3.4e+38 -3.4e+38 -3.4e+38 -3.4e+38 -3.4e+38 -3.4e+38 -3.4e+38 -3.4e+38 -3.4e+38 -3.4e+38 -3.4e+38 -3.4e+38 -3.4e+38 58 58 58 60 59 60 60 56 57 56 56 53 52 51 48 47 46 43 42 41 39 37 36 35 32 31 30 29 27 26 25 20 20 17 16 15 15 15 13 12 12 12 12 12 12 11 11 11 11 11 11 11 11 11 11 12 12 12 10 12
-3.4e+38 -3.4e+38 -3.4e+38 -3.4e+38 -3.4e+38 -3.4e+38 -3.4e+38 -3.4e+38 -3.4e+38 -3.4e+38 -3.4e+38 -3.4e+38 -3.4e+38 -3.4e+38 -3.4e+38 -3.4e+38 -3.4e+38 -3.4e+38 -3.4e+38 -3.4e+38 -3.4e+38 -3.4e+38 -3.4e+38 -3.4e+38 -3.4e+38 -3.4e+38 56 56 56 59 57 58 57 56 56 56 53 52 52 48 46 45 43 43 41 39 39 36 36 35 32 31 29 29 27 26 25 24 20 18 17 16 15 15 13 13 12 12 12 12 11 11 11 11 11 11 11 11 12 12 12 12 12 12 12 12
-3.4e+38 -3.4e+38 -3.4e+38 -3.4e+38 -3.4e+38 -3.4e+38 -3.4e+38 -3.4e+38 -3.4e+38 -3.4e+38 -3.4e+38 -3.4e+38 -3.4e+38 -3.4e+38 -3.4e+38 -3.4e+38 -3.4e+38 -3.4e+38 -3.4e+38 -3.4e+38 -3.4e+38 -3.4e+38 -3.4e+38 -3.4e+38 -3.4e+38 -3.4e+38 56 56 56 56 56 56 57 54 55 54 51 50 47 47 45 44 43 43 39 39 38 36 36 35 33 31 29 29 27 26 25 24 20 19 17 16 16 15 15 13 13 12 12 12 11 11 11 11 11 12 12 12 12 12 12 13 12 13 13 13
-3.4e+38 -3.4e+38 -3.4e+38 -3.4e+38 -3.4e+38 -3.4e+38 -3.4e+38 -3.4e+38 -3.4e+38 -3.4e+38 -3.4e+38 -3.4e+38 -3.4e+38 -3.4e+38 -3.4e+38 -3.4e+38 -3.4e+38 -3.4e+38 -3.4e+38 -3.4e+38 -3.4e+38 -3.4e+38 -3.4e+38 -3.4e+38 -3.4e+38 -3.4e+38 55 55 55 55 55 55 55 52 52 51 50 49 48 47 44 43 43 43 39 38 36 36 36 35 33 31 30 29 27 26 23 22 20 19 18 16 16 15 14 13 13 13 12 11 11 11 11 11 12 12 12 12 13 13 13 14 15 16 16 16
-3.4e+38 -3.4e+38 -3.4e+38 -3.4e+38 -3.4e+38 -3.4e+38 -3.4e+38 -3.4e+38 -3.4e+38 -3.4e+38 -3.4e+38 -3.4e+38 -3.4e+38 -3.4e+38 -3.4e+38 -3.4e+38 -3.4e+38 -3.4e+38 -3.4e+38 -3.4e+38 -3.4e+38 -3.4e+38 -3.4e+38 -3.4e+38 -3.4e+38 -3.4e+38 55 54 54 54 54 54 54 51 51 51 49 49 47 47 44 43 43 41 39 38 36 36 35 33 32 31 30 29 28 25 23 21 19 18 16 16 16 15 15 15 13 13 13 13 12 11 12 12 12 12 13 15 15 15 16 16 16 16 17 17
-3.4e+38 -3.4e+38 -3.4e+38 -3.4e+38 -3.4e+38 -3.4e+38 -3.4e+38 -3.4e+38 -3.4e+38 -3.4e+38 -3.4e+38 -3.4e+38 -3.4e+38 -3.4e+38 -3.4e+38 -3.4e+38 -3.4e+38 -3.4e+38 -3.4e+38 -3.4e+38 -3.4e+38 -3.4e+38 -3.4e+38 -3.4e+38 -3.4e+38 -3.4e+38 55 54 54 53 53 53 53 51 51 50 49 48 48 47 45 44 43 41 39 38 36 36 36 33 32 31 30 29 27 25 22 20 19 17 16 16 15 15 15 15 15 13 13 12 12 11 13 14 16 15 15 16 17 16 16 17 18 18 18 19
-3.4e+38 -3.4e+38 -3.4e+38 -3.4e+38 -3.4e+38 -3.4e+38 -3.4e+38 -3.4e+38 -3.4e+38 -3.4e+38 -3.4e+38 -3.4e+38 -3.4e+38 -3.4e+38 -3.4e+38 -3.4e+38 -3.4e+38 -3.4e+38 -3.4e+38 -3.4e+38 -3.4e+38 -3.4e+38 -3.4e+38 -3.4e+38 -3.4e+38 -3.4e+38 55 54 54 53 53 53 53 51 50 50 50 48 48 46 45 44 42 41 39 38 37 36 36 33 32 31 30 29 27 24 22 22 19 16 16 16 15 15 15 14 14 13 12 12 12 13 15 16 16 16 16 17 17 17 18 18 18 20 20 20
-3.4e+38 -3.4e+38 -3.4e+38 -3.4e+38 -3.4e+38 -3.4e+38 -3.4e+38 -3.4e+38 -3.4e+38 -3.4e+38 -3.4e+38 -3.4e+38 -3.4e+38 -3.4e+38 -3.4e+38 -3.4e+38 -3.4e+38 -3.4e+38 -3.4e+38 -3.4e+38 -3.4e+38 -3.4e+38 -3.4e+38 -3.4e+38 -3.4e+38 -3.4e+38 54 54 54 53 53 52 52 50 50 50 49 48 48 46 45 44 42 40 38 38 37 36 36 34 32 31 30 28 27 24 23 22 20 19 16 16 15 15 15 14 13 12 14 14 15 15 16 16 16 17 17 17 18 19 19 20 20 20 21 21
-3.4e+38 -3.4e+38 -3.4e+38 -3.4e+38 -3.4e+38 -3.4e+38 -3.4e+38 -3.4e+38 -3.4e+38 -3.4e+38 -3.4e+38 -3.4e+38 -3.4e+38 -3.4e+38 -3.4e+38 -3.4e+38 -3.4e+38 -3.4e+38 -3.4e+38 -3.4e+38 -3.4e+38 -3.4e+38 -3.4e+38 -3.4e+38 -3.4e+38 -3.4e+38 55 54 54 55 53 52 52 50 50 50 48 48 47 46 45 43 42 39 39 38 37 37 36 34 32 32 31 29 27 25 24 23 21 20 19 16 16 15 15 14 14 13 15 15 16 16 16 16 17 17 17 19 20 20 20 21 21 21 22 23
-3.4e+38 -3.4e+38 -3.4e+38 -3.4e+38 -3.4e+38 -3.4e+38 -3.4e+38 -3.4e+38 -3.4e+38 -3.4e+38 -3.4e+38 -3.4e+38 -3.4e+38 -3.4e+38 -3.4e+38 -3.4e+38 -3.4e+38 -3.4e+38 -3.4e+38 -3.4e+38 -3.4e+38 -3.4e+38 -3.4e+38 -3.4e+38 -3.4e+38 -3.4e+38 55 55 55 54 54 51 51 51 50 50 49 48 48 46 45 43 40 38 36 36 37 37 36 35 32 32 30 29 27 26 24 22 21 20 19 19 16 16 16 15 15 15 16 16 16 16 17 17 17 19 19 19 20 20 21 21 23 23 24 24
-3.4e+38 -3.4e+38 -3.4e+38 -3.4e+38 -3.4e+38 -3.4e+38 -3.4e+38 -3.4e+38 -3.4e+38 -3.4e+38 -3.4e+38 -3.4e+38 -3.4e+38 -3.4e+38 -3.4e+38 -3.4e+38 -3.4e+38 -3.4e+38 -3.4e+38 -3.4e+38 -3.4e+38 -3.4e+38 -3.4e+38 -3.4e+38 -3.4e+38 -3.4e+38 55 56 55 55 52 52 51 51 51 50 49 49 48 46 44 42 40 38 36 36 37 37 36 35 34 31 31 28 27 26 24 22 21 21 20 19 18 16 16 16 16 16 16 16 17 17 18 19 19 19 20 20 21 22 22 23 24 24 26 27
-3.4e+38 -3.4e+38 -3.4e+38 -3.4e+38 -3.4e+38 -3.4e+38 -3.4e+38 -3.4e+38 -3.4e+38 -3.4e+38 -3.4e+38 -3.4e+38 -3.4e+38 -3.4e+38 -3.4e+38 -3.4e+38 -3.4e+38 -3.4e+38 -3.4e+38 -3.4e+38 -3.4e+38 -3.4e+38 -3.4e+38 -3.4e+38 -3.4e+38 56 56 55 55 54 52 52 52 51 51 50 49 48 48 43 43 42 40 38 38 35 34 33 32 34 34 31 30 28 27 26 24 22 22 21 20 20 19 18 18 18 18 17 17 17 18 19 19 19 20 20 20 22 23 23 23 25 27 27 28 28
-3.4e+38 -3.4e+38 -3.4e+38 -3.4e+38 -3.4e+38 -3.4e+38 -3.4e+38 -3.4e+38 -3.4e+38 -3.4e+38 -3.4e+38 -3.4e+38 -3.4e+38 -3.4e+38 -3.4e+38 -3.4e+38 -3.4e+38 -3.4e+38 -3.4e+38 -3.4e+38 -3.4e+38 -3.4e+38 -3.4e+38 -3.4e+38 -3.4e+38 55 54 54 54 54 52 52 52 51 51 50 49 48 46 42 42 42 40 38 37 36 34 34 32 31 30 30 30 28 28 26 24 22 22 22 20 20 20 19 18 18 18 18 18 19 19 19 20 20 21 22 23 24 23 26 27 27 28 28 29 30
-3.4e+38 -3.4e+38 -3.4e+38 -3.4e+38 -3.4e+38 -3.4e+38 -3.4e+38 -3.4e+38 -3.4e+38 -3.4e+38 -3.4e+38 -3.4e+38 -3.4e+38 -3.4e+38 -3.4e+38 -3.4e+38 -3.4e+38 -3.4e+38 -3.4e+38 -3.4e+38 -3.4e+38 -3.4e+38 -3.4e+38 -3.4e+38 -3.4e+38 56 54 54 54 53 53 52 52 51 51 50 48 47 45 43 42 42 42 41 38 37 36 34 32 31 30 30 30 28 28 27 24 22 22 22 22 20 20 20 20 19 19 19 19 19 19 20 21 23 23 24 24 26 26 27 28 28 30 30 31 31
-3.4e+38 -3.4e+38 -3.4e+38 -3.4e+38 -3.4e+38 -3.4e+38 -3.4e+38 -3.4e+38 -3.4e+38 -3.4e+38 -3.4e+38 -3.4e+38 -3.4e+38 -3.4e+38 -3.4e+38 -3.4e+38 -3.4e+38 -3.4e+38 -3.4e+38 -3.4e+38 -3.4e+38 -3.4e+38 -3.4e+38 -3.4e+38 -3.4e+38 54 55 54 53 53 53 52 52 50 50 50 48 47 46 44 43 41 41 40 39 38 36 34 33 32 31 31 30 29 28 28 25 23 23 22 22 21 21 21 21 20 20 20 21 21 22 23 23 24 25 26 26 27 27 28 30 30 32 32 36 37
-3.4e+38 -3.4e+38 -3.4e+38 -3.4e+38 -3.4e+38 -3.4e+38 -3.4e+38 -3.4e+38 -3.4e+38 -3.4e+38 -3.4e+38 -3.4e+38 -3.4e+38 -3.4e+38 -3.4e+38 -3.4e+38 -3.4e+38 -3.4e+38 -3.4e+38 -3.4e+38 -3.4e+38 -3.4e+38 -3.4e+38 -3.4e+38 -3.4e+38 55 55 55 55 54 54 53 53 51 51 50 50 49 46 46 44 43 42 40 39 38 36 35 34 33 31 31 30 29 29 27 27 23 23 23 22 22 22 22 22 22 22 22 23 23 23 24 24 26 26 27 29 29 30 30 31 35 36 37 38 39
-3.4e+38 -3.4e+38 -3.4e+38 -3.4e+38 -3.4e+38 -3.4e+38 -3.4e+38 -3.4e+38 -3.4e+38 -3.4e+38 -3.4e+38 -3.4e+38 -3.4e+38 -3.4e+38 -3.4e+38 -3.4e+38 -3.4e+38 -3.4e+38 -3.4e+38 -3.4e+38 -3.4e+38 -3.4e+38 -3.4e+38 -3.4e+38 -3.4e+38 55 55 55 55 55 55 53 53 52 51 51 51 49 47 46 45 43 42 41 40 38 38 35 34 33 32 31 31 29 29 27 27 27 24 23 23 23 23 23 23 23 23 23 23 24 25 26 26 27 28 29 31 32 35 35 36 37 38 39 40 41
-3.4e+38 -3.4e+38 -3.4e+38 -3.4e+38 -3.4e+38 -3.4e+38 -3.4e+38 -3.4e+38 -3.4e+38 -3.4e+38 -3.4e+38 -3.4e+38 -3.4e+38 -3.4e+38 -3.4e+38 -3.4e+38 -3.4e+38 -3.4e+38 -3.4e+38 -3.4e+38 -3.4e+38 -3.4e+38 -3.4e+38 -3.4e+38 -3.4e+38 57 57 56 56 55 55 55 55 53 51 51 50 49 48 46 46 43 42 42 40 40 39 36 35 34 33 32 31 30 29 28 27 27 26 24 24 23 23 23 24 24 25 25 25 26 26 27 28 30 31 33 35 35 36 36 38 39 40 41 43 44
