rasters/Chad_CLYPPT_M_sl2_250m_ll.asc
NCOLS 126 
NROWS 192 
XLLCORNER 13.449183796 
YLLCORNER 7.455566751 
CELLSIZE 0.0836128775793651 
NODATA_value -9999 
[rows 110 to 131 of 192, columns 51 to 101 of 126]
8.169322503307 7 9.24479166666688 4.1468253968248 4.62980530753853 5.12301587301614 1.29335110780486 0 8.62239583333344 7.23738219245861 4.4200148809529 6.11840691137541 5.97452670304239 6.25164310515885 3.87263351521129 1.21289062500078 11.2292596726185 5.85921999007894 2.04645130621637 2.73880828372804 5.65833746693121 5.34064980158657 2.77973090277806 10.0247189153456 10.7407717427249 15.8630952380972 11.8943555720906 8.59460772155886 12.1894221230159 8.24124710648191 12.5599681712963 7.13079737103204 4.81252066798894 9.86718750000033 9.399832589285 8.93556754298926 9.30555555555627 9 11.0645771329381 12.6307767030444 10.9415612599203 9.51955191798903 6.46031746031854 9 6.69989045965704 5.91242972883492 9.37515500992112 7.80669229497289 4.77366484788373 9 8.9320746527738
9.0914661871672 4.16818576388889 7.28174603174687 2.65561962632299 4.40364583333278 8.56897941468353 6.04970651455084 2.63792782738134 3.80938946759324 7 3 6.18426545965853 3.19270833333445 4.19270833333445 5.18560887896752 5.59635416666722 4.10621279762127 3.80458416005301 2.52666170634721 5 9.17511987433808 3.37895791997253 6.14756944444447 10.2674127810852 12.2771060681213 15.7493489583355 13.9739686673277 11 8 7.00441261574182 7.79184234457717 4.63095238095222 12.9469142691782 11.5745391038342 12.4321986607193 9.82936507936462 11.4141348379629 9.26267981150813 23.6149450231462 4.40364583333278 10.2796999007951 14.7752562830686 6.36015004960054 4.89908854166612 11.229549024471 14.9223813657408 8.65600198412758 7.57343336639974 15.121011078039 12 9.84302662036936
14.1337425595223 8.25065104166683 5.24894593253842 5.8531746031752 4.5703124999993 3.89428323412658 5.53404017857088 6.16880580357223 5.95746527777943 5.13981894841204 3.88457961309561 4.02898685515872 7 4.94661458333216 3.5296688988109 2.28233506944712 0.607142857141639 3.00647941468363 3 3.55840773809316 0.63340153769756 3.18074156746228 0.237630208333366 14.2557353670634 15.4367559523822 14.4433593750007 18.4073970734161 10.442522321429 6.4296875000007 3.72547743055454 9 9.65811011904988 5.53028893849238 6.33048115079535 6.58565848214176 9.5703124999993 13.2243923611115 19.8432849702339 12.7527591765871 7.26509796626745 12.2212611607157 13.4296875000007 6.43740699405031 19.2500000000017 16.8004712301586 15.6768353174591 14.3734188988086 7.88005332341397 17.6355406745997 20.4041108630959 16
5.69247065145563 5.77322048611091 7.58843832672119 4 3.53779141865165 8.57874503968305 1.42672164351752 4.87472098214179 6.45572916666692 6.54427083333308 8.36349826388927 4.46170221560867 6.4249855324077 0.889849950397097 0.763165509260617 5.92795138888819 4.42764136904875 1 7.46662119709001 3.03028893849557 5.6780960648141 2.21956638558038 3 12.5515873015868 21.4557291666669 22.8200334821403 20.4794870205032 8.08046048280385 5.12310887896855 18.6708622685195 17.8473152281743 11.8876798115074 12 13.9202422288363 8.475167410714 11.9913401124324 15.8283420138865 10.5099826388892 9.31317170965575 7.6396019345268 5.91576760912654 5.54427083333308 7.59671585648138 24.6582031250006 13.9455398478839 15.0460276124336 19 9 14.8837735615079 17.0271267361112 16.4556568287027
6 6.28710937499964 16 5.65970155423237 1.51822916666686 9 4.12426628637633 8.48177083333314 10 5.65657035383638 12.5182291666669 5.13641906415362 7.58419105489379 3.37568204364965 2 2.50853587963033 5.67392113094955 6.61544105489392 7.33594783399707 7.99426463293585 1.34029844576763 4.4015687003979 13.6538628472234 6.96354166666627 21.7646226025124 15.5117187500002 24.021029679233 24.9162429728836 3.17482018849123 4.06647858796122 6.74265252976176 11.164341517857 7.24764384920742 7.49672412367616 9.96298363095338 17.2195353835989 8.48177083333313 7.73527405753924 6.22004174933889 7.03645833333373 13.4817708333331 8.54129464285532 12 8.76822916666857 9.70367270171957 9.75116774140174 12.4645647321415 6.59843129960201 9.59087714947237 29.9691530257936 12.8992332175918
8.22070312500014 10.8795572916659 13.8012462797599 15 10.0179501488065 11.4453435019842 20.3848896329387 12.6071428571416 7.27539062500077 14.8287140376978 18.9003906250002 16.4735553075399 17 3.47340029761835 4.82793898809323 10.008246527778 10.1244419642849 6.88061135912735 16.8301401289708 10.4959077380941 5.37202380952492 6.28856646825496 7.2871093749996 5.77929687499986 6.66210937500013 6.49218749999979 3.49218749999979 4.5527343749998 5.84533110118907 5.03125000000083 8.49603174603186 8.32040550595243 15.5041542658731 7.54256572420566 6.5460379464269 10.1308593750014 4.50781250000021 14.685453869048 5.49218749999979 14.4413132440436 19.7690662202368 15.5078125000002 18.2776537698409 9.87695312499921 15.3566468253979 10.9918774801585 9.30664062499905 8.89648437500101 10.4851500496031 16.4629836309529 17.7224392361092
6.84605448081926 6 14.6461123511908 2.71702422288492 5.99364459325506 9.40880249669321 8.44639756944301 9.6713169642895 1.77987557870403 14 18.4121093750001 20 14.2594452711644 9.06770833333285 2.8199301421953 3.71216724537118 7.26636904762146 6.05024388227479 29.6631634424582 26.9450024801607 4.33993675595324 7.58691922949606 7.58333333333277 6.760613012566 7.33471808862416 7.16462053571715 5.93820271164072 5.98101645171962 10.544704861115 13.8272569444434 16 16.0970982142858 16.0497478505316 27.052961722883 17.4126674107146 9.96506076388825 7.53385416666642 6.2987041170634 20.7764860284387 18.9130601025143 9.91737971230115 16.9164806547628 9 12.4173177083354 11.2054914847881 6 10.5061693948425 11.2282882771239 16.403542493387 21.4621155753971 18.3077980324074
6 6.58333333333277 8.36419064153269 5.47768890542335 5 10.440104166667 2.11351893187904 14.0198102678545 9.55989583333302 14.920614252646 21.2088603670627 14.9406208664022 16.4843543320105 4.88020833333396 13 6.93677662037059 24.2672061011901 19.9313512731476 19.9311239252654 8.43343874007891 7.28661334325266 15.0379567625672 5.74327256944451 8.94628389550287 13.370732060183 20.8000372023827 5.92908812830806 9.02852182539698 16.2410094246028 11.7339409722196 13.6682581018512 15.0868365575403 12.8166129298923 5.4924665178576 5.61132812499829 6.90446221891514 10.3056278935184 7.75375124007915 10.8286313657404 26.3320829199697 15.0866505456354 6.41153067129739 4.30837673611173 12.3600260416692 9.61507936507964 10 11.8680555555564 11 9.9668175429888 27.172929067459 24.1820746527778
5.64245411706374 5.68098958333205 7.88333953372973 5.35326760912748 7.15299479166932 8.65801711309507 5.73446800595474 5 6.21853298611166 9.86033606150741 7.20238095238055 4.93253968253982 8.54640997023791 9.91620163690487 10.2793278769852 7.4952256944443 6.74860491071462 11.6691468253963 11.8049045138912 17.0119047619061 16.0607948908728 17.6609623015865 15.8222656249991 7.28047495039675 4.06569320436536 5.41406250000029 11.1026475694431 7.98431299603193 20.1639694940494 7.0529513888905 14.2650669642847 9.78376116071463 17.9225570436482 14.2567274305575 4.84040178571448 10.2434275793649 9.30555555555627 9.81761532738086 14.5678943452397 14.1199466765862 5.37658110119041 9.54368179563244 14 11.3007812499987 9.78695436507906 14.5039372519836 13.8954613095219 17 8.58593749999971 19.6352306547617 13.9917534722193
9.55158730158683 6.8046875000013 14.3673115079338 14.3310495205035 9.20476810516054 12.3623615244734 12.2879360945767 6.00483630952429 6.81676793981484 6.58253761573877 7.99782986110937 18.0412843088623 9.70858134920796 9.24770585317381 10.1759672619101 15.4479166666637 11 15.1278521825385 15.6321614583326 18 16.1139426256611 14.0032035383632 19.0596788194458 9.21402736441821 8.49465732473572 10.6412760416661 5.43167162698538 23.7037863756606 7 17.8569155092599 12.8919890873022 19.1602802579361 5.09084614748645 17.7597656250014 6.22395833333186 26.7716910548934 8.22395833333186 10.8101438492048 14.717530588626 20.3777075065985 8.09471106150837 6.58562748015863 9.18983548280633 16.9179687499968 9.61197916666593 7.48015873015927 10.121279761907 12.9863591269836 28.7760416666681 20.8590339781725 6.50701678240893
8.07588252314709 16.2183159722194 15.9197668650807 5.94685226521193 5.00328621031691 7.88010499338761 5.16456886574183 10.2197730654754 5.36197916666615 6.75623139880891 11.7976190476195 9.02441922949727 12.3806010251318 15.7112785218257 9 13.2111545138896 16.8577938988093 25.2760416666677 16.168371775787 14.7239583333323 19.5443431712971 11.0802331349193 12.6564670138907 12.2760416666677 12.7674747850529 12.1035156249922 6.01580067791022 9.36197916666615 19.2801029265867 19.6490162037032 16.6430844907411 15.5537264384902 11.7873987268517 12.8090484457659 15.9285714285734 31.5533234126969 5.77553530092565 6.71896701388871 7.42460317460353 16 12.9012586805549 8.62365658068877 13.3520895337298 11.9095052083328 12.916687334656 12.2204137731503 13.7110305059505 15.6205460482784 23.1507936507964 24.7619047619044 7.94516782407162
9.14713541666689 8.86002604166651 11.5230344742069 13.902498759921 7.33584449404757 18.0394035218255 5.65742807539481 10.2862723214253 8.50911458333365 9.44007316468191 17.6702938988094 16.2023809523805 18.7903335813498 19.8000372023807 16.2253534226209 7.8081597222212 12.0030691964285 17.680524553571 11.2946118551591 16.6481584821411 7.13312251984219 10.7319878472193 20.1881510416667 13.6640625000001 21.7747395833332 9.70424107143094 16.9710131448409 19.808841765872 33.9300595238092 20.8155381944427 18.8266989087303 20 17.0786520337297 18.8682415674616 13.3716517857132 16.5692274305571 12.241102430555 12.9643787202379 15.0425037202386 19 12.2583705357118 5.6839037698408 13.4123573908731 15.6679687500022 16.7208581349203 17.3058345734134 10.5798921130965 10.1884610615094 27.4366629464303 18.723586309524 16.5412326388878
20.0673156415354 9.53168402777754 8.12661210317281 14.1468253968248 12.6781994047638 23.3802083333331 22.4901930390159 5.98586309523458 3.32588252314744 5.89547164351816 16.8603360615082 22.3355448082011 13.6901041666666 13.5189112103173 15.5344535383584 18.9456741898143 17.741536458334 15.0461102843911 8.76634837962865 8.62800719246149 8.7063492063504 24.17748635913 8.59743923611157 16 19.5893580522487 15.7454427083328 19.0467199900799 23.4441034226186 23.4090711805562 29.3705873842604 12.3153728505291 21.5054253472224 16.0890170304227 21.1729704034407 15.9285714285734 18.9471209490739 19.8263165509272 25.1539558531745 17.5860408399475 13 10.9046688988083 8.92353877314865 17.9286747685183 24.3554687499989 19.275059937169 15.121414103837 12.5588417658727 31.9888392857204 20.3385623346567 17.6263950892855 16.2460214120358
5.96338665674707 10.8806423611119 25.7961206183865 26.6728567294969 23.1466703869051 8.46721023478849 6 7.07459077381011 5.94444444444255 16.9973751653443 16.1954985119046 17.9133907903441 11.6869833002646 17.9185267857139 23.3365472056876 28.6618200231488 24.7186569940467 31.4109106316143 11.1761946097863 19.0323350694482 8.41049727182553 9.85620246362903 24.8682725694429 8.84342964616417 17.4026537698413 17.1559709821439 14.722056878307 14.7679604828038 11.8445560515877 9.18135127314851 26.9340071097884 27.2642919146827 20.5677083333333 18.0281601355817 21.4528459821465 26.1616546792324 26.3706597222251 20.5058593749999 18 8.20162657076797 9.28385416666664 28.7075686177251 13.3779038525141 17.4661458333317 18.6605799437826 18.0478670634925 9 15.3297164351821 13.754763971559 8.48815724206375 12
21.4266183035718 20.3854166666656 19.790891617063 15.6392609126995 12.9942336309534 7.10308159722226 8.7501240079355 8.68443080357339 7.82269965277593 17.5563616071385 35.7606026785707 5.96521577380954 15.6004774305563 14.3379836309536 27.154544890871 28.4207899305573 29.6506696428588 28.1911892361121 15.3330233134951 21.9969308035711 29.7800409226185 21.442987351191 20.8925781249997 25.5578807043612 15.7116505456355 10.7402343749991 20.9563492063487 28.9011966765855 18.167875744048 14.0930989583331 16.3719928075394 24.0514322916671 21.052796378968 21.7504340277802 16.9377790178589 20.9173487103174 18.5154079861103 25.1519717261899 20.4270523313487 17.2265624999987 11.5242745535709 18.7421874999996 15.6010354662708 16.677734374999 23.2854662698416 11.6538628472218 12 17.4546750992104 28.6108320932512 10.2578125000004 25.6788194444451
16.9302765377004 30.8880208333327 13.4365079365063 23.2317708333333 5.46992807539577 15.4778025793656 18.3327236276399 15.9299665178562 7.54933449074115 7.38812417328093 18.1729910714277 34.5814835482808 32.2835958167989 20.8914310515875 10.9400318287019 29.8349971064798 34.0203683035729 16.1999317956352 29.6810619212938 24.7618427579358 17.214885085978 28.1911065641559 16.8648003472223 26.3293547453712 12.1591125165344 30.5766369047635 23.247736855158 16.3018869874333 22.8730778769844 15.0183738425906 27.3906250000001 33.6309523809522 30.9426049933894 23.4405485284394 19.4635416666667 21.930049189814 16 20.2593625992064 12.2317708333333 18.4450851521121 9.46881200396699 8.47878430886205 13.5097862929893 18.6158854166693 15.0623243220902 10.51064401455 24.4229910714277 18.606657159393 20.9246031746018 12.0137958829365 -9999
22.269334904099 25.4003906249971 15.2237826554238 22.5927476025126 14.5696304563515 10.9356192129649 15.8939318782988 3.91062127976437 15.8836805555555 27.9905443948388 32.4660838293637 32.888444527118 33.7095837466919 25.2339719742033 21.8921027612472 15.7079716435262 24.9649367559485 30.3583932705035 30.632182126321 12.3947172619048 19.8531746031752 32.5704881779091 21.3600260416671 19.1401289682526 22.686507936508 27.9728422619028 30.8469018683864 18.1144593253981 13.7738095238089 13 9.20572916666713 15.219494047618 31.2931857638883 25.6366774140224 34.1626674107159 27.9999896660051 17.7573061342588 27.9133184523807 17.9868551587307 11.0378224206419 19.1547619047628 17.0198412698407 25.1150793650796 13.7057291666705 15.4906477347894 25.6625330687848 15.4850260416682 17.7942708333329 28.6639384920639 22.6250620039694 -9999
28 15.6835937500003 6.82111855158589 13.4270523313501 14.0119047619027 8 18.2115885416677 14.4645647321417 27.442925347223 27.9415302579366 36.9409412202392 34.2903645833338 29.8423859126999 22.8120349702405 20.5267547123059 32.094835069445 34.9280133928577 31.7479228670633 23.3027343749962 18.3496093750004 20.0856274801601 31.1012524801595 17.9427083333343 23.2727864583318 18.0699714781734 15.8535156250013 21.6205047122999 17.8203124999992 17.6289062499993 9.58897569444509 28.5520833333352 30.5175781249994 23.723803323414 23.2610677083332 24.7553013392868 19.202597966267 20.6944444444437 22.4589843749996 19.0541914682539 15.3560577876926 25.8481212797614 19.8203124999992 23.504867311506 17.910156249999 19.1196366567461 20.4193018353168 21.6470424107132 31.7825210813486 16.0017981150768 -9999 -9999
28.8496817129646 20.1219618055574 27.7122189153451 8 21.3173673115055 25.6804832175912 30.6706865906009 27.846075148812 32.5731336805549 33.3891265707683 26.0914558531745 37.8754443617727 40.9429046792329 32.9823598710317 40.0917452050235 32.128110532409 16.9393601190497 20.1248759920606 29.7917700066161 19.8381076388883 24.5527033730174 24.8048321759252 26.5577256944441 25.4793630125644 19.5306506283071 19.3604910714311 26.2342406580694 28.9719535383601 32.0700024801596 11.8446903935186 16.0774326223543 26.9269283234116 19.8823268022487 22.0600095072733 25.6817336309534 17.2378678902101 29 21.932322668651 24.0231688161374 19.2610883763157 24.7164868551595 23.7898788855839 27.846354166667 30.5384114583301 19 22.0274884259252 24.4060019841272 16.2426628637567 15.0985656415361 -9999 -9999
31.070384837963 31.4911024305561 32.1900938326728 19.2364728009262 29.6425161210271 30.3717034556879 29.9025814318771 32.4976748511913 33.1040219907443 31.7487805886236 36.7706163194442 33.9068287037036 35.9411479001324 39.951047867064 37.6626984126974 36.0602575231481 38.6079799107164 36.3263372189152 19.776186342592 29.0207713293675 22.4561528604478 20.9640480324073 19.3103298611114 29.5515873015868 24.8541149966933 19.2606026785704 28.6246589781764 32.3581245866395 32.860708085316 26.7447916666665 12.9367042824073 21.9529079861111 17.3661644345257 13 9.33798363095391 14.8941695601852 13.6830873842582 20.2566654265871 16.5019737929891 20.1276041666668 23.1152653769848 20.0223730985444 22.9706307870369 29.0957031249999 19.9508825231481 21.6344142691816 20.6566840277773 21.3807250330597 18.9110346395465 20.3223276289686 -9999
34.4955667162696 33.374348958334 38.8254898313498 26.8531746031752 33.1229538690437 22.652405753968 30.307198660712 39 33.2690972222219 29.7973090277761 34.3643973214278 37.9393911210319 37.9590463789685 31.2833891369042 37.7980840773819 33.4242621527771 34.4726562500012 36.9508308531747 29.2335379464259 17.0238095238123 18.9133494543653 18.2374131944456 15.625651041666 24.1785404265865 18.55310639881 25.8395647321441 27.9955667162698 29.1015624999997 36.203218005953 29.8420138888896 21.2023189484121 25.2300037202387 22.0302269345241 23.730251736113 23.4347098214266 11.8984375000003 22.6421440972236 21.7680431547619 17.8553137400798 20.2031249999994 19.6359747023829 23.942491319446 27.4498077876976 21.2031249999994 21.4994109623025 16.418278769841 22.7212611607132 23.420634920631 20.9507688492033 24.8153831845236 29.2020399305545
34.7675781250017 36.122612847221 21.4152302414003 31.1890811011901 34.1611483134906 34.1603319279104 32.1705212466936 34 34.9244791666665 39.6626984126974 33.6258060515881 35.1378864914021 32.1196366567458 32.0602368551589 32.5617042824061 30.0713252314815 32.0161830357141 35.9805204199735 30.952504960319 16.815941220234 18.946655919312 23.0212776951059 22.968532986111 24.151041666667 30.8963086970897 29.1375558035718 30.9244791666665 35.8332093253975 36.6740141369041 38.2373408564798 37.9619398974867 31.9523499503967 28.0830853174587 10.8846002810867 33.0782180059525 29.5960958167979 13.7949942129647 25.5159970238096 22.7698929398148 22.8708354001318 22.0951760912696 21.7565930886244 27 18.1510416666665 23.3732328869045 17.8611834490742 23.2079303075378 22.285838293649 28.9886119378305 21.3206225198418 29.3161168981497
