rasters/Chad_bio10.asc
NCOLS 126 
NROWS 192 
XLLCORNER 13.449183796 
YLLCORNER 7.455566751 
CELLSIZE 0.0836128775793651 
NODATA_value -3.4e+38 
[rows 84 to 104 of 192, columns 0 to 46 of 126]
-3.4e+38 -3.4e+38 -3.4e+38 -3.4e+38 -3.4e+38 -3.4e+38 -3.4e+38 -3.4e+38 -3.4e+38 -3.4e+38 -3.4e+38 -3.4e+38 -3.4e+38 -3.4e+38 -3.4e+38 -3.4e+38 -3.4e+38 -3.4e+38 -3.4e+38 32.1158332824707 32.1814994812012 32.1973342895508 32.2236671447754 32.2598342895508 32.2958335876465 32.3348350524902 32.3181686401367 32.2895011901855 32.3003311157227 32.3390007019043 32.3603324890137 32.2948341369629 32.3391647338867 32.5154991149902 32.5340003967285 32.5494995117188 32.5888328552246 32.640998840332 32.6868324279785 32.7700004577637 32.8506660461426 32.8061676025391 32.7291679382324 32.7393341064453 32.8084983825684 32.8535003662109 32.8789978027344
-3.4e+38 -3.4e+38 -3.4e+38 -3.4e+38 -3.4e+38 -3.4e+38 -3.4e+38 -3.4e+38 -3.4e+38 -3.4e+38 -3.4e+38 -3.4e+38 -3.4e+38 -3.4e+38 -3.4e+38 -3.4e+38 -3.4e+38 -3.4e+38 32.0559997558594 32.0668334960938 32.0886688232422 32.1708335876465 32.1761665344238 32.2481651306152 32.3078346252441 32.3325004577637 32.3306655883789 32.3133316040039 32.2895011901855 32.304500579834 32.2631683349609 32.1834983825684 32.2944984436035 32.3643341064453 32.3968353271484 32.3916664123535 32.441333770752 32.531665802002 32.5828323364258 32.6113357543945 32.5966644287109 32.5761680603027 32.5846672058105 32.6638336181641 32.7080001831055 32.7815017700195 32.8013343811035
-3.4e+38 -3.4e+38 -3.4e+38 -3.4e+38 -3.4e+38 -3.4e+38 -3.4e+38 -3.4e+38 -3.4e+38 -3.4e+38 -3.4e+38 -3.4e+38 -3.4e+38 -3.4e+38 -3.4e+38 -3.4e+38 -3.4e+38 32.0678329467773 32.0778350830078 32.0676651000977 32.0826683044434 32.164665222168 32.1780014038086 32.2654991149902 32.3409996032715 32.3516654968262 32.2985000610352 32.3166656494141 32.2958335876465 32.2683334350586 32.1953353881836 32.1848335266113 32.2401657104492 32.2859992980957 32.3279991149902 32.3421669006348 32.3120002746582 32.3448333740234 32.4075012207031 32.421501159668 32.3958320617676 32.4029998779297 32.4821662902832 32.5206680297852 32.5561676025391 32.5736656188965 32.6088333129883
-3.4e+38 -3.4e+38 -3.4e+38 -3.4e+38 -3.4e+38 -3.4e+38 -3.4e+38 -3.4e+38 -3.4e+38 -3.4e+38 -3.4e+38 -3.4e+38 -3.4e+38 -3.4e+38 -3.4e+38 -3.4e+38 32.123664855957 32.0931663513184 32.0751686096191 32.0415000915527 32.0731658935547 32.1408309936523 32.155834197998 32.2336654663086 32.2853317260742 32.292667388916 32.2835006713867 32.3071670532227 32.2948341369629 32.2700004577637 32.2089996337891 32.2014999389648 32.2374992370605 32.2750015258789 32.295166015625 32.3365020751953 32.2620010375977 32.2569999694824 32.2533340454102 32.3158340454102 32.3321685791016 32.3088340759277 32.3330001831055 32.3878326416016 32.4333343505859 32.4705009460449 32.4869995117188
-3.4e+38 -3.4e+38 -3.4e+38 -3.4e+38 -3.4e+38 -3.4e+38 -3.4e+38 -3.4e+38 -3.4e+38 -3.4e+38 -3.4e+38 -3.4e+38 -3.4e+38 -3.4e+38 -3.4e+38 32.0621681213379 32.1030006408691 32.1143341064453 32.0641670227051 32.066333770752 32.0863342285156 32.0963325500488 32.0875015258789 32.1339988708496 32.1741676330566 32.2201652526855 32.2566680908203 32.3125 32.3301658630371 32.3089981079102 32.2813339233398 32.2633323669434 32.2881660461426 32.2895011901855 32.2869987487793 32.3003349304199 32.2451667785645 32.2133331298828 32.2193336486816 32.2416687011719 32.2503318786621 32.253833770752 32.2485008239746 32.2806663513184 32.313835144043 32.3315010070801 32.3418350219727
-3.4e+38 -3.4e+38 -3.4e+38 -3.4e+38 -3.4e+38 -3.4e+38 -3.4e+38 -3.4e+38 -3.4e+38 -3.4e+38 -3.4e+38 -3.4e+38 -3.4e+38 -3.4e+38 32.0299987792969 32.0393333435059 32.0741653442383 32.1206665039062 32.1483345031738 32.0930023193359 32.048168182373 32.0383338928223 32.0364990234375 32.0736656188965 32.1403312683105 32.1863327026367 32.2129974365234 32.238166809082 32.275333404541 32.2980003356934 32.3193321228027 32.3498344421387 32.3738327026367 32.3396682739258 32.296501159668 32.2898330688477 32.2610015869141 32.2314987182617 32.2148323059082 32.2374992370605 32.2205009460449 32.2099990844727 32.1891670227051 32.2136688232422 32.2731666564941 32.2999992370605 32.3026657104492
-3.4e+38 -3.4e+38 -3.4e+38 -3.4e+38 -3.4e+38 -3.4e+38 -3.4e+38 -3.4e+38 -3.4e+38 -3.4e+38 -3.4e+38 -3.4e+38 -3.4e+38 32.0473327636719 32.0511665344238 32.0564994812012 32.103832244873 32.1446685791016 32.2350006103516 32.1738319396973 32.0815010070801 32.0861663818359 32.117000579834 32.1636657714844 32.2171669006348 32.2231674194336 32.22216796875 32.2058334350586 32.2193336486816 32.2548332214355 32.2613334655762 32.3233337402344 32.3758316040039 32.369499206543 32.3478317260742 32.3271675109863 32.3488349914551 32.3346672058105 32.2876663208008 32.2271690368652 32.1860008239746 32.1983337402344 32.1943321228027 32.1981658935547 32.2620010375977 32.2878341674805 32.2678337097168
-3.4e+38 -3.4e+38 -3.4e+38 -3.4e+38 -3.4e+38 -3.4e+38 -3.4e+38 -3.4e+38 -3.4e+38 -3.4e+38 -3.4e+38 -3.4e+38 32.0818328857422 32.0849990844727 32.1220016479492 32.1350021362305 32.1634979248047 32.2176666259766 32.2678337097168 32.2068328857422 32.1495018005371 32.1331672668457 32.2194976806641 32.2679977416992 32.2701644897461 32.2703323364258 32.271167755127 32.2558326721191 32.2666664123535 32.2741661071777 32.1865005493164 32.1764984130859 32.2571678161621 32.3591651916504 32.371166229248 32.341667175293 32.357666015625 32.4104995727539 32.3498344421387 32.2614974975586 32.2054977416992 32.2268333435059 32.236499786377 32.2526664733887 32.281665802002 32.2836647033691 32.242000579834
-3.4e+38 -3.4e+38 -3.4e+38 -3.4e+38 -3.4e+38 -3.4e+38 -3.4e+38 -3.4e+38 -3.4e+38 -3.4e+38 -3.4e+38 32.1634979248047 32.1269989013672 32.1128349304199 32.1064987182617 32.1688346862793 32.2196655273438 32.2116661071777 32.2136650085449 32.2088317871094 32.1783332824707 32.1296691894531 32.1838340759277 32.2596664428711 32.2466659545898 32.2766647338867 32.3033332824707 32.3016662597656 32.2921676635742 32.2534980773926 32.1331672668457 32.1453323364258 32.2039985656738 32.234001159668 32.3219985961914 32.3516654968262 32.3839988708496 32.4029998779297 32.3559989929199 32.2838325500488 32.2398338317871 32.2434997558594 32.2923355102539 32.3294982910156 32.3191680908203 32.2681655883789 32.2283325195312
-3.4e+38 -3.4e+38 -3.4e+38 -3.4e+38 -3.4e+38 -3.4e+38 -3.4e+38 -3.4e+38 -3.4e+38 -3.4e+38 32.2686653137207 32.2056655883789 32.178165435791 32.1626663208008 32.1536674499512 32.162166595459 32.1773338317871 32.2113342285156 32.2426681518555 32.2405014038086 32.2194976806641 32.2080001831055 32.244499206543 32.275333404541 32.2548332214355 32.2558326721191 32.3134994506836 32.3238334655762 32.2691688537598 32.1636657714844 32.1100006103516 32.1241683959961 32.1433334350586 32.1238327026367 32.1666679382324 32.2705001831055 32.3110008239746 32.3256683349609 32.3376655578613 32.3071670532227 32.2391662597656 32.2560005187988 32.2806663513184 32.263500213623 32.2869987487793 32.2518348693848 32.2533340454102
-3.4e+38 -3.4e+38 -3.4e+38 -3.4e+38 -3.4e+38 -3.4e+38 -3.4e+38 -3.4e+38 -3.4e+38 -3.4e+38 32.3173332214355 32.2661666870117 32.2348327636719 32.2125015258789 32.1983337402344 32.2038345336914 32.1959991455078 32.2215003967285 32.2476654052734 32.2368354797363 32.2186660766602 32.2263336181641 32.3068313598633 32.3183326721191 32.255500793457 32.2363319396973 32.2346649169922 32.2386665344238 32.2488327026367 32.2195014953613 32.2206687927246 32.251335144043 32.2323341369629 32.1743316650391 32.1609992980957 32.1783332824707 32.2119979858398 32.2675018310547 32.2993316650391 32.3096656799316 32.2983322143555 32.3110008239746 32.2693328857422 32.3139991760254 32.3231658935547 32.264331817627 32.2453346252441
-3.4e+38 -3.4e+38 -3.4e+38 -3.4e+38 -3.4e+38 -3.4e+38 -3.4e+38 -3.4e+38 -3.4e+38 32.2771682739258 32.2691650390625 32.2683334350586 32.2533340454102 32.2473335266113 32.2551689147949 32.2410011291504 32.2318344116211 32.2423324584961 32.2376670837402 32.2485008239746 32.2383346557617 32.2338333129883 32.2949981689453 32.2874984741211 32.2605018615723 32.2330017089844 32.2181663513184 32.2026672363281 32.2136688232422 32.2761650085449 32.3440017700195 32.3478317260742 32.3339996337891 32.2143325805664 32.2223320007324 32.2205009460449 32.2463302612305 32.3024978637695 32.3173332214355 32.2861671447754 32.2818336486816 32.2993316650391 32.3276672363281 32.275333404541 32.2591667175293 32.2963333129883 32.3025016784668
-339999999999999996123846586046231871488.000000000000000 -3.4e+38 -3.4e+38 -3.4e+38 -3.4e+38 -3.4e+38 -3.4e+38 -3.4e+38 32.3233337402344 32.2924995422363 32.2944984436035 32.3055000305176 32.2980003356934 32.2533340454102 32.269832611084 32.2611656188965 32.2736663818359 32.2886657714844 32.2733345031738 32.2900009155273 32.2616653442383 32.2411651611328 32.2533340454102 32.2709999084473 32.2628326416016 32.279167175293 32.2454986572266 32.2250022888184 32.2393341064453 32.2906646728516 32.3289985656738 32.3428344726562 32.3021659851074 32.2329978942871 32.2234992980957 32.2681655883789 32.3226661682129 32.3291664123535 32.3525009155273 32.352165222168 32.3463325500488 32.3468322753906 32.2858352661133 32.261833190918 32.253833770752 32.2886657714844 32.349666595459
-3.4e+38 -3.4e+38 -3.4e+38 -3.4e+38 -3.4e+38 -3.4e+38 -3.4e+38 32.3408317565918 32.3578338623047 32.3250007629395 32.3176651000977 32.3154983520508 32.3216667175293 32.2938346862793 32.287166595459 32.3115005493164 32.298168182373 32.3181686401367 32.311164855957 32.3261680603027 32.3013343811035 32.2953338623047 32.3014984130859 32.2888336181641 32.2779998779297 32.2973327636719 32.2915000915527 32.261833190918 32.2194976806641 32.2611656188965 32.3325004577637 32.2938346862793 32.2636680603027 32.3071670532227 32.3274993896484 32.3839988708496 32.3875007629395 32.3904991149902 32.3844985961914 32.4098320007324 32.4065017700195 32.3821640014648 32.3004989624023 32.2830009460449 32.2996673583984 32.3115005493164 32.3426666259766
-3.4e+38 -3.4e+38 -3.4e+38 -3.4e+38 -3.4e+38 -3.4e+38 -3.4e+38 32.3946685791016 32.386833190918 32.3668327331543 32.345832824707 32.3236656188965 32.3386650085449 32.3269996643066 32.2993316650391 32.2929992675781 32.3330001831055 32.3581657409668 32.3443336486816 32.3580017089844 32.3465003967285 32.3461647033691 32.376335144043 32.3811645507812 32.3503341674805 32.3528327941895 32.357666015625 32.3446655273438 32.2950019836426 32.3283348083496 32.3423347473145 32.2961654663086 32.3341674804688 32.4078330993652 32.3981666564941 32.3801651000977 32.4189987182617 32.3940010070801 32.4005012512207 32.4356689453125 32.5233345031738 32.510498046875 32.4451675415039 32.4136657714844 32.3903350830078 32.4148330688477 32.416332244873
-3.4e+38 -3.4e+38 -3.4e+38 -3.4e+38 -3.4e+38 -3.4e+38 32.5023345947266 32.457332611084 32.4123344421387 32.392333984375 32.3580017089844 32.3646659851074 32.3714981079102 32.3235015869141 32.3036651611328 32.3460006713867 32.3595008850098 32.3683319091797 32.378833770752 32.3914985656738 32.3821678161621 32.4091682434082 32.3926658630371 32.3940010070801 32.3400001525879 32.3511657714844 32.3964996337891 32.3966674804688 32.3354988098145 32.3098335266113 32.279167175293 32.3035011291504 32.3219985961914 32.3981666564941 32.3678321838379 32.3824996948242 32.4021682739258 32.4063339233398 32.359001159668 32.3846664428711 32.4696655273438 32.4819984436035 32.4363327026367 32.4065017700195 32.4090003967285 32.4876670837402 32.4896659851074
-3.4e+38 -3.4e+38 -3.4e+38 -3.4e+38 -3.4e+38 32.503833770752 32.5008316040039 32.4641647338867 32.4278335571289 32.3831672668457 32.3929977416992 32.4249992370605 32.3896675109863 32.3783340454102 32.3515014648438 32.3880004882812 32.4271659851074 32.4151649475098 32.4148330688477 32.4408340454102 32.4080009460449 32.4236679077148 32.4109992980957 32.4230003356934 32.3628349304199 32.3684997558594 32.4233322143555 32.4318351745605 32.3836669921875 32.3548355102539 32.2945022583008 32.3283348083496 32.3639984130859 32.3766670227051 32.3431663513184 32.3321685791016 32.3531684875488 32.316333770752 32.2958335876465 32.3498344421387 32.4253349304199 32.4288330078125 32.421501159668 32.4469985961914 32.4766654968262 32.4573364257812 32.529167175293
-3.4e+38 -3.4e+38 -3.4e+38 -3.4e+38 -3.4e+38 32.4883346557617 32.4763336181641 32.474666595459 32.464168548584 32.4383316040039 32.451831817627 32.4580001831055 32.4536666870117 32.421501159668 32.4046669006348 32.4291648864746 32.4440002441406 32.4466667175293 32.4858322143555 32.4798316955566 32.4706649780273 32.4476661682129 32.4296646118164 32.4496650695801 32.4143333435059 32.3906669616699 32.4226684570312 32.4318313598633 32.3800010681152 32.3395004272461 32.2678337097168 32.3709983825684 32.3878326416016 32.3466682434082 32.3574981689453 32.3491668701172 32.3288345336914 32.311164855957 32.3090019226074 32.3595008850098 32.3428344726562 32.3486671447754 32.4269981384277 32.4791679382324 32.5014991760254 32.5303344726562 32.5521659851074
-3.4e+38 -3.4e+38 -3.4e+38 -3.4e+38 32.5321655273438 32.5356674194336 32.5149993896484 32.5164985656738 32.4934997558594 32.459831237793 32.4345016479492 32.4960021972656 32.5181655883789 32.4648323059082 32.4696655273438 32.4381675720215 32.4873352050781 32.5041656494141 32.5353317260742 32.4938316345215 32.4678344726562 32.4533348083496 32.4578323364258 32.4758338928223 32.4566650390625 32.4254989624023 32.4496688842773 32.4491653442383 32.4513320922852 32.3848342895508 32.3554992675781 32.4114990234375 32.4213333129883 32.3263320922852 32.3675003051758 32.4223327636719 32.4214973449707 32.3494987487793 32.3409996032715 32.3383331298828 32.3176651000977 32.3600006103516 32.5141677856445 32.5068321228027 32.566333770752 32.5771675109863 32.5599975585938
-3.4e+38 -3.4e+38 -3.4e+38 -3.4e+38 32.6278343200684 32.5831680297852 32.545166015625 32.5444984436035 32.5471649169922 32.4868316650391 32.5053329467773 32.5943336486816 32.5563316345215 32.5331649780273 32.5196647644043 32.5386657714844 32.5115013122559 32.5060005187988 32.4980010986328 32.5041656494141 32.5048332214355 32.5031661987305 32.5294990539551 32.5574989318848 32.5386657714844 32.5313339233398 32.5163345336914 32.4566650390625 32.4608345031738 32.4406661987305 32.4196662902832 32.4505004882812 32.3863334655762 32.3091659545898 32.3846664428711 32.4481658935547 32.357666015625 32.3161659240723 32.3680000305176 32.3583335876465 32.3303337097168 32.3758316040039 32.5169982910156 32.6030006408691 32.5794982910156 32.5156669616699 32.7536659240723
-3.4e+38 -3.4e+38 -3.4e+38 -3.4e+38 32.7910003662109 32.7514991760254 32.7569999694824 32.6741676330566 32.5895004272461 32.5521659851074 32.5349998474121 32.5741653442383 32.6198348999023 32.6319999694824 32.6520004272461 32.6380004882812 32.5896644592285 32.6394996643066 32.6450004577637 32.6230010986328 32.5629997253418 32.621166229248 32.6128311157227 32.6431655883789 32.6283340454102 32.6118316650391 32.558666229248 32.5776672363281 32.5509986877441 32.5303344726562 32.4225006103516 32.4103317260742 32.3613319396973 32.3945007324219 32.4483337402344 32.3660011291504 32.320499420166 32.3164978027344 32.3343353271484 32.369499206543 32.3428344726562 32.4155006408691 32.5956649780273 32.6966667175293 32.6228332519531 32.7060012817383 32.8334999084473
