rasters/Chad_bio8.asc
NCOLS 126 
NROWS 192 
XLLCORNER 13.449183796 
YLLCORNER 7.455566751 
CELLSIZE 0.0836128775793651 
NODATA_value -3.4e+38 
[rows 105 to 125 of 192, columns 47 to 93 of 126]
29.6648330688477 29.5791664123535 29.6389999389648 29.6911678314209 29.6134986877441 29.7006664276123 29.7091674804688 29.7685012817383 29.8586673736572 29.8823318481445 29.8514995574951 29.8599987030029 29.8178329467773 29.8565006256104 29.8649997711182 29.8843326568604 29.8178329467773 29.8931655883789 29.8691673278809 29.8606662750244 29.8315010070801 29.8460006713867 29.8306655883789 29.8736667633057 29.8435001373291 29.8306655883789 29.8643321990967 29.9014987945557 29.8991661071777 29.8470001220703 29.8848342895508 29.8075008392334 29.7351665496826 29.7574996948242 29.6813335418701 29.5655002593994 29.4118328094482 29.3339996337891 29.3509998321533 29.2430000305176 29.1891670227051 29.066499710083 28.949499130249 28.6931667327881 28.556999206543 28.5599994659424 28.2950000762939
29.5096664428711 29.5424995422363 29.5828323364258 29.4939994812012 29.4988327026367 29.5839996337891 29.5866680145264 29.6453342437744 29.7556667327881 29.871166229248 29.9306659698486 29.8404998779297 29.746166229248 29.7229995727539 29.7314987182617 29.7121677398682 29.6816673278809 29.7433338165283 29.732666015625 29.6956672668457 29.7011661529541 29.7574996948242 29.7608337402344 29.816333770752 29.7333335876465 29.8098335266113 29.8116664886475 29.7800006866455 29.7504997253418 29.7601661682129 29.8316669464111 29.8146667480469 29.7409992218018 29.7151660919189 29.6108341217041 29.53466796875 29.4580001831055 29.4419994354248 29.3643341064453 29.2601661682129 29.22483253479 29.0381660461426 28.8084983825684 28.5961666107178 28.4246673583984 28.1981678009033 27.8833332061768
29.4376659393311 29.4791660308838 29.3501663208008 29.3439998626709 29.4736652374268 29.5869998931885 29.5974998474121 29.5580005645752 29.6135005950928 29.7458343505859 29.7841663360596 29.6523323059082 29.5279998779297 29.5699996948242 29.6608333587646 29.6331653594971 29.6123332977295 29.6158332824707 29.6218338012695 29.5773334503174 29.6264991760254 29.6531677246094 29.6079998016357 29.6525001525879 29.6998329162598 29.7473335266113 29.7350006103516 29.6919994354248 29.6908340454102 29.7383327484131 29.7473335266113 29.5961666107178 29.6180000305176 29.5499992370605 29.5141658782959 29.5056667327881 29.4641666412354 29.4716682434082 29.3668327331543 29.1640014648438 29.0276660919189 28.7783336639404 28.513334274292 28.2986679077148 28.109167098999 27.7918338775635 27.1110000610352
29.2881660461426 29.3461666107178 29.2961673736572 29.3553333282471 29.4949989318848 29.5890007019043 29.5678329467773 29.5423336029053 29.5043334960938 29.5181655883789 29.5351657867432 29.4753341674805 29.5375003814697 29.5240001678467 29.5836658477783 29.5581665039062 29.5383338928223 29.5138320922852 29.5160007476807 29.5408344268799 29.6046676635742 29.6141662597656 29.5116672515869 29.5419998168945 29.628833770752 29.6758327484131 29.6513328552246 29.6436672210693 29.6590003967285 29.6634998321533 29.6849994659424 29.6374988555908 29.5641670227051 29.5184993743896 29.5361671447754 29.5928325653076 29.571834564209 29.4703330993652 29.2931671142578 29.1003341674805 28.8616676330566 28.6875 28.3351669311523 27.9863338470459 27.6471672058105 27.1908340454102 26.761833190918
29.08766746521 29.1223335266113 29.2285003662109 29.4106674194336 29.4950008392334 29.4686660766602 29.4776668548584 29.4009990692139 29.2943344116211 29.3400001525879 29.3708343505859 29.3055000305176 29.4055004119873 29.3626670837402 29.4796676635742 29.4338340759277 29.3891677856445 29.3240013122559 29.4026660919189 29.4545001983643 29.5025005340576 29.5163345336914 29.4406661987305 29.3976669311523 29.5020008087158 29.5736675262451 29.6166667938232 29.6161670684814 29.6646671295166 29.6593322753906 29.6593341827393 29.6224994659424 29.5268325805664 29.5166664123535 29.5676670074463 29.5430011749268 29.4225006103516 29.283166885376 29.0993328094482 28.9073333740234 28.7883338928223 28.6240005493164 28.2070007324219 27.6838340759277 27.087833404541 26.9118328094482 26.6354999542236
28.9491653442383 29.0086669921875 29.1091651916504 29.2236671447754 29.2760009765625 29.2491664886475 29.2466659545898 29.1685009002686 29.1946659088135 29.2339992523193 29.1753330230713 29.2298336029053 29.2571659088135 29.236499786377 29.3033332824707 29.2851676940918 29.2821655273438 29.2725009918213 29.3621654510498 29.4311676025391 29.4876670837402 29.5325012207031 29.4874992370605 29.4263343811035 29.4119987487793 29.421667098999 29.4729995727539 29.5133323669434 29.5831661224365 29.6138343811035 29.5478324890137 29.4771671295166 29.5133323669434 29.4028339385986 29.299165725708 29.2154998779297 29.1160011291504 28.9806671142578 28.8665008544922 28.6183338165283 28.5873336791992 28.4538326263428 28.0868339538574 27.5313339233398 27.2413330078125 26.9986667633057 26.8141670227051
28.9019985198975 28.9650001525879 29.0423336029053 29.089334487915 29.1348342895508 29.1044998168945 29.0769996643066 29.1341667175293 29.1241664886475 29.0706672668457 29.0685005187988 29.1226654052734 29.1041660308838 29.1626663208008 29.1826667785645 29.1908340454102 29.2476673126221 29.2934989929199 29.369499206543 29.4221668243408 29.4316654205322 29.4011669158936 29.4294986724854 29.451000213623 29.3914985656738 29.3396663665771 29.4500007629395 29.5718326568604 29.5283336639404 29.4676666259766 29.3514995574951 29.2648334503174 29.2691669464111 29.1698341369629 29.0143337249756 28.9528331756592 28.8776664733887 28.7661666870117 28.7215003967285 28.5901660919189 28.3978328704834 28.0970001220703 27.7688331604004 27.5305004119873 27.3215007781982 27.0446662902832 26.9165000915527
28.7436676025391 28.7916679382324 28.8363342285156 28.9793319702148 29.0111656188965 29.0393333435059 29.0319995880127 29.0656661987305 29.0696659088135 29.0121669769287 29.0780010223389 29.167667388916 29.0921669006348 29.0475006103516 29.1280002593994 29.1641674041748 29.2433338165283 29.2150001525879 29.2308330535889 29.2469997406006 29.2533340454102 29.2588329315186 29.3285007476807 29.295166015625 29.2080001831055 29.2213325500488 29.3821659088135 29.4126663208008 29.304666519165 29.1841659545898 29.1216659545898 29.0601673126221 29.007833480835 28.9166660308838 28.8619995117188 28.7996673583984 28.6866664886475 28.6336669921875 28.5868339538574 28.4871673583984 28.1361675262451 27.753999710083 27.7718334197998 27.3904991149902 27.1525001525879 26.9949989318848 26.9831657409668
28.5553340911865 28.6476669311523 28.8133335113525 28.9133319854736 28.8903331756592 29.0174999237061 29.0498332977295 28.9741668701172 29.046667098999 29.1348342895508 29.1418342590332 29.1084995269775 29.1035003662109 29.058500289917 29.1301670074463 29.1418342590332 29.1319999694824 29.0725002288818 29.1066665649414 29.1585006713867 29.2171669006348 29.2425003051758 29.2670001983643 29.1883335113525 29.1053333282471 29.1163330078125 29.2141666412354 29.2566661834717 29.1528339385986 29.1191673278809 29.0625 29.0181674957275 28.9145011901855 28.7814998626709 28.6896667480469 28.7046661376953 28.7355003356934 28.6933326721191 28.5550003051758 28.3618335723877 28.253999710083 27.9806671142578 27.8268337249756 27.5133323669434 27.3360004425049 27.166166305542 27.1346664428711
28.5218334197998 28.6009998321533 28.7306671142578 28.7921676635742 28.8398342132568 28.8786659240723 29.0076675415039 29.0643329620361 29.0650005340576 29.0049991607666 28.9488334655762 28.9426670074463 28.9575004577637 28.9566650390625 29.037166595459 29.0573348999023 29.0066680908203 28.9956665039062 29.0356674194336 29.1326675415039 29.1208324432373 29.1428337097168 29.2129993438721 29.203498840332 29.1118335723877 29.1468334197998 29.1271667480469 29.0965003967285 29.0473327636719 28.9946670532227 28.9383335113525 28.9308319091797 28.845666885376 28.765832901001 28.7754993438721 28.7915000915527 28.8304996490479 28.6895008087158 28.2333335876465 28.007999420166 28.1201667785645 28.0431671142578 27.8836669921875 27.6393337249756 27.5376663208008 27.3921661376953 27.2455005645752
28.517333984375 28.5709991455078 28.6628341674805 28.7185001373291 28.7485008239746 28.8113327026367 28.9411659240723 28.9106674194336 28.9208316802979 28.8371658325195 28.8055000305176 28.7759990692139 28.7456665039062 28.7938346862793 28.8738327026367 28.9120006561279 28.9365005493164 28.9286670684814 29.0003337860107 29.0363330841064 29.070333480835 29.007999420166 28.9645004272461 29.1245002746582 29.1331672668457 29.1098346710205 29.0709991455078 29.0060005187988 29.0063323974609 28.9451675415039 28.9005012512207 28.8168334960938 28.7676658630371 28.7551670074463 28.7393341064453 28.7275009155273 28.7903347015381 28.4539985656738 28.2448329925537 28.1778335571289 28.1873340606689 28.1153335571289 27.9530010223389 27.6838340759277 27.4781665802002 27.4423332214355 27.300500869751
28.4373321533203 28.4841651916504 28.5493335723877 28.599666595459 28.6256675720215 28.7115001678467 28.8099994659424 28.7919998168945 28.7901649475098 28.6691665649414 28.6336669921875 28.6184997558594 28.675666809082 28.6876678466797 28.7408332824707 28.7978324890137 28.7603340148926 28.7756671905518 28.8641662597656 28.8886680603027 28.9266662597656 28.9419994354248 28.9235000610352 28.9888324737549 29.0476684570312 29.0201663970947 29.0041656494141 29.0050010681152 28.9598331451416 28.9910011291504 29.0063323974609 28.9448337554932 29.0183334350586 28.9925003051758 29.0143337249756 28.949499130249 28.7320003509521 28.1459999084473 28.2363319396973 28.2243328094482 28.1841659545898 28.0830001831055 27.8861656188965 27.6323318481445 27.38450050354 27.441333770752 27.2433338165283
28.3404998779297 28.3716659545898 28.466833114624 28.4974994659424 28.4676666259766 28.5923347473145 28.6918334960938 28.7343330383301 28.6744995117188 28.5673332214355 28.5138339996338 28.5611667633057 28.6598339080811 28.6801662445068 28.6784992218018 28.7331657409668 28.7266674041748 28.7328338623047 28.7744998931885 28.7929992675781 28.8215007781982 28.8704986572266 28.992166519165 29.1140003204346 29.0243339538574 28.8966674804688 28.9603328704834 29.0003337860107 28.8915004730225 28.9138336181641 28.8951663970947 28.7913341522217 28.8094997406006 28.8518333435059 28.9375 28.9885005950928 28.7518329620361 28.3718318939209 28.2188339233398 28.2016677856445 28.1513328552246 28.1133327484131 27.8976669311523 27.7213325500488 27.570333480835 27.4888324737549 27.3435001373291
28.2693328857422 28.3431663513184 28.3953323364258 28.4088325500488 28.390832901001 28.503999710083 28.5886669158936 28.5988330841064 28.5131664276123 28.4749984741211 28.4798336029053 28.5646667480469 28.5970001220703 28.6148338317871 28.6181659698486 28.658166885376 28.6553344726562 28.6669998168945 28.7291660308838 28.7828350067139 28.860668182373 28.9581661224365 29.0231666564941 29.128833770752 29.0801658630371 29.011833190918 28.9479999542236 28.8470001220703 28.7666664123535 28.7735004425049 28.8238334655762 28.8215007781982 28.7848339080811 28.8308334350586 28.8651657104492 28.8261661529541 28.5926666259766 28.333833694458 28.1588325500488 28.1709995269775 28.0601673126221 28.0356674194336 27.9570007324219 27.7700004577637 27.5193328857422 27.5033340454102 27.3040008544922
28.1830005645752 28.2553329467773 28.3066673278809 28.3274993896484 28.3596668243408 28.4071674346924 28.4518337249756 28.3544998168945 28.3050003051758 28.4338340759277 28.4158325195312 28.4071655273438 28.4829998016357 28.4966659545898 28.5275001525879 28.5774993896484 28.6595001220703 28.7321662902832 28.730167388916 28.7553329467773 28.8326663970947 28.9431667327881 28.9673328399658 28.9768333435059 28.9535007476807 28.9551658630371 28.9806671142578 28.9636669158936 28.9134998321533 28.7115001678467 28.7416648864746 28.820499420166 28.7670001983643 28.7011661529541 28.663667678833 28.507833480835 28.3836669921875 28.3226661682129 27.9266662597656 27.7091655731201 27.9906673431396 27.9954986572266 27.962833404541 27.6065006256104 27.3155002593994 27.3656673431396 27.3420009613037
28.1791667938232 28.2138328552246 28.2516670227051 28.2604999542236 28.253999710083 28.3703327178955 28.3255004882812 28.280834197998 28.2985000610352 28.4418334960938 28.4148330688477 28.3413333892822 28.3419990539551 28.3996658325195 28.4751682281494 28.4686660766602 28.5576667785645 28.666332244873 28.6538333892822 28.7035007476807 28.7306671142578 28.7761650085449 28.7893333435059 28.7971649169922 28.8708343505859 28.8813323974609 28.8444995880127 28.9261665344238 28.912166595459 28.8295001983643 28.7304992675781 28.7134990692139 28.7744998931885 28.7355003356934 28.4293327331543 28.2940006256104 28.5676670074463 28.392333984375 28.0389995574951 27.7508335113525 28.0294990539551 27.9563331604004 27.8121681213379 27.566499710083 27.3743324279785 27.2796669006348 27.3129997253418
28.1703338623047 28.1441669464111 28.1551666259766 28.2318344116211 28.2894992828369 28.3453330993652 28.3091659545898 28.2528324127197 28.2683334350586 28.3251667022705 28.3886661529541 28.3920001983643 28.3498344421387 28.3463325500488 28.3964996337891 28.4146671295166 28.4436664581299 28.4988346099854 28.5301666259766 28.6105003356934 28.5865001678467 28.5803337097168 28.6071662902832 28.6531658172607 28.7371654510498 28.7676658630371 28.8521671295166 28.92799949646 28.8071670532227 28.736499786377 28.6870002746582 28.5366668701172 28.451000213623 28.3721675872803 28.2859992980957 28.5671672821045 28.6356658935547 28.5078315734863 28.2218341827393 28.1053333282471 28.0266666412354 27.7171669006348 27.5091667175293 27.6671657562256 27.5758323669434 27.3409996032715 27.2986660003662
28.0685005187988 28.0881671905518 28.154333114624 28.1836681365967 28.2098331451416 28.2271671295166 28.195499420166 28.1076679229736 28.1261672973633 28.2786674499512 28.3531665802002 28.367166519165 28.3388328552246 28.3313331604004 28.3824996948242 28.3943328857422 28.4155006408691 28.4285011291504 28.4016666412354 28.4150009155273 28.4409999847412 28.5115013122559 28.5400009155273 28.5926666259766 28.5853328704834 28.5564994812012 28.8933334350586 29.0178337097168 29.0130004882812 28.7633323669434 28.5523338317871 28.4473342895508 28.3535003662109 28.0868339538574 28.3724994659424 28.5879993438721 28.6056671142578 28.4193325042725 27.9481658935547 27.8958339691162 27.6666660308838 27.6016654968262 27.5304985046387 27.5168323516846 27.5719985961914 27.4079990386963 27.3880004882812
28.1738338470459 28.1439990997314 28.0970001220703 28.1359996795654 28.1861667633057 28.171501159668 28.0313339233398 28.0709991455078 28.0893325805664 28.2188339233398 28.3199996948242 28.3018341064453 28.3261661529541 28.3563327789307 28.4408340454102 28.4386672973633 28.3701667785645 28.3383331298828 28.3595008850098 28.4370002746582 28.4428329467773 28.4323329925537 28.4078330993652 28.541166305542 28.5626678466797 28.6413326263428 28.7005004882812 28.7888336181641 28.8986663818359 28.6658344268799 28.5839996337891 28.632833480835 28.4918327331543 28.4463329315186 28.3673324584961 28.421667098999 28.5436668395996 28.4085006713867 28.0473327636719 27.8660011291504 27.6040000915527 27.6469993591309 27.5521659851074 27.4526672363281 27.4519996643066 27.6159992218018 27.6504993438721
28.119499206543 28.1215000152588 28.0638332366943 28.154333114624 28.1793327331543 28.0456676483154 28.1113338470459 28.2776679992676 28.1348342895508 28.1831665039062 28.2573337554932 28.298999786377 28.3253326416016 28.3761672973633 28.4096660614014 28.4004993438721 28.2438335418701 28.1809997558594 28.2146663665771 28.3221664428711 28.3320007324219 28.3719997406006 28.4689998626709 28.6258335113525 28.655834197998 28.5398330688477 28.6376667022705 28.7945003509521 28.8206672668457 28.7000007629395 28.6014995574951 28.5748329162598 28.5044994354248 28.4868335723877 28.3064994812012 28.3118343353271 28.3864994049072 28.4300003051758 28.1525001525879 28.0471668243408 27.7273330688477 27.5476665496826 27.5675010681152 27.5111656188965 27.4763336181641 27.5959987640381 27.6071662902832
27.6246662139893 27.861499786377 28.0299987792969 27.9763336181641 27.8588333129883 27.8976669311523 28.2396659851074 28.1854991912842 28.042667388916 28.070333480835 28.1813335418701 28.2278327941895 28.2449989318848 28.3001670837402 28.2550010681152 28.1259994506836 28.0486660003662 28.1660003662109 28.1781673431396 28.1140003204346 28.1388320922852 28.1695003509521 28.3066673278809 28.424165725708 28.4435005187988 28.357666015625 28.5709991455078 28.691333770752 28.6886672973633 28.3959999084473 28.3834991455078 28.4375 28.4233322143555 28.1881675720215 28.1616668701172 28.1844997406006 28.1485004425049 28.0739994049072 28.1000003814697 28.1725006103516 27.9724998474121 27.7308330535889 27.7274990081787 27.6749992370605 27.6000003814697 27.4131660461426 27.4406661987305
