rasters/Chad_bio10.asc
NCOLS 126 
NROWS 192 
XLLCORNER 13.449183796 
YLLCORNER 7.455566751 
CELLSIZE 0.0836128775793651 
NODATA_value -3.4e+38 
[rows 147 to 167 of 192, columns 47 to 93 of 126]
32.2623329162598 32.2193336486816 32.1171646118164 32.022331237793 31.8543319702148 31.450834274292 31.8796672821045 31.998498916626 31.9353332519531 31.7536678314209 31.7895011901855 31.6088333129883 31.4055004119873 31.283166885376 31.6921672821045 31.5890007019043 31.5853328704834 31.4988327026367 31.3773326873779 31.3586654663086 31.4601669311523 31.3838329315186 31.2546653747559 31.1275005340576 31.0890007019043 31.1555004119873 31.1984996795654 30.9646663665771 31.1126670837402 31.076000213623 31.0601673126221 31.0376663208008 31.0421676635742 30.978666305542 30.9303340911865 30.7976665496826 30.7188339233398 30.6809997558594 30.795166015625 30.7776660919189 30.7528324127197 30.6938343048096 30.6721668243408 30.7748336791992 30.691333770752 30.57200050354 30.5373344421387
32.2478332519531 32.185001373291 32.1376686096191 32.0673332214355 32.0536651611328 31.4029998779297 31.8186645507812 31.9328327178955 31.7961654663086 31.7141666412354 31.816499710083 31.8138332366943 31.7953338623047 31.7521667480469 31.679500579834 31.6833343505859 31.5888328552246 31.5240001678467 31.3798332214355 31.3546657562256 31.3540000915527 31.3371658325195 31.2096672058105 31.1633338928223 31.2084999084473 31.1018333435059 31.0240001678467 30.853666305542 31.0113315582275 31.0530014038086 31.0375003814697 31.0516662597656 31.021333694458 30.9166660308838 30.8409996032715 30.8136672973633 30.7003345489502 30.6576671600342 30.703498840332 30.8308334350586 30.7496662139893 30.7291660308838 30.701000213623 30.7296676635742 30.6206665039062 30.4939994812012 30.5804996490479
32.1336669921875 32.1571655273438 32.1428337097168 32.0773315429688 32.1028327941895 31.8985004425049 31.96533203125 31.86549949646 31.6228332519531 31.6006660461426 31.6689987182617 31.6499996185303 31.6805000305176 31.4853324890137 31.4738349914551 31.5306663513184 31.575834274292 31.5693340301514 31.4986667633057 31.386833190918 31.2866668701172 31.1704998016357 31.1126670837402 31.1153335571289 31.1424999237061 31.1468334197998 31.0828323364258 30.9481658935547 31.0820007324219 31.0364990234375 31.0261650085449 31.0048332214355 30.9596652984619 30.7741661071777 30.6766662597656 30.8263320922852 30.7700004577637 30.6794986724854 30.7566661834717 30.8558330535889 30.7514991760254 30.7661666870117 30.7534999847412 30.7496681213379 30.6094989776611 30.4586658477783 30.5428333282471
32.1058349609375 32.1401672363281 32.1435012817383 32.0698318481445 32.0296669006348 31.973165512085 31.9266662597656 31.8561668395996 31.595832824707 31.5696659088135 31.5961666107178 31.6208343505859 31.5576667785645 30.8723335266113 31.0243339538574 31.4101657867432 31.5446662902832 31.4988327026367 31.4226665496826 31.3946666717529 31.3071670532227 31.2830009460449 31.2299995422363 31.0410003662109 30.9793338775635 31.0590000152588 31.1043338775635 30.9580001831055 31.0200004577637 30.9133338928223 30.9248332977295 30.9283332824707 30.7661666870117 30.6751670837402 30.6438331604004 30.8733329772949 30.8403339385986 30.7336654663086 30.6526679992676 30.7223339080811 30.7203330993652 30.7653331756592 30.8123321533203 30.6800003051758 30.5576667785645 30.429666519165 30.5084991455078
32.0284996032715 32.0021667480469 32.0266647338867 31.9773330688477 31.8660011291504 31.8398342132568 31.8985004425049 31.7843341827393 31.5868339538574 31.5391674041748 31.5488319396973 31.591667175293 31.3786659240723 31.4160003662109 31.1721668243408 31.4290008544922 31.3894996643066 31.3724994659424 31.3360004425049 31.3021659851074 31.2670001983643 31.2400016784668 31.179500579834 30.9983329772949 30.9270000457764 30.951000213623 31.1048336029053 31.0691661834717 30.9570007324219 31.0214996337891 30.8808326721191 30.6865005493164 30.6396675109863 30.6073322296143 30.7054996490479 30.7886657714844 30.7373332977295 30.6585006713867 30.6975002288818 30.6351661682129 30.6749992370605 30.8538341522217 30.7786655426025 30.6865005493164 30.5303325653076 30.4214992523193 30.5270004272461
31.916332244873 31.9253330230713 31.904167175293 31.9954986572266 31.9363327026367 31.8844985961914 31.861665725708 31.755500793457 31.6758327484131 31.5439987182617 31.4934997558594 31.378999710083 31.2991676330566 31.3821659088135 31.3724994659424 31.3246669769287 31.2945003509521 31.1068325042725 31.029167175293 31.1275005340576 31.117166519165 31.2011661529541 31.1386661529541 30.957332611084 30.8268337249756 30.9934997558594 31.0463333129883 31.0028343200684 30.908332824707 30.8225002288818 30.4963321685791 30.4599990844727 30.4535007476807 30.6254997253418 30.7775001525879 30.7578315734863 30.7265014648438 30.6798324584961 30.57200050354 30.6380004882812 30.8055000305176 30.8476676940918 30.7193336486816 30.6633338928223 30.5033340454102 30.4409999847412 30.4724998474121
31.8523330688477 31.8498344421387 31.9090003967285 31.9356670379639 31.7709999084473 31.7150001525879 31.783332824707 31.8136672973633 31.7393341064453 31.6063327789307 31.5071678161621 31.3371658325195 31.2328338623047 31.2904987335205 31.2996673583984 31.3013343811035 31.2511653900146 31.1886653900146 31.0904998779297 31.0741672515869 31.0446662902832 31.1160011291504 31.1598339080811 30.8256664276123 30.8113327026367 30.9111671447754 30.9693336486816 30.8648338317871 30.8068332672119 30.5850009918213 30.5711669921875 30.594165802002 30.6456661224365 30.7355003356934 30.7311668395996 30.6855010986328 30.6695003509521 30.7163333892822 30.6278343200684 30.5741672515869 30.6046676635742 30.6366672515869 30.6504993438721 30.5521659851074 30.5510005950928 30.5453338623047 30.4388332366943
31.7005004882812 31.6944999694824 31.8359985351562 31.8626670837402 31.8075008392334 31.7816677093506 31.8621673583984 31.7773323059082 31.716667175293 31.7369995117188 31.5205001831055 31.3144989013672 31.295166015625 31.291166305542 31.279167175293 31.2625007629395 31.1933326721191 31.0298328399658 31.0149993896484 31.0183334350586 30.9693336486816 30.9519996643066 31.0983333587646 30.843334197998 30.8371677398682 30.8815002441406 30.9341678619385 30.8841667175293 30.7608337402344 30.7345008850098 30.808500289917 30.7678337097168 30.7430000305176 30.7256660461426 30.7523326873779 30.6726665496826 30.7043342590332 30.65966796875 30.5493335723877 30.5130004882812 30.5053329467773 30.5328330993652 30.5261669158936 30.4475002288818 30.5699996948242 30.4925003051758 30.3826675415039
31.7480010986328 31.6879997253418 31.6654987335205 31.6693325042725 31.7001667022705 31.7144985198975 31.8183326721191 31.720832824707 31.7096672058105 31.6741676330566 31.5639991760254 31.4286670684814 31.4331665039062 31.3096656799316 31.2038345336914 31.1088333129883 31.1101665496826 31.0764999389648 31.0228328704834 30.9965000152588 30.9211673736572 30.8351669311523 30.9344997406006 30.8903331756592 30.769832611084 30.7985000610352 30.8478336334229 30.6666660308838 30.5650005340576 30.7875003814697 30.7574996948242 30.7854995727539 30.7859992980957 30.7516670227051 30.6049995422363 30.6110000610352 30.5881671905518 30.5365009307861 30.4766674041748 30.4845008850098 30.4196681976318 30.405834197998 30.4776668548584 30.3786659240723 30.4535007476807 30.3981666564941 30.3894996643066
31.6049995422363 31.6455001831055 31.5711669921875 31.6486663818359 31.6911659240723 31.6526660919189 31.7353324890137 31.6523323059082 31.6189994812012 31.6488342285156 31.6483325958252 31.5348320007324 31.4398345947266 31.3346672058105 31.181999206543 31.0126667022705 30.9896659851074 30.8059997558594 30.8218326568604 30.9270000457764 30.8556671142578 30.8640003204346 30.8411655426025 30.7481670379639 30.7093334197998 30.5613327026367 30.595832824707 30.5855007171631 30.6921672821045 30.8158340454102 30.7705001831055 30.7778339385986 30.7530002593994 30.7178344726562 30.5856666564941 30.5214996337891 30.4753341674805 30.4525012969971 30.4831657409668 30.4901676177979 30.4890003204346 30.4449996948242 30.4526672363281 30.3811664581299 30.3525009155273 30.3031673431396 30.3214988708496
31.4061660766602 31.5686664581299 31.5518341064453 31.6599998474121 31.7275009155273 31.6758327484131 31.7091674804688 31.7099990844727 31.655834197998 31.57200050354 31.6218338012695 31.4794998168945 31.4806671142578 31.3050003051758 31.1616668701172 31.0668334960938 30.844165802002 30.7006664276123 30.7413330078125 30.8004989624023 30.8320007324219 30.8598327636719 30.7830009460449 30.6511669158936 30.628999710083 30.5895004272461 30.5488338470459 30.6828327178955 30.8014984130859 30.7840003967285 30.7755012512207 30.757833480835 30.7509994506836 30.6875 30.3894996643066 30.4333343505859 30.3740005493164 30.2986660003662 30.4008331298828 30.450834274292 30.4521675109863 30.4221668243408 30.4268341064453 30.3955001831055 30.4015007019043 30.3898334503174 30.3460006713867
31.4529991149902 31.4916667938232 31.5821666717529 31.5948333740234 31.7145004272461 31.6935005187988 31.6359996795654 31.6318321228027 31.5436668395996 31.4861660003662 31.4160003662109 31.3743343353271 31.3299999237061 31.1833343505859 31.1805000305176 31.0881652832031 30.8150005340576 30.8484992980957 30.7935009002686 30.8748340606689 30.8215007781982 30.7971649169922 30.6860008239746 30.6523342132568 30.566499710083 30.6008338928223 30.5601673126221 30.7360000610352 30.7749996185303 30.732666015625 30.767333984375 30.7233333587646 30.7609996795654 30.5531673431396 30.3529987335205 30.4058322906494 30.3053340911865 30.3500003814697 30.4669990539551 30.3878326416016 30.3579998016357 30.3955001831055 30.4191665649414 30.4271659851074 30.3886661529541 30.3628330230713 30.3826675415039
31.4388332366943 31.4113330841064 31.5515003204346 31.5036659240723 31.5851669311523 31.6346664428711 31.5768337249756 31.5319995880127 31.4401664733887 31.3680000305176 31.3168334960938 31.36549949646 31.3228340148926 31.2029991149902 31.1216659545898 31.017333984375 30.9099998474121 30.8544998168945 30.8206672668457 30.8361663818359 30.8443336486816 30.8080005645752 30.5931663513184 29.8439998626709 29.7765007019043 30.4270000457764 30.5033340454102 30.7758331298828 30.7584991455078 30.7290000915527 30.6764984130859 30.6666679382324 30.5716667175293 30.3736667633057 30.3328323364258 30.3073329925537 30.4139995574951 30.4158325195312 30.367166519165 30.3403339385986 30.3228340148926 30.3643341064453 30.3938331604004 30.4101657867432 30.3775005340576 30.3648338317871 30.4093341827393
31.2106666564941 31.2796669006348 31.3894996643066 31.4223327636719 31.3431663513184 31.4744987487793 31.4671669006348 31.4130001068115 31.3571662902832 31.231164932251 31.1981658935547 31.2556667327881 31.2606658935547 31.1673336029053 31.1041660308838 31.0141658782959 30.9431667327881 30.8423328399658 30.7981662750244 30.6848335266113 30.6318321228027 30.357666015625 30.4408321380615 30.2621669769287 30.1180000305176 30.4328327178955 30.4283332824707 30.5354995727539 30.5825004577637 30.621166229248 30.6110000610352 30.605167388916 30.3731670379639 30.2478332519531 30.2495002746582 30.3589992523193 30.3508338928223 30.3645000457764 30.3864994049072 30.3976669311523 30.3971672058105 30.3858337402344 30.3568325042725 30.3041667938232 30.3068332672119 30.3141670227051 30.2956657409668
31.2084999084473 31.1528339385986 31.220832824707 31.3986663818359 31.2733325958252 31.3236656188965 31.2969989776611 31.2779998779297 31.2378349304199 31.1761665344238 31.1691665649414 31.1386661529541 31.1363334655762 31.1483345031738 31.13450050354 30.9948329925537 30.8311672210693 30.7665004730225 30.6765003204346 30.6054992675781 30.564001083374 30.5303325653076 30.7081661224365 30.8043327331543 30.5618343353271 30.5888328552246 30.5438346862793 30.5761680603027 30.5108337402344 30.5398330688477 30.486665725708 30.3628330230713 30.1846656799316 30.2428340911865 30.3801670074463 30.2936668395996 30.3623332977295 30.3489990234375 30.3834991455078 30.3728332519531 30.3763332366943 30.4379997253418 30.3971672058105 30.3153324127197 30.2536659240723 30.287166595459 -3.4e+38
31.2091674804688 31.117166519165 31.1440010070801 31.2516670227051 31.3646659851074 31.2129993438721 31.2140007019043 31.2224998474121 31.2185001373291 31.1784992218018 31.1788330078125 31.0658340454102 31.0424995422363 31.095666885376 31.1611671447754 30.9879989624023 30.7293319702148 30.628833770752 30.6193332672119 30.6469993591309 30.7998332977295 30.800500869751 30.796501159668 30.779167175293 30.6496658325195 30.6119995117188 30.6471672058105 30.4806671142578 30.4766654968262 30.3626670837402 30.296667098999 30.2361660003662 30.3274993896484 30.4098339080811 30.4354991912842 30.3804988861084 30.3395004272461 30.3136672973633 30.3646659851074 30.4074993133545 30.3738327026367 30.4408340454102 30.3946666717529 30.2805004119873 30.263500213623 -3.4e+38 -3.4e+38
31.1678333282471 31.1399993896484 31.101167678833 31.0866661071777 31.2113342285156 31.2758331298828 31.1793327331543 31.1656665802002 31.1801662445068 31.1251678466797 31.1341667175293 31.1459999084473 31.1163330078125 31.0801658630371 31.0424995422363 30.9503326416016 30.617166519165 30.5970001220703 30.7946662902832 30.8596668243408 30.8103332519531 30.7176666259766 30.6961669921875 30.7115001678467 30.6053333282471 30.5601673126221 30.5281658172607 30.3819999694824 30.3579998016357 30.181999206543 30.19700050354 30.3616676330566 30.458833694458 30.3943328857422 30.324333190918 30.3185005187988 30.2795009613037 30.3628330230713 30.3511657714844 30.400333404541 30.3928337097168 30.337833404541 30.2521667480469 30.2470016479492 -3.4e+38 -3.4e+38 -3.4e+38
31.1403331756592 31.1494998931885 31.166166305542 31.130500793457 31.1286678314209 31.267333984375 31.1901664733887 31.1631660461426 31.1923332214355 31.1634998321533 31.1550006866455 31.1083335876465 30.9831657409668 30.8666667938232 30.7449989318848 30.7238330841064 30.6663341522217 30.6686668395996 30.8426666259766 30.8295001983643 30.7439994812012 30.6656665802002 30.6706676483154 30.5176677703857 30.4930000305176 30.4715003967285 30.3775005340576 30.234001159668 30.212833404541 30.2238330841064 30.3288326263428 30.3589992523193 30.4093341827393 30.3836669921875 30.2884998321533 30.2081661224365 30.2714996337891 30.3133335113525 30.3606662750244 30.3586654663086 30.2345008850098 30.1371669769287 30.1303329467773 -3.4e+38 -3.4e+38 -3.4e+38 -3.4e+38
31.1126670837402 31.0126667022705 31.0476665496826 30.9396667480469 30.9226665496826 31.0748329162598 31.1525001525879 31.1404991149902 31.0758323669434 31.1206665039062 31.0736656188965 30.9776668548584 30.9248332977295 30.8866672515869 30.8395004272461 30.7185001373291 30.6446666717529 30.5496673583984 30.6590003967285 30.7606658935547 30.7006664276123 30.6928329467773 30.4976673126221 30.4140014648438 30.3088340759277 30.2548332214355 30.1906681060791 30.1951675415039 30.3721675872803 30.34033203125 30.3020000457764 30.3586654663086 30.3610000610352 30.2878341674805 30.2135009765625 30.234167098999 30.2223339080811 30.3603324890137 30.3593330383301 30.2226676940918 30.0768337249756 30.054666519165 30.0903339385986 -3.4e+38 -3.4e+38 -3.4e+38 -3.4e+38
31.0178337097168 30.9908332824707 30.9503326416016 30.9309997558594 30.939998626709 30.9333324432373 30.9898338317871 31.1321659088135 31.017333984375 31.0034999847412 30.9338340759277 31.0526657104492 31.045166015625 30.8373336791992 30.5921669006348 30.4955005645752 30.3366661071777 30.2964992523193 30.5433330535889 30.5723342895508 30.6128330230713 30.4451675415039 30.2685012817383 30.1375007629395 30.171667098999 30.1491661071777 30.1813335418701 30.3863334655762 30.4506664276123 30.3053321838379 30.2848339080811 30.3438339233398 30.306999206543 30.2838325500488 30.291166305542 30.2683334350586 30.3288326263428 30.2721672058105 30.1453342437744 30.0319995880127 30.0223331451416 30.0044994354248 -3.4e+38 -3.4e+38 -3.4e+38 -3.4e+38 -3.4e+38
31.0018329620361 31.0034999847412 30.8653335571289 30.7299995422363 30.8225002288818 30.6598339080811 30.8306655883789 30.9956665039062 30.9066677093506 30.9728336334229 30.974666595459 30.9876670837402 30.9848327636719 30.6723327636719 30.1416664123535 30.0424995422363 30.5685005187988 30.5193328857422 30.5436668395996 30.4698333740234 30.2471656799316 30.1516666412354 30.1820011138916 30.2089996337891 30.2656669616699 30.3371658325195 30.3423328399658 30.3248329162598 30.2238330841064 30.1996669769287 30.2480010986328 30.3579998016357 30.3374996185303 30.2238330841064 30.310001373291 30.2508335113525 30.2060012817383 30.0764999389648 29.9635009765625 29.9050006866455 29.8518333435059 -3.4e+38 -3.4e+38 -3.4e+38 -3.4e+38 -3.4e+38 -3.4e+38
