rasters/Chad_SNDPPT_M_sl2_250m_ll.asc
NCOLS 126 
NROWS 192 
XLLCORNER 13.449183796 
YLLCORNER 7.455566751 
CELLSIZE 0.0836128775793651 
NODATA_value -9999 
[rows 110 to 131 of 192, columns 49 to 97 of 126]
76.9542410714297 79 77.830677496693 77.1666666666655 75.2981047453688 85 84.3776041666666 82 83.5027281746049 86.2445126488103 74.7552083333331 77.4253162202388 79.5799851190471 79.8650793650797 80.9580129794974 77.6223958333335 79 80.7871093749992 68.9190848214295 75.9579716435188 77.9535486937836 79.9941716269835 78.872674851191 80.9041418650803 82.4889322916655 71.4879092261887 73.5600921792326 66.8921130952359 75.1221271494705 75.4743200231495 72.9425843253949 79.6538628472208 73.9984912367727 84.1393539186508 84.1301669973552 80.7552083333331 74.9865141369052 75.1706349206354 76.4957320601864 79.2697792658728 75.095754794972 73.1010044642827 78.8136470734128 81.8505601025137 83.4962280919301 81.533203125001 81.7646226025124 82.9603174603186 76.7228422619055
73.2594866071437 77.2224495701061 75.3121796461656 80.6636284722222 79.4661148313476 83.5787657076709 81.4107452876967 76.1886574074052 80.134889632934 83.7657180059514 80.3812210648135 79.6626984126974 82.0390004960319 78.7080439814792 83.1837074239402 78.8072916666656 76.6697978670643 77.5942563657396 78.7010788690443 76.5574673445762 77.06969246032 79 72.344380373677 82.0708085317486 77.7400173611106 72.9552331349196 71.0354972718255 67.6887090773782 68.0520626653446 73.3299644510584 74.7698722718275 75.8498263888886 80.3112599206337 79.8870597718256 70.887266451723 72.8482246197101 71.5320870535674 79.6071635251325 78.4036458333328 78.7373201884919 59.7281952711661 87.5963541666672 80.3710007440471 70.8012566137579 84.9254608961679 86.1009114583339 76.9258225859785 71.8677868716936 73.371589781746
75.7617187499982 79.4821428571431 74.0068824404763 79.3326822916659 80.8520585317462 81.3934461805569 80.8474702380987 78.9223710317447 77.5767919146839 79.4015066964271 77.3435329861096 80.5228794642854 79.0252046130942 81.8650793650797 77.3912140376992 77.140345982144 78.6626984126974 78.5572916666624 82.6721540178584 82.7355840773801 80.3768291170647 80.0135788690492 83.9369109623017 84.5771329365049 86.4042968749989 67.2557353670634 65.6073288690459 66.5315290178569 58.0222904265846 70.5966951884913 75.7109374999979 80.2745225694455 81.5039682539682 78.762834821426 73.804439484125 77.76872519841 73.3989955357158 77.7860553075408 74.7419704861091 65.4565662202436 79.059709821428 80 76.8005022321414 76.1293092757926 82.0272817460294 67.4277343749985 71.1995287698414 71.1168464781753 71.9718191964303
74.8630952380999 78.1422371031749 80.4087094907414 82.5442708333331 79.4115616732788 78.9913711144181 81.4503038194456 78.8100301752642 83.8312148644205 80.0904947916678 79.0885416666662 78 73.2730034722215 79.9017960482806 78.5442708333331 80.2023809523806 82.8109705687814 79.6251446759285 83.6347656250009 88.5961164847884 84.6563946759244 87.9924665178563 79.2979083994696 88.6520337301599 86.5052083333334 74.4087094907414 61.3406187996032 55.7242373511928 58.5006200396818 72.9195395171962 78.8768911210315 64 64.1490678736776 73.9441344246035 73.5235408399471 72.0885416666662 81.4728422619065 77.5572606646844 72.7666377314845 77.2502790178569 78.8064959490738 83.7820973875592 85.0137028769841 84.4665281911375 79.8849206349204 56.3196614583327 73.5442708333331 74.2613363921959 66.5442708333331
77.9760044642903 83.0537057705029 82.3021970072752 81.9348958333341 66.1460090112439 79.1934730489428 84.0057353670625 77.0592654596562 82.4911747685185 75.2257254464295 70.772497106482 80.3315662202376 67.8586619543649 78.38031167328 79.3468501984128 83.4977368551598 83.1625020667994 82.7457320601848 83.4149925595252 83.0270543981485 83.0865575396807 83.523964533731 86.9946469907407 85.2262111441791 71.9787326388887 80.498119212963 57.3864087301595 66.791480654763 55.0364583333337 52.6128265542322 78.5989893353177 80.3310908564823 75.7432312334655 72.1396329365079 80.3469225363737 78.1207113921961 76.98279389881 68.2622354497342 79.3345630787032 79.7625558035718 80.5599165013222 83.1556299603197 76.6236049107152 79.9404761904778 76.1150793650796 80.3522135416655 79.6812479332008 79 72.4989769345248
81.3236607142873 79.721633184524 80.5078125000002 77.9244791666675 71.7021639384941 66.9254402281749 70.5053013392894 73.0956101190472 60.484126984124 70.1933593750005 78.7246093749992 68.4974578373015 59.8098028273805 63.7620287698405 69.9657428075397 84.2961309523813 85.8355344742088 81.4995659722222 81.3616071428575 78.7385292658723 70.0312189980143 76.990420386905 83.4065910218252 82.496589781746 75.7063802083336 78.7285156250003 76.9892733134918 81.82142857143 77.5078125000002 77.3082217261918 76.7738095238114 77.6019965277782 75.2557973710318 79.3591889880952 70.3649863591271 82.3929811507944 77.4896763392864 78.7824900793634 80.3370225694438 74.4796316964282 83.0832093253967 70.7057911706376 66.7387462797634 72.9944506448406 69.2163318452383 80.8847656249994 70.3310081845224 78.7402343750013 80.0312500000008
78.5894717261899 83.313492063492 78.1716786541012 81 69.0190765542327 83.6806795634912 82 75.5318183697093 76.0197482638906 75.1189546130909 85.4105902777761 69.8199301421953 62.9386160714275 63.6013144841266 72.2383949239413 75.9322916666672 84.028387483467 83.8893952546281 78.7070312499977 80.6540901951056 51.4598524305563 56.5100446428541 82.6022962136239 72.2817460317469 82.6391059027786 77.760613012566 78.5191488921959 75.7400483630932 73.6122891865087 77.7056361607128 71.7105654761861 68.1727430555567 68.2007998511908 71.9029017857142 67.5117910879576 53.5123904596559 68.3231956845204 78.9438450727518 84.1424334490745 85.4661458333336 59.6091579861122 68.311497602515 79.1547619047628 65.0277467757929 79.0614355985451 70.0996093749977 76.1794291501323 82.7084676752647 79.9556671626988
80.8428199404774 80.2577608300259 82 79.1599392361118 78.1957051918004 81.9824115410055 84.440104166667 74.0688760747356 86.886481068121 70.200148809527 76.6723813657416 70.639281580687 60.9109312996033 69.6047143683863 66.4336247519848 85.3575148809525 71.6626984126974 78.8875144675914 58.8525855654759 66.0686487268524 64.0294725529095 83.119791666666 80.7133866567473 71.6417307374319 75.8368055555567 80.2510644014552 74.811611276458 61.9000186011913 80.0628616898156 77.971478174603 66.6323474702382 73.5081018518551 69.3396784060851 65.9842199900789 75.2001384755309 82.1110904431205 82.9757254464293 82.6311797288367 78.4400318287048 83.6863529265878 76.7983424272496 58.6679170800303 74.4547061011897 82.3623718584654 84.756055720899 74.9700520833303 76.696159887566 78.9202628968263 74.4522569444445
80.7234933035729 79.3381386408731 80.1718749999994 80.8333333333345 78.1166604662703 81 78.8470052083307 76.2910466269842 80.3723338293634 82.6442522321438 79.4722222222213 76.4769655257952 80.0347842261903 84.5210503472223 80 77.5326450892857 82.1089719742045 81.6447482638869 79.2142857142833 76.9792596726194 73.6303013392833 66.9930245535706 64.6469184027771 66.1807415674597 68.7636718750006 80.9822668650796 85.0815352182531 84.659877232142 77.8973524305569 81.4946676587307 65.3283110119024 80.3611111111098 71.5262586805565 80.0634300595233 66.2976190476229 71.0383804563456 87.1029575892871 77.0999813988098 80.3888888888875 80.1823846726192 73.4321056547603 75.1718749999994 82.5327380952377 79.4446924603203 74.8479042658736 77.4316406250019 77.183903769841 71.1713479662697 75.8186383928582
79.8614211309533 80.5798714451063 75.8968253968263 79.8072916666646 71.868210565479 71 73.7952318948395 71.2973503637535 70.257936507938 79.9951636904757 79 79.4174623842612 82.0021701388906 66.5706948578036 76.4851603835951 78.2641679067472 76.82403273809 71.5520833333363 77.1572730654774 70.6142113095252 68.8035920965618 65.0119047619061 68.7962032903446 69.3270295965558 64.1666666666655 79.1235325727504 79.9404761904761 77.2494419642873 84.9126984126974 58.3106502149473 83.1384238591272 65.7010995370386 76.7995928406083 68.4706721230161 85.9091538525136 59.2846705522465 81.1640625000022 52.1238839285721 83.2010271990746 79.8012462797636 66.9641100363743 65.1553302744909 80.4826078869036 82.7991381448422 81.6504319609763 68.7910156250033 79.152457423943 79.627376818782 77.878720238093
79.970889136907 74.1509279927236 78.4757047784397 69.3235677083378 67.7182539682531 80.0531477347881 79.3619791666662 78.0414083167973 81.742063492062 74.7802269345246 79.9393084490742 82.4836516203703 74.2023809523806 78.6507006448405 72.6868592923284 67.6934833829354 77.6380208333339 72.5076678240744 66.6985677083322 54.4553468088617 68.439639136908 69.64992559524 65.8000268683871 75.1237392526472 72.3077256944432 75.1723710317455 73.4220300099214 75.2382812500053 85.9841993220898 81.4554811507958 66.5841083829383 68.7275752314838 69.2228629298932 69.0437127976207 74.7873987268517 71.3044911541045 68.0942150297594 48.7468894675935 82.197554976853 82.6380208333339 82.3619791666662 74.5331617890229 77.5855654761933 80.4016617063476 70.8531539351847 75.8834635416668 74.2072172619051 73.5754691633582 71.1640004960336
78.0585937499995 77.1028645833334 76.70222594246 75.8040364583336 71.4769655257932 68.5309399801579 77.9841889880979 63.6315104166664 82.6785094246051 75.9026227678621 79.1773003472225 77.4466145833336 65.9929315476198 67.5518043154765 66.8515935019836 63.9320126488097 68.2212611607128 77.8413628472226 74.4151785714258 66.4849640376988 75.9183097718263 66.6877790178588 80.817553323412 75.0727926587344 66.6204427083335 72.9256882440467 59.5758308531748 79.385323660714 63.0873015873026 64.6733940972249 44.693545386904 59.3029513888903 69.6707279265872 62.9802827380958 67.9213479662703 64.7299417162693 67.5926339285735 65.0388454861095 75.6812065972219 77.5595238095239 76.7641989087298 69 75.9735863095257 79.6653645833334 71.8471602182536 68.7499999999983 69.1498325892862 68.8291170634922 78.9946056547621
77.5297619047655 74.9964037698414 64.6547619047605 74.065755208334 74.698764054234 68.737361524472 71.6280071924592 54.1868799603173 59.2337342923318 82.7168898809572 88.6741174768526 84.6663876488095 67.2023809523806 60.9790943287037 72.6663463128308 73.4183717757939 70.4892629794987 64.2166521990735 65.9873511904748 72.6997251157409 78.5054253472237 80.057570684522 80.8516968419291 57.0674499834628 81.7124565972219 71.4484126984132 66.5262380125662 71.7188430059573 65.2932994378306 59.8731192129638 59.6476314484125 51.3453414351827 77.1861359126984 61.4134114583333 67.8219659391545 61.4179274140205 68.4059709821404 63.6197916666669 65.078993055554 58.4992559523809 72.2823764054228 72.980386078046 77.1432911706365 79.7405753968255 63.0356626157408 57.6445312500012 60.9983465608472 64.3833395337291 74.1922123015881
75.0545944940495 71.6696118551587 78.0820209160044 74.7016059027774 52.9200252149469 53.6760809358475 58.5575706845255 81.2838541666666 83.6046420304227 83.6415550595233 86.5277777777787 69.5722036210297 72.6021205357149 65.5053840112429 73.2264074900795 65.1629464285722 60.430421213626 50.7319155092598 58.7350260416681 52.0103649966927 78.1076595568803 66.9676649305518 81.6529741236769 76.8599433697043 60.3838975694458 82.2597449570095 67.6566943617724 66.0732886904733 72.2466827876979 72.5595134755305 75.2637648809511 75.637297453703 57.2861069775131 50.4690290178564 59.7508990575395 67 61.8565848214242 53.8605427414029 57.132016782405 66.684554811508 70.7161458333334 81.590918485451 79.3507564484131 50.0198412698407 72.1407490079352 66.0709635416672 66.7161458333334 65.9521329365075 72.6896701388902
56.2170758928546 56.9633556547618 58.6483754960311 59.0312500000017 61.7421874999996 70.0650731646811 72.9761904761945 82.2025359623021 83.609437003969 83.1130022321399 80.3133680555579 71.4436383928615 40.4972098214298 82.1523127480156 68.1591021825386 68.8122209821412 54.9249441964313 53.4431423611089 48.8987165178567 55.3595610119036 73.440879216266 63.4874441964281 51.1109871031756 59.8148251488094 62.4414062499994 55.2139756944501 71.2075272817453 76.2137276785727 63.8058345734143 52.1976066468291 64.5156250000008 71.3810763888898 68.8917100694449 59.5795200892851 61.060360863095 56.5042782738074 63.3557477678549 57.5542844742071 64.8904079861124 58.4020647321435 60.8880828373022 69.9565662202404 76.7335379464295 67.7190290178599 72.742187499998 67.1445312500053 54.8416418650784 75.4446924603177 71.8608630952398
68.82142857143 59.6314587466932 64.2863653273794 46.1119791666673 71.9846746858472 56 85.541976686507 73.115678736772 68.6672763723602 71.9089471726188 83.7466724537042 82.1483341600524 70.5777219742077 45.0518249834655 45.5159040178572 63.0147569444444 77.569072420636 50.5833333333362 46.5832403273813 69.2225425760574 47.021174355162 54.2353980654766 64.7572647982824 52.9600384424583 66.2703993055553 54.8626198743375 69.9135458002645 49.2861793154758 58.752263144842 70.9087301587309 62.5324590773812 68.4724392361142 52.9965381117723 45.2228112599208 47.4139901620348 60.6126715443114 61.80394345238 59.3412698412708 69.0737847222229 60.9724082341269 72.5928302744699 64.9420882936536 81.3764260912702 81.0045986276454 73.4902137070107 66.9999999999948 70.6953125000001 76.7682291666667 56.265221974207
54.306919642867 46.970682457012 58.0498718584678 54.9767795138929 73.2057291666671 63.0833953373034 72.2176339285699 78.5805224867696 70.6245143022579 87.0893787202356 71.6305700231481 54.6146660052951 48.6980096726209 46.3847449570093 42.892836474868 57.7277405754007 60.2489252645494 73.2972366898034 57.1328125000071 51.5616112764533 48.4908337466934 74.1892671130938 63.3238570601839 47.5592241236783 61.4342447916658 63.9787739748679 60 52.8485863095272 50.9820395171955 66.813047701719 69.3853856646834 70.2057291666671 78.0845734126976 70.7805059523821 46.3326306216918 55.5894613921949 46.475539434523 48 67.3855613425932 58.4365389384921 66.4246031746035 76.0217737268445 68.5675533234103 70.5768642526449 59.2971333498684 70.2871093749969 69.5656208664011 52.21532944775 66.1060577876962
47.0652901785734 45.7848772321392 51.1796875000008 69.9570312499982 83.3585689484149 74.1468253968248 67.7556733630919 78.2018229166669 70.742063492062 72.5354352678583 56.3318142361081 51.2427145337272 38.6179315476187 41.6300533234124 50.9225880456329 59.1879650297595 65.7986421130889 46.3873697916655 45.0719866071423 47.4231770833326 58.0787760416687 64.99572172619 62.7939298115072 49.8473152281742 63.7154947916656 59.811848958334 64.3105468750015 66.8523995535705 60.2154947916678 67.9115823412683 69.0465029761904 74.7072482638869 55.268229166664 51.810639880953 56.8920820932551 61.3160032242058 59.8203124999992 65.797402033733 64.8068576388903 60.8231956845235 63.3525855654767 68.9571552579411 54.4834449404779 64.558903769843 59.4512028769857 66.474609375003 64.9908854166672 61.7929377480164 60.4149925595253
-9999 51.3350384424616 51.3039641203684 62.6790364583306 53.380394345235 80.5490038029082 58.6707279265917 56.0878286210338 47.6743964947125 51.2746465773786 45.2732204861121 45.131830770504 51.0310949900792 38.8359891699739 34.0674603174602 46.8639942956353 38.5209573412723 49.2715567129607 66.153924851188 61.0568369709033 51.1230158730144 63.1518167162693 53.2076822916654 54.8512731481487 51.8719618055557 56.1941654265886 65.0022114748679 67.1810825892851 52.62552703373 52.244915674602 46.8922061011886 74.112630208333 71.3491030092596 56.7255394345258 62.3877728174587 60.4544064153443 57.2880394345236 69.1034019510606 51.4375723379601 64.8280629960321 59.6434875165343 64.4761284722295 58.5908048115065 59.8692439649468 52.7875227347878 45.7115885416716 62 55.0798714451056 58.4933965773811
40.82142857143 43.0119254298942 47.070384837963 46.434461805555 45.1473524305554 64.4698764054242 49.1987227182638 48.301752645502 49.4198598710354 47.5524553571422 43.6525607638834 49.5024388227527 42.101779513889 44.0343191964288 42 38.8465711805555 40 44.5466579861106 40.8122209821417 41.5789723875661 63.4744336970892 46.875434027778 55.7803199404784 59.6910962301605 62.3068576388882 49.505632027117 54.9004732969576 61.6117931547628 53.5410259589935 50.4579406415355 47.0118427579373 55.8715277777769 71.2552083333335 63.2081163194446 68.0977285879632 74.9746817129632 77.6665736607126 73.8075913525127 72.5721209490754 65.3028583829368 69.0734230324074 63.2905402612462 60.7966269841265 57.8550863921961 54.8432643022484 48.8723958333332 62.7698412698407 58.917142030422 60.3433159722227
45.7924107142867 42.3832155257934 45.4484126984132 46.374348958334 39.5578187003968 56.8984375000003 46.6632254464349 60.8057105654769 51.7681671627004 40.6071428571416 45.7365451388894 50.8323412698422 43.3522135416681 39.9590463789685 42.0409536210315 46.8181733630956 41.2361731150785 45.5794270833323 43.9601004464286 42.8722408234131 50.6559399801627 64.0991443452375 64.3052145337293 61.6896391369039 64.4648437499999 58.1787884424617 63.6242249503959 55.2801339285697 53.9028707837305 51.8984375000003 46.1015624999997 50.7786458333303 63.7464967757944 58.4009486607136 58.2276785714268 54.9774925595234 60.3694196428595 76.8466951884916 63.0523003472201 59.7346540178574 64.6032056051584 64.4644717261934 59.9516369047634 54.0178261408725 46.5249875992066 56.720703125001 58.5005890376975 65.5329551091273 58.3138020833344
47.7998511904772 47 44.6547619047605 40.4921875000007 60.9537243716957 41.9508721891541 43.9134734623033 44.6597118882268 44.848958333333 46 44.0640190972208 39.9244791666665 43 42.8540529927246 45.0182498346564 48.1421440972217 47.6746031746052 49.0440538194447 48.4857700892844 43.6860222387567 44.8675388558196 65.1831597222262 61.0644324570108 57.5120287698397 55.4921875000007 56.7317811673275 53.7383535879631 52.7593936011917 51.1191716269848 46.0912698412691 44.0413566468254 44.7353877314832 42.0755208333335 44.7578745039686 53.2088810350534 77.1996217757907 49.7074032738109 50.4167906746043 70.5876012731451 51.4840029761904 53.9562975363746 59.3969700727492 52.3420138888911 57.0198412698407 49.902302414021 58.9622395833335 55.1045903604499 64.5797164351856 59.7426215277796
