rasters/Chad_CLYPPT_M_sl2_250m_ll.asc
NCOLS 126 
NROWS 192 
XLLCORNER 13.449183796 
YLLCORNER 7.455566751 
CELLSIZE 0.0836128775793651 
NODATA_value -9999 
[rows 132 to 153 of 192, columns 51 to 101 of 126]
33.0989583333344 27.7730034722238 35.387028769839 28.1890397652116 31.1221788194416 30.9505208333328 38.3074156746052 32.2086123511944 29.4722222222213 34.032789765212 36.365296378967 38.716641865078 38.8830605158726 29.9505208333328 21.3045118220907 34.0494791666672 23.4674479166624 35.0367166832015 21.9264632936528 16.9624255952389 18.0072647982805 20.5849454365079 27.0206163194447 26.6232535548945 34.6215174437824 34.0583147321434 35.9585090112429 34.1285445601831 33.2756696428583 40.3611111111098 33.545903604498 34.3507874503968 34.9992869543693 28.0940496858477 33.9642857142867 33.7967716600521 27.6949508101875 24.4899553571433 26.4530733300271 28.0143332506614 18 21.2040343915345 23.6718439980153 24.712890624998 31.2364831349187 28.3434813161381 16.442429315478 25.1172185019857 31.0184565145508 20.2180059523822 20.7065972222196
30.4508308531751 24.1100260416651 30.2817460317469 31.8531746031752 37.0935639880919 34.2665860615086 38.1974516369002 31.2561383928551 26.0049913194431 33.9765624999998 31.4115513392871 35 35.9341207837303 29.6727120535708 20.3683655753981 21.5401475694455 30.1835937500036 34.0060453869048 22.9794456845236 26 29.8331783234131 28.0168340773811 30.3697916666668 19.5022941468245 34.6543278769839 34.0041852678571 33.0670882936515 35.8661334325401 33.9946986607142 34.2797309027804 38.4882812499995 32.7676711309529 29.2824900793643 32.9007936507947 36.0234375000002 26.8293650793646 31.2658420138893 31.1265811011907 22.5818142361108 26.9932105654762 26.3329613095258 19.9765624999998 29.0026971726191 29.9882812499998 29.2301587301593 27.5045262896833 24.0080915178572 26.981491815476 29.0216703869049 32.8696986607144 27.8289930555542
26.5487144510584 30.0056423611097 28.4353711970886 26.1472077546289 33.0170200892824 37.7523251488094 33.257936507938 32.0005580357141 17.0528067129655 19.9982432208999 28.2070622519826 32.9325396825398 33.9275070271178 30.5900297619069 29.6754505621712 25.001374421296 32.9989769345241 34.5158730158726 28.9996796461641 33.0263826884942 27.0063554067445 28.842303240744 34.8363715277782 31.5489831349208 33.3712280919317 33 34.9538587136244 34.997395833334 31.7822110615052 36.0016637731477 31.4973441633596 32.3739769345228 33.4676442625638 34.8981894841286 34.961774553573 33.6565703538356 32.3904803240723 29.4430803571421 26.5727926587304 33.2870783730137 32.0022011408725 27.0395791997344 26.8849206349204 29.998697916667 20.6144799933867 13.997395833334 29.6590711805537 29.8411354993308 29.8495990410025 24.0596788194445 34.1986400462968
32.4484126984132 30.0119357638888 29.0205749834654 28.9062603339948 25.9720362103176 21.3082320601865 26.2366794808218 25.1856398809502 24.0437644675922 16.9922391699767 30.1795324900792 26.8771804728842 28.0140335648152 28.7976190476195 24.0115637400824 22.957826967593 20.7744605654787 29.3512628141524 26.2425078538332 30.0804191468276 30.1670593584649 30.7468998015862 28.0167100694443 30.8839802414032 35.9713541666669 26.9867001488095 35.084800760583 33.1799251818768 30.4237351190492 35.3897569444429 32.006500082672 31.3871217757936 33.0792307374332 33.0286458333331 36.0205543154767 33.8007192460315 36.7143373842583 29.9130084325392 30.9835172784393 31.9796523644181 31.6706969246016 32.0192729001318 28.1404286541006 34.228515625002 16.6305390211641 31.054573826057 32.3165922619058 33.4658771494667 29.9713541666669 33.0039372519847 30
34.4484126984132 33.0546875000002 31.6943824404754 31.9066840277774 25.0498511904867 21.5810701884935 30.9312065972219 27.0878906250002 18.0266927083351 36.3622891865061 24.5516183035721 26.8231646825395 25.8852306547619 27.7539992559526 27.6626984126974 28.0288628472224 26.4260602678584 30.1450272817464 30.609902033734 30.0434337797608 31.0841083829358 32.7883494543645 31.958984375 26.9698350694444 32.9249131944442 31.0195312499999 34.9673859126976 34.9453124999998 30.8658854166662 30.3611111111098 33.8906249999997 32 32.2469308035701 33.8515314980167 31.0904017857135 41.442739335316 31.9166666666688 36.4404761904761 35.5207093253963 33.9841579861112 31.8821614583329 33 30.0062934027778 28.9726562499997 37.8873387896835 31.0809461805558 29.0904947916669 35.5361793154799 35.9411892361109 30.0048363095237 28.1838107638903
29.4263289517196 33.3023003472231 37.8612867890217 27.4314029431201 27.9295324900914 19.9292018022489 27.8385416666672 31.2142857142833 24.69769965278 27.2828414351862 21.6623263888873 27.9325396825398 24.1216517857142 31.6432911706356 29.4715298445772 20.4592737268489 37.4908854166673 38.9791770006615 33.1005911044968 31.8285590277772 29.9311239252647 25.1387132109783 29.3830295138895 32.6323164682532 32.8638496197095 34.2448846726175 31.1279038525135 33.0839017030416 35.9170076884909 36.4524016203758 32.0479807374335 35.9192708333336 32.1155960648142 31.6296606316169 33.8443080357147 34.0807291666664 35.2767650462954 28.0287078373021 32.4489500661377 32.2662967096536 33.1547619047628 34.9801587301593 28.4073867394185 36.6894531249986 37.1118034887562 29.0839327050261 32.9721292162699 29.0169787533067 22.7631448412691 25.0123077876992 25.3673321759218
33.3526579034394 32.707899305555 34 33.7777571097887 30.1267671130919 26.3528025793657 27.4163979828056 26.5423177083322 22.8368778935182 22.4970754794993 24.7342509920626 26.1670283564815 21.2135416666669 29.0635540674605 29.0119047619079 24.5789930555547 29.6292782738108 39.841538525132 31.0936363260585 30.1093129960322 31.6069878472208 29.3297371031728 31.4166666666672 32.9411065641534 31.2135416666669 29.1976376488079 30.9368799603179 34.1010147982796 30.7955109127002 30.9317853009257 37.5498408564816 32.865265376984 38.9182270998675 36.9788153108468 35.384114583332 33.7408130787032 37.2642505787017 33.2269345238092 34.12287119709 39 35.1432601686474 32.2333829365076 23.9094948743384 26.4101562500015 27.9920428240743 32.6308490410048 30.4520089285724 33.9775442294975 31.2376922123023 33.5328931051582 32.1171151620323
33.986297123016 34.4941406250003 29.0953931051584 33.759362599207 26.1177455357165 26.5046812996033 22.0076884920613 21.7921316964271 22 21.4701140873023 20.2023809523806 20.0495411706349 23.9436073908732 28.3083147321422 30.9119853670638 29.4314236111087 31.8141741071449 31 39.2717323908765 30 32.1133122519839 27.2429315476217 27.6386718749994 30.1191096230157 33.7760106646831 27.3571428571399 31.2918836805553 29.1570560515867 33.7944568452388 30.5540364583347 29.7412574404767 30.6799665178569 33.3358444940463 38.0336061507943 36.0661272321443 34.1554749503965 33.746093749999 29.5147879464283 34.4446304563494 36.8671875000003 33.8657924107135 32.1129712301589 33.9694320436508 31.1992187499991 33.7478918650793 27.5888826884913 30.969029017855 33.7617497519864 41.1881820436515 35.1328124999997 33
33.9836102843917 33.4244791666662 31.6041563326713 34.2943845072751 32.0100136408713 23.5409536210317 25.1400566302928 31.8838355654727 27.406828703706 24.0612702546278 29.6709139384925 26.0674603174602 28.3183697089944 28.8411458333334 31.178447420636 32.3504774305532 29.6355096726184 33.3662471064819 36.9804584160055 28.9899863591258 31 27.5099413029105 33.8083767361106 27.7497313161381 21.9502004794974 26.7279575892879 24.3842075892864 27.3944795800257 29.5753038194456 29.7403790509274 32.5827649636242 34.8411458333334 33.1216621197092 31.2185019841279 34 34.8446903935176 32.0485387731482 34.4404761904761 33.7817563657414 34.0179914847852 32.3905319940499 33.1327091600536 32.0967985284394 37.8808593750003 34 38.5627376818787 34.605592757936 36 38 33.1588541666666 35.7746672453686
38.9170903604498 37.3676215277779 24.5025938326708 22.9347821593915 28.184895833333 24.4152819113749 33.6048590443112 28.3826264880949 30 30 27.2023809523805 29.109974371693 31.267877810848 30.4851810515882 32.8173053075406 27.2975983796294 33.5777529761913 26.7674127810852 34.1621507109788 33.6324094742073 28.4234664351855 32.7703476355812 34.184895833333 29.18060722553 25.5673569775127 32.6428571428601 23.5385458002633 28.9256055720906 26.7743365575381 31.5207609953717 36.3126033399475 32.3976314484131 31.0059420469571 33.9007936507947 32.815104166667 35.1879236937844 40.6944444444437 34.4404761904761 36.1229125330683 33.1825603505276 26.2824280753971 24 36.9089058366408 29.8613281250006 36.815104166667 35.9362289186502 35.7824280753961 35.342861276452 35.8631469080663 37.4183097718247 37.4621672453679
30.116350446428 24.2500000000017 32.507316468254 31.8531746031752 29.9974888392862 26.1849888392849 37.8508804563479 31.2109374999992 28.6273871527781 28.6786334325367 29.9573102678574 29.4608754960301 30.803292410715 29.6293712797629 25.2362661210314 28.6831597222205 32.2963169642813 32.9455915178574 27.4670448908711 34.5831473214308 27.8531746031752 29.6474454365054 26.7890625000008 33.413473462302 24.7056671626981 30.1983816964317 25.0780939980168 23.1297743055543 28.9675409226206 24.4218749999984 32.3414558531714 32.2906436011871 34.2086433531779 35.9217199900801 37.1562500000033 41.6544208829368 42.4190538194446 32.5530133928589 25.5141679067461 33.3960503472191 38.0099516369066 35.8047185019845 36.5126798115066 37.8027343749985 36.7154947916679 35 36.8285900297628 37.7453187003994 38.6376178075425 33.2830171130945 35.0164930555532
33.7630208333329 34.3641493055551 35.4967241236786 33.4610408399465 32.7595796130954 30.0647114748678 30.1566426918006 33.595610119043 31.6379484953695 33.1570457175926 28.4195808531741 32.3905113260592 37.0354869378306 31.4365389384926 30.6513930224879 30.2907986111116 30.4436383928579 33.7924003802915 30.6490575396802 28 28.7282262731478 28.0220010747354 32.057291666667 35.5546771660061 26.0742910879631 28.2632068452361 26.1102637235462 26.9783709490742 23.2369791666671 27.749493634259 32.2651083002641 27.3939732142851 40.692491319443 38.8772838128319 34.7799479166658 40.907748429233 35.8354311342591 39.635695684524 34.3026827050258 31.3207155257929 37.9185887896822 32.9905960648151 34.2037140376989 34.9277343749982 38.0021804728826 37.1534701554225 37.9181857638885 36.0498408564811 35 31.9545820932539 30.2753906249974
37.8549210482806 36.2458767361102 36.7989107969541 33 34.1902591765909 27.4030257936505 30.8777488425919 32.73521205357 31.5277777777787 29.0855861441794 31.8508494543654 28.6872623181218 30.5899884259258 30.2556113591265 33.0623759920614 28.776186342593 34.4492187500006 32.3174293154761 28.1076492228854 29.7250744047605 26.4043692129633 36.3965567129634 27.0657552083338 28.8565124834659 39.1604662698413 27.4362909226194 35.5260416666667 27.2390149636245 22.9405071924602 32.7338686342602 30.0396205357139 27.5980902777777 28.5355386078039 32.1639178240746 27.0357142857133 38.9505415013221 33.4078414351855 35.796409970238 30.7369791666667 37.5031725363708 34.4006076388885 32.5605055390202 37.5042266038361 34.7499999999983 30.3779038525121 31.1659742890202 33.1722160218252 29.7896825396845 36.2233589616395 36.633587549603 37.7544126157388
32.318700396826 36.7539062500004 37.5106336805549 32.5067584325391 25.2959449404752 33.8769841269839 31.6332465277757 27.2600446428588 31.5781250000003 33.471137152777 37.1341145833337 33.1718129960312 31.6065848214288 33.5670572916668 33.4806237599206 31.2152777777778 34.1755022321426 29.1296812996032 28.3765190972213 29.2975260416678 26.9380580357146 29.4893663194451 26.1204427083336 31.7672061011912 27.5786830357142 25.4676339285701 28.3850446428564 25.7342819940466 33.5478050595253 26.8235677083351 33.6394159226193 31.4485677083331 29 30.6068018353175 31.020647321428 29.928013392857 29.5062934027784 31.5072544642853 31.3989955357146 38.7840711805538 32 36.2974330357142 34.2582465277771 31.2500000000017 35.7941158234137 33.3172743055549 38.6343005952391 33.9112723214295 34.7327318948415 32.8809523809522 36.9179687499994
29.796027612434 32.2157118055554 33.0554212136255 29.6302083333332 30.6886470734121 31.5231171461637 33 27.3151041666666 27 29.6989397321419 31.4676959325408 37.2051297949737 29.4287677744706 32.7976190476195 29.7911809689157 28.0555555555575 34.7078683035695 29.5082361937833 26.6908792162654 31.6886470734132 25.6087549603162 24.7564587466954 25.9474826388893 33.2746052414028 30.6677517361111 28.17857142857 27.6549995866399 28.7264694940467 31.5476190476178 34 22.5235925099208 29.7666790674603 28.9509135251304 31.0312603339944 34.7618117559487 31.5764405588622 33.2092737268524 33.8809523809522 37.1813099371692 34.8832981977495 39.4100942460321 40.6911479001322 37.7574198082013 32.0787760416672 39.1759775958995 34.0271784060839 37.0301339285723 33.7119088955053 38.9038938492038 29.7444196428573 33.9893663194443
30.113684275792 31.0863715277786 33.2450293485443 32.6122065145508 32.6588541666672 27.3020626653432 34.9717778604489 32.3269159226195 31.6699218749998 26.6626984126974 31.1843687996044 37.2978567294982 34.4300388558195 29.8612351190477 26.9961557539698 30.6333188657392 36.2659970238088 28.0221767526445 28.5778046461654 27.9880952380939 23.7590319113756 27.6654575892858 28.4509548611099 32.3411458333328 37.3453621031751 30.2609747023822 30.6822916666657 25.721126818783 35.0953000992053 29.5406539351864 27.5103649966924 23.5329551091276 25.5045986276467 19.372664517195 31.2575334821447 38.6588541666672 31.0686487268532 32.9725012400785 38.1962942294969 32.9651847718221 37.0491691468258 37.3605220734117 30.7581121858458 35.255859374999 38.4837652943127 41.8226583167994 38.1177765376985 40.6588541666672 30.8731605489396 32.3600570436504 37.4074797453703
28.2025359623014 30.2688802083347 22.7362661210321 31.3475632440462 30.3703497023803 32.1990017361107 33.257936507938 33.4241071428564 32.4003906249992 33.3596540178551 34 34.80183531746 34.2501860119049 27.4952566964282 29.9060329861096 29.3339843750007 32.7343749999998 31.2579365079363 26.5210193452404 25.379092261906 31.3930741567471 30.6328125000001 33.063151041666 35.4143415178563 33.4344308035715 32.868861607144 33.9839719742062 33.6766183035717 31.5727306547618 30 28.2756696428571 18.9249441964281 34.1330605158742 34.3307601686511 28.6328125000001 35.5831473214291 32.1121961805558 29.2481398809521 25.4820188492072 39.7391803075387 38.6896391369052 38.9854290674607 40.6750682043653 45.2500000000017 39.0447358630953 37.5580667162695 39.1267671130955 40.5775049603154 36.1784784226222 31.5137648809523 30.906901041663
26.4484126984132 29.4822048611111 26.1107907572753 30.199156746033 27 29.8507151124334 30 32.8703497023806 27.685763888889 35.4021060681214 37.0792100694459 31.6598255621697 28.8273912863745 29.9092571924591 32.2224185681231 31.9488570601873 32.2142857142833 34.395182291667 27.2197627314788 29.3885478670624 36.2936507936496 33.3932291666661 36.2135416666678 31.7830997850534 31.6631841104488 33.891648065477 33.8129443617717 36.7341683201054 31.6365637400782 25 24.5039682539681 35.6730840773809 30.8579385747361 32.4322399966921 33.0714285714266 38.8809420469591 30.6944444444437 34.5127108134921 36.5915695271167 42.886088376324 38.2972470238083 41.9681196263236 34.8849206349204 42.0449218749972 38.6067708333339 42.6393229166664 38.1357576884922 45.579365079369 29.8338603670653 29.1083519345241 40.3708043981467
26.679677166005 28.8279079861097 32.6988570601863 25.7800409226214 24.6095300099167 28.2962549603162 30.850208746692 31.7454427083345 29.1657262731461 34.180834573413 34.1287822420652 34.7993654927229 31.0518146494686 33.6655815972228 28.2778501157397 29.174696180554 33.5091145833311 28.8801876653424 30.8955646494758 33.8216455853135 33.442977017195 34.8861917162673 37.8279079861097 34.1880063657405 35.287832754629 33.1037016369041 31.8455894510564 35.5807291666677 34.3244357638878 30 30.6574900793672 35.279172867064 33.9745060350504 37.4192708333323 34.9642857142867 34.9632729828054 35.1790364583311 34.8597470238084 38.4027054398161 38.4660424933854 35.9567212301589 38.4275896990728 33.7143890542343 44 39.3017423115108 42.9224743716921 39.8311941964307 39.8724991732785 33.0316116898153 33.4442274305545 32.452256944443
31.9365699404763 26.1569010416673 28.8833395337317 32.4732452876985 29.5374813988122 27.5548735119053 28.4029637896801 37.0234374999996 33.2619357638882 33.4875062003984 32.7541852678562 31.9206659226195 31.0719556051583 29.1966145833324 34.2173859126971 30.7649739583328 27.8381696428586 32.2155877976194 28.5683283730147 26.6759672619054 35.7877914186516 33.0316530257923 37.2415364583334 38.245628720238 34.6192026289684 35.9308035714295 35.7029389880949 34.1500186011896 29.8725818452391 36 31.7204551091272 34.1834077380958 39.1042596726185 31.9014756944448 26.4112723214273 35 32.7315538194428 36.2925037202377 34.8699156746038 33.3940042162712 36.0689174107147 27.5326760912702 30.9178757440467 38.304687499998 41.0068824404754 37.8906250000005 33.3452380952389 37.4509238591221 34.9917534722221 37 34.357204861112
27.4713541666665 28.4405381944452 34.6609623015861 28.7839678406094 28.0685143849191 26.9349681712961 32.0918382109765 30.4713541666665 34.445167824073 27.4906787367725 34.198381696429 30.9643373842593 32.3364335317461 35.4216579861115 37.6247313161363 29.4419849537025 32.7138206845245 26.6502252810847 28.4636140046306 32.5286458333335 30.922381365741 37.4713541666665 35.4500868055563 33.420459242724 33.3808800429897 38 33.5175057870374 36.0482494212959 30.106615823413 29.6988570601847 34.4997726521164 37.3908420138893 32.6390025628302 33.9064773478846 38.454520089286 27.5615596064816 38.6726707175931 39.3839595734131 33.5450252149479 36.3348110945779 34.9270523313488 30 26.0709738756614 39.057291666667 35.0864335317461 33.3023210152117 38.5079675099218 43.1111834490731 37.7781291335939 38.9909474206352 31
25.7717530588625 29.9140625000008 25.0755104993375 26.1468253968248 31.503379216269 31.5026041666664 29.0132688492095 27.3908110119061 30.7347366898145 31.5102823247366 29.8993365575398 29.927682705027 33 36.9880952380973 26.4973958333336 26 36.8882068452397 30.0038649140209 27.6822399966911 28.5025421626982 33.4973958333335 34.4379753637548 38.4166666666672 38.0028728505289 30.8144634589946 32.9111793154769 32.5577773644194 28 33.1120101686512 36.8151765046306 37.5000206679894 31.9287884424602 34.7327422288348 37.0046916335975 27.9770275297628 33.0907428075418 30.539279513888 32.0075024801581 37.6556092923269 35.3570085152129 28.1539558531756 38.5223420965601 34.3250764715606 34.1243489583342 38.0020047949734 32.23882895172 38.5349082341295 38.1004980985444 29.9197875330678 -9999 -9999
