rasters/Chad_SNDPPT_M_sl2_250m_ll.asc
NCOLS 126 
NROWS 192 
XLLCORNER 13.449183796 
YLLCORNER 7.455566751 
CELLSIZE 0.0836128775793651 
NODATA_value -9999 
[rows 154 to 175 of 192, columns 0 to 48 of 126]
-9999 -9999 -9999 -9999 -9999 -9999 -9999 -9999 -9999 -9999 -9999 -9999 -9999 -9999 -9999 -9999 -9999 -9999 -9999 -9999 42.0344122023806 42.0964471726193 44.0965401785727 48.3608010912683 40.7727864583332 54.9716331845242 52.9210689484121 51.7896825396823 48.5234374999998 48.8108568948398 47.6960875496025 48 43.619760664682 49.4504588293652 49.6223028273808 60.2916356646837 50.8964843749992 54.8163132440473 54.6937934027779 50.6127542162698 53.5030691964289 47.9007936507929 52.2341269841257 44.8629092261907 39.0153149801587 42.4798177083352 39.0574776785709 37.4330667162704 42.9780195932547
-9999 -9999 -9999 -9999 -9999 -9999 -9999 -9999 -9999 -9999 -9999 -9999 -9999 -9999 -9999 -9999 -9999 -9999 -9999 -9999 -9999 46.4007936507938 43.9152715773818 49.6315000826717 47.905671296297 53.0268167162695 47.9171420304228 47.3391617063483 47.654761904762 46.2974020337298 46.3016079695752 42.3873697916665 50.8330749834652 47.0019634589946 55.6360677083309 55.901041666668 61.5753968253965 49.9167596726196 -9999 -9999 50.5023251488089 48.569361772488 50.0935226521123 -9999 41.6739934689164 33.3867910879626 42 36.9087301587309 38.0196655919315
-9999 -9999 -9999 -9999 -9999 -9999 -9999 -9999 -9999 -9999 -9999 -9999 -9999 -9999 -9999 -9999 -9999 -9999 -9999 -9999 -9999 -9999 48.2368861607131 50.51892154431 47.795789930556 49.1533048115059 50.4092365244723 43.7519944609796 47.3037574404769 47.5198412698407 43.778470155424 43.4388020833326 46.1336598875656 44.5641017691799 43.6026165674615 38.9724909060831 54 51.5409536210317 52.3996672453698 47.818586722884 47.1608072916659 54.607907572753 52.6311280588645 53.787605406746 -9999 44.0567853009256 43.3493303571419 38.0597718253971 38.7616567460313
-9999 -9999 -9999 -9999 -9999 -9999 -9999 -9999 -9999 -9999 -9999 -9999 -9999 -9999 -9999 -9999 -9999 -9999 -9999 -9999 -9999 -9999 48.7684151785722 46.004991319444 46.1169704861109 43.8205915178583 40.0236545138918 45.6381448412722 47 42.8705357142873 43.9096912202338 40.1992187500004 42.508959573412 43.8204985119022 41.3228236607189 40.0299789186507 52.8831225198422 48.0860305059533 47.5781249999962 47.5010850694453 53.0284598214279 43.5968501984148 50.9377170138894 52.0293898809529 48.1928633432545 50.6247829861121 48.5935639880937 41.8154141865091 43.3636532738098
-9999 -9999 -9999 -9999 -9999 -9999 -9999 -9999 -9999 -9999 -9999 -9999 -9999 -9999 -9999 -9999 -9999 -9999 -9999 -9999 -9999 -9999 -9999 47.4134217923267 38.0724103009258 40.9778335813495 45.1886470734131 47.495608052249 42.587146577382 45.3114769345242 51.4853670634954 43.9947916666656 38.0722242890214 38.9926111937833 57.6457403273814 39.1976583167983 36.4246031746035 38.7916356646828 48.258608217592 47.4458395337315 48.3499813988095 46.8638496197081 53.6189339451078 52.533420138889 49.5571159887559 48.4871238425937 50.3749069940478 43.9427186673285 43.8269779265873
-9999 -9999 -9999 -9999 -9999 -9999 -9999 -9999 -9999 -9999 -9999 -9999 -9999 -9999 -9999 -9999 -9999 -9999 -9999 -9999 -9999 -9999 -9999 -9999 43.6821469907399 37.7933097718237 37.3826884920642 44.6941447585982 42.7878224206348 36.3535362929887 41.7719287367723 44.9902343750001 47.3084077380945 40.6927083333332 39.2927517361107 38 43.5231688161375 34.2685391865077 38.5478153935184 43.214781746031 46.6055617559537 48.9656394675924 48.918909143519 54.4597594246032 48.3463541666666 54.5138165509277 49.9304935515871 45.8138950892873 48.1158337466945
-9999 -9999 -9999 -9999 -9999 -9999 -9999 -9999 -9999 -9999 -9999 -9999 -9999 -9999 -9999 -9999 -9999 -9999 -9999 -9999 -9999 -9999 -9999 -9999 -9999 44 37.3927641369057 36.2776847718258 48.6048177083327 40.1925533234121 48.287171378967 36.6992187499991 44.2834511408733 40.0192212301581 -9999 35.2896825396815 41.2885974702382 38.6196986607144 46 45.5859685019847 51.3088727678578 51.5448288690464 49.0729476686482 48.9792596726185 48.6742931547617 51.6406250000007 55.1371837797604 51.4443824404754 52.0733196924612
-9999 -9999 -9999 -9999 -9999 -9999 -9999 -9999 -9999 -9999 -9999 -9999 -9999 -9999 -9999 -9999 -9999 -9999 -9999 -9999 -9999 -9999 -9999 -9999 -9999 -9999 -9999 44.5911251653442 42.3203745039683 42.6165467923272 39.0906498015862 45.4557291666667 45.3551070601853 41.3001095403437 49.8604910714295 38.4134631283064 42.5051773313499 39.4589223710317 39.5033275462944 45.9297908399469 44.9689360119024 48.7057291666667 52.528397817459 53.8489893353175 51.2942708333333 53.1650752314783 54.4788876488109 53.2030009920642 49.7057291666667
-9999 -9999 -9999 -9999 -9999 -9999 -9999 -9999 56.2584428736771 58.7403377149455 58.2072482638898 61.5742084160057 59.2865616732806 58.0330171130953 58.7830997850545 60.6769593253972 65.7996341765873 54.8062789351847 54.2602926587274 58.0765749007957 51.7427041997368 57.8046875000012 61.946893601192 62.088345320767 53.5156973379622 38.0159660218252 46.5416149966965 44.7896825396823 47.8243737599204 39.5526517030429 38.5981936177264 46.9635416666658 44.1150793650796 45.0198412698408 43.0103236607122 44.8445973875665 42.9575169477517 41.8818514384919 45.2845775462951 42.1248656580691 42.819754464283 52.0238301917977 51.9372003141537 53.6391059027779 49.4960317460319 53.439597800927 52.9579613095241 51.9087301587309 55
-9999 -9999 -9999 -9999 -9999 -9999 -9999 -9999 52.3017113095239 54.2182539682533 61.6946614583338 59.987506200397 49.8539806547619 49.9715401785724 55.616691468253 48.9919084821427 52.4586123511909 63.8250868055554 50.9980778769834 59.6984747023774 55.5554315476177 55.8769221230157 53.0340401785718 54.5053323412699 53.9735243055551 47.8953683035728 55.5887586805543 45.7131076388883 -9999 40.7620287698407 35.8135540674609 39.7265625 40.1271081349204 41.480747767858 47.3212425595171 38.8506324404768 41.0365203373014 45.3324032738097 42.9166666666688 40.499193948412 43.5513392857134 47.9248201884915 49.6217447916631 48.7203311011904 50.2342509920637 51.1746961805559 53.5544084821437 50.2042720734133 49.7159908234126
-9999 -9999 -9999 -9999 -9999 -9999 -9999 57.7208271329378 55.2796172288365 59.3177910052923 60.2814670138889 59.7545676256613 51.3812003968245 46.0771949404761 48.9429046792343 49.0966228505305 57.7853732638889 60.3499710648144 59.928065062832 60.0436197916679 60.2366278108451 60.7724661044976 60.6649925595232 47.980169064155 46.3002025462969 50.4660838293655 46.2752459490749 43.8234850363751 44 37.4801587301593 48.615172371032 38.8040364583334 42.236483134919 44.2231212797621 49.8452380952372 44.0181878306933 44.6594845403433 47.4662078373016 42.9393084490742 44.4880952380939 41.5021391368996 50.6283275462948 50.83112185847 48.6068948412721 51.3950376157404 49.2161458333338 54.4781436011895 53.7517671130952 52.1972759589949
-9999 -9999 -9999 -9999 -9999 -9999 60.6823020006609 55.4642857142841 59.5526517030402 58.6934110449678 47.5364583333321 45.8000888723537 46.4994006283092 53.1901041666676 45.6138082837304 53.7036727017202 58.7578435019829 58.214916087965 52.2029596560907 56.7723524305596 56.6713066302909 52.2106894841262 54.1050967261896 69.7157221395526 60.658203125001 53.1901041666676 51.8098958333324 47.1789434523794 52.7442646329353 42.0912801752651 -9999 44.9524739583331 39.3051835317472 48.0050429894147 45.3154451884936 47.3145771329362 45.6070498511898 46.597160218252 49.1893807870369 49.0129691633596 44.2054501488099 47.4674065806856 51.5196759259274 47.701109871032 52.5903294477519 53.0686487268519 54.782676091272 53.9260809358473 54.5054356812139
-9999 -9999 -9999 -9999 -9999 -9999 -9999 56.3478422619057 60.8457031250003 65 58.7636718750016 62.2071862599199 56.4629216269844 48.5382254464288 57.9251302083334 55.5242125496034 51.9257812500002 57.5785590277786 58.0006510416669 62.3281249999993 62.8359375000004 60.4282304067453 59.4361049107149 53.3417968750008 61.2263454861108 53.5821242559542 56.6468563988084 62.4811817956351 57.2021019345241 44.8147941468251 43.8139570932521 40.9589843750001 41.1451822916663 47.6683097718262 43.3095238095256 40.9524739583336 46.3977864583325 43.1200706845248 44.0332031249979 42.1706349206354 49.1821986607135 44.3950272817473 52.1640624999997 41.2225632440482 42.3332713293655 52 51.962890625 52.8209635416672 55.1602802579384
-9999 -9999 -9999 -9999 -9999 -9999 -9999 -9999 57.9688636739415 64.1881303736766 52.304687499999 58.1380208333334 53.6042390046297 55.1873139880952 48.8376632771171 57.709428736773 59.7858692956355 58.3774594907404 57.1408936838637 59.8761160714307 67.7239583333331 56.7239583333331 50.8571428571399 50.1929873511896 52.6379484953708 59.1298053075399 61.0730303406081 61.5876839451064 61.2072172619046 46.1147693452388 56.2468998015861 52.5859374999997 48.9166873346559 45.8647176752644 51.3834635416681 46.3762194113762 43.8619791666666 44.1215897817461 43.4435763888897 51.738446593915 42.097377232144 44.6384445271156 48.1380208333334 49.1150173611105 50.9315372850529 51.3112702546285 55.9874131944438 55.9658461474858 51.3136677414028
-9999 -9999 -9999 -9999 -9999 -9999 -9999 -9999 -9999 51.8061859292335 64.9880642361075 62.7360077711636 64.9045862268522 54.3574218750008 63.4661251653442 60.0888826884913 59.1818266369045 58.7760416666658 55.0110160383642 60.9173487103169 55.0700644841288 55.3110325727511 58.7646019345218 56.6706349206362 58.8132957175938 50.8872147817494 50.2959552744725 55.2338686342596 55.4572172619052 63.2684668485425 52.2236379794944 43.9720052083332 52.9040075231476 42.0396825396815 48.5506882440498 49.784701554234 46.3491340112422 48.496868799603 50.1555266203708 45.3221622850537 43.2159598214296 46.3886615410021 49.2936714616395 50.4978608630959 53.4404865244708 51.2170862268492 57.0253286210319 55.193028687169 60.0683283730158
-9999 -9999 -9999 -9999 -9999 -9999 -9999 -9999 -9999 -9999 58.8971354166659 55.2622457837305 52.7449776785716 65.745256696428 53.9126984126991 58.9404141865077 65.5005580357146 65.2105034722228 63.9180307539697 66.7380952380973 66.6710379464289 56.4522879464288 59.3038504464291 60.5444878472195 56.0692274305557 58.8987165178572 61.8970424107145 56.0381324404774 64 60.9915984623006 52.0661582341269 52.5781249999997 61.08541046627 50.9801587301592 50.6178385416648 40.6741691468262 52.6043526785717 53.0079055059523 56.0097656250021 51.7727554563487 53.1657366071433 53.008525545635 55.2085503472206 54.0542224702382 52.4173487103172 59.1957465277783 64.2898065476173 60.9244171626991 56.0436507936513
-9999 -9999 -9999 -9999 -9999 -9999 -9999 -9999 -9999 -9999 56.5944010416685 51.0568059689159 59.8211392195776 59.4818638392879 58.4563492063495 57.8501054067453 59.443111359124 66.654007523148 63.0002376818784 61.9401041666661 61.9401041666661 55.4007936507938 58.9636346726186 59.7918526785744 59.1827980324071 56.7226562499997 56.9844990079365 56.7770854001319 60.2461247519831 56.5112950562177 59.9538897156081 53.7050781249996 56.006892774471 54.1146660052901 53.5044022817419 57.6000330687828 58.9655361276452 57.8609561011891 58.5928096064827 59.1311797288361 58.9086681547622 60.7389322916645 51.2341269841257 51.8357824900806 56.4737826554229 60.7005931712935 59.5611669146814 58.9945333167989 58.0078435019843
-9999 -9999 -9999 -9999 -9999 -9999 -9999 -9999 -9999 -9999 -9999 58.0980696097889 47.3603877314815 54.6658296130966 58.9311032572759 60.4010726686507 58.7354600694443 52.634765625 55.9920634920603 55.038287450397 52.7679811507943 56.5450665509255 57.4474516369049 55.6925843253944 52.5565682870371 57.0296999007927 54.0753658234132 57.9590257109786 52.0793960813496 61.4697317294965 45.2692522321452 61.5084635416667 58.0541914682546 46.9411479001338 56.0819072420583 40.7397383432551 59.1456886574067 63.4215339781744 60.2845052083314 58.5464203042313 56.0702194940458 53.0338541666669 57.9661458333332 56.0427207341272 57.5202236276455 61.7071759259234 60.0830233134926 55.8810557209001 61.8351934523792
-9999 -9999 -9999 -9999 -9999 -9999 -9999 -9999 -9999 -9999 -9999 -9999 58.8291170634933 54.3133370535714 53.0979972718256 51.4087301587301 58.2794828869054 54.4544270833352 57.0078125000006 54.985398065475 52.5452938988098 55.3758060515854 51.9963727678569 57.9843749999987 51.598958333334 59.1259300595228 56.9699280753944 49.0279637896848 59.3887648809529 51.5317150297623 63.0078125000006 55.261718750001 59.1219928075405 60.0351562500007 53.158389136906 52.7236793154784 58.5521763392835 62.0053013392861 58.3055555555563 58.1693018353178 61.0075334821435 60.900793650793 58.4604414682508 61.2569754464279 65.5040302579356 63.2855902777811 67.0017671130954 61.9779885912681 63.0003410218254
-9999 -9999 -9999 -9999 -9999 -9999 -9999 -9999 -9999 -9999 -9999 -9999 -9999 50.0196242559535 57.9916811342594 53.5804914847886 55.4656187996026 52.2884114583327 48.0768125826726 59.1333395337291 60.0048466435185 56.0109230324073 54.0883556547631 59.0122251157406 58.9817708333336 60.0766679067451 55.2041067294978 56.4024057539689 59.671595982143 59.4808821097889 59.6473420965615 61.9680989583337 63.1494398974866 58.0977595899446 63 59.0023871527778 58.4533213458995 47.5799231150792 53.7293836805544 58 62.9473586309535 59.9835792824076 59.7561797288373 57.3623201884923 57.0182291666664 58.6090133101869 50.2402963789687 63.0331307870367 64.007988177911
-9999 -9999 -9999 -9999 -9999 -9999 -9999 -9999 -9999 -9999 -9999 -9999 -9999 -9999 -9999 57.3906353339946 51.7061631944442 62.7664930555563 49.1398706183896 54.0384734623018 60.491794808202 61.0265273644181 57.0648251488098 60.5820932539692 55.1944444444443 55.9926525297628 52.3523272156106 60.0792307374342 59.5815042162696 58.5014157572758 57.6252686838637 60.7389322916666 60 63.0063450727525 60.7398313492052 61.7231419477524 56.9490534060845 43.3319692460316 46.6501736111102 46.1555266203707 50.076822916666 55.8609147652108 55.8101438492078 54.9884052579365 57.5115534060843 66.2848668981466 55.9557291666665 62.0054563492041 60.8299541170622
-9999 -9999 -9999 -9999 -9999 -9999 -9999 -9999 -9999 -9999 -9999 -9999 -9999 -9999 -9999 -9999 58.3248697916667 59.9314236111111 61.0039682539699 59.0611049107141 61.9263702876981 53.3532676091261 56.5959821428574 54.5644221230134 57.9433593750002 62.8635602678576 61.8595920138886 56.0555245535712 59.0217633928571 65.3423239087312 60.1547619047585 63.1796875000003 56.2557043650791 56.1879650297586 58.9296875000003 59.4410032242084 49.6052517361107 -9999 54.3602430555558 48.3995845734134 51.864397321429 56.9920324900785 59.0703124999997 60.1146763392853 57.699590773809 58.7730034722192 61.9121093750009 61.0767299107139 56.970269097223
