rasters/Chad_bio12.asc
NCOLS 126 
NROWS 192 
XLLCORNER 13.449183796 
YLLCORNER 7.455566751 
CELLSIZE 0.0836128775793651 
NODATA_value -3.4e+38 
[rows 76 to 113 of 192, columns 0 to 85 of 126]
-3.4e+38 -3.4e+38 -3.4e+38 -3.4e+38 -3.4e+38 -3.4e+38 -3.4e+38 -3.4e+38 -3.4e+38 -3.4e+38 -3.4e+38 -3.4e+38 -3.4e+38 -3.4e+38 -3.4e+38 -3.4e+38 -3.4e+38 -3.4e+38 -3.4e+38 -3.4e+38 -3.4e+38 -3.4e+38 -3.4e+38 -3.4e+38 -3.4e+38 58 57 57 57 57 55 55 55 54 54 53 50 50 50 47 46 45 43 42 42 40 40 37 35 34 33 33 32 31 30 29 28 28 27 26 25 25 24 25 25 26 26 26 29 30 30 31 32 34 35 35 36 37 38 39 39 42 43 43 45 46
-3.4e+38 -3.4e+38 -3.4e+38 -3.4e+38 -3.4e+38 -3.4e+38 -3.4e+38 -3.4e+38 -3.4e+38 -3.4e+38 -3.4e+38 -3.4e+38 -3.4e+38 -3.4e+38 -3.4e+38 -3.4e+38 -3.4e+38 -3.4e+38 -3.4e+38 -3.4e+38 -3.4e+38 -3.4e+38 -3.4e+38 -3.4e+38 -3.4e+38 58 58 58 57 57 57 57 55 55 55 55 53 51 50 48 46 45 45 43 42 42 40 39 37 35 35 33 33 31 31 31 30 28 28 28 27 28 28 28 28 29 30 30 31 31 32 34 35 35 37 37 38 39 40 42 43 44 45 46 48 50
-3.4e+38 -3.4e+38 -3.4e+38 -3.4e+38 -3.4e+38 -3.4e+38 -3.4e+38 -3.4e+38 -3.4e+38 -3.4e+38 -3.4e+38 -3.4e+38 -3.4e+38 -3.4e+38 -3.4e+38 -3.4e+38 -3.4e+38 -3.4e+38 -3.4e+38 -3.4e+38 -3.4e+38 -3.4e+38 -3.4e+38 -3.4e+38 60 61 60 59 57 58 58 57 56 57 56 55 54 53 51 48 48 46 46 45 43 42 42 40 39 36 35 35 35 33 32 31 31 29 29 29 29 29 29 30 30 31 31 32 33 34 35 35 37 38 38 40 41 42 43 44 45 46 49 51 54 55
-3.4e+38 -3.4e+38 -3.4e+38 -3.4e+38 -3.4e+38 -3.4e+38 -3.4e+38 -3.4e+38 -3.4e+38 -3.4e+38 -3.4e+38 -3.4e+38 -3.4e+38 -3.4e+38 -3.4e+38 -3.4e+38 -3.4e+38 -3.4e+38 -3.4e+38 -3.4e+38 -3.4e+38 -3.4e+38 -3.4e+38 65 63 61 60 60 60 60 59 59 59 57 57 57 55 54 52 51 49 48 47 46 45 44 42 41 40 40 38 36 35 35 35 33 32 32 32 31 31 31 31 31 31 32 33 34 35 37 38 39 39 41 42 42 43 44 45 47 51 51 53 54 55 58
-3.4e+38 -3.4e+38 -3.4e+38 -3.4e+38 -3.4e+38 -3.4e+38 -3.4e+38 -3.4e+38 -3.4e+38 -3.4e+38 -3.4e+38 -3.4e+38 -3.4e+38 -3.4e+38 -3.4e+38 -3.4e+38 -3.4e+38 -3.4e+38 -3.4e+38 -3.4e+38 -3.4e+38 -3.4e+38 66 66 66 63 63 62 62 62 62 61 61 61 59 58 58 58 54 52 51 50 48 48 47 46 44 43 42 41 40 39 36 36 35 35 34 32 33 32 31 33 32 32 33 34 34 36 38 39 40 41 42 42 44 46 46 50 51 51 53 54 56 56 59 61
-3.4e+38 -3.4e+38 -3.4e+38 -3.4e+38 -3.4e+38 -3.4e+38 -3.4e+38 -3.4e+38 -3.4e+38 -3.4e+38 -3.4e+38 -3.4e+38 -3.4e+38 -3.4e+38 -3.4e+38 -3.4e+38 -3.4e+38 -3.4e+38 -3.4e+38 -3.4e+38 -3.4e+38 67 67 68 68 68 67 67 65 65 66 66 64 61 61 60 59 58 57 53 53 52 51 50 48 48 46 45 43 42 42 40 40 38 36 36 35 35 35 35 35 34 36 36 35 37 38 39 42 42 43 44 46 47 49 50 51 52 53 54 57 58 59 60 63 65
-3.4e+38 -3.4e+38 -3.4e+38 -3.4e+38 -3.4e+38 -3.4e+38 -3.4e+38 -3.4e+38 -3.4e+38 -3.4e+38 -3.4e+38 -3.4e+38 -3.4e+38 -3.4e+38 -3.4e+38 -3.4e+38 -3.4e+38 -3.4e+38 -3.4e+38 -3.4e+38 71 71 71 70 69 70 69 69 68 68 68 66 66 65 64 61 61 60 58 56 56 53 53 53 51 48 47 46 46 46 43 42 42 40 39 38 36 36 36 36 36 36 37 38 39 40 40 43 45 47 47 48 50 50 52 53 53 55 57 58 59 60 63 65 66 69
-3.4e+38 -3.4e+38 -3.4e+38 -3.4e+38 -3.4e+38 -3.4e+38 -3.4e+38 -3.4e+38 -3.4e+38 -3.4e+38 -3.4e+38 -3.4e+38 -3.4e+38 -3.4e+38 -3.4e+38 -3.4e+38 -3.4e+38 -3.4e+38 -3.4e+38 -3.4e+38 72 72 72 73 72 72 73 72 73 70 69 69 69 67 66 66 65 63 62 61 59 59 57 56 54 50 49 48 47 46 46 43 43 42 41 41 39 38 39 39 39 39 40 41 43 43 44 47 47 48 49 50 51 52 53 55 57 59 59 61 64 66 68 69 71 73
-3.4e+38 -3.4e+38 -3.4e+38 -3.4e+38 -3.4e+38 -3.4e+38 -3.4e+38 -3.4e+38 -3.4e+38 -3.4e+38 -3.4e+38 -3.4e+38 -3.4e+38 -3.4e+38 -3.4e+38 -3.4e+38 -3.4e+38 -3.4e+38 -3.4e+38 76 75 75 76 75 76 76 75 75 74 74 73 73 73 70 69 69 66 66 65 64 62 61 60 58 56 53 53 53 49 49 48 47 45 43 43 41 41 40 40 40 40 42 43 44 45 47 48 49 50 50 52 53 53 56 57 59 59 63 65 67 68 70 71 73 75 76
-3.4e+38 -3.4e+38 -3.4e+38 -3.4e+38 -3.4e+38 -3.4e+38 -3.4e+38 -3.4e+38 -3.4e+38 -3.4e+38 -3.4e+38 -3.4e+38 -3.4e+38 -3.4e+38 -3.4e+38 -3.4e+38 -3.4e+38 -3.4e+38 78 78 77 78 77 77 77 77 77 77 76 76 76 75 74 73 73 71 71 69 68 66 65 65 62 60 59 58 56 55 54 53 51 50 47 46 44 43 43 43 43 42 44 45 46 47 47 49 50 52 54 54 56 56 59 60 61 63 65 67 68 70 72 74 74 76 79 81
-3.4e+38 -3.4e+38 -3.4e+38 -3.4e+38 -3.4e+38 -3.4e+38 -3.4e+38 -3.4e+38 -3.4e+38 -3.4e+38 -3.4e+38 -3.4e+38 -3.4e+38 -3.4e+38 -3.4e+38 -3.4e+38 -3.4e+38 81 83 82 82 80 80 80 80 80 79 80 80 79 78 77 77 76 75 73 73 73 72 70 68 68 66 65 62 62 61 58 57 55 55 52 52 50 47 45 44 44 44 45 45 47 47 49 50 52 53 56 57 59 60 60 62 64 67 67 69 71 72 74 76 77 80 81 83 84
-3.4e+38 -3.4e+38 -3.4e+38 -3.4e+38 -3.4e+38 -3.4e+38 -3.4e+38 -3.4e+38 -3.4e+38 -3.4e+38 -3.4e+38 -3.4e+38 -3.4e+38 -3.4e+38 -3.4e+38 -3.4e+38 86 86 86 85 84 84 84 82 82 82 82 82 82 81 80 80 79 79 78 77 76 75 75 73 73 71 70 68 67 65 64 61 60 58 57 56 55 52 52 51 49 47 47 47 47 48 50 53 55 58 58 60 61 65 65 65 68 68 70 71 74 75 77 79 82 82 84 85 87 88
-3.4e+38 -3.4e+38 -3.4e+38 -3.4e+38 -3.4e+38 -3.4e+38 -3.4e+38 -3.4e+38 -3.4e+38 -3.4e+38 -3.4e+38 -3.4e+38 -3.4e+38 -3.4e+38 -3.4e+38 89 89 89 90 88 88 87 87 87 86 86 87 85 84 84 83 84 83 82 80 79 79 78 77 77 76 75 72 72 70 69 68 66 63 61 62 60 58 56 56 55 52 52 51 50 52 54 55 57 59 61 62 64 66 68 68 71 73 75 76 76 79 81 82 84 85 88 89 89 90 91
-3.4e+38 -3.4e+38 -3.4e+38 -3.4e+38 -3.4e+38 -3.4e+38 -3.4e+38 -3.4e+38 -3.4e+38 -3.4e+38 -3.4e+38 -3.4e+38 -3.4e+38 -3.4e+38 92 93 92 92 91 91 90 91 90 89 89 89 89 89 89 87 87 88 86 85 83 82 82 81 79 79 79 78 77 74 74 72 72 69 69 68 65 64 63 62 59 59 58 57 55 55 55 57 58 61 63 65 68 69 72 73 75 75 78 79 80 81 83 84 87 88 90 91 93 94 94 101
-3.4e+38 -3.4e+38 -3.4e+38 -3.4e+38 -3.4e+38 -3.4e+38 -3.4e+38 -3.4e+38 -3.4e+38 -3.4e+38 -3.4e+38 -3.4e+38 -3.4e+38 95 96 95 95 94 94 94 94 94 93 93 93 93 93 92 92 91 91 90 90 89 87 87 85 84 84 83 83 82 79 78 77 76 74 74 72 72 69 69 69 66 65 63 62 60 59 60 60 62 64 66 70 71 72 73 75 76 79 79 81 82 84 86 89 91 92 95 95 97 99 100 102 104
-3.4e+38 -3.4e+38 -3.4e+38 -3.4e+38 -3.4e+38 -3.4e+38 -3.4e+38 -3.4e+38 -3.4e+38 -3.4e+38 -3.4e+38 -3.4e+38 99 100 99 98 99 97 97 97 98 97 97 96 96 97 96 96 96 96 94 94 94 92 90 90 89 89 88 87 87 85 85 83 82 79 78 78 78 75 74 73 72 70 69 69 67 66 66 66 67 70 71 72 74 76 77 78 79 81 83 85 87 88 90 92 93 95 97 97 100 102 104 105 108 110
-3.4e+38 -3.4e+38 -3.4e+38 -3.4e+38 -3.4e+38 -3.4e+38 -3.4e+38 -3.4e+38 -3.4e+38 -3.4e+38 -3.4e+38 104 104 103 103 103 102 103 101 101 101 102 102 100 101 101 100 100 100 99 99 99 98 95 94 93 93 93 92 92 90 89 88 87 86 85 84 83 83 82 81 80 77 76 75 73 72 70 70 71 74 74 76 77 81 81 83 84 86 86 89 90 92 94 96 97 98 100 102 104 105 108 110 111 113 114
-3.4e+38 -3.4e+38 -3.4e+38 -3.4e+38 -3.4e+38 -3.4e+38 -3.4e+38 -3.4e+38 -3.4e+38 -3.4e+38 108 108 108 108 108 107 107 107 106 106 107 107 106 106 106 106 106 105 106 104 104 104 102 100 100 98 96 96 95 95 95 93 92 93 92 90 90 90 90 87 86 84 83 82 81 79 78 78 79 79 80 81 83 84 84 87 88 90 91 93 94 97 97 99 102 102 105 105 107 109 110 112 115 116 118 119
-3.4e+38 -3.4e+38 -3.4e+38 -3.4e+38 -3.4e+38 -3.4e+38 -3.4e+38 -3.4e+38 -3.4e+38 -3.4e+38 111 112 112 111 112 111 111 110 110 110 109 111 110 109 109 109 109 109 108 108 106 106 106 105 104 102 102 100 100 99 100 100 100 98 97 97 96 95 94 92 91 91 89 87 86 84 84 84 84 85 86 87 88 89 92 95 96 96 98 100 101 102 103 106 107 109 111 111 113 116 118 119 120 124 126 127
-3.4e+38 -3.4e+38 -3.4e+38 -3.4e+38 -3.4e+38 -3.4e+38 -3.4e+38 -3.4e+38 -3.4e+38 118 117 117 116 115 115 114 115 114 114 114 114 115 115 114 114 113 112 112 112 112 111 111 111 110 109 106 106 108 106 106 105 104 104 104 102 101 101 101 100 98 97 97 95 94 92 90 90 91 91 92 94 95 96 97 99 100 102 102 104 105 107 109 111 112 114 116 116 118 121 122 124 125 127 129 130 132
-339999999999999996123846586046231871488.000000000000000 -3.4e+38 -3.4e+38 -3.4e+38 -3.4e+38 -3.4e+38 -3.4e+38 -3.4e+38 121 122 122 121 121 121 120 119 118 118 118 119 118 118 118 118 117 117 117 117 118 116 116 117 117 116 114 113 114 112 110 110 110 109 109 108 108 106 106 106 104 103 103 101 101 99 98 98 97 98 98 99 101 101 103 106 106 107 109 110 111 112 114 114 117 118 120 120 123 125 127 129 131 132 134 136 137 140
-3.4e+38 -3.4e+38 -3.4e+38 -3.4e+38 -3.4e+38 -3.4e+38 -3.4e+38 127 127 125 126 126 125 124 125 124 123 122 124 124 124 123 123 122 122 122 122 122 122 121 121 122 121 121 120 119 118 119 117 117 116 115 114 114 114 113 111 112 112 110 110 109 108 107 106 106 106 107 107 108 109 110 111 113 113 113 115 116 119 120 122 123 124 126 126 129 130 132 133 136 136 138 142 143 147 149
-3.4e+38 -3.4e+38 -3.4e+38 -3.4e+38 -3.4e+38 -3.4e+38 -3.4e+38 130 132 131 130 131 130 130 129 128 128 127 128 127 127 127 126 126 127 127 125 125 125 126 126 125 125 123 123 124 123 124 121 121 121 120 119 119 120 120 119 118 117 117 116 115 114 113 113 114 114 114 114 117 117 118 119 121 121 122 123 124 126 128 128 129 131 132 133 136 137 139 143 144 146 148 149 151 154 155
-3.4e+38 -3.4e+38 -3.4e+38 -3.4e+38 -3.4e+38 -3.4e+38 137 135 135 137 136 137 135 135 134 133 132 132 131 131 131 131 131 130 130 131 131 131 131 132 132 130 131 129 129 128 128 128 128 127 128 128 127 127 127 125 125 125 125 124 124 122 121 121 122 121 121 122 123 123 126 126 126 126 128 131 130 132 134 134 134 137 139 139 142 144 145 146 149 151 154 155 157 161 161 163
-3.4e+38 -3.4e+38 -3.4e+38 -3.4e+38 -3.4e+38 143 143 142 142 141 142 141 142 141 140 137 137 138 138 138 137 136 138 137 139 138 137 137 137 135 135 135 135 134 133 134 133 134 135 135 134 133 132 132 132 132 131 132 131 131 129 129 131 130 130 131 130 131 132 132 134 133 134 135 136 137 137 140 141 143 144 145 147 148 149 151 152 155 157 160 161 164 167 169 170 173
-3.4e+38 -3.4e+38 -3.4e+38 -3.4e+38 -3.4e+38 149 149 149 146 148 147 146 146 146 145 144 146 144 143 143 143 143 143 143 143 143 142 143 142 141 141 140 140 139 138 137 139 140 140 139 139 140 140 139 140 140 141 141 140 138 138 137 137 137 138 139 140 140 140 139 141 141 142 144 144 145 146 147 148 149 150 153 153 156 159 160 162 164 166 169 172 173 177 179 181 182
-3.4e+38 -3.4e+38 -3.4e+38 -3.4e+38 156 154 152 153 153 154 153 152 150 150 151 150 150 149 148 149 148 148 147 148 147 148 147 146 147 147 147 145 145 143 144 144 145 145 147 146 146 145 146 145 147 148 146 147 147 147 146 146 145 146 147 148 150 150 149 149 151 151 151 152 153 154 155 154 155 157 159 161 163 164 167 169 171 175 178 179 180 183 185 188 189 191
-3.4e+38 -3.4e+38 -3.4e+38 -3.4e+38 160 158 159 159 158 158 157 156 155 154 154 153 154 153 153 153 152 152 152 153 153 153 151 151 151 151 152 151 151 150 149 150 151 152 150 150 151 150 153 154 154 154 154 155 155 156 156 156 157 158 158 159 159 159 159 160 161 161 161 163 164 163 164 164 166 167 169 170 172 175 177 179 183 185 187 189 191 193 196 198 201 203
-3.4e+38 -3.4e+38 -3.4e+38 -3.4e+38 165 164 163 162 163 163 162 160 160 160 159 159 158 157 159 158 158 159 158 157 158 157 156 157 157 157 158 159 157 157 157 157 157 157 157 156 159 159 160 161 163 163 164 164 164 164 164 164 166 167 168 170 170 169 169 170 172 172 172 171 173 174 175 175 176 176 177 180 181 184 187 191 194 194 196 200 203 206 209 212 214 215
-3.4e+38 -3.4e+38 -3.4e+38 171 170 170 169 168 168 167 166 166 165 164 163 163 163 162 161 162 161 162 163 162 162 162 162 162 162 163 164 164 164 163 163 163 163 163 163 164 165 166 168 168 169 170 171 173 173 173 175 175 177 178 177 179 180 181 182 184 183 183 183 183 184 185 186 186 186 187 187 190 192 195 197 200 202 205 209 212 216 217 222 223 225 227
-3.4e+38 -3.4e+38 -3.4e+38 173 174 173 174 172 172 171 172 170 170 170 169 169 168 166 167 168 168 167 168 168 168 168 168 169 168 168 168 168 168 168 168 169 170 170 170 171 174 175 177 176 177 179 180 182 184 184 185 185 186 188 189 190 191 192 194 195 195 193 193 193 193 193 194 195 193 195 196 199 201 204 208 210 214 217 220 224 226 230 233 236 239 241
-3.4e+38 178 179 179 180 178 178 178 177 178 176 178 178 176 174 175 175 174 174 174 173 174 174 174 174 174 174 174 175 175 175 173 173 174 174 174 177 177 178 179 182 182 182 183 185 188 189 191 193 193 195 197 198 199 200 201 203 206 206 207 205 205 206 205 206 205 203 203 204 205 205 207 210 214 218 221 224 228 230 235 238 243 246 250 252 254
180 182 184 183 184 184 184 182 182 182 182 181 181 180 179 181 180 179 179 179 179 178 179 179 178 180 181 181 181 180 180 181 181 181 182 183 183 183 184 187 190 189 191 193 195 196 199 203 203 205 206 207 211 211 214 215 215 216 216 218 217 217 217 217 218 216 217 217 214 214 216 217 219 222 227 231 235 239 243 247 253 256 261 262 266 267
-3.4e+38 185 186 186 189 188 188 188 189 188 187 188 186 186 187 186 186 185 184 183 184 184 184 185 186 186 186 186 187 188 187 186 187 188 190 190 189 192 194 196 195 197 200 203 205 207 209 212 213 215 218 220 221 225 227 228 230 231 231 231 231 231 230 230 228 228 226 224 225 225 225 225 229 233 238 243 247 251 258 260 265 270 274 278 279 281
-3.4e+38 188 191 192 193 194 194 194 193 194 194 195 194 193 192 192 191 190 191 194 193 193 192 193 194 195 195 195 193 194 195 194 195 196 196 196 199 201 204 202 203 205 208 210 214 217 219 223 225 226 231 233 235 237 241 243 245 246 245 246 245 246 245 245 243 240 239 236 234 234 234 236 239 243 248 254 260 264 269 275 280 283 288 291 294 296
-3.4e+38 190 193 196 199 199 200 200 200 200 201 201 200 199 198 198 197 198 199 199 199 198 197 200 201 200 201 203 202 200 200 201 201 203 204 205 206 208 210 212 212 213 217 219 224 228 230 233 237 240 243 245 250 252 253 257 258 261 261 262 260 260 259 257 254 253 251 248 244 245 243 245 249 253 260 264 270 278 283 289 295 299 302 307 310 312
-3.4e+38 196 197 200 203 204 206 207 207 207 207 206 206 204 205 204 204 205 205 205 205 206 206 206 207 208 209 209 209 209 207 209 208 211 212 214 216 217 219 220 222 224 227 230 234 238 241 245 248 251 256 258 262 265 270 269 274 276 277 275 277 277 274 272 270 266 264 260 258 257 254 254 260 265 271 279 285 293 298 307 311 314 319 323 325 328
-3.4e+38 -3.4e+38 204 206 207 211 214 214 214 214 214 213 213 211 211 211 211 212 211 211 210 214 213 214 216 217 217 217 217 218 217 218 220 219 220 221 225 226 228 231 233 236 237 241 244 249 251 255 260 264 268 273 277 282 284 286 291 293 293 292 293 293 291 289 283 281 277 272 271 268 266 266 270 276 285 291 299 307 316 321 325 328 332 336 340 343
