rasters/Chad_bio12.asc
NCOLS 126 
NROWS 192 
XLLCORNER 13.449183796 
YLLCORNER 7.455566751 
CELLSIZE 0.0836128775793651 
NODATA_value -3.4e+38 
[rows 152 to 189 of 192, columns 0 to 85 of 126]
-3.4e+38 -3.4e+38 -3.4e+38 -3.4e+38 -3.4e+38 -3.4e+38 -3.4e+38 -3.4e+38 -3.4e+38 -3.4e+38 -3.4e+38 -3.4e+38 -3.4e+38 -3.4e+38 -3.4e+38 -3.4e+38 -3.4e+38 -3.4e+38 -3.4e+38 -3.4e+38 689 681 678 676 680 684 686 692 699 706 716 725 736 751 755 764 767 770 774 776 780 784 787 789 792 792 792 792 794 797 797 798 798 801 803 806 808 809 816 817 816 813 817 821 825 828 824 825 825 825 828 834 831 832 833 834 836 840 839 834 829 827 821 817 813 810
-3.4e+38 -3.4e+38 -3.4e+38 -3.4e+38 -3.4e+38 -3.4e+38 -3.4e+38 -3.4e+38 -3.4e+38 -3.4e+38 -3.4e+38 -3.4e+38 -3.4e+38 -3.4e+38 -3.4e+38 -3.4e+38 -3.4e+38 -3.4e+38 -3.4e+38 -3.4e+38 -3.4e+38 694 691 687 689 695 701 702 709 717 725 735 744 766 778 779 780 784 784 788 790 794 796 799 802 802 803 805 807 807 808 808 808 815 817 818 820 820 827 829 826 827 828 830 835 835 832 834 839 834 837 840 839 843 842 841 847 848 841 838 837 834 828 823 820 818
-3.4e+38 -3.4e+38 -3.4e+38 -3.4e+38 -3.4e+38 -3.4e+38 -3.4e+38 -3.4e+38 -3.4e+38 -3.4e+38 -3.4e+38 -3.4e+38 -3.4e+38 -3.4e+38 -3.4e+38 -3.4e+38 -3.4e+38 -3.4e+38 -3.4e+38 -3.4e+38 -3.4e+38 711 704 700 702 709 714 719 723 731 738 748 759 776 792 802 797 796 795 794 799 802 809 809 812 812 814 814 815 817 817 818 822 825 827 828 830 831 836 834 833 833 835 840 846 847 842 840 843 843 845 845 847 848 851 851 853 858 847 846 842 838 836 832 830 824
-3.4e+38 -3.4e+38 -3.4e+38 -3.4e+38 -3.4e+38 -3.4e+38 -3.4e+38 -3.4e+38 -3.4e+38 -3.4e+38 -3.4e+38 -3.4e+38 -3.4e+38 -3.4e+38 -3.4e+38 -3.4e+38 -3.4e+38 -3.4e+38 -3.4e+38 -3.4e+38 -3.4e+38 -3.4e+38 722 714 719 725 729 733 737 744 753 764 772 788 799 808 810 807 806 805 809 813 816 822 822 821 824 826 824 827 828 831 834 835 837 838 840 842 841 839 840 843 845 848 852 851 851 849 851 851 851 851 853 857 858 859 857 859 857 853 850 846 843 839 836 831
-3.4e+38 -3.4e+38 -3.4e+38 -3.4e+38 -3.4e+38 -3.4e+38 -3.4e+38 -3.4e+38 -3.4e+38 -3.4e+38 -3.4e+38 -3.4e+38 -3.4e+38 -3.4e+38 -3.4e+38 -3.4e+38 -3.4e+38 -3.4e+38 -3.4e+38 -3.4e+38 -3.4e+38 -3.4e+38 739 735 737 741 742 748 752 760 769 777 788 798 807 812 812 809 812 812 815 822 826 829 830 835 836 834 839 836 840 842 843 846 847 847 848 851 851 851 851 851 853 857 860 860 859 858 857 857 858 859 863 865 866 866 864 863 862 859 855 852 848 848 843 839
-3.4e+38 -3.4e+38 -3.4e+38 -3.4e+38 -3.4e+38 -3.4e+38 -3.4e+38 -3.4e+38 -3.4e+38 -3.4e+38 -3.4e+38 -3.4e+38 -3.4e+38 -3.4e+38 -3.4e+38 -3.4e+38 -3.4e+38 -3.4e+38 -3.4e+38 -3.4e+38 -3.4e+38 -3.4e+38 -3.4e+38 761 756 756 759 763 769 776 782 791 797 812 817 821 822 820 826 825 827 829 834 839 841 844 847 846 846 847 852 852 856 855 854 858 860 859 859 861 859 862 862 864 866 868 866 861 863 866 864 866 870 870 871 871 870 871 869 866 863 859 857 855 851 848
-3.4e+38 -3.4e+38 -3.4e+38 -3.4e+38 -3.4e+38 -3.4e+38 -3.4e+38 -3.4e+38 -3.4e+38 -3.4e+38 -3.4e+38 -3.4e+38 -3.4e+38 -3.4e+38 -3.4e+38 -3.4e+38 -3.4e+38 -3.4e+38 -3.4e+38 -3.4e+38 -3.4e+38 -3.4e+38 -3.4e+38 -3.4e+38 779 775 780 783 788 793 797 802 808 820 825 831 832 833 835 835 839 841 844 846 850 853 855 860 861 858 859 862 864 863 864 868 868 868 869 868 867 869 871 872 871 872 872 868 871 875 875 874 877 879 879 877 875 877 876 874 869 867 862 860 860 857
-3.4e+38 -3.4e+38 -3.4e+38 -3.4e+38 -3.4e+38 -3.4e+38 -3.4e+38 -3.4e+38 -3.4e+38 -3.4e+38 -3.4e+38 -3.4e+38 -3.4e+38 -3.4e+38 -3.4e+38 -3.4e+38 -3.4e+38 -3.4e+38 -3.4e+38 -3.4e+38 -3.4e+38 -3.4e+38 -3.4e+38 -3.4e+38 -3.4e+38 798 798 802 803 808 813 818 820 830 836 843 844 846 846 848 851 855 855 858 861 865 865 868 871 870 871 870 872 872 873 876 878 878 877 877 879 877 879 878 876 878 877 881 877 884 882 888 885 886 884 884 885 882 882 879 876 872 872 870 869 865
-3.4e+38 -3.4e+38 -3.4e+38 -3.4e+38 -3.4e+38 -3.4e+38 -3.4e+38 -3.4e+38 -3.4e+38 -3.4e+38 -3.4e+38 -3.4e+38 -3.4e+38 -3.4e+38 -3.4e+38 -3.4e+38 -3.4e+38 -3.4e+38 -3.4e+38 -3.4e+38 -3.4e+38 -3.4e+38 -3.4e+38 -3.4e+38 -3.4e+38 -3.4e+38 822 823 823 826 829 830 834 842 850 852 856 859 860 861 862 863 867 872 872 875 877 878 878 885 880 878 880 884 884 885 886 887 888 888 888 889 886 888 883 885 887 888 896 894 890 895 896 895 890 891 891 889 887 885 882 880 880 878 872 871
-3.4e+38 -3.4e+38 -3.4e+38 -3.4e+38 -3.4e+38 -3.4e+38 -3.4e+38 -3.4e+38 -3.4e+38 872 861 854 851 847 -3.4e+38 -3.4e+38 -3.4e+38 -3.4e+38 -3.4e+38 -3.4e+38 828 819 826 -3.4e+38 -3.4e+38 -3.4e+38 840 845 845 843 844 845 848 852 861 862 864 868 871 873 877 878 881 882 883 885 887 888 888 893 892 888 892 891 893 893 892 895 896 895 898 897 895 894 893 893 895 894 900 901 899 901 900 901 897 895 895 896 893 892 890 890 887 884 880 880
-3.4e+38 -3.4e+38 -3.4e+38 -3.4e+38 -3.4e+38 -3.4e+38 -3.4e+38 -3.4e+38 -3.4e+38 872 866 865 863 862 860 862 860 856 848 844 842 841 846 848 852 857 860 861 864 865 862 861 859 865 870 873 877 881 886 888 888 889 893 894 895 895 895 897 898 902 904 899 900 901 903 903 903 903 902 903 904 905 903 901 902 902 901 902 901 905 906 907 905 906 904 904 903 904 902 901 902 900 897 893 890 888
-3.4e+38 -3.4e+38 -3.4e+38 -3.4e+38 -3.4e+38 -3.4e+38 -3.4e+38 -3.4e+38 885 869 872 872 871 867 868 867 872 871 866 857 856 863 867 872 874 876 879 880 881 886 882 877 873 879 884 887 889 892 896 898 902 902 905 904 907 906 908 908 908 908 913 916 909 911 911 910 910 914 913 914 912 910 910 908 910 909 907 909 910 911 917 914 916 915 912 912 911 910 911 911 913 908 905 902 899 895
-3.4e+38 -3.4e+38 -3.4e+38 -3.4e+38 -3.4e+38 -3.4e+38 -3.4e+38 892 875 872 869 871 869 867 875 883 887 892 888 882 881 887 892 896 897 902 901 900 898 902 905 901 894 894 897 900 902 907 910 912 910 915 916 917 917 919 920 919 920 916 917 923 926 918 921 921 921 921 922 924 923 920 920 919 917 919 922 919 917 918 924 920 921 920 920 921 918 922 920 920 918 915 911 908 908 905
-3.4e+38 -3.4e+38 -3.4e+38 -3.4e+38 -3.4e+38 -3.4e+38 -3.4e+38 885 870 866 870 877 883 880 895 899 906 911 906 906 908 910 914 920 925 925 923 921 918 918 920 921 920 916 915 914 916 920 921 920 921 924 930 929 930 932 930 928 924 927 928 932 935 932 928 930 930 931 933 930 930 933 933 935 937 931 926 929 926 923 926 929 926 925 928 929 932 931 928 926 925 923 919 918 918 913
-3.4e+38 -3.4e+38 -3.4e+38 -3.4e+38 -3.4e+38 -3.4e+38 -3.4e+38 -3.4e+38 899 894 896 896 901 899 900 908 922 925 929 927 933 936 938 939 944 943 943 943 941 938 938 939 941 934 933 929 929 931 930 931 930 932 938 939 942 943 940 939 936 938 941 940 940 941 943 939 941 941 943 944 946 947 946 946 943 937 933 934 930 930 932 933 932 934 937 938 937 938 939 936 934 933 930 930 926 922
-3.4e+38 -3.4e+38 -3.4e+38 -3.4e+38 -3.4e+38 -3.4e+38 -3.4e+38 -3.4e+38 -3.4e+38 912 916 918 917 918 920 926 933 944 949 955 956 958 959 962 962 962 959 959 957 953 952 953 951 955 947 945 943 941 941 943 944 941 945 946 949 955 952 947 950 948 949 951 953 954 953 956 947 950 957 957 958 964 963 948 940 940 936 933 936 938 940 943 947 946 945 946 947 946 947 945 941 942 940 937 931 931
-3.4e+38 -3.4e+38 -3.4e+38 -3.4e+38 -3.4e+38 -3.4e+38 -3.4e+38 -3.4e+38 -3.4e+38 933 937 931 929 937 941 949 955 967 976 980 983 986 987 986 984 978 977 976 972 969 970 967 965 968 961 957 955 951 954 951 953 953 953 953 956 960 958 954 953 952 956 963 964 960 962 958 964 960 960 964 968 973 965 951 944 942 942 943 945 949 952 952 954 954 955 955 954 955 955 952 951 948 947 945 942 938
-3.4e+38 -3.4e+38 -3.4e+38 -3.4e+38 -3.4e+38 -3.4e+38 -3.4e+38 -3.4e+38 -3.4e+38 -3.4e+38 941 934 935 943 949 956 968 985 990 994 997 999 1000 1000 999 994 995 995 989 984 982 977 977 975 979 969 967 966 966 960 960 956 958 959 961 959 960 957 956 956 959 969 968 966 965 964 968 982 975 972 968 965 959 955 952 953 953 953 954 958 961 963 960 961 964 967 965 965 964 962 961 960 959 956 -3.4e+38 -3.4e+38
-3.4e+38 -3.4e+38 -3.4e+38 -3.4e+38 -3.4e+38 -3.4e+38 -3.4e+38 -3.4e+38 -3.4e+38 -3.4e+38 -3.4e+38 941 944 950 961 971 979 988 993 1001 1002 1004 1007 1006 1006 1011 1009 1010 1004 997 995 987 987 982 982 984 982 980 979 974 966 965 966 966 967 964 963 958 960 960 966 976 980 976 978 974 980 982 989 982 976 971 965 964 961 963 966 965 965 966 970 971 970 974 973 973 973 972 972 974 973 971 968 966 -3.4e+38 -3.4e+38
-3.4e+38 -3.4e+38 -3.4e+38 -3.4e+38 -3.4e+38 -3.4e+38 -3.4e+38 -3.4e+38 -3.4e+38 -3.4e+38 -3.4e+38 -3.4e+38 966 966 977 990 991 996 999 1009 1016 1018 1018 1020 1020 1024 1019 1014 1009 1005 1001 997 998 1000 989 999 996 996 997 985 984 978 977 982 976 968 962 961 965 976 979 997 1004 992 993 984 990 991 998 995 985 984 983 977 975 975 974 975 977 977 979 982 983 982 981 982 981 980 982 -3.4e+38 -3.4e+38 981 978 -3.4e+38 -3.4e+38 -3.4e+38
-3.4e+38 -3.4e+38 -3.4e+38 -3.4e+38 -3.4e+38 -3.4e+38 -3.4e+38 -3.4e+38 -3.4e+38 -3.4e+38 -3.4e+38 -3.4e+38 -3.4e+38 990 1000 1006 1002 1007 1016 1018 1028 1034 1035 1034 1033 1032 1026 1020 1015 1012 1009 1011 1013 1007 1008 1000 999 998 1001 997 994 989 986 982 978 964 962 967 987 989 977 996 1001 997 988 989 990 993 1001 1007 1001 996 992 990 988 988 986 985 985 987 991 992 993 993 991 -3.4e+38 -3.4e+38 -3.4e+38 -3.4e+38 -3.4e+38 -3.4e+38 -3.4e+38 -3.4e+38 -3.4e+38 -3.4e+38 -3.4e+38
-3.4e+38 -3.4e+38 -3.4e+38 -3.4e+38 -3.4e+38 -3.4e+38 -3.4e+38 -3.4e+38 -3.4e+38 -3.4e+38 -3.4e+38 -3.4e+38 -3.4e+38 -3.4e+38 1016 1019 1017 1021 1032 1033 1043 1051 1048 1046 1045 1040 1033 1024 1026 1021 1018 1022 1033 1027 1028 1020 1015 1006 1002 997 995 991 986 979 971 965 961 969 975 981 980 990 991 987 990 991 994 997 1002 1009 1018 1008 1001 1000 1001 1000 -3.4e+38 -3.4e+38 -3.4e+38 -3.4e+38 -3.4e+38 -3.4e+38 -3.4e+38 -3.4e+38 -3.4e+38 -3.4e+38 -3.4e+38 -3.4e+38 -3.4e+38 -3.4e+38 -3.4e+38 -3.4e+38 -3.4e+38 -3.4e+38 -3.4e+38 -3.4e+38
-3.4e+38 -3.4e+38 -3.4e+38 -3.4e+38 -3.4e+38 -3.4e+38 -3.4e+38 -3.4e+38 -3.4e+38 -3.4e+38 -3.4e+38 -3.4e+38 -3.4e+38 -3.4e+38 -3.4e+38 -3.4e+38 1030 1042 1052 1054 1058 1066 1060 1057 1050 1047 1042 1039 1036 1036 1028 1038 1037 1046 1043 1037 1026 1021 1011 1008 1001 996 992 984 976 969 966 965 976 980 981 980 982 994 996 1000 1002 1009 1016 1016 1018 1017 1015 1012 1010 -3.4e+38 -3.4e+38 -3.4e+38 -3.4e+38 -3.4e+38 -3.4e+38 -3.4e+38 -3.4e+38 -3.4e+38 -3.4e+38 -3.4e+38 -3.4e+38 -3.4e+38 -3.4e+38 -3.4e+38 -3.4e+38 -3.4e+38 -3.4e+38 -3.4e+38 -3.4e+38 -3.4e+38
-3.4e+38 -3.4e+38 -3.4e+38 -3.4e+38 -3.4e+38 -3.4e+38 -3.4e+38 -3.4e+38 -3.4e+38 -3.4e+38 -3.4e+38 -3.4e+38 -3.4e+38 -3.4e+38 -3.4e+38 -3.4e+38 -3.4e+38 1051 1059 1065 1074 1081 1076 1071 1064 1059 1058 1049 1046 1048 1046 1042 1047 1052 1046 1042 1035 1028 1022 1018 1015 1007 1000 993 985 978 970 967 977 979 982 983 989 998 1003 1009 1015 1019 1023 1026 1027 1030 1031 1025 1023 -3.4e+38 -3.4e+38 -3.4e+38 -3.4e+38 -3.4e+38 -3.4e+38 -3.4e+38 -3.4e+38 -3.4e+38 -3.4e+38 -3.4e+38 -3.4e+38 -3.4e+38 -3.4e+38 -3.4e+38 -3.4e+38 -3.4e+38 -3.4e+38 -3.4e+38 -3.4e+38 -3.4e+38
-3.4e+38 -3.4e+38 -3.4e+38 -3.4e+38 -3.4e+38 -3.4e+38 -3.4e+38 -3.4e+38 -3.4e+38 -3.4e+38 -3.4e+38 -3.4e+38 -3.4e+38 -3.4e+38 -3.4e+38 -3.4e+38 -3.4e+38 -3.4e+38 1077 1084 1091 1099 1098 1095 1083 1076 1075 1067 1064 1057 1058 1049 1053 1051 1048 1047 1044 1040 1036 1029 1024 1013 1008 1000 991 981 974 973 978 984 991 996 996 1006 1008 1015 1024 1027 1029 1030 1033 1040 1041 1036 1036 1033 1030 -3.4e+38 -3.4e+38 -3.4e+38 -3.4e+38 -3.4e+38 -3.4e+38 -3.4e+38 -3.4e+38 -3.4e+38 -3.4e+38 -3.4e+38 -3.4e+38 -3.4e+38 -3.4e+38 -3.4e+38 -3.4e+38 -3.4e+38 -3.4e+38 -3.4e+38
-3.4e+38 -3.4e+38 -3.4e+38 -3.4e+38 -3.4e+38 -3.4e+38 -3.4e+38 -3.4e+38 -3.4e+38 -3.4e+38 -3.4e+38 -3.4e+38 -3.4e+38 -3.4e+38 -3.4e+38 -3.4e+38 -3.4e+38 -3.4e+38 -3.4e+38 -3.4e+38 1104 1106 1110 1106 1106 1093 1088 1093 1082 1076 1071 1064 1056 1065 1064 1058 1058 1053 1047 1037 1029 1025 1019 1011 1003 993 979 979 987 996 1002 1004 1006 1014 1019 1026 1032 1037 1038 1037 1041 1045 1044 1045 1046 1047 1043 -3.4e+38 -3.4e+38 -3.4e+38 -3.4e+38 -3.4e+38 -3.4e+38 -3.4e+38 -3.4e+38 -3.4e+38 -3.4e+38 -3.4e+38 -3.4e+38 -3.4e+38 -3.4e+38 -3.4e+38 -3.4e+38 -3.4e+38 -3.4e+38 -3.4e+38
-3.4e+38 -3.4e+38 -3.4e+38 -3.4e+38 -3.4e+38 -3.4e+38 -3.4e+38 -3.4e+38 -3.4e+38 -3.4e+38 -3.4e+38 -3.4e+38 -3.4e+38 -3.4e+38 -3.4e+38 -3.4e+38 -3.4e+38 -3.4e+38 -3.4e+38 -3.4e+38 -3.4e+38 1127 1125 1125 1124 1116 1112 1113 1105 1095 1084 1079 1082 1088 1085 1075 1072 1063 1054 1046 1035 1034 1036 1032 1023 1008 995 993 1002 1006 1011 1012 1016 1023 1030 1041 1046 1046 1046 1049 1052 1054 1057 1052 1051 1055 -3.4e+38 -3.4e+38 -3.4e+38 -3.4e+38 -3.4e+38 -3.4e+38 -3.4e+38 -3.4e+38 -3.4e+38 -3.4e+38 -3.4e+38 -3.4e+38 -3.4e+38 -3.4e+38 -3.4e+38 -3.4e+38 -3.4e+38 -3.4e+38 -3.4e+38 -3.4e+38
-3.4e+38 -3.4e+38 -3.4e+38 -3.4e+38 -3.4e+38 -3.4e+38 -3.4e+38 -3.4e+38 -3.4e+38 -3.4e+38 -3.4e+38 -3.4e+38 -3.4e+38 -3.4e+38 -3.4e+38 -3.4e+38 -3.4e+38 -3.4e+38 -3.4e+38 -3.4e+38 -3.4e+38 1136 1137 1144 1141 1140 1134 1132 1129 1120 1107 1107 1112 1111 1102 1090 1080 1069 1060 1052 1044 1047 1050 1057 1052 1028 1017 1014 1015 1018 1022 1026 1032 1034 1042 1049 1054 1060 1058 1060 1060 1061 1068 1067 1070 -3.4e+38 -3.4e+38 -3.4e+38 -3.4e+38 -3.4e+38 -3.4e+38 -3.4e+38 -3.4e+38 -3.4e+38 -3.4e+38 -3.4e+38 -3.4e+38 -3.4e+38 -3.4e+38 -3.4e+38 -3.4e+38 -3.4e+38 -3.4e+38 -3.4e+38 -3.4e+38 -3.4e+38
-3.4e+38 -3.4e+38 -3.4e+38 -3.4e+38 -3.4e+38 -3.4e+38 -3.4e+38 -3.4e+38 -3.4e+38 -3.4e+38 -3.4e+38 -3.4e+38 -3.4e+38 -3.4e+38 -3.4e+38 -3.4e+38 -3.4e+38 -3.4e+38 -3.4e+38 -3.4e+38 -3.4e+38 -3.4e+38 1153 1151 1149 1155 1157 1156 1155 1139 1135 1135 1139 1119 1110 1098 1089 1080 1067 1057 1056 1054 1060 1073 1062 1043 1035 1035 1032 1034 1035 1044 1045 1049 1053 1055 1064 1068 1068 1069 1073 1073 1075 1077 1079 -3.4e+38 -3.4e+38 -3.4e+38 -3.4e+38 -3.4e+38 -3.4e+38 -3.4e+38 -3.4e+38 -3.4e+38 -3.4e+38 -3.4e+38 -3.4e+38 -3.4e+38 -3.4e+38 -3.4e+38 -3.4e+38 -3.4e+38 -3.4e+38 -3.4e+38 -3.4e+38 -3.4e+38
-3.4e+38 -3.4e+38 -3.4e+38 -3.4e+38 -3.4e+38 -3.4e+38 -3.4e+38 -3.4e+38 -3.4e+38 -3.4e+38 -3.4e+38 -3.4e+38 -3.4e+38 -3.4e+38 -3.4e+38 -3.4e+38 -3.4e+38 -3.4e+38 -3.4e+38 -3.4e+38 -3.4e+38 -3.4e+38 1171 1167 1165 1167 1176 1174 1176 1170 1166 1166 1170 1142 1129 1117 1104 1094 1079 1068 1062 1059 1072 1074 1069 1057 1052 1051 1050 1049 1049 1056 1061 1062 1066 1073 1071 1075 1077 1081 1084 1084 1089 1090 -3.4e+38 -3.4e+38 -3.4e+38 -3.4e+38 -3.4e+38 -3.4e+38 -3.4e+38 -3.4e+38 -3.4e+38 -3.4e+38 -3.4e+38 -3.4e+38 -3.4e+38 -3.4e+38 -3.4e+38 -3.4e+38 -3.4e+38 -3.4e+38 -3.4e+38 -3.4e+38 -3.4e+38 -3.4e+38
-3.4e+38 -3.4e+38 -3.4e+38 -3.4e+38 -3.4e+38 -3.4e+38 -3.4e+38 -3.4e+38 -3.4e+38 -3.4e+38 -3.4e+38 -3.4e+38 -3.4e+38 -3.4e+38 -3.4e+38 -3.4e+38 -3.4e+38 -3.4e+38 -3.4e+38 -3.4e+38 -3.4e+38 -3.4e+38 -3.4e+38 1185 1182 1186 1191 1200 1202 1197 1195 1189 1195 1169 1157 1142 1121 1104 1089 1085 1080 1082 1091 1083 1074 1071 1066 1069 1070 1069 1069 1068 1074 1074 1079 1088 1086 1090 1090 1094 1096 1101 -3.4e+38 -3.4e+38 -3.4e+38 -3.4e+38 -3.4e+38 -3.4e+38 -3.4e+38 -3.4e+38 -3.4e+38 -3.4e+38 -3.4e+38 -3.4e+38 -3.4e+38 -3.4e+38 -3.4e+38 -3.4e+38 -3.4e+38 -3.4e+38 -3.4e+38 -3.4e+38 -3.4e+38 -3.4e+38 -3.4e+38 -3.4e+38
-3.4e+38 -3.4e+38 -3.4e+38 -3.4e+38 -3.4e+38 -3.4e+38 -3.4e+38 -3.4e+38 -3.4e+38 -3.4e+38 -3.4e+38 -3.4e+38 -3.4e+38 -3.4e+38 -3.4e+38 -3.4e+38 -3.4e+38 -3.4e+38 -3.4e+38 -3.4e+38 -3.4e+38 -3.4e+38 -3.4e+38 1200 1197 1204 1210 1220 1221 1219 1209 1210 1215 1193 1179 1157 1139 1119 1104 1100 1095 1087 1096 1088 1082 1085 1081 1088 1089 1089 1084 1088 1089 1089 1093 1099 1108 1102 1102 1105 1113 1111 -3.4e+38 -3.4e+38 -3.4e+38 -3.4e+38 -3.4e+38 -3.4e+38 -3.4e+38 -3.4e+38 -3.4e+38 -3.4e+38 -3.4e+38 -3.4e+38 -3.4e+38 -3.4e+38 -3.4e+38 -3.4e+38 -3.4e+38 -3.4e+38 -3.4e+38 -3.4e+38 -3.4e+38 -3.4e+38 -3.4e+38 -3.4e+38
-3.4e+38 -3.4e+38 -3.4e+38 -3.4e+38 -3.4e+38 -3.4e+38 -3.4e+38 -3.4e+38 -3.4e+38 -3.4e+38 -3.4e+38 -3.4e+38 -3.4e+38 -3.4e+38 -3.4e+38 -3.4e+38 -3.4e+38 -3.4e+38 -3.4e+38 -3.4e+38 -3.4e+38 -3.4e+38 -3.4e+38 -3.4e+38 1211 1220 1224 1231 1235 1230 1221 1227 1224 1200 1187 1175 1155 1132 1127 1117 1117 1108 1102 1100 1098 1099 1098 1101 1102 1104 1101 1104 1104 1104 1105 1112 1119 1120 1120 1122 1126 -3.4e+38 -3.4e+38 -3.4e+38 -3.4e+38 -3.4e+38 -3.4e+38 -3.4e+38 -3.4e+38 -3.4e+38 -3.4e+38 -3.4e+38 -3.4e+38 -3.4e+38 -3.4e+38 -3.4e+38 -3.4e+38 -3.4e+38 -3.4e+38 -3.4e+38 -3.4e+38 -3.4e+38 -3.4e+38 -3.4e+38 -3.4e+38 -3.4e+38
-3.4e+38 -3.4e+38 -3.4e+38 -3.4e+38 -3.4e+38 -3.4e+38 -3.4e+38 -3.4e+38 -3.4e+38 -3.4e+38 -3.4e+38 -3.4e+38 -3.4e+38 -3.4e+38 -3.4e+38 -3.4e+38 -3.4e+38 -3.4e+38 -3.4e+38 -3.4e+38 -3.4e+38 -3.4e+38 -3.4e+38 -3.4e+38 1234 1229 1224 1232 1233 1231 1232 1234 1225 1200 1190 1182 1167 1148 1148 1140 1129 1127 1122 1119 1115 1113 1115 1115 1118 -3.4e+38 -3.4e+38 -3.4e+38 -3.4e+38 -3.4e+38 -3.4e+38 -3.4e+38 -3.4e+38 -3.4e+38 -3.4e+38 -3.4e+38 -3.4e+38 -3.4e+38 -3.4e+38 -3.4e+38 -3.4e+38 -3.4e+38 -3.4e+38 -3.4e+38 -3.4e+38 -3.4e+38 -3.4e+38 -3.4e+38 -3.4e+38 -3.4e+38 -3.4e+38 -3.4e+38 -3.4e+38 -3.4e+38 -3.4e+38 -3.4e+38 -3.4e+38 -3.4e+38 -3.4e+38 -3.4e+38 -3.4e+38 -3.4e+38
-3.4e+38 -3.4e+38 -3.4e+38 -3.4e+38 -3.4e+38 -3.4e+38 -3.4e+38 -3.4e+38 -3.4e+38 -3.4e+38 -3.4e+38 -3.4e+38 -3.4e+38 -3.4e+38 -3.4e+38 -3.4e+38 -3.4e+38 -3.4e+38 -3.4e+38 -3.4e+38 -3.4e+38 -3.4e+38 -3.4e+38 -3.4e+38 1236 1233 1230 1223 1227 1233 1236 1238 1231 1208 1199 1187 1173 1164 1165 1154 1144 1139 1139 1142 1130 1127 1131 -3.4e+38 -3.4e+38 -3.4e+38 -3.4e+38 -3.4e+38 -3.4e+38 -3.4e+38 -3.4e+38 -3.4e+38 -3.4e+38 -3.4e+38 -3.4e+38 -3.4e+38 -3.4e+38 -3.4e+38 -3.4e+38 -3.4e+38 -3.4e+38 -3.4e+38 -3.4e+38 -3.4e+38 -3.4e+38 -3.4e+38 -3.4e+38 -3.4e+38 -3.4e+38 -3.4e+38 -3.4e+38 -3.4e+38 -3.4e+38 -3.4e+38 -3.4e+38 -3.4e+38 -3.4e+38 -3.4e+38 -3.4e+38 -3.4e+38 -3.4e+38 -3.4e+38
-3.4e+38 -3.4e+38 -3.4e+38 -3.4e+38 -3.4e+38 -3.4e+38 -3.4e+38 -3.4e+38 -3.4e+38 -3.4e+38 -3.4e+38 -3.4e+38 -3.4e+38 -3.4e+38 -3.4e+38 -3.4e+38 -3.4e+38 -3.4e+38 -3.4e+38 -3.4e+38 -3.4e+38 -3.4e+38 -3.4e+38 -3.4e+38 -3.4e+38 -3.4e+38 1223 1219 1230 1237 1244 1240 1227 1215 1205 -3.4e+38 -3.4e+38 1170 1173 1168 1156 1149 1143 1141 1141 -3.4e+38 -3.4e+38 -3.4e+38 -3.4e+38 -3.4e+38 -3.4e+38 -3.4e+38 -3.4e+38 -3.4e+38 -3.4e+38 -3.4e+38 -3.4e+38 -3.4e+38 -3.4e+38 -3.4e+38 -3.4e+38 -3.4e+38 -3.4e+38 -3.4e+38 -3.4e+38 -3.4e+38 -3.4e+38 -3.4e+38 -3.4e+38 -3.4e+38 -3.4e+38 -3.4e+38 -3.4e+38 -3.4e+38 -3.4e+38 -3.4e+38 -3.4e+38 -3.4e+38 -3.4e+38 -3.4e+38 -3.4e+38 -3.4e+38 -3.4e+38 -3.4e+38 -3.4e+38 -3.4e+38
-3.4e+38 -3.4e+38 -3.4e+38 -3.4e+38 -3.4e+38 -3.4e+38 -3.4e+38 -3.4e+38 -3.4e+38 -3.4e+38 -3.4e+38 -3.4e+38 -3.4e+38 -3.4e+38 -3.4e+38 -3.4e+38 -3.4e+38 -3.4e+38 -3.4e+38 -3.4e+38 -3.4e+38 -3.4e+38 -3.4e+38 -3.4e+38 -3.4e+38 -3.4e+38 1229 1231 1234 1257 1248 1245 1240 1224 1213 -3.4e+38 -3.4e+38 1186 1186 1182 1170 1167 1160 1155 -3.4e+38 -3.4e+38 -3.4e+38 -3.4e+38 -3.4e+38 -3.4e+38 -3.4e+38 -3.4e+38 -3.4e+38 -3.4e+38 -3.4e+38 -3.4e+38 -3.4e+38 -3.4e+38 -3.4e+38 -3.4e+38 -3.4e+38 -3.4e+38 -3.4e+38 -3.4e+38 -3.4e+38 -3.4e+38 -3.4e+38 -3.4e+38 -3.4e+38 -3.4e+38 -3.4e+38 -3.4e+38 -3.4e+38 -3.4e+38 -3.4e+38 -3.4e+38 -3.4e+38 -3.4e+38 -3.4e+38 -3.4e+38 -3.4e+38 -3.4e+38 -3.4e+38 -3.4e+38 -3.4e+38 -3.4e+38
-3.4e+38 -3.4e+38 -3.4e+38 -3.4e+38 -3.4e+38 -3.4e+38 -3.4e+38 -3.4e+38 -3.4e+38 -3.4e+38 -3.4e+38 -3.4e+38 -3.4e+38 -3.4e+38 -3.4e+38 -3.4e+38 -3.4e+38 -3.4e+38 -3.4e+38 -3.4e+38 -3.4e+38 -3.4e+38 -3.4e+38 -3.4e+38 -3.4e+38 -3.4e+38 1246 1245 1247 1273 1267 1251 1243 -3.4e+38 -3.4e+38 -3.4e+38 -3.4e+38 -3.4e+38 -3.4e+38 1188 -3.4e+38 -3.4e+38 -3.4e+38 -3.4e+38 -3.4e+38 -3.4e+38 -3.4e+38 -3.4e+38 -3.4e+38 -3.4e+38 -3.4e+38 -3.4e+38 -3.4e+38 -3.4e+38 -3.4e+38 -3.4e+38 -3.4e+38 -3.4e+38 -3.4e+38 -3.4e+38 -3.4e+38 -3.4e+38 -3.4e+38 -3.4e+38 -3.4e+38 -3.4e+38 -3.4e+38 -3.4e+38 -3.4e+38 -3.4e+38 -3.4e+38 -3.4e+38 -3.4e+38 -3.4e+38 -3.4e+38 -3.4e+38 -3.4e+38 -3.4e+38 -3.4e+38 -3.4e+38 -3.4e+38 -3.4e+38 -3.4e+38 -3.4e+38 -3.4e+38 -3.4e+38
