rasters/Chad_bio4.asc
NCOLS 126 
NROWS 192 
XLLCORNER 13.449183796 
YLLCORNER 7.455566751 
CELLSIZE 0.0836128775793651 
NODATA_value -3.4e+38 
[rows 84 to 104 of 192, columns 47 to 93 of 126]
426.804931640625 423.921905517578 422.739715576172 424.120208740234 423.114532470703 422.804016113281 421.513092041016 420.037048339844 417.52197265625 417.531951904297 417.447113037109 416.666534423828 417.086181640625 417.3779296875 417.549682617188 417.166168212891 414.982238769531 413.136657714844 413.100036621094 412.013000488281 412.117309570312 411.947174072266 411.710174560547 411.238128662109 411.260528564453 411.637817382812 411.938171386719 411.673736572266 411.4140625 411.555053710938 411.629852294922 409.833251953125 409.241882324219 410.027160644531 410.099304199219 409.755310058594 409.776977539062 409.868408203125 409.503875732422 410.615814208984 410.800354003906 412.262084960938 412.325561523438 412.770324707031 413.962585449219 414.085754394531 415.537902832031
425.451507568359 422.816070556641 420.052551269531 418.590698242188 417.998199462891 416.065002441406 414.739929199219 414.627288818359 411.893707275391 409.291748046875 409.983306884766 408.680480957031 408.288330078125 407.881195068359 409.954772949219 410.711822509766 407.752380371094 406.948120117188 406.432250976562 407.206329345703 407.774475097656 407.922637939453 407.175018310547 407.556793212891 407.485046386719 407.627319335938 407.319488525391 406.728698730469 406.514465332031 406.050415039062 405.129028320312 403.715209960938 404.249694824219 405.240325927734 405.150634765625 403.975128173828 405.140350341797 405.604034423828 405.907806396484 406.29638671875 406.202514648438 406.918884277344 407.63623046875 408.646209716797 410.552581787109 411.172088623047 411.7783203125
421.309234619141 418.618255615234 417.065979003906 415.277496337891 413.695526123047 412.605285644531 410.529296875 409.960113525391 408.395721435547 406.288909912109 404.789855957031 403.7705078125 405.771301269531 401.797149658203 400.028381347656 401.537322998047 402.034118652344 402.681854248047 402.512908935547 402.010681152344 401.223327636719 401.749603271484 401.240539550781 402.620574951172 402.700164794922 402.109985351562 401.665649414062 401.533935546875 401.503631591797 400.83837890625 399.766510009766 400.227325439453 400.507202148438 401.306335449219 401.112854003906 400.568908691406 400.127624511719 399.106597900391 399.621795654297 400.270629882812 400.799102783203 401.099670410156 401.778747558594 403.149200439453 405.694854736328 406.883453369141 407.176452636719
416.522766113281 414.613159179688 413.113433837891 411.767059326172 409.749572753906 407.941436767578 405.077209472656 405.266510009766 404.824676513672 404.182373046875 402.655242919922 401.127136230469 400.517852783203 400.844879150391 397.870452880859 396.506103515625 399.374420166016 398.623962402344 396.990997314453 396.043365478516 395.260711669922 396.892822265625 396.631896972656 398.221282958984 399.174499511719 398.147796630859 396.923706054688 395.859710693359 396.692962646484 396.631744384766 395.961303710938 394.968933105469 395.799438476562 396.081390380859 395.535797119141 396.201812744141 395.363647460938 393.496307373047 393.630249023438 393.768920898438 394.477966308594 395.484649658203 396.590759277344 398.060150146484 399.058868408203 400.479217529297 400.226409912109
410.975067138672 408.649871826172 408.290222167969 406.199462890625 404.648254394531 402.347961425781 401.003356933594 401.096343994141 400.923309326172 399.279449462891 397.870422363281 395.949584960938 396.014068603516 398.532287597656 397.285064697266 394.349945068359 392.720153808594 390.443450927734 390.138641357422 390.210754394531 390.709411621094 390.890197753906 391.365295410156 393.642944335938 394.263824462891 392.280548095703 390.070343017578 390.131225585938 390.812225341797 390.928771972656 390.938110351562 389.703216552734 390.706573486328 389.930023193359 389.365142822266 390.725463867188 389.236694335938 387.11328125 386.191467285156 386.842468261719 388.529388427734 390.439392089844 392.222076416016 393.687774658203 395.078948974609 397.044494628906 398.267578125
405.024444580078 403.114440917969 401.738739013672 400.0048828125 398.312927246094 396.612182617188 396.538726806641 396.081695556641 395.996307373047 393.684814453125 392.643524169922 392.232086181641 394.291870117188 394.654693603516 392.727752685547 390.407623291016 388.308502197266 385.598022460938 386.154327392578 386.318878173828 386.887603759766 386.820495605469 386.324188232422 387.649871826172 388.631195068359 387.752807617188 386.831268310547 386.246612548828 385.399841308594 384.34765625 383.663513183594 383.921875 385.644958496094 384.859924316406 384.052276611328 382.960815429688 380.749114990234 380.664489746094 382.404693603516 383.295379638672 384.219329833984 385.743560791016 386.622894287109 387.241638183594 388.529205322266 390.664642333984 391.349884033203
397.833465576172 396.516021728516 394.872283935547 393.649047851562 392.537353515625 391.115264892578 390.732299804688 390.711669921875 389.580749511719 388.107727050781 388.283874511719 389.273803710938 390.921478271484 389.848205566406 388.8505859375 386.679168701172 385.271179199219 382.01220703125 381.680267333984 381.75732421875 381.496490478516 380.711975097656 380.146697998047 380.397918701172 380.471038818359 381.112121582031 381.862426757812 381.677215576172 380.178344726562 378.933044433594 378.629638671875 377.553680419922 378.70849609375 378.894317626953 377.843292236328 376.376220703125 374.591369628906 373.997924804688 375.767272949219 376.317993164062 378.638305664062 379.679351806641 380.09130859375 380.300994873047 381.270843505859 383.347351074219 382.645172119141
391.842559814453 390.100311279297 388.51611328125 387.784332275391 386.391540527344 385.288635253906 384.781158447266 383.641357421875 383.812591552734 382.706359863281 383.581878662109 384.831176757812 384.485504150391 384.798034667969 380.487701416016 379.406005859375 377.047668457031 376.203765869141 376.601379394531 376.094665527344 375.230102539062 375.236053466797 373.804992675781 372.454620361328 372.680725097656 374.454132080078 375.676208496094 376.557312011719 374.789581298828 372.970886230469 371.351654052734 369.592590332031 369.216491699219 369.542114257812 368.763885498047 368.942321777344 367.868438720703 367.3603515625 368.406585693359 370.285705566406 373.056243896484 372.715972900391 372.153167724609 374.279144287109 375.621643066406 377.363586425781 377.133361816406
385.504302978516 384.217498779297 383.7138671875 382.342620849609 382.09912109375 380.045227050781 379.250061035156 377.377563476562 377.475646972656 378.263000488281 379.773315429688 379.15283203125 380.424468994141 380.304016113281 375.238677978516 373.528991699219 371.911834716797 371.265167236328 370.535400390625 369.467163085938 369.296142578125 369.283294677734 367.726531982422 366.366607666016 367.401794433594 368.691009521484 369.562561035156 369.871978759766 368.580627441406 367.888580322266 366.199371337891 363.842346191406 364.284484863281 363.841979980469 363.664459228516 363.505493164062 361.815185546875 360.846618652344 362.912384033203 366.171783447266 367.092742919922 366.797882080078 366.548950195312 368.485076904297 369.737915039062 371.687591552734 373.260314941406
380.536560058594 379.730651855469 379.442016601562 379.157379150391 377.749298095703 375.14013671875 373.626068115234 371.599884033203 371.800018310547 374.591735839844 375.670379638672 375.700042724609 376.690277099609 375.824310302734 370.961730957031 369.09228515625 368.750885009766 366.573913574219 364.335693359375 363.60791015625 363.692596435547 364.723724365234 363.608489990234 361.882110595703 360.099670410156 361.078369140625 361.544372558594 360.590606689453 359.749664306641 361.203308105469 357.651214599609 357.335723876953 357.742584228516 357.042846679688 357.614044189453 358.554016113281 357.655029296875 356.974426269531 357.220306396484 359.145477294922 360.277038574219 361.356842041016 362.263702392578 363.352874755859 363.998443603516 364.773162841797 367.655578613281
374.768402099609 375.278717041016 375.340942382812 374.410400390625 372.406494140625 369.942504882812 368.239532470703 368.023986816406 367.871490478516 365.666809082031 369.857818603516 371.774566650391 372.550201416016 369.4326171875 365.6357421875 363.904418945312 363.092224121094 362.463562011719 361.855224609375 361.180114746094 361.227752685547 360.900421142578 358.882659912109 355.021148681641 353.740631103516 353.319061279297 353.775482177734 353.080718994141 353.218811035156 353.303253173828 352.998016357422 353.063568115234 352.089874267578 351.620758056641 351.732574462891 352.104949951172 351.868682861328 351.354339599609 351.207366943359 351.85400390625 353.130035400391 354.002532958984 355.053405761719 356.193695068359 357.129425048828 358.732696533203 361.210906982422
369.790344238281 368.694366455078 368.882537841797 366.655395507812 365.928405761719 365.409118652344 364.60546875 364.903533935547 362.652313232422 364.509826660156 366.602081298828 365.604583740234 363.700836181641 362.527740478516 360.550079345703 358.742248535156 358.620056152344 358.257049560547 357.380126953125 355.839813232422 354.613677978516 354.618835449219 352.506469726562 350.524597167969 349.22607421875 348.619598388672 349.006164550781 347.669067382812 346.922332763672 345.82275390625 346.728424072266 348.155212402344 347.548370361328 346.530364990234 346.737365722656 346.870697021484 346.542144775391 344.843231201172 343.997009277344 345.490264892578 347.325286865234 348.477996826172 349.566345214844 350.250762939453 350.583618164062 351.755432128906 353.153717041016
363.233764648438 362.117553710938 362.841949462891 361.408905029297 362.164703369141 360.976959228516 361.8740234375 359.9482421875 358.148773193359 361.660461425781 361.578247070312 358.541442871094 357.981170654297 356.969940185547 355.598663330078 354.616851806641 352.597869873047 351.258514404297 350.320739746094 348.433929443359 347.603820800781 347.883453369141 345.847473144531 345.474456787109 344.798675537109 344.372314453125 344.497192382812 342.695007324219 339.348114013672 338.818084716797 340.151916503906 341.225311279297 341.692138671875 342.301635742188 342.371124267578 341.439819335938 340.928070068359 340.969421386719 340.469818115234 340.593841552734 343.043579101562 344.617279052734 345.551788330078 346.531921386719 347.764282226562 349.169891357422 350.428070068359
357.635162353516 356.034759521484 357.738891601562 358.174072265625 358.20654296875 357.464447021484 355.584777832031 353.133239746094 353.457336425781 355.266174316406 355.930969238281 355.052459716797 353.437408447266 350.383087158203 348.5 347.338684082031 345.421569824219 344.270141601562 343.872161865234 342.91357421875 341.496887207031 340.740295410156 340.630676269531 339.447113037109 339.109008789062 337.154296875 335.824890136719 335.446838378906 334.181365966797 334.897521972656 335.706298828125 335.929870605469 336.186798095703 336.311065673828 336.649475097656 336.539184570312 334.939453125 335.203521728516 336.100006103516 334.82421875 336.474182128906 338.073272705078 339.834930419922 341.382507324219 343.446807861328 344.923248291016 347.182006835938
351.152374267578 351.952209472656 355.220581054688 353.890319824219 351.6611328125 348.413635253906 347.845397949219 347.401062011719 347.184722900391 347.756652832031 349.653381347656 349.848358154297 347.216552734375 345.410217285156 343.749542236328 342.095428466797 339.324798583984 338.136047363281 338.261260986328 336.470520019531 335.50341796875 334.674255371094 334.197235107422 332.412628173828 331.58984375 328.095550537109 326.037994384766 327.286773681641 328.397979736328 328.837982177734 329.507537841797 330.165893554688 330.259246826172 330.369781494141 330.11669921875 330.862396240234 329.456237792969 329.703155517578 330.309661865234 330.739074707031 331.550628662109 333.440826416016 335.470916748047 337.446441650391 339.147644042969 339.005767822266 339.777404785156
349.856903076172 351.928863525391 347.986633300781 343.674621582031 343.981567382812 343.279388427734 340.993103027344 339.801940917969 340.547973632812 342.424774169922 343.700958251953 342.151000976562 340.346649169922 340.886810302734 338.840148925781 335.450103759766 333.406372070312 333.509887695312 333.809478759766 331.930358886719 329.422821044922 327.862243652344 327.739196777344 326.495391845703 326.2685546875 323.409545898438 321.975280761719 323.397735595703 323.838623046875 323.323547363281 324.563690185547 323.326049804688 323.684326171875 326.056915283203 327.069671630859 327.076782226562 326.6015625 325.604095458984 325.865264892578 327.531372070312 328.218200683594 329.146392822266 331.002014160156 334.449249267578 335.546722412109 336.513153076172 336.905853271484
348.421173095703 348.559661865234 342.995208740234 340.345916748047 341.254150390625 336.947875976562 335.520477294922 335.174499511719 337.439086914062 338.595855712891 337.12255859375 334.400421142578 334.538696289062 333.153961181641 330.275665283203 328.997894287109 329.089233398438 330.196472167969 329.103942871094 326.591094970703 324.400756835938 323.939880371094 323.600006103516 323.228942871094 322.313690185547 321.157928466797 320.694519042969 320.637908935547 320.170227050781 319.153106689453 318.256164550781 319.004150390625 318.795745849609 321.009887695312 321.894165039062 322.304595947266 322.056945800781 322.909912109375 323.696350097656 324.172943115234 324.950775146484 324.731414794922 326.521850585938 329.28369140625 333.179229736328 335.058319091797 333.343109130859
343.767303466797 341.582214355469 339.271667480469 337.835418701172 336.916381835938 333.748321533203 334.267303466797 333.431549072266 335.023132324219 334.679534912109 330.644073486328 328.626434326172 328.526672363281 326.994293212891 324.418121337891 324.842834472656 324.945373535156 324.635009765625 323.445983886719 322.078277587891 320.2236328125 320.077880859375 318.328857421875 318.982086181641 318.762512207031 317.953338623047 317.011840820312 315.885314941406 316.057403564453 315.972900390625 315.904724121094 315.601440429688 314.816558837891 315.766754150391 317.222686767578 317.363861083984 318.179290771484 318.949645996094 319.57568359375 321.411193847656 322.590393066406 322.780517578125 322.762817382812 324.583801269531 327.998687744141 330.273956298828 330.426727294922
337.516052246094 335.373138427734 335.175994873047 334.673370361328 334.926483154297 331.761535644531 331.306488037109 330.902160644531 330.784820556641 329.986694335938 325.050750732422 324.699035644531 324.828735351562 323.251098632812 319.763427734375 321.043792724609 321.733032226562 320.669891357422 319.600860595703 318.371063232422 315.595428466797 315.170776367188 314.184265136719 313.195983886719 312.416229248047 311.746185302734 310.368865966797 311.679992675781 312.066314697266 311.908874511719 311.425323486328 309.307189941406 309.604095458984 311.344635009766 312.856201171875 313.426086425781 314.100646972656 313.473663330078 314.302978515625 315.851318359375 316.282531738281 318.139801025391 317.73046875 318.758453369141 322.363220214844 323.338623046875 323.086151123047
332.424987792969 330.357330322266 330.401123046875 331.118530273438 330.917724609375 330.455596923828 329.231597900391 327.314788818359 327.158294677734 323.587585449219 320.233581542969 320.050933837891 319.654052734375 318.302215576172 315.465087890625 315.359375 315.214324951172 314.518768310547 315.106384277344 314.221710205078 311.635864257812 309.162414550781 308.994720458984 307.372741699219 306.2958984375 306.012847900391 305.672760009766 308.237762451172 307.986206054688 307.576538085938 307.145233154297 306.458221435547 307.075500488281 308.577789306641 308.218292236328 306.901794433594 307.405242919922 308.129302978516 308.454437255859 308.687683105469 307.810821533203 308.795867919922 309.408538818359 309.697875976562 314.394592285156 317.382537841797 319.313568115234
326.828277587891 325.745788574219 326.560119628906 327.007385253906 325.983459472656 326.467926025391 324.352752685547 321.272277832031 319.458526611328 317.991546630859 315.439086914062 314.307556152344 313.252197265625 313.135375976562 312.979766845703 311.061248779297 309.673614501953 309.041778564453 309.442962646484 308.211120605469 307.452850341797 305.321807861328 305.641021728516 304.289459228516 304.350555419922 303.382507324219 302.890014648438 302.844696044922 302.806030273438 303.063415527344 303.749969482422 303.711456298828 304.633331298828 304.569671630859 303.247222900391 302.137725830078 302.071502685547 301.935119628906 303.140411376953 304.234222412109 305.826416015625 306.415100097656 306.722320556641 306.567016601562 310.085083007812 313.188079833984 314.347015380859
