rasters/Chad_bio10.asc
NCOLS 126 
NROWS 192 
XLLCORNER 13.449183796 
YLLCORNER 7.455566751 
CELLSIZE 0.0836128775793651 
NODATA_value -3.4e+38 
[rows 147 to 167 of 192, columns 0 to 46 of 126]
-3.4e+38 -3.4e+38 -3.4e+38 -3.4e+38 -3.4e+38 -3.4e+38 -3.4e+38 -3.4e+38 -3.4e+38 -3.4e+38 -3.4e+38 -3.4e+38 -3.4e+38 -3.4e+38 -3.4e+38 -3.4e+38 -3.4e+38 -3.4e+38 -3.4e+38 31.4765014648438 31.1028327941895 31.0305004119873 31.3726654052734 31.5638332366943 31.6965007781982 31.917667388916 31.8894996643066 31.8628349304199 31.8503341674805 31.7821655273438 31.8198318481445 31.8034992218018 31.865665435791 31.978666305542 31.8698329925537 31.8083324432373 31.9130001068115 32.0073318481445 32.0555000305176 32.0791664123535 32.1204986572266 32.0753326416016 32.0236663818359 32.0714988708496 32.15283203125 32.2456665039062 32.2809982299805
-3.4e+38 -3.4e+38 -3.4e+38 -3.4e+38 -3.4e+38 -3.4e+38 -3.4e+38 -3.4e+38 -3.4e+38 -3.4e+38 -3.4e+38 -3.4e+38 -3.4e+38 -3.4e+38 -3.4e+38 -3.4e+38 -3.4e+38 -3.4e+38 -3.4e+38 31.2873344421387 31.1513328552246 31.1134986877441 31.4045009613037 31.6538333892822 31.6111679077148 31.7856674194336 31.9095001220703 31.8064994812012 31.8125 31.8421669006348 31.8523330688477 31.8023338317871 31.8408317565918 31.9238338470459 31.8775005340576 31.9271659851074 31.9261665344238 31.8903331756592 31.8486671447754 31.9419994354248 32.0428314208984 32.022331237793 32.0395011901855 32.1123352050781 32.1538314819336 32.1694984436035 32.2431678771973
-3.4e+38 -3.4e+38 -3.4e+38 -3.4e+38 -3.4e+38 -3.4e+38 -3.4e+38 -3.4e+38 -3.4e+38 -3.4e+38 -3.4e+38 -3.4e+38 -3.4e+38 -3.4e+38 -3.4e+38 -3.4e+38 -3.4e+38 -3.4e+38 -3.4e+38 -3.4e+38 31.0026664733887 31.0716667175293 31.4143333435059 31.6773338317871 31.7158336639404 31.6321678161621 31.730167388916 31.7903347015381 31.7884998321533 31.8153343200684 31.7746658325195 31.7646675109863 31.7688331604004 31.8843326568604 31.9321670532227 31.9500007629395 31.9226665496826 31.8131675720215 31.8110008239746 31.8096656799316 31.9134998321533 32.0218353271484 32.0323333740234 32.0401649475098 32.1230010986328 32.1358337402344 32.1493339538574
-3.4e+38 -3.4e+38 -3.4e+38 -3.4e+38 -3.4e+38 -3.4e+38 -3.4e+38 -3.4e+38 -3.4e+38 -3.4e+38 -3.4e+38 -3.4e+38 -3.4e+38 -3.4e+38 -3.4e+38 -3.4e+38 -3.4e+38 -3.4e+38 -3.4e+38 -3.4e+38 30.8374996185303 31.0983333587646 31.3759994506836 31.6184997558594 31.6743335723877 31.6516666412354 31.5615005493164 31.5334987640381 31.7066650390625 31.7835006713867 31.7776679992676 31.8430004119873 31.7436676025391 31.7889995574951 31.8578338623047 31.8385009765625 31.7923336029053 31.7744998931885 31.7994995117188 31.8403339385986 31.8479995727539 31.996166229248 32.0979995727539 31.9843330383301 32.0503311157227 32.0364990234375 32.0625
-3.4e+38 -3.4e+38 -3.4e+38 -3.4e+38 -3.4e+38 -3.4e+38 -3.4e+38 -3.4e+38 -3.4e+38 -3.4e+38 -3.4e+38 -3.4e+38 -3.4e+38 -3.4e+38 -3.4e+38 -3.4e+38 -3.4e+38 -3.4e+38 -3.4e+38 -3.4e+38 30.9461669921875 31.3628330230713 31.4016666412354 31.5825004577637 31.6958332061768 31.6986675262451 31.6556663513184 31.5393333435059 31.4078330993652 31.5013332366943 31.5541667938232 31.6246662139893 31.6561660766602 31.6669998168945 31.7880001068115 31.8285007476807 31.7676658630371 31.7604999542236 31.7346668243408 31.8293342590332 31.8304996490479 31.9023342132568 32.0698318481445 31.9458332061768 31.9580001831055 31.9906673431396 31.9925003051758
-3.4e+38 -3.4e+38 -3.4e+38 -3.4e+38 -3.4e+38 -3.4e+38 -3.4e+38 -3.4e+38 -3.4e+38 -3.4e+38 -3.4e+38 -3.4e+38 -3.4e+38 -3.4e+38 -3.4e+38 -3.4e+38 -3.4e+38 -3.4e+38 -3.4e+38 -3.4e+38 30.9281673431396 31.4341659545898 31.3986663818359 31.4406681060791 31.6166667938232 31.6436672210693 31.7070007324219 31.5074996948242 31.5041656494141 31.5166664123535 31.5163326263428 31.5626678466797 31.5831661224365 31.5335006713867 31.6435012817383 31.7811660766602 31.7620010375977 31.7430000305176 31.783166885376 31.8291664123535 31.7978324890137 31.8256664276123 31.9316673278809 31.8706665039062 31.9208335876465 31.9366664886475 31.8929996490479
-3.4e+38 -3.4e+38 -3.4e+38 -3.4e+38 -3.4e+38 -3.4e+38 -3.4e+38 -3.4e+38 -3.4e+38 -3.4e+38 -3.4e+38 -3.4e+38 -3.4e+38 -3.4e+38 -3.4e+38 -3.4e+38 -3.4e+38 -3.4e+38 -3.4e+38 -3.4e+38 -3.4e+38 31.2901668548584 31.34983253479 31.2803325653076 31.3973331451416 31.4914989471436 31.4903335571289 31.4674987792969 31.4658336639404 31.5191669464111 31.4773330688477 31.492166519165 31.6215000152588 31.6848335266113 31.6841659545898 31.6725006103516 31.6480007171631 31.638500213623 31.6793327331543 31.7029991149902 31.7211666107178 31.6749992370605 31.8233337402344 31.8846664428711 31.8738346099854 31.8653335571289 31.8601665496826
-3.4e+38 -3.4e+38 -3.4e+38 -3.4e+38 -3.4e+38 -3.4e+38 -3.4e+38 -3.4e+38 -3.4e+38 -3.4e+38 -3.4e+38 -3.4e+38 -3.4e+38 -3.4e+38 -3.4e+38 -3.4e+38 -3.4e+38 -3.4e+38 -3.4e+38 -3.4e+38 -3.4e+38 30.9986667633057 31.2331657409668 31.2210006713867 31.3225002288818 31.4485015869141 31.3624992370605 31.3933334350586 31.4463348388672 31.4900016784668 31.5030002593994 31.5986671447754 31.6771678924561 31.7215003967285 31.7019996643066 31.5823345184326 31.6481666564941 31.6860008239746 31.6438331604004 31.5755004882812 31.6048336029053 31.6611671447754 31.662166595459 31.8448333740234 31.8731670379639 31.8628349304199 31.7729988098145
-3.4e+38 -3.4e+38 -3.4e+38 -3.4e+38 -3.4e+38 -3.4e+38 -3.4e+38 -3.4e+38 -3.4e+38 -3.4e+38 -3.4e+38 -3.4e+38 -3.4e+38 -3.4e+38 -3.4e+38 -3.4e+38 -3.4e+38 -3.4e+38 -3.4e+38 -3.4e+38 -3.4e+38 -3.4e+38 31.0594997406006 31.2283344268799 31.2971649169922 31.3936653137207 31.408332824707 31.4088325500488 31.4524993896484 31.4508323669434 31.5114994049072 31.6064987182617 31.6634998321533 31.6416664123535 31.7924995422363 31.7883338928223 31.6884994506836 31.6744995117188 31.6791667938232 31.6504993438721 31.6961669921875 31.699499130249 31.6944999694824 31.6709995269775 31.7173328399658 31.7124996185303 31.7501659393311
-3.4e+38 -3.4e+38 -3.4e+38 -3.4e+38 -3.4e+38 -3.4e+38 -3.4e+38 -3.4e+38 -3.4e+38 -3.4e+38 -3.4e+38 -3.4e+38 -3.4e+38 -3.4e+38 -3.4e+38 -3.4e+38 -3.4e+38 -3.4e+38 -3.4e+38 -3.4e+38 -3.4e+38 -3.4e+38 31.1805000305176 31.2276649475098 31.2318325042725 31.3780002593994 31.420166015625 31.3471660614014 31.3821678161621 31.4563331604004 31.466667175293 31.5516662597656 31.6189994812012 31.6461658477783 31.7558326721191 31.8404998779297 31.6911678314209 31.5869998931885 31.6604995727539 31.5915012359619 31.5833339691162 31.6014995574951 31.621000289917 31.6866664886475 31.5496673583984 31.4761657714844 31.5361671447754
-3.4e+38 -3.4e+38 -3.4e+38 -3.4e+38 -3.4e+38 -3.4e+38 -3.4e+38 -3.4e+38 -3.4e+38 -3.4e+38 -3.4e+38 -3.4e+38 -3.4e+38 -3.4e+38 -3.4e+38 -3.4e+38 -3.4e+38 -3.4e+38 -3.4e+38 -3.4e+38 -3.4e+38 -3.4e+38 -3.4e+38 31.1019992828369 31.2471675872803 31.2938327789307 31.3153343200684 31.261833190918 31.3159999847412 31.3733329772949 31.4556655883789 31.5723342895508 31.5834999084473 31.6986675262451 31.7798328399658 31.7426662445068 31.7416667938232 31.7084999084473 31.6998329162598 31.6588325500488 31.6075000762939 31.5424995422363 31.5356674194336 31.5846672058105 31.708833694458 31.7186660766602 31.4815006256104
-3.4e+38 -3.4e+38 -3.4e+38 -3.4e+38 -3.4e+38 -3.4e+38 -3.4e+38 -3.4e+38 -3.4e+38 -3.4e+38 -3.4e+38 -3.4e+38 -3.4e+38 -3.4e+38 -3.4e+38 -3.4e+38 -3.4e+38 -3.4e+38 -3.4e+38 -3.4e+38 -3.4e+38 -3.4e+38 -3.4e+38 -3.4e+38 31.2756671905518 31.363166809082 31.3134994506836 31.2735004425049 31.3624992370605 31.3770008087158 31.4435005187988 31.5328330993652 31.5574989318848 31.673999786377 31.7236671447754 31.6865005493164 31.7060012817383 31.7250003814697 31.6560001373291 31.5699996948242 31.4718322753906 31.5203323364258 31.5436668395996 31.486499786377 31.4209995269775 31.4376659393311 31.5341682434082
-3.4e+38 -3.4e+38 -3.4e+38 -3.4e+38 -3.4e+38 -3.4e+38 -3.4e+38 -3.4e+38 -3.4e+38 -3.4e+38 -3.4e+38 -3.4e+38 -3.4e+38 -3.4e+38 -3.4e+38 -3.4e+38 -3.4e+38 -3.4e+38 -3.4e+38 -3.4e+38 -3.4e+38 -3.4e+38 -3.4e+38 -3.4e+38 -3.4e+38 31.3125 31.3121662139893 31.3773345947266 31.3546657562256 31.3843326568604 31.4603328704834 31.4723320007324 31.4831676483154 31.6206665039062 31.6620006561279 31.6876659393311 31.6870002746582 31.6765003204346 31.6270008087158 31.5708332061768 31.3958339691162 31.3606662750244 31.4206657409668 31.4006671905518 31.3268337249756 31.2778339385986 31.2418327331543
-3.4e+38 -3.4e+38 -3.4e+38 -3.4e+38 -3.4e+38 -3.4e+38 -3.4e+38 -3.4e+38 -3.4e+38 -3.4e+38 -3.4e+38 -3.4e+38 -3.4e+38 -3.4e+38 -3.4e+38 -3.4e+38 -3.4e+38 -3.4e+38 -3.4e+38 -3.4e+38 -3.4e+38 -3.4e+38 -3.4e+38 -3.4e+38 -3.4e+38 -3.4e+38 31.3549995422363 31.3758335113525 31.474666595459 31.3610000610352 31.4051666259766 31.454833984375 31.4384994506836 31.5636653900146 31.5558338165283 31.6141662597656 31.6245002746582 31.5979995727539 31.5863342285156 31.515832901001 31.3696670532227 31.2614994049072 31.1900005340576 31.1808319091797 31.1571655273438 31.0540008544922 31.046667098999
-3.4e+38 -3.4e+38 -3.4e+38 -3.4e+38 -3.4e+38 -3.4e+38 -3.4e+38 -3.4e+38 -3.4e+38 30.4686660766602 30.5685005187988 30.5576667785645 30.5566673278809 30.6591682434082 -3.4e+38 -3.4e+38 -3.4e+38 -3.4e+38 -3.4e+38 -3.4e+38 31.0233325958252 30.9273338317871 31.1746673583984 -3.4e+38 -3.4e+38 -3.4e+38 31.4558334350586 31.3400001525879 31.3503341674805 31.4005012512207 31.3473339080811 31.3653335571289 31.3999996185303 31.5361671447754 31.5103321075439 31.49049949646 31.53466796875 31.501501083374 31.5580005645752 31.5214996337891 31.4790000915527 31.2756671905518 31.1380004882812 31.1286659240723 31.1396656036377 31.0121669769287 31.0925006866455
-3.4e+38 -3.4e+38 -3.4e+38 -3.4e+38 -3.4e+38 -3.4e+38 -3.4e+38 -3.4e+38 -3.4e+38 30.6780014038086 30.6633338928223 30.6000003814697 30.5591659545898 30.656665802002 30.7880001068115 30.9085006713867 30.848165512085 30.783166885376 30.9811668395996 31.070499420166 31.0201663970947 31.0655002593994 31.2056674957275 31.2946662902832 31.3680000305176 31.4618339538574 31.4806671142578 31.4528331756592 31.326000213623 31.3966674804688 31.3528327941895 31.3273334503174 31.3463325500488 31.4928321838379 31.4635009765625 31.4400005340576 31.5025005340576 31.478832244873 31.5556659698486 31.4763336181641 31.4581661224365 31.320333480835 31.1706657409668 31.1909999847412 31.2480010986328 31.2445011138916 31.2571659088135
-3.4e+38 -3.4e+38 -3.4e+38 -3.4e+38 -3.4e+38 -3.4e+38 -3.4e+38 -3.4e+38 30.6346664428711 30.8575000762939 30.7576675415039 30.6665000915527 30.6669998168945 30.9004993438721 30.9153327941895 31.003833770752 30.9358329772949 31.0459995269775 31.1415004730225 31.1079998016357 30.9613342285156 31.1278343200684 31.3295001983643 31.3851661682129 31.405834197998 31.4638328552246 31.4576663970947 31.3833332061768 31.3406658172607 31.3723335266113 31.4169998168945 31.3336658477783 31.2881660461426 31.4678325653076 31.449333190918 31.36549949646 31.3866653442383 31.4125003814697 31.4925003051758 31.4946670532227 31.4486656188965 31.3726654052734 31.2426662445068 31.171667098999 31.2006664276123 31.1691665649414 31.13450050354
-3.4e+38 -3.4e+38 -3.4e+38 -3.4e+38 -3.4e+38 -3.4e+38 -3.4e+38 30.8341674804688 30.9365005493164 30.8438339233398 30.8229999542236 30.8838329315186 30.9576663970947 30.8955001831055 30.8981666564941 30.8500003814697 30.720666885376 30.8348331451416 30.9858341217041 31.026834487915 31.1196670532227 31.2131671905518 31.3261661529541 31.3565006256104 31.3253326416016 31.2789993286133 31.3535003662109 31.4106674194336 31.3371658325195 31.3103332519531 31.3461666107178 31.3233337402344 31.3754997253418 31.3668327331543 31.3208332061768 31.1863327026367 31.3081665039062 31.3961658477783 31.4363327026367 31.4479999542236 31.3826675415039 31.2501678466797 31.2478332519531 31.1393337249756 31.0633335113525 31.0178337097168 31.0368328094482
-3.4e+38 -3.4e+38 -3.4e+38 -3.4e+38 -3.4e+38 -3.4e+38 -3.4e+38 30.9313335418701 30.6591663360596 30.5254993438721 30.6398334503174 30.8518333435059 30.8533344268799 30.7590007781982 30.6614990234375 30.6223335266113 30.4118347167969 30.6844997406006 30.8088340759277 30.8374996185303 30.9564990997314 31.1066665649414 31.1821670532227 31.163501739502 31.107666015625 31.0451679229736 31.1896667480469 31.1820011138916 31.1720008850098 31.2491664886475 31.3190002441406 31.2306671142578 31.3196678161621 31.255500793457 31.2638320922852 31.246000289917 31.2923336029053 31.3784999847412 31.4259986877441 31.3155002593994 31.166166305542 31.2080001831055 31.2968330383301 31.2063331604004 31.1068344116211 31.1533336639404 31.1554985046387
-3.4e+38 -3.4e+38 -3.4e+38 -3.4e+38 -3.4e+38 -3.4e+38 -3.4e+38 -3.4e+38 30.5711669921875 30.5163326263428 30.6620006561279 30.746000289917 30.7954998016357 30.9095001220703 30.9821662902832 30.7894992828369 30.5735015869141 30.5234985351562 30.6473331451416 30.6735000610352 30.7410011291504 30.8583335876465 31.0069999694824 31.0248336791992 31.0365009307861 31.0910015106201 31.0988330841064 31.0774993896484 31.0381660461426 31.0753326416016 31.1821670532227 31.2569999694824 31.2156677246094 31.2129993438721 31.2290000915527 31.191499710083 31.1634998321533 31.2614994049072 31.2581672668457 31.1646671295166 31.1405010223389 31.1698341369629 31.1883335113525 31.1364994049072 31.1636657714844 31.2141666412354 31.0944995880127
-3.4e+38 -3.4e+38 -3.4e+38 -3.4e+38 -3.4e+38 -3.4e+38 -3.4e+38 -3.4e+38 -3.4e+38 30.4341659545898 30.3878326416016 30.4891662597656 30.6336669921875 30.7310009002686 30.8408336639404 30.8495006561279 30.7084999084473 30.4346675872803 30.5151672363281 30.5423336029053 30.5153331756592 30.5938339233398 30.7919998168945 30.8726673126221 30.9861679077148 31.0968341827393 31.0774993896484 31.0375003814697 30.9715003967285 30.9694995880127 31.0185012817383 31.0643329620361 31.1443328857422 31.1798324584961 31.2268333435059 31.1866683959961 31.1248321533203 31.0458335876465 31.0951671600342 31.1669998168945 31.1991672515869 31.2268333435059 31.0509986877441 30.925666809082 30.9983329772949 31.0613327026367 31.0049991607666
