rasters/Egypt_bio8.asc
NCOLS 147 
NROWS 116 
XLLCORNER 24.688652792 
YLLCORNER 21.99436916 
CELLSIZE 0.083059832122449 
NODATA_value -3.4e+38 
[rows 84 to 104 of 116, columns 49 to 97 of 147]
30.6599998474121 30.5673332214355 30.5948333740234 30.6363334655762 30.7396659851074 15.2445001602173 15.3489999771118 15.3173332214355 15.3381671905518 15.3741664886475 15.4141664505005 15.5429992675781 15.7690000534058 15.9271669387817 15.9978332519531 16.082332611084 16.2724990844727 16.5523338317871 16.7491664886475 16.8506660461426 16.9243335723877 17.2266654968262 17.5289993286133 17.5056667327881 16.4433326721191 15.408332824707 15.4973335266113 15.5016670227051 15.7014999389648 15.5566673278809 15.3043327331543 15.2276668548584 15.2834997177124 15.2995004653931 15.2801666259766 15.2651662826538 24.0028343200684 24.015832901001 23.9759998321533 23.8596668243408 23.9171676635742 23.9211673736572 23.9243335723877 24.3733329772949 17.3120002746582 17.7038326263428 17.7623329162598 25.9096660614014 25.8206672668457
30.6440010070801 30.6961669921875 30.6531658172607 30.7005004882812 15.1298332214355 15.2173337936401 15.2264995574951 15.2576665878296 15.304500579834 15.3488330841064 15.4108333587646 15.5736665725708 15.7679996490479 15.998833656311 16.1019992828369 16.1951656341553 16.3661670684814 16.6415004730225 16.6996669769287 16.7561664581299 16.9605007171631 17.0935001373291 17.445333480835 17.4281673431396 17.269832611084 15.6173334121704 15.5381669998169 15.4020004272461 15.6648330688477 15.8004999160767 15.636833190918 15.2836666107178 15.2069997787476 15.179500579834 15.3055000305176 15.3558330535889 24.1776676177979 24.3251667022705 24.3239994049072 24.300500869751 24.3835010528564 24.1633338928223 24.1753330230713 24.958667755127 17.5478324890137 17.8358325958252 17.9150009155273 26.0563335418701 25.9540004730225
15.510666847229 15.5468330383301 15.4368333816528 15.3145008087158 30.8218326568604 30.7714996337891 30.8191661834717 30.900333404541 15.2480001449585 15.3486671447754 15.4408340454102 15.58899974823 15.7916669845581 15.9949998855591 16.2218341827393 16.4190006256104 16.5738334655762 16.6599998474121 16.6531658172607 16.7358341217041 16.8390007019043 16.9838333129883 17.3423328399658 17.3514995574951 17.363000869751 16.6301670074463 15.7491664886475 15.4974994659424 15.7158336639404 15.8693332672119 15.7629995346069 15.6148338317871 15.5019998550415 15.5316667556763 15.5723333358765 15.5834999084473 15.675666809082 15.7083330154419 24.2390003204346 24.3681659698486 24.3803329467773 24.443000793457 24.7648334503174 17.2969989776611 17.5808334350586 17.5726661682129 17.8980007171631 26.2233333587646 26.1841659545898
15.5284996032715 15.5273332595825 15.4619998931885 15.4276666641235 30.8810005187988 30.6784992218018 30.7019996643066 30.8001670837402 30.9118328094482 31.0241661071777 31.121000289917 15.5645008087158 15.7869997024536 16.0270004272461 16.2476673126221 16.5088329315186 16.6978340148926 16.720832824707 16.5756664276123 16.5543327331543 16.6471672058105 16.8596668243408 17.2684993743896 17.3071670532227 17.0716667175293 16.0974998474121 15.691333770752 15.6309995651245 15.8651666641235 16.0156669616699 16.0524997711182 15.5756664276123 15.5951671600342 15.6254997253418 15.7278327941895 15.6853332519531 24.3796672821045 24.4633331298828 24.2921657562256 24.371166229248 24.2921676635742 24.7533340454102 17.0244998931885 17.4750003814697 17.5281677246094 25.5139999389648 17.8623332977295 18.1521663665771 26.5033340454102
15.5448331832886 15.5618333816528 15.4421663284302 30.8753337860107 30.77783203125 30.7633323669434 30.716833114624 30.8071670532227 30.933500289917 31.0403327941895 31.248498916626 15.7463331222534 15.7981662750244 16.0154991149902 16.2156677246094 16.4060001373291 16.5701656341553 16.5879993438721 16.4866676330566 16.5108337402344 16.515832901001 16.8759994506836 17.2783336639404 17.1946659088135 17.0313339233398 16.2256660461426 15.9718332290649 16.0394992828369 16.1550006866455 16.2413330078125 15.9106664657593 15.6276664733887 15.742166519165 15.6505002975464 15.7405004501343 15.8158340454102 15.7614994049072 15.8184995651245 24.4253330230713 24.4289989471436 24.3999996185303 24.708833694458 25.4018325805664 17.4710006713867 17.5520000457764 17.855167388916 18.2671661376953 18.3435001373291 18.4836673736572
15.4941663742065 30.9990005493164 30.8540000915527 30.7789993286133 30.7898330688477 30.9220008850098 31.029333114624 31.074333190918 31.2393341064453 31.3658332824707 15.792332649231 15.8066663742065 15.9798336029053 16.1434993743896 16.3058338165283 16.4913330078125 16.5671672821045 16.6038341522217 16.6891670227051 16.7779998779297 16.8236675262451 17.0351657867432 17.1723327636719 17.1995010375977 16.1790008544922 16.4484996795654 16.8404998779297 16.841833114624 16.6375007629395 16.3864994049072 15.8528337478638 15.8183336257935 15.8704996109009 15.8715000152588 15.8731670379639 15.8408336639404 15.720666885376 24.3675003051758 24.558500289917 24.526834487915 24.4728336334229 24.408332824707 25.1366672515869 17.2006664276123 17.4563331604004 17.9008331298828 18.2986660003662 18.2544994354248 18.2946662902832
30.9108333587646 30.8769989013672 30.8151664733887 30.8191661834717 30.8873329162598 31.0806674957275 31.2011680603027 31.2080001831055 31.3295001983643 15.8010005950928 15.8713340759277 15.9781665802002 16.1391658782959 16.1651668548584 16.2775001525879 16.4316673278809 16.621000289917 16.8263339996338 16.9139995574951 16.9366664886475 17.0881671905518 17.1451663970947 17.2124996185303 17.292667388916 16.5820007324219 16.7481670379639 16.9109992980957 16.9368343353271 16.5244998931885 16.5288333892822 16.2923336029053 16.1324996948242 16.0161666870117 15.9821662902832 15.9758338928223 15.7565002441406 30.9716682434082 24.3161659240723 24.6396675109863 24.6096668243408 24.6000003814697 24.6184997558594 25.1386661529541 25.2331657409668 25.091833114624 17.3473339080811 18.1280002593994 18.2264995574951 18.1961669921875
30.9478340148926 30.9160003662109 30.8228340148926 30.7856674194336 30.9518337249756 31.1561660766602 31.2253341674805 31.3071670532227 15.8621664047241 15.9285001754761 15.994833946228 16.1678333282471 16.1863327026367 16.1843338012695 16.292667388916 16.5104999542236 16.7345008850098 16.8776664733887 16.8216667175293 16.9425010681152 17.0799999237061 17.2176666259766 17.2448329925537 17.2353324890137 17.2373332977295 16.7471656799316 16.5986671447754 16.788667678833 16.4466667175293 16.1639995574951 16.1830005645752 16.2303333282471 16.0944995880127 16.0976657867432 16.0658340454102 15.944167137146 15.94700050354 15.9413328170776 24.7870006561279 24.8058338165283 24.9768333435059 24.804666519165 16.5803337097168 25.0860004425049 25.1363334655762 17.4358329772949 18.0441665649414 18.1746673583984 18.1713333129883
30.9496669769287 30.9376659393311 30.8716659545898 30.882833480835 31.0931663513184 31.2430000305176 31.2906665802002 31.3676662445068 16.017333984375 16.117166519165 16.1613330841064 16.2426662445068 16.3193340301514 16.2569999694824 16.2959995269775 16.4825000762939 16.8121662139893 16.7961673736572 16.9793338775635 17.2105007171631 17.2031669616699 17.1578330993652 17.203332901001 17.3404998779297 17.2309989929199 17.128833770752 16.4930000305176 16.2431659698486 16.1658325195312 16.1461658477783 16.2574996948242 16.3816661834717 16.3414993286133 16.3395004272461 16.3171672821045 16.3603324890137 16.3769989013672 16.2958335876465 16.2523326873779 16.4058322906494 24.9213333129883 25.0301666259766 16.8393325805664 16.8976669311523 17.6695003509521 18.0655002593994 18.1128330230713 18.1984996795654 18.1856670379639
30.9879989624023 30.9818344116211 30.9963340759277 31.0550003051758 31.1160011291504 31.3341674804688 15.9739999771118 15.9930000305176 16.1173324584961 16.2810001373291 16.3263339996338 16.3983345031738 16.5034999847412 16.4815006256104 16.4519996643066 16.6303329467773 16.8721675872803 16.9703330993652 17.167667388916 17.333833694458 17.3754997253418 17.1373329162598 17.066499710083 17.1644992828369 16.8001670837402 16.7593326568604 16.7099990844727 16.2124996185303 16.2646675109863 16.3311672210693 16.2655010223389 16.3158340454102 16.4651660919189 16.6480007171631 16.6431674957275 16.4580001831055 31.7348327636719 16.3586673736572 31.7000007629395 24.9341659545898 24.9856662750244 16.7078323364258 16.8320007324219 17.5329990386963 17.9130001068115 18.1831665039062 18.1245002746582 18.2031669616699 18.2181663513184
31.0981674194336 31.1005001068115 31.1321678161621 31.2040004730225 31.1940002441406 31.3390007019043 16.0550003051758 16.1525001525879 16.2210006713867 16.2986660003662 16.3915004730225 16.5225009918213 16.632999420166 16.5836658477783 16.5438327789307 16.6806659698486 16.8600006103516 17.0911674499512 17.2241668701172 17.2153339385986 17.3150005340576 17.2808322906494 16.9648323059082 16.7936668395996 16.7775001525879 16.8898334503174 16.6446666717529 16.3624992370605 16.4248332977295 16.4458332061768 16.3838329315186 16.4501667022705 16.5091667175293 16.6828327178955 16.6083335876465 16.6113338470459 16.6903343200684 16.6054992675781 31.7915000915527 25.0655002593994 16.49049949646 16.4148330688477 16.4705009460449 17.582332611084 18.0004997253418 18.2213325500488 18.1801662445068 18.170166015625 18.1933326721191
31.2185001373291 31.2863330841064 31.3120002746582 31.332332611084 31.3344993591309 31.4158344268799 31.5244998931885 16.191333770752 16.3159999847412 16.3939990997314 16.4501667022705 16.5098323822021 16.6499996185303 16.7226657867432 16.7551670074463 16.9298343658447 17.0879993438721 17.2110004425049 17.375 17.3466663360596 17.2476673126221 17.2551670074463 16.9798336029053 16.9050006866455 16.9051666259766 17.0163326263428 16.650333404541 16.5030002593994 16.6011657714844 16.7980003356934 16.5421676635742 16.6196670532227 16.6630001068115 16.6359996795654 16.7900009155273 16.7736663818359 16.7796669006348 31.9590015411377 31.8153343200684 25.0741672515869 25.0103340148926 25.0144996643066 25.0366668701172 17.5410003662109 18.220832824707 18.3221664428711 18.3056659698486 18.2356662750244 18.3926658630371
31.3128337860107 31.3613319396973 31.3850002288818 31.4208335876465 31.4184989929199 31.4450016021729 31.6196670532227 16.2773342132568 16.3665008544922 16.431999206543 16.5424995422363 16.5470008850098 16.6124992370605 16.6944999694824 16.746000289917 16.9626655578613 17.2213325500488 17.3958339691162 17.5813331604004 17.4991664886475 17.2893333435059 17.2674999237061 16.9938335418701 16.9424991607666 17.0415000915527 16.9039993286133 16.7110004425049 16.7560005187988 17.2049999237061 17.095666885376 16.7775001525879 16.7923336029053 16.6431655883789 16.5463333129883 16.7583332061768 16.6941661834717 31.791166305542 31.7691669464111 31.7566661834717 25.0398330688477 25.0653324127197 25.1763324737549 32.431999206543 18.1413326263428 18.396333694458 18.2821674346924 18.2106666564941 18.074333190918 18.3693332672119
31.3800010681152 31.4225006103516 31.4151668548584 31.4448337554932 31.5598335266113 31.5601673126221 31.6668338775635 16.42799949646 16.4763336181641 16.5968341827393 16.7469997406006 16.6976661682129 16.7245006561279 16.8266658782959 16.9720001220703 17.155834197998 17.3985004425049 17.5731658935547 17.4729995727539 17.3215007781982 17.4606666564941 17.3343334197998 16.9449996948242 16.9755001068115 17.2679996490479 17.1466655731201 16.8621673583984 17.0065002441406 17.132833480835 16.9694995880127 16.8285007476807 16.6744995117188 16.6219997406006 16.6078338623047 16.6811676025391 31.7908344268799 31.7566661834717 31.7154998779297 25.2571659088135 31.9633331298828 32.0045013427734 32.2213325500488 18.0644989013672 18.3518333435059 18.5 18.4126663208008 18.2199993133545 18.191499710083 18.2786674499512
31.4475002288818 31.5168342590332 31.5161666870117 31.5341663360596 31.5778331756592 31.6625003814697 31.7278327941895 31.818000793457 16.5674991607666 16.6536674499512 16.7393341064453 16.7830009460449 16.8383331298828 16.9484996795654 17.1895008087158 17.4096660614014 17.4936676025391 17.5629997253418 17.4405002593994 17.5946674346924 17.6166667938232 17.5259990692139 17.3159999847412 17.3974990844727 17.3745002746582 17.2163333892822 17.0468330383301 16.9645004272461 16.9951667785645 16.9974994659424 16.9475002288818 17.0378341674805 16.8325004577637 17.0346660614014 17.1853332519531 31.9658317565918 31.8733329772949 32.1310005187988 32.2224998474121 17.7426662445068 17.9313335418701 18.1178340911865 18.2588329315186 18.3241672515869 18.4546661376953 18.4756660461426 18.3346672058105 18.4363327026367 18.4738330841064
31.5534992218018 31.5716667175293 31.5883331298828 31.5893325805664 31.5830001831055 31.6228332519531 31.6526660919189 31.826000213623 16.6918334960938 16.7356662750244 16.8113327026367 16.8681659698486 16.9166660308838 17.0006675720215 17.3603343963623 17.445333480835 17.4641666412354 17.4818325042725 17.6733341217041 17.7796669006348 17.6713333129883 17.6539993286133 17.5828323364258 17.5615005493164 17.6241664886475 17.2779998779297 17.2576656341553 17.2956657409668 17.4196662902832 17.8299999237061 17.9656658172607 18.1183338165283 18.0143337249756 18.0828342437744 18.1811656951904 18.1744995117188 18.0555000305176 17.9689998626709 17.6491661071777 17.8460006713867 18.0103340148926 18.2395000457764 18.3123340606689 18.246000289917 18.2981662750244 18.3775005340576 18.5551662445068 18.4976654052734 18.5711669921875
31.5746669769287 31.69700050354 31.708667755127 31.6851673126221 31.6196670532227 31.6771659851074 31.7906665802002 31.9459991455078 16.8193340301514 16.8833332061768 16.9291667938232 16.9596672058105 17.0123329162598 17.1030006408691 17.304500579834 17.396333694458 17.3754997253418 17.4095001220703 17.4866676330566 17.556999206543 17.5790004730225 17.8403339385986 17.8166675567627 17.6821670532227 17.7141666412354 17.6936664581299 17.6868343353271 17.5788326263428 17.7465000152588 17.7588329315186 17.8958339691162 18.2018337249756 18.357666015625 18.3859996795654 18.2396659851074 18.1490001678467 18.0190010070801 17.9183330535889 17.8359985351562 17.7961673736572 17.8818340301514 18.0046672821045 18.0825004577637 18.1758327484131 18.257999420166 18.3920001983643 18.4713325500488 18.5909996032715 18.4933338165283
31.5943336486816 31.7060012817383 31.755500793457 31.7385005950928 31.7168350219727 31.7328338623047 31.8743343353271 32.0739974975586 16.9473342895508 16.9659996032715 17.0633335113525 17.0699996948242 17.1078338623047 17.2153339385986 17.3401660919189 17.3791675567627 17.4360008239746 17.4524993896484 17.2964992523193 17.3663330078125 17.4678344726562 17.5906658172607 17.8004989624023 17.7194995880127 17.871000289917 18.0473327636719 18.1156673431396 17.8328323364258 17.8888339996338 17.810998916626 17.8941669464111 18.2148342132568 18.3151664733887 18.3113327026367 18.1499996185303 17.957332611084 17.8649997711182 17.7811660766602 17.8134994506836 17.804666519165 17.8376655578613 17.9136657714844 17.9843330383301 18.0480003356934 18.173999786377 18.378833770752 18.6066665649414 18.5708332061768 18.4459991455078
31.6054992675781 31.7138328552246 31.787166595459 31.8033332824707 31.7303333282471 31.7483329772949 31.9758338928223 32.1543350219727 32.220832824707 32.3033332824707 17.1008338928223 17.1451663970947 17.2003326416016 17.2776660919189 17.3608341217041 17.4363327026367 17.4933338165283 17.4475002288818 17.25950050354 17.4218330383301 17.6493339538574 17.5518321990967 17.5085010528564 17.7413330078125 18.0225009918213 18.2299995422363 18.2821674346924 18.146333694458 18.2203330993652 18.1821670532227 18.0820007324219 18.2296657562256 18.3503341674805 18.2159996032715 18.0176658630371 17.933666229248 17.8775005340576 17.8479995727539 17.7201671600342 32.6161651611328 17.7604999542236 17.8761672973633 32.802001953125 32.8850021362305 32.9235000610352 18.5018329620361 18.7569999694824 18.5728340148926 18.4968338012695
31.6534996032715 31.7328338623047 31.7798328399658 31.7783336639404 31.8263339996338 32.0181655883789 32.0986671447754 32.1414985656738 32.2783317565918 32.3406677246094 32.365665435791 17.1658325195312 17.2233333587646 17.3570003509521 17.4330005645752 17.5498332977295 17.5590000152588 17.5130004882812 17.4484996795654 17.4566669464111 17.6033344268799 17.3531665802002 17.4249992370605 17.5193328857422 17.7183322906494 18.0981674194336 18.2338333129883 18.2671661376953 18.328332901001 18.3490009307861 18.3958320617676 18.3675003051758 18.4150009155273 18.1510009765625 17.9536666870117 17.8993339538574 17.8570003509521 17.8096656799316 32.561164855957 32.5929985046387 32.740665435791 18.199333190918 33.0540008544922 18.4578323364258 18.4763336181641 18.781665802002 18.7840003967285 18.5651664733887 18.6336669921875
31.6905002593994 31.7588329315186 31.7303333282471 31.8083324432373 31.9756660461426 32.1358337402344 32.1743316650391 32.1565017700195 32.2615013122559 32.3385009765625 32.3474998474121 32.4373321533203 32.5551681518555 17.4379997253418 17.49049949646 17.5183334350586 17.4796657562256 17.5781669616699 17.7024993896484 17.4308338165283 17.2339992523193 17.2428340911865 17.968334197998 17.8773326873779 17.7339992523193 17.804666519165 18.1113338470459 18.1928329467773 18.3880004882812 18.423999786377 18.5330009460449 18.5718326568604 18.4416675567627 18.132999420166 17.9633331298828 17.908166885376 17.8549995422363 32.6100006103516 32.6453323364258 32.8990020751953 18.343334197998 18.5494995117188 18.6879997253418 18.546667098999 18.6781673431396 18.9171676635742 18.7674999237061 18.6569995880127 18.825834274292
