rasters/Egypt_CLYPPT_M_sl2_250m_ll.asc
NCOLS 147 
NROWS 116 
XLLCORNER 24.688652792 
YLLCORNER 21.99436916 
CELLSIZE 0.083059832122449 
NODATA_value -9999 
[rows 75 to 99 of 116, columns 0 to 54 of 147]
-9999 -9999 -9999 3.48563218390803 2.06544686840288 3.99818203143241 4.80172413793184 5 6.52005629838117 4.72789115646256 4.97167487684745 4 6 5 5 5 3 4.65804597701216 7.08726249120293 7 5.14965986394508 7.22361013370831 9.44458128078805 6 4.93390804597739 4.20408163265393 5.01483696927053 8.80172413793184 8 8.80172413793184 8.08767300023431 8.54187192118258 7.80172413793184 8 6 8 6.62719915552462 8.19827586206816 5 4.24008913910272 3.80172413793184 5.71962233169085 3.20372976776817 5.09817030260432 4.74671592774784 6 5.90288529204851 11.0714872155756 3 5 6 5.68707482992954 4 5.44868637109989 6.10790523105717
-9999 -9999 -9999 13.5151888341543 16.9852216748768 14.3919188365004 3.54040581750033 3.90394088669929 3.34817030260422 6.40388224255195 5.84482758620717 4.98639455782364 4 3.44546094299678 4 3.50216983345108 3.63265306122463 6 5.10884353741429 5.97589725545482 6.84605911330071 6.94950738916279 5.81896551724175 5.64361951677156 5 5.96305418719203 6.25586441473164 7 6.33145672061892 8.56269059347886 9.6378723903349 9.79310344827663 3.62802017358637 8 5.03342716397059 6.01600985221673 7 5.36893033075483 6.47619047618966 6 3.21727656579906 4.18103448275825 5.99442880600537 6.89971850809242 6.2061341778084 18.9638752052564 4.09236453201976 12.9347290640395 4.8105794041755 9 3.97771522402147 5 5.28571428571502 3.58503401360566 5
-9999 -9999 -9999 18.5160098522168 15.4507389162533 18.7891156462579 6.25246305418502 2.91308937368115 9.16379310344637 7.0445695519582 3.28325123152525 4.67241379310727 5 6 5.37414965986185 4 5 4.63711001642216 4 5.83620689655363 6.14965986394508 5.88189068731067 4.75562983814021 5.08802486511748 5.66666666666723 7 5.0122566267886 4 4.81632653061231 5.16379310344636 8.36975134881662 8.4285714285724 6.5859136758159 6.86406286652735 4.51882477128351 7 8 7 7.51600985221739 5.3945578231298 6.61435608726366 4.86394557822958 5 4 5.25170068027119 7.93144499179498 6.93508092892189 8 20.4411212761006 4.89795918367389 6.97278911564728 3.02562749237616 5.59729064039484 6.55717804363172 2.91086089608388
-9999 -9999 -9999 16.4831691297209 17.2162209711476 11 16.049847525217 11.5828641801609 12.2931034482764 3.03987802017366 7 7.14455782312959 4 5.8534482758618 6.05483227773847 4.92622566267863 7 6.20320197044294 5 7 7 3.57453671123666 6 5 5.81321839080543 5.82582688247644 6 6.04644616467384 4.88036593947901 5 5 4.91625615763546 5 6.70830401126029 4 6.86640863241826 6.1465517241382 3.94915552427874 5.58661740558349 4.91127140511369 3 3.75727187426554 6 3.88933849401825 6.0368871686605 4.8534482758618 5.1465517241382 8.23803659394765 11.8026038001409 5 7 5.8534482758618 5.51231527093486 4.9391860192352 4
-9999 -9999 -9999 3.51765188834156 2.07107670654507 2.12931034482662 13.8509265775248 3.52269528501229 4.52122918132803 4.12931034482662 5.73275862068997 6 6.88435374149582 6.87068965517338 2.32576823832835 8 6.50334271639801 6.66338259441817 5.22407928688572 6 5.40927750410333 8 8 8.06949331456672 9.41954022988392 5.97361013370874 6 3.05442176870876 6 7 5.07213230119574 6 6 7.85192352803259 4 6.12931034482662 5.43138634764093 5 7.87068965517338 3.34353741496684 3.03430682617853 3.64051137696498 8 7.88652357494814 6.34846352333885 5.24014778324968 4.12931034482662 3.95337790288563 4 10.9920830401114 4.02369223551403 3.24530846821511 1.90763546798108 7.15130190006929 4.57846586910901
-9999 -9999 -9999 2 2.91836734693843 3.02363359136754 6 2.58145672061652 2.067088904527 3 5.87315270935975 4 5.9008913910397 6.41414496833089 5 7.44698569082895 6.36734693877537 5.76190476190517 5.39948393150216 6 8 7.27891156462514 9 9 8.96264367816115 7 4 5.05442176870876 7 6.0350692000937 4.49530846821474 5 5.03354445226359 6 7 5.9214754867463 6.0243959652826 7 4.04761904762067 3.75170068027552 7 5.86394557822958 5 4.65675580577004 6.08386113065889 9.06937602627234 4.0548909218856 5 6 10.0100281491906 2 6 7 3.36846117757449 2.20431620924215
-9999 -9999 -9999 3 2.18191414496824 4.09482758620687 4.0625733051842 5 1.61799202439575 5 4 6.89285714285763 7.88435374149582 4 4.62585034013815 8 6.36013370865612 9 6 10.0184729064032 7 8.02644851043858 8.0387051372273 8.87420830401064 8.33333333333276 8.01935256861373 10 9.94557823129124 6.01741731175227 6.68707482993177 6 6.44211822660177 4.97161623269992 8 9.90904292751604 7.91995073891617 5.8029556650243 7 7 7.46598639455988 7 3.91807412620239 6.99319727891182 6 6 6.61904761904827 7.3300492610802 7.8787239033545 8 3.18965517241373 6 8.54544921416488 6.70689655172542 8.56181093126935 8
-9999 -9999 -9999 2 8.57741027444997 5.06122448979498 4.71862538118891 2.46938775509978 2 5 1.06650246305324 2.01360544217636 2 4 5.42270701383737 7 5.41643209007657 6 7.56462585034283 9.97959183673546 9.07758620689542 10.665141918838 7.93983110485662 9 8.9741379310349 8 8.85338963171525 8.99577762139335 7 5.28864649308053 7 4 5 6 6.00316678395506 7 7.01688951442624 4.92241379310458 5.88875205254897 6.04697396199786 6 2.13605442177042 3 6.93191414496937 10 10.0295566502458 6 9 9 6 7.89731409805506 6.98786066150606 5 4.44716162326929 7.08157400891095
-9999 -9999 -9999 4 3 9.19815857377506 14.6802721088419 3.93877551019956 2.43748533896303 1.78823598404808 1.93965517241448 2 5.94663382594483 6.42470091485384 5.38933849401628 3 6 5.98563218390823 11.1560520760017 9.06034482758552 10 9 8 10 8.97988505747153 8.2397959183677 7.94417077175765 8 7 4.98111658456506 4.41549378372113 7.16379310344664 6.3167956837904 3 6.96164672765479 8.62467745719077 8.26489561341758 6 4 7.02380952380928 6 7.01642036124797 8 7 6 8.35796387520491 6.93965517241448 7.60086793338058 7.4625850340133 7.80823363828354 7.94886230354399 3.05090311986798 6.26847290640483 6.86523574947137 4
-9999 -9999 -9999 14.4347290640395 4 5.04310344827554 3.67939244663229 15.4491555242767 2.78542106497841 3 1.86330049261102 4 4 0.244897959183012 3.98387285948883 4.49659863945506 4.39461646727623 6.01026272577987 5 6.97959183673546 4.03665259207106 8.01202205019927 11 10.4625850340133 9.04310344827554 9.20408163265393 10 7 6 3 8.04310344827554 7.95689655172446 6.95689655172446 5.82993197279009 5.91379310344892 4.1277269528499 8 7.65306122449087 8.02257799671579 6.91379310344892 6.34007741027416 5.09295097349489 9.04310344827554 9 7.98915083274701 8 6 7.63945578231281 4.08620689655108 7 6.04193056532931 6.72097114707928 5.95689655172446 6.58503401360566 8.52076002814778
-9999 -9999 -9999 2.09031198686385 1.32565095001607 1.9795918367359 3.00826882477085 14.4693877550998 4.71229181327006 4.1354093361456 4.32635467980011 3.03911564625651 2.09277504105304 3.73557353976252 2.64520290875056 4.98715693173898 4.36734693877537 7.74220032840877 5.10884353741429 5.02533427163823 8.82834858081341 3.72108843537486 9.57653061224576 11.0470326061481 9.025862068964 10 7.974137931036 9 7 4.00809289232888 5.44217687074876 3.974137931036 5 4.82993197279009 5.97519352568764 5.95285010556223 5.97976776917783 3.00105559465151 5.01231527093522 2.85784658690655 3.98099929627135 2.86746422706826 6 6 6 6 3.99401829697808 5.91836734693843 3.974137931036 6.02322308233503 7.05166549378132 2 8.01847290640284 8 4.025862068964
-9999 -9999 -9999 2.95320197044349 17.0981703026053 21.7668895144243 12.0343068261812 17.4648135116089 7.20578231292616 3.98745015247388 4.8571428571431 4.02210884353752 1.88435374149582 1.75510204081699 5.37954492141515 4.50340136054494 4.00862068965579 5 5.0076823832987 5.95918367347092 5.00991086089679 3 8 9 10.9827586206901 6 7.98469387754994 9 9.81790992258991 8 9.65904292751342 7 5.00862068965579 6.82277738681725 3.99964813511607 4 3.01049730236998 5.97712878254585 2.00410509031227 2 5.00633356791037 4 6.00867933380311 7.87755102040764 10.7418484635238 5.75862068965364 6.99577762139309 3.64567206192855 4.99800609899118 5.10292047853588 6.02721088435272 3.1551137696469 8 4.41854327938075 7
-9999 -9999 -9999 4 15.0093244194236 14.7977363359137 4.96528266479147 18.4785362420815 5.37391508327203 14.5481468449452 2.00738916256212 0.0136054421763603 3.66068496363885 7 1.38171475486597 4 5.36418015482018 7 7.0086206896558 5.99982406755805 7.98533896317039 4.84295097349118 6 6.46721792165146 9 6.79591836734607 6.99935491437949 6 6 7.00269763077665 9.0086206896558 9.5714285714276 8.40136054421627 4.83708655876294 6 6.00076237391514 2 2 2.9913793103442 6 1.74331456720655 6 6.01536476659667 8.87860661505938 9.99354914379497 8 5 3.36054421768719 4.5540112596778 4.19634060520619 3 3.14919071076776 4 6.99853389631703 7
-9999 -9999 -9999 13.4774220032841 15.0237508796623 15.1795683790762 3.3313394323238 18.0612244898004 18.385878489327 0.772577996716158 0.142857142856899 4 4.58444757212964 4.75510204081699 3 3 6.36734693877537 5 6.84506216279653 6 6 7.94106263194902 7 6 7.99137931034479 7 7.07482993197339 6 5.02586206896566 5.97413793103433 8 9 3.96639690358881 4.97853624208289 8.95918367346751 2 2.9943701618578 1.02586206896566 5 6.02586206896567 7 5.84160215810282 8.98639455782364 7.99366643209001 10 9.97413793103433 3 2 4 4.94968332160522 3.02855969973978 4.8475838611295 9.01847290640403 7 8.55600516068341
-9999 -9999 -9999 4 18.8367346938768 5.1927046680741 4.6452029087501 17.0357142857177 20.9310931269037 10.348815388224 4.17980295566598 5.96152943936347 6.69247009148094 8.47923997184918 2 6 6 5.53407224959061 6.00469153178525 4.02040816326454 5.85034013605492 8 7.56632653061139 4.56269059347803 5 5.76161154116626 7 5.04075768238455 4.85925404644164 4.98651184611732 5.55782312925124 7.52832512315035 4.47026741731261 5.61019235280364 7.03905700211293 5.90775275627471 2 2.95918367347262 1 5 7.70302603800013 7.826706544684 7.99349049964839 8 5.25170068027119 6.22783251231619 4.0439831104871 4 6 4 4.04310344827724 7.69381890687093 7 7 7.08843537414634
-9999 -9999 -9999 7.52093596059105 17.1370513722742 20.1555829228266 4.2989678630032 22.971674876847 8.81896551723864 9.48328641801585 5.76231527093473 2.98721557588602 5.88435374149582 15.0603448275871 11.037766830871 7.41226835561732 5.97783251231495 8.7159277504102 6 3.03870513722901 5.20097349284572 5.26208069434579 8.58075299085132 7.14514426460349 5 6 4.00451559934329 6 6.52621393385167 10.0377668308709 4.59148486981001 6.87931034482576 4 5.06034482758712 3.89637579169305 4.08309875674408 5 5.81896551723865 6.91379310344712 5 5.08866995074022 6.82823129251506 7 8 4.04515599343259 3.93965517241288 3.51020408163398 4.05987567440771 10.0463875205262 5 3.08755571193984 3.15646258503523 5.69704433497433 7.57477128782551 3
-9999 -9999 -9999 8.52011494252868 3.23047149894557 3 5.17399718507952 22.5469739619968 16.3964930799891 6.42728125733142 2.34113300492597 5.91091954022989 6 5.05858550316717 7.07758620689699 6.07811400422293 4 5 4.82201501290194 3 2.14965986394508 1 3 9.03589021815641 8.07758620689699 6.06175228712203 6.85338963171379 5.22818437720306 8.16942294159028 7.07758620689699 6.51454374853322 6 6.97677691766343 6 4.07441942294187 5.0068613652358 4 4.39760731878888 6 4 4.26530612244926 9.52480647430847 6.08386113065936 7 5.53506920009346 1.52504105090344 6 2.3325709594182 4.33262960356602 4.13933849401915 6 9 9 8.06439127375121 1.03536242083073
-9999 -9999 -9999 1 3.16871921182451 8.85075064508087 19.0948275862086 12.1944053483602 16.943232465399 11.2590898428364 5 1.01360544217636 5.7582688247659 6.09482758620857 4.09482758620857 4 5 3.69170771756821 3.80665024630453 1.18578465869449 1.14965986394508 7 6.1662561576351 6.51354679803018 6.69827586207174 5.72044334975157 9 8 7.9400070372966 6.59617640159497 6.54685667370339 3.09482758620857 3.27093596059127 4.82993197279009 7.09482758620857 5.17886464930676 5.65306122449087 6.03289936664369 1.66133004926339 5 6 6.09482758620857 5.91197513487961 8 4.97613183204283 5 3.3969035890191 1.36054421768719 2.02193291109585 3.89795918367389 5.99225897255469 7.09482758620857 10.3534482758639 1 7.47783251230803
-9999 -9999 -9999 6.48152709359616 8.46410978183666 20.9011846117765 15.414086324185 14.2190358902239 17.6436195167725 8.197454844007 3.12684729063998 0.98639455782364 2.10268590194751 5.02744546094327 6.04193056532987 6.77586206896272 10.520584095706 3.9733169129718 6 1.89021815622655 1 6.03125733051872 3 3.96053248886298 6.37068965517244 8.24982406755969 6 8 8 7.11206896551864 3.06251466103756 3 6.88793103448136 5.8489913206673 7.95918367346751 4 3.19974196575427 2.88793103448136 4 5.13570255688639 8 3.12080694346838 6 8 7.6644381890685 4 2 1.63945578231281 1.02592071311314 2.89795918367389 4 7.61007506450544 4 8 6.0510790523114
-9999 -9999 -9999 4 5.11875439831188 16.0132535772866 15.7038470560648 14.1293103448285 22.5731292517003 21.0941238564398 3.99507389162431 4.12755102040917 8.64068730940404 7.59166080224642 11.0119047618933 20.7413793103429 9.57776213933534 4.20730706075476 7.67346938775712 4 4.72003284072357 2 5 3.17945109078235 3.12931034482854 5 8.80553600750504 8 6.28923293455385 7 7.48569082805442 3.49753694581141 3 4.72261318320437 4 3.87068965517146 4 6.34693877550913 3.81527093595954 3 7 4 6 5.98416608022501 3 4 2 2 2.23129251700665 4 2.99648135116126 4.44868637109612 5.90763546797971 8 4.87068965517146
-9999 -9999 -9999 7.96633825944179 8.69493314567146 14.5399366643223 17.8534482758618 19.8624208304015 18 18 3.98275862069016 6.28911564625917 2.24524982406846 5.8534482758618 21.1599812338766 22.4296270232236 3.53993666432085 4.81896551724017 7.01595120806936 7.10573539760911 3 1 4.98979591836772 5 5.43965517241459 7.88335679099218 6 5.13857612010328 6.11963406052099 7 8 7 6.3581398076478 6 1 7 6.8534482758618 7.45566502463142 3 4 6.2264250527799 4.8534482758618 6 7 4.1096645554777 5 3 3 2 1.10204081632611 4 4.15646258503523 3.71428571428498 6 7
-9999 -9999 -9999 9 6 4.17634295097399 15.2083040112615 14.3824771287799 16.598639455782 16.8807764485104 5 4.51530612244851 4.83620689655165 20.2619634060536 20.2250762373913 4.33849401829738 5 8.63711001642064 7.74519117992074 4.16379310344835 3.70730706075448 2 2 7 4.72126436781659 7.59869809992853 8 7.00891391039195 5 9.574536711236 7.09564860426975 6.4285714285724 7 5 3 4 3 4 3 5 7 6.74472202674052 7 4 4 2.51765188834204 3.48979591836602 4 5.6427984987099 3.16379310344835 2.16379310344835 3.97437250762353 4 4.09582453671132 4.9108608960828
-9999 -9999 -9999 2 4.13370865587654 7 7.81896551724035 5.18103448275965 7.32870044569534 15.0593478770826 5.15517241379403 5.17610837438542 7.7091250293208 22.8267065446837 6.24876847290744 6.09113300492676 6 8.66707717569759 7.89115646258571 7.99630541871933 3.4846352334052 2.88722730471303 0 2.19458128078939 6.33333333333307 4.1440886699514 1.16748768472991 5.00985221674906 1.18367346938769 7.75123152709225 8 3 6.45689655172105 4 3.53571428571699 6 6 4.28413089373556 3 3 7 4 7.17980295566609 3 2.20613417780804 3.887931034482 7.40112596762684 5.04738447102828 4.67141684259865 6 3 3 3 3.33984283368459 3
-9999 -9999 -9999 6 3 4 5 3.19827586206952 2.47994370161801 4.08743842364613 2.1428571428569 4.21188130424588 4.11564625850418 14.1982758620695 7.04990616936527 5.50340136054494 3.49278676988061 7.19088669950693 8 9.19827586206952 7 1 3.24999999999954 6.19827586206952 10 6.83638282899308 6 4.40517241379143 3.55242786769697 4.06122448979533 6.19827586206952 5.34359605911384 2.65417546329075 3 3 6.73082336382771 4 4.83444757212912 3.68842364531884 2.18367346938939 7.21270232230831 3.86394557822958 4 3 3.20179451090694 4 4.79767769176527 5.72108843537438 3.04585972319972 5.7199155524277 4.02721088435272 2.80172413793048 3.71428571428498 3 1.54421768707317
-9999 -9999 -9999 2 7.78448275861719 2 4.21991555243091 5 4 4.94135585268494 5.88793103448345 6.21258503401717 8.91871921183377 15.755102040817 3 1 6.36734693877537 6.59770114942294 8.51642036125404 8.21551724138281 8.96639690358544 2 1 3.90030494956448 4 6 4.07482993197339 4 2.54327938072054 1.46100164203868 5.46710063335746 8 5.70068027210814 4.65106732347898 2.62016185785544 6 7.83139807646931 4.37156931737817 4.82266009851846 3.47495894909433 7 2.10673234811253 3 4.81087262490908 3.37678864649939 4 2.78448275861719 2.49835796387753 3 3 3.97278911564728 7.57271874266598 4.15394088670185 5.08210180624349 1
