rasters/Egypt_bio8.asc
NCOLS 147 
NROWS 116 
XLLCORNER 24.688652792 
YLLCORNER 21.99436916 
CELLSIZE 0.083059832122449 
NODATA_value -3.4e+38 
[rows 63 to 83 of 116, columns 49 to 97 of 147]
14.6071662902832 14.6256666183472 14.716833114624 14.6671667098999 14.4538326263428 14.0736665725708 14.0395002365112 14.1135005950928 14.078332901001 14.0144996643066 13.7896661758423 13.739333152771 13.8858337402344 13.9806661605835 14.2116661071777 14.2783336639404 14.2784996032715 14.3959999084473 14.5296669006348 14.5893335342407 14.6743335723877 14.6501665115356 14.6085004806519 14.6339998245239 14.5643329620361 14.4946670532227 14.4551668167114 14.3823337554932 14.2775001525879 14.1718330383301 14.2873334884644 14.328332901001 14.4673337936401 15.078332901001 15.9586668014526 16.2433338165283 16.0508327484131 15.8883333206177 14.3666667938232 20.1031665802002 19.974666595459 19.5053329467773 13.4511661529541 14.6508331298828 18.3853340148926 18.4839992523193 15.4941663742065 15.5356664657593 15.9391670227051
14.5836668014526 14.5883331298828 14.5853338241577 14.7385005950928 14.752833366394 14.668999671936 14.3374996185303 14.1248331069946 14.1168336868286 14.087833404541 13.9138336181641 13.7506666183472 13.8360004425049 13.9849996566772 14.1228332519531 14.2443332672119 14.2526664733887 14.3588333129883 14.4570007324219 14.5384998321533 14.5521659851074 14.5819997787476 14.5409994125366 14.6073331832886 14.5380001068115 14.559666633606 14.5023326873779 14.3826665878296 14.3000001907349 14.2768335342407 14.3901662826538 14.4276666641235 14.4601669311523 15.0398330688477 15.6286668777466 15.9191665649414 16.1801662445068 16.0346660614014 20.4190006256104 20.5376663208008 20.457332611084 20.0599994659424 19.2448329925537 23.5243339538574 19.8454990386963 15.6451663970947 15.7030000686646 16.0048332214355 16.0343341827393
14.6098327636719 14.5555000305176 14.5271663665771 14.6173334121704 14.8506660461426 14.8948335647583 14.9023332595825 14.889666557312 14.7948331832886 14.2761669158936 14.1451663970947 13.9808330535889 13.8734998703003 13.8959999084473 13.9926662445068 14.1319999694824 14.0921669006348 14.2870006561279 14.4411668777466 14.4598331451416 14.5114994049072 14.5441665649414 14.4793329238892 14.4805002212524 14.4728336334229 14.5076665878296 14.5136661529541 14.4773330688477 14.3953332901001 14.3494997024536 14.3871669769287 14.4715003967285 14.5524997711182 14.8498334884644 15.34983253479 14.1741666793823 14.4581670761108 20.2439994812012 20.4360008239746 20.4074993133545 20.4733333587646 19.8579998016357 19.4321670532227 20.1848335266113 20.5986671447754 20.7903327941895 16.3064994812012 16.2063331604004 15.985333442688
14.4063329696655 14.4948329925537 14.5069999694824 14.4676666259766 14.5544996261597 14.5883340835571 14.6861667633057 14.7668333053589 14.8261671066284 14.8391666412354 14.6164999008179 14.3758335113525 14.2343330383301 14.1246662139893 13.914999961853 13.9155006408691 13.9945001602173 14.1726665496826 14.4674997329712 14.5074996948242 14.4724998474121 14.4656667709351 14.4913330078125 14.433666229248 14.4049997329712 14.4861669540405 14.5511665344238 14.5326671600342 14.4503335952759 14.4253330230713 14.4063329696655 14.4619998931885 14.599666595459 14.6858329772949 13.6478338241577 13.929666519165 19.550666809082 19.8191661834717 20.492166519165 20.5170001983643 20.3446655273438 20.1686668395996 20.0036659240723 20.5911674499512 20.6358337402344 16.2094993591309 16.1401672363281 16.0715007781982 16.0611667633057
14.063666343689 14.2061672210693 14.1619997024536 14.1983327865601 14.3020000457764 14.3629999160767 14.4244995117188 14.4075002670288 14.3521671295166 14.3003339767456 14.36549949646 14.4253330230713 14.4491672515869 14.3850002288818 13.962833404541 13.7526664733887 14.0631666183472 14.6254997253418 15.4096670150757 15.5153331756592 15.0223331451416 14.9078330993652 15.0896663665771 14.8584995269775 14.4916667938232 14.4584999084473 14.4898338317871 14.5026664733887 14.4741668701172 14.5380001068115 14.4261665344238 14.4584999084473 14.5706663131714 14.7674999237061 13.5948333740234 19.2478332519531 19.4906673431396 19.9813327789307 20.4656658172607 20.6473331451416 20.5386657714844 20.4839992523193 20.6063327789307 20.6585006713867 20.7273330688477 20.5445003509521 15.6293334960938 15.7631664276123 16.1534996032715
13.4938335418701 13.8173332214355 14.0501670837402 13.8620004653931 13.8655004501343 14.051833152771 14.0808334350586 14.0311660766602 14.1508331298828 14.1106662750244 13.9418334960938 13.914999961853 13.9213333129883 13.9568328857422 14.0861663818359 14.3699998855591 14.4219999313354 14.5445003509521 14.7701663970947 15.1614999771118 15.4646663665771 15.8201665878296 16.1043338775635 15.4591665267944 14.5621671676636 14.4448328018188 14.4671669006348 14.5096664428711 14.5440006256104 14.6713333129883 14.5298328399658 14.5295000076294 14.6781663894653 14.8133335113525 19.1026668548584 19.1483325958252 19.2665004730225 19.7630004882812 20.2863330841064 20.3424987792969 20.2081661224365 20.6383323669434 20.666166305542 20.5786666870117 20.3018341064453 19.7431659698486 24.0568332672119 16.3824996948242 16.333667755127
13.0833339691162 13.3033332824707 13.5804996490479 13.675666809082 13.7178335189819 13.7436666488647 13.7755002975464 13.8090000152588 13.9108333587646 13.9573335647583 13.8983335494995 13.8946666717529 13.926833152771 14.2071666717529 14.2803335189819 14.146333694458 14.668999671936 14.5533332824707 14.2215003967285 14.555832862854 14.9291667938232 15.7086668014526 16.117166519165 15.4178333282471 14.614333152771 14.4079999923706 14.3331670761108 14.4479999542236 14.4858331680298 14.6301670074463 14.6376667022705 14.6153335571289 14.7904996871948 14.9350004196167 19.1459999084473 19.2446670532227 19.2416667938232 19.4911670684814 19.8811664581299 19.6903324127197 19.6733341217041 20.3000011444092 20.07200050354 19.5533332824707 23.8274993896484 23.8996658325195 16.1181659698486 16.7019996643066 16.5381660461426
13.3356666564941 13.449333190918 13.1619997024536 13.0161666870117 13.0625 13.125 13.1750001907349 13.1976671218872 13.2493333816528 13.2785005569458 13.3081665039062 13.4118328094482 13.6386661529541 13.6486663818359 13.6776666641235 14.2264995574951 14.5714998245239 14.7608337402344 14.47350025177 15.0019998550415 14.8004999160767 15.300666809082 16.3279991149902 16.0031661987305 14.7263336181641 14.3198337554932 14.3055000305176 14.4426670074463 14.5124998092651 14.5633335113525 14.5851669311523 14.6373329162598 14.8039999008179 14.9978332519531 19.2021656036377 19.2933330535889 19.2641677856445 19.3120002746582 19.5405006408691 19.5349998474121 19.4953327178955 19.6188335418701 19.5539989471436 19.3544998168945 23.7438335418701 24.1581649780273 16.5843334197998 16.7961673736572 16.7959995269775
15.2378330230713 15.4440002441406 15.3838329315186 14.6379995346069 13.2656669616699 12.9423332214355 13.0618333816528 13.2876663208008 13.2571668624878 13.2073335647583 13.1658334732056 13.2816667556763 13.5001668930054 14.0329999923706 14.345666885376 15.0054998397827 15.6176671981812 15.6241664886475 16.0098323822021 16.3388328552246 16.2091674804688 16.3159999847412 16.5406665802002 16.2906665802002 15.2616662979126 14.4858331680298 14.3571662902832 14.3449993133545 14.451000213623 14.4953336715698 14.5583333969116 14.6709995269775 14.7204999923706 14.7910003662109 19.121166229248 19.2369995117188 19.2681674957275 19.2391662597656 19.3056659698486 19.5341663360596 19.4529991149902 19.509334564209 19.421667098999 19.4680004119873 20.1406669616699 16.9206657409668 16.9973335266113 29.6943340301514 29.80299949646
15.6111669540405 15.7833337783813 15.6365003585815 14.5111665725708 14.4313335418701 14.8231658935547 15.0113334655762 14.9490003585815 13.7506666183472 13.3403329849243 13.3221664428711 13.352499961853 13.4253330230713 13.757999420166 13.7924995422363 14.2030000686646 15.0010004043579 16.0475006103516 16.1960010528564 16.3776664733887 15.8263339996338 16.3986663818359 16.7119998931885 16.4911670684814 15.6964998245239 14.5176668167114 14.3988332748413 14.3563327789307 14.4899997711182 14.5016660690308 14.5516662597656 14.5570001602173 14.5416669845581 14.5923328399658 18.8818321228027 18.9546661376953 18.9993324279785 19.0043334960938 18.9663333892822 19.0434989929199 19.2828330993652 19.3495006561279 19.6166667938232 20.6911659240723 17.1023330688477 17.0658340454102 17.0726661682129 29.9091663360596 29.6066665649414
15.5403327941895 15.7016668319702 15.8746662139893 15.918833732605 15.8565006256104 15.9995002746582 16.0851669311523 15.6145000457764 14.7084999084473 14.3783330917358 13.7118330001831 13.3431663513184 13.3070001602173 13.4603338241577 13.5446662902832 13.8526668548584 14.9309997558594 16.1321659088135 16.1564998626709 16.4020004272461 16.1508331298828 16.5921669006348 16.841833114624 16.5690002441406 16.0881671905518 14.4830007553101 14.3993330001831 14.3991661071777 14.4446668624878 14.4496669769287 14.4730005264282 14.4733333587646 14.5249996185303 14.548999786377 18.8481674194336 18.755500793457 18.8543338775635 18.84983253479 18.8196678161621 18.7169990539551 23.2896671295166 19.3106670379639 20.3638343811035 16.9095001220703 17.1585006713867 16.9360008239746 16.6686668395996 29.2568340301514 29.404167175293
15.2823333740234 15.3846673965454 15.6538333892822 15.7775001525879 15.8143329620361 15.9496669769287 16.0731658935547 16.0753326416016 15.9084997177124 15.0026664733887 13.9253330230713 13.2831659317017 13.3336668014526 13.539999961853 13.6558332443237 13.9856662750244 15.5750007629395 16.2199993133545 16.0709991455078 16.3080005645752 16.5593338012695 16.9268341064453 16.9441661834717 16.6671676635742 15.9693336486816 14.4606666564941 14.3994998931885 14.3421669006348 14.4350004196167 14.5434999465942 14.507833480835 14.5150003433228 14.5465002059937 14.5819997787476 14.6483335494995 18.7463340759277 18.7506656646729 18.8543338775635 18.7639999389648 23.2473335266113 23.1350002288818 23.6515007019043 16.017333984375 16.8101673126221 17.1781673431396 16.8055000305176 24.619499206543 24.4020004272461 24.7506656646729
15.0050001144409 15.0250005722046 15.2371664047241 15.5583333969116 15.6821660995483 15.761833190918 15.8513336181641 16.0393333435059 16.0073337554932 15.8999996185303 15.554666519165 14.5468330383301 13.8109998703003 13.7973327636719 14.0688333511353 15.3216667175293 16.1858329772949 16.2441673278809 16.1420001983643 16.4169998168945 16.6469993591309 17.0231666564941 17.1438331604004 16.7956657409668 15.8796663284302 14.5424995422363 14.47350025177 14.4169998168945 14.6016664505005 14.6506662368774 14.6641674041748 14.7143335342407 14.6894998550415 14.6168336868286 14.6348333358765 14.6738328933716 14.5083332061768 18.8121662139893 23.1476669311523 23.1748332977295 23.1269989013672 23.3333339691162 24.1284999847412 16.3841667175293 17.1240005493164 17.2379989624023 17.2159996032715 16.8883323669434 16.7323341369629
14.6038331985474 14.8315000534058 15.1006669998169 15.4501667022705 15.5526676177979 15.5959997177124 15.566333770752 15.5679998397827 15.7735004425049 16.1041660308838 16.1968326568604 16.1331672668457 16.0261669158936 15.9541664123535 15.9828329086304 16.1638336181641 16.2446670532227 16.220832824707 16.1293334960938 16.4465007781982 16.7376670837402 17.1081657409668 17.2746658325195 16.966833114624 15.7958335876465 14.6480007171631 14.5766668319702 14.5920000076294 14.632999420166 14.6433334350586 14.7111663818359 14.8091669082642 14.807333946228 14.8058338165283 14.8284997940063 14.7366666793823 14.7013330459595 14.7916669845581 23.4093341827393 23.2426662445068 23.3096656799316 23.2279987335205 23.5500011444092 24.1693325042725 17.1318340301514 17.3366661071777 17.4618339538574 17.2303333282471 25.1268329620361
14.8613328933716 14.9606666564941 15.085000038147 15.2786664962769 15.3116664886475 15.3094997406006 15.2131662368774 15.2805004119873 15.4713335037231 15.6511669158936 15.9653329849243 16.3138332366943 16.445333480835 16.367000579834 16.3264999389648 16.3081665039062 16.2223339080811 16.1698341369629 16.1319999694824 16.4713325500488 16.7903327941895 17.219165802002 17.2291679382324 16.9360008239746 16.5120010375977 15.0648336410522 14.6291666030884 14.6420001983643 14.7041664123535 14.8035001754761 14.738166809082 14.8563327789307 14.9348335266113 14.9748334884644 14.9378328323364 14.9125003814697 14.8556671142578 14.8383331298828 23.570499420166 23.5914993286133 23.5066680908203 23.558500289917 23.7736663818359 16.1806659698486 17.0748329162598 17.3010005950928 17.5518341064453 17.6773338317871 17.4476661682129
15.0130004882812 14.9991664886475 14.9794998168945 15.0254993438721 15.0516672134399 15.0551671981812 15.1455001831055 15.1926670074463 15.4171667098999 15.6486663818359 15.695333480835 15.8678331375122 16.0440006256104 16.0968322753906 16.1223335266113 16.1504993438721 16.2111663818359 16.1371669769287 16.166332244873 16.5133323669434 16.8528327941895 17.1903324127197 17.119499206543 16.9074993133545 16.8183326721191 16.076000213623 14.7476663589478 14.6625003814697 14.7186660766602 14.9554996490479 14.8465003967285 14.8894996643066 14.956000328064 14.992166519165 14.9965000152588 14.9558334350586 14.9294996261597 23.6865005493164 23.7075004577637 23.7590007781982 23.7281665802002 23.8134994506836 24.316499710083 16.6426658630371 16.9934997558594 17.238000869751 17.5796661376953 17.7493343353271 17.9011669158936
15.2084999084473 15.0316667556763 14.8699998855591 14.8016662597656 14.8934993743896 15.0766668319702 15.0019998550415 15.2521667480469 15.3435001373291 15.5278329849243 15.7416667938232 15.8091669082642 15.8463325500488 15.9398336410522 15.9574995040894 16.0093326568604 16.0814990997314 16.1685009002686 16.3104991912842 16.6205005645752 16.7861671447754 17.0931663513184 17.1049995422363 16.9381656646729 16.8519992828369 16.5973339080811 15.4619998931885 14.8701667785645 14.8773336410522 14.9358339309692 14.9661664962769 15.0241661071777 15.0093326568604 15.0229997634888 15.0161666870117 14.9938325881958 23.716833114624 23.7325000762939 23.7311668395996 23.7588329315186 23.8435001373291 23.8460006713867 23.9266662597656 24.4698333740234 16.880500793457 17.0943336486816 17.4908332824707 17.730167388916 17.8651657104492
15.2360000610352 14.9603328704834 14.7408332824707 14.7323341369629 14.9068336486816 14.977499961853 30.6711654663086 15.1373329162598 15.3043327331543 15.6738338470459 15.6266670227051 15.6711673736572 15.7386665344238 15.8020000457764 15.8393335342407 15.9576663970947 16.0428333282471 16.2271671295166 16.4908332824707 16.695499420166 16.8565006256104 17.1228332519531 17.1016654968262 16.9044990539551 16.718334197998 16.5833339691162 16.3233337402344 15.9499998092651 15.1946668624878 14.9011669158936 14.9411668777466 15.0908336639404 15.0651664733887 15.0710000991821 15.0614995956421 23.787166595459 23.7478332519531 23.7150001525879 23.6101665496826 23.654333114624 23.7383346557617 23.8489990234375 23.8993339538574 24.244499206543 16.7906665802002 17.0548324584961 17.4808330535889 17.6308326721191 17.8519992828369
14.9770002365112 30.5321674346924 30.4945011138916 30.517333984375 14.8435001373291 14.9116668701172 15.0244998931885 15.3506669998169 15.5625 15.6168336868286 15.5426664352417 15.5421667098999 15.5883331298828 15.6568336486816 15.8474998474121 15.9945001602173 16.170166015625 16.4096660614014 16.6511669158936 16.7116661071777 16.8718338012695 17.1553325653076 17.121000289917 16.9378337860107 16.5681667327881 16.4721660614014 16.4300003051758 16.2053337097168 15.3871669769287 15.0496664047241 14.9828329086304 15.0513334274292 15.1094999313354 15.1084995269775 15.0784997940063 23.8129997253418 23.7893333435059 23.7245006561279 23.6798324584961 23.7251663208008 23.7176666259766 23.8356666564941 24.1975002288818 24.7205009460449 16.8571662902832 17.1108341217041 17.49049949646 17.6306667327881 17.8034992218018
30.5248336791992 30.4991664886475 30.4688339233398 30.486499786377 14.9653329849243 15.0683336257935 15.3570003509521 15.5628328323364 15.5388336181641 15.4449996948242 15.4156665802002 15.4288330078125 15.5363330841064 15.7161664962769 15.9106664657593 16.0153331756592 16.2198333740234 16.5130004882812 16.6531677246094 16.6731662750244 16.8928337097168 17.2108325958252 17.405834197998 16.6938343048096 15.8784999847412 15.9658336639404 16.1476669311523 16.25 15.7751665115356 15.2836666107178 15.1005001068115 15.117166519165 15.1400003433228 15.1403331756592 15.11549949646 23.8873329162598 23.8424987792969 23.7550010681152 23.7395000457764 23.7721672058105 23.6948337554932 23.7636661529541 23.9850006103516 24.5139999389648 16.7573337554932 17.3028335571289 17.5378341674805 17.6529998779297 25.7320003509521
30.5901660919189 30.5455017089844 14.5721664428711 30.5504989624023 30.6226654052734 15.2080001831055 15.5413331985474 15.49049949646 15.4551668167114 15.371000289917 15.4108333587646 15.4958333969116 15.6529998779297 15.809666633606 15.9190006256104 16.0693340301514 16.2835006713867 16.5228328704834 16.6291656494141 16.8001670837402 16.9466667175293 17.25 17.5984992980957 16.3776664733887 15.3600006103516 15.3688335418701 15.7188329696655 15.9489994049072 15.7463331222534 15.3858337402344 15.2251663208008 15.2259998321533 15.1975002288818 15.1916666030884 15.1613330841064 23.8893337249756 23.884334564209 23.8174991607666 23.7823333740234 23.7503337860107 23.6065006256104 23.6218338012695 23.7273330688477 24.0453319549561 25.1805000305176 17.531665802002 17.6101665496826 25.8151664733887 25.7606658935547
