rasters/Egypt_bio8.asc
NCOLS 147 
NROWS 116 
XLLCORNER 24.688652792 
YLLCORNER 21.99436916 
CELLSIZE 0.083059832122449 
NODATA_value -3.4e+38 
[rows 42 to 62 of 116, columns 0 to 48 of 147]
-3.4e+38 -3.4e+38 -3.4e+38 -3.4e+38 14.4693336486816 14.4416666030884 14.4316663742065 14.3994998931885 14.3888330459595 14.3883333206177 14.3973331451416 14.3676671981812 14.3928337097168 14.4271669387817 14.4001665115356 14.4093332290649 14.4063339233398 14.3886661529541 14.3901662826538 14.4013328552246 14.4006671905518 14.3266658782959 14.2773332595825 14.2231664657593 14.1735000610352 14.1173334121704 14.0728330612183 14.0451669692993 14.0691661834717 14.0984992980957 14.1326665878296 14.1540002822876 14.1016664505005 14.1078338623047 14.0658330917358 14.02649974823 14.0018329620361 14.0263328552246 14.0381669998169 13.9435005187988 13.8528337478638 13.878999710083 13.8906669616699 13.8334999084473 13.6218338012695 13.6601667404175 14.176833152771 14.6134996414185 14.6274995803833
-3.4e+38 -3.4e+38 -3.4e+38 -3.4e+38 14.4851665496826 14.4423332214355 14.4126663208008 14.3900003433228 14.3804998397827 14.3745002746582 14.3594999313354 14.3571662902832 14.4083337783813 14.3978338241577 14.3774995803833 14.3966665267944 14.3991670608521 14.3774995803833 14.3889999389648 14.4010000228882 14.3898334503174 14.3308334350586 14.317666053772 14.269832611084 14.2243328094482 14.1458339691162 14.0326662063599 14.0136661529541 14.0511665344238 14.0524997711182 14.0970001220703 14.0606670379639 14.0488328933716 14.066499710083 14.0229997634888 13.9499998092651 13.8930006027222 13.8493337631226 13.8618335723877 13.9016666412354 13.9276666641235 13.9145002365112 13.8765001296997 13.8656663894653 13.6146669387817 13.6876668930054 14.1911668777466 14.8038330078125 14.8044996261597
-3.4e+38 -3.4e+38 -3.4e+38 -3.4e+38 14.4891672134399 14.454833984375 14.4288339614868 14.3891668319702 14.3920001983643 14.3625001907349 14.3544998168945 14.3599996566772 14.3863334655762 14.38450050354 14.3669996261597 14.3765001296997 14.3808326721191 14.3765001296997 14.3918333053589 14.3701667785645 14.3699998855591 14.3579998016357 14.3133335113525 14.2468338012695 14.1718330383301 14.107666015625 14.0383329391479 14.02649974823 14.0819997787476 14.1029996871948 14.109167098999 14.066499710083 14.0605001449585 14.0428333282471 13.9858331680298 13.877833366394 13.8521671295166 13.8241672515869 13.8688335418701 13.9169998168945 13.9721660614014 13.9693336486816 13.9553337097168 13.9464998245239 13.7506666183472 13.565333366394 14.1476669311523 14.716667175293 14.3691663742065
-3.4e+38 -3.4e+38 -3.4e+38 -3.4e+38 14.4738340377808 14.4288339614868 14.4365005493164 14.4056663513184 14.3740005493164 14.3538331985474 14.3501672744751 14.3474998474121 14.337833404541 14.3734998703003 14.3773326873779 14.3733329772949 14.3610000610352 14.3423328399658 14.3703327178955 14.3659992218018 14.3498334884644 14.3361663818359 14.2966661453247 14.2215003967285 14.1865005493164 14.1416664123535 14.0880002975464 14.1245002746582 14.1098327636719 14.0988330841064 14.0691661834717 14.0021667480469 14.0196666717529 14.0306663513184 13.9614992141724 13.9711666107178 14.011833190918 13.9823331832886 14.0059995651245 13.9678335189819 13.9473333358765 13.9836664199829 14.0380001068115 13.9611673355103 13.8236665725708 13.6198329925537 14.4126663208008 14.1196670532227 13.7541666030884
-3.4e+38 -3.4e+38 -3.4e+38 -3.4e+38 14.5036668777466 14.4513330459595 14.4235000610352 14.412166595459 14.3926668167114 14.3586673736572 14.3791666030884 14.3688335418701 14.3346672058105 14.3788328170776 14.3663330078125 14.3734998703003 14.3391666412354 14.3386669158936 14.3506669998169 14.3114995956421 14.2838325500488 14.3478336334229 14.3128337860107 14.2321662902832 14.2301664352417 14.1883335113525 14.1583337783813 14.1331663131714 14.0729999542236 14.0885000228882 14.0453338623047 14.0193328857422 13.997166633606 14.0226669311523 14.0190000534058 13.9811668395996 13.9666662216187 13.8833332061768 13.9713335037231 13.9986667633057 14.0311670303345 14.0531673431396 14.0458335876465 13.9358329772949 13.8986663818359 13.8621664047241 14.2799997329712 13.9048337936401 13.8748331069946
-3.4e+38 -3.4e+38 -3.4e+38 -3.4e+38 14.6085004806519 14.4884996414185 14.4518337249756 14.4188327789307 14.4061670303345 14.3883333206177 14.4154996871948 14.3809995651245 14.3428335189819 14.3441667556763 14.349666595459 14.3208332061768 14.329833984375 14.3035001754761 14.3386669158936 14.3020000457764 14.2541666030884 14.3393335342407 14.3493328094482 14.3135004043579 14.2921667098999 14.3263339996338 14.2921667098999 14.2560005187988 14.1686668395996 14.13450050354 14.1206665039062 14.0686664581299 14.0248327255249 13.9916658401489 13.9826669692993 13.9524993896484 13.9028329849243 13.8641662597656 13.8328332901001 13.8691663742065 14.0813331604004 14.1243333816528 14.048999786377 13.9858331680298 13.9393329620361 13.9996671676636 14.054666519165 14.0301666259766 14.0966663360596
-3.4e+38 -3.4e+38 -3.4e+38 -3.4e+38 14.701000213623 14.625 14.5001668930054 14.4329996109009 14.377833366394 14.3973331451416 14.400333404541 14.3316659927368 14.3158330917358 14.3125 14.301833152771 14.2933330535889 14.3101663589478 14.2948331832886 14.2994995117188 14.2556667327881 14.2806673049927 14.3374996185303 14.3835000991821 14.3955001831055 14.378833770752 14.3611660003662 14.3023328781128 14.2531661987305 14.1800003051758 14.1380004882812 14.081000328064 14.0133333206177 13.9700002670288 13.894832611084 13.8763332366943 13.827166557312 13.7263336181641 13.603666305542 13.5384998321533 13.6813335418701 14.0706663131714 14.1833333969116 14.1773338317871 14.0551671981812 13.9986667633057 13.9936666488647 14.1885004043579 13.9901666641235 13.8769998550415
-3.4e+38 -3.4e+38 -3.4e+38 -3.4e+38 14.7073335647583 14.6648330688477 14.5989999771118 14.5183334350586 14.404333114624 14.3678331375122 14.3404998779297 14.094500541687 14.320333480835 14.3269996643066 14.2959995269775 14.3043336868286 14.3013334274292 14.3126668930054 14.2803335189819 14.2428331375122 14.2593336105347 14.2811670303345 14.3448333740234 14.3728332519531 14.3955001831055 14.3944997787476 14.3576669692993 14.2315006256104 14.1275005340576 14.0841665267944 14.0418338775635 14.0298328399658 13.9795007705688 13.873833656311 13.7469997406006 13.6486663818359 13.5971670150757 13.570499420166 13.6484994888306 13.8681669235229 13.9238338470459 13.9604997634888 14.191333770752 14.0494995117188 14.1398334503174 14.3129997253418 14.4449996948242 13.9683332443237 13.966667175293
-3.4e+38 -3.4e+38 -3.4e+38 -3.4e+38 14.7244997024536 14.6593332290649 14.6273336410522 14.5100002288818 14.4654998779297 14.3680000305176 14.2550001144409 13.9326667785645 14.2976665496826 14.3013334274292 14.2876663208008 14.2889995574951 14.3026666641235 14.2988328933716 14.2840003967285 14.2519998550415 14.2285003662109 14.253833770752 14.28600025177 14.3316669464111 14.3859996795654 14.3688335418701 14.3258333206177 14.2208337783813 14.1073341369629 13.9896669387817 13.9465007781982 13.9338331222534 13.925666809082 13.8441667556763 13.6858329772949 13.6309995651245 13.6744995117188 13.7383337020874 13.820333480835 13.8806667327881 13.940333366394 14.176833152771 14.6833333969116 14.8433332443237 14.8240003585815 14.5375003814697 14.0805006027222 13.8486661911011 13.9191665649414
-3.4e+38 -3.4e+38 -3.4e+38 -3.4e+38 14.736499786377 14.658166885376 14.6136665344238 14.5716667175293 14.4526672363281 14.3221664428711 14.0646667480469 14.1890001296997 14.2661666870117 14.2508335113525 14.2876663208008 14.1733331680298 14.2718334197998 14.2786664962769 14.2366666793823 14.2123336791992 14.2038335800171 14.2123336791992 14.2476673126221 14.2576665878296 14.3263330459595 14.3074998855591 14.2621669769287 14.1380004882812 14.1335000991821 14.2026672363281 14.0418329238892 14.3065004348755 14.4365005493164 13.9736671447754 13.8839998245239 13.8343334197998 14.1241664886475 14.2296667098999 14.0498332977295 14.5174999237061 14.9026670455933 15.0646667480469 15.1718330383301 15.1316661834717 15.0434999465942 14.6161670684814 14.0611667633057 14.0069999694824 13.9709997177124
-339999999999999996123846586046231871488.000000000000000 -3.4e+38 -3.4e+38 -3.4e+38 14.6786661148071 14.6254997253418 14.5915002822876 14.5808334350586 14.569167137146 14.3689994812012 14.2718334197998 14.2778329849243 14.1764993667603 13.8734998703003 13.9244995117188 14.0769996643066 14.1724996566772 14.1846656799316 14.1735000610352 14.1856670379639 14.1830005645752 14.1881666183472 14.2111673355103 14.2296667098999 14.2601661682129 14.231333732605 14.1731672286987 14.1284999847412 14.7078332901001 14.7306661605835 14.706000328064 14.8269996643066 14.5471668243408 14.0935001373291 14.2371664047241 14.5074996948242 14.3623332977295 13.8138332366943 13.7541666030884 14.7193336486816 14.9941663742065 15.0748329162598 14.9816665649414 14.952166557312 14.9651670455933 15.025333404541 15.1774997711182 15.0004997253418 14.4643335342407
-3.4e+38 -3.4e+38 -3.4e+38 -3.4e+38 14.6586666107178 14.602499961853 14.5646667480469 14.5576667785645 14.5346670150757 14.3556661605835 14.3044996261597 14.2688331604004 14.2388334274292 13.9031667709351 13.7705001831055 13.9015007019043 13.9895000457764 14.1374998092651 14.1394996643066 14.1484994888306 14.147500038147 14.188666343689 14.2300004959106 14.2501668930054 14.2443332672119 14.1630001068115 14.1753330230713 14.1283330917358 14.7290000915527 14.7453336715698 14.6695003509521 14.6428337097168 14.429500579834 14.1898326873779 14.2515001296997 13.9903335571289 13.7586669921875 13.6731662750244 14.0691661834717 15.0603332519531 15.0869998931885 14.9891662597656 14.9228324890137 14.9213333129883 14.8126668930054 14.9309997558594 15.1070003509521 14.9840002059937 14.5426664352417
-3.4e+38 -3.4e+38 -3.4e+38 -3.4e+38 14.6400003433228 14.5891666412354 14.563666343689 14.5626668930054 14.4513330459595 14.3269996643066 14.2991666793823 14.2396669387817 14.2493333816528 14.1319999694824 13.9250001907349 13.9331665039062 14.0913333892822 14.1108331680298 14.0920000076294 14.1149997711182 14.0306663513184 13.9723329544067 13.9021663665771 14.141167640686 14.1654996871948 14.0836668014526 14.3004999160767 14.4271669387817 14.8093338012695 14.5325002670288 14.3528327941895 14.3320007324219 14.1321668624878 13.8951663970947 13.6821670532227 13.5226669311523 13.4874992370605 13.6363334655762 14.4123334884644 15.1319999694824 15.0886669158936 14.9870004653931 14.9005002975464 14.7919998168945 14.6381664276123 14.7988328933716 14.9910001754761 14.9815006256104 14.6140003204346
-3.4e+38 -3.4e+38 -3.4e+38 -3.4e+38 14.6145000457764 14.5749998092651 14.5888338088989 14.501166343689 14.36549949646 14.3094997406006 14.2828330993652 14.253833770752 14.3601665496826 14.1529998779297 13.8810005187988 14.0571660995483 14.0669994354248 14.0699996948242 14.082332611084 14.0500001907349 13.6225004196167 13.6744995117188 13.639500617981 13.7808332443237 14.0345001220703 14.1401672363281 14.15149974823 14.2495002746582 14.4116668701172 14.381667137146 14.1956672668457 14.175666809082 13.8641672134399 13.4841661453247 13.2259998321533 13.2411670684814 13.3691663742065 14.6218328475952 15.2443332672119 15.0853328704834 15.0153331756592 14.9134998321533 14.8056659698486 14.9405002593994 14.7878332138062 14.6545000076294 14.8141670227051 14.8651666641235 14.6718330383301
-3.4e+38 -3.4e+38 -3.4e+38 -3.4e+38 14.6293334960938 14.6108331680298 14.5666666030884 14.6350002288818 14.3256664276123 14.2986660003662 14.2754993438721 14.3526668548584 14.425666809082 14.1316661834717 13.8984994888306 14.0318336486816 14.0263328552246 14.0165004730225 14.033166885376 13.7469997406006 13.5795001983643 13.5626668930054 13.5718336105347 13.8606672286987 13.9984998703003 13.9650001525879 13.9511661529541 13.978666305542 14.0208330154419 14.0971670150757 14.0651664733887 14.063666343689 13.6394996643066 13.2533330917358 13.2054996490479 13.2350006103516 13.5236673355103 15.0450000762939 15.0896663665771 14.9350004196167 14.904167175293 14.889666557312 14.787166595459 14.9963340759277 14.8133335113525 14.6163330078125 14.5686664581299 14.5736665725708 14.8268337249756
-3.4e+38 -3.4e+38 -3.4e+38 -3.4e+38 14.6511669158936 14.6115007400513 14.474666595459 14.3280000686646 14.3105001449585 14.2743330001831 14.4246673583984 14.497166633606 14.4490003585815 14.1121664047241 14.0179996490479 13.985333442688 13.9711666107178 13.9693326950073 13.8698329925537 13.7423334121704 13.6176662445068 13.5819997787476 13.7395000457764 13.9548330307007 13.9455003738403 13.9088335037231 13.8323335647583 13.7561664581299 13.7956666946411 13.7854995727539 13.7534999847412 13.7758340835571 13.933500289917 13.4653329849243 13.3818330764771 13.5694999694824 14.5643329620361 15.191333770752 15.1239995956421 14.9499998092651 14.8400001525879 14.7908334732056 14.9488334655762 14.9318332672119 14.8066663742065 14.6933336257935 14.5883331298828 14.5714998245239 14.775333404541
-3.4e+38 -3.4e+38 -3.4e+38 -3.4e+38 14.6805000305176 14.5904998779297 14.3811664581299 14.3116664886475 14.296332359314 14.3273334503174 14.5654993057251 14.5221672058105 14.3348331451416 14.0181665420532 13.9768333435059 13.9571666717529 13.9464998245239 13.8428335189819 13.9046669006348 13.9613332748413 13.6068334579468 13.6175003051758 13.8739995956421 13.9141664505005 13.9168338775635 13.9305000305176 13.917667388916 13.8410005569458 14.0311660766602 13.9771661758423 13.7476663589478 13.5791664123535 13.9503335952759 14.1051664352417 14.4058332443237 14.7771673202515 14.8295001983643 15.0029993057251 15.0184993743896 14.8273334503174 14.7608337402344 14.6774997711182 14.6555004119873 14.9056663513184 14.7746667861938 14.6834993362427 14.6190004348755 14.6201667785645 14.6750001907349
-3.4e+38 -3.4e+38 -3.4e+38 -3.4e+38 14.6840000152588 14.4340000152588 14.3570003509521 14.3111667633057 14.3233327865601 14.5666666030884 14.4783334732056 14.5179996490479 14.1614999771118 13.9945001602173 13.962833404541 13.9321660995483 13.9373331069946 13.8023338317871 14.0944995880127 13.9703330993652 13.6101675033569 13.7545003890991 13.8920001983643 13.878999710083 13.8846664428711 13.9020004272461 13.9090003967285 13.9098339080811 13.8991670608521 13.7895002365112 13.675666809082 13.6928329467773 13.7051668167114 13.6833333969116 13.9033336639404 14.0165004730225 14.2094993591309 14.6151666641235 14.6949996948242 14.6405000686646 14.6496667861938 14.6576671600342 14.6583337783813 14.8831663131714 14.7248334884644 14.6584997177124 14.6371669769287 14.6061668395996 14.5361671447754
-3.4e+38 -3.4e+38 -3.4e+38 -3.4e+38 14.5656671524048 14.34850025177 14.3401660919189 14.3141660690308 14.4373331069946 14.5646667480469 14.3715000152588 14.2370004653931 14.0091667175293 13.9785003662109 13.96399974823 13.9326667785645 14.1211671829224 13.9800004959106 13.8009996414185 13.8541669845581 13.7681665420532 13.8551664352417 13.8695001602173 13.8446664810181 13.856333732605 13.8793334960938 14.1401662826538 13.8968334197998 13.9020004272461 13.8531665802002 13.7023334503174 13.7173328399658 13.7221670150757 13.9721670150757 13.9086666107178 13.7305002212524 13.8071670532227 14.2693328857422 14.5391664505005 14.4821672439575 14.5766668319702 14.5886659622192 14.767333984375 14.8073329925537 14.7544994354248 14.6190004348755 14.5993328094482 14.5395002365112 14.5065002441406
-3.4e+38 -3.4e+38 -3.4e+38 -3.4e+38 14.4186668395996 14.3109998703003 14.301833152771 14.3330001831055 14.628999710083 14.5621671676636 14.2319993972778 14.0421667098999 13.9724998474121 13.9428329467773 13.9171667098999 13.9728336334229 13.9733333587646 14.1573333740234 13.8818330764771 13.765832901001 13.8409996032715 13.8474998474121 13.8420000076294 13.819167137146 13.8168334960938 14.0826663970947 14.0799999237061 14.0950002670288 13.8801670074463 13.8581666946411 13.8393335342407 13.8743333816528 14.1275005340576 14.1818332672119 14.4551668167114 14.5496664047241 14.4434995651245 14.1781663894653 14.4689998626709 14.4446668624878 14.5745000839233 14.886833190918 14.8699998855591 14.7486667633057 14.7591667175293 14.7426662445068 14.6548328399658 14.5694999694824 14.5273332595825
-3.4e+38 -3.4e+38 -3.4e+38 -3.4e+38 14.3628330230713 14.3131666183472 14.3246660232544 14.5056667327881 14.5458335876465 14.2638330459595 14.0454998016357 13.9978332519531 13.9359998703003 13.9069995880127 13.9834995269775 14.3435001373291 13.8245000839233 14.0156669616699 13.8386669158936 13.8201665878296 13.8463335037231 13.8218326568604 13.8063335418701 13.7961664199829 14.0590000152588 13.9986667633057 13.989333152771 14.002833366394 13.9031667709351 13.9053335189819 13.890832901001 14.1268329620361 14.3229999542236 14.1850004196167 14.3891658782959 14.837833404541 14.7418327331543 14.3736667633057 13.9609994888306 14.011833190918 14.1901664733887 14.5246667861938 14.7798337936401 14.7185001373291 14.7251663208008 14.8151664733887 14.6528339385986 14.5953330993652 14.5906667709351
