rasters/Egypt_SNDPPT_M_sl2_250m_ll.asc
NCOLS 147 
NROWS 116 
XLLCORNER 24.688652792 
YLLCORNER 21.99436916 
CELLSIZE 0.083059832122449 
NODATA_value -9999 
[rows 46 to 68 of 116, columns 52 to 103 of 147]
95.0160098522155 94.8747947454847 90.9382477128805 88.3754398311038 94.6982758620695 87.3697513488156 93.2070724841587 86.9523809523878 91.2517593244197 88.479767769176 88.4037649542582 86.6034482758609 85.2825475017609 96 95.933497536947 96.8432441942292 97.6192821956388 97.3372624912029 95.4275158339215 92.5957658925646 88.7804949566028 40.6982758620723 37.529263429511 66.7212643678098 92.4864532019696 91.3372624912017 96.6462585034027 93.5415200562987 82.9047619047604 82.2914614121514 86.454785362422 88.097466572835 85.6982758620695 84 87.6982758620695 88.9207717569753 86.3017241379305 74.0680272108851 78.2422003284074 81.6629134412379 78.0516068496374 63.2448979591851 78.6120689655183 72.0472085385876 64.733696927046 59.7959183673447 53.1583978418925 54.0517827820799 58.2549261083746 56.2454844006575 54.0948275862086 58.2002111189338
95 91.7173938540938 93.8264133239504 97 90.6810344827579 94.9783016654935 93.4218859957828 90 87.8516303072951 89.6484869809976 93.1844358433034 87.4248768472905 83.0610485573557 88.3884588318031 88.3271756978655 96.5281491907102 93.2994370161877 98 97 89.5566502463058 52.394264602395 40.6810344827579 46.2538705137252 80.774337321133 88.45179451091 91.8691062631992 95.6727070138393 94.2473610133713 95.6465517241368 83.3529791226812 84.7331104855727 82.5181796856682 82.4217687074825 83.9674524982396 88.3613065916015 85 87.6588669950736 83.2011494252897 79 79.9034130893734 72.3375557119424 80.4692118226604 53.091133004926 86.6243842364529 72.9727891156472 76.38845883181 50.076647900536 63.8003166783992 53.9176636171795 57.100164203613 58.850281491905 65.1493666432173
94.0960591133008 91.8871100164201 94.1829697396195 96 93.1966338259442 96 91.3768472906424 89.8735632183899 87.7712878254749 92.7019704433508 89 92.5458597232024 90.7186840253338 88.9545507858356 86.6958128078809 94.4459887403239 92.3362068965519 95 96.7239619985908 85.5936547032548 45.034248182031 39.6724137931016 42.8209007741019 81.0846821487211 84.401653764955 90.6568144499162 94 92.7392681210414 87.0303776683091 84.2904644616509 87.3362068965519 85.2925170068032 84.8581984517946 83.8233638282899 87.7877668308704 79.6551724137923 81.3849401829701 83.9405934787707 80.2029087497111 74.4567206192809 79.9412972085373 70.7295918367348 72.5714285714266 75.1770466807393 86.3000821018077 86.8335679099242 76.9622331691269 54.5425756509501 48.1739971850795 55.0447454844005 60.251583391977 62.7862420830385
97 93 92 92.047853624204 96.1749354914315 95.043983110486 94 95.1904761904776 91.1130072718747 93.7097114707968 90.3738564391268 91 94.942294159043 90.0439831104816 93 92.7755102040815 90.2714637579154 88.0439831104882 95.1370513722729 91.3378489326769 58.6256157635323 43.9396551724124 88.8707482993195 83.2620806943482 82.7492962702329 85.1063804832396 90.4181327703467 92.7322308233634 82.8370279146158 78.6925873797741 84.9547853624259 86.6642036124793 86.3534482758635 85.0065095003578 85.2067206192817 82.5233990147763 82.3534482758635 82.7145789350216 85.6371686605709 74.8228360309717 74.705019939022 73.448862303546 68.336206896552 67.0606380483198 81.5862068965459 67.0066854327935 73.8170889045325 46.653999530849 64.8903940886786 52.2655993431841 61.3820666197496 62.7690007037269
97.89408866995 95.675815153648 90.6575181796876 92 89.370689655174 96 92 90.929392446633 89.5718977246081 89.5650950035153 91.8504574243508 91.1235632183952 89.3101688951459 90.5650950035228 91.6646141215085 91 87.4621745249825 85.3251231527167 90.4709711470794 92.4502697630744 61.1438540933587 45.2586206896492 77.4801782782157 80.258620689652 80.6808585503199 84.1916490734243 89.1696575181772 87.6342364532021 88.9400656814442 87.1843771991444 80.9910274454658 85.7074829931968 90.4797677691768 84.6532371569317 86.7542810227485 78 81.9387755102048 78.8199038235929 81.370689655174 83.172765657988 81.1416256157776 79.8461764015943 77.033251231534 64.6873094065197 68.370689655174 77.6852568613551 86.8285245132539 49.6692470091521 61.3281140042156 49.4236453201989 51.8740910157224 54.1541168191393
92.3497536945825 95.9049964813515 95 91 90.4913206661983 94.0680272108851 93 91.685960591134 92 90.7251935256868 90.7078348580824 90 86.551196340604 87.1582219094524 86.4462233169113 90.3011963406038 89.6044452263652 86.1533544452236 90.3877551020389 93.6412151067341 90 39.0000000000062 41.8707482993195 41.4035303776684 82.2246657283605 87.2317616701877 83 87.3983110485583 87.9417077175688 79.0680272108784 85.4488036593961 83.501407459535 84.8702205019944 85.5114356087266 81.2765071545865 87.685960591134 76.4491555242774 80 77.3437133474076 82.6616819141422 70.9116232700002 76.9408866995109 82.2709359605916 75.4230002345761 62 63.7515833919815 92.0518414262256 51.4517358667642 60.2366291344119 50.1477832512313 47.5144264602392 51.8775510204095
98 89.9330283837676 95 89.3265306122446 92.9200680272111 88.0275627492379 89.20285010556 94.5948275862069 94.4051724137931 92.4567206192812 93.4851630307294 89 89.6780436312462 89.4456368754363 82.4618226600974 81.9438775510205 86.3122214403004 88.2094768942064 88.8838845883178 93.5877316443838 94.9117405582925 92.0000000000003 50.5703143326295 39.0419305653312 49.2306474313862 41.5948275862069 45.0206427398456 75.4445812807882 73.5595238095264 86.440065681442 88.158691062632 90.8184377199152 85.0612244897957 88.4489795918352 86.3197278911564 87.3924466338215 83.0248064743136 86.4183087027895 75.0055125498515 80.9167839549616 77.5679685667409 83.1583391977478 78.8608374384221 75.6870748299329 75.2006802721084 70.2040816326553 75.4146141215063 63.1388693408407 49.4644616467304 53.7877668308704 44.744546094301 51.6676636171701
96.3682266009848 93.6471968097584 96.577586206897 92.1885995777621 91.113945578231 88.577586206897 92.6878958479936 94 90.1321839080448 91.9303307529907 90.422413793103 89 89.9057002111193 88.4080459770123 85.7984400656813 82.6724137931038 83.2729885057474 92.7210297912272 92.5515482054862 91 91 93.4224137931016 90.8389631714741 72.9824067558014 47.732758620691 47.4894440534836 44.3927984987133 59.196868402533 91 90.039291578697 93.732758620691 81.6430917194457 86.7563922120573 88.9568965517229 87.6394557823128 82.6227422003288 81 85.0584095707247 87.422413793103 81.6400422237827 75.5442176870781 82.7518179685673 77.0603448275913 78.4425287356334 69.965341308934 70.1826178747391 69.5201149425276 52.9066971616229 55.7844827586215 61.8637110016415 53.0925991086054 56.7517593244178
90.9027093596071 90.1242083040122 94.5603448275854 99.6226249120341 93.2941590429257 90.9618813042455 92.5186488388434 92.4626436781616 95.1199272812582 90.8886347642498 91.5782312925175 89.742786769881 84.1009852216736 85.5603448275854 86.4511494252878 86.0884940182943 87 86.3189655172438 88.7088318085876 88.855148956135 91.3260028149194 90.4396551724123 93.382828993667 88.4708538587851 88.5582336382829 71.9757213230186 37.9730823363845 37.313863476426 89.8793103448292 87.048967863003 89.4885643912731 89.1639103917429 87.7457776213927 89.1880717804383 88.1199272812582 81.6301313628921 91.3515130190025 87.1974548440048 83.6505981703012 82.694933145673 78.0635702556918 79.6680154820549 81.3534482758639 76.4288060051634 67.4004808820101 68.7447220267416 76.7916373445907 63.0813394323254 55.2153413089383 53.1847290640395 52.845941825004 44.4231175228722
89.3263546798041 88.3177339901467 95.912678864653 95.2684729064063 93.2142857142843 93 95.9720267417298 95 93.5221674876901 92.0395847994314 89.3651184611701 90.2813159746682 79.1632653061217 88.0524865118414 85.6120689655156 86.1025686136529 89.8106380483235 90.078583157401 92.5096762843065 89.1181093126906 93 87.8275862069039 88.060110250996 92.4249941355832 95.2804363124463 93.7637813746165 77.732230823362 41.1104855735421 42.5784072249581 84 89.2519352568599 84.835620455077 86.8048322777466 90.2359254046394 88.4568965517262 80.2068965517248 86.4289232934575 82.099108608962 77.3044217687041 80.011083743841 77.408866995075 84.585034013605 83.1637931034455 75.6180506685372 75.9137931034523 67 80 73.4009500351771 58.011083743841 58.1313628899886 54.0465048088222 44.2514074595342
88 90.4149659863943 85.3562631949308 95.5089725545391 97.5258620689657 98 96.9836382829007 90.23234811166 90.7098287590901 91 93.5782312925175 89.6796856673699 92 90 91.3370279146154 91.7755102040815 92.3064156697167 91.7977363359145 88.8684025334333 91.4829931972812 90.0612831339433 93.5258620689665 87 92.0133708655876 89 94.7798498709816 95.3915669716173 41.3129838142155 37.9548440065674 46.5561810931292 89.240675580576 92.7011494252879 90.3483462350463 83.0517241379313 85.5258620689657 91.5258620689657 93.9387755102048 82.5619868637121 77.000293220735 86 84.9397138165594 87.2773868167954 80.3534482758625 81.7774454609438 78.4442294159074 75.4846938775511 73.6120103213666 63.8677574478058 59.422413793103 65.799671592775 57.7420830401186 56.9482758620687
91 92 88.0528383767281 88.8295214637575 89.3945578231281 90.4233520994599 95.5364180154855 97.093596059114 95 84.0673821252649 93.2841308937371 88.3648838845886 95.4139690358907 90.9832864180169 91.5899014778307 91 84.9655172413802 89.2195050433967 88.8791344123839 90.9916138869362 85.190534834624 90.9827586206884 87.7414965986389 93.3425991086122 90.1905348346235 94 94 75.0478536242071 35.8875205254505 38.4406521229228 43.7007389162545 87.2803190241622 91.4841074360783 88.71199859254 89.3342716396905 91 84.5096762843066 81.1026272578008 85 86.7023223082321 82.296680741264 78.5431034482748 87.3435960591107 84.4693877551006 76.5773516303046 71.8495777621376 72.5046328876377 66.6747595589957 75.7800844475688 61.8928571428581 53.3658221909529 47.0622800844468
92.2007389162544 93.4913793103442 87.0884353741463 91.3309289232932 90.5917194463985 88 87.9398311048532 92.0139573070617 90.1135937133454 90.788881069671 86 84.9326765188811 94.4913793103442 93.5080928923272 88.5225779967176 88.2366291344131 89.5698451794477 93.7626671358206 91.6885995777608 93.2585034013594 97 95.5086206896566 91 87.7454257565074 84.2874736101325 90 93 90.8896903589023 45.6970443349695 40.0513136288954 55.3569669247031 98.4913793103442 89.0099695050441 83.0251583391974 80.6456720619286 83.8891625615746 90.9354327938051 86.5927163969061 84.3944405348351 81.976776917662 81.7854210649792 87.0374149659891 85.5788177339921 85.1591602158102 85.0133708655871 72.3268824771337 69.7687074829947 75.4913793103442 66.2491203377912 61 53.8926812104194 52.4463406052089
95.3608374384233 88.6546446164671 93 86.0072132301192 85.8962585034016 93 93.9482758620687 91.7229064039427 96.3742669481588 89.6850809289211 88.3047149894444 85.7237274220002 90.1284306826169 98 92.6194581280758 91.2718156228008 90.3064156697167 94.5097349284533 92 85.543748533894 85.0679685667372 93.0517241379304 85.8027797325823 87.7414965986406 91 87.27011494253 93.539760731877 93.7387403237158 89.1420361247965 43.5421651419127 42.6991555242795 40.4678043631254 79.2217921651417 91.738740323715 84.6091954022985 91.9712643678159 90.4160802251941 90.4096293689882 86.1972789115627 83.5772343420126 84.7419657518176 80.5525451559947 87.5024630541897 86.5564156697158 83.1522402064262 72.053659394793 86.1972789115642 71.2901712409088 71.7834271639699 65 54.2097701149439 53.7190358902152
91.6120689655172 89.0419305653292 92.5442176870732 87.0188247712878 90.1763429509743 88.4568965517235 88.6020408163322 88.9129720853854 89.8539174290408 98.4489795918352 91.1077292986149 84.1169364297469 90.4709711470791 94.8824184846456 92.5086206896536 96.4568965517235 93.8078817733995 95.5431034482765 90 90 84.6133004926117 91.0000000000008 82.4568965517235 82.5528383767333 83.9115059817031 84.2778559699755 86.298029556648 93.3464109781847 92.1559934318574 87.9970677926345 43.310168895143 41.5479709125006 42.9636406286648 58.6460239268152 89.6891860192357 86.5266830870282 88.3706896551706 83.3706896551706 74.1933497536948 83.2165728360307 84.7155172413823 82.4926694815857 85.3017241379308 86.3584330283832 83.0962936898905 85.6205137227321 93.2256040347182 86.7909336148275 76.4568965517235 69.6309523809516 53 52.476600985223
97.4396551724146 97.4897372742201 92.5603448275854 92.692470091483 87.3078231292506 86.180506685432 89 88.3419540229907 86.7979709125031 89.1113652357502 98.1854327938073 94.5603448275854 92.1727656579859 85.5752990851492 89.8793103448292 89.8742083040114 90.1982172179206 94 93.4324419422896 89.144851043865 84.3189068730914 87.999999999999 80.9205371803914 85.0703143326277 92.046798029556 85.9850457424324 85.7933966690119 85 87.0952380952396 97 75.2445460942982 65.8175580577059 45.5465048088168 44.634060520758 78.8390804597695 86.4006568144502 87.0490851513011 83.7789702087719 86.9132653061232 82.0584095707215 86.321076706543 84.7593244194249 88.1440886699467 83.1456720619238 83.7956837907594 87.0571780436318 87.1206896551708 90.7643091719457 83.050140745954 81 70.9566033309868 77.1574595355423
93.559113300491 92.0707834858061 89.7367464227059 84.6282547501766 87.5442176870758 90.1810344827564 86.9741379310334 86.577586206897 89.2406169364302 80.612068965516 94.5782312925175 93.2925170068015 94.1632653061217 92.4617053718 97.5373563218403 94.5520760028146 93.5422237860689 87.9181327703533 93.3189655172413 81.4282782078358 83.7873563218405 81.999999999999 84.6321839080465 86.9054069903843 87.48275862069 87.2040229885043 82.7011494252888 79.2244897959185 87.4774220032846 90.1839080459754 91.7408515130187 74.6430917194457 39.6443232465408 42 86.6802721088436 84.0681444991869 82.345707248418 83.4415317851268 70.6868988974918 85.7037297677713 87.732758620691 91.4510321369904 89.9076354679799 85.952439596529 89.8647665962921 74.4324419422931 81.3247126436784 86.3074712643681 86.1034482758635 78.8760262725784 75.6389866291403 75.196516537649
92.8300492610833 97.2370396434437 94.4577762139319 89.5328993666433 84.3252404410042 84.8230119634084 90.5219915552395 83.5587027914611 85.1901829697396 87.3715693173815 92.1542927515837 88.4208304011267 90.5425756509492 92.9797677691784 91.728653530375 96.5387051372274 92.2866525920703 94.0340136054443 96.8428923293463 92.4541989209475 82.217511142388 88 84.5669716162326 84.1047384471025 84.2070724841663 86 84.9536711236214 86.2716396903589 85.1904761904793 83.6086089608245 95 88.9958362655395 69.6568730940619 42.9224137930984 48.4895613417782 79.6954022988469 73.355559465166 86.8396082570965 74.9863945578134 82.7324067558077 89 87.2683556181093 88.5209359605936 87.565153647666 84.0272108843528 78.7382125263914 90.2312925170054 82.4696223316939 76.903237156932 75 77.3946164672716 60.1219211822651
93.1748768472914 95.6752287121787 94.3330987567437 86.8654116819143 93 89.292165141922 84.1400422237815 89.8834154351385 84.8043044804125 84.3358550316672 88.6460825709584 88 88 82.3615411681926 93.0123152709423 94.0870865587612 91.7416725310788 91.7786183438881 92.4748416608015 92.6120689655184 89.179392446634 87.6120689655167 85.5329580107914 86.5461529439346 84.8627726952835 85.8126319493331 87 80.7758620689631 80.4585385878475 86.6328876378132 93 83.4323246540046 91.2846586910681 44.0110837438385 47.5119634060505 40.5045155993431 43.4628782547483 74.4045273281665 80.3448862303557 84.2730471498963 78.7004456955179 85.5579990616915 85.1514778325147 85.7517593244224 79.0377668308689 78.1470795214603 87.5089725545409 90.195460942993 78.898135116113 76.3809523809524 77.6120689655184 62.1498944405334
90.8940886699507 90.4149659863943 86 93 89.3589021815639 95 92.0158339197756 87.0706075533665 85.6293103448283 92 85 86.2925170068015 86.682441942297 83.9659863945608 92.6646141215106 92.3958479943689 95 91.1463171475505 89 89.7704668074131 87.404116819141 81.9999999999995 87.5479709125034 90.4666314801795 88.373152709358 87.291344123853 86.5018179685652 84.0239268121031 90 92 90.790640394088 89.2925170068032 94.8947337555719 90.2042575650951 77.063746188126 41.119868637111 41.6134764250536 49.173000234577 82.6903589021803 78.831104855734 82.1689537884112 78.7413793103434 42.4544334975398 39.2181562280098 64.6020994604756 87.6771639690336 87.1130659160238 82.8735632183857 83.3631245601691 67.0455665024637 77.8484048791998 71.0487332864209
92.881773399016 92.6217452498231 94.9412385643943 92.6465517241393 90.3534482758607 92.0439831104861 89.3318085855009 92.7902298850598 92.4664555477345 89.3562631949349 85.4770701383998 82.6465517241393 81.8728008444686 84.9439948393199 82.9252873563151 90.5418719211813 88.0785831573958 90.6877199155525 91 95 92.5629838142164 86.646551724136 88 83.2209125029351 85.8286418015477 86.182735163031 85.7712878254754 86.033427163966 82 83.6245601688984 85.7042575650959 91.4574243490506 90.1271991555267 93.5121393384915 64.4134412385652 88.4675697865346 46.838845883186 44 -9999 89.2243138634758 38.732817264835 47.111834388923 46.2931034482786 60.8882242552087 71.8664672765555 43.2501759324435 87.3534482758607 84.8125733051821 77.5086206896685 73.3809523809524 70.3820666197545 69.9208304011267
93.7167487684714 93.4721440300256 95.4894440534827 96.220619282197 92.1240323715713 91 90.3974313863494 84.6637931034492 92.3362068965508 89.840429275162 93.5219915552443 82.2378606615057 83.0462702322332 89 90.7668308702757 83.4509148486977 87.9824653999535 88.4562514661025 89.2573891625607 92.6637931034492 86.5077996715925 89 87 89 81.9451090781144 86.0451559934393 85.4114473375576 81.8147431386354 83.4704433497525 86.7855969974079 83 80.9588318085861 91.8631832043152 94.6637931034492 85.3523340370614 89.8735632183897 67.8555594651616 53.5180037532264 42.1326530612228 46.8891625615754 38.791989209475 71.7029673938515 86.137931034485 90.6125381186965 82.5557705841055 47.528325123152 49.4712057236631 79.0243373211353 78.6748768472894 77.0147783251235 71.0846235045747 67.4998240675552
92.0270935960611 94.9205371803903 91.3104034717343 93 91.7093596059122 90.9783016654935 95.2994370161856 90.6810344827579 88.6802721088436 87.3752638986635 87.8654703260613 93.282606145908 82.7762139338466 87.0557119399435 90.0849753694652 95.4718508092898 96.8871686605679 93.6810344827579 92.3620689655159 91 88.2585034013611 84.6810344827568 85 85 87 83.176342950972 82.318965517242 86.5434553131605 85.9392446633815 86.0108491672522 83.3029556650238 90.7478888106962 88.1654937837181 88.9111541168182 94.7536945812817 88.1297208538596 90.5833919774784 88.6220971147088 72.3083509265777 69.2426108374463 86.4137344592992 89.1613886934098 93.0763546798026 86.3916842599082 75.942939244665 47.5705489092196 57.8257682383285 81.1165259207127 85.5036945812803 88.1165845648602 76.3428336852007 79.4466924700905
