rasters/Egypt_CLYPPT_M_sl2_250m_ll.asc
NCOLS 147 
NROWS 116 
XLLCORNER 24.688652792 
YLLCORNER 21.99436916 
CELLSIZE 0.083059832122449 
NODATA_value -9999 
[rows 25 to 49 of 116, columns 55 to 109 of 147]
5.95935960591185 3.31040347173354 5.06034482758541 10 10.9885057471265 11 5.93965517241459 4.93965517241459 5.98234811165876 7.94950738916318 8.0659746657226 7.19622331690905 8.83585503166694 10.2590311986831 17.0291461412147 15.9532019704442 15.0603448275854 17.1895965282659 16.9396551724196 29.5157166314826 25.0447454844001 26.070197044334 17 22.6676049730247 20.2983814215333 10.9708538587826 6.21094299788386 18.1108374384222 21.9396551724146 18.9198920947669 15.9334975369465 7.36077879427574 19.1543513957389 10.8821252639001 5.88341543514115 24.2941590429245 26.7959183673465 24.9778325123157 -9999 -9999 -9999 -9999 8.05418719211745 9 6.8971968097543 4.12068965517083 11.6420361247944 11.1913558526888 8.94704433497598 10.0607553366165 10.0603448275854 10.1773399014751 9.62925170068042 11.4950738916241 22.524454609422
5.02902885292142 3.99149659863921 6.67540464461047 5.79662209710692 4.81773399014673 4.97067792634201 5.57037297677897 9 8.3535069200102 8.03606615059936 7.03254750175642 11.9096880131335 10.9568965517228 25.9595355383518 23 -9999 -9999 30.6178160919534 26.0431034482787 25.247361013371 24.7866525920681 27.284834623501 22.4844593009593 24.6922355148925 25.1196340605246 8.95689655172276 6.96745249824357 17.9859254046442 20.2494135585259 22.1315388224257 22.0976425052807 10.5825709594163 12.7910509031181 14.1447923997205 19.9568965517228 20.4722613183191 15.1926460239263 10.5207600281494 24.1732934553124 -9999 -9999 -9999 12.238388458835 8.93373211353282 19.2824302134666 3.97642505277592 21.5821018062386 10.6758151536573 10.3136875439773 10.0068027210865 10.0870865587585 16.4060520759979 9.99091015716598 10.9905582922971 10.3583743842355
3.98258268824761 6.19727891156405 5.02586206896566 6 5 2.97220267417308 9.59113300492787 9.94422941590395 10.3291109547257 10.1590429275151 11.024982406756 8.06937602627056 10 10 22.541989209478 22.9899718508093 21.271874266947 24.8065329580102 23.0258620689656 22.8740910157164 25.4902650715435 22.7496481351155 27.5832746891996 29 16.9282195636871 10.0024630541872 6.02586206896567 20.1764602392675 19.6967511142383 18.3878137461874 19.4516185784645 18.965869106263 10.9839901477832 20.844827586206 10.1371100164208 18.423821252645 19 21.8716279615272 19.3783720384708 14.6958128078826 -9999 -9999 -9999 15.9072249589433 7.11488388458887 6.52287121745135 9.61904761904762 19.4775392915827 14.0453905700214 21.8963757916954 15.7314098053043 13.8027797325874 14 17.9876847290639 22.0258620689657
6.00580577058451 6 6.95924231761381 7 3.98275862068842 4.96815622800891 12.6664320900829 9.409512080693 9.40276800375481 8.00862068965579 9.99137931034421 10.0008210180624 6.77744546094303 7.35931269059255 -9999 10.8553835327306 27.2712878254748 24.9913793103442 26.9913793103425 19.8943818906887 21.2671240910152 18.6122448979594 31.9997067792634 28.6548791930585 7.78413089373732 10.896962233167 6.08409570724371 19.8209007741023 19.4113886934072 18.3959066385152 11.0047501759328 6.32248416608036 8.99302134646913 11.9827586206884 7.00862068965579 11.1972789115627 6.33515130190152 7.02269528501221 18.1751114238793 12.736453201973 -9999 -9999 -9999 -9999 15.358139807646 24.9883884588349 9.36042692939098 13.2689420595858 15.8689303307538 19.010086793329 16.9964813511609 19.4739619985898 13.3997771522401 7.51477832512075 13.9913793103442
7.99137931034421 5.20419892094761 6.07547501759451 7 6.99835796387508 4 11.4584799437008 6.83626554069757 8 8 7.96627961529737 11.8875205254522 9.01530612245007 12.5652709359645 9.45742434904708 5.61893033075538 9.0063922120577 24.9988857612009 31.0086206896558 19.4777152240192 25.2476542341055 27.9894440534827 30.5214637579201 17.5911330049319 14.2119985925397 6.27380952381325 13.0008796622097 13.3527445460977 11.9939010086789 7.85485573539748 5.56738212526654 3.32283603096428 19.1851395730716 10.0693173821252 9.00058644147319 17.2214403002578 11.9797677691791 5.44716162326841 11.8471733521017 9.7056650246309 16.480706075533 -9999 -9999 -9999 -9999 7.99982406755807 3.99671592775018 17.4858081163451 20 19.9931386347662 14.0074478067094 21.9873328641793 15.7875322542799 15.5065681444962 12.6560520760047
3.63863476424833 4.78196106028526 5 7.05964109782097 3 7.89655172413052 9.02586206896737 5 6.29251700680148 7.18490499648219 11.9482758620653 8.02339901478005 7.97413793103263 17.7074829931946 7.53471733521258 8.99419422941539 21.0066854327943 26.3552076002799 30.0775862069055 28.8190241613847 30.0258620689674 28.1574595355372 30.0534834623546 7.37045507858305 22.7470091484848 8.97906403940745 7.0322542810198 7.05172413793474 6.9817030260367 9.4258151536475 6.97677691766203 5.60532488857356 9 5.14831104855781 8 5.19217687074604 7.01741731175351 8.05172413793474 6.45595824537052 6.02586206896737 7.33474079286947 -9999 -9999 -9999 -9999 -9999 7.4031198686387 6.02586206896737 22.9065798733321 7.05905465634694 17.1389866291399 11.0448627726985 18.1632653061196 20.0168308702737 15.206896551739
3.67346938775541 3 3.00293220736572 1.04574243490477 2.03489326765157 2.02756274923741 7.04310344827554 5.42176870748252 9.94475721323502 6 11 8 6.17171006333617 6 8.99853389631707 7 10.7095355383546 8.96246774571927 16.6982758620682 25.1667839549613 30.2585034013594 34.6359957776214 16.5706661975103 11.3077644851069 13 10.0389983579635 7.00908984283634 10.9929627023224 12.7200914848693 10.8502814919061 3.4296270232218 5.91379310344892 6.21715927750517 8.91379310344892 11.1081984517949 11 9 8.39303307529862 7.45806943467058 5.70073891625324 7.96364062866551 -9999 -9999 -9999 -9999 -9999 -9999 5.04310344827554 13.5900774102889 24.9268121041489 28.8706896551734 7 8.83333333333465 26.5217569786519 26.6680154820564
0 1.75428102275374 3.81128313394067 6.93965517241288 6.76067323480913 2.62016185784618 1.06034482758712 1.45666197513496 6.06034482758712 6.00985221674887 8 6.91050903120053 10.9864532019702 11.9786535303774 9.06034482758712 7.47519352568598 7.0447454844014 7 24.8793103448242 29.7492962702318 28.8018414262277 18 20.9688013136283 9.60726014543815 10.3400774102744 9.94540229884984 14.0319610602833 10.8367346938783 6.31755805770663 4 3.85731878959328 7.93965517241288 8 10 9.12016185784803 12.9880952380952 10.2858902181565 8.97724607084129 18.4252287121751 7.68842364532066 7.83409570724879 -9999 -9999 -9999 -9999 -9999 -9999 13 15.4977128782531 24.940065681444 26.0521346469631 23.7355735397644 23.0857963875219 23.8924466338203 9
1.94774806474282 2.93771991555203 3.9319727891149 4.02111189303104 6.92241379310301 3.2949214168424 2 2.42176870748252 0.730178278209109 6.84940182969814 7.06274923762055 11.8271756978668 17.6979239971845 15.612068965515 7.48299319727784 10.7199155524303 9.60638048322808 10.0416373445928 20.9224137930997 29.8548557353968 11.1094299788908 21.9269880365951 21.4428806005129 11.9498592540461 13.0174173117524 12.9926108374383 15.0749472202681 5.92698803659514 8.96317147548556 9 7.41414496833058 8 7.98522167487666 8.00475017593241 7.07758620689699 14.5278559699777 21.6023926812117 14.4175463288764 11.4942528735623 7.41748768473072 7.79022988505758 -9999 -9999 -9999 -9999 -9999 -9999 16.5419305653336 7.23539760731606 17.844827586206 25.873621862533 25.114004222379 24.5191179920247 24.638341543513 25.9730823363828
1 3.6691883650014 3.10127844241166 5.94458128078573 5.09482758620703 5.9354914379544 6.55102040816476 1.61822660098571 1 2.79627023222831 11.8403706310166 8.0004105090292 15.926460239268 14.6819727891153 8.56896551724217 7 7.04902650715443 24.0933614825244 29.6206896551703 25.9533192587378 7.22771522402372 8.69352568613675 11.8593713347409 14.3537414965973 12.3715693173824 11.2266009852254 6.003225428102 6.8786066150615 9.09482758620703 7.90517241379297 4.59852216748397 10.0341895378842 7.09482758620703 6.99630541871631 17.8719211822664 11.5965869106257 15.102040816328 17.9316209242312 5.62074829932041 3.12931034482404 5.6442059582442 4.9077527562747 10.460239268117 -9999 -9999 -9999 -9999 -9999 6.82230823364272 9.00064508562027 15.2437837203833 26.9303307529909 22.8665259207124 25.7631362889967 22.4088669950725
6.25334271639575 4.17517006802642 3.99237626084899 5 4 5.28430682617791 6 6.48657049026546 6.88793103448136 5.28518648839106 0.112068965518638 1.154761904763 8.3986629134408 10 10.3785479709106 7 12.6873680506688 25.2241379310373 27.1120689655226 29.8707482993195 9.77046680741402 8.73205489092089 10.4011259676291 10.3140980530126 9.56104855735558 7.33620689655591 4.07183908045352 6.98170302603786 8.1443232465358 9.06480178278294 8.28659394792064 8.28389631714705 7 8.33620689655591 3.11206896551864 10.8027210884373 15.2617874736043 9.06098991320753 4.69710297912359 3.11206896551864 4 6 14 -9999 -9999 -9999 -9999 -9999 8.90165376495288 14.3105207600397 6.80635702556611 8.80559465165151 23.6496598639466 26.8456486042711 23.9656931738205
6.3020760028158 3.02551020408137 4.05923058878795 4.93877551020137 3.97536945812808 4 8 7 4.52451325357959 2.10819845179379 2.84547267183047 10.8924466338281 10.2906403940901 8 7.42053718038894 8.41678395495963 24.1293103448266 26.500469153176 30 24.6296622097104 14.867581515357 8.06632653061119 8.8084682148673 11.5169481585761 6.06615059817158 7.9293924466325 5 6.02111189303282 6.09148486980925 8 10.7994370161871 10.5923058878731 8.29515599343227 7.75721323012128 14.4820548909179 10.1293103448266 11.6055594651618 7 16.1371686605627 26.7413793103468 6.84353741496647 3 9.12931034482662 -9999 -9999 -9999 -9999 -9999 15.7463054187128 7.25181796856674 9.88828289936729 10.8988388458786 19.1020408163256 22.5853858784873 24.3469387755085
7.48610133708473 13.4948979591853 12.3411916490744 3 5 5.1465517241382 6 6.49349049964839 6.1465517241382 4 2 5.98604269293949 2 7.30190007037174 7.03401360544431 8 17.6328289936672 28 23.7068965517227 19.4947806708899 9.74149659864063 9.43279380717789 11.0049847525225 4.98281726483716 9.22448979591847 4.67692939244353 7 7.13933849401763 8.95713112831325 7.49349049964839 10.8534482758618 11.4460473844706 7.28119868637224 11.7489444053493 11.1260849167267 7.30582922823839 7.80260380014232 4.61101337086654 23.4771874266966 22.3091133004912 20.8435374149665 22.2851278442419 12.9741379310326 9.1126554069908 -9999 -9999 -9999 -9999 26.5404644616558 7.55453905700298 6.6613886934049 11 19.4832864180152 21.8825944170804 21.9331456720613
8.91009852216851 13.8384353741503 8.20191179919967 7 5.16379310344807 4.05236922355141 5.55102040816476 5 5.4083978418942 10 3 6.83620689655193 3 11.6724137931039 9.3309875674459 7.77551020407773 26.0367698803665 27.3832981468441 26.1637931034478 9.85737743373234 12.3615411681937 7.61224489795943 13.59611775745 5.49137931034421 10.3515130190006 8.16379310344807 5 4.13705137227299 7.83620689655193 8 6.38722730471669 11.4311517710531 7 10.0411681914141 6.94311517710469 9.16379310344807 12.2730471498952 8.70801079052388 20.442821956369 24.8756157635451 20.2690007037293 21.8406638517476 19.249120337791 17.0296152943926 14.9183673469417 -9999 -9999 -9999 -9999 21.1660802251927 7.96680741261744 9.65781140042131 18.0991672531081 23.241789819376 24.3061224489829
4.18103448276135 5.85467980295337 8.79591836734471 7 3 4 5.81896551723864 6 5.23956134177627 3.8662913441249 1.97214403002834 1.98275862068973 1.14039408867205 8.71029791227042 15.1152943936223 6.95935960591001 21.8864649307876 26.1576354679826 12.9999999999986 9 13.1416256157504 9.20672061927922 10.0874384236461 11 8.63230119634166 8.8969622331674 10.7787942763319 6.31474313863645 3.87192118226416 6.60280319024387 5 4.50076237391776 6.96551724137854 7.01108374384241 7.01231527093628 10.16479005396 14.4532019704355 11 20.7019117992072 26.1293103448297 25 23.2305301430926 23.2646023926846 20.3788411916454 16.0163617170969 14.8022519352562 -9999 -9999 -9999 -9999 24.8854093361398 10.0014074595394 15 15.3037766830856 26
3.39532019704434 10 7.5331925873822 7 7.31321839080578 2 3.10925404644677 3.11464930799948 5.86558761435489 6 4.9659863945608 3 3 5.71639690359029 7.80172413793048 7.10309641098135 26.1470208773171 29.1470208773168 6.80172413793081 6.72372742200271 6 9.19827586206952 11.396551724139 11.1281374618819 5.80172413793048 4.92364532019586 13.3490499648188 7.19827586206952 6.62520525451509 5.77070138400104 6.55823363828201 7.86511846117718 7 6.776917663617 6.94546094299733 7 11 15.0175346000473 21.1779263429526 27.2561576354708 24.1564625850335 18.0107905231054 20.4802955665002 20.1982758620695 20.2337555711925 17.1903589021822 18.9790640394095 -9999 -9999 -9999 -9999 -9999 14.7619047619055 16 19.8017241379305
2 6.17300023457571 8.0146610368286 6.04802955665245 4.19047619047757 3 4.35221674876786 3.32899366643381 4.15247478301604 6.65640394088832 5.2348698099901 6 4 4 5.21551724137806 7.38775510203887 21.9013019000709 25.6744076941083 11.7844827586185 12.8986042692936 5.20279146141155 6.21551724137806 7.3536242083071 6.9237626084924 4.77551020408153 9.97947454843985 7.99266948158642 8 6.55500821018114 7.09089842833622 4.11875439831068 7 7.82553366174187 9.77128782547649 5.78448275862194 16.0350692000883 12.0429275158349 10.9520877316465 23.6744663382585 22.406403940889 20.1564625850335 22.0485573539744 22.1820900774124 24 19.3605442176861 13.0587614356125 15.863300492608 15.1567558057792 -9999 -9999 -9999 -9999 -9999 15.8973727422005 15
5.76724137931033 5 6 7.98574947220204 6.57881773399044 4.6802721088436 4.10450387051338 4.48006098991379 3.36893033075244 2.1947572132303 5 5.07307060755193 2.28501055594656 4 8.37057236687696 8 20.5431620924253 26.5904292751591 6.99999999999869 5.9699155524278 8.80166549378462 6.55999296270245 8 4 4.95478536242079 4.30582922824422 6.02609664555249 6.96199859254063 5.83532723434211 5 5 5.91303072953326 7.18842364531989 5.76724137931033 16.5857377433746 15.5364766596234 7.32653061224573 11.8448275862094 10.4655172413793 19.5209359605956 31.1743490499659 22.2327586206897 23.0237508796625 25.6989209476913 18.8323950269776 22.4897959183686 11.3809523809524 15.2327586206897 15.8165024630476 -9999 -9999 -9999 -9999 12.4018883415421 14.5010555946529
7 9.95068027210907 11.698979591835 7.81122448979906 7 9.9098639455789 2 3 3.35374149659986 4 2.99149659864022 5.02380952380902 2.16836734693895 2.92687074829878 3.63775510204141 8.54081632652889 7.69387755101879 27.8146258503406 25.2499999999991 7.28231292516987 4.62074829932052 6.45918367346983 6.12074829931883 3.24999999999957 5.19387755102005 6 4.24999999999957 4 7.10374149659823 8 5.08673469387705 5.40986394557805 5.04761904761931 4 16.6989795918366 18.7500000000004 14.2551020408147 7.8197278911554 5.75000000000043 22 27 30.0068027210882 29.8979591836724 25.8843537414988 21.5204081632643 22.7346938775533 6.36904761904805 14.3792517006844 22.6887755102051 21.2108843537523 -9999 -9999 -9999 -9999 9.26020408163155
9.11101337086288 10 9.95015247478253 10.1697748064706 6.41461412150847 7.6802721088436 5.73275862068882 3.95818672296659 7 4.2661857846556 2.55940652122864 5 3.73275862068882 3.90546563452973 4 1 9 27.3619516772235 24.9999999999992 20.9052897020876 6.73275862068882 3.2850105559456 5.86183438892681 4 6 4.73275862068882 4.73275862068882 6.95636875439837 8 7.11271405113792 5.11998592540462 6.73275862068882 4.26724137931118 3.0163617171005 6.19939010086988 15.3255923058806 18.7327586206888 9.99612948628385 21.1477246070839 8.44704433497551 26.8853506920014 27.7200914848695 32.7327586206888 25.0906052075988 21.1110720150159 19.626143560874 22.2791461412148 17.1310110250964 20.8552076002793 22.7395613417753 14.5967041989216 -9999 -9999 -9999 -9999
7.29028852920504 6.51823832981535 6.81474313863409 8.26706544686755 8.63341543513903 6.45150129017131 6 5.2844827586206 6 7.35485573539723 4.69117992024618 4 4 1.7155172413794 2.65441003987874 2.88969035890277 5.39590663851693 24.5429861599817 25.9999999999981 5 9 3.7155172413794 2.26014543748128 4.74689186019328 5.2844827586206 6 5.97566267886678 5.16326530612172 7.2844827586206 6 6.7885292047876 7.3197278911564 5 4.26706544686852 4.04867464227124 17.4021229181332 19.7663617171 5.7155172413794 19.8195519587125 8.97783251231375 24.1564625850335 23.7931620924205 27.773574947221 27.3845296739407 26.1819141449686 21.2257213230108 20.727422003284 23.2448979591775 18 23 19.4205371803878 16.9245249824063 -9999 -9999 -9999
5 5.30172413793048 8 6.79292751584131 8.80952380952243 6.54298615998131 8 7 6.7865353037767 10.4157283603087 4 4.06650246305294 2.15675580577078 1.99073422472239 2.6627375087971 2.38775510203887 7 6 27.2068965517169 28.9139690358889 16.1575181796918 3.81527093596086 2.30172413793048 0.353741496597305 2.45847994370126 7 6.70853858784857 5.36646727656513 4.69827586206952 4.30172413793048 5 5.20525451559898 3.13300492610944 4 5.97947454843988 4.75779967159264 5.26706544686882 5.78418953788312 21.40851513019 6.80049261083796 18.9527914614124 21.3479357260123 23.6578114004222 26.5367698803674 26.9981820314317 23.4495073891621 24.056239737273 24.9240558292278 21.7744546094271 22.9931972789135 16.7393267651889 -9999 -9999 -9999 -9999
3 5.31896551724206 5.0216983345065 6.57811400421718 7.80952380952243 9.85643912737545 10.3515130190024 6.81556415669662 7.09330283837653 8.9479239971852 7.65787004457093 7.87027914614389 3 3.55295566502492 2 3 6.52697630776273 22.2080107905218 26.9999999999988 25.7690593478765 7.41256157635458 5.16326530612172 4 0.646258503402695 3.75263898662864 2.35344827586318 5.03401360543919 4.74912033779103 6 6.13452967393867 5 4.3197278911564 4.93924466338203 3.04169598873981 4.72736335913654 5 6.74208304011444 7.73269997654128 7.29914379545048 25.817733990148 9 17.3374970677926 15.2864180154823 26.1813863476433 14.5920713112816 22.0554187192067 22.1999178981926 24 18.2046094299751 28 20.0433966690121 24.3304011259678 -9999 -9999 -9999
4 4.33620689655193 4 8.62315270935761 6.12643678161007 9 7.29802955664916 9.85819845179458 4.86658456485995 4.94510907811422 4.33620689655193 3.39942528735527 3.07547501759332 4.42898193760338 3 2.40640394088787 8.5785245132562 27.6730002345769 28.0000000000023 25.9298029556659 7.91531785127893 6 4.34318555008384 1 3 5.84154351395476 7.66408632418464 4.71868402533385 4.23786066150597 6 5.66379310344807 3.3197278911564 8.20977011494186 5.6437368050669 5.7089490968804 4.53348580811461 6.76970443349872 2.69745484400731 7.80330752990856 14.7142857142867 12.6271991555249 9.69991789819225 10.8302251935239 16.5674994135573 23.121217452498 26.8395496129484 20.2914614121515 25.4142622566247 21.9187192118236 13.3469974196577 20.9542575650955 -9999 -9999 -9999 -9999
7 2.19727891156405 4.95601688951405 6 4.80952380952243 8.88699272812529 6.29028852920317 9.62614356087315 8 5 6.95601688951838 5 5.22448979591847 6.14637579169747 5.6657283603097 3.21639690359059 7.92423176167127 18.7089490968918 27.3534482758629 6 7.25850340135937 6.25070372976705 2.33427163969141 1.35344827586351 2.66009852216702 3.90476190476036 6.9659863945608 6.16326530612172 4.18912737508784 6.02040816326334 5.09271639690192 5.2404410039888 6 5.64655172413649 6 5.36283133942904 6.40851513018789 6.2359254046406 8.75650950034955 16.6391625615768 19.5504339666935 12.3438306357043 19.347290640395 19.1694815857377 30.9325592305869 15.8328641801529 24.9724958949111 18.0279732582683 21.920830401127 19.0024044100392 6.74272812573097 17.0292047853661 -9999 -9999 -9999
