rasters/Egypt_CLYPPT_M_sl2_250m_ll.asc
NCOLS 147 
NROWS 116 
XLLCORNER 24.688652792 
YLLCORNER 21.99436916 
CELLSIZE 0.083059832122449 
NODATA_value -9999 
[rows 25 to 49 of 116, columns 0 to 54 of 147]
-9999 -9999 7.78131597466797 9.98727422003355 5.80260380014194 6 7.9601806239742 7.96798029556679 6.08456486042583 7.04392446633768 5.61083743842546 6.07230823363706 4.16901243255926 10.0751231527083 7 9 9.95566502463114 2.53817733990208 10.8911564625857 8.88177339901624 7.85034013605492 8.27891156462514 7 13.2098874032359 8.31321839080433 12.9876847290641 11.0748299319734 10.1114825240445 7.35362420830171 21.9396551724146 11.0266830870276 13.4224137930979 13.3416021581047 19.7092423176193 11.8849401829643 6.91690124325576 3.21768707483029 8.71235045742208 7 4.72789115645819 4.93965517241459 5.06034482758541 5 3.23574947220167 6 8.35796387520495 6.92047853624037 6.39913206661935 8.04638752052485 9.94581280788246 12.0859136758134 11.1470208773177 5.90394088669615 5.96469622331736 3.54421768707317
-9999 -9999 2.34611775744793 3.9133825944159 5.95443349753772 5.23580811635135 12 10.4465165376464 6 6 7 12 11.7786769880354 10.7119985925397 10.3471733520964 8.95660333098611 9.60538353272269 11 11.065740089137 9 5.54116819141034 7.58890452732779 7.10380014074928 13 13 4.99208304011249 13.0398780201748 12.0431034482772 7.82424349049997 10.0431034482772 9.04310344827724 10.9568965517228 7.98709828759045 9.92845414027442 12.0413441238577 16.0862068965545 19.7242552193269 7 7.54433497537089 6.08620689655449 5.98856439127337 7.95689655172276 7.99407694112153 8 7 7 8 9.63945578231281 1 9.8117522871194 4 4.17933380248831 4.63300492611175 7.19123856438892 5.47923997185315
-9999 -9999 -9999 3.92775041050897 1 8.1904761904767 4.97413793103433 15.2137579169695 6.984517945109 9.15306122448955 8.16502463054176 8.01325357729249 8.99700914848694 7.73557353976126 8.44205958245201 8.49695050433903 6.99049964813506 8.74220032840751 10.1060286183432 8 6.00774102744548 7.02586206896567 8.59183673469384 8.95103213699227 18 18.0105559465166 10.0008210180622 12.0544217687088 14.1789232934552 14.0080928923294 17.2892329345543 11.4174876847299 9.70068027210814 6.81286652592154 5.09148486981211 9.17229650480897 11 8.98311048557342 6.97413793103433 6.98979591836727 3.85978184377318 8 5.00680272108818 5 7 7 9.98733286418012 3.37708186722986 2.22531081398058 0.405524278675313 5 2.82172179216383 5 4 3.48393150363767
-9999 -9999 -9999 3.00041050903123 7.08163265306157 1.79093361482476 6.33444757213106 8.01266713582073 5.61259676284283 7.72789115646256 8.84852216748731 9.01348815388173 9.63881069668914 5.5028149190707 27.4653413089267 36.4683321604467 8.62719915552403 6.98932676518807 7.9923176167013 7 8.14836969270408 8.01483696927154 8.9964813511609 9.00862068965579 15.9999999999983 18.0017593244196 18.0086206896558 14.0702556884847 15.8249472202681 17 11.9827586206884 15.4285714285724 16 5.86570490265429 8.95918367346751 6.99923762608486 9.2158104621161 8.00862068965579 6.00862068965579 6.3945578231298 5.99366643208963 7.7227891156425 8.00862068965579 6.99894440534827 8.99137931034421 9.24137931034636 6 5 3.00662678864697 3.60309641098065 2.00862068965579 4.87397372742293 2.71674876847236 3.41496598639434 5
-9999 -9999 -9999 4.95238095238103 7.91836734693843 3 3.98569082805433 6.00457424349085 6.8009617640164 -9999 28.4150246305402 26.0439831104858 22.9781257330503 3.5028149190707 21.8581398076521 6.51202205020073 11.2218508092974 7 6.10884353741429 5.01724137931158 7.00862068965579 7 11.4218859957786 19.9953671123618 13.3275862069007 10.2091836734706 17 19.1242083040149 17.3743842364536 18.0053952615533 15.4469856908289 16.5726600985213 16.5943584330295 11.8170889045274 8.91009852216315 9.09705606380554 6.44211822660218 6.33831808585333 4.47208538587739 8.39115646258533 7 5.99137931034421 6.01542341074397 6.00105559465173 7.74829931972881 8 6.02040816326795 8 2 1.00686136523625 0 3 1.99137931034421 3.00357729298641 4.53952615528772
-9999 -9999 -9999 4.92775041050735 4.91836734693843 4.02586206896737 3 1 4.60901946985737 6.41813277034678 7 3.0003518648839 9.37280084447991 3.78729767769472 5.61934083978571 6.03870513723006 3.02586206896737 3.23193760262642 7.02586206896737 8.93437719915524 9.97800844475562 13.4671592775169 16.8330401126008 8.66203377903331 4 12.031140042226 12.048967863006 12.0285596997414 19.7999648135105 22.3048322777383 20.0577058409612 22.9667487684706 18.3174407694132 11.0302603800162 10.0645672061963 11.8104034717262 8.19182500586292 13.3648838845885 7.14449917898863 7.41021581046377 8 6.13605442177042 4.00017593244195 7 7 8 6.8838845883098 4.31198686371313 5.26636171709823 3.87737508796514 0.104797091254829 5 2 3.01513019000813 3.99771287825467
-9999 -9999 -9999 3 3 6.90704902650796 3.04310344827554 3.04310344827554 5.04603565563885 4.69651653764976 5.67733990147688 2.05500821017856 6.18689889749017 3 5.12925170069077 2.5833919774794 3 6 7.12461881304155 12.0008796622097 9.06843771991931 7.12931034482662 6.04310344827554 7.48252404409993 12.0718390804592 15.7959183673461 19 15.0407576823829 10.0079169598873 9 12.980940652123 8.01847290640384 8.35972319962487 7.83726249120425 6.08216045038854 6.12391508327451 7.0187661271404 7.27797325827115 7.43103448275808 5.41156462585078 6.25387051372308 5.86394557822957 6.00650950035162 5 4.29480412854673 6.99507389162183 4.04310344827554 4.61189303307539 10.9668660567678 13.015833919775 12.954550785832 9.03635937133441 2.0123152709359 1.02521698334488 2.47923997185222
-9999 -9999 -9999 5.15435139573062 3 4.04761904761973 2.03981937602692 7.46938775509978 3.97577996715889 4.40077410274367 7.04310344827654 2.01360544217636 5.75281491907011 7.01477832512334 6 3.14983579638957 5.40552427867743 11 9.95150129017282 9.00123152709357 13.2722261318307 8.01683087027936 8.38353272343386 9.02791461412192 10.3534482758619 10.0480295566509 10.8648252404395 8.00985221674915 10.7559817030252 8.91707717569663 15.0069786535304 7.17364532019816 9 5.94035890218426 6.05788177339978 8.94381890687473 6.10755336617566 6.06034482758712 2.97126436781571 4.02380952380992 5.69035890218063 5.9917898193758 8 6.88494018296936 2.3572015012909 4.41830870279141 1.60010555946777 8.42088904527431 11.2637227304719 6 6 7.05090311986933 6 5.97495894909652 1.48862303542312
-9999 -9999 -9999 3.36453201970547 5.07125263898701 1.71686605676913 2.60866760497349 2.07758620689699 6.04644616467301 2 3.05541871921218 3.07653061224537 5 6.20689655172336 8.7968566737002 9.96147079521448 7.26530612244926 5.76190476190517 5.89115646258571 9.17804363124226 9.01161154116822 11 9.37649542575636 8.49571897724611 10.077586206897 9.749999999999 8 7 8 8 9.88810696692403 8.61576354679723 11.5955313159749 4.90751817968708 11.0376495425774 9.91156462585025 8 5.92241379310301 9.48316912972137 8.86118930330666 5.53114004222365 6.98944405348327 7.01360544217636 8.80946516537563 4.25170068027119 3.97044334975358 3.48979591836602 4 5.92387989678733 8.00791695988742 3.92663617170949 1.70050433966496 6.18596059113311 3.07758620689699 0
-9999 -9999 -9999 5.13793103448281 3.2139338494027 4.36734693877367 0.692118226601776 1 4.8296973961997 2.65886699507377 5 2 11.4442294159027 9 8.566502463056 8 8.90517241379297 3.28776683087002 6.19334975369409 7.02040816326454 8.76970443349787 6.78389631714731 5 8.04386582219098 8 8.2795566502472 7 6 12.8277621393382 11.7819024161388 14.9471029791227 6.10837438423642 6.72906403940827 9.01612714051131 7.96305418719042 7.91355852685891 10.8909218859939 10.546798029562 9.37889983579381 7 7.33497536945848 9 7.99384236453225 5.1108374384241 3.3697513488149 4 6.44334975369332 1.57881773398996 9.74454609429947 3.18719211822634 6 4.23645320197166 7.23152709359657 1.7263077644854 5.05160684963632
-9999 -9999 -9999 1.46305418719589 1.90622800844367 1.78911564625789 1.65986394557906 1 1.51342950973662 6.23539760731163 1.01600985221692 1 10.388810696686 5.30207600281512 7 7.62074829932294 5.63265306122463 5.88793103448136 7.78806005160413 10.0916608022541 7.85034013605492 8.68983110485613 7.04574243490557 8.58925639221297 11.8879310344814 7.27040816326681 10.1036828524526 5.99390100867912 8.9794159042925 5.65599343185991 10.1120689655186 8 10.1510086793268 7 10.8925052779721 5 2.30536007506592 9.11206896551864 4.23481116584894 6.83262960356754 9.23557353976061 9.01524747830205 4.11130659160357 6.718684025331 3.13963171475255 2 5.11206896551864 3.36054421768719 7.51026272577685 4.79732582688159 5.1362303542111 3.01753460004727 3.96798029556602 3.48053014309234 4.48322777386594
-9999 -9999 -9999 6.27545155993832 3.28518648838527 4 6.537004456955 2.27938071780382 5.40136054421798 5 3.98152709359623 1.14115646258363 3.34693877551254 5.87068965517338 7 6 7 6 5.6184025334227 4.1977480647397 7 8 7 6 6.79597701149385 7.12931034482661 7.19446399249318 6.82330518414243 6.81632653061231 7 6.55782312925124 7.87068965517338 6.73938540933524 6.87391508327508 10.9062280084474 3 4.48023692235539 10.6134764250539 5 5.60215810462008 8 14.6012197982696 8.13523340370512 5 2.09676284306765 2.4917898193748 3.1926460239252 5.87174524982405 2 5.80911330049329 3.02369223551403 1.91115411682012 5.30418719211854 6.58503401360566 5.60315505512361
-9999 -9999 -9999 7.94909688013195 2.1465517241382 7.0204081632631 5.90329580107876 4.8011963406011 5.91355852685845 4.1465517241382 5 9.43965517241459 8.51747595589555 6 8.5441590429229 6.57617874736176 6.7735749472201 7.44704433497592 8.07113535069039 7.97959183673546 7.8534482758618 7.8943232465397 5.34834623504566 6.54134412385632 6 7 7.98903354445215 5.99202439596508 7 4.89930799906154 6.1465517241382 7 7 6.26677222613132 5.32195636875623 7 12.9607670654469 11.5573539760739 4.1465517241382 7.08872859488631 14.267241379309 7.46522402063761 7.84764250527793 2 3.25170068027119 5.61904761904827 7.8534482758618 6 7.8534482758618 4.76636171710075 2.1465517241382 3.1335327234352 7.36576354679667 6.20760028149134 6.07975604034707
-9999 -9999 -9999 4.79638752052572 7.90499648135077 5.2946281961038 5 6 6.66437954492109 4.77246070842122 4.8571428571431 6.16156462585022 10.4407107670617 8.40693173821654 8.94950738916379 8.51700680272469 7.04345531315974 6.40270935960678 6.85403471733528 5.96586910626447 8.14965986394508 5 5.49489795918377 8.74818203143353 8 7.33444757213286 6.22636640863273 7.63581984517898 7 6.73832981468426 9 6.92980295566495 7.41408632418529 9 7.83620689655193 13.0739502697632 6.81796856673669 8.83620689655193 7.92200328407248 2.09916725310793 3 0.255277973259273 4.15810462115881 4.85626319493341 7.41525920713276 6.02709359605759 4.08022519352537 5.24243490499671 3.80659160215818 5.06175228712196 11.0182969739613 12.0256274923764 6.28325123152936 5.48920947689451 7.69282195636452
-9999 -9999 -9999 6 6 7.04345531315312 6.81527093595825 6 2.63558526859062 5.81896551723864 3.83251231526592 6.98639455782364 6.32019704433953 6.33356790992303 6.11330049261293 5.08309875674387 6.48187895848156 5.57101806239814 9.54879193056071 10 9 6 5.51530612245063 6.02427867699053 9.5459770114929 7.81896551723864 8.01354679802987 7 8.18103448276135 8.63793103447729 6.81890687309763 7 8.59863945578373 7.84975369457884 9.82635467980067 11 5.14162561576562 5.8817733990128 4.91379310344712 3.42440769410885 1.04802955665102 2.84359605911125 2 3.81896551723864 4 3 4.81896551723865 6.88423645320024 8.67980295566016 7.18103448276136 19.0272108843527 21.1685432793716 7.28571428571502 8.38159746657436 3
-9999 -9999 -9999 6.02832512315274 6.44581280788301 9 6.74073422472419 8 5.19827586206952 9.34828759089716 6.71551724137906 9.89385409336547 8.53741496598328 6 5 6.79744311517794 9 7.91748768472852 5 7.210591133005 8.07828993666536 5.35450387051461 7 8.10655641567008 8.2672413793097 5.63810696692356 5 4.94557823129124 5 7.86376964578901 8.08767300023492 8.45812807881663 8.78530377668263 7.86752287121738 10 1.07090077410277 2.54732582688337 3.34693877550913 3.81116584564839 3 2 6.10907811400552 2 0.198275862069524 2.85163030729473 5.6264367816095 8.80172413793048 6.0553014309173 7.66215106732327 10.8017241379305 5.95097349284727 10 9.19827586206953 6.33268824771247 4
-9999 -9999 -9999 8.02709359605918 5.49507389162349 13.2742786769926 9.39303307530013 7.64496833216254 5 8 6.21551724137806 6.22619047618884 6.67810227539477 6 6.49096880131606 5.67745718977448 7.54539057001807 6.05131362889945 6.21551724137806 7.27955665024275 7 7 6.46428571428643 6 7 5.61294862772938 5 5 7.71921182265795 5 5.34688013136381 5 4.54967159277536 5.78448275862194 5 5.21551724137806 3 4.34693877550913 4.11288998357916 3.78448275862194 4.79187192118172 5.10673234811317 4.22085385878345 9.49929627023413 6 6.78448275862194 5 4.27891156462562 9.95015247478334 13.0360661505984 6.02721088435272 9.62802017358671 9.21551724137806 5.82113535069313 5.17000938305774
-9999 -9999 -9999 8 7.20126671358284 6.78911564625789 12.5313746188162 8.48363828289816 8.09342012667143 4.81632653061231 8.00246305418685 6 6.10767065446941 6.84130893736706 7.73187895848575 7.49659863945506 9.71815622800856 6.7307060755324 8.86154116819119 5.22800844475741 7.9548440065683 7 5 6.89232934553138 6.15517241379325 5.84342012667069 6.94258737977904 5.02533427164029 7 5.31292517006822 4.66074360778759 5.43842364531944 5.13933849401864 4.19317382125288 5.23275862068967 5.67880600516058 7.94933145672053 5.34904996481407 5 4.83820079755987 7.23275862068967 7.96833216044999 5.76202205019957 5 6.80688482289538 4.76724137931033 9.39619985925567 10.4254632887638 9.17745718977234 9 12.0272108843527 7.76724137931033 4.56527093596148 5 5.54421768707317
-9999 -9999 -9999 6 6 6 7.25510204081585 13.4438775510257 6.60034013605415 8.6581632653055 7.60714285714347 11.2499999999996 7.64455782312952 7.18367346938736 6.84353741496573 8.12414965986355 10.0816326530613 10.4761904761897 7 10.0255102040807 5.96258503401379 5.63945578231196 5.14795918367321 7.4625850340133 4.91666666666681 6 5.55612244897922 6.24999999999957 6.20408163265273 5.31292517006822 3.58163265306133 5 4.24999999999957 5.82993197279009 5.03061224489939 7.24999999999957 8 7.34693877550913 6.86904761904764 9.81632653061164 7.73469387755074 6.13605442177042 6 4.6581632653061 8 5 10.7500000000004 20.299319727891 17.0578231292516 12.5000000000009 4.10884353741088 4 5.28571428571502 6.31122448979593 4.88605442176849
-9999 -9999 -9999 6 4.94018296973943 12.3673469387737 10.3401360544209 8.73662913441096 9.19082805536253 7.65517241379285 8.46551724137763 11.9628196106043 8.97707013840033 7.17945109078045 8.82248416607467 10.7706427398561 9.36734693877537 8 8.10884353741429 9.04486277269355 10.4116819141474 7 7.40816326530616 7 6.73275862068882 5.78729767769133 7 5 6 5.41291344123897 5.26724137931118 4.41871921182147 4 4.39186019235279 5.73275862068882 8 8.42675346000561 8.90728360309641 8.24384236453152 8.3945578231298 7.80365939479186 6 7.73639455782217 10.0515482054863 10.3844123856439 7.61904761904827 9.46551724137764 12.8291109547262 6.16948158573744 4 5 7 5.26724137931118 4.84365470326007 8.26724137931118
-9999 -9999 -9999 10.48973727422 8.7155172413794 9.12925170067953 9.24337321135295 7.72536945813418 10.313628899836 9 12 11 7.91725310813924 10.3900422237857 11 9.21405113769624 8.05137227304688 11.3871100164201 10.5965282664809 9.2844827586206 10.618637110017 9 7.83163265306128 7 6 7 7 5.01548205489128 4 4.2844827586206 7.2844827586206 6 6 4.95161857846616 4.32529908515309 6 6 4.65306122449087 7.04269293924375 5.3945578231298 3.7155172413794 5.65687309406454 7 5 4 8.2725779967155 8.07336382829033 10 7.93420126671364 4.07301196340576 6.7155172413794 7 2.87807881773444 5.41496598639434 5
-9999 -9999 -9999 11 9.02463054187198 8 10 8.62192118226622 7.58198451794498 8 10.9544334975386 9.29761904761865 10.4211236218611 8.69827586206952 9.57254281022027 8.85016420361297 7.30172413793048 8.47619047618966 8.37772695284914 12.2528149190723 9.44897959183524 7.69123856439004 9.12315270935939 7.6769880365939 7.23850574712487 5.24014778325052 5 5.9835796387517 4.75369458128122 5 6 5.69827586206952 6.70068027210814 10.2409688013166 6.11945812808158 5.33679333802444 3 2 5.68390804597711 3.27351630307298 5.32776213933837 8 9 5.03694581280797 4 3.81321839080475 9 2.05882007975671 3.23129251700665 5.30172413793048 5 5.04720853858813 4.98399014778454 5.1252052545153 6.31826178747502
-9999 -9999 -9999 11 11.5994018296964 8.1436195167725 8 9.53061224490022 8.31896551724206 8.99143795449112 8.58374384236412 7.67610837438376 10.166432090077 12 8 8.49876847290615 8.81931738212525 8 6.9652826647902 6 6 11.0178278207835 11.4081632653062 7 10.4540229885074 9.55242786769539 5.63007271874163 7 6 5.09981233872887 4 6 6 5.31896551724205 4.98698099929564 5 1.31896551724206 2 4 4 6.38476425052697 7.58837673000059 4.00216983345054 5 9 3.87848932676514 4 9.04157870044514 7.17141684259957 3 3.01853155055054 2 5 6.68103448275794 6.17358667604957
-9999 -9999 -9999 9 10.9725545390569 11 8.22577996715866 8.53061224490022 7.86505981703008 7.81937602627262 8.33620689655193 6.65423410743717 6.96111893033047 5 7 6 5.78729767769159 6.50574712643689 7.29961294862814 5.68420126671261 7.85034013605492 6.55782312925029 7.72906403940893 10.7696457893496 9.66666666666724 11.9313863476422 6 7.62766830870175 7 7.66379310344807 8.17405582922911 6.4285714285724 7.5348932676525 6 8.95918367346751 7 4.5924818203141 7 6.68390804597765 5.73809523809496 5.19774806474185 8 5.32764485104346 4.32758620689614 6.57905231058083 2.61904761904827 4.15112596762634 6.76067323481116 5.51026272577991 2.40394088669941 1.32705840957127 2 5.9039408866992 8.1128899835799 5.81703026038046
-9999 -9999 -9999 7 10.0816326530616 10 9.45314332629625 8.93965517240947 9 8.90382359840448 4.05049261083756 5.35344827586351 7 6.35344827586351 6.6160567675306 7 7 6.08415435139593 6.10884353741429 6.30752990851177 6.54978888106877 6 5.63634764250219 7.4904996481368 12.2931034482741 9.89356087262836 12.0483814215344 13 11.4072836030973 7 6.3606615059806 8.93965517240947 6.39326765189198 7.46340605207657 5 7.11435608726235 6.64655172413649 8 6.81486042692835 2.3945578231298 1.73469387755074 2.74272812573322 8 5 8 6 3.18033075299205 1 1.50299085151403 3 5 6 3 7 8
