rasters/Egypt_SNDPPT_M_sl2_250m_ll.asc
NCOLS 147 
NROWS 116 
XLLCORNER 24.688652792 
YLLCORNER 21.99436916 
CELLSIZE 0.083059832122449 
NODATA_value -9999 
[rows 0 to 22 of 116, columns 0 to 51 of 147]
-9999.000000000000000 -9999 -9999 -9999 -9999 54.0684963640552 -9999 -9999 -9999 -9999 -9999 -9999 -9999 -9999 61 -9999 -9999 -9999 -9999 -9999 -9999 -9999 -9999 -9999 -9999 -9999 -9999 -9999 -9999 -9999 -9999 -9999 -9999 -9999 -9999 -9999 -9999 -9999 -9999 -9999 -9999 -9999 -9999 -9999 -9999 -9999 -9999 -9999 -9999 -9999 -9999 -9999
-9999 -9999 -9999 -9999 80.0858550316682 69.9482758620687 -9999 -9999 -9999 -9999 44.4876847290645 71.9935491437957 60.0397607318791 59.9229415904299 61.7226131832034 57.7645437485343 64.7019704433493 65.6761083743851 61.6860778794255 39.1525334271582 -9999 -9999 -9999 -9999 -9999 -9999 -9999 -9999 -9999 -9999 -9999 -9999 -9999 -9999 -9999 -9999 -9999 -9999 -9999 -9999 -9999 -9999 -9999 -9999 -9999 -9999 -9999 -9999 -9999 -9999 -9999 -9999
-9999 -9999 -9999 88.5045155993417 85 83.3140394088671 71.9137931034455 76.5151301900064 78.5431034482772 81.3325709594172 76.612068965516 78.0124325592301 75.062807881774 69.1118930330747 64.5396434435837 67.0862068965545 68.5781140042208 69.4568965517227 54.9137931034455 68.4883884588293 57.4409453436582 53.8990734224725 52.1701266713607 54.6236218625412 57.7528735632217 47.3384940182788 -9999 -9999 -9999 -9999 -9999 -9999 -9999 -9999 -9999 -9999 -9999 -9999 -9999 -9999 -9999 -9999 -9999 -9999 -9999 -9999 -9999 -9999 -9999 -9999 -9999 -9999
-9999 -9999 87.8231292517005 91.0673234811152 92.5504926108367 88.907283603096 83.2612596762837 79.3784306826141 79.526389866292 81 80.8793103448292 84.0152474783011 80.495543044803 75.576882477129 73.1879544921383 75.2820783485808 74.2781491907113 86.3349753694589 83.0131362889981 82.0114356087258 78.7477128782566 68.8793103448292 66.5603448275854 71.6659629368988 66.933908045976 66.4648135116133 57.3648252404412 56.4832864180171 58.345707248414 44.8563804832253 -9999 44.7660098522133 -9999 -9999 -9999 -9999 -9999 -9999 -9999 -9999 -9999 -9999 -9999 -9999 -9999 -9999 -9999 -9999 -9999 -9999 -9999 -9999
-9999 -9999 86.155172413794 89.9724958949097 89.8838845883176 87.5442176870748 92 83.422413793103 78.577586206897 77.4204198920951 80.6884236453214 82.732758620691 74 76.244897959183 84.8902181562307 86.997126436781 85.577586206897 83.3386699507383 84.9371334740796 82.6755805770572 85.5510204081648 83.1610954726715 80.4857494722026 79.8045977011497 73.844827586206 78.4855735397581 75.0432207365709 73.7412033779045 69.3448275862066 62.5904879193064 66.4180741262003 54.690886699511 -9999 -9999 -9999 -9999 -9999 -9999 -9999 -9999 -9999 -9999 -9999 -9999 -9999 -9999 -9999 -9999 -9999 -9999 -9999 -9999
-9999 -9999 87.084447572129 93.2089490968767 89.4051724137948 86.7491203377903 91.2756274923768 85.5306122449002 86.6785714285712 82.3545625146646 91 88.983814215342 88.9312104152003 89.6940534834608 78.4432324653984 87.2039643443596 85.8421885995781 84 84 83 83.1006333567881 81.9867464227048 81.8346235045735 81.6393384940168 78.6666666666672 77.6722378606587 82.5948275862052 80.9455782312913 78.7070724841665 85.6870748299318 76.9531433262962 80.0504926108358 70.5677926342969 62.6402768003798 42.6300140745832 -9999 -9999 52.3469387755091 -9999 -9999 -9999 -9999 -9999 -9999 -9999 -9999 -9999 -9999 -9999 -9999 -9999 -9999
-9999 -9999 86.6806826178758 90.7302955665061 94 96.1165259207089 92.3879310344815 90.3879310344815 97.2026155289744 91.6669012432552 93.0874384236453 90.6120689655184 95 94.4621745249837 90.3968449448774 90.6960473844709 88.5297325826886 88.7229064039422 90.0910157166313 88.0079169598871 89.670126671359 87 83.3622448979599 76.3289350222856 81.6120689655184 87 83.4337321135343 80.4423528031903 80.6120689655184 81.45806943467 81.0950621627969 82.3879310344816 81.2993197278919 72.5079756040363 68.1833216045044 64.9315036359388 64.7809641097828 65.800844475717 60.8522167487705 -9999 -9999 -9999 -9999 -9999 -9999 -9999 -9999 -9999 -9999 -9999 -9999 -9999
-9999 -9999 89.0266830870237 86.6293103448294 91.2978536242173 85.5034013605432 93.146551724147 94 94.2525803424827 90.7413793103412 92.3546798029546 94 93.9571311283133 95 92.6293103448294 92.1259089842845 94.8638282899374 95 94.3584916725299 89.9924349049968 90 84.689831104858 90.6275510204071 87.1521229181314 84.9885057471218 86.2586206896588 88 85.7897020877294 87.1155876143564 80.6026859019442 84.4850457424348 79.9421182265982 79.3706896551706 85.6433262960416 82.232934553134 81.0327820783484 81 81.4604152005622 68.1765188834143 70.8537414965992 65.5376495425745 64.6070842129899 64.5273281726552 62.8638282899367 68.6036242083059 68.6104269293909 65.7542223786047 -9999 -9999 -9999 -9999 -9999
-9999 -9999 -9999 91.4318555008212 91.0026389866298 87.7891156462579 86.2931034482752 87.6965165376512 88.2115880835094 87.7820783485823 92.7573891625622 90.6377551020408 92 93.755102040817 91.7580928923308 92 92.3673469387754 95.7307060755332 94.5761787473612 91.6465517241376 95.6994487450148 93.4351982172178 89.3177339901475 83.8424818203146 83.2155172413788 87.7068965517248 86.4766596293703 87 86.6465517241376 87 89 88.5800492610852 88.8064743138631 85.7066619751343 85.3534482758624 80.6778090546561 81.2946281961066 79.9934904996467 80.3078817733983 79.1805653295806 82 73.4414144968346 80.0579404175474 74.6636171710068 77.8372624912041 79.1346469622331 78.6701266713575 72.3534482758624 69.7342833685198 55.820900774104 -9999 -9999
-9999 -9999 -9999 89.6637931034481 90.0737156931736 90.6724137931039 87.2218508092896 88.1944053483483 87.0074478067097 92.3362068965519 91.2931034482759 84.3362068965519 89.9222378606609 89.4876847290626 92.1724724372539 93 89.1857846586904 92.5057471264369 93.3362068965519 93.0068613652355 92.1865470326068 90.2789115646251 88.9846938775508 92.6637931034481 88.6551724137923 88.2007389162558 87.0245132535774 88.3458831808586 88.6637931034481 89.897490030495 91.6637931034481 89.5246305418716 87.3275862068961 83.6637931034481 84.9458128078793 84.4536124794748 85.480706075534 84.2195636875445 79.6839080459776 85 79.9108022519351 83.3819493314575 84 84.4174876847296 84.6637931034481 84.4109195402302 82 79.9787708186726 79 77.9656931738214 72.3634177809047 -9999
-9999 -9999 -9999 -9999 96.3780788177359 93.3189655172438 88.659863945579 95.5117874736058 93.8090546563439 94.0468566737063 87 86.9869809992966 83.205782312913 81.4947220267568 91.1714168426014 85.6140628665338 88.6168191414525 92.3189655172438 91.7157518179662 92.9730823363838 93.6810344827562 88.9110368285241 92.2779732582679 91.68496364063 90.3189655172438 89.4769528501023 85.4607670654431 88.5661505981733 88 85.0998123387294 88.6441473140957 87.273399014781 89.2363945578225 88.2250762373921 88.0260380014088 79.3791930565352 82.3620689655125 82.4447572132293 84.0053366174015 84.1258503401372 86 84.4116232700009 84.6810344827562 84.4751935256832 83 83.2241379310318 84.9788881069705 81 79.6379310344875 83 80.3620689655125 77.7808468214863
-9999 -9999 -9999 86.966748768473 87.6111893033096 88.3017241379322 94.3159746657278 96.5566502463044 93.4629368988983 78.0923058878712 88.1046798029584 88 83.9192470091481 95 94.8740323715708 94.3986042692921 93.110837438424 95 94.9568379075773 91.0867346938745 85.0332512315246 91.007037297677 91.8214285714279 92.8378489326758 87.3017241379322 91.0976425052783 88.6756978653516 90.230882007975 89.5700211118921 91.2724607084197 91.6982758620678 93.8275862068962 87.9716162327009 87.1187543983102 78.4764250527758 82.9382477128783 87.5377668308722 84.3685784658691 81.4310344827595 78.7599108608977 82.673117522871 83.4377785597026 84.2969739619999 83 84.2257799671604 84.9794745484398 76.7044334975366 70.4586558761478 82.6065564156691 79.2304714989459 82.6982758620678 86.7454844006562
-9999 -9999 -9999 92.325533661739 84.1864883884595 89.2801430917222 89.6187543983137 86.2023223082343 90.2844827586189 86.0897841895356 88.8977832512314 88.2903471733501 90.9278676988109 95.2558057705877 85.99589490968 95.0757095941857 93.8620689655244 96 94.6066737039668 94.0146023926807 92.8503401360549 93.563394323244 94.1314215341312 92.2071311283175 91.5229885057472 87.5765306122451 92.765188834153 88.4385409336182 87 92.776096645554 92.2017358667592 94.2869458128087 91.0999882711727 83.0659746657331 90.1963406052033 88.9175463288782 88.9380717804366 86.6500703729824 82.5213464696171 84.7155172413811 82.7155172413811 76.3126905934735 80.9931972789118 84.9651653764955 83.1800961764014 84 83.840253342715 84 84.2844827586189 83.9269880365941 82.7155172413811 85
-9999 -9999 -9999 90.6978653530375 83.955840957073 89.4781257330524 92.5689655172423 89.0603448275828 90 88 89.3226600985217 87.4455782312925 90.6480178278199 96.0654468684024 96.2414379544921 92.8294041754618 95.2672413793107 95.8542692939237 94 89.2617874736107 89.2272460708426 92.1927046680746 93.2990851513018 92.3389631714751 87.0459770114936 85.9512667135837 89.7527562749236 85.4256392212041 83.7799085151305 73.5793455313163 78.8538587848935 82.219211822659 77 85.0454492141682 84.0408163265325 75.954961294864 80 79.9203026038016 85.9215927750392 86.4436429744305 80.8036593947922 73.371803893976 77.7345765892559 79.0327234342014 83.0811048557349 80.3518062397375 89.6410978184389 85.73580811635 82.2312925170067 84.7327586206893 88.6928806005172 86
-9999 -9999 89.353741496599 88.8690476190476 85.015306122448 84.0782312925141 86.8996598639479 89.0306122449019 93.7993197278917 92.8401360544208 84.8928571428572 88.2295918367346 94.894557823131 94.5663265306134 94.6870748299299 95.503401360545 94.4081632653069 96 95.0816326530608 95.7500000000009 90.3996598639442 92.6513605442188 84.3061224489799 92.3469387755104 83.9166666666651 86.3469387755111 86.1751700680257 87.8180272108868 85.6122448979599 77.7976190476188 77.4999999999983 82 80.8248299319736 76.4999999999983 81.0204081632662 82.7721088435382 79.0867346938796 79.0000000000022 80.880952380953 83.3486394557847 85.4336734693862 89.0340136054425 89 88.9081632653056 83.4387755102019 86.4047619047641 88.2602040816314 83.6598639455759 91.1156462585037 88.8520408163304 89.7295918367363 87.4999999999983
-9999 78.7090077410325 84.9588318085851 81.7307060755321 83.1511259676298 82.465517241387 93.0384119164951 90.127375087962 91.7734576589286 93.8841778090504 89.841133004931 84.2409688013149 97.7054304480396 99.755102040817 97.9414144968318 98.7672413793086 96.2327586206914 96.7619047619052 97 95.7719915552409 95 93.2139924935481 92.0459183673458 86.145437485344 90.0459770114914 89.988564391268 90 89.7381538822403 90.8590781140046 83.7129368988984 78.6273164438238 81.1268472906465 80.852744546103 74.8914496833284 87.3961998592242 87.7466572836012 64.6475486746441 46.6152357494691 62.1798029556588 38.5563570255682 42.8764954257555 52.0372976776843 50.0835092657636 35.1630893736807 37.6205723668764 46.7413793103463 59.9173117522906 68.830635702561 71.3383180858594 80.9028852920508 84.4863945578257 87.4543162092382
-9999 83.5216396903598 85.9232348111655 84.8526272577991 80.8831808585497 84.3902181562285 86.1422120572372 93.0531315974628 94.5947102979106 85.2155172413798 89.2463054187197 90.4523809523811 91.959125029322 95.9178395496141 95.8025451559903 97.7242552193314 96 97.2155172413798 96.6615646258514 96.7844827586202 94.5496715927755 91.2789115646251 90.7844827586202 81.8254750175925 88.9798850574721 87.3756157635478 82.2083626554086 83.9455782312913 88.8240675580573 88.4208890452721 86.1562866525916 87.5714285714276 84.8193173821228 72.4547267182705 45.7932793807178 47.6769880365933 35.0938306357029 33.0385292047825 42.458538587851 39.0940065681443 42.3298733286426 42.1399835796348 44.3282312925166 44.7572132301124 44.330049261084 47.3308702791439 68.0691414496804 71.8131011025113 87.5872624912038 88 90 76.6410391742926
88.2155758855219 81.9231175228717 80.1780436312463 81.8969622331698 85 85.8017241379318 88.0674407694108 86.2711118930316 88.4099812338772 87.7818437719913 89.8854679802956 85.9913793103408 94.2083626554085 94.1963406052073 96.8017241379318 94.0916608022499 99.4199507389159 93.9926108374391 97.8911564625857 94.2146375791682 95 84.9061107201473 85.4780084447593 89.6951677222625 86.4626436781575 89.3214285714286 89.8617171006347 91.4401829697391 93.1982758620682 77.0855031667889 56.5757095941821 70.5751231527115 40.8396082570945 40.8620103213667 40.0570021111919 48.8406638517474 45.1856087262503 43.3801900070384 43.6276683087033 42.6346469622325 71.4952498240791 84.6926460239261 78.0154234107474 87.1224489795924 91 91.4963054187202 89 88.3250645085607 87.6311283133951 92.6439127375101 84.5652122918163 87.9581867229671
86.3835913675781 87.0406403940892 89.7869458128066 82.49548440066 83.7521111893021 87.5646258503421 92.2810813980773 81.7116467276599 92.108374384237 89.6453788411912 85.4298029556637 91.0391156462555 94.0083861130659 95.9361365235766 93.1133004926118 94.4122683556182 93.3008444757208 97.043103448276 95.1810344827597 92.7855383532726 93.4218859957761 88.2137579169622 82.5179451090776 88.083743842365 88.545977011494 90 92.4368988974927 91.2800258034281 78.8159746657286 50.6916490734213 57.9052897020886 53.9692118226612 53.4374853389726 43.3004926108395 42.4568965517211 47.4761904761959 43.9445812807936 60.0862068965579 45.9823481116552 80.2135233403701 78.3502814919078 86.1317733990149 82.8078231292511 91 85.0250996950484 86.9568965517236 89.2200914848672 91.934729064039 87.7409101571676 85.6133004926148 94 91
-9999 86.9498592540464 84.462409101571 85.7807881773402 85.8228360309643 85.9654585972319 85.6802721088419 87.7492962702322 87.3287590898422 82.1192235514894 85.3275862068961 84.1979239971836 92.9032958010784 94.5888458831812 93.4767769176672 98.1637931034481 94.6724137931039 96.3628899835791 96.1088435374143 95.0374736101323 95 88.7180975838614 86.0969387755101 89.5374149659867 88.7212643678165 91.3344475721329 93.9251700680266 78.9010086793461 51.5290288529207 41.0666197513486 72.7395026976317 75.093596059113 58.8644733755562 78.2440182969741 58.6180506685334 81.4941355852692 85.1637931034481 88.3275862068961 88.6798029556654 85 85.698627726952 90.8189655172403 89.3171475486727 83.2841308937369 89.4968332160441 88.3682266009857 86.9009500351848 85.3014895613419 93.9917311752289 88.3275862068961 88.8406638517476 91.8435374149648
-9999 82.6829697396235 86.1250293220743 82.1428571428569 87.0696692470096 84.3160333098722 87.1465517241365 87.9312104152015 84.175463288762 84.4746657283628 86.8743842364544 87.8282312925194 88 87.5768824771251 96.9082805536013 94.7227304714974 95.5937719915557 96.888341543515 93.8693994839327 96.8564391273764 92.9780670889048 90.7619634060523 88.2843068261783 92 87.5775862068934 81.1166432090065 90.8115177105333 54.0159512080697 45.0371217452512 63.5537766830848 69.3604269293938 49.1256157635458 62.5134295097294 63.8459418250027 66.5434553131631 77.2542223786041 88.0029908515155 79.7387403237134 88.1174055829236 87.1156462585024 89.0666783954926 96.8534482758635 95.9863945578236 84.1224489795923 94.7227304714952 91.0907224958941 87 89 93 90 92.1465517241365 89.0229298615998
-9999 84.2190358902193 82.5398193760253 79.3830049261095 85 85 87.9560168895143 86.5300844475699 88 87.6927046680739 88.7647783251228 86.1530025803423 88.114356087263 91.327234342015 88.2102392681225 86.5676167018541 91.3267065446909 95.574712643678 89.2445460943013 91.3508092892293 92 92.09324419423 89 88.198803659396 89.6666666666672 83.3553835327247 85.3140980530161 54.8162678864629 54 73.266537649544 75.452967393857 49.8940886699524 54.6058526859064 58.3589021815586 79.9236453201935 86.410509031197 81.7655993431853 93.8706896551717 92.1354679802965 92.4998827117044 92.4294510907773 90.1293103448283 91.1242669481595 92.1224489795923 94.8381421534123 93 90.4468684025346 91.8522753929188 93.801196340604 93.9868050668543 92.132828993667 90.4758386113034
-9999 47.3033075299088 85.3163851747581 87.9302134646967 87.0724841660806 87.9115646258508 88.0739502697628 86.1138282899407 84.2443115177115 87 87.9839901477833 84.1135937133469 94.0991086089603 89.555946516536 91.5137813746214 91.5598170302609 90.6806826178733 90.3961412151064 90.8757330518421 90.8879310344833 86.2288881069667 85.2241379310335 86.8879310344832 82.5228125733046 82.9626436781612 89 82.2241379310335 62.105969974196 60.7858902181557 90.9649307999063 82.2736922355137 94 90.4899132066618 86.9451090781139 91.0408163265325 86.3240089139109 82.6107201501289 92 89.106732348111 97 91.3362068965532 92.6550551254979 93.8879310344832 93.0983462350452 93.8315153647675 93.1547619047611 91.0752990851535 92.0960004691545 92.8879310344833 94.8993666432094 93.9758386113075 93
