rasters/Egypt_SNDPPT_M_sl2_250m_ll.asc
NCOLS 147 
NROWS 116 
XLLCORNER 24.688652792 
YLLCORNER 21.99436916 
CELLSIZE 0.083059832122449 
NODATA_value -9999 
[rows 69 to 91 of 116, columns 52 to 103 of 147]
86.6982758620695 86.2833098756752 86.6034482758609 90.1294862772698 87.242200328407 87.5418719211806 87.0981703026081 91.8669950738906 93 88.8337438423644 92.323715693175 93 89.6982758620695 80.9762491203398 86 95.5320197044344 93.0882594417083 95.3269997654223 88.1537649542572 81.9407107670662 91.125029322075 88.0000000000041 89.5212291813277 84.8974900304951 86.6982758620695 86.4829931972761 82.8932676518889 88.9322660098523 88 88.623973727419 90.1140042223782 88.7957424349045 87.5490265071537 94 92.8004339666909 73.603448275861 90.3814215341294 90.0883767300038 89.1806826178706 93 96.3118695754162 85.9367229650496 77.7167487684717 82.4901477832548 48.845120806944 46.6843771991555 76.6034482758609 88.5192939244648 79.133532723436 76.4683908045987 69.4486277269538 70.8300492610855
85.9187192118225 84.7155172413794 89.1296622097119 84.2336382828992 79.2898780201742 82.2844827586206 84.7941590429311 87.3267651888365 83.7332864180151 85.193525686136 84.5337203847058 87.4042341074341 88.7619634060519 87.9756626788668 85.1223316912948 84.4440534834624 86.1320079756044 92.0859723199634 91.2135819845155 79.45701384002 83.852920478536 95 84.2844827586206 85.8490499648096 87.5619282195634 87.8285831573962 89.571076706548 83.8761435608728 84.6046798029565 89.7251935256854 88.0464461646725 91.9651653764958 91 89 96.2287708186723 92.2524630541839 93.0008796622091 92.5689655172412 90.6304832277748 90.2902885292045 87.6625029322112 84.1963406052087 79.7524630541888 83.9795331925865 44.6233872859467 61.1623856439041 80.6906521229247 91.844593009618 86.2858902181568 76.6748768472907 83.46264367816 72.338669950737
89.5233990147775 84.4149659863943 83.4655172413785 84.8200211118927 85.9472789115647 86.0046915317853 89.9551372273028 84.9622331691297 87.4459887403239 92.1652005629812 87.4217687074825 82.8362068965495 85.5344827586215 86 67.432676518886 84.8372624912029 86.7327586206893 83.5510204081665 84.9400070372965 82.4139103917455 85.8105794041752 92.1982758620683 88.6980999296278 84.8018414262251 81 90.3539174290384 87.6462585034027 86.1199859254049 85.6884236453192 87.9501524747874 90.2672413793107 90 96.8872859488623 95.5510204081648 96.5015247478304 93.9490968801309 92.9551372273053 86.371627961531 87.4290405817516 86.7737508796635 79.9351982172165 79.7409688013181 83.7216748768466 47.1146493079986 52.7853037766848 81.8979591836724 89.4985338963161 84.9254632887632 87.5964109781841 80.720853858785 73.7189186019257 79.9345531315981
95.8214285714294 93.7261904761953 87.294217687074 80.413265306122 82.4438775510189 72.3401360544255 88.7653061224505 87 86 83.4999999999983 93.5272108843528 88.5306122448995 93.6683673469397 88.9489795918413 86.3214285714264 87.831632653061 87.8231292517042 92.879251700681 84.4438775510179 80.5391156462606 87.2499999999991 91.4999999999987 90.2908163265311 88.1938775510197 84.2091836734709 90 92.5884353741485 92.7755102040815 97.8690476190503 89 90.8775510204086 86.5306122448982 91.6836734693877 86.413265306124 92.8299319727897 84.5952380952374 87.6887755102057 89.414965986392 86.40136054422 90.510204081632 85.5442176870758 47.3537414965976 47.821428571425 76.4931972789102 78.9523809523793 91 85.5578231292494 88.2619047619054 92.7551020408149 73.5714285714269 79.1326530612351 69.9387755102046
45.8928571428547 78.0965869106263 47.8939127375084 52.1949331456728 78.1399249354926 81.7308820079752 88.4227656579855 90.6211001642025 86.8416608022519 78.8434201266668 80.1419188365005 90.3100516068506 90.8925052779727 70.448745015243 88 88.2410274454609 88.563922120574 90.1718273516316 83.3712174525041 54.8274102744543 89.2327586206897 88 86.3576706544694 87.6813277034966 86 91.6033309875653 90.849577762139 95.2244897959185 98.6941707717558 88 91.270760028149 86.8695167722247 90.5418132770352 88.4727304714982 84.8103448275861 84.0443349753698 85 86.5699038235996 97.429040581751 89.4002463054189 90 54.0327234341987 84.5467980295586 90.9668074126235 69.9392446633775 90.5323715693148 90.8036593947907 77.1508913910413 84.8625967628372 83.9113300492611 81.4395965282638 75.5716045038667
94.0701970443373 91.4589490968812 90.4269293924462 69.9839901477825 82.6555242786744 86.0146610368286 85.8115763546719 95.3123973727471 83.7491789819371 83 82.5463875205241 82.6320079756065 94.0928923293456 85.0219915552407 79.1202791461415 88.6567558057714 89.5069786535325 81.3715693173817 47.3877551020389 80.1470795214639 88 87.784482758621 87 87.4183087027893 83.6032723434183 84.0521346469604 90.7074829931946 96.039408866993 99.1949917898176 95.2155172413777 87.035186488388 86.9390687309363 85.3308702791464 87.2554539057008 87.4663382594405 88.8505747126423 87.8108726249132 85.9853389631714 91.7512315270956 84.2561576354692 90.7654234107449 68.6862538118719 56.002463054182 90.3719798264112 93.2408515130277 91.7624912033795 87.3969622331667 87.1378137461873 82.9512667135756 85.3994252873633 72 76.1224489795904
92.7130541871929 92.0203495191189 90.9824653999538 91.6734693877554 78.1591602158099 85.1167604973007 72.8017241379318 88.5414614121529 83.3111072014972 96.3075299085142 86.5782312925175 93.0619282195667 79.4414144968351 72.3003166783857 87.3776683087016 89.3448275862055 86.871862538119 82.681269059346 81.5353624208331 80.5170068027188 87.0256274923762 85.3965517241336 89.1292517006805 85.4055242786754 85.8786066150603 87.9315036359425 89 92.8200211118928 95 90 96.8340957072489 90.8017241379318 85.4946047384449 87.270935960591 83.6034482758637 88.9700328407202 88.1982758620681 87.1982758620681 98.6826765188851 91.4956016889489 94.1788060051621 74.610133708651 45.9137931034463 90.1542927515863 79.2200914848682 77.6381069669236 85.6291344123876 89.9244076941169 86.6113652357476 87.6387520525455 87.1998592540443 83.1720619282179
93.714285714285 93.9358433028378 94 94 92.1258503401358 91.1810344827582 89.729767769173 86.0344827586209 76.1721205723673 70.4384236453208 89.6028031902408 83.4205958245354 89.6354679802947 90.1810344827583 90 89.6351161154119 90 86.7576237391494 75.4363124560089 82.6847290640398 85.924818203144 85.8189655172438 85.1576354679799 86.9532019704437 84.2244897959189 90.7253694581281 87.5292634295111 88.7192118226607 97.7409688013127 90.1810344827582 94 91.8885174759551 88.6908280553596 80.5487332864166 87.6150011728831 88.7077175697854 97 92.6871921182248 93.9344358432951 89.3620689655165 88.9334975369465 86.9248768472907 48.4039408867009 77.1504808820074 86.8065329580116 87.8374384236458 82.6274337321026 81.4599460473861 87.088669950739 84.3259441707724 70.8248299319787 75.7186840253357
92.57142857143 92.4428219563683 96.103624208302 95.4368402533412 96.1972789115641 94 95 86.9064039408871 77.9737274219993 70.4039408867032 88.0690828055351 87.4497419657438 91.4572484166099 90.0284424114449 91.0796387520512 92 91.1058526859009 90 53.2056650246112 88.2161623269993 89.9788294628198 86.8362068965502 97.5008210180663 89.7414965986406 83.5821604503921 81.2456603331001 83.2467745718892 84.623504574246 98.327586206903 92.8021932911144 93.6996833216067 90 95.4473961998586 91.4039408867032 92.7326413323945 95.968801313629 95 93.5248064743081 98.1961060286157 99.5631597466579 95.8559113300519 85.6066150598151 94 54 65.3176167018618 83.3207248416528 79.6427984987125 76.6920009383137 78.4915552427946 79.467980295561 75.9175463288767 82.5290288529252
91.626847290642 95.0608139807648 95.397665962935 93.4282195636874 90.8316326530617 96.9900304949565 90.017945109079 90.690886699506 92.4194229415906 85.9491555242792 93.7199155524268 89.4398897490049 91.8295214637577 91.2576823832886 92.7582101806256 93.8863476425051 91.7587379779492 85.5537766830859 79.1514778325096 89.7414965986406 90 92.1465517241377 83.7431386347638 85.0290288529165 90 82.4122097114683 90.8963171475489 88.0663265306115 88.5209359605932 93 85.1226249120341 94 86.8534482758618 87.1578114004122 92.6802721088436 90.6629720853842 87.9940182969722 98 99 91.1161154116798 98.8534482758618 93.8534482758618 95 94.3030143091717 84.1385761201037 -9999 72.0847407928671 67.7619634060505 80.6567558057696 79.6748768472907 74.3400187661255 77.6023926812111
98 92.8486980999307 93.4034717335208 92.9795918367338 92.197278911564 96.0680272108851 97 89.9002463054277 94.9802369223529 93.0888458831836 87.9523809523834 90.0378254750172 92.8156228008454 93 90.0829228243006 86.2586206896532 90.9542575650955 88 84.9871569317422 91.9665728360313 89.2251348815383 87 90.8874618813039 85.1965165376455 89.5701970443375 86.1249120337774 84.3915669716149 87.7093596059099 87.8706896551734 91.8750879662215 96.4827586206935 91.9621745249826 94.925228712175 92.0712526389863 97.6336500117292 93.5221674876889 94.053307529908 95.1184611775759 98 97.3442997888798 91.0884353741516 99.5900774102776 95.8066502463058 91.2857729298602 54.8265306122438 60.1706544686788 -9999 81.4898545625127 79.342364532015 80.9692118226603 79.3681679568358 79.7551020408191
93 94.1510086793343 97.7956837907578 91.2899366643208 91.8926812104154 98 94.2785010555961 95 96.7758620689665 94.8879310344832 89.3745015247476 91.3718038939699 93.2570372976766 93.8879310344832 92.9893267651891 90.535890218156 87.8523340370601 85.2279498006091 86.3114004222409 89.0289702087729 87.1120689655167 87.0000000000032 85.9855148956134 90.4826413323928 87.1449683321599 91.6530025803393 88.8879310344833 86.3114004222376 93 92.1120689655167 90.0365939479237 93.7402650715453 90 92.8879310344832 92.7161036828523 81.5389983579613 87.0205840957069 93.8955547736341 97.8248299319744 99.2899366643218 96.9725545390549 90.9145554773638 97.2068965517266 92.7490030494965 95.9758386113074 88.0114356087263 60.3946164672794 63.3309875674357 80.960942997887 81.6925287356325 77.0846235045746 78.8170302603804
93.2931034482746 91.0070959418249 92 92.2955665024628 94.0187074829931 95.0203495191172 97.6995073891577 99.8275862068953 95.9051724137931 91.0425756509499 92 93.6403940886711 95.2521111893063 94.7179802955746 93.103858784893 89.2032019704434 84.0612831339433 88.4371921182257 86.5573539760845 89.880659160216 87.8830049261081 88.9999999999983 90.493959652827 89 91.7283603096414 91.954198920948 89.3596059113325 88.978712174525 91.0090311986865 86.0340136054392 91 95 96.2364532019713 91.4039408867009 87 90.0775862068978 94.6995073891639 94.8152709359586 99 95.2317030260389 87.3149190710805 91.4384236453192 94.6465517241388 91.1599812338729 89.2274806474334 93.1775158339207 54.8196692470109 54.0584682148705 78.5737156931822 81.6083743842365 80.4413558526879 77
95 95.5528383767307 89.9606497771545 93.5420478536263 92.9224137931046 98.9947220267417 95.0728360309628 95.9224137931046 93 92.965165376496 96.9551372273053 95.3474079286868 91 94.0026389866289 95 88.7755102040815 91.0274454609425 89.640804597698 85.7755102040777 85.2384471029783 81.0200562983812 92.0000000000017 92.6323011963395 95 85.9269880365933 87.9285127844193 90.2327586206863 89 91.9371921182277 88.9224137931046 87.9350809289242 96.6508913910354 97 93.0775862068954 93.3693408397834 94.1128899835821 92.9435256861371 88.0627492376268 95 93.4025334271639 94.6218038939712 92.3844710297937 97.6588669950756 91.9878606615062 92.0250996950496 97.9762491203379 90.0861482523967 70.7531081398034 79.3170302603815 80.8152709359633 78.1161154116799 74.5811048557283
93.7315270935952 93.1347642505286 96 85.7535186488382 98.7661857846596 96.8757330518414 98.9963054187191 97.1789819376041 95 92.879310344829 94.9905582922825 95.7233169129754 96.2137579169586 97 91.2996715927703 93.2712878254746 85.2748651184639 88.3935022284776 84.0233990147779 67.9537297677678 91.7414965986389 88.8189655172405 84.9396551724145 89.6967511142404 94.0233990147781 92.4226483696906 93.9183087027925 90.5747712878277 95.0057471264368 90.0340136054392 91.9396551724145 89.9823481116586 95.5782312925175 99 95 86 98 85.7514661036827 93 96.9802955665026 95.6320666197513 92.1700680272099 92.6711822660113 90.7511728829477 92.120689655171 97.1439127375092 93 72.1506568144599 77.1514778325105 79.4642857142848 78.0151888341543 74.9908515130192
94.0431034482755 93.4149659863943 91.4792399718522 95.7165728360309 99 100 100 100 98 93.5466220971161 90.703026038003 96 97 96.0416373445928 92.0911330049243 89.7851864883883 85.8062983814182 87.9791813277037 83.3974313863458 82.5170068027187 86.9568965517245 84.0862068965612 93.7414965986389 88 86.7851864883879 96.4947220267446 91.0709594182496 90.3010204081628 85.0472085385875 95.0665611071957 91.8437719915559 100 96 99 99 95.8095238095224 96 95.0278559699753 93.2318789584778 96.5881421534128 89.9115646258484 83.0252169833448 88.2549261083736 88.813922120573 94.0260380014065 95 94.7786769880379 63.7641918836477 81.9748416607979 76.0595238095234 77.8128078817707 80.3961998592504
90.9630541871943 92 95.974137931036 98 99 98 98.9403589021788 98.948275862072 91 93.4373680506678 97.5374149659893 96 95.8499296270232 95.9909688013152 89 94.238740323715 90.2925170068054 88.4829931972778 85.0100281491901 79.2178043631285 83 85.0258620689623 92.1292517006805 93.2585034013594 88.6064391273757 94.529498006101 92.6462585034027 94.5510204081631 97.8296387520554 88.12931034482 85.8150950035206 88.025862068964 89.0884940182918 97.9857494722035 96.3114590663856 95.2114121510674 93.141977480645 92.0627492376271 99.0156579873321 100 88.4299202439602 86.9956016889518 90.3300492610802 96.7780905465677 92.0292634295092 94.6500703729761 80.2101219798161 55.3677574478054 63.6148838845784 63.9445812807914 82.329110954724 77.1192821956357
89 95.5814567206193 93 93 98.1972789115641 97.9913793103442 95.0086206896558 92.0053366174059 94 94 92.4204198920942 96.9974783016653 92.1690710767062 88.957365704905 88.1904761904724 95.9894440534827 87.6320666197516 87 89.0086206896558 80.7328759089848 88 87.9999999999983 86.001114238799 98.2585034013594 96.3738564391261 95.4829931972761 94 97.9933145672057 96.8891625615737 97.9913793103442 94.4957776213945 96.0021111893034 94.5732465399954 92.9952498240672 97.3574360778793 97 98 98.9313863476417 99.9930799906164 97.0058057705845 74.0046915317855 84.0035772929864 92 90 91.9916138869335 95.3275862069014 58.1524747830091 56.9166666666694 73.9653413089349 56.005336617406 52.2301782782084 76.7452498240695
96 92.4128547970909 93 92.3525686136534 94.9930799906164 93.9239385409323 95.9919071076701 91.1974548440084 96 95.3391977480597 94.5768824771291 93.7100046915332 90.5116115411705 94 91.9913793103442 93.7755102040815 93 92.013077644852 95 88.0022284775981 89.1356439127382 90.9655172413768 96 98.2244897959219 95.6122448979594 98.0250996950553 95 99.2311752287128 88.0094417077183 81.009207131129 93.3106966924675 96.0035772929864 99.4217687074825 89.0934201266737 96.997243725076 95.7955665024607 97.9919071076701 97 99.0069200093836 92.6416256157644 88.5301430917194 88.0086206896558 93 84.6843771991563 94.0272108843528 99.7959183673447 94.9873915083266 59.3243607787906 88.5058057705825 90.994663382594 93.7482993197258 93.0010555946517
90.981527093596 93 91.4439948393166 91.0079169598874 92.9792399718507 92.0680272108851 89.2950387051483 95.2064860426944 90.990675580577 94.4516185784645 93 93.1224489795956 91.8926812104162 98.0331339432295 96 96.2186840253343 95 97 91.0258620689657 86.0258620689657 89.2776800375329 87.9741379310344 95.8966103682851 97.0517241379313 96.4929627023219 96.5553600750674 93.370455078582 95.9540816326528 79.1494252873582 94.9069903823656 90.2197396199856 87.3783720384695 92.410860896082 97.0116115411682 99 92.8095238095224 97.9160802251941 95.0258620689657 99 96.9915552427867 89.922413793103 89.776565798732 85.3374384236446 88.9741379310343 94.1571076706521 97.076178747362 94.005981703026 77.3677574478058 82.6257916959883 80.5931855500819 75.3162678864673 92.1324771287814
93 93 92.9115646258537 91 89.9739033544443 91.2565681445045 94.0026389866293 90.7052545155993 93.6371686605663 89.4920830401125 91.9115646258516 90.9747830166542 89.5909570724853 94 94.2602627257788 95.7324067558043 90.9290405817476 91.0222847759801 91.8534482758684 90 86.1500703729777 96.913793103439 97.8707482993195 93.2042575650921 96.7755102040811 95.0222847759802 98 95.4296270232227 94.7142857142811 83.8964930799996 87.1632653061217 90.236805066853 93.0680272108866 98.9762491203369 97.9862186253807 98.8177339901467 98.959535538352 98.9099812338729 98 96.6444405348329 91.0431034482773 92.5777034951905 88.546798029554 88.5916608022443 92.835679099226 98.1952850105578 57.1571076706565 80.0826882477157 69.9120337790263 78.3809523809524 76.3162092423216 76.0105559465168
94.3029556650257 92.4252287121745 97 94.6931738212532 91.8392563922132 94.943760262725 93 91 93.9396551724129 92.0603448275871 94 91.1206896551742 94.1534130893728 96.0319610602834 91.9396551724129 86.6249120337799 87.7074829931946 93.0603448275871 93 90.9396551724129 85.1292517006805 97.9999999999999 87.8785479709124 89.8465869106292 93.6122448979594 96.9396551724129 95 96.2848346235056 89.0258620689654 82.0680272108784 87.4551372273085 87.0603448275871 95.9490968801306 95.8437719915516 89.2017358667591 97.9511494252867 98.0073891625616 98.8118109312669 99.5570021111923 97.632828993665 98.5442176870758 98.414965986395 91.0467980295568 91.0320197044341 92.8852334037073 96 87.693877551016 77.4351395730621 74.1103096410968 72.0603448275871 71 66
91 91.9356087262488 98.9646375791693 98.9477480647428 94.062280084448 96 94.9435256861341 91.1904761904776 90.897607318789 92.0855031667847 93 91.9451090781136 95 93 90.8419540229897 94 90.6462585034027 90.4856321839072 87.5128430682607 84.6120103213684 86.8707482993195 88.8448275862029 96.264367816093 93.7615528970221 94.4352568613653 93.4829931972761 97.077586206897 95.7929275158339 86.5517241379364 98 87.8574947220258 88.0686136523602 98.4217687074825 95.6555242786787 99.0656228008448 99 97.077586206897 87.0785831574018 98.077586206897 97.9477480647429 95.4204198920937 94.7270114942533 87.6810344827593 93.3372038470551 92.127785596996 95.461998592545 58 74.3325709594172 71.7413793103451 77.2545155993419 89.5410509030994 80.077586206897
