rasters/Egypt_bio8.asc
NCOLS 147 
NROWS 116 
XLLCORNER 24.688652792 
YLLCORNER 21.99436916 
CELLSIZE 0.083059832122449 
NODATA_value -3.4e+38 
[rows 21 to 41 of 116, columns 0 to 48 of 147]
-3.4e+38 -3.4e+38 12.4231662750244 12.2801666259766 12.2915000915527 12.3461666107178 12.3505001068115 12.2799997329712 12.2709999084473 12.3308334350586 12.3441667556763 12.2968330383301 12.2988328933716 12.3680000305176 12.3781661987305 12.3811664581299 12.4066667556763 12.421667098999 12.4311666488647 12.4615001678467 12.5133333206177 12.7030000686646 13.0608329772949 13.3450002670288 13.5716667175293 14.3873338699341 14.5614995956421 14.9206666946411 16.6041660308838 16.3706665039062 16.3076667785645 15.1175003051758 15.102499961853 15.0244998931885 14.8466663360596 14.5076665878296 15.7671670913696 15.7741670608521 15.6206665039062 15.5865001678467 15.5014991760254 15.4015007019043 15.2676668167114 15.1803331375122 15.081166267395 15.0376663208008 15.013500213623 14.9063329696655 14.7915000915527
-3.4e+38 -3.4e+38 12.7390003204346 12.438666343689 12.3854999542236 12.389666557312 12.4138336181641 12.3734998703003 12.3245000839233 12.3341665267944 12.3856658935547 12.3756666183472 12.4913330078125 12.5163335800171 12.4636669158936 12.4565000534058 12.4723329544067 12.4519996643066 12.4565000534058 12.5278339385986 12.7709999084473 13.1403331756592 13.5926666259766 13.9796667098999 14.3695001602173 14.2969999313354 14.3924999237061 16.1450004577637 16.4133338928223 14.8443336486816 14.6828327178955 14.6078338623047 14.6201667785645 15.9196662902832 15.908166885376 15.7816667556763 15.6533336639404 15.5614995956421 15.4591665267944 15.3988332748413 15.3649997711182 15.2508335113525 15.0874996185303 15.0501670837402 14.9113330841064 14.8898334503174 14.9215002059937 14.8353338241577 14.6713333129883
-3.4e+38 -3.4e+38 13.1478338241577 12.8166666030884 12.5910005569458 12.5590000152588 12.5418329238892 12.477499961853 12.4246664047241 12.474666595459 12.5219993591309 12.5201663970947 12.4755001068115 12.551833152771 12.5625 12.5329999923706 12.5200004577637 12.4528331756592 12.4630002975464 12.5361671447754 12.8581666946411 13.5745000839233 13.9576663970947 14.1668329238892 14.3981666564941 15.7636671066284 16.0774993896484 14.9526662826538 14.7608337402344 14.5773334503174 14.485333442688 15.8073329925537 15.7256669998169 15.6386661529541 15.6821670532227 15.7358341217041 15.5694999694824 15.5161666870117 15.3740005493164 15.2679996490479 15.2303333282471 15.154333114624 14.9396667480469 14.8598327636719 14.7116670608521 14.6403331756592 14.6653337478638 14.6029996871948 14.5243330001831
-3.4e+38 -3.4e+38 13.9849996566772 13.8196668624878 12.9604997634888 12.6224994659424 12.5148334503174 12.5165004730225 12.5843334197998 12.6614999771118 12.7574996948242 12.7239999771118 12.6166667938232 12.6195001602173 12.6350002288818 12.574333190918 12.5223331451416 12.4739999771118 12.4984998703003 12.522500038147 12.7891664505005 13.864333152771 14.2661666870117 14.2861671447754 15.8009996414185 15.8765001296997 14.5603332519531 14.775333404541 16.1620006561279 16.1538333892822 16.1300010681152 15.9416666030884 15.8985004425049 15.6441669464111 14.1295003890991 15.5284996032715 15.5015001296997 15.4158334732056 15.3979997634888 15.2509994506836 15.1111669540405 14.9479999542236 14.7849998474121 14.6481666564941 14.5986671447754 14.5445003509521 14.4901676177979 14.4103336334229 14.4128332138062
-3.4e+38 -3.4e+38 13.6633329391479 13.5851669311523 12.948166847229 12.8323335647583 12.6563339233398 12.6158332824707 12.5993328094482 12.6265001296997 12.6964998245239 12.7988328933716 12.7676668167114 13.0295000076294 13.1535005569458 12.8436670303345 12.5988330841064 12.4986667633057 12.5218334197998 12.5423336029053 12.9673328399658 13.8888330459595 14.1225004196167 16.0298328399658 14.7696666717529 14.8839998245239 16.1186676025391 16.0359992980957 15.9458332061768 14.9183330535889 14.9683332443237 16.1965007781982 16.267333984375 16.2884998321533 16.0400009155273 15.5328330993652 15.4198331832886 15.3704996109009 15.2194995880127 15.1160001754761 14.9759998321533 14.8240003585815 14.7116661071777 14.5796661376953 14.5299997329712 14.3669996261597 14.2888336181641 14.2901668548584 14.2486667633057
-339999999999999996123846586046231871488.000000000000000 -3.4e+38 -3.4e+38 13.3146667480469 13.1748332977295 13.3826665878296 13.3385000228882 12.9331665039062 12.7888326644897 12.7413330078125 12.751166343689 12.7534999847412 12.8993330001831 13.4846668243408 13.7300004959106 13.3459997177124 12.772500038147 12.6241664886475 12.5734996795654 12.6173334121704 13.1941661834717 13.8830003738403 14.0681667327881 14.6230001449585 14.8351669311523 16.1876659393311 16.3373336791992 14.8946666717529 14.7863330841064 16.1221656799316 16.0821666717529 16.1038341522217 16.0423336029053 16.0288333892822 16.2346668243408 16.32200050354 16.0811672210693 15.4785003662109 15.1209993362427 14.8850002288818 14.8286666870117 14.7868337631226 14.7191667556763 14.6291666030884 14.5111665725708 14.3535003662109 14.2036666870117 14.1999998092651 14.1865005493164
-3.4e+38 -3.4e+38 -3.4e+38 13.3099994659424 13.3731660842896 13.349666595459 13.1956663131714 13.4156665802002 13.6818332672119 13.3431663513184 12.9928331375122 12.9538335800171 13.1084995269775 13.6896667480469 13.8780002593994 13.8261661529541 13.2918338775635 12.8806667327881 12.6951665878296 12.7414999008179 13.0856666564941 13.8471660614014 13.9683332443237 14.511833190918 16.4724998474121 15.2655000686646 16.4825000762939 16.3519992828369 16.3188323974609 16.3334999084473 16.3053340911865 16.1081676483154 16.042667388916 15.8206663131714 15.8088331222534 16.0423336029053 15.8819999694824 15.5778331756592 15.2351675033569 14.8258333206177 14.7151670455933 14.7109994888306 14.6193332672119 14.5859994888306 14.5141668319702 14.3870000839233 14.2551670074463 14.1759996414185 14.1393327713013
-3.4e+38 -3.4e+38 -3.4e+38 13.3225002288818 13.3346672058105 13.5043334960938 13.625 13.6015005111694 13.8015003204346 13.6603336334229 13.5986671447754 13.8634996414185 13.7608337402344 14.017333984375 14.2210006713867 14.5948333740234 14.2130002975464 13.4324998855591 12.8266668319702 12.8105001449585 13.0718326568604 13.8101663589478 15.3479995727539 16.0153331756592 16.5178337097168 16.6393337249756 16.5125007629395 16.3769989013672 16.3600006103516 16.3803329467773 16.337833404541 16.2849998474121 16.16233253479 15.8883333206177 15.7648334503174 15.719500541687 15.609167098999 15.407000541687 15.1958332061768 15.0556669235229 14.9676666259766 15.0158338546753 14.9743337631226 14.7550001144409 14.5174999237061 14.3745002746582 14.32200050354 14.3578338623047 14.2961673736572
-3.4e+38 -3.4e+38 -3.4e+38 -3.4e+38 13.2838335037231 13.3298330307007 13.4180002212524 13.7291669845581 13.9191665649414 13.989333152771 14.2186670303345 14.6208333969116 14.466833114624 14.0930004119873 14.1508331298828 14.3198337554932 14.308666229248 13.9553337097168 13.2196664810181 13.3146667480469 13.4266662597656 15.5448331832886 16.0764999389648 16.3581657409668 16.3309993743896 16.3544998168945 16.4324989318848 16.3918323516846 16.4073333740234 16.3838329315186 16.3176670074463 16.3361663818359 16.2311668395996 15.9833335876465 15.8648338317871 15.7215003967285 15.474666595459 15.1773328781128 15.0300006866455 15.3478336334229 15.2174997329712 15.0364999771118 14.9210004806519 14.7943325042725 14.5993328094482 14.5016660690308 14.3915004730225 14.4181671142578 14.2720003128052
-3.4e+38 -3.4e+38 -3.4e+38 -3.4e+38 13.304500579834 13.2994995117188 13.316499710083 13.4316663742065 13.4976663589478 13.6163330078125 13.7008333206177 14.0869998931885 14.4253339767456 14.1646671295166 14.0623331069946 14.0461664199829 13.9278335571289 13.7396669387817 13.6633338928223 13.8769998550415 15.6301670074463 16.0865001678467 16.1709995269775 16.283332824707 16.2775001525879 16.2408332824707 16.2064990997314 16.2008323669434 16.1901664733887 16.1490001678467 16.1961669921875 16.218334197998 16.1308326721191 15.9643335342407 15.8526668548584 15.7290000915527 15.4990005493164 15.4118337631226 15.5819997787476 15.3509998321533 15.0861663818359 14.8513336181641 14.6663331985474 14.6049995422363 14.5174999237061 14.4583339691162 14.3641662597656 14.2241668701172 14.1645002365112
-3.4e+38 -3.4e+38 -3.4e+38 -3.4e+38 13.3938331604004 13.2838335037231 13.2730007171631 13.305832862854 13.3374996185303 13.3313331604004 13.3533334732056 13.6394996643066 13.6259994506836 13.6451663970947 13.639666557312 13.654167175293 13.6643333435059 14.9451665878296 13.5188331604004 13.59983253479 15.1916666030884 13.8841667175293 15.0600004196167 15.4698333740234 15.833833694458 15.9204998016357 15.8596668243408 15.7293329238892 15.6496667861938 15.6149997711182 15.6023330688477 15.4779996871948 15.4785003662109 15.396333694458 15.3581666946411 15.359167098999 15.2626667022705 15.1688327789307 15.2215003967285 15.0641670227051 14.7775001525879 14.525333404541 14.4563331604004 14.4118328094482 14.352499961853 14.2366666793823 14.1608333587646 14.2204999923706 14.4265003204346
-3.4e+38 -3.4e+38 -3.4e+38 -3.4e+38 13.3361663818359 13.2828330993652 13.2636671066284 13.2823333740234 13.2733335494995 13.3011665344238 13.3653335571289 13.4169998168945 13.4046669006348 13.4191665649414 13.3924999237061 13.4046669006348 14.7244997024536 13.2638330459595 12.9233331680298 14.6005001068115 15.5531663894653 15.3068332672119 14.8513336181641 15.1195001602173 15.4406671524048 15.408166885376 15.3420000076294 15.2238330841064 15.0728330612183 14.9365005493164 15.0238332748413 14.8123331069946 15.0184993743896 14.9526662826538 15.103666305542 15.2171669006348 15.070499420166 14.9108333587646 14.8093328475952 14.6753330230713 14.5415000915527 14.3929996490479 14.3676662445068 13.0205001831055 14.2403335571289 14.2124996185303 14.2309999465942 14.3680000305176 14.5834999084473
-3.4e+38 -3.4e+38 -3.4e+38 -3.4e+38 13.2533330917358 13.2598333358765 13.2585000991821 13.2653331756592 13.2814998626709 13.275333404541 13.2810001373291 13.283332824707 13.2084999084473 13.1611661911011 13.1703338623047 13.25 13.0550003051758 12.9709997177124 12.6806669235229 12.6206665039062 14.753999710083 14.8996667861938 14.7200002670288 15.0638332366943 15.1418333053589 15.0383329391479 14.8489999771118 14.5790004730225 14.4955005645752 14.6546669006348 15.0711669921875 15.176833152771 15.1164999008179 14.9213333129883 15.0431671142578 15.3138332366943 15.0156669616699 14.8163328170776 14.6813335418701 14.4975004196167 14.4320001602173 14.3566665649414 14.3228340148926 14.308666229248 14.2613334655762 14.2608327865601 14.2621660232544 14.2936668395996 14.3753337860107
-3.4e+38 -3.4e+38 -3.4e+38 -3.4e+38 13.2193326950073 13.22350025177 13.2414999008179 13.2649993896484 13.2609996795654 13.2413330078125 13.265832901001 13.2360000610352 13.2224998474121 13.2436666488647 13.2048330307007 13.2736663818359 14.5568332672119 14.4083337783813 12.7561664581299 12.6588335037231 14.390832901001 14.6381664276123 14.5433330535889 14.5805006027222 14.8178329467773 14.6901664733887 14.7783336639404 14.703332901001 14.9213333129883 15.3499994277954 15.4816665649414 15.3323335647583 15.0834999084473 14.9333333969116 14.8791666030884 14.8360004425049 14.7181663513184 14.5856666564941 14.5448331832886 14.3833332061768 14.3423337936401 14.3305006027222 14.3101663589478 14.2834997177124 14.289999961853 14.2489995956421 13.9838333129883 13.9405002593994 14.0535001754761
-3.4e+38 -3.4e+38 -3.4e+38 -3.4e+38 13.2009992599487 13.1944999694824 13.1931667327881 13.2178325653076 13.2238330841064 13.2264995574951 13.2403335571289 13.2224998474121 13.2581663131714 13.236499786377 13.2049999237061 14.5206670761108 13.2496671676636 13.1583337783813 14.638500213623 14.6733331680298 14.7671661376953 15.2573337554932 14.8990001678467 14.9464998245239 15.0694999694824 14.9471664428711 15.2343330383301 15.4230003356934 15.4926662445068 15.2469997406006 15.1848335266113 15.1094999313354 14.8998336791992 14.7208337783813 14.5509996414185 14.4604997634888 14.4098329544067 14.3388338088989 14.4071664810181 14.4956665039062 14.301833152771 14.3040008544922 14.2926664352417 14.1575002670288 12.8733329772949 13.8776664733887 13.9073324203491 13.9383335113525 13.9359998703003
-3.4e+38 -3.4e+38 -3.4e+38 -3.4e+38 13.203332901001 14.466833114624 13.1754999160767 13.175666809082 13.1770000457764 14.4724998474121 14.4903335571289 14.4848337173462 14.5195007324219 14.5370006561279 13.2441663742065 13.2211666107178 14.4983329772949 14.5156669616699 14.6428337097168 14.8409996032715 14.9196662902832 15.0258331298828 14.9421663284302 14.8705005645752 14.8331670761108 14.7704992294312 14.8691663742065 14.8819999694824 14.8959999084473 14.8891668319702 14.9008331298828 14.8473329544067 14.6336669921875 14.4568338394165 14.7070007324219 14.7390003204346 14.4421672821045 14.2553329467773 14.3126668930054 14.2948331832886 14.3286666870117 14.2956666946411 14.2363328933716 13.8228330612183 13.7281665802002 13.6763334274292 13.6049995422363 13.7253332138062 13.7763328552246
-3.4e+38 -3.4e+38 -3.4e+38 -3.4e+38 14.4816665649414 13.1759996414185 14.4518327713013 14.4531660079956 14.4651660919189 13.1785001754761 13.1814994812012 13.1799993515015 13.2245006561279 13.2466669082642 14.5131664276123 14.5351667404175 14.5343341827393 14.4898338317871 14.6215000152588 14.6361665725708 14.5728330612183 14.6038331985474 14.6281671524048 14.4749994277954 14.4309997558594 14.4208335876465 14.6651668548584 14.716667175293 14.6894998550415 14.686333656311 14.7644996643066 14.6745004653931 14.6183338165283 14.6863327026367 14.662166595459 14.4464998245239 14.257999420166 14.1001663208008 14.1081666946411 14.1444997787476 14.1665000915527 12.8819999694824 13.8066663742065 13.6496667861938 13.5890007019043 13.4738330841064 13.3398332595825 13.4431667327881 13.636833190918
-3.4e+38 -3.4e+38 -3.4e+38 -3.4e+38 14.4750003814697 14.461332321167 14.4483327865601 13.19700050354 13.1978330612183 14.4516668319702 14.4270000457764 14.426833152771 14.4751663208008 14.5149993896484 14.5080003738403 14.5094995498657 14.5458326339722 14.4490003585815 14.4119997024536 14.2716665267944 14.1721668243408 14.1511669158936 14.1101665496826 13.9491662979126 14.002833366394 14.1766662597656 14.4733333587646 14.6351671218872 14.4958333969116 14.433666229248 14.4451665878296 14.4116668701172 14.3928337097168 14.2856664657593 14.1744995117188 14.0493335723877 14.0150003433228 13.9770002365112 13.9178333282471 13.9096660614014 13.7493333816528 13.7563333511353 13.6416664123535 13.4913330078125 13.3718328475952 13.300666809082 13.3928337097168 13.5631666183472 13.7285003662109
-3.4e+38 -3.4e+38 -3.4e+38 -3.4e+38 14.4606666564941 13.1931667327881 14.4606666564941 14.4396667480469 14.4320001602173 14.4274997711182 14.4079999923706 14.4151668548584 14.429666519165 14.4611663818359 14.4658336639404 14.4958333969116 14.5129995346069 14.430832862854 14.3513336181641 14.2071666717529 14.1625003814697 14.0968332290649 14.0733337402344 14.0661668777466 14.1319999694824 14.272500038147 14.418833732605 14.3646669387817 14.2676668167114 14.2436666488647 14.2480001449585 14.1654996871948 14.1231670379639 14.0178327560425 13.9896659851074 14.0464992523193 14.0369997024536 14.0555000305176 14.081000328064 13.8509998321533 13.8468332290649 13.8594999313354 13.8001661300659 13.6485004425049 13.5486669540405 13.5368337631226 13.5006666183472 13.6201667785645 13.9514999389648
-3.4e+38 -3.4e+38 -3.4e+38 -3.4e+38 14.4768333435059 14.442666053772 14.4624996185303 14.4458332061768 14.4253330230713 14.414999961853 14.4049997329712 14.3898334503174 14.4093332290649 14.4204998016357 14.4343338012695 14.4405002593994 14.4565000534058 14.4409999847412 14.4429998397827 14.3765001296997 14.3053331375122 14.2838335037231 14.1564998626709 14.1616668701172 14.2751665115356 14.1940002441406 14.1626663208008 14.1041669845581 14.0668334960938 14.0874996185303 14.0568332672119 14.0466661453247 14.0738325119019 14.0214996337891 13.997166633606 13.96399974823 13.9501667022705 14.0148334503174 14.1048336029053 14.0659999847412 14.0684995651245 14.1006669998169 13.9650001525879 13.8588333129883 13.7196664810181 13.621000289917 13.514666557312 13.9160003662109 14.3773336410522
-3.4e+38 -3.4e+38 -3.4e+38 -3.4e+38 14.4831666946411 14.4464998245239 14.4434995651245 14.4289999008179 14.4049997329712 14.3990001678467 14.3888330459595 14.3743333816528 14.3949995040894 14.4183330535889 14.4075002670288 14.4183340072632 14.423999786377 14.4211664199829 14.4328327178955 14.4250001907349 14.426833152771 14.2980003356934 14.1843338012695 14.1698331832886 14.1411666870117 14.0789995193481 14.0591669082642 14.0463333129883 13.9903335571289 13.9650001525879 14.0306663513184 14.1531667709351 14.1269998550415 14.0501661300659 13.9531660079956 13.9225006103516 13.9119997024536 13.9916658401489 14.076000213623 14.0900001525879 13.9259996414185 13.8804998397827 13.9186668395996 13.8361663818359 13.6318330764771 13.6026668548584 13.9448337554932 14.1191663742065 14.3476667404175
