rasters/Egypt_SNDPPT_M_sl2_250m_ll.asc
NCOLS 147 
NROWS 116 
XLLCORNER 24.688652792 
YLLCORNER 21.99436916 
CELLSIZE 0.083059832122449 
NODATA_value -9999 
[rows 23 to 45 of 116, columns 52 to 103 of 147]
91.714285714285 91.094827586207 90.5874384236439 94.2081280788189 93.8027210884359 92.0883767300024 91.8497536945787 92.2672413793117 91.905172413793 93.905172413793 92 92.0670889045275 92.9845179451091 93.0307881773372 87.9142036124792 82.7755102040815 91.4901477832522 93.2633122214429 90.9264602392684 76.807412620217 84.0604034717335 79.0000000000003 74.2339901477837 73.189655172414 74.7786769880372 79.0340136054477 47.1028618343913 45.4039408866991 43.6728243021357 73.1020408163176 63.1817382125296 57.4939010086815 68.8078817733998 63.7575650950084 67.8699272812576 87.6966338259425 83.005805770584 81.0332512315265 79.4919071076746 83.5272695285025 57.3068848228853 -9999 -9999 -9999 62.964754867462 91.0096762843069 85.7977363359156 76.8787239033541 77.8383180858572 60.4187192118236 74.20396434436 68.9628782547446
90.0960591133042 90.1585737743408 87.96463757917 92 90 91.8448275862092 94 90.731937602627 87.0527797325819 91.144792399721 91 92.6847877081884 91 90.6635585268657 86.0775862068954 91.982582688248 79.3262960356548 89.2868871686652 88.3576706544673 81.0575299085144 77.6321252639041 79.232758620689 77.1809171944656 57.7589139103929 69.4315622800856 74.7524044100396 44.8077644851005 47.706720619282 40.7688834154357 81.0287356321815 71.0253342716392 67.4203612479509 78.1551724137908 70.0897255453853 82.6962819610609 66.7196223317016 85.0939479239956 84.1403354445223 78.8803072953328 79.6799788881081 -9999 -9999 -9999 -9999 73.3835327234272 90.7420830401114 92.4102158104584 70.8254750175972 69.9023574947298 74.8152709359633 69.386758151542 75.6352920478568
93.827586206899 94.0353037766826 96.4557823129268 94.0406403940881 94.5689068730956 94.9396551724146 89.8821252638969 89.0114942528735 89 94.0603448275854 95.0603448275854 94.0176518883412 92.0504926108368 91.902064273994 86.953612479476 88.4415904292754 83.884940182975 73.0603448275854 75.6220971147094 80.4538470560664 70.7721674876872 66.8793103448159 42.6660802251906 44.393502228481 46.7628430682635 77.5461529439384 48.3138634764274 55.7816678395494 78.2393267651911 83.8494018297015 63.8793103448292 56.6453788411918 59.0801079052331 63.4134412385592 71.7381538822418 60.4532019704324 71.2923997185046 79.0567675345977 43.8555008210202 44.2447220267416 49.5388810696702 -9999 -9999 -9999 -9999 83.9519704433505 89.7687074829947 84.0092657752825 77.8485221674898 68.4913793103471 76.7634881538801 75.8189655172438
95.3669950738883 92.8087614356111 92.5207600281468 94.9709711470786 96.0085034013608 93.3245953553895 94.2033779028931 95.1822660098533 95.029322073658 94.3627726952807 89.4035890218146 91.6464930799898 87.651477832513 88.919950738918 81.124384236462 84.8662913441196 47.7603213699323 50.5170068027222 -9999 -9999 37.5114356087271 48.0000000000001 45.9249941355868 45.439889749004 44.1389866291389 61.0533661740616 46.8367933380263 49.0855031667796 84.0258620689677 79.0560051606748 64.3766713581986 60.432852451325 59 62.9217100633335 75.0724255219352 69.2951559934364 65.8578465869087 54.3398428336931 52.6388106966891 66.9656931738268 77.6107787942795 47.4044100398781 -9999 -9999 -9999 82.4414144968242 88.211353506918 61.3881069669247 78.0642153413111 46.7914614121566 70.5019939009773 68.8156228008544
95 96 96.5160684963623 96.0174173117524 93.4132653061242 94.9741379310343 94 95 97.0277973258269 87.9572484166077 89.4775392915786 89.3417780905485 85.8451794510915 83.0598756744049 87.0418719211827 87.7353976073184 83 51.5294980061001 49.6064391273769 49.2378606615095 52.2968566737047 52.9741379310311 51 51.2378606615095 45.6222730471502 48.869516772215 44.6128313394334 73.2820197044339 82.8279967159247 82.9741379310343 60.8794862772704 59 62.3537414966008 57.5974665728376 66.3538587848934 74.2064860426943 56.2084799437028 68.8036593947914 62.4621745249756 57.077586206897 54.1142974431173 55.1612714051128 68.8423645320168 -9999 -9999 -9999 68.0927750410567 79.5690828055366 81.4771287825487 72.4979474548439 58.4838728594925 69.7065446868427
97.2832512315277 96.5743021346464 95 93.9941942294155 94 93.0407576823862 93 96.0172413793116 95.0318437719911 83.7997888810639 89.590487919307 89.5516068496316 87.9827586206884 86.0849753694534 85.0086206896558 93.2225545390569 89.6406873094074 -9999 80.1790992258926 45.262667135819 47.1453788411931 49 53.8309875674377 62.2476542341055 69.7668895144253 39.0044569551962 41.7044334975341 81.4422941590427 88.1022167487705 82.857201501296 63.0172413793116 61.3244780670917 68.6077292986186 74.5415200562992 75.0031081398079 77.1958128078835 71.043103448279 75.9919657518174 71.8027210884373 76.6648486980985 77.4980647431362 65.689303307534 73.9802955665011 -9999 -9999 -9999 -9999 77.2695871452042 53.0072132301162 64.0291461412172 59.2538118695776 60.6574595355346
94.0172413793116 96.4113886934079 95.4604738447123 92.0086206896558 94.7958010790524 91 93 93.0016420361249 96 87.0830401125983 92.1637344593024 90.2899953084668 86.1718859957775 85.1094886230271 88.0008210180624 86.9780084447556 75.9306826178629 86.504398311049 85.375791695986 84.5170068027187 49.8827117053724 45.9827586206884 66.7587379779505 42.7459535538368 38.3963757916964 37.4916138869319 55.5358315739956 81.5482054890918 89.7167487684685 72.0588200797495 70.6458479943667 80.0086206896558 78.5768824771291 80.9827586206884 81.7144030025828 63.0053366174059 71.0526038001394 73.1676049730274 66.7854797091258 76.6937016185751 85.0837438423661 76.3157400891354 88.2943349753691 62.0399366643223 -9999 -9999 -9999 -9999 78.9771287825419 83.9979474548439 55.5511376964732 59.6185784658722
98 96.9848698099919 95.988212526389 96.3613652357517 95.2180389397147 95 92.940358902179 97 88.7837203847131 90.9741379310326 95 93.7074829931985 90.6344123856425 87.0517241379347 87.9766009852199 85.781315974666 70.2165141918808 82.0133708655886 82.6022167487697 46.4911447337514 47.7415552427952 46.8965517241238 43.2068379075826 41.3035421064998 43.0712526389886 37.9741379310326 83.3294628196074 66.6703026038002 81.0209359605925 84.0348932676489 85.9398311048515 80.2849519117991 77.610954726721 87.0089725545396 77.8447689420714 76.7836617405551 81.9129134412374 82.0482054890956 87.4183673469452 91.9741379310326 89.9741379310326 89.9634060520734 83.2081280788112 83.6911212760979 -9999 -9999 -9999 -9999 -9999 76.8903940886723 74.2451911799218 61.2127023223032
97.3041871921188 98.9390100867938 96.9765423410746 96.2834271639691 97 96.9970677926343 97.9542575650953 94 96.0310813980762 89.3434201266707 94.5782312925175 86.8851747595591 85.8006685432803 86.9985338963173 91.0431034482755 82.5703729767766 91 88.0014661036829 90.3974313863458 83.4085151301886 87.0750645085615 75.3017241379269 46.7039643443582 39.9888576120104 37.3472906403942 70.4920830401039 73.7101219798236 69.7614356087263 84.8349753694574 89.9137931034489 79.8367346938783 77.2494135585276 78.7439010086785 84.0431034482755 82.4214754867456 84.452791461411 73.3172061928194 75.8706896551734 78.2070138400173 84 81.2570372976783 83 87.6711822660112 74.9957189772455 -9999 -9999 -9999 -9999 -9999 -9999 79.2085972319986 63.0017593243985
91.285714285715 92.1104269293941 98.5113769645769 100 98.2457189772463 93.1247947454863 93.0603448275871 92.2508210180647 97.3798381421538 97.45742434905 95.0866760497301 91.2321721792144 87.7763898662911 83.9680389397166 88.0894909687995 80.802603800141 86.6286066150607 88.4538470560624 85.524806474314 89.3040112596756 93 56.0603448275823 43.1292517006805 44.3175580577056 69.3274102744535 68.6952263664092 80.6257916959849 75.4354327938072 84.1810344827614 78.841719446407 81.8990147783235 85.6647900539515 88.8180858550304 85.7269528500992 81.1206896551742 84.8813628899834 82.9433497536937 85.879838142152 75.0603448275871 72.0413441238542 77.1106028618365 56.414965986395 78.0431034482766 83.1564625850335 -9999 -9999 -9999 -9999 -9999 -9999 76 67.8548557354028
91.8140394088669 95.9678043631244 98.9646375791693 98.0522519352572 97.062280084448 95.0680272108851 91.9741379310363 93.077586206897 96.7050785831576 97.9572484166077 97.5782312925175 99.2698217217909 87.3787825475007 84.9973610133711 80.1728243021332 73.2244897959185 81.3604855735419 84.5170068027221 78.2800844475697 90.3936195167719 84.8391391039175 50.99999999999 42.7155758855255 76.5745367112343 67.770935960589 70.074126202211 86.9952498240678 77.6979239971845 75.0073891625617 74.1865470326043 88.9178395496109 79.9043513957312 81.5782312925175 80.5858550316694 77.975193525686 83.0628078817737 85.1198099929626 78.8543865822179 65.4568379075734 52.3991907107656 62.1198099929635 66.3017827820819 73.4273399014753 79.4849870982878 -9999 -9999 -9999 -9999 -9999 -9999 72.0511963405982 85.1224489795905
89.8633004926105 94.2343420126668 89.9704433497474 99 96.3308116349986 96.0551254984758 94.0554187192143 94.905172413793 94.0645085620456 93.4489795918352 98.3817733990143 99 95.1243842364555 87.9731996246714 90.0948275862071 78.7755102040815 81.1619164907342 82.4310344827579 85.9180154820577 90.0553014309129 52.9533192587378 41.1896551724173 46.2339901477837 85.1391625615751 83.6942294159038 83.2930448041227 77.423058878725 82.7019704433496 79.6600985221619 88.1223903354422 86.3001407459511 79.8103448275859 83.094827586207 86.3492258972589 81.5815740089138 82.7914614121495 80.9644616467322 59.093302838375 72.7068965517352 60.7426108374386 58.5473258268806 78.967921651417 86.7290640394149 77.5235749472201 87.1547032606161 76.8175580577066 -9999 -9999 -9999 -9999 -9999 83.8771991555208
92.8078817733967 94.5194698569077 89.6288411916527 84.8564391273775 94.2241379310373 95.8879310344814 92.0612244897986 96 94.1116584564878 93.6013370865607 93.5134295097345 93.1120689655186 94.7148135116089 99.8879310344814 98.845238095237 91.6013370865592 90 86.2165141918859 90 79.1901243255998 43.1265540699054 42.8879310344804 45.2123504574256 83.6691883649928 83.3617171006356 81.5749472202712 82.7583274689213 89.4389514426444 85.7865353037742 90.5051606849735 86 83.8556767534642 83.7583274689155 86.9375439831166 85.8116936429721 83.2598522167507 75.9422941590408 83.9635819845175 67.2736335913572 59.3566150598187 67.2453671123575 80.6172882946234 82.445812807883 83.8610720150135 87.8637696457889 75 -9999 -9999 -9999 -9999 -9999 78.0950035186474
93.3596059113304 92.8440652122959 88.3379075768259 88 95.9744897959186 89.9407694112121 93.3198451794519 94.0492610837438 94.7274220032833 85 92.4965399953075 95.4754867464204 97.8918015482062 97.1545273281695 89.1075533661719 87.063159746655 92 88.0296152943955 85.712526389867 48.4211236218608 42.7247830166545 42.1293103448279 44.387051372274 77.0617522871266 85.1921182266028 79.7709946047452 83.0457424349045 88.8335679099221 88.7385057471256 92.1633239502658 87.3617171006375 92 83.8706896551734 80.1873680506669 80.4076941121269 82.7048440065677 83.1055594651649 63.1232699976587 75.2755688482269 72.7452498240764 83.4738447102993 66.9112714051237 54.9174876847283 84.4220032840705 91 83.8574947220277 -9999 -9999 -9999 -9999 -9999 70.8905700211202
90.8780788177359 93.7923997185086 93.9202439596529 92.0378254750193 80.6805653295787 80.9319727891149 94.8534482758618 95 94.8534482758618 93 91.2134060520752 92.1030964109768 96 98 90.3604269293916 98 92.6980999296283 92.5537766830859 92 67.8068261787474 42.0378841191651 43.1465517241394 51.0310227539276 75.7447806708884 84.0775862068968 83.3604855735406 91.4656345296728 89.7755102040815 87.8534482758618 89.0049847525213 91.2452498240682 83.3961998592546 83.5065095003516 78.1465517241382 75.8268238329818 78.7467159277495 69.914672765657 69.6693056532936 73.0470912502993 78.9551372273025 75.3135116115386 50.9641097818435 59.1958128078835 73.0876730002342 65.0232230823355 80.8793103448292 83.8873445930092 -9999 -9999 -9999 -9999 55.1725897255376
86.548029556647 94.5107905231055 84.486863711011 91.0899014778315 85.3265306122438 88.6454374853421 81.6863124560175 94.8362068965519 95.9476307764486 92.5821604503873 95 93.5436898897505 90 97 92.0841543513971 97 88.3275862068961 88.1860192352763 87.2244897959223 41.5069786535285 40.6724137931038 41.8362068965519 78.1214520290873 80.4222965048074 91.4880365939476 79.0791109547262 93.0740675580572 84 87.6724137931038 90.7848932676566 90 82.4563101102513 87.388810696693 80 76.9409453436548 80.8095238095224 73.2250175932433 80.2206779263434 75.8038939713822 68.8907459535529 73.2180389397114 54.442821956369 59.5344827586242 66.8032488857612 66.1865470326051 71.1470795214634 72.7769763077666 75.0816326530583 -9999 -9999 -9999 -9999
85.714285714285 81.2540464461622 97 93.6970443349707 87.7475369458092 83.2040816326553 84 97 96 94.1810344827613 92 92.4679216514223 95.7716396903524 98.0278559699716 98.0172413793103 98.8596059113279 90.8189655172386 78.671416842586 88.3353272343479 50.7341074360945 39.8423645320174 75.181034482769 79.3721557588527 74.4014778325337 87.6945812807988 78 83.3537414965973 85.8166783954953 86.6461412151167 86.2212057236681 85.8900422237972 91.1280788177359 80.5018766127135 86.089197748059 84.7032019704389 80.0439244663377 76.1588669950765 77.5699038235922 67.83520994604 66.601161154136 67.3311634998798 57.7549847525088 53.4926108374411 58.8152122918134 57.444463992486 70.4959535538158 68.7467745719025 74.9836382829031 74.977656579877 -9999 -9999 -9999
80.5726600985212 84.8373797794988 95.8920947689421 96.342892329346 90 92.4668074126178 93 92.6867816091942 97.1982758620695 96.8907459535532 95.8853506920005 91.5033427163982 93.1982758620695 95.0340136054392 97 97 94.2836030964097 92.1982758620695 89.5860309641084 45 42.4055242786778 80.1982758620678 84.2506450856209 86.8529791226829 79.7248416608015 82.6539995308402 82.8017241379305 88.3893384940187 85.4462233169174 78.6101923528015 77.0985221674871 88 87.240089139105 82.441766361718 79.8651184611772 75.6490147783235 79.1739971850817 79.8697513488156 75.9220619282257 76 75.1409805301438 57.9564860426909 47.3165024630517 61.2185080928918 75.7583274689196 68.1838494018317 70.3837086558754 67.6394557823139 72.8903940886718 59.266420361248 -9999 -9999
83 91.3167956837946 88.1973375557227 98 92.7844827586219 90.9173117522863 87.0029908515241 95.8095238095224 97 95.5510204081648 96.6710063335662 95.847525216984 91.3435960591117 94.7651301900099 94 96 96 93.8885761201036 90.2244897959223 48.8493431855457 44.7566267886478 79.491379310355 78.0735397607324 89.5944170771769 90.4853976073218 83.7577996715896 80.5692587379754 81.9553131597482 76.1498357963875 81.7724607084235 88 87.4449917898188 89.3627140511394 87.0967628430674 86.0280905465629 75.7684729064025 74.0450387051378 77.9834623504538 61.8434201266769 69.4498592540366 72.5227539291551 49.6510673234829 61.6921182266023 57.3466455547724 65.3376730002355 58.1133004926116 57 66.6995660333109 78.8312807881745 74.5915435139611 64.1077292986094 -9999
95.4347290640385 94.3579638752052 92.4557823129268 91.8432441942293 91.7672413793103 94 92.0142505277979 91.6539408866992 94.605852685902 94.5747712878277 94.6764015951212 95.716690124328 97.641977480648 94.9659863945608 94.9269293924481 97.7149894440535 96 91.629427633123 92 47.3709242317611 41.9220032840721 78.7672413793145 85 82.1983345062154 83.1425052779733 87.1124208304005 84.4958362655417 83.0452146375792 91.7229064039401 91.9137931034558 83.0380014074594 82.7755688482286 83.5418132770352 85.7647783251265 82.3886934083977 81.1904761904776 75.659042927517 62.4664555477356 65.7088904527515 68.2709359605893 77.6315388224225 79.8528618343893 68.8411330049238 47.8907459535542 62.8911564625889 52.1544686840245 45.9396551724064 65.4842833685184 63.3757916959897 76.1231527093596 67.7467159277464 65.5906052076091
94.714285714285 93.6887755102041 93.5221088435366 93 90.0493197278909 88.301020408165 92.1887755102009 92 90.0901360544211 97 97 96.6462585034001 96 97.0085034013598 94.2261904761906 97.8316326530611 97.0731292517012 96.3622448979586 88.2806122449038 82.2414965986415 40.8707482993195 40.0000000000009 79.2585034013609 89.1938775510196 87.6938775510198 91.6377551020427 84.2653061224481 84.0561224489795 81.0476190476197 89.4744897959214 87.9999999999983 81.0425170068036 80.8945578231296 85.913265306123 81.1003401360549 81.2976190476192 81.7500000000004 65.2840136054422 53.5952380952344 66.2448979591844 68.1139455782309 81.146258503401 59.9285714285718 57.8044217687079 48.2499999999996 48.0306122449015 47.3078231292495 56.4387755102077 59.2653061224467 82.6547619047618 72.4336734693832 54.4030612244878
94.7327586206888 95.1563452967399 88.7641918836508 90.8889866291371 90 90.0498475252175 83.7853624208321 88.6362889983607 92.3197278911564 85.0072132301253 95.0418132770334 93 95.7338142153444 97.4405934787713 95 96.2672413793112 96.0945343654703 96 99 84.724020642737 41.819434670417 36.0000000000022 51.2760966455529 85.5433380248653 91.3272343420138 84.784248182035 89.7327586206888 79.4210063335668 83.6042692939272 89.8017241379336 88.0436312456016 81.1890687309411 81.0418132770353 88.4655172413776 82.5015247478307 84.6818555008197 86.7327586206888 72.8006098991301 61.9787708186806 59.0689655172447 68.133474079283 63.1563452967398 82.259852216753 55.7288881069679 54.2726366408638 48.7471850809307 57.7039643443588 61.0755336617339 73.373856439126 64.6798029556657 71.031081398074 61.2568613652405
92.4470443349757 92.5850340136057 93 92.709711470795 90.2283603096412 93.1852568613659 91.7329345531325 86.230295566502 90.5777034951912 89.2297677691791 87.2671827351631 93.2093009617632 91.5986980999302 94.0340136054392 96 96 98.2844827586206 97.3455899601213 96.1103096410972 91.5700797560456 44.4013019000698 39.0000000000012 92 84.1849636406279 92.0367698803668 94.7398545625187 85.7155172413794 84.4310344827588 83.6473727421993 83.0583509265724 83 81 81.8880483227767 82.3939127375035 81.7712291813277 86.1362889983589 86.0612244897952 81.0193525686139 60.431679568383 58.1553483462337 83.1296622097112 62.7421416842634 74.3879310344839 58.7315857377442 58.294980060995 52.5839197748065 52.6032136992753 48.7685315505525 54.7684729064058 62.7155172413794 58.2196809758462 65.593068261789
