rasters/Egypt_CLYPPT_M_sl2_250m_ll.asc
NCOLS 147 
NROWS 116 
XLLCORNER 24.688652792 
YLLCORNER 21.99436916 
CELLSIZE 0.083059832122449 
NODATA_value -9999 
[rows 0 to 24 of 116, columns 55 to 109 of 147]
-9999 -9999 -9999 -9999 -9999 -9999 -9999 -9999 -9999 -9999 -9999 -9999 -9999 -9999 -9999 -9999 -9999 -9999 -9999 -9999 -9999 -9999 -9999 -9999 -9999 -9999 -9999 -9999 -9999 -9999 -9999 -9999 -9999 -9999 -9999 -9999 -9999 -9999 -9999 -9999 -9999 -9999 -9999 -9999 -9999 -9999 -9999 -9999 -9999 -9999 -9999 -9999 -9999 -9999 -9999
-9999 -9999 -9999 -9999 -9999 -9999 -9999 -9999 -9999 -9999 -9999 -9999 -9999 -9999 -9999 -9999 -9999 -9999 29.9999999999983 -9999 -9999 -9999 28.5079756040319 29.981703026038 31.3676988036592 -9999 -9999 -9999 -9999 -9999 -9999 -9999 -9999 -9999 -9999 -9999 -9999 -9999 -9999 -9999 -9999 -9999 -9999 -9999 -9999 -9999 -9999 -9999 -9999 -9999 -9999 -9999 -9999 -9999 -9999
-9999 -9999 -9999 -9999 -9999 -9999 -9999 -9999 -9999 -9999 -9999 -9999 -9999 -9999 28.4909101571671 24.8974313863462 26.1945812807849 -9999 -9999 -9999 -9999 31.540640394093 25.797794980066 31.0415200563001 25.1694229415923 31.9059934318655 32.4102744546123 -9999 28.7074829931968 31.4852216748814 31.5738916256181 -9999 -9999 -9999 -9999 -9999 -9999 -9999 -9999 -9999 -9999 -9999 -9999 -9999 -9999 -9999 -9999 -9999 -9999 -9999 -9999 -9999 -9999 -9999 -9999
-9999 -9999 -9999 -9999 -9999 -9999 -9999 -9999 -9999 -9999 -9999 -9999 -9999 19.7242552193296 26.5603448275854 27.6300140745904 30.5966455547757 28.6029204785394 29.1982758620733 32.3550316678368 31.5845062162795 29.994897959182 28.1547032606185 29.6109547267198 31.0893736805075 28.083743842366 28.1016303072954 30.4885643912731 32.5171240910133 32.6938775510219 31.1215693173848 -9999 -9999 -9999 -9999 -9999 -9999 -9999 -9999 -9999 -9999 -9999 -9999 -9999 -9999 -9999 -9999 -9999 -9999 -9999 -9999 -9999 -9999 -9999 -9999
-9999 -9999 -9999 -9999 -9999 -9999 -9999 -9999 -9999 29.1567558057728 -9999 -9999 26.9224137931047 24.7956837907583 24.1700093830608 27.7501759324388 26.8360896082564 26.229826413325 25.422413793105 28.5575299085154 28.9394205958218 30.7765657987337 31.4080459770087 29.5459770114948 27.7499999999992 30.155172413794 31.5042810227608 28.6718859957777 31.1752873563213 34.6666666666662 -9999 -9999 -9999 -9999 -9999 -9999 -9999 -9999 -9999 -9999 -9999 -9999 -9999 -9999 -9999 -9999 -9999 -9999 -9999 -9999 -9999 -9999 -9999 -9999 -9999
-9999 -9999 -9999 -9999 -9999 -9999 -9999 20.7346938775524 25.0532488857617 23.9338494018297 27.1491907107673 29.6514778325093 30.675580577063 30.0306708890463 30.3991320666176 25.8193173821274 23.2585034013594 25.5948275862052 27.5948275862041 26.5589373680523 25.8174407694106 26.7345179451059 28.5170068027239 31.7895847994384 28.3580225193523 29.9433497536938 30.041344123853 30.3654116819132 27.5733051841447 37 34.0606966924717 34.7249003049512 35.421182266009 -9999 -9999 -9999 -9999 -9999 -9999 -9999 -9999 -9999 -9999 -9999 -9999 -9999 -9999 -9999 -9999 -9999 -9999 -9999 -9999 -9999 -9999
-9999 -9999 -9999 -9999 -9999 -9999 22.1741731175217 -9999 23.8865235749481 27.9994722026771 25.6100164203624 28.9047619047638 26.0364180154836 24.1714168425983 24.4961881304243 26.9129134412373 24.7335209946035 24.2453084682169 26.6120689655167 29.2453084682169 28.2956251466124 26.6120689655184 28.9076941121277 28.3879310344815 31.5513722730446 31.3563218390849 33.8771405113877 35.5096762843119 33.8594886230353 35.9393033075297 36.1117171006303 35.8759676284311 32.430623973727 33.2341660802273 -9999 -9999 43.7837790288495 28.4893854093396 31.4857494721984 -9999 -9999 -9999 -9999 -9999 -9999 27.5306122448942 -9999 -9999 -9999 -9999 35 30.7346938775495 -9999 28.4482758620738 11.6571076706511
-9999 -9999 -9999 -9999 -9999 28.202674173121 20.8055946516522 24 24 30.6808585503136 31.4134998827063 27.881773399023 29.5951794510891 25.6304245836287 26.515716631475 23.9975369458171 25.3038353272319 24.7106497771544 28.482758620676 27.4520290874957 28.0958245367103 28.2464813511602 31.079345531317 32.6293103448294 27.894264602397 26 35.6079052310616 32.4897959183652 35.1840839784198 35.6293103448294 31.5751231527007 34.7987919305648 32.2709359605834 38.6505981703005 34.9395965282654 36.1955195871441 38.9762491203379 35.3772577996684 42.1073187895864 33.3596059113299 13.7855383532733 -9999 18.6935256861392 10.7687074829947 10.8231878958402 10 8.85878489326834 10.2122918132735 8.12244897959044 9.25005864415336 8.13605442176725 10.7276565798752 13.3706896551706 14.700328407223 13.8713933849414
-9999 -9999 -9999 -9999 21.9256978653529 21 23.2931034482752 23.0204081632651 22.835092657751 21.5167135819841 24.3534482758624 23.4675697865387 23.7258972554537 24.1287825475024 24.4638165611063 25.6465517241376 28.3408397841863 28.1370513722735 29.0000000000017 31.7068965517248 29.905055125497 28.501407459535 32.0340136054477 33.8105794041755 29.4707952146362 33.3197865353035 31.2010321370001 30.5167135819841 35.103389631715 34.4217687074825 34.8413089373684 33.4398311048555 33.4207717569795 37.567558057707 36.6066737039637 33.3914496833239 37.0550668543273 34.6465517241376 36.1714754867459 10.2857142857133 14.6009852216721 16.1264367816047 16.3833567909929 10.4351982172178 14.2931034482752 10 10.4002463054185 8.9110368285237 10.769000703728 10.6353506920038 11.8639455782328 9.25967628430653 6.70689655172481 13.6613300492624 10.8020760028129
-9999 -9999 26.326999765423 17.671885995778 12.8542692939256 20.1298381421541 19.8490499648139 19.7762725779977 17.8058292282439 20.5005277973264 22.3247712878267 21.3362068965519 23.5214637579172 24.1013957307072 22 26.1819141449656 29.1623856439136 29.2585034013611 30.0086206896524 30.0869106263197 32.7484752521691 32.2573891625613 32.8487567440796 35.3362068965519 33.2167487684726 33.967980295566 29.7175697865317 34.7273047149896 34.1855500821014 32.4657518179678 32.7019704433508 33.3275862068961 25.7454844006549 29.0005277973259 33.1006333567881 36.1320079756057 30.556826178747 31.306474313863 14.8640628665259 8 6.38881069669254 5 6.33620689655193 5.66379310344807 10.42446633826 9.31896551724035 9.33620689655193 8 12.41854327938 11.3339197748073 10.5277386816808 9.51231527093713 5.20695519587198 8 7
24.8893384940173 18.1343537414957 17.684259910866 19.0390570021132 23.0607553366183 20.5512549847494 21.5316678395544 18.5313746188175 22.2256626788667 17.9048205489162 20.992376260853 22.9610016420425 23.3905700211148 22.1644381890736 27.9568965517313 33.8339197748062 34.2365118461199 33.0504926108435 33.000000000004 36.9532019704439 30 30.677515833923 33.5070372976859 32.9721440300304 26.9283954961289 34.3924466338219 32.3421299554307 33.5698451794496 33.1502463054164 32.5465048088168 32.7267769176669 31.89801782782 31.2582101806255 29.7630190007066 26.7921651419101 30.3620689655125 34.8819493314574 15.0984635233488 9.39842833685026 7 8.63112831339173 5.31896551724376 7 2.95296739385576 5.68103448275624 8.37667135819099 10.4404761904795 3.63793103448752 8.08339197747941 10.0068027210865 9.86394557823276 8.41502463054355 9.26870748299193 12 12.4447572132297
6.79679802955578 8.68167956838069 8.28119868637195 14.2832512315274 10.1330049261091 12.2853624208365 14.1778676987995 29.8547384471028 28.0762960356557 25.8615411681895 25.4170771756938 22.3394909688015 25.1602744546085 22.7957424349035 25.1185784658671 26.2118226600949 24.8440065681446 36.9220032840718 32.3965517241373 31.0902533427164 31.0779967159277 31.6393384940147 34.5422824302109 32.389983579641 30.384764250527 33 33.1658456486123 33.7382125263907 32.2925170068032 34.2288881069702 31.6773399014781 26.1552897020871 29.1330049261091 23.5758268824774 27.0475017593249 26.0852099460374 23.6982758620678 25.963171475483 9.10679099225682 9.12931034482867 8.54181327703429 5.69827586206782 5.62702322308053 7.07160450386244 4.55348346235051 0.153940886699714 5.62684729063608 8.52251935256631 6.26477832512458 19.7023809523786 26.2901125967661 26.9488036593994 11.6962819610609 13.4761904761923 12.2874736101293
9.80840957072596 8.77163969036018 10.9319727891149 13.8620689655244 15 15.8064743138647 13.5689655172378 11 28.957131128312 24.9296270232228 28.6571663148086 29.0541871921168 24.4451090781127 28.2531081398073 21.7353976073157 23.9929627023234 25.1730588787217 27 33.4310344827593 29.1920009383041 33.2720501993934 33.6857846586872 30.2504691531712 31.5375908984262 32.7793807178058 32.9318555008197 27.0583509265725 33.4057002111161 35.1180506685423 32.212760966456 25.3216045038812 26.9061693643023 32.4207717569782 29.2844827586189 32.2264250527777 15.7205019939 26.6226249120359 7.02163969035854 6.74783016654749 9.20320197044235 8.76442646023473 7.00774102744514 4.14602392681406 7 2 1.13933849401778 3.8415435139544 5.18009617640353 8.48135116115131 26.7087145202946 19.7294745484389 3.65921885995629 14.1722378606606 12 13.7155172413811
9.6067909922591 7.6790405817502 9 9 10.7327586206893 15 14.7327586206893 10 12 27.3302251935272 26.2006216279602 23.6050903119833 23.6282547501757 27.691121276095 29.5260966455564 26.8194933145684 25.8705723668798 27.3882828993654 26.465517241379 29.1637931034487 33.9309171944642 30.8963757916959 32.9133239502724 32 30.7755102040815 29.3115763546808 30.0090898428329 33.2236101337092 22.1890687309408 25.1196340605175 30.4324419422919 22.4325592305875 21.2196223316986 20.5957072484167 22.4338494018286 21.0699624677481 24.4934904996473 23.6757565095015 6.52586206896629 4.47660098522123 6.88535069200136 5.04714989443884 5 0.938189068731243 0.438130424584514 3.89338494018447 5.78448275862093 5.26724137931073 2.26724137931073 4.99818203143378 4.09969505043284 5.80559465165275 21.4927281257338 11.8727422003277 10.7327586206893
13.3265306122446 14.7499999999974 11.301020408163 9.29591836734818 12.2023809523799 9 14.0357142857112 10.5663265306114 15.8537414965998 17.5816326530589 20.8095238095125 30.7380952381006 32.0765306122481 26.6615646258506 20.7414965986414 18.9438775510175 21.4047619047599 28.5561224489798 29.4999999999983 34.9030612244895 32.629251700681 28.9438775510205 30.2499999999991 35.134353741493 31.0255102040807 27.7976190476174 30.0595238095186 28.4183673469406 27.7500000000009 23.5000000000017 18.1122448979584 19.7602040816324 23.7380952380957 21.3265306122433 28.2329931972745 5.39795918367132 5.7397959183683 20.2755102040798 5.27380952380832 6.67857142857179 9 9.01360544217643 1.67346938775503 3.05782312925114 4.84013605442207 3.74489795918343 7.52380952380985 5.18877551020585 3.43877551020328 5.74319727891437 11.9098639455779 6.44897959183475 18.8486394557772 13.7380952380952 13.7397959183683
13.1520056298391 12 12.6628547970886 11.7672413793086 13.1555829228184 11.2453084682143 14 11.7745718977263 22.1822073657057 14.9619985925404 23.474137931014 26.3058292282431 19.3550316678396 30.5865001172887 22.0688482289503 31.2197396199784 28.3451794510939 31.3920947689443 29.3017241379263 29.2458949096838 29.7414965986406 29 27.146434435849 25.0083274689188 25.4655172413827 27.5862068965377 28.3007858315698 23.2262491203417 28.0965869106268 16.2871803893956 13.5369458128019 26.1583391977492 5.89614121510634 7.21850809289411 7.78307529908372 6.90816326530635 20.6557002111197 -9999 25.7390335444543 6.70073891625417 5 0.2536359371344 2.71270232230627 2 8.27662444287923 6.62420830401114 6.94047619047857 9.69651653765482 9.79574243490316 8.99841660802296 19.1246188130399 25.6469035890342 9 10.2327586206914 15.5796973961999
9.6465517241393 8.38851747595685 10.2155172413798 10.7844827586202 15.8095238095224 13.5689655172405 14.3522167487671 15.7009734928466 26.4449917898187 16.7086558761449 26.6465517241393 31.2110016420403 33.6291344123865 26.432852451331 13.7325240441019 28.1722378606591 28.9442880600517 25.1725310813985 24.2155172413798 22.1876612714055 28.8692235514925 27.9113300492619 28.3075885526606 24.0612244897919 21.263898662914 26.9298029556609 18.651243255924 15.7728712174491 15.8599577762137 27.6935843302833 29 9.63787239033467 10.1904761904776 11.7844827586202 8.01466103682872 5.37027914614005 4.03413089373655 24.1768707483032 -9999 19.9384236453203 4.37197982641329 4.00586441473121 5.02199155524307 6 10 21.9576002814912 4.89532019704462 2.21551724137977 8.21551724137977 8.6678981937555 9.78243021346137 8.63916256157835 9.13048322777425 9.89737274219972 13.0747712878253
9.86646727656628 11 11.7606732348114 10 9.16050903119776 11.0714872155756 9.3599577762131 15.829110954729 16.5672061928235 10.8691062631954 13.2528149190655 26.362889983573 28.801020408162 9.80172413793184 18.0519587145253 26.5320197044346 26.0434553131683 19.4824067558054 25.396551724138 26.0512549847524 21.9132066619751 24.0182969739606 25.9704433497503 30.6953436547014 26.9352568613656 24.3123973727432 27.4035890218135 31.197044334975 13.0011728829389 24.1146493079987 7.87491203377828 9.40188834154061 21.4088669950723 5.31914144968658 6.17710532489062 7.23739150832612 7.67804363124932 9.0397607318818 24.7962115880848 -9999 6.16725310813922 6.77990851513176 6.48610133708954 3.03301665493718 7.9285127844246 10.776917663616 7.88464696223267 8.69487450151981 9.02427867698766 6 8.80172413793184 10.9069317382135 9.64725545390621 8.89614121510751 11.6530612244915
13.4484517945113 12 11.8312807881765 9.94141449683762 7.30254515599495 9.87684729063968 11.9002463054179 10 9 5 10.1810344827596 21.4318555008136 7.61664320900683 6.06403940886712 6.97267182735548 3 9.56046211588098 3.81398076471825 24.1810344827631 19.5269763077663 15.4435843302801 24.2039057002107 26.3086441473217 28.3343302838336 28.3699859254034 24.8612479474529 16.8869927281187 21.2851864883887 21.3620689655193 20.1213347407964 20.9187192118225 9.94211822660067 7.83456486042564 4.14197748064903 14.693056532962 8.67364532019484 9.45689655172105 17.0836265540681 19.5542458362651 23.2068965517246 8.12813746188074 12.0222847759785 4.01847290640425 3.62954492141725 4.04738447103007 9.99630541871965 11.0139573070595 9.04433497536859 6.81896551724035 6.81585737743361 13 10.1810344827597 9.49583626554048 9.18103448275965 12.3469387755085
11.0534834623503 10 10 11.7850105559444 12 10 12 11 7.0128430682607 5 5 4.29638752052569 5.26125967628438 6.26636171710422 6.24290405817451 6.3515130190038 8.05236922355077 8.97882946281959 6.16379310344807 25.1080811635001 28.677926342958 15.245073891627 20.7883532723501 23.4595941824993 23.6228008444765 20.6457307060727 25.6952850105544 23.2361013370889 22.8161505981708 19.8801900070372 21.028501055598 9.88857612010334 4.84072249589372 16.8462350457425 7.95425756509448 5.19727891156268 17.2195636875447 8.92604973023527 16.1916490734221 17.0701970443352 7.18209007740967 8.81345296739487 3 5.93250058644273 11.2825475017573 6.69106263194578 15.6995073891626 11.2517006802742 8 6.99431151771216 9.02228477597909 8.22185080929057 12.4047619047624 11.2742200328395 10.2901125967615
13.6226249120345 9 11.7953905700218 9 7.85344827586351 7.09371334740699 8 7 9.39619985925197 8.26196340605059 9.56532958011174 6.62561576355114 9.11365235749359 5.64625850340269 5.21733520994375 5 5.51700680271874 8.88969035890177 6.29310344827248 20.6981585737705 22.4791226835544 21.274102744547 19 24.80119634061 15.2786769880368 20.0652709359577 23.6247947454943 23.5197044335015 21.7083040112593 21.2981468449458 22.4044686840283 8.04685667370349 23.2352216748783 17.1465517241365 18.224548440065 7 17.3121041520105 15.2424349049977 9.9750762373919 -9999 17.6740558292305 7.14256392211931 3.13159746657138 4.94710297911294 13.1079052310523 11.1296622097189 6 6.47102979122614 9.87755102040956 11.8476425052811 10.1465517241365 11.588142153413 9.94217687074894 12.8394909688039 18.9491555242794
5.87068965517168 5 9.12931034482832 10 6 6.07400891391276 7 7.49653999530848 5.56626788646763 7 7.42792634295291 6.86124794745116 6.97097114707934 8.6462585034027 6.84107436077623 5 7 7 14.8706896551717 10.2418484635242 3.64631714754707 18.0791695988745 24.0624560168895 18.0457424349051 24.7737508796631 12.1510673234808 19.1545273281711 23.7496481351162 25.718273516306 21.8504574243481 21.4797677691775 11.8153882242561 6.02463054187224 16.6880717804355 13.6358198451757 3.62438423644477 3.21375791696132 16.076999765425 15.7006216279618 -9999 -9999 7 7.89707952146346 5.56990382359836 8.47407928688695 13.2382125263938 11.5882594417075 6.09676284306855 8.76407459535595 8.86476659629466 8 8.59254046446543 7.34353741496527 7.87068965517168 10.0395847994377
8 5 8.75469153178752 9 10.1691297208552 8.03583157400875 7.75228712174518 7 6.51612714051333 4.09377199155491 5 8.28119868636738 10.0869106263191 9.15171240910075 8.11206896551674 10.3545038705115 7.91690124325616 12.7414965986389 8.00000000000019 13.1265540699033 24.6252638986606 27 16.5409336148225 21.7402650715433 27.479239971851 17.1120689655167 18.15229885058 11.2105911330083 15.0869106263221 25.6254984752524 18.0867346938823 11.3270584095692 3.39326765188866 9.16643209007632 6.11206896551674 6.30934787707942 7.7100633356782 7.43214872155906 -9999 -9999 -9999 14.8668191414509 6.39532019704703 6.88793103448326 20.0882594417108 10.5102040816314 12.4363711001629 13.776507154584 13.8879310344833 10 6.36242083039743 7.28817733990239 16.5818085855036 9.05870279146095 10.0388810696689
5.79187192118115 5.92387989678614 7.9116232699976 7.1502463054213 7.7327586206883 8.03031902416143 6.09482758620703 8 7.93291109547246 7.01548205489088 6.003225428102 9.09523809523623 10 6.50985221674778 5 7.9632301196342 16.1925873797831 12.9395965282665 15.0000000000002 19.6956955195866 23.905172413793 20.3877551020406 15.4829931972761 25.9248768472885 22.8205489092194 28.7832512315264 13.9595355383568 18 19.5689068730948 22.7703495191177 22.7934553131563 15.905172413793 5.0361247947458 8.93877551020478 6.06157635468047 8.29210649776971 9.31403940886544 20.9371921182313 -9999 -9999 -9999 19.1572836030978 8 7.23129251700534 7.768472906405 9.95355383532705 15.5603448275854 11.7012080694329 9.08321604503895 8.91391039174027 11.6181679568386 10.0503166783959 8.80911330049176 7.18965517241406 16.660978184374
8 9.80272108843595 8.15517241379084 5 8.25328407224995 7.94722026741808 7.99208304011248 9 7.04539057002026 9 9.25885526623886 11.9298029556659 6.22448979591847 14.0274454609425 7.63816561106868 8.68983110485655 14.9424700914856 14.1652005629814 12.7672413793124 17.0675580577048 26.6438540933642 24.6979239971857 19.319082805541 30.7609078114068 23.5431034482758 27.8095238095207 9.07758620689542 14.6988036593958 18.5152474782993 9.70050433966811 19.4978888107034 6.92241379310458 22.9794745484363 7.9836382828998 6.92241379310458 7.06228008444682 8.3976073187873 -9999 -9999 -9999 -9999 12.8471147079559 8 6.6494252873593 16.2584447572079 12.567030260376 11 12.5161271405071 8.83532723434452 9.00680272108649 11.8448275862092 10.9635819845187 10.6830283837667 20.0476190476155 25.8479943701637
