rasters/Eritrea_bio10.asc
NCOLS 80 
NROWS 68 
XLLCORNER 36.425094035 
YLLCORNER 12.360021833 
CELLSIZE 0.0836574044375 
NODATA_value -3.4e+38 
[rows 25 to 49 of 68, columns 0 to 55 of 80]
-339999999999999996123846586046231871488.000000000000000 -3.4e+38 -3.4e+38 -3.4e+38 31.674165725708 31.6326675415039 31.7883338928223 31.7353324890137 31.783166885376 31.9536666870117 32.0799980163574 32.0820007324219 31.9491672515869 31.7905006408691 31.4936676025391 31.066333770752 30.5686664581299 30.2730007171631 27.0146675109863 25.3863334655762 26.4559993743896 25.0340003967285 24.3010005950928 25.0628337860107 25.6728324890137 24.1163330078125 22.7250003814697 22.7581672668457 23.3666667938232 26.3256664276123 27.6770000457764 27.4118347167969 26.9091663360596 26.3736667633057 25.9272232055664 -3.4e+38 -3.4e+38 -3.4e+38 -3.4e+38 -3.4e+38 -3.4e+38 -3.4e+38 -3.4e+38 -3.4e+38 -3.4e+38 -3.4e+38 -3.4e+38 -3.4e+38 -3.4e+38 -3.4e+38 -3.4e+38 -3.4e+38 -3.4e+38 -3.4e+38 -3.4e+38 -3.4e+38
-3.4e+38 -3.4e+38 -3.4e+38 -3.4e+38 31.4221668243408 31.359001159668 31.5260009765625 31.3756656646729 31.40966796875 31.6843338012695 31.9648342132568 32.0651664733887 32.0021667480469 31.8860015869141 31.5858345031738 31.316499710083 30.5808334350586 30.4306678771973 27.843168258667 26.6515007019043 28.5666656494141 28.0728340148926 26.1838340759277 25.076000213623 25.1898326873779 25.0984992980957 23.0678329467773 22.4605007171631 22.3910007476807 25.5386657714844 27.681999206543 27.4029998779297 26.9096660614014 26.3238334655762 25.7668342590332 25.2873268127441 -3.4e+38 -3.4e+38 -3.4e+38 -3.4e+38 -3.4e+38 -3.4e+38 -3.4e+38 25.484432220459 25.6208343505859 -3.4e+38 -3.4e+38 -3.4e+38 -3.4e+38 -3.4e+38 -3.4e+38 -3.4e+38 -3.4e+38 -3.4e+38 -3.4e+38 -3.4e+38
-3.4e+38 -3.4e+38 -3.4e+38 31.4818325042725 31.1568336486816 31.3986663818359 31.4446659088135 31.0594997406006 31.2884998321533 31.5799999237061 31.8701667785645 31.9996662139893 32.0063323974609 31.8821659088135 31.7385005950928 31.5501670837402 30.6326675415039 30.9139995574951 29.7325000762939 29.119499206543 29.8598327636719 29.2891674041748 28.5073337554932 26.7044982910156 24.8773326873779 23.7800006866455 23.8988342285156 21.6673336029053 23.0669994354248 24.0166664123535 27.6456680297852 27.230167388916 26.7823333740234 26.2846660614014 25.6298332214355 24.9363327026367 -3.4e+38 -3.4e+38 -3.4e+38 -3.4e+38 -3.4e+38 -3.4e+38 -3.4e+38 25.3939647674561 25.6537036895752 -3.4e+38 -3.4e+38 -3.4e+38 -3.4e+38 -3.4e+38 -3.4e+38 -3.4e+38 -3.4e+38 -3.4e+38 -3.4e+38 -3.4e+38
-3.4e+38 -3.4e+38 -3.4e+38 31.3634986877441 30.886833190918 31.2298336029053 31.1738338470459 30.7490005493164 30.821834564209 31.0101661682129 31.5913333892822 31.8728332519531 31.9116668701172 31.921667098999 31.8039989471436 31.7185001373291 31.3326663970947 31.4528331756592 30.9393329620361 30.4491672515869 29.7456665039062 29.1988334655762 29.0251655578613 28.1048336029053 26.3848323822021 24.5415000915527 23.0023326873779 22.5821666717529 20.986499786377 22.4554996490479 26.9403343200684 27.2613334655762 26.6809997558594 26.2029991149902 25.5659999847412 24.8096656799316 23.8609199523926 -3.4e+38 -3.4e+38 -3.4e+38 -3.4e+38 -3.4e+38 -3.4e+38 25.2535953521729 25.6203479766846 25.7350425720215 26.1163005828857 26.4347229003906 -3.4e+38 -3.4e+38 -3.4e+38 -3.4e+38 -3.4e+38 -3.4e+38 -3.4e+38 -3.4e+38
-3.4e+38 -3.4e+38 31.1273326873779 31.2646675109863 31.0576667785645 31.0368328094482 31.0455017089844 30.742000579834 30.1821670532227 29.9204998016357 30.9348335266113 31.4745006561279 31.7314987182617 31.7613334655762 31.7936668395996 31.7294998168945 31.6575012207031 31.6321678161621 30.9523334503174 30.7433319091797 30.1906661987305 29.4484996795654 29.5353336334229 28.6128330230713 27.458833694458 26.7948341369629 24.1741676330566 22.6334991455078 20.8846664428711 19.6490001678467 24.671667098999 27.1326675415039 26.7296657562256 26.2584991455078 25.6735000610352 25.0111656188965 -3.4e+38 -3.4e+38 -3.4e+38 -3.4e+38 -3.4e+38 -3.4e+38 -3.4e+38 -3.4e+38 -3.4e+38 -3.4e+38 -3.4e+38 -3.4e+38 -3.4e+38 -3.4e+38 -3.4e+38 -3.4e+38 -3.4e+38 -3.4e+38 -3.4e+38 -3.4e+38
-3.4e+38 -3.4e+38 -3.4e+38 31.2093334197998 30.7761650085449 30.7110004425049 30.7583351135254 30.4593334197998 29.857666015625 29.1149997711182 30.5101661682129 31.3286666870117 31.4314994812012 30.9529991149902 31.4768333435059 31.5515003204346 31.4026660919189 31.1326675415039 29.9741668701172 30.4685001373291 30.4248332977295 30.0536670684814 29.5610008239746 29.0061664581299 28.0136661529541 25.9648342132568 22.6431655883789 21.8446674346924 21.0219993591309 19.7735004425049 21.7721672058105 25.716667175293 26.6856670379639 26.4436664581299 26.0271663665771 25.4220008850098 24.8746662139893 24.6891670227051 -3.4e+38 -3.4e+38 -3.4e+38 25.0233821868896 -3.4e+38 -3.4e+38 -3.4e+38 -3.4e+38 -3.4e+38 -3.4e+38 -3.4e+38 -3.4e+38 -3.4e+38 -3.4e+38 -3.4e+38 -3.4e+38 -3.4e+38 -3.4e+38
-3.4e+38 -3.4e+38 32.0606651306152 30.8836669921875 30.6126670837402 30.9990005493164 30.6809997558594 30.2824993133545 30.1193332672119 29.5221672058105 30.0706672668457 30.7323322296143 29.7496662139893 30.3431663513184 31.132833480835 31.1656665802002 31.0988330841064 30.7824993133545 30.3693332672119 30.2628326416016 30.3445014953613 29.9523334503174 28.8901672363281 28.8733329772949 28.4136657714844 26.4538326263428 24.2068328857422 21.5935001373291 20.6286659240723 20.009334564209 20.4926662445068 23.1935005187988 24.7771663665771 25.9123344421387 25.5914993286133 25.7054996490479 25.2651672363281 24.9888324737549 24.8702087402344 -3.4e+38 25.0152778625488 25.5310001373291 25.7274188995361 -3.4e+38 -3.4e+38 -3.4e+38 -3.4e+38 -3.4e+38 -3.4e+38 -3.4e+38 -3.4e+38 -3.4e+38 -3.4e+38 -3.4e+38 -3.4e+38 -3.4e+38
-3.4e+38 32.3066673278809 32.0056686401367 30.6108341217041 30.958667755127 31.0848331451416 30.3586654663086 29.8400001525879 30.5618324279785 30.0503330230713 28.7786674499512 29.9228324890137 29.8841667175293 29.9736671447754 30.4641666412354 30.3441677093506 30.3271675109863 30.4393329620361 30.117166519165 29.828498840332 29.8740005493164 29.4863338470459 29.2028331756592 28.8083343505859 28.0356674194336 25.8666667938232 22.4196662902832 21.4045009613037 20.5343322753906 20.1644992828369 20.406665802002 22.0970001220703 23.0283336639404 24.1013336181641 24.6254997253418 25.3668346405029 25.4895000457764 25.4044990539551 25.3731670379639 -3.4e+38 25.2707557678223 25.8073348999023 26.0230007171631 25.9649353027344 -3.4e+38 -3.4e+38 -3.4e+38 -3.4e+38 -3.4e+38 -3.4e+38 -3.4e+38 -3.4e+38 -3.4e+38 -3.4e+38 -3.4e+38 -3.4e+38
-3.4e+38 32.021167755127 31.8913326263428 30.9963340759277 31.3886661529541 31.2768325805664 30.968334197998 30.6961669921875 30.6586666107178 30.082332611084 29.3786659240723 30.0289993286133 29.3593330383301 29.4403324127197 28.9476661682129 28.326000213623 27.59983253479 29.0721664428711 29.2185001373291 28.7656669616699 28.8558330535889 28.9873332977295 28.8366661071777 28.529333114624 27.6016674041748 25.6846656799316 23.8593330383301 21.1219997406006 21.1684989929199 20.6776657104492 20.6811676025391 22.0263328552246 23.2716674804688 23.1798324584961 22.2040004730225 24.2000007629395 25.1491661071777 25.7693328857422 25.9764995574951 25.9503402709961 -3.4e+38 25.9183712005615 26.344165802002 26.0697917938232 -3.4e+38 -3.4e+38 -3.4e+38 -3.4e+38 -3.4e+38 -3.4e+38 -3.4e+38 -3.4e+38 -3.4e+38 -3.4e+38 -3.4e+38 -3.4e+38
32.1736679077148 31.9408340454102 31.7996673583984 31.5043334960938 31.3920001983643 31.1081657409668 30.9071674346924 30.7600002288818 30.4911670684814 30.0970001220703 29.7313327789307 29.6983337402344 29.1434993743896 28.6146659851074 28.3151664733887 28.1031665802002 27.9423332214355 28.5248336791992 28.529167175293 28.1053333282471 28.3151664733887 28.2504997253418 28.1416664123535 27.587833404541 26.9391670227051 25.4451675415039 23.6656665802002 21.7630004882812 21.9268341064453 21.8689994812012 21.2486667633057 21.9783325195312 22.6323337554932 22.3221664428711 21.0046672821045 22.6499996185303 23.2875003814697 25.2690010070801 25.769832611084 -3.4e+38 -3.4e+38 26.163158416748 26.480167388916 26.5486526489258 -3.4e+38 -3.4e+38 -3.4e+38 -3.4e+38 -3.4e+38 -3.4e+38 -3.4e+38 -3.4e+38 -3.4e+38 -3.4e+38 -3.4e+38 -3.4e+38
32.0779991149902 31.9108333587646 31.7088317871094 31.4771671295166 31.2488327026367 30.8278331756592 30.154333114624 29.9661655426025 30.0349998474121 30.1483345031738 29.8444995880127 29.4001655578613 28.6198329925537 28.1714992523193 28.1888332366943 28.4188327789307 28.6068344116211 28.6871681213379 28.6269989013672 28.2116661071777 27.4254989624023 26.7241668701172 26.8139991760254 25.757999420166 26.0756664276123 24.6111679077148 23.6118335723877 21.5485000610352 22.1193332672119 22.4728336334229 22.2593326568604 21.5698337554932 21.0771675109863 20.9581661224365 20.2436676025391 21.9130001068115 22.693000793457 24.2811660766602 24.6276664733887 25.6585006713867 26.2241172790527 26.0979995727539 26.3531665802002 26.6826667785645 26.7521743774414 -3.4e+38 -3.4e+38 -3.4e+38 -3.4e+38 -3.4e+38 -3.4e+38 -3.4e+38 -3.4e+38 -3.4e+38 -3.4e+38 -3.4e+38
32.005500793457 31.8181667327881 31.5148315429688 31.2673320770264 31.0153331756592 30.3768329620361 29.7391662597656 29.1498336791992 29.1434993743896 29.9174995422363 29.8041648864746 29.019832611084 28.4633331298828 28.2043323516846 28.2813339233398 28.3740005493164 28.5170001983643 28.7446670532227 28.7568340301514 28.5270004272461 28.199333190918 27.5860004425049 26.2824993133545 25.878833770752 25.5726661682129 23.511833190918 22.3374996185303 21.7706661224365 21.8401660919189 22.7075004577637 23.019832611084 22.3138332366943 22.2041664123535 21.7273330688477 20.2975006103516 20.6066665649414 21.7014999389648 23.3530006408691 23.3396663665771 24.6674995422363 26.4093322753906 26.945499420166 26.4709987640381 26.6236667633057 27.0372047424316 27.2425155639648 -3.4e+38 27.4179496765137 27.6308937072754 27.7620601654053 -3.4e+38 -3.4e+38 -3.4e+38 -3.4e+38 -3.4e+38 -3.4e+38
31.8941669464111 31.7234992980957 31.4701671600342 31.1901664733887 30.7164993286133 30.3071670532227 29.1188335418701 28.3854999542236 28.878833770752 29.5863342285156 29.583667755127 29.0104999542236 28.8791675567627 28.4198322296143 28.1294994354248 28.1493339538574 28.3899993896484 28.5860004425049 28.4799995422363 28.2953338623047 28.179500579834 27.9195003509521 27.4016666412354 26.2471675872803 25.3736667633057 24.0616664886475 23.4103336334229 23.183666229248 22.2978324890137 22.6049995422363 23.345832824707 23.5383338928223 23.0359992980957 22.2408332824707 21.0753326416016 19.6863327026367 20.719165802002 22.0633335113525 21.8731670379639 22.9125003814697 25.3893337249756 26.670166015625 26.7556667327881 27.015832901001 27.5241661071777 27.5631656646729 27.4683856964111 27.8736667633057 28.0461654663086 28.2479991912842 28.279411315918 -3.4e+38 -3.4e+38 -3.4e+38 -3.4e+38 -3.4e+38
-3.4e+38 31.6155014038086 31.396167755127 31.1513328552246 30.5014991760254 30.0521659851074 29.4843330383301 28.5196666717529 28.3053321838379 28.9479999542236 29.4386672973633 29.2684993743896 29.0296669006348 28.7301654815674 28.2928333282471 28.2701663970947 28.3906669616699 -3.4e+38 28.6531658172607 28.5633316040039 27.1778335571289 26.9803333282471 26.7430000305176 25.3333339691162 26.2776660919189 23.8880004882812 24.718334197998 24.2325000762939 22.9318332672119 22.8703327178955 23.474666595459 23.9818344116211 23.3169994354248 22.4700012207031 21.8635005950928 20.154333114624 20.2501659393311 20.1948337554932 22.7376670837402 23.0883331298828 24.5540008544922 26.5328330993652 27.695333480835 27.8678321838379 27.8904991149902 28.0018329620361 27.912166595459 27.8491668701172 27.8024997711182 28.3993339538574 28.6013336181641 28.5556144714355 -3.4e+38 -3.4e+38 -3.4e+38 -3.4e+38
-3.4e+38 31.482666015625 31.2545013427734 31.0911674499512 30.804500579834 30.4603328704834 29.5755004882812 28.61549949646 28.6469993591309 28.8858337402344 28.9468326568604 28.9783325195312 28.8881664276123 28.5886669158936 28.406665802002 28.4675006866455 28.6770000457764 -3.4e+38 -3.4e+38 -3.4e+38 28.4309997558594 28.2323341369629 27.9073333740234 27.2014999389648 27.2238330841064 25.5849990844727 25.2919998168945 23.2933330535889 22.9348335266113 22.5708332061768 24.1628341674805 24.5343341827393 24.2181663513184 23.7376670837402 22.6224994659424 20.7031669616699 19.0698337554932 19.3411674499512 21.4248332977295 23.8296661376953 24.7180004119873 26.2801666259766 27.5936660766602 28.1184997558594 28.2045001983643 28.2776679992676 28.4099998474121 28.1525001525879 28.2893333435059 28.7490005493164 28.8535003662109 28.9119510650635 -3.4e+38 29.301025390625 -3.4e+38 -3.4e+38
-3.4e+38 31.3656673431396 31.1763343811035 31.0615005493164 30.7636661529541 30.3474998474121 29.3026676177979 28.2674999237061 29.0623340606689 29.3136672973633 28.8339996337891 28.6401672363281 28.6776657104492 28.5748329162598 28.6634998321533 28.7668323516846 -3.4e+38 -3.4e+38 -3.4e+38 -3.4e+38 -3.4e+38 -3.4e+38 28.3801670074463 27.773832321167 26.5716667175293 25.3018341064453 24.3339996337891 25.0651664733887 23.4386672973633 22.232666015625 24.4406661987305 -3.4e+38 24.2418327331543 23.7193336486816 22.3128337860107 20.3073329925537 19.130500793457 19.7391662597656 22.238000869751 22.1926670074463 24.2438335418701 26.4190006256104 27.0098342895508 28.1163330078125 28.9540004730225 28.7434997558594 28.7091674804688 28.5886669158936 28.8078327178955 29.0279998779297 28.9564990997314 28.9646663665771 29.1940002441406 29.4451675415039 29.6683330535889 29.9355430603027
-3.4e+38 31.146333694458 30.97483253479 30.8368339538574 30.5450000762939 30.1751670837402 28.7378330230713 28.3018341064453 29.5806655883789 29.7446670532227 29.3811664581299 28.9018325805664 29.0148334503174 28.9111671447754 28.9983329772949 29.1286659240723 -3.4e+38 -3.4e+38 -3.4e+38 -3.4e+38 -3.4e+38 -3.4e+38 -3.4e+38 28.1331672668457 25.4848327636719 24.1391677856445 25.7598342895508 25.4908332824707 25.2471656799316 24.8404998779297 -3.4e+38 -3.4e+38 -3.4e+38 23.1261672973633 21.9495010375977 19.9431667327881 19.63450050354 -3.4e+38 21.1691665649414 22.9370002746582 25.2081661224365 25.9329986572266 27.3956661224365 27.7646675109863 28.9899997711182 29.2964992523193 29.0863342285156 29.0786666870117 29.0709991455078 28.8350009918213 28.9041652679443 28.5424995422363 28.9976673126221 29.304500579834 29.0931663513184 29.5900001525879
-3.4e+38 30.994499206543 30.9184989929199 30.6790008544922 30.4815006256104 30.1526660919189 28.9726657867432 28.9139995574951 30.0711669921875 30.1778335571289 30.015998840332 29.5550003051758 29.2588329315186 29.2436656951904 29.3115005493164 -3.4e+38 -3.4e+38 -3.4e+38 -3.4e+38 -3.4e+38 -3.4e+38 -3.4e+38 -3.4e+38 -3.4e+38 27.0974998474121 26.2843322753906 26.8158340454102 -3.4e+38 -3.4e+38 -3.4e+38 -3.4e+38 -3.4e+38 -3.4e+38 21.9785003662109 -3.4e+38 -3.4e+38 -3.4e+38 -3.4e+38 -3.4e+38 -3.4e+38 -3.4e+38 26.7001667022705 27.6158332824707 -3.4e+38 -3.4e+38 29.7591667175293 29.6534996032715 29.4214992523193 29.3990001678467 29.3718318939209 28.9511680603027 28.0616664886475 28.5216674804688 28.9883346557617 28.2788333892822 29.1990013122559
-3.4e+38 30.9768333435059 30.9783344268799 30.8400001525879 30.6816673278809 30.5123329162598 29.9026660919189 29.6173343658447 -3.4e+38 -3.4e+38 -3.4e+38 29.75950050354 29.2916679382324 29.1353321075439 29.2701663970947 -3.4e+38 -3.4e+38 -3.4e+38 -3.4e+38 -3.4e+38 -3.4e+38 -3.4e+38 -3.4e+38 -3.4e+38 -3.4e+38 -3.4e+38 -3.4e+38 -3.4e+38 -3.4e+38 -3.4e+38 -3.4e+38 -3.4e+38 -3.4e+38 -3.4e+38 -3.4e+38 -3.4e+38 -3.4e+38 -3.4e+38 -3.4e+38 -3.4e+38 -3.4e+38 -3.4e+38 -3.4e+38 -3.4e+38 -3.4e+38 -3.4e+38 -3.4e+38 29.9671669006348 29.7663345336914 29.6053333282471 29.3313331604004 28.5246677398682 28.1138324737549 28.4226665496826 27.5594997406006 28.2604999542236
-3.4e+38 31.1338329315186 -3.4e+38 -3.4e+38 -3.4e+38 -3.4e+38 -3.4e+38 30.0881671905518 -3.4e+38 -3.4e+38 -3.4e+38 -3.4e+38 29.7693328857422 29.4458332061768 29.4539985656738 -3.4e+38 -3.4e+38 -3.4e+38 -3.4e+38 -3.4e+38 -3.4e+38 -3.4e+38 -3.4e+38 -3.4e+38 -3.4e+38 -3.4e+38 -3.4e+38 -3.4e+38 -3.4e+38 -3.4e+38 -3.4e+38 -3.4e+38 -3.4e+38 -3.4e+38 -3.4e+38 -3.4e+38 -3.4e+38 -3.4e+38 -3.4e+38 -3.4e+38 -3.4e+38 -3.4e+38 -3.4e+38 -3.4e+38 -3.4e+38 -3.4e+38 -3.4e+38 -3.4e+38 30.279333114624 30.0936660766602 29.7581672668457 28.8398342132568 28.4280014038086 27.7395000457764 27.2805004119873 28.158166885376
-3.4e+38 -3.4e+38 -3.4e+38 -3.4e+38 -3.4e+38 -3.4e+38 -3.4e+38 -3.4e+38 -3.4e+38 -3.4e+38 -3.4e+38 -3.4e+38 -3.4e+38 29.9635009765625 -3.4e+38 -3.4e+38 -3.4e+38 -3.4e+38 -3.4e+38 -3.4e+38 -3.4e+38 -3.4e+38 -3.4e+38 -3.4e+38 -3.4e+38 -3.4e+38 -3.4e+38 -3.4e+38 -3.4e+38 -3.4e+38 -3.4e+38 -3.4e+38 -3.4e+38 -3.4e+38 -3.4e+38 -3.4e+38 -3.4e+38 -3.4e+38 -3.4e+38 -3.4e+38 -3.4e+38 -3.4e+38 -3.4e+38 -3.4e+38 -3.4e+38 -3.4e+38 -3.4e+38 -3.4e+38 -3.4e+38 -3.4e+38 30.4248332977295 29.7353324890137 29.2043323516846 28.6123352050781 27.783332824707 27.458667755127
-3.4e+38 -3.4e+38 -3.4e+38 -3.4e+38 -3.4e+38 -3.4e+38 -3.4e+38 -3.4e+38 -3.4e+38 -3.4e+38 -3.4e+38 -3.4e+38 -3.4e+38 30.1271667480469 -3.4e+38 -3.4e+38 -3.4e+38 -3.4e+38 -3.4e+38 -3.4e+38 -3.4e+38 -3.4e+38 -3.4e+38 -3.4e+38 -3.4e+38 -3.4e+38 -3.4e+38 -3.4e+38 -3.4e+38 -3.4e+38 -3.4e+38 -3.4e+38 -3.4e+38 -3.4e+38 -3.4e+38 -3.4e+38 -3.4e+38 -3.4e+38 -3.4e+38 -3.4e+38 -3.4e+38 -3.4e+38 -3.4e+38 -3.4e+38 -3.4e+38 -3.4e+38 -3.4e+38 -3.4e+38 -3.4e+38 -3.4e+38 -3.4e+38 -3.4e+38 -3.4e+38 29.3268337249756 27.9263324737549 27.0286674499512
-3.4e+38 -3.4e+38 -3.4e+38 -3.4e+38 -3.4e+38 -3.4e+38 -3.4e+38 -3.4e+38 -3.4e+38 -3.4e+38 -3.4e+38 -3.4e+38 -3.4e+38 -3.4e+38 -3.4e+38 -3.4e+38 -3.4e+38 -3.4e+38 -3.4e+38 -3.4e+38 -3.4e+38 -3.4e+38 -3.4e+38 -3.4e+38 -3.4e+38 -3.4e+38 -3.4e+38 -3.4e+38 -3.4e+38 -3.4e+38 -3.4e+38 -3.4e+38 -3.4e+38 -3.4e+38 -3.4e+38 -3.4e+38 -3.4e+38 -3.4e+38 -3.4e+38 -3.4e+38 -3.4e+38 -3.4e+38 -3.4e+38 -3.4e+38 -3.4e+38 -3.4e+38 -3.4e+38 -3.4e+38 -3.4e+38 -3.4e+38 -3.4e+38 -3.4e+38 -3.4e+38 -3.4e+38 28.7321662902832 28.488000869751
-3.4e+38 -3.4e+38 -3.4e+38 -3.4e+38 -3.4e+38 -3.4e+38 -3.4e+38 -3.4e+38 -3.4e+38 -3.4e+38 -3.4e+38 -3.4e+38 -3.4e+38 -3.4e+38 -3.4e+38 -3.4e+38 -3.4e+38 -3.4e+38 -3.4e+38 -3.4e+38 -3.4e+38 -3.4e+38 -3.4e+38 -3.4e+38 -3.4e+38 -3.4e+38 -3.4e+38 -3.4e+38 -3.4e+38 -3.4e+38 -3.4e+38 -3.4e+38 -3.4e+38 -3.4e+38 -3.4e+38 -3.4e+38 -3.4e+38 -3.4e+38 -3.4e+38 -3.4e+38 -3.4e+38 -3.4e+38 -3.4e+38 -3.4e+38 -3.4e+38 -3.4e+38 -3.4e+38 -3.4e+38 -3.4e+38 -3.4e+38 -3.4e+38 -3.4e+38 -3.4e+38 -3.4e+38 -3.4e+38 27.7211666107178
-3.4e+38 -3.4e+38 -3.4e+38 -3.4e+38 -3.4e+38 -3.4e+38 -3.4e+38 -3.4e+38 -3.4e+38 -3.4e+38 -3.4e+38 -3.4e+38 -3.4e+38 -3.4e+38 -3.4e+38 -3.4e+38 -3.4e+38 -3.4e+38 -3.4e+38 -3.4e+38 -3.4e+38 -3.4e+38 -3.4e+38 -3.4e+38 -3.4e+38 -3.4e+38 -3.4e+38 -3.4e+38 -3.4e+38 -3.4e+38 -3.4e+38 -3.4e+38 -3.4e+38 -3.4e+38 -3.4e+38 -3.4e+38 -3.4e+38 -3.4e+38 -3.4e+38 -3.4e+38 -3.4e+38 -3.4e+38 -3.4e+38 -3.4e+38 -3.4e+38 -3.4e+38 -3.4e+38 -3.4e+38 -3.4e+38 -3.4e+38 -3.4e+38 -3.4e+38 -3.4e+38 -3.4e+38 -3.4e+38 28.5995006561279
