rasters/Eritrea_bio4.asc
NCOLS 80 
NROWS 68 
XLLCORNER 36.425094035 
YLLCORNER 12.360021833 
CELLSIZE 0.0836574044375 
NODATA_value -3.4e+38 
[rows 25 to 49 of 68, columns 0 to 55 of 80]
-339999999999999996123846586046231871488.000000000000000 -3.4e+38 -3.4e+38 -3.4e+38 272.693023681641 268.280822753906 264.23583984375 260.653259277344 256.960235595703 252.222244262695 246.975921630859 242.875762939453 239.581420898438 237.038497924805 234.555969238281 231.448501586914 229.388442993164 226.938751220703 222.004104614258 215.816635131836 214.550476074219 217.940277099609 222.304428100586 227.841690063477 232.466979980469 230.89909362793 229.60595703125 232.705429077148 242.119400024414 271.675354003906 257.944732666016 234.504959106445 229.629943847656 222.510528564453 211.396743774414 -3.4e+38 -3.4e+38 -3.4e+38 -3.4e+38 -3.4e+38 -3.4e+38 -3.4e+38 -3.4e+38 -3.4e+38 -3.4e+38 -3.4e+38 -3.4e+38 -3.4e+38 -3.4e+38 -3.4e+38 -3.4e+38 -3.4e+38 -3.4e+38 -3.4e+38 -3.4e+38 -3.4e+38
-3.4e+38 -3.4e+38 -3.4e+38 -3.4e+38 266.821716308594 262.786956787109 258.006683349609 253.129028320312 248.715438842773 244.548294067383 241.047882080078 238.12727355957 235.010437011719 232.567947387695 229.784057617188 226.755523681641 223.930892944336 221.401123046875 215.251403808594 208.914291381836 208.774032592773 211.793121337891 216.000534057617 218.987380981445 225.295974731445 225.940994262695 215.154144287109 215.338623046875 222.456634521484 260.681915283203 264.712127685547 230.555236816406 227.166320800781 220.921112060547 212.973815917969 204.528305053711 -3.4e+38 -3.4e+38 -3.4e+38 -3.4e+38 -3.4e+38 -3.4e+38 -3.4e+38 205.876998901367 204.719375610352 -3.4e+38 -3.4e+38 -3.4e+38 -3.4e+38 -3.4e+38 -3.4e+38 -3.4e+38 -3.4e+38 -3.4e+38 -3.4e+38 -3.4e+38
-3.4e+38 -3.4e+38 -3.4e+38 266.642822265625 261.041809082031 256.378875732422 251.525421142578 245.643096923828 241.388763427734 237.980728149414 235.212463378906 232.180847167969 229.818389892578 227.254730224609 224.474273681641 222.777130126953 218.805328369141 217.747634887695 213.187515258789 207.754043579102 208.477767944336 208.672348022461 211.286529541016 215.073196411133 217.181564331055 215.536087036133 217.149795532227 205.045837402344 228.002990722656 249.976852416992 255.776657104492 227.874618530273 225.836471557617 223.628005981445 212.005889892578 201.441818237305 -3.4e+38 -3.4e+38 -3.4e+38 -3.4e+38 -3.4e+38 -3.4e+38 -3.4e+38 204.335220336914 204.211868286133 -3.4e+38 -3.4e+38 -3.4e+38 -3.4e+38 -3.4e+38 -3.4e+38 -3.4e+38 -3.4e+38 -3.4e+38 -3.4e+38 -3.4e+38
-3.4e+38 -3.4e+38 -3.4e+38 259.135955810547 253.240905761719 249.963104248047 243.779235839844 237.641464233398 233.629211425781 229.991989135742 228.254516601562 226.389984130859 223.839797973633 222.025054931641 220.143478393555 218.730850219727 216.862594604492 216.173446655273 212.929656982422 208.882888793945 207.053024291992 206.732467651367 206.755020141602 205.658996582031 205.714385986328 206.376541137695 205.326553344727 205.919036865234 199.000503540039 230.778579711914 269.787353515625 241.015731811523 223.275741577148 222.804916381836 211.528686523438 201.81721496582 184.456314086914 -3.4e+38 -3.4e+38 -3.4e+38 -3.4e+38 -3.4e+38 -3.4e+38 195.601135253906 199.287704467773 198.376449584961 204.008026123047 205.948181152344 -3.4e+38 -3.4e+38 -3.4e+38 -3.4e+38 -3.4e+38 -3.4e+38 -3.4e+38 -3.4e+38
-3.4e+38 -3.4e+38 253.674682617188 251.314041137695 247.062225341797 242.383682250977 236.46452331543 229.561492919922 223.438934326172 219.742324829102 220.051773071289 218.872131347656 217.245269775391 216.208465576172 215.650497436523 214.636016845703 214.381958007812 215.281387329102 210.063446044922 205.879547119141 204.210662841797 203.50390625 203.317901611328 204.71826171875 206.696197509766 206.701812744141 204.478561401367 202.351318359375 187.88330078125 193.972900390625 258.125305175781 254.646774291992 228.888748168945 224.619522094727 215.706954956055 206.464614868164 -3.4e+38 -3.4e+38 -3.4e+38 -3.4e+38 -3.4e+38 -3.4e+38 -3.4e+38 -3.4e+38 -3.4e+38 -3.4e+38 -3.4e+38 -3.4e+38 -3.4e+38 -3.4e+38 -3.4e+38 -3.4e+38 -3.4e+38 -3.4e+38 -3.4e+38 -3.4e+38
-3.4e+38 -3.4e+38 -3.4e+38 245.354400634766 238.443695068359 233.58464050293 228.470260620117 221.175537109375 214.708755493164 209.349365234375 210.652725219727 210.137893676758 209.86750793457 209.088912963867 208.774475097656 208.86198425293 208.901580810547 208.342102050781 200.689086914062 199.998199462891 200.288986206055 199.631896972656 199.809112548828 200.181518554688 200.442611694336 200.119918823242 191.68034362793 190.398986816406 184.163452148438 181.242889404297 221.664978027344 259.186584472656 253.408935546875 235.97509765625 232.187210083008 219.781265258789 197.964767456055 206.929748535156 -3.4e+38 -3.4e+38 -3.4e+38 189.923904418945 -3.4e+38 -3.4e+38 -3.4e+38 -3.4e+38 -3.4e+38 -3.4e+38 -3.4e+38 -3.4e+38 -3.4e+38 -3.4e+38 -3.4e+38 -3.4e+38 -3.4e+38 -3.4e+38
-3.4e+38 -3.4e+38 247.207580566406 235.538650512695 229.57633972168 226.221496582031 220.450057983398 213.658874511719 207.906433105469 203.093566894531 204.109039306641 204.019638061523 201.441787719727 199.114608764648 199.473709106445 200.682037353516 201.041809082031 199.329452514648 196.286666870117 194.397659301758 195.162231445312 195.101043701172 197.164306640625 196.057739257812 197.875350952148 199.10237121582 192.820495605469 180.903991699219 176.667434692383 173.794494628906 191.66764831543 230.317993164062 243.504837036133 244.451705932617 245.056594848633 231.267318725586 205.209167480469 205.99169921875 192.384582519531 -3.4e+38 184.519393920898 194.812713623047 198.786590576172 -3.4e+38 -3.4e+38 -3.4e+38 -3.4e+38 -3.4e+38 -3.4e+38 -3.4e+38 -3.4e+38 -3.4e+38 -3.4e+38 -3.4e+38 -3.4e+38 -3.4e+38
-3.4e+38 240.383697509766 236.562454223633 226.724166870117 225.02473449707 220.462997436523 212.101821899414 205.544067382812 202.987106323242 199.028625488281 195.97575378418 195.415634155273 193.06608581543 191.193740844727 191.816909790039 191.192779541016 191.25373840332 191.084030151367 190.512161254883 190.194595336914 190.673400878906 190.795700073242 191.470260620117 190.986465454102 194.540512084961 192.343307495117 181.524429321289 175.598678588867 170.147338867188 167.974533081055 176.141540527344 198.024398803711 213.619598388672 224.505218505859 225.386825561523 221.524826049805 203.949493408203 196.428985595703 189.456802368164 -3.4e+38 182.410278320312 193.735870361328 197.368408203125 194.439483642578 -3.4e+38 -3.4e+38 -3.4e+38 -3.4e+38 -3.4e+38 -3.4e+38 -3.4e+38 -3.4e+38 -3.4e+38 -3.4e+38 -3.4e+38 -3.4e+38
-3.4e+38 234.419967651367 230.010223388672 223.41584777832 221.666473388672 215.995376586914 209.11051940918 202.628967285156 197.625061035156 193.422210693359 190.117904663086 189.308456420898 184.32763671875 183.443725585938 181.778594970703 180.260330200195 181.681930541992 181.06982421875 183.713348388672 186.521957397461 186.025360107422 185.487380981445 187.78678894043 188.531600952148 190.046188354492 187.329559326172 179.79997253418 168.387222290039 168.282089233398 165.2724609375 168.61181640625 181.928802490234 195.714950561523 198.783020019531 194.719589233398 211.369567871094 217.318481445312 204.509963989258 194.443939208984 188.385513305664 -3.4e+38 191.438415527344 198.498413085938 190.07160949707 -3.4e+38 -3.4e+38 -3.4e+38 -3.4e+38 -3.4e+38 -3.4e+38 -3.4e+38 -3.4e+38 -3.4e+38 -3.4e+38 -3.4e+38 -3.4e+38
231.236450195312 232.712738037109 229.567459106445 225.374969482422 220.395492553711 212.645660400391 206.336776733398 200.543579101562 195.545928955078 191.17431640625 186.955337524414 182.450103759766 177.575698852539 173.827621459961 171.292755126953 171.961944580078 173.545959472656 173.058883666992 175.900955200195 180.304992675781 182.33219909668 184.486068725586 185.803848266602 186.229263305664 184.518692016602 180.768508911133 176.369201660156 168.488128662109 167.291320800781 167.904296875 166.784866333008 174.615356445312 182.737670898438 178.740112304688 169.184829711914 187.699569702148 202.555023193359 212.11262512207 201.45263671875 -3.4e+38 -3.4e+38 195.369735717773 199.55224609375 194.293899536133 -3.4e+38 -3.4e+38 -3.4e+38 -3.4e+38 -3.4e+38 -3.4e+38 -3.4e+38 -3.4e+38 -3.4e+38 -3.4e+38 -3.4e+38 -3.4e+38
224.649230957031 225.765335083008 224.891891479492 222.027618408203 215.620803833008 206.402572631836 198.174285888672 194.081344604492 191.699584960938 188.684188842773 183.012466430664 177.318923950195 173.204986572266 168.873138427734 164.824829101562 163.04638671875 166.278884887695 171.630813598633 173.380828857422 178.008285522461 183.945281982422 187.717254638672 187.211715698242 184.901275634766 181.584335327148 178.188323974609 174.039566040039 165.316207885742 166.644424438477 169.144653320312 168.869720458984 164.900405883789 161.283386230469 158.991287231445 156.145202636719 168.991409301758 185.910003662109 201.963165283203 204.794357299805 198.753265380859 192.137954711914 196.336135864258 197.937194824219 195.784606933594 191.372085571289 -3.4e+38 -3.4e+38 -3.4e+38 -3.4e+38 -3.4e+38 -3.4e+38 -3.4e+38 -3.4e+38 -3.4e+38 -3.4e+38 -3.4e+38
219.44059753418 218.474655151367 216.700378417969 213.879150390625 208.013290405273 198.421905517578 191.881927490234 189.069076538086 187.892211914062 186.676422119141 180.098785400391 174.824279785156 169.185958862305 163.093475341797 156.993728637695 158.385955810547 164.438339233398 171.436218261719 172.600982666016 176.503326416016 179.626922607422 183.26921081543 182.769104003906 180.580780029297 179.530685424805 172.174377441406 167.503051757812 162.515502929688 162.73307800293 168.13850402832 169.931228637695 164.08464050293 160.670227050781 155.253036499023 146.601226806641 151.600036621094 168.262588500977 183.714218139648 188.916442871094 196.499862670898 192.455856323242 195.836318969727 197.344833374023 195.853897094727 193.559219360352 192.483871459961 -3.4e+38 191.991409301758 196.317657470703 197.910247802734 -3.4e+38 -3.4e+38 -3.4e+38 -3.4e+38 -3.4e+38 -3.4e+38
213.63948059082 213.094131469727 210.999755859375 206.539016723633 199.450531005859 193.272155761719 186.918090820312 184.632934570312 185.225311279297 184.086074829102 179.400344848633 173.483062744141 167.627685546875 163.681365966797 159.381408691406 161.831756591797 167.355560302734 171.642135620117 177.961654663086 184.124877929688 186.40299987793 187.049301147461 188.401443481445 186.13166809082 180.344772338867 173.134857177734 168.789581298828 166.909576416016 163.299926757812 165.09294128418 168.005798339844 165.592575073242 163.06803894043 157.423431396484 147.955261230469 143.216552734375 156.688217163086 166.142761230469 169.79231262207 179.390121459961 189.872833251953 192.362213134766 195.098678588867 193.93913269043 196.170623779297 195.277114868164 194.980667114258 199.923629760742 202.796859741211 204.535522460938 201.372650146484 -3.4e+38 -3.4e+38 -3.4e+38 -3.4e+38 -3.4e+38
-3.4e+38 209.089401245117 205.453430175781 201.413452148438 194.449417114258 190.362609863281 185.672058105469 183.860809326172 183.881881713867 182.377426147461 179.447647094727 177.147033691406 171.113830566406 167.741561889648 167.216644287109 168.051147460938 177.20930480957 -3.4e+38 183.666473388672 186.851318359375 200.021575927734 196.687118530273 193.064880371094 185.314437866211 182.862075805664 173.998580932617 174.025405883789 171.740051269531 166.812103271484 165.686660766602 165.67951965332 165.794891357422 162.184997558594 156.116607666016 149.682205200195 141.374847412109 149.568359375 158.647430419922 165.587173461914 169.521148681641 180.209213256836 187.1005859375 193.413192749023 195.934860229492 196.897567749023 196.84391784668 196.728515625 197.70295715332 200.188446044922 205.445602416992 204.657302856445 200.97314453125 -3.4e+38 -3.4e+38 -3.4e+38 -3.4e+38
-3.4e+38 204.526641845703 200.490478515625 197.510803222656 195.364212036133 191.935729980469 184.584167480469 183.41618347168 181.062164306641 182.435180664062 181.960174560547 180.69401550293 176.468963623047 176.109390258789 180.256683349609 183.311431884766 187.759353637695 -3.4e+38 -3.4e+38 -3.4e+38 199.354461669922 197.654159545898 195.262710571289 193.321670532227 190.548370361328 181.243072509766 178.269912719727 170.417098999023 168.611465454102 166.771102905273 169.624725341797 167.824035644531 164.525009155273 160.729064941406 152.912887573242 144.48161315918 145.379669189453 153.850845336914 163.056564331055 169.117050170898 174.918029785156 181.680618286133 188.035919189453 194.911880493164 196.845581054688 197.964599609375 199.14372253418 197.13249206543 200.361083984375 205.878433227539 206.377639770508 204.404159545898 -3.4e+38 209.195861816406 -3.4e+38 -3.4e+38
-3.4e+38 200.801940917969 198.252029418945 196.909851074219 195.301849365234 191.07666015625 183.829010009766 185.520950317383 184.885696411133 182.898681640625 182.979248046875 184.625442504883 182.955490112305 186.461212158203 190.286666870117 194.096221923828 -3.4e+38 -3.4e+38 -3.4e+38 -3.4e+38 -3.4e+38 -3.4e+38 205.838088989258 202.496871948242 193.503204345703 183.940460205078 176.841064453125 178.356887817383 170.229827880859 164.674652099609 172.68408203125 -3.4e+38 165.512222290039 161.013961791992 152.813415527344 145.239715576172 145.504669189453 154.817001342773 159.902389526367 162.979400634766 168.838470458984 179.885955810547 182.855880737305 190.706069946289 197.933441162109 197.978881835938 198.197235107422 199.159378051758 202.213165283203 206.179016113281 206.536804199219 207.396957397461 211.111465454102 212.662292480469 213.569091796875 217.394180297852
-3.4e+38 197.242797851562 194.508880615234 193.203948974609 192.0546875 187.682693481445 184.536972045898 185.833709716797 185.102798461914 185.063415527344 184.833297729492 188.106979370117 185.677124023438 191.470031738281 194.657424926758 200.252166748047 -3.4e+38 -3.4e+38 -3.4e+38 -3.4e+38 -3.4e+38 -3.4e+38 -3.4e+38 209.069519042969 190.800674438477 178.041946411133 187.135604858398 185.683959960938 181.851531982422 177.598480224609 -3.4e+38 -3.4e+38 -3.4e+38 159.289749145508 152.577285766602 148.709228515625 150.336074829102 -3.4e+38 158.992126464844 161.743301391602 170.396179199219 175.219314575195 182.029418945312 185.305511474609 195.050186157227 199.195205688477 198.704177856445 199.984161376953 201.778518676758 201.954116821289 203.82958984375 202.921112060547 209.092834472656 211.21711730957 210.496154785156 216.63703918457
-3.4e+38 191.862228393555 190.421264648438 188.067596435547 186.572280883789 184.1982421875 185.170227050781 185.726425170898 186.605178833008 188.203140258789 188.802825927734 190.845962524414 193.464431762695 196.281112670898 200.766723632812 -3.4e+38 -3.4e+38 -3.4e+38 -3.4e+38 -3.4e+38 -3.4e+38 -3.4e+38 -3.4e+38 -3.4e+38 205.154830932617 198.330871582031 200.37077331543 -3.4e+38 -3.4e+38 -3.4e+38 -3.4e+38 -3.4e+38 -3.4e+38 154.637542724609 -3.4e+38 -3.4e+38 -3.4e+38 -3.4e+38 -3.4e+38 -3.4e+38 -3.4e+38 179.177124023438 180.374160766602 -3.4e+38 -3.4e+38 200.324691772461 200.759262084961 200.113372802734 201.724914550781 203.968322753906 201.959854125977 198.412506103516 204.153854370117 207.854019165039 207.952789306641 215.706069946289
-3.4e+38 188.615570068359 188.685180664062 186.204406738281 184.309875488281 184.824844360352 187.292877197266 188.893157958984 -3.4e+38 -3.4e+38 -3.4e+38 196.547546386719 199.660232543945 205.331466674805 209.162307739258 -3.4e+38 -3.4e+38 -3.4e+38 -3.4e+38 -3.4e+38 -3.4e+38 -3.4e+38 -3.4e+38 -3.4e+38 -3.4e+38 -3.4e+38 -3.4e+38 -3.4e+38 -3.4e+38 -3.4e+38 -3.4e+38 -3.4e+38 -3.4e+38 -3.4e+38 -3.4e+38 -3.4e+38 -3.4e+38 -3.4e+38 -3.4e+38 -3.4e+38 -3.4e+38 -3.4e+38 -3.4e+38 -3.4e+38 -3.4e+38 -3.4e+38 -3.4e+38 203.332275390625 203.304458618164 204.418838500977 204.586303710938 200.904327392578 201.769332885742 204.902969360352 205.490936279297 211.638595581055
-3.4e+38 183.748229980469 -3.4e+38 -3.4e+38 -3.4e+38 -3.4e+38 -3.4e+38 190.865341186523 -3.4e+38 -3.4e+38 -3.4e+38 -3.4e+38 203.05322265625 210.090560913086 214.675033569336 -3.4e+38 -3.4e+38 -3.4e+38 -3.4e+38 -3.4e+38 -3.4e+38 -3.4e+38 -3.4e+38 -3.4e+38 -3.4e+38 -3.4e+38 -3.4e+38 -3.4e+38 -3.4e+38 -3.4e+38 -3.4e+38 -3.4e+38 -3.4e+38 -3.4e+38 -3.4e+38 -3.4e+38 -3.4e+38 -3.4e+38 -3.4e+38 -3.4e+38 -3.4e+38 -3.4e+38 -3.4e+38 -3.4e+38 -3.4e+38 -3.4e+38 -3.4e+38 -3.4e+38 206.588714599609 207.357696533203 206.284057617188 203.051483154297 203.128372192383 202.41682434082 203.873733520508 211.288024902344
-3.4e+38 -3.4e+38 -3.4e+38 -3.4e+38 -3.4e+38 -3.4e+38 -3.4e+38 -3.4e+38 -3.4e+38 -3.4e+38 -3.4e+38 -3.4e+38 -3.4e+38 211.949691772461 -3.4e+38 -3.4e+38 -3.4e+38 -3.4e+38 -3.4e+38 -3.4e+38 -3.4e+38 -3.4e+38 -3.4e+38 -3.4e+38 -3.4e+38 -3.4e+38 -3.4e+38 -3.4e+38 -3.4e+38 -3.4e+38 -3.4e+38 -3.4e+38 -3.4e+38 -3.4e+38 -3.4e+38 -3.4e+38 -3.4e+38 -3.4e+38 -3.4e+38 -3.4e+38 -3.4e+38 -3.4e+38 -3.4e+38 -3.4e+38 -3.4e+38 -3.4e+38 -3.4e+38 -3.4e+38 -3.4e+38 -3.4e+38 211.021682739258 209.193008422852 208.207672119141 206.950576782227 206.905838012695 209.572616577148
-3.4e+38 -3.4e+38 -3.4e+38 -3.4e+38 -3.4e+38 -3.4e+38 -3.4e+38 -3.4e+38 -3.4e+38 -3.4e+38 -3.4e+38 -3.4e+38 -3.4e+38 217.438186645508 -3.4e+38 -3.4e+38 -3.4e+38 -3.4e+38 -3.4e+38 -3.4e+38 -3.4e+38 -3.4e+38 -3.4e+38 -3.4e+38 -3.4e+38 -3.4e+38 -3.4e+38 -3.4e+38 -3.4e+38 -3.4e+38 -3.4e+38 -3.4e+38 -3.4e+38 -3.4e+38 -3.4e+38 -3.4e+38 -3.4e+38 -3.4e+38 -3.4e+38 -3.4e+38 -3.4e+38 -3.4e+38 -3.4e+38 -3.4e+38 -3.4e+38 -3.4e+38 -3.4e+38 -3.4e+38 -3.4e+38 -3.4e+38 -3.4e+38 -3.4e+38 -3.4e+38 213.677291870117 208.504135131836 208.160079956055
-3.4e+38 -3.4e+38 -3.4e+38 -3.4e+38 -3.4e+38 -3.4e+38 -3.4e+38 -3.4e+38 -3.4e+38 -3.4e+38 -3.4e+38 -3.4e+38 -3.4e+38 -3.4e+38 -3.4e+38 -3.4e+38 -3.4e+38 -3.4e+38 -3.4e+38 -3.4e+38 -3.4e+38 -3.4e+38 -3.4e+38 -3.4e+38 -3.4e+38 -3.4e+38 -3.4e+38 -3.4e+38 -3.4e+38 -3.4e+38 -3.4e+38 -3.4e+38 -3.4e+38 -3.4e+38 -3.4e+38 -3.4e+38 -3.4e+38 -3.4e+38 -3.4e+38 -3.4e+38 -3.4e+38 -3.4e+38 -3.4e+38 -3.4e+38 -3.4e+38 -3.4e+38 -3.4e+38 -3.4e+38 -3.4e+38 -3.4e+38 -3.4e+38 -3.4e+38 -3.4e+38 -3.4e+38 213.791458129883 215.776489257812
-3.4e+38 -3.4e+38 -3.4e+38 -3.4e+38 -3.4e+38 -3.4e+38 -3.4e+38 -3.4e+38 -3.4e+38 -3.4e+38 -3.4e+38 -3.4e+38 -3.4e+38 -3.4e+38 -3.4e+38 -3.4e+38 -3.4e+38 -3.4e+38 -3.4e+38 -3.4e+38 -3.4e+38 -3.4e+38 -3.4e+38 -3.4e+38 -3.4e+38 -3.4e+38 -3.4e+38 -3.4e+38 -3.4e+38 -3.4e+38 -3.4e+38 -3.4e+38 -3.4e+38 -3.4e+38 -3.4e+38 -3.4e+38 -3.4e+38 -3.4e+38 -3.4e+38 -3.4e+38 -3.4e+38 -3.4e+38 -3.4e+38 -3.4e+38 -3.4e+38 -3.4e+38 -3.4e+38 -3.4e+38 -3.4e+38 -3.4e+38 -3.4e+38 -3.4e+38 -3.4e+38 -3.4e+38 -3.4e+38 216.271591186523
-3.4e+38 -3.4e+38 -3.4e+38 -3.4e+38 -3.4e+38 -3.4e+38 -3.4e+38 -3.4e+38 -3.4e+38 -3.4e+38 -3.4e+38 -3.4e+38 -3.4e+38 -3.4e+38 -3.4e+38 -3.4e+38 -3.4e+38 -3.4e+38 -3.4e+38 -3.4e+38 -3.4e+38 -3.4e+38 -3.4e+38 -3.4e+38 -3.4e+38 -3.4e+38 -3.4e+38 -3.4e+38 -3.4e+38 -3.4e+38 -3.4e+38 -3.4e+38 -3.4e+38 -3.4e+38 -3.4e+38 -3.4e+38 -3.4e+38 -3.4e+38 -3.4e+38 -3.4e+38 -3.4e+38 -3.4e+38 -3.4e+38 -3.4e+38 -3.4e+38 -3.4e+38 -3.4e+38 -3.4e+38 -3.4e+38 -3.4e+38 -3.4e+38 -3.4e+38 -3.4e+38 -3.4e+38 -3.4e+38 220.176651000977
