rasters/Ethiopia_bio4.asc
NCOLS 180 
NROWS 138 
XLLCORNER 32.989799842 
YLLCORNER 3.405012842 
CELLSIZE 0.0832742739222222 
NODATA_value -3.4e+38 
[rows 88 to 109 of 138, columns 0 to 48 of 180]
-3.4e+38 -3.4e+38 -3.4e+38 -3.4e+38 -3.4e+38 -3.4e+38 -3.4e+38 -3.4e+38 -3.4e+38 -3.4e+38 -3.4e+38 128.573883056641 130.693725585938 134.140502929688 133.39875793457 129.623016357422 126.574798583984 121.937881469727 119.786293029785 107.264976501465 104.652015686035 93.51318359375 85.3229141235352 75.7860717773438 65.2453231811523 61.1708793640137 60.8566665649414 74.0183486938477 81.9268569946289 85.9068832397461 88.9206771850586 86.814567565918 83.5740661621094 77.1102676391602 72.6158142089844 69.0186538696289 70.6213531494141 73.0461349487305 73.1255798339844 75.2738494873047 79.7286834716797 79.6035079956055 78.3816070556641 83.5212936401367 87.266487121582 87.6515731811523 87.0567321777344 87.8563690185547 88.2309417724609
-3.4e+38 -3.4e+38 -3.4e+38 -3.4e+38 -3.4e+38 -3.4e+38 -3.4e+38 -3.4e+38 -3.4e+38 -3.4e+38 -3.4e+38 -3.4e+38 127.637161254883 133.50764465332 133.022537231445 130.346298217773 129.596298217773 126.14567565918 121.33479309082 115.544715881348 110.049118041992 97.5256118774414 86.1548843383789 73.724006652832 66.5309677124023 61.3096618652344 58.1083793640137 60.1687202453613 73.9454727172852 85.6115875244141 85.7784118652344 84.818359375 79.8520660400391 72.0609130859375 68.7612762451172 68.6584777832031 71.1906661987305 72.4051055908203 74.8568954467773 81.2973861694336 87.978515625 85.6894760131836 79.9119644165039 78.5198135375977 81.3205947875977 85.8563766479492 85.8864974975586 85.7812576293945 87.0130462646484
-3.4e+38 -3.4e+38 -3.4e+38 -3.4e+38 -3.4e+38 -3.4e+38 -3.4e+38 -3.4e+38 -3.4e+38 -3.4e+38 -3.4e+38 -3.4e+38 129.002624511719 132.001907348633 130.53190612793 128.510406494141 127.546989440918 123.322540283203 115.979759216309 112.076515197754 109.618286132812 102.087303161621 84.370964050293 74.2321166992188 64.660270690918 59.359188079834 57.0615844726562 66.5274200439453 79.0003814697266 81.56884765625 78.3856811523438 78.1098175048828 77.8579406738281 73.9508285522461 70.2508087158203 72.7726364135742 68.3001098632812 69.428466796875 73.8141555786133 78.8228073120117 80.2159957885742 80.2141647338867 81.7551727294922 86.8910217285156 81.2961044311523 81.5783004760742 83.8136672973633 82.190315246582 88.6938552856445
-3.4e+38 -3.4e+38 -3.4e+38 -3.4e+38 -3.4e+38 -3.4e+38 -3.4e+38 -3.4e+38 -3.4e+38 -3.4e+38 -3.4e+38 -3.4e+38 130.086685180664 129.499908447266 128.633255004883 126.880477905273 122.576133728027 118.456726074219 112.123588562012 111.508155822754 107.045051574707 100.983329772949 87.1164703369141 82.5100555419922 66.646354675293 59.8838119506836 56.8616371154785 59.0878829956055 64.3364334106445 64.8022766113281 62.5167388916016 66.1149291992188 69.3046798706055 67.3571319580078 67.8495178222656 68.1718521118164 67.0560989379883 70.4010696411133 69.2329330444336 71.5575637817383 73.914421081543 75.3508377075195 78.8986740112305 85.2281799316406 87.1942901611328 89.7180557250977 87.9347381591797 87.2200393676758 88.9524765014648
-3.4e+38 -3.4e+38 -3.4e+38 -3.4e+38 -3.4e+38 -3.4e+38 -3.4e+38 -3.4e+38 -3.4e+38 -3.4e+38 -3.4e+38 -3.4e+38 -3.4e+38 125.635467529297 124.253715515137 123.279174804688 120.125816345215 117.079727172852 112.80118560791 107.786682128906 103.989791870117 95.8103332519531 87.5018615722656 81.9025650024414 74.0148391723633 64.069091796875 57.7665710449219 56.6774024963379 58.1701431274414 60.0747680664062 62.0120964050293 68.4269332885742 70.0904998779297 70.2175674438477 69.9911575317383 69.812370300293 65.6741104125977 68.2603530883789 69.3997039794922 69.7616577148438 70.8382873535156 76.5614471435547 80.6029357910156 80.4498443603516 82.7963333129883 90.0526657104492 91.5734252929688 92.1514892578125 92.0854721069336
-3.4e+38 -3.4e+38 -3.4e+38 -3.4e+38 -3.4e+38 -3.4e+38 -3.4e+38 -3.4e+38 -3.4e+38 -3.4e+38 -3.4e+38 -3.4e+38 -3.4e+38 -3.4e+38 119.270652770996 119.520286560059 117.927825927734 116.705146789551 113.575569152832 105.773979187012 100.151100158691 90.7552871704102 82.1890716552734 76.9339447021484 68.5940170288086 67.3115539550781 62.846794128418 56.9655990600586 56.6468887329102 58.6492652893066 61.1403350830078 65.9063110351562 70.4291229248047 71.7801055908203 75.4992141723633 76.5100173950195 71.966423034668 65.3070831298828 67.973518371582 68.156379699707 69.3669891357422 71.3910903930664 77.9838485717773 80.5775299072266 80.3395385742188 81.3739013671875 80.5705184936523 83.7601318359375 91.4343719482422
-3.4e+38 -3.4e+38 -3.4e+38 -3.4e+38 -3.4e+38 -3.4e+38 -3.4e+38 -3.4e+38 -3.4e+38 -3.4e+38 -3.4e+38 -3.4e+38 -3.4e+38 -3.4e+38 -3.4e+38 115.665054321289 115.906410217285 114.366065979004 110.885643005371 105.789024353027 98.1535568237305 87.9456253051758 73.5615921020508 69.0799407958984 67.0966796875 63.2700500488281 58.166202545166 56.0874328613281 54.8226852416992 58.8793296813965 60.6580009460449 64.322395324707 69.3011627197266 70.4037933349609 73.9530410766602 79.2826766967773 83.3312149047852 73.9241485595703 72.908821105957 74.3414916992188 71.8060760498047 73.1887741088867 78.6878356933594 81.1909790039062 86.6078872680664 89.1237869262695 84.7894821166992 84.3495788574219 90.5503768920898
-3.4e+38 -3.4e+38 -3.4e+38 -3.4e+38 -3.4e+38 -3.4e+38 -3.4e+38 -3.4e+38 -3.4e+38 -3.4e+38 -3.4e+38 -3.4e+38 -3.4e+38 -3.4e+38 -3.4e+38 -3.4e+38 110.202453613281 108.304344177246 108.5224609375 104.386054992676 97.7878341674805 84.7517166137695 66.4291763305664 64.0576782226562 62.6071014404297 63.2813415527344 60.0726661682129 57.723690032959 56.022533416748 58.8885955810547 60.4346923828125 66.3518142700195 69.2594833374023 67.3793258666992 74.8149566650391 83.4859008789062 87.0063552856445 80.2629928588867 72.1309814453125 76.5420074462891 73.6725082397461 80.7557754516602 84.7009811401367 86.2605743408203 91.8248138427734 94.6669464111328 88.6162109375 87.2001190185547 92.2984313964844
-3.4e+38 -3.4e+38 -3.4e+38 -3.4e+38 -3.4e+38 -3.4e+38 -3.4e+38 -3.4e+38 -3.4e+38 -3.4e+38 -3.4e+38 -3.4e+38 -3.4e+38 -3.4e+38 -3.4e+38 -3.4e+38 -3.4e+38 -3.4e+38 103.315826416016 100.628555297852 95.463493347168 87.2701644897461 70.0982971191406 63.1394309997559 67.5210800170898 61.4953575134277 60.4164886474609 59.7033882141113 60.5863838195801 61.5577239990234 62.9745445251465 65.6513977050781 66.6710052490234 69.5776901245117 73.3099365234375 79.7976913452148 84.3497772216797 78.9642944335938 83.3892211914062 93.0319061279297 91.1028137207031 94.7914733886719 94.4162902832031 91.5118942260742 96.5303955078125 94.5127944946289 85.0759048461914 90.9443435668945 97.3899917602539
-3.4e+38 -3.4e+38 -3.4e+38 -3.4e+38 -3.4e+38 -3.4e+38 -3.4e+38 -3.4e+38 -3.4e+38 -3.4e+38 -3.4e+38 -3.4e+38 -3.4e+38 -3.4e+38 -3.4e+38 -3.4e+38 -3.4e+38 -3.4e+38 102.383087158203 99.0162963867188 95.1363296508789 90.8378448486328 75.3533782958984 63.0563659667969 66.5304946899414 64.5239028930664 63.5428886413574 65.5174865722656 64.2285003662109 64.1064224243164 65.2612838745117 64.3471755981445 65.7326126098633 69.858268737793 72.3653259277344 72.9798431396484 83.8667984008789 90.9553375244141 93.9603805541992 97.4678955078125 98.5833358764648 99.7250595092773 96.7384338378906 99.7928924560547 101.862419128418 98.3200607299805 90.5034713745117 98.9020919799805 98.7883911132812
-3.4e+38 -3.4e+38 -3.4e+38 -3.4e+38 -3.4e+38 -3.4e+38 -3.4e+38 -3.4e+38 -3.4e+38 -3.4e+38 -3.4e+38 -3.4e+38 -3.4e+38 -3.4e+38 -3.4e+38 -3.4e+38 -3.4e+38 -3.4e+38 -3.4e+38 -3.4e+38 96.4304046630859 92.140739440918 82.4099426269531 71.4145889282227 67.8704452514648 67.9197998046875 72.7336349487305 74.2143402099609 76.6928405761719 68.0835189819336 69.1267166137695 66.859992980957 67.6933746337891 71.1735305786133 72.7558212280273 74.2633285522461 89.555305480957 95.1062774658203 94.3728561401367 95.857177734375 95.5009841918945 97.0241622924805 96.5606002807617 104.444374084473 107.150726318359 105.106407165527 101.753143310547 106.692977905273 103.98876953125
-339999999999999996123846586046231871488.000000000000000 -3.4e+38 -3.4e+38 -3.4e+38 -3.4e+38 -3.4e+38 -3.4e+38 -3.4e+38 -3.4e+38 -3.4e+38 -3.4e+38 -3.4e+38 -3.4e+38 -3.4e+38 -3.4e+38 -3.4e+38 -3.4e+38 -3.4e+38 -3.4e+38 -3.4e+38 -3.4e+38 96.2311401367188 88.787353515625 84.5627899169922 77.7656860351562 74.9248352050781 80.9830017089844 84.498649597168 81.5312194824219 68.0904846191406 69.3912048339844 75.0192718505859 75.7578964233398 73.1922836303711 72.9568481445312 83.9013824462891 92.1242523193359 97.1304321289062 97.8530349731445 87.4931716918945 90.9619979858398 85.3833618164062 105.742027282715 107.02271270752 93.1526947021484 90.7672576904297 98.5663528442383 107.396026611328 108.039947509766
-3.4e+38 -3.4e+38 -3.4e+38 -3.4e+38 -3.4e+38 -3.4e+38 -3.4e+38 -3.4e+38 -3.4e+38 -3.4e+38 -3.4e+38 -3.4e+38 -3.4e+38 -3.4e+38 -3.4e+38 -3.4e+38 -3.4e+38 -3.4e+38 -3.4e+38 -3.4e+38 -3.4e+38 98.5273895263672 95.1676254272461 90.8970642089844 87.4325103759766 85.9387130737305 89.6072387695312 92.0885009765625 87.6692428588867 74.4192504882812 71.6137466430664 74.2106704711914 77.8131103515625 77.382453918457 77.4907684326172 87.3189010620117 93.7676010131836 98.9750595092773 96.0139694213867 93.4137954711914 97.981689453125 105.197257995605 107.866966247559 92.3529510498047 86.4383544921875 92.8621520996094 105.08960723877 101.703636169434 99.4477386474609
-3.4e+38 -3.4e+38 -3.4e+38 -3.4e+38 -3.4e+38 -3.4e+38 -3.4e+38 -3.4e+38 -3.4e+38 -3.4e+38 -3.4e+38 -3.4e+38 -3.4e+38 -3.4e+38 -3.4e+38 -3.4e+38 -3.4e+38 -3.4e+38 -3.4e+38 -3.4e+38 -3.4e+38 96.6744766235352 95.5615539550781 92.989875793457 87.3709411621094 87.0307464599609 88.3584976196289 90.2183685302734 91.8746109008789 88.7624969482422 82.0010757446289 76.0489501953125 78.567756652832 79.3113021850586 75.7972946166992 89.1363906860352 92.4669723510742 101.090621948242 104.343894958496 105.62629699707 106.9140625 105.061752319336 95.1142120361328 87.3560485839844 88.8487777709961 102.35083770752 97.7234039306641 94.3781356811523 100.34056854248
-3.4e+38 -3.4e+38 -3.4e+38 -3.4e+38 -3.4e+38 -3.4e+38 -3.4e+38 -3.4e+38 -3.4e+38 -3.4e+38 -3.4e+38 -3.4e+38 -3.4e+38 -3.4e+38 -3.4e+38 -3.4e+38 -3.4e+38 -3.4e+38 -3.4e+38 -3.4e+38 -3.4e+38 -3.4e+38 94.5129776000977 93.2305068969727 88.8449401855469 86.2360229492188 85.9744033813477 89.224479675293 90.4960556030273 90.6319580078125 84.6903991699219 77.8898239135742 80.2979049682617 84.9143142700195 85.8480834960938 93.1673355102539 93.8070297241211 103.505981445312 106.762084960938 104.592254638672 102.360191345215 100.721824645996 96.5220260620117 87.6399765014648 92.932258605957 94.2381210327148 92.6293792724609 102.422775268555 104.443046569824
-3.4e+38 -3.4e+38 -3.4e+38 -3.4e+38 -3.4e+38 -3.4e+38 -3.4e+38 -3.4e+38 -3.4e+38 -3.4e+38 -3.4e+38 -3.4e+38 -3.4e+38 -3.4e+38 -3.4e+38 -3.4e+38 -3.4e+38 -3.4e+38 -3.4e+38 -3.4e+38 -3.4e+38 -3.4e+38 91.5702285766602 89.9224090576172 87.1812973022461 82.5887222290039 80.2319183349609 82.6019439697266 86.5608901977539 84.5571823120117 79.2514190673828 78.0151672363281 83.901969909668 86.3908843994141 90.0894470214844 88.2937469482422 93.8584442138672 102.318740844727 103.386001586914 88.8534774780273 99.6345367431641 112.25496673584 108.68920135498 88.026481628418 93.5692825317383 90.0871887207031 100.430709838867 100.09513092041 100.211128234863
-3.4e+38 -3.4e+38 -3.4e+38 -3.4e+38 -3.4e+38 -3.4e+38 -3.4e+38 -3.4e+38 -3.4e+38 -3.4e+38 -3.4e+38 -3.4e+38 -3.4e+38 -3.4e+38 -3.4e+38 -3.4e+38 -3.4e+38 -3.4e+38 -3.4e+38 -3.4e+38 -3.4e+38 -3.4e+38 91.560791015625 88.1145858764648 84.9800338745117 83.6858673095703 80.4643936157227 79.6796035766602 83.5525207519531 78.9444274902344 75.9324111938477 76.9353103637695 81.8784561157227 87.7936172485352 88.2273712158203 86.2075119018555 94.8814926147461 100.710311889648 101.887268066406 88.6832962036133 103.223114013672 114.815086364746 110.163833618164 88.4225540161133 87.3109359741211 89.5342330932617 92.234619140625 98.4938201904297 100.713455200195
-3.4e+38 -3.4e+38 -3.4e+38 -3.4e+38 -3.4e+38 -3.4e+38 -3.4e+38 -3.4e+38 -3.4e+38 -3.4e+38 -3.4e+38 -3.4e+38 -3.4e+38 -3.4e+38 -3.4e+38 -3.4e+38 -3.4e+38 -3.4e+38 -3.4e+38 -3.4e+38 -3.4e+38 -3.4e+38 -3.4e+38 87.0691757202148 84.4207992553711 81.8594665527344 82.0546569824219 81.195068359375 79.387565612793 81.8671951293945 79.2453994750977 80.6200942993164 83.4377059936523 93.3536682128906 93.9960021972656 90.2884902954102 96.2783737182617 101.968070983887 104.535842895508 104.599937438965 110.14087677002 114.355850219727 107.711921691895 91.256103515625 85.0341644287109 89.0004653930664 94.15576171875 99.5598068237305 98.3834838867188
-3.4e+38 -3.4e+38 -3.4e+38 -3.4e+38 -3.4e+38 -3.4e+38 -3.4e+38 -3.4e+38 -3.4e+38 -3.4e+38 -3.4e+38 -3.4e+38 -3.4e+38 -3.4e+38 -3.4e+38 -3.4e+38 -3.4e+38 -3.4e+38 -3.4e+38 -3.4e+38 -3.4e+38 -3.4e+38 -3.4e+38 -3.4e+38 86.81201171875 83.1292037963867 82.0822677612305 81.6718673706055 82.0935211181641 85.1178207397461 82.6079711914062 85.8927917480469 90.0785522460938 95.2808074951172 96.5818023681641 94.7846374511719 94.9093475341797 102.742057800293 107.22533416748 111.581130981445 115.393775939941 115.206527709961 95.6625595092773 83.2505950927734 83.1558837890625 89.4716110229492 103.874046325684 101.76815032959 104.054168701172
-3.4e+38 -3.4e+38 -3.4e+38 -3.4e+38 -3.4e+38 -3.4e+38 -3.4e+38 -3.4e+38 -3.4e+38 -3.4e+38 -3.4e+38 -3.4e+38 -3.4e+38 -3.4e+38 -3.4e+38 -3.4e+38 -3.4e+38 -3.4e+38 -3.4e+38 -3.4e+38 -3.4e+38 -3.4e+38 -3.4e+38 89.9947891235352 88.8536758422852 84.7773895263672 83.1773147583008 83.5725708007812 85.7786483764648 87.4500732421875 87.5467224121094 89.4842376708984 92.7089538574219 96.255012512207 96.1774063110352 92.9505233764648 93.6067352294922 101.141273498535 106.769691467285 107.862258911133 111.475051879883 108.05786895752 96.5747604370117 86.286506652832 85.0578155517578 104.123191833496 105.502227783203 106.464752197266 109.389747619629
-3.4e+38 -3.4e+38 -3.4e+38 -3.4e+38 -3.4e+38 -3.4e+38 -3.4e+38 -3.4e+38 -3.4e+38 -3.4e+38 -3.4e+38 -3.4e+38 -3.4e+38 -3.4e+38 -3.4e+38 -3.4e+38 -3.4e+38 -3.4e+38 -3.4e+38 -3.4e+38 -3.4e+38 -3.4e+38 -3.4e+38 -3.4e+38 88.7087554931641 86.9599456787109 84.3075637817383 84.1373519897461 87.2533187866211 87.3244934082031 90.0666809082031 92.8722915649414 92.6905517578125 94.6096420288086 92.4238357543945 91.2731246948242 94.4632339477539 102.06721496582 107.080459594727 103.075828552246 103.50562286377 104.457420349121 101.111633300781 87.3424301147461 97.4058532714844 105.939964294434 97.241455078125 105.95825958252 110.034942626953
-3.4e+38 -3.4e+38 -3.4e+38 -3.4e+38 -3.4e+38 -3.4e+38 -3.4e+38 -3.4e+38 -3.4e+38 -3.4e+38 -3.4e+38 -3.4e+38 -3.4e+38 -3.4e+38 -3.4e+38 -3.4e+38 -3.4e+38 -3.4e+38 -3.4e+38 -3.4e+38 -3.4e+38 -3.4e+38 -3.4e+38 -3.4e+38 90.3347930908203 89.7561340332031 87.2246856689453 86.3110656738281 87.3400344848633 87.2863388061523 92.5308685302734 93.2769546508789 91.4924011230469 92.9379119873047 93.4671478271484 92.2692031860352 96.0924453735352 103.843826293945 106.345603942871 101.670654296875 103.739959716797 103.174461364746 101.597023010254 92.2772827148438 90.8938140869141 98.3546829223633 103.873313903809 110.343566894531 112.36784362793
