rasters/Ethiopia_bio4.asc
NCOLS 180 
NROWS 138 
XLLCORNER 32.989799842 
YLLCORNER 3.405012842 
CELLSIZE 0.0832742739222222 
NODATA_value -3.4e+38 
[rows 88 to 109 of 138, columns 98 to 146 of 180]
88.6041259765625 87.7443618774414 87.27294921875 86.6501998901367 88.287239074707 88.8154830932617 86.3061752319336 90.5455017089844 94.2720489501953 96.7798004150391 96.8009033203125 95.7124786376953 97.7494964599609 96.6696853637695 94.5606689453125 94.8993759155273 93.4823684692383 92.0078353881836 90.2549362182617 88.7499542236328 88.3646545410156 87.818229675293 88.2326812744141 88.8574066162109 89.9662094116211 90.7959747314453 91.4798812866211 92.8897018432617 93.3146286010742 94.5940933227539 94.0439147949219 91.6680297851562 92.4887237548828 93.2184448242188 94.0035171508789 97.8523025512695 99.4277801513672 101.38387298584 104.333129882812 104.769096374512 104.446418762207 105.270606994629 106.792297363281 107.877159118652 107.820365905762 106.954391479492 109.083465576172 109.55689239502 110.646507263184
87.7662658691406 86.9689636230469 87.5316925048828 88.0090560913086 91.562629699707 92.1409606933594 89.9415054321289 89.7168350219727 90.8035125732422 94.6226348876953 96.6266250610352 99.5815963745117 99.6885452270508 99.0961227416992 97.2178115844727 96.2512969970703 94.5433120727539 92.2452926635742 90.6227264404297 89.496696472168 89.1371231079102 87.7419967651367 87.3004379272461 88.2038345336914 88.8676452636719 89.9764404296875 89.7766571044922 91.2132720947266 93.2874450683594 93.5018157958984 92.9546127319336 90.6562957763672 89.5906524658203 89.9617233276367 91.523063659668 93.6531143188477 95.5471038818359 97.2313079833984 100.953948974609 103.571815490723 104.109825134277 104.106735229492 103.578536987305 104.250183105469 104.429222106934 103.968925476074 105.135353088379 106.794555664062 107.950584411621
83.8728866577148 86.095703125 88.2826385498047 89.419075012207 91.5005416870117 93.2322540283203 94.5319442749023 95.3504867553711 95.4120407104492 96.9840316772461 97.7799987792969 99.8492813110352 100.708305358887 99.4733963012695 98.2272338867188 96.8186645507812 94.6030502319336 91.9794921875 90.4840927124023 89.3422470092773 89.2326049804688 87.9158935546875 87.5076141357422 87.2202835083008 88.2618560791016 88.5460510253906 89.4260482788086 89.5622329711914 91.5547485351562 91.6750717163086 92.3913955688477 91.3538589477539 89.3569793701172 87.9705123901367 88.4837188720703 90.0366363525391 91.8722076416016 94.6211547851562 98.2706909179688 102.717597961426 102.929000854492 103.3349609375 103.519218444824 103.12516784668 102.31201171875 103.081146240234 104.219635009766 105.220741271973 105.760543823242
80.6496124267578 85.3464202880859 88.6744766235352 91.1376342773438 91.9432067871094 94.3765563964844 94.9250793457031 95.5869979858398 97.508903503418 97.6197967529297 98.8658447265625 99.7038269042969 99.0352478027344 98.5846252441406 97.3833541870117 93.8204650878906 89.2164764404297 88.0580978393555 89.6983947753906 88.3544464111328 87.8338088989258 87.7599029541016 86.6168670654297 86.4453430175781 86.8935699462891 87.6131362915039 89.5428924560547 89.3650054931641 89.9850540161133 89.9676971435547 91.3613128662109 90.9384536743164 91.6376647949219 88.1580047607422 86.558464050293 87.7373428344727 91.5340270996094 93.3488998413086 95.2272644042969 97.8495330810547 99.8807754516602 100.63680267334 101.729042053223 101.844917297363 101.554290771484 102.145812988281 103.145484924316 103.801727294922 103.698463439941
79.1451034545898 82.9479064941406 87.943000793457 91.1344757080078 92.5810317993164 94.6331100463867 95.8229598999023 95.711067199707 96.8133926391602 97.1660385131836 97.9080352783203 97.7971496582031 97.0318069458008 96.2479782104492 93.4992752075195 86.7161254882812 87.0242156982422 89.0855407714844 90.2820281982422 88.0352478027344 87.1509399414062 87.5245132446289 86.1778564453125 86.1406936645508 85.9876480102539 86.110221862793 87.4276809692383 88.207893371582 88.5556488037109 88.4256057739258 89.2254791259766 89.6231536865234 90.4764938354492 90.5802688598633 88.2847213745117 85.7594985961914 87.2431335449219 89.0752563476562 92.2245788574219 95.5971069335938 97.3887481689453 98.4116287231445 98.8804473876953 98.8399047851562 99.3230133056641 99.1292114257812 99.9273452758789 100.236709594727 99.8915100097656
82.5088806152344 83.1699600219727 87.0699234008789 90.2644271850586 92.5232086181641 93.6945877075195 94.8169860839844 95.4528503417969 95.2716369628906 95.4469299316406 95.9038314819336 95.5466690063477 94.7281112670898 94.1317901611328 91.3959274291992 90.0561676025391 89.840446472168 90.0236740112305 90.2870330810547 88.1648254394531 86.7041854858398 85.6686630249023 85.9813461303711 86.3737258911133 85.6443710327148 85.3256683349609 86.5509490966797 87.0443420410156 86.0118103027344 87.1676940917969 88.0640335083008 89.1553726196289 90.0988235473633 89.3479843139648 87.0439529418945 85.5348739624023 85.2363586425781 88.5373458862305 91.7036056518555 95.3345413208008 96.6579971313477 95.9933090209961 96.1441955566406 96.7103271484375 96.561882019043 97.0360336303711 97.7541351318359 98.3040924072266 99.1228637695312
81.8607406616211 85.4072570800781 87.5934295654297 90.3138275146484 91.4104309082031 92.5836868286133 93.9214782714844 94.463493347168 93.0070953369141 92.886474609375 93.2278289794922 93.0881652832031 92.539306640625 91.9487991333008 91.8678588867188 90.8471603393555 90.3110809326172 90.0634231567383 88.9765243530273 87.8549728393555 86.4574356079102 85.7665863037109 84.9962844848633 84.9551315307617 84.8475036621094 84.475212097168 84.6034622192383 85.5095520019531 85.7614288330078 86.9332962036133 87.6499099731445 88.7456893920898 89.3991546630859 90.3291854858398 88.131462097168 84.3174743652344 85.3041839599609 87.0821304321289 87.8263473510742 91.0607223510742 92.6096954345703 92.1059265136719 92.8729629516602 93.9431915283203 95.6330337524414 96.1339721679688 96.8371963500977 96.5007171630859 97.2753372192383
83.3658065795898 85.0010986328125 86.7649841308594 88.1142196655273 90.1224822998047 91.5067520141602 92.3564376831055 92.2434844970703 91.2245254516602 91.3738098144531 90.9275512695312 90.8248596191406 90.9060592651367 90.6361999511719 91.4365768432617 90.4008941650391 90.0335388183594 89.4971160888672 88.0749664306641 86.8355484008789 85.3307876586914 85.43994140625 84.3525238037109 85.0585250854492 85.3148040771484 83.8170547485352 83.5535049438477 83.9460754394531 85.1323394775391 86.1296691894531 88.1034240722656 88.171142578125 88.4772644042969 89.484619140625 88.3531875610352 84.2401962280273 82.1515731811523 84.9555053710938 86.3461074829102 88.106071472168 87.2910690307617 87.5871887207031 89.1311950683594 90.9068984985352 92.0682907104492 93.2278366088867 93.6696929931641 94.4278793334961 95.1283264160156
81.6853790283203 79.1988143920898 82.9397201538086 85.1354598999023 83.9208450317383 81.6450424194336 88.1275863647461 89.8966979980469 89.9607467651367 89.4746551513672 88.8196258544922 88.9909591674805 89.331428527832 89.5364456176758 90.0233535766602 89.2863693237305 89.3737716674805 88.4318466186523 87.2725982666016 85.8497543334961 84.4618835449219 84.2803268432617 84.4706802368164 84.7240600585938 84.7261734008789 83.7114181518555 82.8458786010742 83.5395202636719 84.1524047851562 85.1542129516602 85.9250793457031 86.8786010742188 88.1662216186523 88.219970703125 88.6285095214844 84.4553070068359 81.8906478881836 83.6650772094727 84.0245895385742 84.7262802124023 85.1559143066406 86.5902404785156 87.3125686645508 88.3971099853516 89.1622619628906 90.2457656860352 91.2541427612305 92.6423263549805 93.7394332885742
80.8743438720703 81.1264038085938 80.6311416625977 77.5294036865234 78.8412475585938 81.91357421875 86.2642288208008 89.3765716552734 88.9588394165039 88.187141418457 88.2954177856445 87.8013000488281 88.0681610107422 88.6572570800781 88.9250411987305 88.1193389892578 87.7212829589844 87.2852249145508 87.3290557861328 86.9914855957031 84.8473129272461 82.9780807495117 83.9219741821289 84.5392150878906 82.8252029418945 82.8414840698242 82.2158432006836 83.3497772216797 83.7944641113281 83.0452499389648 84.3245620727539 85.0391159057617 85.8098449707031 86.1958847045898 86.1893463134766 84.9927597045898 82.0607223510742 81.3900833129883 81.5467147827148 83.1769180297852 84.8903350830078 86.6804351806641 87.6522521972656 88.3771667480469 89.3678283691406 90.6660919189453 91.2405624389648 91.8750686645508 92.6897964477539
80.8381042480469 82.5713882446289 81.6159744262695 79.3111572265625 83.3592987060547 85.3732604980469 87.293212890625 88.2629928588867 87.221565246582 86.8427505493164 87.8304672241211 87.2233963012695 88.0110092163086 87.3691940307617 87.0106658935547 86.8565139770508 86.7718811035156 86.8092041015625 85.9092102050781 84.7970733642578 82.9648742675781 84.598274230957 83.791374206543 82.9460525512695 82.0890731811523 80.6519012451172 80.3790512084961 82.1340789794922 82.8836898803711 81.6277389526367 81.5032958984375 81.6990585327148 82.6903610229492 83.2488021850586 83.0129089355469 82.7395477294922 81.6750564575195 81.4035491943359 81.6434478759766 83.539421081543 86.2877960205078 87.0112686157227 87.3770904541016 89.3581848144531 91.1719284057617 90.9350433349609 90.6948394775391 92.0376739501953 91.7063751220703
81.0563507080078 82.2531509399414 82.9435882568359 81.5951766967773 81.4834289550781 84.2726440429688 85.6387329101562 85.9299621582031 85.864128112793 85.9042358398438 86.8708190917969 86.7806854248047 86.2491683959961 86.2024383544922 86.311653137207 85.1040573120117 86.0310668945312 86.1166687011719 85.1708755493164 85.1302642822266 82.1862945556641 83.3019027709961 82.4866104125977 81.244514465332 81.7909317016602 80.886604309082 80.4866333007812 81.31298828125 82.4582595825195 80.5314178466797 79.5664749145508 80.3220977783203 80.945182800293 81.6676177978516 82.4500503540039 82.4001922607422 82.0021286010742 83.7699356079102 85.8283615112305 85.4776763916016 86.1439514160156 86.6665115356445 86.5046920776367 89.0229415893555 89.9875030517578 90.3963088989258 89.853889465332 90.4430389404297 90.7594451904297
80.5496063232422 81.2475738525391 82.5065002441406 82.5870208740234 82.9714584350586 84.3991317749023 84.9709777832031 85.7875823974609 86.2227401733398 86.0350952148438 86.5140533447266 87.8667297363281 87.1514053344727 86.6439743041992 85.5178756713867 84.969596862793 84.8757476806641 83.5467758178711 83.0715713500977 82.4730606079102 83.1057662963867 84.0026321411133 81.8737945556641 81.5117034912109 81.2451477050781 80.8015747070312 82.1616516113281 81.4908447265625 80.4913330078125 79.0422515869141 78.9276351928711 79.2486953735352 80.2688369750977 82.2709655761719 83.7267379760742 83.4586791992188 84.6429672241211 85.9736480712891 87.9785614013672 86.8824920654297 87.3815078735352 86.9470291137695 85.9105529785156 88.3451766967773 89.6957855224609 89.1357574462891 88.5298080444336 88.1484451293945 89.1228713989258
79.9282913208008 80.8941040039062 81.8533935546875 82.5149002075195 81.1981811523438 81.4095230102539 82.6611633300781 84.2459106445312 85.5861434936523 85.8646774291992 85.7456817626953 85.7530288696289 86.7319869995117 85.886589050293 84.1979751586914 83.9926071166992 83.3695526123047 83.1418609619141 82.1336135864258 81.2038803100586 81.2785873413086 80.6311798095703 80.5510787963867 80.3814926147461 80.1022415161133 81.0684814453125 82.4965209960938 81.9306182861328 81.1147613525391 79.8944320678711 79.8325424194336 79.7290802001953 80.2789001464844 82.6238555908203 84.3520278930664 86.9291687011719 86.6944580078125 85.2546768188477 87.7049179077148 86.2043380737305 85.6008529663086 85.8595504760742 85.5355529785156 87.7695541381836 89.25341796875 89.0850982666016 88.3522338867188 88.0259399414062 87.9075927734375
79.1556015014648 80.5359878540039 80.8543243408203 81.4967269897461 80.6824798583984 81.4567413330078 81.8985366821289 82.4477462768555 83.6534576416016 84.1571044921875 84.0512619018555 84.1320037841797 85.0034866333008 84.9639434814453 84.1656112670898 83.5104217529297 83.1669921875 83.1448669433594 82.0802230834961 80.9719390869141 80.6310119628906 80.3578872680664 80.2306289672852 80.1811370849609 80.7053756713867 81.0529174804688 82.8837738037109 83.142333984375 82.9543151855469 82.5766143798828 81.6235504150391 80.9434509277344 81.8930892944336 82.5207748413086 84.1907577514648 86.1498107910156 86.0183334350586 86.1180419921875 83.9941787719727 83.2212524414062 83.3228454589844 83.4402084350586 84.9395599365234 86.7011337280273 87.3902893066406 86.6901550292969 87.0828552246094 86.7409362792969 86.5524520874023
79.0384750366211 80.40380859375 81.065788269043 81.0978012084961 81.5859146118164 81.3315277099609 82.2163391113281 82.5240783691406 82.3425140380859 81.8180618286133 81.8148880004883 82.8802032470703 82.6780853271484 82.1046752929688 84.2096405029297 84.1923675537109 84.1378936767578 83.4557037353516 82.6134719848633 81.5458679199219 81.2658538818359 80.8631057739258 80.2417984008789 80.6985397338867 80.815559387207 82.4421691894531 83.3725128173828 82.9681396484375 84.2112503051758 84.900993347168 84.3691101074219 81.1557769775391 81.1846084594727 82.849235534668 82.9032592773438 84.6186752319336 85.1125411987305 83.5356826782227 82.5555114746094 82.7312088012695 82.6688003540039 82.847282409668 83.1620330810547 84.1857681274414 86.2155151367188 86.5544052124023 87.3276901245117 86.7917175292969 86.2290878295898
78.0874938964844 79.5010452270508 80.2620315551758 80.8198776245117 81.4299468994141 81.8512725830078 83.8325576782227 83.5841674804688 83.1241836547852 83.5191955566406 82.5723876953125 82.4251937866211 81.5588836669922 81.2654037475586 81.5725860595703 81.8018188476562 81.7671432495117 81.7385482788086 82.3675079345703 82.083122253418 81.9970245361328 81.8052368164062 81.5663375854492 81.3016967773438 81.6925430297852 81.9573593139648 82.4100189208984 84.0126495361328 85.177131652832 86.3014068603516 87.0516662597656 82.7956848144531 83.311897277832 83.4591445922852 83.0441741943359 82.9874038696289 83.9654388427734 82.9261322021484 82.2119522094727 82.01904296875 82.8563919067383 82.8689270019531 81.5801162719727 82.6506042480469 85.4875946044922 86.3021621704102 85.8542327880859 86.1473770141602 85.9647216796875
78.1327209472656 79.2473678588867 79.9753265380859 81.0257720947266 81.7725067138672 82.7844314575195 84.4850006103516 85.4582061767578 86.1473770141602 84.4979629516602 82.6732330322266 82.6015548706055 82.5751495361328 83.4251327514648 82.9063186645508 82.2538223266602 82.1703414916992 82.1864242553711 81.4451675415039 81.2396469116211 82.1987915039062 82.7819213867188 82.9217987060547 82.6112823486328 82.9914703369141 83.4756240844727 83.3054656982422 85.0808792114258 86.2281494140625 87.6525650024414 86.6563186645508 83.2779769897461 83.7135925292969 83.694580078125 82.9859161376953 82.0778045654297 82.1591186523438 81.8660278320312 81.8595962524414 81.3026504516602 82.0067977905273 82.379524230957 81.2936248779297 81.9073181152344 83.4114837646484 85.0446624755859 85.2076416015625 84.7231369018555 85.2003631591797
78.9963455200195 79.9488983154297 80.6743240356445 80.9630508422852 82.3005599975586 83.6412811279297 85.0991058349609 86.7817764282227 87.8705520629883 88.7361145019531 88.2687835693359 87.6516647338867 88.3638229370117 87.7802581787109 86.1393661499023 85.0446395874023 83.9110260009766 82.901481628418 82.576530456543 82.5665130615234 82.3722534179688 82.6355514526367 82.4774551391602 82.4251403808594 83.5617828369141 85.7531967163086 85.3420715332031 85.7748260498047 87.7737350463867 88.5254287719727 86.2586212158203 84.6498413085938 83.1899032592773 83.1228332519531 82.8647537231445 81.0038528442383 80.7547607421875 81.0864715576172 82.6743774414062 82.3486785888672 81.1466751098633 80.6272811889648 80.0659484863281 80.3193283081055 81.2307586669922 83.4279708862305 84.5520477294922 84.3825912475586 84.7459182739258
79.3229293823242 80.0250244140625 81.0106353759766 81.8496627807617 82.6234893798828 83.9307327270508 84.5417556762695 86.3815307617188 89.1783447265625 92.0046157836914 91.3756637573242 90.5379791259766 90.1522445678711 88.6806106567383 87.2422790527344 86.2167739868164 85.4172134399414 84.1884841918945 84.0193405151367 84.1407012939453 83.7256546020508 83.2572708129883 82.3535995483398 82.4116897583008 82.6789321899414 84.8608474731445 85.3903961181641 85.2322006225586 86.1781463623047 87.2175750732422 87.0970611572266 83.9729385375977 82.0561447143555 83.1245956420898 82.380256652832 80.94287109375 80.8094787597656 81.3932037353516 81.9962005615234 81.7217178344727 80.4816284179688 79.3806762695312 79.2722244262695 79.6218643188477 81.1426086425781 82.2077026367188 83.7473754882812 83.9319763183594 83.7802047729492
79.7854461669922 80.6656112670898 81.7821044921875 82.4959716796875 83.0917053222656 83.4258270263672 84.419189453125 85.9322509765625 88.5938339233398 90.6464691162109 93.1380157470703 93.7807312011719 92.2826614379883 89.388427734375 87.4922485351562 86.9774322509766 86.594612121582 86.3492736816406 85.7111587524414 85.45166015625 85.7649459838867 85.0775451660156 84.3113174438477 84.5952377319336 84.1303405761719 83.7351303100586 83.4355545043945 83.0618896484375 84.5633010864258 84.6004333496094 84.1184921264648 83.7583847045898 81.9059906005859 82.3028182983398 82.6583023071289 81.5672454833984 81.4952392578125 81.3474655151367 80.1831665039062 79.4878768920898 79.4805679321289 78.8312530517578 78.5677108764648 79.5051879882812 80.4708404541016 81.1842498779297 82.8842239379883 83.4773330688477 83.2003784179688
80.6995544433594 81.4560775756836 82.2204742431641 82.6043243408203 83.7947769165039 85.1461944580078 84.9124374389648 86.3126983642578 87.6186752319336 90.824951171875 93.3413543701172 93.3425750732422 91.1619186401367 88.7573928833008 87.9078216552734 87.4749755859375 86.9819641113281 86.7244262695312 86.5947265625 87.2396011352539 87.6202239990234 87.1420059204102 86.1410522460938 87.5168380737305 87.4885940551758 86.454833984375 85.2941970825195 84.1683044433594 85.2747116088867 83.3462142944336 80.3974456787109 80.1453018188477 79.5933456420898 79.2397766113281 80.7662200927734 82.5833282470703 82.2100677490234 81.4919204711914 81.0005264282227 79.4186553955078 79.3159713745117 79.0680084228516 77.8379669189453 78.6949844360352 79.8721389770508 79.9179077148438 80.5103988647461 82.0234909057617 82.6151809692383
