rasters/Ethiopia_CLYPPT_M_sl2_250m_ll.asc
NCOLS 180 
NROWS 138 
XLLCORNER 32.989799842 
YLLCORNER 3.405012842 
CELLSIZE 0.0832742739222222 
NODATA_value -9999 
[rows 69 to 91 of 138, columns 102 to 152 of 180]
29.5434782608693 37.5434782608693 45.6666666666695 38.9740338164231 45.5416666666672 35.7780797101447 29.0724637681184 35.9547101449269 40.3931159420356 33.537741545903 27.4782608695651 36.1585144927533 33.5018115942021 31.8967391304347 26.7361111111123 33.1283212560397 38.2083333333335 34.4453502415437 33.5301932367147 34.6195652173904 35.8771135265708 32.6446256038642 37.9356884057979 34.5498188405801 40.911835748793 39.0416666666672 39.4942632850243 32.5350241545889 31.9429347826079 -9999 -9999 -9999 -9999 -9999 -9999 -9999 -9999 -9999 -9999 -9999 -9999 -9999 -9999 -9999 -9999 -9999 -9999 -9999 -9999 -9999 -9999
31.105978260873 44.6250000000017 42.2608695652175 39.9390096618374 38.7717391304351 30.1542874396134 32.0102657004841 40.0887681159415 39.4208937198015 34.8248792270581 35.3940217391294 37.5021135265705 34.4374999999997 41.2617753623186 30.0945048309187 27.912741545893 30.6603260869563 29.9667874396179 31.1361714975854 33.4945652173929 33.5087560386495 35.0437801932366 32.2916666666672 37.994867149758 37.991243961354 36.2807971014497 36.4133454106278 35.7826086956526 33.9374999999975 34.3813405797142 -9999 -9999 -9999 -9999 -9999 -9999 -9999 -9999 -9999 -9999 -9999 -9999 -9999 -9999 -9999 -9999 -9999 -9999 -9999 -9999 -9999
37.2826086956526 42.0217391304316 42.3082729468585 36.6739130434759 36.1159420289837 34.7765700483098 26.3765096618372 37.2228260869562 38.4214975845275 29.0881642512032 29.5543478260861 36.6180555555558 33.2291666666664 30.2916666666672 32.4722222222246 29.877113526567 29.3731884057974 41.2315821256086 29.2623792270547 35.0326086956492 28.236714975843 30.1017512077312 37.5978260869545 33.7173913043474 26.8677536231867 29.988224637681 31.6871980676325 26.4897342995175 34.7527173913044 29.9568236714982 31.7173913043474 32.447463768117 27.2826086956526 -9999 -9999 -9999 -9999 -9999 -9999 -9999 -9999 -9999 -9999 -9999 -9999 -9999 -9999 -9999 -9999 -9999 -9999
39.898550724631 37.8641304347847 34.5184178743946 35.0003019323689 36 30.195652173914 30.0277777777804 40.631340579711 36.7647946859949 30.3239734299493 32.5027173913024 35.9163647343016 31.7418478260857 29 35.0350241545916 31.5682367149728 31.8605072463779 26.391304347828 34.6669685990373 35.6331521739116 32.2738526570049 27.0754830917902 28.8124999999992 25.3689613526568 25.0362318840525 29.7789855072451 34.7062198067628 32.176630434783 25.1250000000017 31.1527777777753 28.1452294685968 28.5181159420302 29.8100845410634 24.8559782608691 25.6123188405864 27.1331521739137 -9999 -9999 -9999 -9999 -9999 -9999 -9999 -9999 -9999 -9999 -9999 -9999 -9999 -9999 -9999
35.1419082125596 40.3342391304333 37.8143115942003 38.5501207729444 31.616847826086 30.4610507246374 31.516908212562 37.7590579710146 35.5226449275179 28 36.4891304347816 38.0377415458935 32.6065821256042 29.0661231884046 40.2321859903406 35.0830314009658 27.9456521739126 26.1479468599039 28.7551328502409 34.0815217391299 29.3242753623112 30.898852657005 29.3124999999992 30.8897946859904 25.2189009661829 29.9628623188401 32.0618961352655 30.8161231884011 27.8749999999983 29.1693840579683 29 29.0996376811591 25.3191425120767 27.1600241545888 25.2916666666638 26.4281400966179 25.7276570048292 25.0407608695649 22.739130434781 -9999 -9999 -9999 -9999 -9999 -9999 -9999 -9999 -9999 -9999 -9999 -9999
40.2771739130383 38.2771739130473 33.9782608695649 30.5818236714995 31.7282608695683 28.5027173913039 30.5295893719799 40.988224637681 34.9752415458937 31.4374999999981 33.7771739130472 36.6527777777787 34.3750000000006 30.4076086956509 35.9622584541057 35.5380434782569 30.2038043478262 29.1944444444481 29.1277173913049 27.9972826086956 32.1147342995162 28.9812801932364 26.9374999999992 29.9939613526546 27.9996980676329 27.1050724637695 30.0434782608702 30.0733695652195 29.0027173913044 28 30.6150362318887 28.2083333333328 25.0166062801935 24.7418478260857 24.9846014492751 27.9704106280189 27 27.3885869565203 22.8315217391287 25.4335748792273 22.5199275362322 22.4861111111114 -9999 -9999 -9999 -9999 -9999 -9999 -9999 -9999 -9999
36.9963768116013 33.024456521739 30.7789855072436 33.4305555555538 31.6367753623194 31.4861111111114 30.4861111111098 32.2980072463762 31.5694444444374 36.7530193236669 37.2336956521707 36.5875603864743 31 28.512681159423 28 34.9501811594204 32.8052536231883 25.1271135265739 26.6944444444426 27.2907608695683 31 32.9257246376811 29.8306159420284 25.0018115942031 25.8463164251242 28.0443840579716 27.8049516908216 24.0588768115941 27.9510869565219 25.9876207729492 30.7243357487943 25.5452898550735 21.6868961352649 26.0652173913044 25.9483695652095 23.2986111111109 21.0226449275362 24.6086956521754 25.5582729468609 23.971920289855 21.4882246376806 18.9960748792263 22.0335144927537 22.4465579710114 -9999 -9999 -9999 -9999 -9999 -9999 -9999
28.9423309178825 36.0597826086992 35.4936594202904 34.065519323671 30.4719202898559 32.5096618357486 31.1017512077317 31.4592391304355 30.7871376811528 31.0739734299559 37.2038043478276 36.0528381642509 29.4734299516916 31.7527173913037 30.2883454106304 30.1198671497612 33.7590579710153 25.9716183574838 24.1527777777787 25.6576086956527 27.4906400966202 34.6367753623199 33.6313405797102 29.8242753623171 23.0117753623171 26 28.0588768115941 25.9852053140093 27.8288043478264 27.1760265700454 25.6947463768142 22.8795289855075 18.5996376811601 24.4000603864738 26.5561594202932 21.8813405797097 23.7056159420296 19.8342391304356 22 24.9477657004832 24.4710144927532 23.3659420289855 16.5643115942015 22.5407608695674 22.0733695652172 21.5063405797096 15.6820652173897 -9999 -9999 -9999 -9999
33.2324879227016 35.6739130434772 34.6935386473422 35.1361714975849 33.7173913043474 34.3698671497588 33.0211352657025 29.933876811595 32.1914251207801 28.2391304347825 32.0896739130438 34.1080917874388 29.9236111111112 31.9302536231883 22.8167270531384 29.817330917875 23.6023550724638 28 24.6808574879221 23.6086956521755 25.7841183574878 30.2753623188404 31.9365942028977 33.4438405797066 28.7503019323689 33.6458333333319 25.0498188405795 32 26.7065217391332 23.7974033816421 24.3765096618336 23 23 27.1376811594211 20.8831521739098 20.6766304347827 21.5283816425107 18.100543478264 20.6935386473438 25.0739734299524 18.1295289855073 27.8547705314008 23.1228864734302 22.2192028985537 21.0857487922711 19.2182971014477 24.8152173913001 20.9682971014487 21.9236111111112 15.7780797101463 -9999
31.3260869565211 27.9266304347824 29.3894927536218 32.4882246376816 32.9610507246363 33.998490338163 33.8137077294667 31.8623188405813 30.0123792270541 30.5975241545873 32.877717391304 33.0211352657002 29.7780797101453 28.9048913043478 26.0078502415433 28.3556763285 27.1349637681167 33.6111111111103 25.4181763285014 29.3750000000051 25.7056159420293 25.2089371980693 30.3260869565211 26.6506642512062 27.3399758454079 28.2427536231866 25.3728864734292 26.3260869565211 30.2282608695699 28.6739130434789 24.4021739130356 27.4157608695662 27.3260869565211 28.2104468598997 24.7083333333362 22.6669685990339 18.4399154589383 18.4972826086931 21.9996980676351 22.4305555555557 23.9338768115958 21.8414855072466 21.6739130434789 25.5090579710084 25.0015096618359 14.4027777777787 24.5760869565177 21.3131038647345 26.6669685990339 24.2309782608697 21.153985507243
26.682669082124 30.7418478260865 34.1841787439607 35.9501811594282 30.0452898550722 32.5706521739138 27.9722222222196 28.8106884057975 27.3342391304309 28.0338164251218 30.9918478260845 35.2696256038649 31.0555555555557 30 26.5679347826078 24.1977657004889 29.4130434782605 29.5555555555551 30.8260869565211 24.4619565217378 28.7083333333362 25.9713164251209 26.3541666666655 26.7536231884061 24.0081521739118 27.5452898550722 32.2312801932372 23.8831521739139 25.309782608694 26 26.4130434782605 25.5833333333345 22.448369565218 21.1147342995199 18.5371376811638 31.1319444444443 20.8565821256044 21.154891304347 20.0700483091788 22.7647946859906 21.7318840579699 32.8608091787449 22.8106884057989 25.8713768115967 25.1778381642511 24.0905797101428 27 20.7303743961356 19 24.1702898550691 21.4187801932443
31.5000000000008 31.7500000000036 29.6041666666677 34.0694444444453 33.458333333332 28.7569444444447 27.5000000000009 28 29.4305555555618 29 32.1249999999991 32.4791666666684 30.1597222222236 27.0000000000017 29.2083333333344 27.2638888888877 31.5000000000008 33.31944444444 31.5000000000009 26.4375000000012 23.1458333333318 26.5000000000007 26 26.9513888888843 23.5277777777711 27.4999999999992 26.4305555555565 25.0486111111124 26.937499999999 31.4236111111116 26.4097222222211 25.8124999999981 27.618055555555 20.2638888888885 18.8541666666678 19.3194444444443 24.5000000000009 31.8749999999985 27.5972222222233 22.8541666666676 22.6458333333316 31 19.7708333333357 23.9999999999992 22.1458333333341 21.7013888888899 27.1875000000022 19.8472222222216 21.6597222222227 17.0000000000012 22.8680555555534
32.0359299516866 35.1467391304367 33.2185990338188 35.7647946859893 26.7309782608701 30.3746980676322 26.9885265700472 28.3034420289855 29.6684782608607 29.7635869565234 28.7282608695622 28.4435386473427 29.1874999999997 27.8260869565228 31 23.6663647342965 28.2599637681151 36.5869565217386 30.5238526570038 28.383152173913 23 30.4945652173915 27.7916666666672 27.9861111111098 27.994263285025 29.9927536231883 23.3843599033822 29.5298913043459 24.5869565217386 23.4972826086967 26 24.5869565217386 23.3155193236721 28.5220410628031 23.5842391304335 26.506944444444 20.5809178743948 31.7499999999966 19.2364130434774 24 31.7309782608701 19.8608091787436 23.3746980676315 25 23.4945652173915 21.2466787439613 18.3750000000017 21 20.1874999999997 25.5362318840581 20.6500603864745
28.1132246376817 35.0353260869542 32.9996980676317 31.2433574879251 32.6349637681152 28.4846014492745 28.653683574878 27.8233695652176 23.9048913043412 26.805253623188 28.8695652173902 27.5600845410617 29.6953502415474 31.129528985506 27.7735507246357 23.1721014492737 29.6068840579708 24.3022342995231 30.375905797101 28.9972826086954 25.4894323671499 26.024154589372 26 31.6597222222215 24.3354468599013 23.6041666666664 28 24.4571256038675 27.6630434782651 25.7735507246365 21.3888888888876 22.927536231884 22.5621980676317 20.9921497584533 22.53804347826 24.5628019323675 20.12077294686 24 33.3260869565211 21.2418478260873 24 18.5048309178743 23.8137077294667 22.0833333333277 23.2901570048313 22.4661835748794 20.4211956521732 19.3336352657005 20.8822463768117 21.5724637681169 22.846014492757
25.1911231884087 33.475543478262 31.9791666666659 34 29.4121376811597 28.8916062801928 26.1307367149744 26.1992753623177 24.308272946841 27.8571859903374 27.7608695652171 26.3885869565235 26.6745169082121 22.9474637681157 27.0878623188389 23.8203502415444 24.3786231884062 25.3611111111183 25.5649154589358 26.6983695652209 30.0972222222213 35.2225241545897 27.7490942028981 31.5132850241585 30.7364130434817 27.0416666666672 25.3085748792271 23.9767512077289 31.2092391304346 27.8771135265679 24.376509661834 20.8451086956517 21.1029589371977 21.4015700483111 29.7083333333362 25.0842391304338 20.2741545893705 21.7146739130449 26.0963164251206 31.3013285024165 24.2391304347829 25 24.2391304347829 25.8007246376773 33.591485507246 24.8520531400981 20.5217391304342 21.9682971014487 22 20.8478260869576 25.6730072463709
37.3472222222247 27.5842391304327 34.877415458937 32.4172705314028 28.9157608695656 32.0739734299517 26.4903381642503 25.3894927536238 28.1521739130434 24.8529589372051 25.9402173913072 27.2050120772945 24.7841183574881 26.0951086956527 27.5923913043483 25.6835748792256 24.8478260869566 26.4583333333394 27.0226449275354 28.7228260869549 32.7506038647353 27.2735507246382 30.8831521739136 21.4565217391303 27.4963768116014 25.4438405797098 23.941123188406 23.7801932367133 23.2771739130451 27.0006038647319 25.3740942028996 25.480978260869 31.2629830917879 22.2635869565247 24.2916666666638 31.6956521739132 25 21.1521739130434 25.0126811594222 24.448369565217 29.0815217391294 26.4121376811597 24.103562801931 23.2228260869516 21.1865942028988 28.1944444444426 28.1657608695667 20 20.8813405797102 22.3550724637668 20.1518719806818
34.0652173913048 32.7173913043446 28.584541062801 28.5975241545912 29.576992753624 28.0652173913048 25.4544082125589 27.3985507246368 28.0646135265564 26.4679951690801 23.9592391304346 24.8695652173904 25.6570048309179 27 24.3771135265697 26.9003623188401 26.1947463768116 26.9048913043479 26.8571859903373 30.8749999999983 28.8695652173904 27.9390096618346 29.1041666666676 28.1286231884065 25.025966183571 21 29.3300120772957 25.0652173913048 23.2472826086981 25.2080314009643 29.1035628019294 28.103260869566 27 22.9039855072459 21.3188405797079 29.2986111111108 30.5449879227054 24.2092391304378 21.7792874396112 22.5603864734297 19.5063405797104 23.5138888888886 28.9329710144921 29.2554347826156 28.5232487922701 24.3375603864739 23.9755434782606 26.0226449275364 24.0652173913048 23.596920289856 23
37.3689613526593 35.6250000000017 28.4027777777787 30.4305555555538 30.4601449275357 29.9894323671498 27.4861111111098 25.9900362318841 24.5694444444374 25.3722826086934 25.345108695654 23 23.9852053140098 25.9846014492755 23.7418478260881 25.7472826086937 25.4248188405799 24.9782608695654 32.9565217391307 27.8777173913027 28.9245169082134 28.0202294685989 26.0634057971019 24.0570652173923 24.9984903381582 25 24.864130434783 26.9701086956494 27.288043478264 23.1896135265675 24.0138888888889 28.7699275362326 20.2361111111106 18.5437801932392 23.2916666666638 22.668478260869 24.3765096618346 20.991847826087 23.4245169082113 23.5788043478258 17.5416666666672 24.9894323671498 25 25.0335144927534 25.4335748792272 26.3505434782621 24.3668478260887 25.3254830917878 23.304649758454 28.677536231886 26
35.8913043478259 34.5570652173927 31.4676932367159 28.8913043478259 29.0498188405797 28.4861111111114 27.5667270531414 25.1086956521741 25.1059782609038 23.0437801932365 21.2581521739137 23.0039251207701 24.0347222222223 27.8913043478259 24.9139492753625 27.7638888888868 32.9139492753622 26.7499999999971 29.1253019323675 27.986413043478 27.0972222222213 27.076992753623 25.2173913043482 25.1210748792284 23.8913043478259 22.817028985506 31.5969202898552 32.0981280193236 22.315217391306 23.8472222222247 24.3390700483077 23.6059782608707 23.2361111111106 18.4281400966252 20.2599637681133 25.3541666666665 23.2385265700472 17.3749999999983 22.4239130434774 17.8294082125601 27.3749999999983 25.0558574879228 25.055857487923 25.3994565217422 26.63134057971 26.3680555555539 21.0407608695655 23.9622584541062 25.715277777778 26.9230072463765 23.7074275362266
34.3831521739125 31.7989130434756 33.7536231884032 33.4698067632806 27.9329710144919 27.391002415459 24.7823067632846 24.2626811594193 25.8315217391273 23 23.910326086955 23.1277173913048 23.4525966183576 22.8215579710162 26.6953502415463 26.8115942029042 30.8858695652172 26.3408816425153 30.1956521739135 25 24.2738526570045 28.251509661836 26.2291666666676 25.9888285024144 27.5975241545901 25.0335144927541 24.83152173913 29.3710748792319 26.8532608695655 26.8043478260865 25.784118357491 25.0407608695652 22.1551932367164 22.0241545893708 22 25.5474033816424 24.7207125603874 25.9266304347828 24.1678743961349 23.4305555555557 26.6313405797108 26.0951086956525 26.5866545893711 26.0833333333276 27.4580314009658 24.4803743961342 23.4972826086973 23.1859903381637 26 27.9619565217429 25.2599637681028
29.8155193236722 26.2690217391292 26.7403381642516 28.6690821256081 30.5878623188399 33.3686594202896 31.2747584541056 20.7173913043478 23.0824275362378 22.457729468598 21.8369565217384 23.4347826086956 24.8194444444445 23 26.2080314009665 27.0667270531407 26.6114130434784 27.1805555555592 30.0664251207734 25.7173913043478 25.0972222222213 23.7370169082125 31.011775362319 29.0099637681169 26.561292270532 28.0715579710155 26.9305555555557 21.9507850241501 33.0951086956475 23.6083937198061 25.3611111111059 23.2237318840581 28 19.528079710144 23.3740942028949 22.4513888888892 22.1210748792287 25.2690217391292 34.600845410626 30.7173913043478 28.8242753623194 26.3408816425125 24.2113526570042 23.8704710144919 25.1871980676329 28.4027777777787 25.4483695652162 20.1280193236721 23.0902777777777 23.6259057971038 22.2080314009649
29.0709541062798 26.6059782608684 28.1120169082124 28.9390096618374 25.0280797101445 27.6304347826088 25.855676328501 25.6250000000017 23.6515700483179 22.7967995169111 22.6114130434811 24.5884661835742 22.4528985507246 22.6295289855077 27.4384057971011 26.1488526570062 25.2065217391305 23.6168478260918 26.4942632850234 26.9211956521728 26.3695652173912 26.3439009661836 28.3695652173912 30.3695652173912 26.0138888888868 25.1358695652193 24.9305555555557 26.0972222222247 21.9211956521728 30.273248792272 24.8861714975862 27 27.8716787439624 24.2638888888902 23.1077898550714 21.42904589372 23.241243961353 25.3749999999983 29.7128623188423 30.5694444444443 31.5416666666672 24.189915458937 28.3695652173912 26.5416666666638 25.6038647343001 25.0332125603875 27.2364130434794 26.5661231884062 19.2098429951685 20.6005434782634 25.6304347826088
27 30.6250000000017 28.6754227053144 27 30.7527173913042 24.2515096618363 24.0869565217395 21.2092391304344 20.6760265700671 19.8680555555572 21.2853260869556 19.6642512077275 29.3698671497587 31.646739130434 24.8230676328518 23.364432367153 26.6141304347824 27 25.9130434782605 32.4782608695654 26.8158212560393 24.612922705314 24.4791666666668 24.542270531401 27.0932971014487 23.4601449275361 23.1881038647343 25.9027777777753 26 27.5999396135257 34.2916666666689 27.3396739130427 26.9586352657011 25.9287439613498 21.7735507246345 26.5347222222226 27 22.747282608695 27.6754227053133 29.8529589371982 28.1639492753614 26.4565217391303 25.2792874396143 26.8288043478223 23.1210748792273 29.1838768115946 21.831521739132 27.1017512077293 26.758756038648 21.3550724637714 17.0564613526593
