rasters/Ethiopia_CLYPPT_M_sl2_250m_ll.asc
NCOLS 180 
NROWS 138 
XLLCORNER 32.989799842 
YLLCORNER 3.405012842 
CELLSIZE 0.0832742739222222 
NODATA_value -9999 
[rows 115 to 137 of 138, columns 51 to 101 of 180]
26.4740338164251 40.0606884057963 35.9797705314039 31.090881642512 34.8940217391307 31.4996980676328 33.3149154589388 32.6168478260904 27.9130434782614 31.4565217391307 31.0769927536221 29.7590579710163 31.7925724637695 26.3949275362326 26.4842995169083 34.615036231884 33.1711956521748 31.2170893719814 27.4305555555572 30.4610507246401 32.2068236714957 32.7756642512075 34.7509057971019 31.6011473429955 26.4565217391307 26.5434782608693 27.1660628019259 26.0087560386469 33.0652173913056 30.7204106280184 27.2868357487936 28.5253623188405 31.4453502415452 32.2146739130469 28.9320652173904 32.9027777777787 29 31.1249999999983 30.3846618357473 32.0063405797092 32.5208333333328 28.1186594202893 29 35.2173913043513 32.8432971014493 33.5120772946864 24.9556159420268 25.9381038647348 25.6156400966213 20.9284420289848 28.6893115942026
27.1132246376809 28.327898550724 30.7442632850232 36.7376207729466 37.6612318840585 32.5341183574874 37.3695652173912 33.203804347824 28.039855072464 33.2276570048312 30.7092391304294 31.4568236714983 30.3583937198061 26.4755434782618 28.42904589372 28.9622584541065 34.2961956521724 33.9281400966191 36.060990338166 31.6222826086965 31.063103864735 30.9012681159424 31.9637681159432 32.2306763285027 27.4359903381594 26.7445652173895 28.6370772946948 31.1180555555555 29.4764492753628 27.4465579710157 29.6150362318862 27.422101449276 31.1805555555564 24.2657004830934 27.9538043478255 28.2364130434795 33.2352053140099 27.0262681159424 22.3870772946833 28.6304347826088 28.0262681159424 24.4208937198065 28.6663647342992 32.078804347825 27 27.7391304347825 27.7916666666638 30.1950483091797 25.5359299516895 22.4456521739132 29.2608695652175
43.9501811594204 41.699275362319 36 36.7273550724651 35.7173913043482 34.1325483091801 36.7928743961347 34.4130434782643 24.4586352657014 27.3100845410626 29 29.2826086956518 30.1893115942015 28.4827898550716 29.6805555555557 27.4106280193208 30.3532608695637 35.080615942027 32.9909420289801 28.9873188405778 34.1096014492721 33.4278381642505 30.7871376811586 28.3864734299517 30.4284420289875 27.0706521739139 28.0646135265763 33.4882246376816 30.1086956521724 31.0932971014496 28.4812801932385 33.8052536231872 29.9489734299515 28.870169082127 29.2826086956518 26 26.3324275362314 28.0298913043483 29.3103864734254 23.6974637681193 26.0298913043483 25.6871980676333 29.5778985507263 29.1576086956535 30.1527777777787 29.3562801932385 31 30.5480072463781 24.397342995168 26.2164855072457 26.6388888888885
37.5528381642511 39.5507246376801 35.0193236714947 31.2068236714988 34.6086956521737 36.4833937198069 29.6479468599048 26.0054347826065 27.2457729468614 27.9849033816426 32.114130434784 26.0404589372 31.1440217391309 23.7092391304332 27 30.9320652173915 27.5760869565207 32 33.8768115941987 31.2182971014484 33.508454106281 32.9048913043477 32 33.737922705314 30.5972222222247 31.3668478260882 34.1778381642405 31.7512077294689 31.2961956521726 29.7068236714964 32.8505434782605 27.4692028985516 26.4785628019308 27.8771135265693 27.9048913043491 32.3342391304355 30.0694444444443 30.7291666666655 28.5975241545908 21.8375603864683 24.8378623188409 29 24.8825483091779 28.0760869565207 29.8342391304349 29.3611111111059 32.0407608695658 30.8043478260868 25.2708333333376 25.1385869565217 22.7430555555557
40.8143115942024 41.4375000000033 45.067028985514 31.9097222222234 34.8378623188402 30.82940821256 32.9018719806757 28.0815217391312 25.734601449274 28.8888888888891 28.9365942028975 29.3635265700518 28.8161231884086 28.1856884057981 30.1086956521745 33.1464371980684 28.5516304347852 33.1086956521745 25.3535628019375 35.8568840579707 32.4613526570012 34.8913043478255 31.8668478260856 33.5075483091782 31.6410024154614 33.8586956521711 30 29.5021135265709 29.2146739130437 33.6896135265737 35.9169685990332 32.8913043478255 31.0718599033818 27.0920893719811 29 28.8046497584544 31.9532004830909 32.8541666666656 27.0153985507223 25.9036835748767 22.0788043478271 27.1011473429958 29.9344806763293 31.8885869565233 27.2134661835763 31.5694444444487 30.8143115942005 30.7638888888902 31.6560990338178 28.9547101449274 27.8913043478255
34.1099033816421 43.9374999999996 35.943236714978 34.0214371980675 38.0634057971019 35.0015096618357 37.8985507246387 34.024456521739 32.1829710144934 30.9565217391307 33 34.1977657004854 28.0434782608693 30 24.6902173913037 36.9224033816455 32 25.4157608695661 24.5788043478244 30.5416666666672 31.5027173913057 32.0383454106273 35.9900362318841 29.9876207729469 29.4027777777753 27.3831521739113 33.9782608695653 33.0286835748791 31.6775362318837 26.2958937198054 31.7255434782624 30.1865942028981 29.3315217391322 27.8472222222213 28.2038043478272 28.99788647343 30.8393719806768 27.9818840579712 29.9788647342996 27 22.0009057971015 27.8916062801936 31.0196256038646 30.8559782608713 31.8321256038639 31.9604468599036 28 30.5277777777804 29.258152173911 28.3070652173918 25.6736111111113
42.7484903381667 44.9112318840568 30.1286231884045 36.064311594202 36.0208333333319 31.9954710144928 39.7644927536259 41.1168478260859 43.2955917874416 24.0652173913035 33.2463768115909 31.0652173913035 29.9827898550728 26.272644927537 28.5123792270516 29.0226449275359 26.8940217391319 28.0262681159418 28.0371376811588 36.9701086956526 30.9308574879267 25.5157004830914 29.3505434782596 28.0926932367152 28.2723429951683 29.1684782608738 30.632850241541 30.0027173913032 34.0461956521733 33.5277777777754 29.3013285024133 30.0652173913035 28.3644323671482 32.2179951690823 32.8695652173929 32.9474637681165 30.3251811594183 30.8903985507249 29.9347826086965 31.9347826086965 29.0624999999992 29.8653381642522 29 32.6440217391348 30.5317028985479 26.5866545893645 28.9211956521747 27.7792874396146 26.6102053140043 25.9538043478267 26.7457729468593
44.8611111111115 39.8414855072468 39.2904589371991 43.9722222222196 42.6476449275366 37.9516908212561 37.780193236716 40.9211956521757 40.8704710144919 27.9990942028978 28.8795289855071 25.695652173914 23.5682367149728 28.7989130434785 32.3611111111115 25.4465579710134 25.4130434782619 21.7738526570064 24.7660024154574 34.9193840579738 27.7738526570057 29.4356884057971 26.3885869565215 22.8822463768118 24.4027777777753 30.7472826086883 29.5422705314132 27.152173913043 29.847826086957 32.7047101449288 33.4362922705291 34.9121376811597 30.7506038647353 33.1742149758421 31.1331521739124 30.8626207729471 32.3420893719797 28.0063405797102 30.847826086957 29.8499396135267 30.9936594202898 30.9278381642514 26.5389492753601 28 27.8716787439633 21.7222222222243 26.9438405797068 27.4954710144947 27.224033816425 27.2472826086963 21.3680555555552
41.5163043478269 39.4682971014488 38.753623188407 46.4867149758424 39.2708333333336 38.9803743961353 35.926026570049 40.3967391304364 35.3553743961359 28.0353260869564 28.1856884058062 26.451992753625 24.3517512077249 23.3342391304334 21.0763888888888 27.1014492753632 24.7744565217369 27.4027777777787 31.8970410628016 29.3487318840576 27.39100241546 26.8837560386473 25.8704710144927 24.8085748792267 24 27.4347826086947 27.825483091793 33.6349637681155 31.461050724638 30.5848429951691 33.4610507246406 30.1893115942029 28.5570652173926 32.7974033816429 28.5407608695623 30.7376207729472 35.5217391304351 31.2708333333336 31.2496980676311 28.7608695652175 31.7192028985503 27.5549516908214 29.6361714975859 28.9809782608667 27.2025966183571 27.5292874396169 29.4474637681186 32.2361111111098 31.6159420289842 29.3913043478263 23
41 39.3124999999997 37.9954710144934 41.9906400966175 36.0416666666672 37.7418478260868 28.1606280193221 30.4076086956512 28.1917270531393 22.832729468599 23.8143115942008 22.2490942028978 26.086050724637 28.7690217391307 24.6805555555557 28.4468599033813 36.2038043478255 25.4027777777787 34.7566425120789 28.4855072463766 30.1494565217378 27.5063405797104 23.6739130434784 25.6739130434784 28.1944444444494 28.4701086956518 24.6452294685929 29.5280797101445 26 31.2400362318844 25.9230072463773 28.4664855072459 26.506642512078 33.3964371980658 30.9157608695641 31.6422101449279 33.6980676328503 32.0416666666672 31.6382850241565 29.3309178743953 30.6603260869564 26.4181763285021 29.3457125603867 25.6739130434784 24.95018115942 27.2672101449283 29.4664855072482 31 31.7361111111132 26.7083333333328 25.5561594202899
40.0694444444443 37.8333333333328 37.0196256038618 37.0057367149764 35.9655797101445 34.7974033816419 32.4897342995182 26.8750000000013 25.0320048309187 23.449577294686 26.4284420289881 28.2246376811592 23.8451086956533 25 23.5869565217395 25.3472222222213 24.8070652173928 22.9402173913026 32.608393719809 25.1286231884067 27.0163043478277 25.0114734299514 24 24.3342391304349 28.3091787439602 27 32.0603864734312 32.2919685990347 27.6376811594209 24.9408212560359 24.1950483091775 27.2083333333328 28.1739130434789 29.3366545893734 29.1630434782571 29.9598429951695 32.5748792270535 31.0416666666672 30.1796497584539 30.9918478260882 29.4447463768117 28.9305555555557 31.453200483091 29.0733695652164 29.8472222222213 27.9254227053151 28.240942028983 30.9761473429989 28.2907608695611 25.4157608695651 25.3058574879232
30.9652777777779 27.9583333333328 31.0069444444434 34.4583333333294 32.0625000000009 27.5 28.4513888888894 28.4375000000006 27.5 22.3680555555549 24 26 22.7083333333396 24.0208333333353 20.3402777777779 20.6527777777787 22 23.2986111111106 27.7152777777786 24.2708333333336 23.2430555555549 22.5 22 24.4305555555557 24.7013888888877 24.3749999999983 28.173611111114 30.3402777777779 30.1458333333336 29.6319444444439 27.1180555555549 25.5 28 29.3472222222213 28.5 30.6458333333319 31.0347222222221 32.5 31.4791666666698 28.5138888888868 28.5416666666672 30.4652777777779 30.4027777777787 30.0624999999991 26.8472222222213 28.4097222222235 25.6041666666681 25.1180555555549 27.7361111111132 27.3750000000017 24.5208333333336
32 26.8505434782606 29.9918478260881 29.9803743961334 27.058876811595 27.8897946859906 20.9429347826092 27.3097826086965 30.2424516908228 23.9079106280188 23.240942028988 25.5869565217395 23.2638888888868 32.7617753623188 21.9444444444443 23.2995169082116 21.7798913043467 25.3505434782605 23.1564009661822 22.3523550724647 24 25.5138888888886 23.2346014492747 21.3342391304349 22.763586956523 22.6331521739118 25.6168478260902 30.4130434782605 31.7083333333328 29.9408212560359 28.4483695652184 29.4130434782605 29.2258454106267 28.8206521739118 25.5353260869562 28.4299516908208 28 30.058876811595 30.5869565217395 28.3991545893737 30.9583333333328 30.1331521739138 29.3559782608698 27.4619565217412 26 32.6615338164243 24.2237318840591 25 30.1222826086994 27.5842391304349 24.135567632851
30.3260869565228 28.6594202898539 31.335446859903 28.6663647343029 25.9583333333328 23.348731884059 26.8055555555575 26.2201086956518 26.329408212561 27.6150362318828 20.4166666666601 25.7638888888868 27.3260869565228 26.9094202898572 19.8958333333331 25.1132246376812 22.9510869565211 23.4027777777787 24.8019323671515 22.1123188405811 22.4951690821252 24.0015096618344 22.5144927536233 22 21.7285628019344 23.3749999999983 26.7946859903385 24.645531400967 28.6739130434772 28.7599637681148 27.9178743961362 29.4655797101445 26.7916666666665 27 26.7771739130473 26.2065217391311 29.3502415458945 31.3958333333353 33.0045289855066 32.9906400966198 -9999 -9999 -9999 -9999 27.4290458937213 25.0588768115935 24.6014492753607 25.6947463768164 30.4121376811601 25.8034420289854 22.7566425120774
-9999 -9999 30.249698067632 27.0138888888902 22.5000000000016 22 22.2765700483103 20.3967391304347 19.7974033816421 22.5603864734271 34.2391304347833 34.4722222222264 27.7672101449313 29.7699275362339 25.0407608695661 18.1560990338171 22.9103260869559 22.7400362318833 22.7635869565177 21.3487318840572 19.774154589376 23.1796497584521 21.2826086956517 20.911533816426 19.5455917874382 21.85054347826 29.1811594202924 30 26.7083333333328 27.0383454106298 27.0594806763304 28.0498188405797 33.2901570048315 26.8472222222213 28.1603260869584 27.3870772946851 31.1222826086953 27.1775362318839 -9999 -9999 -9999 -9999 -9999 -9999 -9999 23.3765096618343 27.8414855072444 27.9969806763265 23.2961956521771 24.7527173913059 23.8333333333339
-9999 -9999 -9999 28.9978864734297 26.1938405797111 24.9305555555557 22.1268115942017 22.2853260869574 21.459842995167 23.6114130434778 31.1521739130438 27.8478260869562 28.3602053140132 26.7844202898547 21.5283816425119 25.1422101449262 24.3750000000017 22.4936594202909 23.0739734299559 21.4583333333328 23.8242753623162 22.5643115942034 22.6114130434789 22.1521739130438 21.5549516908192 24.1521739130438 26.4993961352719 28.6805555555557 33.7083333333328 25.2638888888877 24.7195048309185 28.0244565217382 26.8469202898545 25.4344806763306 28.3994565217393 -9999 -9999 -9999 -9999 -9999 -9999 -9999 -9999 -9999 -9999 -9999 23.3740942028937 23.2804951690815 21.9598429951693 22.1711956521741 23.0486111111112
-9999 -9999 -9999 -9999 -9999 26.1953502415458 25.1560990338156 24 26.1980676328511 26.0117753623189 22.2463768115914 31.2053140096636 26.4414251207768 23.0842391304349 22.9347826086956 22.9547101449276 25.5842391304332 21.5069444444454 21.5694444444428 25 23.5196256038635 19.5791062801929 22.0298913043478 19.9628623188406 24.6234903381666 20.9836956521737 29.0199275362311 27.2986111111109 32.961956521739 25.754227053138 28.835144927536 25.9864130434783 25.9882246376811 -9999 -9999 -9999 -9999 -9999 -9999 -9999 -9999 -9999 -9999 -9999 -9999 -9999 -9999 30.2916666666667 32.5277777777736 -9999 -9999
-9999 -9999 -9999 -9999 -9999 -9999 24 21.0652173913033 23.0184178743958 25.8094806763285 26.2300724637645 30.2258454106302 26.4836956521778 27.6494565217395 21.3124999999999 24.6310386473443 21.2581521739095 21 25.9876207729471 24.4583333333328 21.5295893719787 22.5132850241543 23.5081521739141 23.9782608695656 23.4070048309155 24.0081521739129 23.6745169082063 28.7161835748788 24.9782608695656 27.7098429951706 35.9616545893726 -9999 -9999 -9999 -9999 -9999 -9999 -9999 -9999 -9999 -9999 -9999 -9999 -9999 -9999 -9999 -9999 -9999 -9999 -9999 -9999
-9999 -9999 -9999 -9999 -9999 -9999 -9999 -9999 23.1527777777787 25.8194444444443 26.9003623188436 33.1343599033816 29.7916666666604 21.076992753623 25.6020531400969 20.9290458937198 22.7744565217373 24.1856884057997 24.9230072463798 23.8079710144918 21.5389492753607 23.48309178744 25.4085144927532 22.6162439613524 23.5972222222247 26.5842391304368 21.6865942028762 25.6805555555557 25.5543478260868 26.689613526572 25.0830314009662 -9999 -9999 -9999 -9999 -9999 -9999 -9999 -9999 -9999 -9999 -9999 -9999 -9999 -9999 -9999 -9999 -9999 -9999 -9999 -9999
-9999 -9999 -9999 -9999 -9999 -9999 -9999 -9999 -9999 26.8547705314008 27.8324275362345 30.8562801932355 30.5920893719823 27.9429347826085 28.1956521739132 27.8460144927507 25.7635869565183 27.7255434782605 20.7768719806793 18 18.5141908212587 20.0951086956523 19.8269927536221 22 23.5196256038628 24.3804347826096 22.5250603864686 22.9387077294689 23.1385869565217 24.7361111111123 -9999 -9999 -9999 -9999 -9999 -9999 -9999 -9999 -9999 -9999 -9999 -9999 -9999 -9999 -9999 -9999 -9999 -9999 -9999 -9999 -9999
-9999 -9999 -9999 -9999 -9999 -9999 -9999 -9999 -9999 -9999 25.7916666666699 -9999 37 37.7173913043484 31.7173913043484 -9999 29.0081521739138 25.0742753623154 28.0220410628044 21.5878623188416 19.3408816425107 19.1174516908215 18.4356884057963 25.5694444444443 24.831219806763 22.9076086956533 21.498188405806 25.1020531400965 27.2916666666672 -9999 -9999 -9999 -9999 -9999 -9999 -9999 -9999 -9999 -9999 -9999 -9999 -9999 -9999 -9999 -9999 -9999 -9999 -9999 -9999 -9999 -9999
-9999 -9999 -9999 -9999 -9999 -9999 -9999 -9999 -9999 -9999 -9999 -9999 -9999 -9999 -9999 -9999 -9999 -9999 -9999 27.5498188405795 24.3870772946876 20.4963768115943 20.2807971014497 22.159118357488 20.8511473429961 25 22.324879227065 22.57095410628 -9999 -9999 -9999 -9999 -9999 -9999 -9999 -9999 -9999 -9999 -9999 -9999 -9999 -9999 -9999 -9999 -9999 -9999 -9999 -9999 -9999 -9999 -9999
-9999 -9999 -9999 -9999 -9999 -9999 -9999 -9999 -9999 -9999 -9999 -9999 -9999 -9999 -9999 -9999 -9999 -9999 -9999 -9999 -9999 -9999 -9999 -9999 -9999 -9999 -9999 27.3698671497588 -9999 -9999 -9999 -9999 -9999 -9999 -9999 -9999 -9999 -9999 -9999 -9999 -9999 -9999 -9999 -9999 -9999 -9999 -9999 -9999 -9999 -9999 -9999
