rasters/Ethiopia_SNDPPT_M_sl2_250m_ll.asc
NCOLS 180 
NROWS 138 
XLLCORNER 32.989799842 
YLLCORNER 3.405012842 
CELLSIZE 0.0832742739222222 
NODATA_value -9999 
[rows 88 to 109 of 138, columns 0 to 50 of 180]
-9999 -9999 -9999 -9999 -9999 -9999 -9999 -9999 -9999 -9999 -9999 41.1769323671482 45.0727657004852 48.8288043478254 46.608695652173 45.4335748792278 37.4583333333351 42.1760265700469 38.8043478260865 48.0081521739132 45 45.8837560386484 44.2961956521729 44.0727657004829 42.6591183574874 36.7635869565212 39.1956521739135 41.711956521739 34.664855072461 30.7336956521732 33.0501207729478 30.9103260869551 29.2717391304347 30.5694444444443 28.983695652175 30.0951086956521 30.3128019323654 32.8940217391301 28.4577294685992 27.1564009661852 24.6141304347839 23.608695652173 29.0625000000003 35.8224637681159 31.1956521739135 30.0404589371971 32 26.6591183574874 27.9070048309195 33.4184782608706 37.5304951690793
-9999 -9999 -9999 -9999 -9999 -9999 -9999 -9999 -9999 -9999 -9999 -9999 46.1298309178764 47.5027173913073 43.0824275362301 46.6781400966184 44.9402173913035 45.7134661835745 46.0060386473436 41.365942028985 44.9305555555523 46.9027777777787 47 48.9136473429946 46.541666666667 44.0289855072465 35.2653985507231 34.8106884057961 38.2255434782622 37.0368357487921 32.1627415458925 30.3614130434775 29.6035628019321 29.0262681159421 29.7409420289884 30.1573067632866 30.7687198067654 34.8469202898549 29.8128019323671 25.6751207729481 29.070652173914 30.8155193236712 31.2826086956522 36.1340579710133 36.8849637681268 33.374698067632 36.9574275362312 30.6995772946867 31.5881642512028 34.4945652173904 35.9118357487972
-9999 -9999 -9999 -9999 -9999 -9999 -9999 -9999 -9999 -9999 -9999 -9999 41.1527777777758 47.2445652173929 46.1742149758433 46.3439009661836 42.9737318840576 46.355676328501 48.3783212560394 49.2916666666672 47.9818840579702 47.9027777777787 46.0461956521733 45.039855072464 39.0283816425119 38.3695652173912 36.4815821256026 32.0945048309172 39.5996376811615 39.0679347826085 35.7934782608645 32.2500000000008 31.8511473429948 29 30.8804347826079 32.1594202898473 28.4861111111132 31.0525362318848 26 29.7862318840584 33.6250000000017 31.9359903381662 26.7484903381646 30.8179347826075 30.0286835748797 33.4311594202897 32.7074275362317 32.8194444444443 34.3970410627999 37.4728260869544 30.1023550724599
-9999 -9999 -9999 -9999 -9999 -9999 -9999 -9999 -9999 -9999 -9999 -9999 -9999 45.9809782608683 46.078502415459 43.5434782608697 46.0262681159424 45.5498188405805 46.55736714976 45.0797101449286 45.4565217391303 47.0785024154593 47.85597826087 45.069746376812 45.6259057971017 40.1132246376813 41.6717995169096 31 27.2201086956516 28.0866545893716 31.4942632850256 29.576086956522 29.6923309178747 27.1331521739133 29.7527173913057 29.4987922705313 33.471014492758 29.5054347826084 33.0836352657005 30.2270531400942 34.4592391304361 29.9130434782605 33.2832125603859 26.5797101449277 31.0721618357418 37.5643115942025 30.467391304347 35.1268115942025 36.3170289855094 36.6684782608714 37.9471618357474
-9999 -9999 -9999 -9999 -9999 -9999 -9999 -9999 -9999 -9999 -9999 -9999 -9999 44.0108695652172 47.8668478260835 43 44.5208333333328 45 46.5498188405801 47.4148550724635 44.5178140096603 47.0443840579706 45.0679347826077 45.552838164252 42.2675120772944 41.4121376811592 41.1947463768121 40.0564613526582 31.0715579710139 26.0782004830917 32.0567632850239 30.9972826086959 31.2358091787441 31.1210748792275 26.2925724637638 32.205012077297 30.8227657004816 31.4094202898556 31.0259661835749 32.8592995169074 38.502717391309 40.7545289855081 35 35.1177536231833 35.3843599033886 32.5229468599033 32.3532608695654 38.7463768115953 33 38.9239130434789 33.0972222222247
-9999 -9999 -9999 -9999 -9999 -9999 -9999 -9999 -9999 -9999 -9999 -9999 -9999 -9999 43.7032004830907 42.1099033816432 44.5887681159415 46.9861111111098 41.6355676328508 46.9692028985503 45.9562198067613 44.5640096618338 46 46.6944444444426 45.6971618357489 42.9248188405797 45.593599033814 42.169384057973 38.8922101449282 30.8318236714976 34.0419685990345 32.7880434782615 31.0981280193245 29.5694444444443 32.2916666666647 34.5138888888902 32 32.3722826086965 34.1494565217388 29.6304347826088 27.0434782608684 32.7430555555527 39.3526570048331 31.3686594202902 36.1262077294708 29.3840579710144 32.923007246377 32.8665458937197 34.0522342995176 32.0570652173887 33.8046497584521
-9999 -9999 -9999 -9999 -9999 -9999 -9999 -9999 -9999 -9999 -9999 -9999 -9999 -9999 -9999 42.7041062801937 43.023550724638 47.0099637681169 47.7113526570038 44.9583333333328 44.5153985507232 48.8420893719791 45.7527173913035 43.1959541062815 42.5368357487916 41.4637681159422 43.0464975845394 38.0775966183557 35.8659420289823 36.1506642512075 30.9018719806764 29.0163043478271 34.032004830916 28.4305555555557 28.1766304347858 28.8034420289853 35.6391908212566 36 32.2696256038647 31 31.5516304347817 34.9652777777771 36.2605676328447 33.2826086956526 30.0745772946874 34.046497584542 29.912137681159 30.8194444444443 32.8463164251196 36.0244565217393 32.9598429951731
-9999 -9999 -9999 -9999 -9999 -9999 -9999 -9999 -9999 -9999 -9999 -9999 -9999 -9999 -9999 -9999 -9999 48.3885869565217 44.1929347826085 44.2626811594213 44.2454710144847 43.4504830917871 43.8043478260868 34.6539855072493 32.949577294686 44.9592391304347 46.2454710144861 38.9483695652171 33.569746376813 35.3182367149754 32.1693840579684 37.576086956522 31.9211956521737 28.8885869565217 28.4356884057948 36.7095410628034 41.3910024154606 40 38.7204106280188 40.3239734299508 36.9239130434814 34.6609299516912 34.1748188405769 34.6132246376791 28.9833937198031 30.0461956521738 34.5588768115939 37.8067632850246 34.7955917874431 32.0407608695607 31.3710748792316
-9999 -9999 -9999 -9999 -9999 -9999 -9999 -9999 -9999 -9999 -9999 -9999 -9999 -9999 -9999 -9999 -9999 -9999 45.1086956521744 45.1458333333344 46.7524154589302 45.0981280193243 44.358695652171 44.0772946859911 33.2131642512073 30.9139492753619 44.3191425120796 35 35.1086956521744 29.5718599033813 29.0377415458938 37.0679347826091 38.0875603864741 32.8913043478246 33.3342391304422 30.6476449275356 41.3774154589387 29.9501811594201 31.5543478260867 36.2083333333301 41.0679347826092 37.1636473429962 34.6108091787462 26.1829710144928 36.7361111111064 35.7065217391306 35.32518115942 31.3611111111115 36.0205314009731 34.6548913043441 31.3801328502466
-9999 -9999 -9999 -9999 -9999 -9999 -9999 -9999 -9999 -9999 -9999 -9999 -9999 -9999 -9999 -9999 -9999 -9999 45.056763285026 48 46.9290458937165 46.1923309178725 47.1222826086939 37.8689613526564 36.1627415458937 35.7527173913037 39.4945652173868 36.3079710144992 35.0063405797102 40.0365338164256 38.6678743961364 37.6032608695653 28.6582125603864 31.5570652173909 32.6376811594126 29.4698067632857 37.9894323671496 40 37.0093599033818 43.5537439613531 40.9701086956518 34.3831521739126 34.6727053140087 35.285326086957 39.0320048309181 37.7192028985506 37.7445652173912 37.0138888888891 31.8505434782633 33.048913043479 40.9048913043455
-9999 -9999 -9999 -9999 -9999 -9999 -9999 -9999 -9999 -9999 -9999 -9999 -9999 -9999 -9999 -9999 -9999 -9999 -9999 -9999 43.2690217391399 49.8502415458945 46.2418478260837 46.8372584541053 34.5117753623183 34.6367753623186 43.7140700483072 39.1123188405759 36.1304347826088 30.7666062801935 37.3472222222213 31.5190217391308 29.7530193236732 32.1669685990335 31.5769927536202 29 37.0594806763245 44.5063405797107 43.9628623188406 34.0914855072463 37.2336956521771 34.0851449275364 42.0208333333334 42 34 36.6736111111122 36.4302536231872 35.1186594202899 37.2303743961305 36.8913043478246 38
-9999 -9999 -9999 -9999 -9999 -9999 -9999 -9999 -9999 -9999 -9999 -9999 -9999 -9999 -9999 -9999 -9999 -9999 -9999 -9999 -9999 42.8478260869562 44.1521739130438 44.259057971016 50.0274758454107 49.0942028985489 44.1162439613526 38.8076690821249 41.6467391304318 31.69384057971 29.8013285024147 29.1141304347828 30.6829710144941 28.8689613526566 29.0688405797162 34.5878623188419 40.4356884057951 46.0824275362322 39.3650362318841 38.1225845410628 38.9048913043473 36.3583937198086 34.7777777777774 38.0443840579712 35.7672101449542 37.0830314009679 34.6956521739123 36.9027777777776 34.4106280193226 40.7038043478237 37.4692028985556
-9999 -9999 -9999 -9999 -9999 -9999 -9999 -9999 -9999 -9999 -9999 -9999 -9999 -9999 -9999 -9999 -9999 -9999 -9999 -9999 -9999 41.9027777777787 40.4483695652175 42.2028985507245 49.2469806763285 53 37.8203502415443 40.1760265700479 36.9827898550712 38.996074879227 28.8088768115953 29.4157608695655 34.381944444444 29 28.5217391304333 39.6379830917873 37.4861111111132 45.8903985507249 37.1914251207733 45.3870772946875 42.6250000000017 38.0763888888902 39.1923309178744 34.9918478260877 34.7992149758418 36.1331521739117 35.2391304347825 36.073973429951 34.4284420289823 41.3315217391281 38.7608695652175
-9999 -9999 -9999 -9999 -9999 -9999 -9999 -9999 -9999 -9999 -9999 -9999 -9999 -9999 -9999 -9999 -9999 -9999 -9999 -9999 -9999 -9999 43.8750000000017 38.2059178743976 48.0217391304368 48.6748188405794 48.9230072463763 50.0621980676309 40.3414855072472 38.6805555555557 36.7660024154594 26.6277173913039 33.859299516905 31.6847826086973 28.4311594202855 39.6829710144943 42.1862922705276 43.8505434782614 38.1403985507244 38.7506038647345 39.4211956521755 37.4399154589383 35.2001811594175 34.9048913043478 36.0917874396155 36.8408816425123 33.3487318840572 33.3260869565211 35.7747584541029 39.7146739130446 35.9344806763268
-9999 -9999 -9999 -9999 -9999 -9999 -9999 -9999 -9999 -9999 -9999 -9999 -9999 -9999 -9999 -9999 -9999 -9999 -9999 -9999 -9999 -9999 43.9266304347836 45.87922705314 46.3230676328509 46.0362318840581 47.861413043477 48.304045893719 52.5389492753644 42.135567632851 31 28.4782608695651 27.7533212560392 39.6482487922699 39.2119565217309 45.7762681159406 39.4477657004869 46.8106884057975 43.9211956521743 41.6597222222221 40.1874999999971 39.3831521739138 35.7189009661842 30.5851449275353 37.2312801932303 32.4483695652179 31.7590579710142 50 34.4972826086974 41.7119565217412 40.6672705314033
-9999 -9999 -9999 -9999 -9999 -9999 -9999 -9999 -9999 -9999 -9999 -9999 -9999 -9999 -9999 -9999 -9999 -9999 -9999 -9999 -9999 -9999 44.7500000000034 42.0000000000007 44.4097222222209 44.8958333333325 44.1180555555567 37.8680555555542 40.1458333333323 34.6388888888871 32.173611111111 32.9374999999979 35.5000000000004 40.9236111111113 39.5000000000004 43.9861111111106 36.7430555555572 46.1874999999994 41.2152777777785 40.5972222222233 33.6250000000026 39.0208333333319 34.479166666669 32.5000000000004 32.4999999999998 32.5000000000002 42.0833333333342 38.1388888888889 42.576388888887 41.6875000000021 38.4027777777741
-9999 -9999 -9999 -9999 -9999 -9999 -9999 -9999 -9999 -9999 -9999 -9999 -9999 -9999 -9999 -9999 -9999 -9999 -9999 -9999 -9999 -9999 -9999 43.0265700483092 38.2690217391299 42.3269927536235 41.1769323671482 30.2638888888902 37.8288043478273 33.972826086955 35.2391304347842 30.4130434782614 27.9616545893749 42.7472826086958 40.9547101449252 38.2122584541071 41.8722826086961 40.140398550724 42.4332729468589 34.7533212560379 38.163043478258 45.4906400966172 36.7189009661836 37.5824275362334 35.1089975845432 31.0383454106295 36.8623188405804 36.2391304347842 40.0196256038532 41.6711956521726 41
-9999 -9999 -9999 -9999 -9999 -9999 -9999 -9999 -9999 -9999 -9999 -9999 -9999 -9999 -9999 -9999 -9999 -9999 -9999 -9999 -9999 -9999 -9999 35.6023550724638 38.6977657004828 37.2762681159423 30.747282608694 33.3260869565219 34.0905797101484 38 27.8076690821235 32.654891304347 31.8469202898552 40.0591787439615 42.0932971014541 38.3275966183565 43 47 41.8143115942028 37.7373188405803 41.0271739130421 45.5531400966186 36.1177536231879 35.6440217391322 39.7666062801711 35.037439613528 45.0009057971008 43.8372584541056 38.1527777777753 39.7119565217396 38.4450483091808
-9999 -9999 -9999 -9999 -9999 -9999 -9999 -9999 -9999 -9999 -9999 -9999 -9999 -9999 -9999 -9999 -9999 -9999 -9999 -9999 -9999 -9999 -9999 -9999 36 43.6367753623187 37.7608695652175 35.590881642515 35.3387681159427 41.7569444444445 30.4849033816406 43.5217391304351 40.0051328502405 38.8058574879226 35.7608695652158 40.7530193236727 42.2324879227062 39.066123188405 40.5335144927538 37.9036835748795 41.1929347826096 43.4136473429963 38.4465579710162 45.8858695652158 40.9559178743775 34.6609299516905 40.1394927536234 38 57.2228260869653 41.502717391301 51.0507246376825
-9999 -9999 -9999 -9999 -9999 -9999 -9999 -9999 -9999 -9999 -9999 -9999 -9999 -9999 -9999 -9999 -9999 -9999 -9999 -9999 -9999 -9999 -9999 -9999 41.0274758454107 44.6711956521735 41.2122584541089 38.1120169082126 41.9067028985487 49.0486111111112 44.5458937198066 45.7907608695648 42.1204710144926 36.4960748792274 37.8605072463756 42.5096618357497 42.8478260869561 40.8233695652175 39.5827294685996 39.4450483091795 39.1548913043507 38.4112318840598 30.6035628019365 43.6512681159411 31.9525966183463 53.6117149758456 49.6394927536234 42.6681763285027 46.8704710144949 46.7228260869544 40.4142512077364
-9999 -9999 -9999 -9999 -9999 -9999 -9999 -9999 -9999 -9999 -9999 -9999 -9999 -9999 -9999 -9999 -9999 -9999 -9999 -9999 -9999 -9999 -9999 -9999 42.7777777777779 40.1947463768118 52.5836352656996 43.5920893719805 45.5969202898575 53.0860507246372 33.7179951690827 42.975543478261 39.8055555555575 34.4115338164254 38.1304347826079 42.4544082125593 42.065217391304 43.9221014492743 39.7312801932374 38.065217391304 42.1277173913082 36.3082729468616 37.9474637681117 38.2916666666672 32.2158816425174 48.28592995169 32.0788043478256 41.4679951690818 50.5709541062835 42.3722826086982 47.3550724637638
-9999 -9999 -9999 -9999 -9999 -9999 -9999 -9999 -9999 -9999 -9999 -9999 -9999 -9999 -9999 -9999 -9999 -9999 -9999 -9999 -9999 -9999 -9999 -9999 39 37.8134057971016 40.7638888888868 46.5220410628045 46.6739130434797 45.2977053140092 35.3179347826074 37.0054347826088 42.5754830917862 39.4305555555557 42.0697463768059 40.0323067632854 43.9945652173957 41.5851449275374 46.5477053140092 33.8272946859885 46.9266304347816 38.6168478260874 39.6250000000016 43.429347826086 44.4562198067537 41.9897342995168 41.1512681159407 46.5380434782591 42.8472222222247 44.9809782608693 50.0144927536246
