rasters/Ethiopia_bio4.asc
NCOLS 180 
NROWS 138 
XLLCORNER 32.989799842 
YLLCORNER 3.405012842 
CELLSIZE 0.0832742739222222 
NODATA_value -3.4e+38 
[rows 66 to 87 of 138, columns 98 to 146 of 180]
132.440902709961 115.31421661377 97.7721252441406 96.73876953125 91.0023574829102 85.4390716552734 82.2794494628906 95.2212677001953 95.5429306030273 91.5998611450195 90.5441360473633 89.555778503418 103.960731506348 98.9596176147461 102.223823547363 124.761116027832 145.789840698242 147.365280151367 149.935272216797 178.767333984375 180.432678222656 178.740356445312 176.839263916016 178.338088989258 189.140274047852 196.645462036133 202.346725463867 207.12516784668 -3.4e+38 -3.4e+38 -3.4e+38 -3.4e+38 -3.4e+38 -3.4e+38 -3.4e+38 -3.4e+38 -3.4e+38 -3.4e+38 -3.4e+38 -3.4e+38 -3.4e+38 -3.4e+38 -3.4e+38 -3.4e+38 -3.4e+38 -3.4e+38 -3.4e+38 -3.4e+38 -3.4e+38
99.5203552246094 94.200813293457 83.9229736328125 79.3308486938477 78.7079162597656 79.9533081054688 74.0904083251953 79.9743576049805 90.7938766479492 88.3230590820312 87.5525131225586 84.9786224365234 104.734085083008 101.058326721191 108.8984375 115.715347290039 135.516891479492 146.082015991211 148.471893310547 163.984191894531 167.66633605957 165.268508911133 168.341827392578 168.805618286133 174.057907104492 180.841033935547 186.74528503418 194.122253417969 203.154495239258 209.538284301758 -3.4e+38 -3.4e+38 -3.4e+38 -3.4e+38 -3.4e+38 -3.4e+38 -3.4e+38 -3.4e+38 -3.4e+38 -3.4e+38 -3.4e+38 -3.4e+38 -3.4e+38 -3.4e+38 -3.4e+38 -3.4e+38 -3.4e+38 -3.4e+38 -3.4e+38
92.5566482543945 77.8232040405273 72.7247314453125 78.2967224121094 76.8199996948242 76.1902313232422 65.5109786987305 67.4031829833984 80.8146438598633 87.7133026123047 86.5212860107422 85.4511184692383 100.118774414062 105.136413574219 107.175712585449 114.4892578125 122.718353271484 138.51579284668 144.021484375 142.751571655273 160.465850830078 159.566375732422 161.171615600586 160.893280029297 163.988632202148 167.765731811523 174.968597412109 180.09065246582 188.458923339844 194.535522460938 200.649826049805 -3.4e+38 -3.4e+38 -3.4e+38 -3.4e+38 -3.4e+38 -3.4e+38 -3.4e+38 -3.4e+38 -3.4e+38 -3.4e+38 -3.4e+38 -3.4e+38 -3.4e+38 -3.4e+38 -3.4e+38 -3.4e+38 -3.4e+38 -3.4e+38
77.4678802490234 67.7529373168945 72.4738388061523 80.5814895629883 83.2161483764648 72.5189895629883 74.1479339599609 72.9336776733398 74.3718795776367 83.52685546875 83.4739074707031 86.1108016967773 88.6856307983398 102.124359130859 96.4085311889648 112.205932617188 112.639808654785 121.54606628418 131.01676940918 131.52018737793 142.82243347168 153.925277709961 152.096328735352 152.054946899414 155.471923828125 159.778427124023 165.506256103516 169.629516601562 176.609970092773 181.659439086914 187.671020507812 195.1650390625 -3.4e+38 -3.4e+38 -3.4e+38 -3.4e+38 -3.4e+38 -3.4e+38 -3.4e+38 -3.4e+38 -3.4e+38 -3.4e+38 -3.4e+38 -3.4e+38 -3.4e+38 -3.4e+38 -3.4e+38 -3.4e+38 -3.4e+38
77.9101791381836 77.403938293457 77.3768081665039 84.9316024780273 80.9052276611328 70.7732772827148 73.9156799316406 74.8739318847656 74.6833267211914 80.0196075439453 80.4455413818359 82.2699127197266 81.3631591796875 95.2052307128906 87.505859375 94.6630706787109 110.162574768066 110.411056518555 122.75830078125 126.525337219238 129.441390991211 144.54248046875 145.444625854492 145.195327758789 148.175674438477 152.474166870117 158.640655517578 162.170501708984 168.723190307617 174.59358215332 179.76921081543 186.013305664062 191.763854980469 196.546051025391 -3.4e+38 -3.4e+38 -3.4e+38 -3.4e+38 -3.4e+38 -3.4e+38 -3.4e+38 -3.4e+38 -3.4e+38 -3.4e+38 -3.4e+38 -3.4e+38 -3.4e+38 -3.4e+38 -3.4e+38
87.3333740234375 82.1946487426758 80.7535934448242 89.812126159668 72.9098510742188 72.3403472900391 73.5912322998047 72.6393737792969 74.3355255126953 74.7629013061523 76.7639312744141 76.1808853149414 76.1482772827148 88.8712005615234 82.6823425292969 88.4596786499023 102.919380187988 100.389266967773 113.290191650391 122.202102661133 124.306129455566 132.010345458984 137.726898193359 136.887405395508 140.247528076172 144.274612426758 150.576385498047 156.429916381836 161.539169311523 167.435440063477 170.562683105469 173.712600708008 179.788864135742 185.376724243164 189.90739440918 194.102828979492 -3.4e+38 -3.4e+38 -3.4e+38 -3.4e+38 -3.4e+38 -3.4e+38 -3.4e+38 -3.4e+38 -3.4e+38 -3.4e+38 -3.4e+38 -3.4e+38 -3.4e+38
99.9475402832031 83.271240234375 84.6283493041992 83.5355682373047 70.1045227050781 70.588623046875 74.6040649414062 71.9830856323242 70.9652633666992 72.3600158691406 74.1025161743164 70.2993774414062 71.7667465209961 83.0800094604492 80.3918380737305 83.5166549682617 97.1096420288086 92.8021850585938 98.9739532470703 114.75626373291 119.918228149414 120.893585205078 129.057571411133 131.715866088867 133.122222900391 138.370986938477 144.154907226562 147.750259399414 152.895141601562 158.852233886719 162.126419067383 164.503204345703 169.423645019531 174.022033691406 177.696014404297 181.39436340332 184.978988647461 187.269378662109 188.759963989258 -3.4e+38 -3.4e+38 -3.4e+38 -3.4e+38 -3.4e+38 -3.4e+38 -3.4e+38 -3.4e+38 -3.4e+38 -3.4e+38
99.8168487548828 86.1314315795898 97.4215545654297 80.9554901123047 74.8573150634766 68.4216766357422 75.6442108154297 72.051628112793 69.5385513305664 72.7079772949219 72.0341796875 68.9865341186523 70.4965896606445 78.9694976806641 73.1721267700195 75.7735137939453 91.4761428833008 87.6562194824219 87.5186004638672 100.502983093262 113.747940063477 114.60075378418 119.330604553223 125.931945800781 126.666114807129 129.798721313477 136.692626953125 141.195404052734 144.100250244141 149.021392822266 152.878784179688 156.1396484375 161.411972045898 166.000030517578 169.160675048828 171.482696533203 174.652359008789 178.878143310547 180.462448120117 181.477188110352 182.776184082031 183.809860229492 -3.4e+38 -3.4e+38 -3.4e+38 -3.4e+38 -3.4e+38 -3.4e+38 -3.4e+38
103.709297180176 91.3212661743164 91.4066543579102 80.654541015625 80.8101959228516 74.8306350708008 81.0614700317383 71.5708160400391 71.7665634155273 69.0507736206055 71.1651000976562 67.7631530761719 69.8231887817383 76.3905181884766 70.5745544433594 73.9272918701172 84.6878433227539 85.9313278198242 84.1421279907227 91.795051574707 103.265167236328 111.282089233398 113.109596252441 117.388206481934 120.514205932617 121.997268676758 127.798156738281 134.126327514648 138.551361083984 142.624801635742 144.987319946289 149.297866821289 153.471710205078 158.730331420898 161.981063842773 164.529403686523 166.575805664062 169.351364135742 172.105895996094 173.897216796875 175.35498046875 176.042938232422 177.071273803711 177.607696533203 178.146896362305 -3.4e+38 -3.4e+38 -3.4e+38 -3.4e+38
93.361930847168 97.0105438232422 91.6872482299805 78.2176513671875 81.9150848388672 76.057373046875 75.6060485839844 70.4183349609375 74.5868606567383 68.7159957885742 76.5807342529297 71.4631423950195 75.8279724121094 70.2759780883789 69.2980270385742 73.3876724243164 80.4264984130859 86.8861923217773 84.7285385131836 88.0121383666992 97.8657073974609 106.785354614258 109.63956451416 110.786109924316 114.678077697754 116.971328735352 121.951904296875 127.262252807617 130.202331542969 135.49853515625 140.268493652344 144.678192138672 147.773742675781 150.927627563477 154.030075073242 157.227035522461 159.515289306641 161.69938659668 163.344802856445 165.835327148438 168.119873046875 169.129379272461 169.813949584961 170.399383544922 170.773132324219 171.225311279297 171.545028686523 171.943115234375 -3.4e+38
87.7531051635742 102.927070617676 82.5374069213867 76.19580078125 81.9322891235352 75.278434753418 76.8007888793945 78.0514297485352 71.256965637207 66.3767242431641 71.1828002929688 75.5878143310547 75.9048233032227 70.9597091674805 70.5454254150391 72.228759765625 75.5581436157227 86.1525115966797 86.8952560424805 87.9619979858398 93.2620849609375 100.779747009277 106.525566101074 107.638931274414 109.054954528809 112.210792541504 115.291664123535 120.436386108398 124.809761047363 127.896469116211 132.267807006836 137.540679931641 142.567184448242 144.996505737305 147.628372192383 150.024124145508 152.177001953125 154.319885253906 156.237396240234 158.273498535156 160.261108398438 162.334396362305 163.319885253906 163.914642333984 164.253005981445 165.027816772461 165.228271484375 165.680419921875 165.675964355469
99.6179351806641 93.8505706787109 79.7367401123047 75.9440994262695 81.5543060302734 72.8011779785156 75.5876083374023 81.359504699707 68.9428176879883 67.1997146606445 70.8069152832031 76.3469314575195 77.9717102050781 72.6980361938477 72.4450988769531 72.4017486572266 76.4765930175781 82.1534194946289 88.3219223022461 88.707389831543 91.0873947143555 97.721076965332 102.749198913574 104.391639709473 105.11841583252 107.694770812988 111.054779052734 114.941467285156 120.353538513184 123.549713134766 127.739837646484 130.384887695312 135.474319458008 139.353012084961 142.545227050781 143.733535766602 145.931228637695 147.729034423828 149.339767456055 150.526596069336 152.867477416992 155.078308105469 156.801986694336 157.802017211914 159.044006347656 159.35319519043 159.520919799805 159.998992919922 159.767730712891
93.2179107666016 99.7210388183594 90.7807083129883 76.6188049316406 81.5606460571289 72.6497802734375 72.8274612426758 74.5770721435547 68.0688323974609 70.8359832763672 70.7077560424805 75.8703689575195 79.2776641845703 74.4341430664062 71.8588409423828 72.4230194091797 78.6058502197266 82.5185699462891 87.0328216552734 87.8645324707031 87.6841583251953 91.2673721313477 98.1766662597656 102.128829956055 102.593002319336 104.601638793945 107.419151306152 110.77311706543 115.658729553223 118.981727600098 122.719779968262 126.293235778809 129.165588378906 132.434143066406 135.607131958008 139.129348754883 139.861282348633 141.410751342773 143.819366455078 144.848266601562 146.66015625 148.318176269531 150.127059936523 151.082382202148 152.835678100586 153.729751586914 153.74365234375 154.05322265625 153.916687011719
81.05419921875 86.3281173706055 81.470329284668 90.0748901367188 83.6381988525391 71.3013610839844 77.5692825317383 70.7765350341797 69.2410507202148 74.9047698974609 75.2836837768555 79.9328155517578 79.4613418579102 75.0837326049805 72.3842010498047 72.5258102416992 76.573371887207 84.2951049804688 86.5747146606445 86.3574676513672 84.7086944580078 87.2635498046875 92.6369705200195 99.3787841796875 100.687858581543 102.957794189453 106.075927734375 108.692207336426 111.93628692627 114.645439147949 117.980033874512 121.51969909668 123.787132263184 125.31616973877 128.852874755859 132.518798828125 135.482543945312 138.064758300781 139.43049621582 139.588958740234 141.064956665039 142.277084350586 143.781967163086 145.748657226562 146.859939575195 147.318420410156 147.637619018555 148.087051391602 147.630416870117
78.4641799926758 81.5508575439453 77.7881546020508 82.9166259765625 80.9609985351562 72.4485931396484 77.3433227539062 73.2041854858398 72.140869140625 76.0667495727539 79.7015838623047 81.7548675537109 79.6224746704102 72.6814880371094 73.0923919677734 74.1401596069336 77.5888824462891 82.8235778808594 87.2798156738281 85.8601150512695 84.4202728271484 86.7191162109375 89.390022277832 94.8974304199219 99.492057800293 101.537010192871 104.452613830566 106.974304199219 110.004745483398 111.997566223145 114.222267150879 115.203231811523 118.240005493164 120.416694641113 123.324226379395 126.654731750488 129.559356689453 132.365997314453 134.319091796875 136.129150390625 136.83479309082 136.779388427734 138.149551391602 139.85139465332 141.573089599609 142.715209960938 142.279678344727 142.209899902344 141.227874755859
94.0550765991211 88.8219604492188 89.3372421264648 85.9953002929688 87.403678894043 72.6162872314453 72.9584732055664 79.0015869140625 77.4609603881836 79.7632217407227 84.7301559448242 83.0608215332031 77.3156814575195 73.9845809936523 75.7177276611328 76.9149932861328 78.8128051757812 83.7392120361328 87.66259765625 85.6013107299805 84.2155227661133 86.9458999633789 88.286735534668 91.8105087280273 96.6913833618164 99.8782043457031 102.558982849121 105.404098510742 108.224960327148 109.2509765625 110.399887084961 111.262054443359 113.791984558105 116.434097290039 119.141395568848 122.223419189453 123.83226776123 126.197303771973 128.283538818359 130.437362670898 132.302154541016 132.340423583984 132.705688476562 133.822814941406 135.066833496094 137.379104614258 137.158401489258 137.216445922852 136.177947998047
73.7379913330078 77.9051055908203 75.4408721923828 77.4183349609375 88.1364364624023 74.5925598144531 71.7677993774414 76.102653503418 82.6192169189453 83.2571792602539 88.2711334228516 85.1231536865234 81.3199310302734 79.0903396606445 79.2306060791016 79.6342086791992 79.5359725952148 82.1305618286133 87.9481811523438 85.7978591918945 84.9516067504883 86.8653564453125 88.529052734375 90.5242462158203 94.3079376220703 98.0255355834961 100.143356323242 102.162422180176 104.576972961426 106.521240234375 106.977531433105 107.660026550293 108.970054626465 110.947723388672 114.479469299316 117.80345916748 119.511726379395 121.841369628906 123.558113098145 125.342628479004 127.385429382324 128.238067626953 128.523178100586 128.801879882812 129.996353149414 131.730194091797 132.221725463867 132.2841796875 131.77717590332
73.6679840087891 80.2224960327148 80.9618072509766 79.6345367431641 90.1789627075195 79.6223297119141 74.9712600708008 76.1189193725586 81.3697662353516 87.282958984375 90.6938552856445 88.1652755737305 83.8938980102539 81.538703918457 81.6701583862305 82.2158355712891 82.5776138305664 82.984748840332 87.395637512207 85.8902740478516 86.0385208129883 87.655647277832 89.27294921875 90.9067916870117 93.1052703857422 96.0014419555664 98.5257186889648 100.224060058594 100.911376953125 102.531753540039 105.029830932617 105.256736755371 104.815116882324 106.36873626709 109.267990112305 112.576026916504 115.176864624023 117.179054260254 118.276824951172 120.259948730469 122.648277282715 124.255912780762 125.218391418457 125.637817382812 125.745491027832 126.595901489258 128.254592895508 128.787170410156 128.594482421875
73.3528594970703 74.8029708862305 81.15185546875 84.911376953125 85.8881149291992 82.9067764282227 79.2449645996094 77.4255294799805 79.5972290039062 86.1689147949219 94.2158966064453 89.2331008911133 83.8792343139648 84.3538970947266 83.5388641357422 84.8078002929688 85.4770965576172 84.2527465820312 87.5237350463867 86.572151184082 86.7923126220703 87.4619827270508 88.1560134887695 90.3720703125 92.6853866577148 95.9689712524414 97.1505966186523 98.4374237060547 98.5133666992188 100.376686096191 103.597076416016 105.398666381836 103.361442565918 103.514717102051 106.07787322998 108.27547454834 110.600563049316 112.938079833984 114.547653198242 116.249015808105 118.480628967285 119.948432922363 121.814582824707 122.24779510498 122.210189819336 122.702812194824 124.418914794922 125.304145812988 125.442665100098
79.099609375 79.0807723999023 79.9900207519531 80.724479675293 79.9566802978516 88.0176696777344 84.6458511352539 82.9558715820312 84.4490432739258 88.0404510498047 95.1190490722656 88.1622924804688 85.9563598632812 87.5974197387695 85.2879333496094 86.5927505493164 87.6239547729492 86.2073593139648 87.4419097900391 86.8549499511719 86.8992233276367 87.4559020996094 88.3069915771484 89.9779815673828 91.7933959960938 94.6021728515625 95.8924713134766 96.1573867797852 97.8308639526367 97.6357421875 99.0027770996094 101.406311035156 101.475791931152 101.952255249023 103.545669555664 105.471252441406 107.139961242676 108.58910369873 110.43009185791 111.989334106445 113.372245788574 115.804710388184 118.352668762207 119.077194213867 119.274559020996 119.710113525391 120.553924560547 121.151466369629 121.83846282959
83.2011260986328 82.4942932128906 82.3608016967773 78.5404205322266 81.7711868286133 88.4156723022461 88.7824859619141 86.85986328125 87.3958282470703 90.7530212402344 95.3442535400391 91.4471817016602 89.213981628418 89.1811370849609 88.6476974487305 89.9345626831055 89.3237609863281 87.950553894043 88.2307052612305 87.8819885253906 87.8018341064453 87.6287841796875 89.0660018920898 89.9377288818359 90.9421463012695 92.7610778808594 94.9785079956055 95.3693923950195 95.2619705200195 96.6032409667969 96.6107559204102 96.4372482299805 97.0829620361328 99.2605514526367 101.255172729492 103.448921203613 106.123161315918 107.445030212402 107.490341186523 107.614929199219 109.078742980957 111.87279510498 114.684921264648 115.527282714844 116.111587524414 117.021789550781 117.523712158203 117.903656005859 118.491325378418
85.7839660644531 84.4527969360352 85.0803375244141 80.9205780029297 80.8916168212891 84.9458084106445 90.6643142700195 91.3772888183594 91.2199859619141 93.0322875976562 95.1901550292969 93.4447250366211 94.6646347045898 92.2522048950195 92.2217254638672 92.3769760131836 91.1054229736328 89.6979217529297 88.791633605957 88.0605773925781 87.9091491699219 87.0875244140625 88.7193603515625 89.5248184204102 90.7915191650391 91.782112121582 93.4911651611328 94.8095245361328 94.4496841430664 96.1037445068359 95.5088424682617 94.1325073242188 94.4957885742188 96.2793579101562 99.0334320068359 102.469253540039 103.456672668457 105.918312072754 106.69115447998 105.689964294434 106.530891418457 108.479835510254 110.939880371094 111.792938232422 111.009918212891 111.503707885742 113.596710205078 113.970428466797 115.043350219727
