rasters/Ethiopia_bio10.asc
NCOLS 180 
NROWS 138 
XLLCORNER 32.989799842 
YLLCORNER 3.405012842 
CELLSIZE 0.0832742739222222 
NODATA_value -3.4e+38 
[rows 110 to 131 of 138, columns 98 to 146 of 180]
28.1509990692139 26.4878330230713 26.2551670074463 26.7838344573975 27.3178329467773 27.7810001373291 28.9125003814697 28.9651679992676 28.771167755127 28.4176654815674 28.2596664428711 27.1781673431396 26.5869998931885 27.0575008392334 27.7318344116211 28.1270008087158 28.3371658325195 28.8059997558594 29.0736675262451 29.2171669006348 29.3036670684814 29.3798332214355 29.511999130249 29.2180004119873 29.3429985046387 29.5434989929199 30.0061664581299 30.183500289917 30.3363342285156 30.2646656036377 30.1771678924561 30.296501159668 30.2915000915527 30.3001670837402 30.2534999847412 29.7116661071777 29.0148334503174 28.6844997406006 28.5341663360596 28.9370002746582 29.2670001983643 29.2091674804688 29.2628345489502 29.2140007019043 29.0036659240723 28.7378330230713 28.5183334350586 28.2281665802002 28.0069999694824
27.9403324127197 26.363166809082 26.2343330383301 26.7586669921875 27.279167175293 27.7868328094482 28.5851669311523 29.2154998779297 28.9793338775635 28.7568340301514 28.6138324737549 28.3648338317871 27.6873340606689 26.9291667938232 27.5018329620361 27.7646675109863 28.2320003509521 28.5261669158936 28.591667175293 28.8443336486816 28.8221664428711 29.058500289917 29.2668342590332 29.2678337097168 29.2823333740234 29.2115001678467 29.4274997711182 29.5891666412354 29.5424995422363 29.5313320159912 29.4589996337891 29.458667755127 29.7679996490479 29.6229991912842 30.0351657867432 30.1466674804688 29.9316673278809 29.5365009307861 28.7620010375977 28.7796669006348 29.2789993286133 29.4190006256104 29.4491653442383 29.3751659393311 29.2185001373291 28.9651660919189 28.6983337402344 28.4681663513184 28.2189998626709
28.3250007629395 27.2773323059082 26.371166229248 26.7376670837402 27.2628345489502 27.7343330383301 28.4990005493164 29.2978324890137 29.2231674194336 29.1451663970947 29.0058326721191 28.8773345947266 28.6811676025391 28.029167175293 27.5681648254395 27.7778339385986 27.9166660308838 28.0571670532227 28.3528327941895 28.6093330383301 28.7591667175293 29.0281677246094 29.1923332214355 29.2319984436035 29.1909999847412 29.199333190918 29.0971660614014 29.1153335571289 28.9324989318848 28.8643341064453 28.6068344116211 28.6636657714844 28.5938339233398 29.3234996795654 29.4829998016357 29.7865009307861 29.4618320465088 29.9965000152588 29.8823318481445 29.2255001068115 29.0499992370605 29.1606674194336 29.42799949646 29.4051666259766 29.3579998016357 29.1108341217041 28.632999420166 28.1375007629395 28.0865001678467
28.3521671295166 27.8200016021729 26.8658332824707 26.8953323364258 27.5976657867432 28.16233253479 28.607666015625 29.4181671142578 29.6268348693848 29.4878330230713 29.4696674346924 29.4546661376953 29.3953342437744 29.1386661529541 28.781665802002 28.1979999542236 27.8120002746582 28.146167755127 28.372501373291 28.4829998016357 28.5826663970947 28.8994998931885 29.0616664886475 29.0921669006348 29.0495014190674 29.0655002593994 28.9211673736572 28.6886672973633 28.5188331604004 28.3571662902832 28.0895004272461 28.667667388916 29.0319995880127 29.5778331756592 29.8700008392334 29.9476661682129 29.8881664276123 30.0328330993652 30.0550003051758 29.9549999237061 29.348165512085 28.7778339385986 29.1438331604004 29.4331665039062 29.3331680297852 29.2081661224365 28.6774997711182 28.0576667785645 27.9616661071777
28.1560001373291 28.7003326416016 27.6655006408691 27.0944995880127 27.5999984741211 28.4441661834717 28.9313335418701 29.3906669616699 29.9338340759277 29.7730007171631 29.8181667327881 29.8368339538574 29.7474994659424 29.4930000305176 29.3103332519531 28.0019989013672 27.7879981994629 28.3066673278809 28.4114990234375 28.3740005493164 28.5909996032715 28.8011665344238 28.886999130249 28.9290008544922 28.8941650390625 28.8940010070801 28.6644992828369 28.4594993591309 28.2714996337891 28.2738342285156 28.378999710083 29.3139991760254 29.6761665344238 29.8273334503174 29.8983345031738 29.9013328552246 29.8911666870117 29.9630012512207 30.0236663818359 30.1143341064453 29.7258338928223 29.2083320617676 28.8438339233398 29.3121662139893 29.3273334503174 29.2869987487793 28.7565002441406 28.683666229248 28.0939998626709
28.0736656188965 28.9615001678467 28.6549987792969 27.6486663818359 27.7281665802002 28.3689994812012 28.9191665649414 29.4448318481445 30.0483322143555 29.8726673126221 30.0515003204346 30.0911674499512 30.0034999847412 29.7900009155273 29.7273330688477 29.2458324432373 28.4244995117188 28.6476669311523 28.4584999084473 28.4801654815674 28.6978340148926 28.9853324890137 28.9349994659424 28.9085006713867 28.8128337860107 28.9514999389648 28.8499984741211 28.8803329467773 28.8108348846436 28.99049949646 29.300500869751 29.599666595459 29.7316665649414 29.7626667022705 29.7811660766602 29.8008327484131 29.8206672668457 29.8773326873779 29.9715003967285 30.0528335571289 29.9120006561279 29.7061653137207 29.3523330688477 29.1516666412354 29.5146675109863 29.3511657714844 29.1054992675781 28.7353343963623 28.7531661987305
27.5259990692139 28.7373332977295 28.9156665802002 28.0478324890137 27.8603324890137 28.6073341369629 29.1350002288818 29.6761665344238 30.0564994812012 30.0041675567627 30.1515007019043 30.2643337249756 30.2765007019043 30.1048336029053 29.9603328704834 29.7565002441406 29.4699993133545 28.5439987182617 28.4373340606689 28.7000007629395 28.8784999847412 29.0033340454102 28.7849998474121 28.9623336791992 29.107666015625 29.1933326721191 29.2829990386963 29.2185001373291 29.1054992675781 29.2384986877441 29.3754997253418 29.5456657409668 29.5856666564941 29.6294994354248 29.6183338165283 29.6318340301514 29.7311668395996 29.8246669769287 29.9190006256104 30.003833770752 30.0205001831055 29.7353343963623 29.5675010681152 29.2551670074463 29.261833190918 29.4486675262451 29.359167098999 29.0013332366943 29.0028343200684
26.2644996643066 28.75 29.3638324737549 28.4393329620361 28.0608329772949 28.619499206543 29.0981674194336 29.6135005950928 30.0944995880127 30.1818332672119 30.3064994812012 30.3968334197998 30.4271659851074 30.3636665344238 30.1221656799316 30.0209999084473 29.810001373291 29.5498332977295 29.3593349456787 29.1180000305176 29.1161670684814 29.2639999389648 29.1730003356934 29.3393325805664 29.4103336334229 29.4051666259766 29.3901672363281 29.2971668243408 29.19700050354 29.1663341522217 29.2320003509521 29.291166305542 29.3400001525879 29.4049987792969 29.4015007019043 29.4890003204346 29.5893325805664 29.6544990539551 29.7854995727539 29.8553333282471 29.8853340148926 29.5011672973633 29.5281677246094 29.779333114624 29.1241664886475 29.6453323364258 29.6341667175293 29.482666015625 -3.4e+38
26.5528335571289 28.6396675109863 29.5298328399658 29.113166809082 28.4001655578613 28.7178344726562 29.3036670684814 29.7656669616699 30.1599998474121 30.2239990234375 30.4153327941895 30.5033340454102 30.468334197998 30.449333190918 30.2561664581299 30.1956672668457 30.1260013580322 30.0481662750244 29.9918327331543 29.7771663665771 29.5648326873779 29.4403343200684 29.5098323822021 29.6000003814697 29.5531673431396 29.5193328857422 29.4788341522217 29.4048328399658 29.3233337402344 29.2351665496826 29.1324996948242 29.0278339385986 29.076000213623 29.1293334960938 29.1576671600342 29.2843322753906 29.3595008850098 29.3808345794678 29.5068321228027 29.6665000915527 29.7405014038086 29.8274993896484 29.8945007324219 29.890832901001 29.8093338012695 29.8176651000977 29.8341674804688 -3.4e+38 -3.4e+38
25.5364990234375 27.0925006866455 28.5434989929199 29.3133335113525 28.9373340606689 28.8754997253418 29.2446670532227 29.7186660766602 30.1531658172607 30.3269996643066 30.2900009155273 30.4715003967285 30.4173336029053 30.232666015625 30.1516666412354 30.3476676940918 30.3871669769287 30.2518329620361 30.1303329467773 30.0351676940918 29.8874988555908 29.6958332061768 29.7390003204346 29.72483253479 29.6988334655762 29.6358337402344 29.5523338317871 29.4716663360596 29.3691673278809 29.2228336334229 29.0634994506836 28.8719997406006 28.7915000915527 28.7994995117188 28.8525009155273 28.9561672210693 29.0491676330566 29.0326652526855 29.1231670379639 29.3956661224365 29.5750007629395 29.751501083374 29.839168548584 29.8993339538574 29.8915004730225 29.3784999847412 -3.4e+38 -3.4e+38 -3.4e+38
26.1403331756592 26.4799995422363 27.3584995269775 28.2118339538574 29.1411666870117 29.0494995117188 29.4343338012695 29.8460006713867 30.1753330230713 30.396333694458 30.5461673736572 30.6388320922852 30.5503330230713 30.4038333892822 30.1278324127197 30.4134998321533 30.546501159668 30.4056663513184 30.2210006713867 30.1415004730225 29.954833984375 29.6428337097168 29.7156677246094 29.7968330383301 29.7773323059082 29.6943321228027 29.6146659851074 29.4969997406006 29.3050003051758 29.0424995422363 -3.4e+38 -3.4e+38 -3.4e+38 -3.4e+38 -3.4e+38 -3.4e+38 -3.4e+38 -3.4e+38 -3.4e+38 -3.4e+38 -3.4e+38 -3.4e+38 -3.4e+38 -3.4e+38 -3.4e+38 -3.4e+38 -3.4e+38 -3.4e+38 -3.4e+38
26.8484992980957 26.9133338928223 27.4521675109863 28.2703342437744 29.1025009155273 29.3171672821045 29.5401668548584 29.9468326568604 30.3148326873779 30.5069999694824 30.7409992218018 30.8299999237061 30.6273326873779 30.6679992675781 30.2613334655762 30.4763336181641 30.6308326721191 30.5526657104492 30.2846660614014 30.0896663665771 29.8563327789307 29.7198333740234 29.7278327941895 29.8676662445068 29.8400001525879 29.7360000610352 29.632999420166 -3.4e+38 -3.4e+38 -3.4e+38 -3.4e+38 -3.4e+38 -3.4e+38 -3.4e+38 -3.4e+38 -3.4e+38 -3.4e+38 -3.4e+38 -3.4e+38 -3.4e+38 -3.4e+38 -3.4e+38 -3.4e+38 -3.4e+38 -3.4e+38 -3.4e+38 -3.4e+38 -3.4e+38 -3.4e+38
25.9523334503174 26.2058334350586 27.0036659240723 27.9893321990967 29.0618324279785 29.8221664428711 30.0668334960938 30.2294998168945 30.4663333892822 30.6276664733887 30.8548336029053 30.859001159668 30.708833694458 30.8306655883789 30.7514991760254 30.7856674194336 30.5116653442383 30.2754993438721 30.1259994506836 30.0128326416016 29.882833480835 29.896333694458 29.8554992675781 29.8559989929199 29.8543338775635 -3.4e+38 -3.4e+38 -3.4e+38 -3.4e+38 -3.4e+38 -3.4e+38 -3.4e+38 -3.4e+38 -3.4e+38 -3.4e+38 -3.4e+38 -3.4e+38 -3.4e+38 -3.4e+38 -3.4e+38 -3.4e+38 -3.4e+38 -3.4e+38 -3.4e+38 -3.4e+38 -3.4e+38 -3.4e+38 -3.4e+38 -3.4e+38
25.4115009307861 26.1370010375977 27.0389995574951 28.1073322296143 29.1906661987305 30.1303329467773 30.353666305542 30.5148334503174 30.630500793457 30.757999420166 30.9300003051758 30.9080009460449 30.7423324584961 30.9123344421387 30.9656677246094 30.9738330841064 30.7541656494141 30.451000213623 30.1708335876465 30.1008338928223 30.0176677703857 30.1404991149902 30.017333984375 -3.4e+38 -3.4e+38 -3.4e+38 -3.4e+38 -3.4e+38 -3.4e+38 -3.4e+38 -3.4e+38 -3.4e+38 -3.4e+38 -3.4e+38 -3.4e+38 -3.4e+38 -3.4e+38 -3.4e+38 -3.4e+38 -3.4e+38 -3.4e+38 -3.4e+38 -3.4e+38 -3.4e+38 -3.4e+38 -3.4e+38 -3.4e+38 -3.4e+38 -3.4e+38
25.9611663818359 26.2278327941895 27.3221664428711 28.318000793457 29.2978324890137 29.9060001373291 30.4524993896484 30.6685009002686 30.7941665649414 30.8578338623047 31.0154991149902 30.9156665802002 30.7891674041748 31.0313339233398 30.917667388916 30.5778331756592 30.86549949646 30.4681663513184 30.2975006103516 30.1533336639404 30.1681671142578 30.2903327941895 -3.4e+38 -3.4e+38 -3.4e+38 -3.4e+38 -3.4e+38 -3.4e+38 -3.4e+38 -3.4e+38 -3.4e+38 -3.4e+38 -3.4e+38 -3.4e+38 -3.4e+38 -3.4e+38 -3.4e+38 -3.4e+38 -3.4e+38 -3.4e+38 -3.4e+38 -3.4e+38 -3.4e+38 -3.4e+38 -3.4e+38 -3.4e+38 -3.4e+38 -3.4e+38 -3.4e+38
26.5366668701172 26.8201675415039 27.5338325500488 28.3796672821045 29.0808334350586 29.8658332824707 30.4615001678467 30.740665435791 30.9206657409668 30.8430004119873 31.0741672515869 31.0216655731201 30.9593334197998 31.1908340454102 31.0943336486816 30.9236679077148 30.5738334655762 30.4941673278809 30.4318332672119 30.3286666870117 30.416166305542 -3.4e+38 -3.4e+38 -3.4e+38 -3.4e+38 -3.4e+38 -3.4e+38 -3.4e+38 -3.4e+38 -3.4e+38 -3.4e+38 -3.4e+38 -3.4e+38 -3.4e+38 -3.4e+38 -3.4e+38 -3.4e+38 -3.4e+38 -3.4e+38 -3.4e+38 -3.4e+38 -3.4e+38 -3.4e+38 -3.4e+38 -3.4e+38 -3.4e+38 -3.4e+38 -3.4e+38 -3.4e+38
26.5901679992676 26.619499206543 27.1595001220703 28.2495002746582 29.1940002441406 29.9201679229736 30.2291679382324 30.4715003967285 30.9033336639404 31.057165145874 31.1254997253418 31.0848331451416 31.095666885376 31.2975006103516 31.3848323822021 31.2255001068115 30.7868347167969 30.7313327789307 30.613166809082 30.5550003051758 30.6126670837402 -3.4e+38 -3.4e+38 -3.4e+38 -3.4e+38 -3.4e+38 -3.4e+38 -3.4e+38 -3.4e+38 -3.4e+38 -3.4e+38 -3.4e+38 -3.4e+38 -3.4e+38 -3.4e+38 -3.4e+38 -3.4e+38 -3.4e+38 -3.4e+38 -3.4e+38 -3.4e+38 -3.4e+38 -3.4e+38 -3.4e+38 -3.4e+38 -3.4e+38 -3.4e+38 -3.4e+38 -3.4e+38
27.5030002593994 26.5380001068115 27.1481666564941 28.662166595459 29.3575000762939 29.7656669616699 30.0098342895508 30.4321670532227 30.871000289917 31.0866661071777 31.1718330383301 31.109167098999 31.1476669311523 31.3861656188965 31.5343322753906 31.5593338012695 31.2971668243408 30.8348331451416 30.7654991149902 30.8263339996338 -3.4e+38 -3.4e+38 -3.4e+38 -3.4e+38 -3.4e+38 -3.4e+38 -3.4e+38 -3.4e+38 -3.4e+38 -3.4e+38 -3.4e+38 -3.4e+38 -3.4e+38 -3.4e+38 -3.4e+38 -3.4e+38 -3.4e+38 -3.4e+38 -3.4e+38 -3.4e+38 -3.4e+38 -3.4e+38 -3.4e+38 -3.4e+38 -3.4e+38 -3.4e+38 -3.4e+38 -3.4e+38 -3.4e+38
28.1523323059082 26.720832824707 27.816499710083 28.8601665496826 29.4383335113525 29.8131675720215 29.9015007019043 30.2631664276123 30.708833694458 30.9938335418701 31.2091655731201 31.2761650085449 31.3586654663086 31.4223327636719 -3.4e+38 -3.4e+38 -3.4e+38 -3.4e+38 -3.4e+38 -3.4e+38 -3.4e+38 -3.4e+38 -3.4e+38 -3.4e+38 -3.4e+38 -3.4e+38 -3.4e+38 -3.4e+38 -3.4e+38 -3.4e+38 -3.4e+38 -3.4e+38 -3.4e+38 -3.4e+38 -3.4e+38 -3.4e+38 -3.4e+38 -3.4e+38 -3.4e+38 -3.4e+38 -3.4e+38 -3.4e+38 -3.4e+38 -3.4e+38 -3.4e+38 -3.4e+38 -3.4e+38 -3.4e+38 -3.4e+38
28.7378330230713 27.9896659851074 28.4943332672119 29.2180004119873 29.7043323516846 30.0475006103516 30.2093334197998 30.279167175293 30.6416664123535 31.0094985961914 -3.4e+38 -3.4e+38 -3.4e+38 -3.4e+38 -3.4e+38 -3.4e+38 -3.4e+38 -3.4e+38 -3.4e+38 -3.4e+38 -3.4e+38 -3.4e+38 -3.4e+38 -3.4e+38 -3.4e+38 -3.4e+38 -3.4e+38 -3.4e+38 -3.4e+38 -3.4e+38 -3.4e+38 -3.4e+38 -3.4e+38 -3.4e+38 -3.4e+38 -3.4e+38 -3.4e+38 -3.4e+38 -3.4e+38 -3.4e+38 -3.4e+38 -3.4e+38 -3.4e+38 -3.4e+38 -3.4e+38 -3.4e+38 -3.4e+38 -3.4e+38 -3.4e+38
29.3638343811035 29.287166595459 29.4106674194336 29.9044990539551 30.0713329315186 30.3311672210693 30.4978332519531 30.5848331451416 30.7350006103516 -3.4e+38 -3.4e+38 -3.4e+38 -3.4e+38 -3.4e+38 -3.4e+38 -3.4e+38 -3.4e+38 -3.4e+38 -3.4e+38 -3.4e+38 -3.4e+38 -3.4e+38 -3.4e+38 -3.4e+38 -3.4e+38 -3.4e+38 -3.4e+38 -3.4e+38 -3.4e+38 -3.4e+38 -3.4e+38 -3.4e+38 -3.4e+38 -3.4e+38 -3.4e+38 -3.4e+38 -3.4e+38 -3.4e+38 -3.4e+38 -3.4e+38 -3.4e+38 -3.4e+38 -3.4e+38 -3.4e+38 -3.4e+38 -3.4e+38 -3.4e+38 -3.4e+38 -3.4e+38
29.6753330230713 29.8134994506836 29.8798332214355 -3.4e+38 -3.4e+38 -3.4e+38 -3.4e+38 -3.4e+38 -3.4e+38 -3.4e+38 -3.4e+38 -3.4e+38 -3.4e+38 -3.4e+38 -3.4e+38 -3.4e+38 -3.4e+38 -3.4e+38 -3.4e+38 -3.4e+38 -3.4e+38 -3.4e+38 -3.4e+38 -3.4e+38 -3.4e+38 -3.4e+38 -3.4e+38 -3.4e+38 -3.4e+38 -3.4e+38 -3.4e+38 -3.4e+38 -3.4e+38 -3.4e+38 -3.4e+38 -3.4e+38 -3.4e+38 -3.4e+38 -3.4e+38 -3.4e+38 -3.4e+38 -3.4e+38 -3.4e+38 -3.4e+38 -3.4e+38 -3.4e+38 -3.4e+38 -3.4e+38 -3.4e+38
