rasters/Ethiopia_SNDPPT_M_sl2_250m_ll.asc
NCOLS 180 
NROWS 138 
XLLCORNER 32.989799842 
YLLCORNER 3.405012842 
CELLSIZE 0.0832742739222222 
NODATA_value -9999 
[rows 66 to 87 of 138, columns 0 to 50 of 180]
-9999 -9999 -9999 -9999 -9999 -9999 -9999 -9999 -9999 -9999 -9999 -9999 -9999 39.2146739130406 39.4003623188358 39 43.5117753623173 31.4287439613529 30.5890700483106 30.9701086956517 31.9305555555523 33.379830917873 37.7527173913042 36.3481280193261 28.2089371980662 33.2400362318845 32 32.7545289855075 31.7744565217371 38.3327294685999 32.747282608694 33.2690217391303 28.9604468599 41.147946859904 39.9302536231874 40.6434178743961 42.1373792270535 35.7164855072481 26.7394323671503 27.3900966183568 32 38.6838768115945 38.5416666666651 36.7998188405802 31.1491545893744 38.1491545893721 32.7173913043482 36.3611111111109 37.4347826086965 29.5027173913018 27.3798309178765
-9999 -9999 -9999 -9999 -9999 -9999 -9999 -9999 -9999 -9999 -9999 -9999 -9999 41.7798913043495 40.0718599033834 41.0181159420289 41.9583333333328 39.6391908212569 34.1071859903378 34.2083333333328 33.4827898550777 32.296799516908 35.2146739130443 37.6868961352661 32.5833333333333 33.707427536232 33.4815821256026 35.192028985507 33.4465579710157 31.8665458937197 33.8940217391317 35.7391304347825 33.2539251207736 32.0981280193234 31.1331521739076 35.8731884057974 40.865942028986 36.6585144927532 37.4607487922706 28.1488526570044 28.7744565217369 29.4154589371961 35.8070652173924 34.6304347826088 33.3695652173912 34.4157608695658 33.500905797101 31.2693236714973 30.6262077294703 30.8288043478238 27.8004227053154
-9999 -9999 -9999 -9999 -9999 -9999 -9999 -9999 -9999 -9999 -9999 -9999 -9999 39.4076086956538 42 40.5637077294686 41.4565217391307 41.9861111111098 32.4855072463798 31.5398550724635 34.0634057971044 35.5878623188399 36.6494565217367 33.1567028985507 35.3740942028987 36.0135869565212 33.4359903381645 32.0147946859916 35.8731884058011 36.5709541062806 34.1585144927533 36.1168478260871 35.2620772946881 32.0869565217386 35.2472826086945 30.7062198067657 33.2496980676298 42.9166666666655 33.9227053140085 29.4233091787461 27.7146739130425 32.7663043478265 31.5434782608693 33.3849637681155 38.0975241545913 35.553442028988 30.2481884057979 27.2629830917878 26.6923309178708 29.4565217391307 31.7720410628048
-9999 -9999 -9999 -9999 -9999 -9999 -9999 -9999 -9999 -9999 -9999 -9999 -9999 41.3179347826043 42.9214975845417 42.0377415458936 41.5398550724652 38.9281400966203 35.5093599033781 34.5208333333345 34.4187801932352 36.1672705313998 35.836956521742 34.3828502415467 32.4722222222224 31.4927536231885 35.4565217391307 33.9205917874385 35.6367753623212 38.0277777777776 34.0226449275347 38.4646739130423 37.272644927536 38.6645531400968 31.4655797101472 33.4842995169111 40.2496980676298 40.5108695652175 34.3695652173921 28.7273550724631 32.1766304347794 35.4565217391307 32.3106884057969 30.2916666666672 31.136171497577 28.3439009661829 27.4302536231885 27.4296497584539 29.9169685990352 32.4673913043482 33.6748188405801
-9999 -9999 -9999 -9999 -9999 -9999 -9999 -9999 -9999 -9999 -9999 -9999 -9999 42.3016304347872 43.9133454106258 44.6047705314011 43.8804347826088 32.6479468599051 35.3608091787431 33.0679347826096 38.0437801932388 31.4719202898567 31.8722826086961 31.9359903381662 30.2744565217392 30.4990942028985 30.3695652173912 28.8973429951717 31.3704710144944 33.6295289855067 34.9133454106256 32.6005434782609 29.4290458937223 35.3076690821257 32.6304347826088 32.2433574879212 36.9441425120776 39.0806159420292 36.3943236714979 37.4815821256044 31.4945652173861 29.2832125603875 30.6210748792266 23.922101449276 30.8049516908178 33.1992753623191 30.923007246377 31.2557367149756 33.0963164251192 32.1875000000009 32.594504830917
-9999 -9999 -9999 -9999 -9999 -9999 -9999 -9999 -9999 -9999 -9999 -9999 -9999 43.8423913043457 45.3248792270546 43.7868357487916 42.2889492753628 42.9900362318831 30.7213164251207 32.5951086956535 34.0742753623096 33.0881642512101 27.3722826086948 28.7614734299524 25.9773550724651 33.1059782608696 30.5389492753672 30.5464975845427 27.4474637681156 38.245772946861 30.4335748792268 33.4483695652174 30.0486111111106 35.5301932367148 33.8369565217305 34.6313405797094 40.4939613526579 42.6947463768126 39 39.571557971014 34.0163043478295 35.7391304347842 31.138888888889 32.0824275362322 34.8665458937223 37.020229468598 35.2699275362304 31.3562801932359 33.6077898550739 29 35.7448671497587
-9999 -9999 -9999 -9999 -9999 -9999 -9999 -9999 -9999 -9999 -9999 -9999 -9999 40.1766304347798 42 44.6222826086937 46.770833333332 45.600241545891 41.4073067632816 34.2499999999999 31.8728864734402 33.2336956521747 36.608695652172 30.1672705313968 31.12258454106 26.5027173913041 32.3393719806781 37.0516304347831 34.7219202898524 35.3807367149742 35.4749396135264 30.5027173913041 30.4815821256054 29.7650966183583 33.4583333333362 35.8771135265672 34.4861111111132 34.9329710144919 38.1114130434788 39.608695652172 38.4239130434775 37.9163647343016 32.7095410628037 33.8858695652166 37.5238526569965 33.8967391304341 29.6856884057976 33.1805555555557 34.7542270531444 29.4619565217403 36.9027777777753
-9999 -9999 -9999 -9999 -9999 -9999 -9999 -9999 -9999 -9999 -9999 -9999 -9999 39.7934782608711 39.0105676328505 39.2792874396129 42.7454710144927 45.121074879228 44.1102053140096 38.8215579710137 36.9154589371942 32.9894323671499 30.9864130434785 31.9833937198067 29.6086956521737 28.5027173913044 35.2173913043474 32.0286835748793 31.9230072463768 36 29.4347826086948 34.9592391304349 32.935084541063 33.3369565217395 34.53260869565 32.916062801935 35.5389492753645 29.5507246376818 32.2282608695658 31.2711352657022 35.728260869565 32.1041666666668 30.5021135265705 32.4456521739132 28.919987922706 30.1086956521737 35.9048913043478 35.0522342995173 29.0166062801929 28.4429347826131 33.4012681159463
-9999 -9999 -9999 -9999 -9999 -9999 -9999 -9999 -9999 -9999 -9999 -9999 -9999 40.855978260871 38.9048913043454 42.1778381642514 40.9791666666664 44.9921497584551 42.0138888888902 31.9610507246372 35.2457729468698 30.4930555555511 31.7309782608727 26.3457125603889 25.230072463769 33.2038043478262 32.247584541065 38.7041062801915 33 28.3263888888888 27.9782608695649 37.2092391304351 31.0217391304351 32.6005434782611 35.4384057971039 36.0105676328504 29.5138888888868 32.323369565215 29.5911835748793 28.1727053140115 34.7336956521704 37.2913647343012 31.381944444443 27.7454710144927 34.7201086956473 31.2361111111106 44.3188405797111 32.7916666666661 34 29.9836956521738 35.188103864739
-9999 -9999 -9999 -9999 -9999 -9999 -9999 -9999 -9999 -9999 -9999 -9999 -9999 40.1304347826088 40.9936594202897 42.1168478260871 41.9610507246372 43 41.8445048309154 31.9347826086956 32.1295289855162 28.8297101449272 27.3559782608666 24.8571859903373 21.4178743961356 41.1032608695653 37.0652173913044 31.688103864733 35.6431159420308 32.6778381642514 28.0652173913044 28.6250000000004 29.3239734299524 29.2635869565223 30.5063405797075 29.5045289855108 35 31.4936594202893 33 32.3366545893712 31.456521739129 33.2593599033807 39.2777777777785 38.2726449275368 37.0172101449279 37.5087560386483 34.1431159420284 34.1805555555557 29.7795893719853 33.8749999999983 34.2406400966228
-9999 -9999 -9999 -9999 -9999 -9999 -9999 -9999 -9999 -9999 -9999 -9999 -9999 44.3559782608648 40.2198067632863 42.2110507246371 40.0769927536243 46.6998792270545 34.7213164251242 39.0063405797102 37.5646135265724 29.0824275362311 27.9048913043473 28.4344806763298 39.5150966183583 40.8795289855076 42.1642512077311 39.2481884057956 29.7355072463726 30.4716183574873 33.0452898550697 31.152173913043 36.6047705314024 33.955615942029 36.4710144927556 34.264190821256 29.8520531400965 28.6250000000017 26.7871376811586 27.6829710144913 23.2581521739083 33.1950483091783 39.0486111111111 40.4483695652177 38.3357487922736 36.9160628019324 33.6394927536242 32.6938405797097 29.6917270531371 33.5978260869536 35.8076690821294
-9999 -9999 -9999 39.3013285024173 -9999 40.4966787439622 40.5585748792267 41.0697463768117 -9999 -9999 -9999 -9999 41.2687198067588 40.7554347826089 39.7841183574886 42.846920289855 41.4266304347816 44.2391304347825 48.2391304347825 35.9076086956543 36.3994565217338 33.8813405797091 34.2690217391299 37.5217391304351 39.8472222222224 42.8759057971011 38.5277777777736 34.8239734299521 41.2916666666648 34.5585748792267 32.1080917874388 30.9429347826078 35.5612922705345 34.3448067632846 28.0262681159483 30.6156400966179 26.6446256038645 26.4782608695649 28.1361714975844 29.7608695652175 26.989130434779 28.1911231884047 33 31.9302536231883 39.3022342995179 36.7074275362326 30.0461956521737 34.5371376811594 30.5217391304351 31.4266304347816 32.4550120772938
-9999 -9999 42.2309782608689 44.1533816425153 39.8913043478282 47.5464975845409 45.4302536231875 41.8034420289849 45.6038647343014 40.2361111111106 43.551630434783 43.5283816425136 42.4809782608684 42.3804347826132 40.3916062801943 42.0452898550722 45.3269927536226 47.02355072464 47.3399758454113 46.3061594202906 42.3010265700474 39.9027777777787 37.1847826086951 38.6521739130421 44.3888888888885 39 32.1591183574895 32.3743961352618 30.6521739130421 30.6455314009653 28.6597222222216 30.8559782608679 32.7919685990322 33.8596014492756 30.8387681159404 30.346316425122 32.8429951690842 29.6739130434789 29.7098429951687 29.936594202898 26.9538043478228 28.8867753623194 32.2152777777786 28.2807971014488 29.8517512077335 35.5700483091773 31.8822463768117 36.2672101449269 28.8765096618331 36.2853260869554 33.9365942028971
-9999 -9999 41.4704106280188 45.4027777777787 45.2663043478237 42.1434178743956 45.9619565217395 43.9456521739136 42.9598429951712 40.3919082125613 40.3786231884067 42.4444444444443 41.3001207729458 46.9483695652181 43.5298913043467 46.5582729468603 39.2327898550739 46.8940217391282 46.9444444444391 42.6385869565227 39.0286835748805 41.4701086956513 40.7010869565228 40.839371980678 34.0160024154601 32.5353260869563 28.2007850241573 30.0821256038646 33 32.4821859903373 27.8260869565211 28.038043478261 25.4728260869579 29.6899154589371 32.3288043478302 35.1391908212574 32.3746980676342 37.4818840579716 32.0175120772952 31.4130434782605 32.6250000000017 33.2569444444445 30.6805555555547 29.1213768115933 25.6959541062824 38.5869565217395 30.7436594202887 26.7448671497582 36.6766304347816 35.4836956521729 40.6083937198007
-9999 -9999 42.7152777777784 44.2986111111101 44.8125000000012 45.0000000000005 45.8194444444457 46.9999999999988 44.5000000000008 44.3819444444454 42.9999999999986 38.9097222222223 45.5763888888886 48.8124999999999 44.9513888888876 42.9305555555573 47.9791666666647 46 47.4722222222204 45.0416666666656 39.5694444444469 38.0972222222199 42.5624999999984 39.6527777777796 40.4097222222228 38 35.263888888886 31.7361111111085 30.8541666666678 28.8402777777776 28.1527777777796 29 34.0902777777739 32.7152777777774 31.0416666666656 34.7569444444446 36.0277777777727 30.2291666666669 31.4999999999999 29.0972222222245 29.9999999999989 29.6944444444425 30.1597222222224 33 27.7361111111059 32.6458333333343 30.9999999999986 26 33.5000000000006 35.3124999999982 35.5486111111116
-9999 -9999 43.5480072463756 45.4130434782614 43.4701086956544 45.9341787439599 47.5869565217386 47.8278985507249 46.4130434782614 45.2179951690828 44.8777173913048 43.8940217391304 41.0896739130423 43.9728260869554 45.3728864734294 47.4009661835755 47.13224637681 44.4211956521752 44.5902777777776 48.3713768115942 44.8897946859853 42.9429347826093 42.559782608694 42.5869565217386 36.7083333333339 35.8469202898537 34.2179951690807 37.7759661835722 36.4637681159419 31.3330314009668 32.209239130436 33.0570652173912 33.0597826086958 35.604468599033 35.6476449275405 30.8991545893712 28.2122584541057 26.4927536231883 28.7472826086958 30.7738526570073 32.3668478260876 33.9097222222224 23.4550120772936 20.6295289855102 27.827898550721 34.3746980676319 27.5851449275365 29.2185990338177 31.56038647343 34.8749999999983 31.135567632853
-9999 45.6349637681163 46.4305555555557 43.5425724637687 44.0951086956544 45.2270531400978 48 45.6739130434789 43.0621980676309 40.0474033816405 44.6023550724622 38.6388888888885 37.4290458937179 38.8750000000017 41.8689613526536 48.2807971014488 48.3405797101445 46.6739130434789 48.3124999999981 48.2146739130413 44.3260869565211 43.160628019322 41.4755434782563 42.3088768115964 38 32.8596014492751 35.6265096618341 35.587862318841 37.1965579710134 30.0975241545896 35.2128623188405 34.279891304346 32.9233091787424 32.6739130434789 31.8677536231849 29.4936594202893 26.4951690821263 29.2273550724661 27.524154589372 31.2711352657022 24.9456521739091 28.2339975845407 24.8825483091818 25.2309782608689 29.2886473429817 29.7509057971018 32.4157608695662 26.9371980676325 36.6500603864696 33.5135869565253 27.9562198067636
48.2747584541039 48.8903985507243 45.2723429951693 44.9070048309187 43.0978260869599 45.0664251207746 50.1120169082125 43.9827898550725 44.6790458937213 42.7810990338161 43.2391304347829 44.7961956521748 45.4284420289834 47.2092391304354 43.6189613526589 44.8303140096614 47.2291666666668 47.2219202898537 44.9755434782585 50.5199275362314 45.1530797101412 43.5057367149761 43 38.2823067632854 32.1141304347829 36.1585144927537 29.7820048309298 34.9752415458927 30.3695652173919 35.1416062801924 30.6527777777787 32.9103260869565 32.2548309178768 29.6246980676325 27.5878623188429 33.0277777777804 29.3698671497599 31.5878623188403 30.3275966183575 32.6180555555548 33.6711956521739 31.0513285024175 28.2391304347829 24.8134057971015 29.0745772946871 26.2391304347829 36.269927536233 33.0431763285025 37.2324879227015 31.8885869565217 31.5522342995193
45.5138888888868 49.1521739130434 46.2388285024153 46.0908816425119 44.8913043478272 41.5534420289863 41.6805555555557 42.5878623188408 42.9598429951689 39.3756038647354 43.6639492753625 44.7068236714975 46.1760265700461 45.589673913045 41.9852053140093 42.1283212560383 44.3396739130438 46.8478260869566 47.6859903381634 48.2228260869574 43.1627415458941 46.3170289855056 43.5244565217381 40.8710748792273 36.4876207729468 35.9547101449278 31.8245772946919 38.3357487922714 32 31.9513888888889 31.6992753623201 29.7798913043491 33.6162439613537 28.2388285024153 31.2246376811576 28.4121376811583 31.4079106280218 31.4583333333328 33.7823067632851 33.7442632850222 32.8994565217384 32 27.112318840581 27.3550724637685 28.8478260869566 29.7998188405801 38.3532608695643 37.1805555555557 33.0685386473467 33.8749999999983 30.7653985507226
-9999 -9999 -9999 42.584541062801 43.2608695652151 44.6102053140102 45 47.9347826086952 45.7053140096605 46.0652173913048 43.0271739130436 43.1068840579718 51 43.8586956521757 46.0908816425143 46.2557367149763 47.8804347826071 47.156400966187 50.843599033813 45.9583333333328 42.9957729468571 49.843900966184 47.2391304347819 41.9224033816422 36.0769927536237 31.6884057971006 27.8885869565291 39.0480072463771 29.6621376811608 32 34.6980676328514 34.4157608695651 32.5582729468587 28.4305555555557 29.4230072463796 33.5120772946871 33.0335144927537 30.4465579710144 30.8330314009663 31.9347826086952 27.9592391304344 29.0226449275363 33.9791666666665 35.4628623188397 31.2810990338216 30.9846014492753 33.7644927536236 30.8013285024152 27.7919685990357 26.2472826086981 29.5111714975783
-9999 -9999 -9999 -9999 -9999 -9999 -9999 -9999 44.2856280193249 48.7421497584548 45.1992753623184 43.0395531400964 45.0066425120772 48.7500000000034 48.8635265700462 49.0881642512074 47.0416666666664 48.0353260869577 47.0769927536283 46 45.2068236715072 47 44.8967391304364 43.9849033816426 34.9861111111112 40.7744565217391 32.9948671497584 41.5975241545915 38.0280797101447 29.9782608695654 33.2687198067654 35.9782608695653 30 30.9752415458939 28.0099637681159 27.042874396135 30.5350241545873 36.1132246376821 30.1793478260863 33.1814613526592 34.6331521739147 32.7038043478267 33.2750603864746 30.6929347826082 26.5655193236806 25.5277777777788 29.0307971014491 25.3611111111115 27.1527777777753 34.752717391301 33.8852657004808
-9999 -9999 -9999 -9999 -9999 -9999 -9999 -9999 -9999 42.7826086956518 40.0634057971017 45.1479468599037 46.0332125603861 47.2201086956508 48.9018719806764 45.0075483091787 48.0416666666672 48.1195652173925 44 46.8913043478259 44.1313405797162 43.9000603864707 43.8750000000017 44 43.9411231884056 40.7916666666665 41.1274154589391 41.3439009661849 37.0797101449326 35.4281400966184 30.2007850241535 30.6250000000004 31.8701690821256 31.2750603864733 30.3586956521759 24.703502415458 28.0030193236711 31.5661231884073 33.5226449275359 34.4239130434774 33.1956521739156 34.7986111111097 29.9305555555552 31.0634057971017 28.9486714975855 24.8725845410635 28.116847826088 26.160929951691 26.3330314009588 30.6413043478225 29
