rasters/Ethiopia_bio10.asc
NCOLS 180 
NROWS 138 
XLLCORNER 32.989799842 
YLLCORNER 3.405012842 
CELLSIZE 0.0832742739222222 
NODATA_value -3.4e+38 
[rows 110 to 131 of 138, columns 49 to 97 of 180]
23.2021675109863 23.4833335876465 22.6103324890137 22.9031677246094 23.8946666717529 23.4750003814697 23.7211666107178 23.7171669006348 20.6761665344238 19.9323329925537 22.5031661987305 21.8038330078125 20.8899993896484 19.9689998626709 18.6893329620361 18.9156665802002 18.505500793457 20.2856674194336 20.4796657562256 20.0606670379639 19.8518333435059 19.6881675720215 20.537166595459 20.71266746521 20.6044998168945 20.7950000762939 20.8791675567627 20.9503326416016 21.9328327178955 22.492000579834 22.9424991607666 22.9443321228027 21.2059993743896 21.3598327636719 21.7453327178955 21.8728332519531 21.8321666717529 22.1273326873779 21.9383335113525 21.9693336486816 22.7608337402344 23.5853328704834 23.2803344726562 24.1224994659424 25.4793338775635 26.9659996032715 27.912166595459 27.8199996948242 27.6421661376953
23.4916667938232 22.5468330383301 21.1571674346924 21.912166595459 23.9208335876465 22.8371658325195 23.0698337554932 24.058500289917 21.7238330841064 20.6966667175293 21.8875007629395 20.9393329620361 20.298999786377 19.9416675567627 19.5359992980957 20.3214988708496 21.0513343811035 21.7981662750244 21.2474994659424 20.8974990844727 20.2768325805664 20.6513328552246 21.2105007171631 20.5171661376953 20.3920001983643 21.3056659698486 21.1989994049072 20.9693336486816 21.798999786377 21.6714992523193 21.7573337554932 22.4526672363281 21.3666667938232 21.3031673431396 21.7674999237061 22.2306671142578 22.1814994812012 21.8824996948242 21.8723335266113 21.6616668701172 22.412166595459 23.9214992523193 25.2446670532227 25.9589996337891 27.0616664886475 26.8343334197998 26.4755001068115 27.2676677703857 28.1771659851074
23.5069999694824 21.0364990234375 19.4144992828369 23.2754993438721 24.0543346405029 23.1546669006348 23.4743328094482 24.3501663208008 21.6790008544922 21.3775005340576 21.4758338928223 20.8501663208008 20.6941661834717 20.394832611084 19.7681655883789 20.7068328857422 21.8354988098145 22.3126659393311 22.2588329315186 21.9685001373291 21.171667098999 21.3624992370605 21.4978332519531 20.6651668548584 20.2293338775635 21.6891670227051 21.8138332366943 20.9688339233398 21.4741668701172 21.2773342132568 22.001501083374 23.0205001831055 23.1858329772949 22.2646675109863 21.5288333892822 22.0143337249756 22.5499992370605 22.2660007476807 22.8823337554932 22.642333984375 22.5515003204346 23.8571662902832 26.1725006103516 26.8566665649414 26.0154991149902 25.2583332061768 25.9778327941895 27.0249996185303 27.7708339691162
23.8956661224365 22.9909992218018 22.9773330688477 23.570333480835 24.204833984375 24.0205001831055 24.509334564209 24.4763336181641 22.457332611084 22.3595008850098 21.3743324279785 21.3610000610352 21.1044998168945 21.1405010223389 20.4963340759277 20.9946670532227 22.0914993286133 22.2811660766602 22.5815010070801 22.6258335113525 21.5141658782959 21.5301666259766 21.7473335266113 20.9933338165283 20.783332824707 22.2059993743896 22.0494995117188 21.0688323974609 21.4705009460449 21.7531661987305 22.1981658935547 22.1138324737549 22.3981666564941 23.1606674194336 22.9681663513184 22.4123344421387 22.9146671295166 23.4248332977295 23.640832901001 24.5353336334229 24.4558334350586 26.1303329467773 25.7560005187988 24.6871662139893 24.7641677856445 23.832332611084 24.7345008850098 26.1383323669434 27.530834197998
24.4519996643066 23.8484992980957 23.5563335418701 23.6571655273438 24.1599998474121 24.5088329315186 24.8493328094482 24.5211658477783 23.3381671905518 22.730167388916 22.0698337554932 21.795166015625 21.4678344726562 21.5496673583984 21.4914989471436 21.3924999237061 22.2748336791992 22.6474990844727 22.886999130249 22.7490005493164 22.4090003967285 21.7220001220703 21.6259994506836 21.8766670227051 22.2530002593994 23.226167678833 21.9321670532227 21.2253341674805 21.8139991760254 21.5888328552246 21.1276664733887 21.045166015625 20.8873329162598 21.740665435791 23.7053337097168 24.0464992523193 24.355167388916 24.8801670074463 25.5018329620361 25.703498840332 25.8605003356934 25.5126667022705 24.5551662445068 23.9046669006348 23.4688339233398 23.3526668548584 24.2255001068115 25.3776664733887 26.8261680603027
25.1696662902832 24.2811660766602 23.3351669311523 22.9341659545898 24.2916660308838 24.5058326721191 24.9151668548584 24.6388320922852 24.0208339691162 23.3726654052734 22.5551662445068 22.0359992980957 21.5651664733887 21.7264995574951 21.8801670074463 21.8306655883789 22.2880001068115 22.7988338470459 23.1180000305176 22.867166519165 23.1156673431396 22.32200050354 21.3346672058105 22.4653339385986 23.5799999237061 23.8864994049072 22.4505004882812 21.8666667938232 22.1311664581299 21.7924995422363 20.9685001373291 21.0114994049072 20.9778327941895 21.548999786377 22.2581672668457 22.9386672973633 23.2416667938232 23.9346675872803 23.8826675415039 24.1916675567627 24.3068332672119 24.3056678771973 23.7880001068115 23.2706661224365 22.5524997711182 23.095832824707 23.9355010986328 25.1868343353271 26.9531669616699
25.4584999084473 24.570499420166 24.3946666717529 24.3853340148926 24.9178333282471 24.7173328399658 25.0769996643066 24.8589992523193 24.1713333129883 23.4138336181641 22.5650005340576 22.1156673431396 21.7569999694824 21.6283340454102 21.53733253479 21.9895000457764 22.2014999389648 22.6294994354248 23.0769996643066 23.2859992980957 23.3771667480469 23.1860008239746 21.9349994659424 22.9816665649414 24.0866661071777 23.6848335266113 23.0061664581299 22.9435005187988 22.6981658935547 22.1733322143555 20.9898338317871 20.9983329772949 21.029333114624 21.5335006713867 22.2726669311523 22.8193340301514 23.0906677246094 23.5261669158936 23.529333114624 23.4344997406006 23.5338325500488 23.5615005493164 23.4281673431396 23.4038333892822 23.6341667175293 24.0718326568604 25.5739994049072 26.5631675720215 27.2746658325195
24.804500579834 23.6698341369629 23.9373321533203 24.4044990539551 24.7863330841064 24.4091663360596 25.0786666870117 25.0766658782959 23.9721660614014 23.1040000915527 22.6591663360596 22.0523338317871 21.6613330841064 21.4893341064453 21.4578323364258 21.9431667327881 22.2858333587646 22.5323333740234 22.8221664428711 23.0648326873779 23.0026664733887 23.0468330383301 23.5806674957275 24.05299949646 24.3326663970947 23.8451671600342 23.71533203125 23.4775009155273 23.341667175293 22.5240001678467 21.3021659851074 21.2323341369629 21.5063323974609 21.678165435791 22.3148326873779 22.8144989013672 23.4078330993652 23.7843341827393 23.2528343200684 23.2886657714844 23.3535003662109 22.9580001831055 23.1550006866455 23.7268333435059 24.5178337097168 24.9911670684814 25.8148326873779 26.1656665802002 25.7231674194336
24.1060009002686 23.9169998168945 23.8358325958252 23.693000793457 23.8465003967285 23.6023330688477 24.8235015869141 24.9815006256104 24.3678340911865 23.5006656646729 22.6579990386963 21.9723339080811 21.6158332824707 21.5206661224365 21.5581665039062 21.8093338012695 22.1371669769287 22.3794994354248 22.578332901001 23.1059989929199 22.6156673431396 22.1511669158936 22.9806671142578 24.3436660766602 24.4375 23.8444995880127 24.2686672210693 23.5860004425049 24.0188331604004 23.2313327789307 22.1926670074463 21.7695007324219 21.9821662902832 22.3173332214355 22.6350002288818 23.2390003204346 23.2996673583984 23.7881660461426 23.916332244873 23.7884998321533 23.5914993286133 23.3876667022705 23.6046657562256 23.6943321228027 24.3033332824707 24.8980007171631 24.8101654052734 24.9693336486816 24.6561660766602
23.7091674804688 23.6951656341553 23.6858329772949 23.4613342285156 22.9885005950928 23.246000289917 24.5154991149902 24.9254989624023 24.5054988861084 23.5373344421387 22.5608329772949 21.1618328094482 21.3729991912842 21.8524990081787 21.441333770752 21.6180000305176 21.8988342285156 22.1378326416016 22.2443332672119 22.5673332214355 21.5598335266113 21.2504997253418 22.8780002593994 24.201000213623 24.9156665802002 24.7029991149902 24.7591667175293 24.2805004119873 24.4713325500488 24.0868339538574 23.2784996032715 22.4711666107178 22.5673332214355 23.2679996490479 23.4734992980957 23.775333404541 24.1546669006348 24.4925003051758 24.8521671295166 24.1468334197998 24.0540008544922 24.0045013427734 23.9678325653076 23.9883327484131 24.0678329467773 24.2703323364258 24.4513320922852 24.7181663513184 24.7173328399658
23.4230003356934 23.4491672515869 23.7943325042725 23.5328330993652 23.3508338928223 23.8313331604004 25.2011661529541 25.2258338928223 24.6521663665771 23.6230010986328 22.5543327331543 20.769832611084 20.7353324890137 21.6968326568604 21.8638324737549 21.9071655273438 22.1106662750244 22.171667098999 22.2756671905518 22.0708332061768 21.5456676483154 20.9804992675781 22.7080001831055 23.6359996795654 24.4018325805664 25.1163330078125 25.3498344421387 25.2203330993652 25.0221672058105 24.2691669464111 23.3794994354248 22.6943321228027 22.8928337097168 22.9624996185303 22.6375007629395 23.5031661987305 24.7264995574951 26.1311664581299 25.757999420166 25.0501670837402 24.8483333587646 24.4046669006348 24.3959999084473 24.3945007324219 24.1248340606689 24.5435009002686 25.2686672210693 25.904333114624 25.9171676635742
23.8090000152588 24.050666809082 24.4241676330566 24.2796669006348 24.3033332824707 24.4659996032715 25.2740001678467 25.2105007171631 24.5188331604004 23.9188327789307 23.4088325500488 22.4491672515869 20.1113338470459 21.2945003509521 21.6698341369629 22.0723342895508 22.003833770752 21.9570007324219 21.8481674194336 21.779333114624 21.6703338623047 21.4589996337891 22.7719993591309 23.6180000305176 24.3148326873779 24.9535007476807 25.3499984741211 25.6353340148926 25.579833984375 24.6896667480469 23.3116664886475 23.6906661987305 25.0208339691162 24.2390003204346 24.5088329315186 25.5160007476807 25.8385009765625 25.4974994659424 25.4010009765625 26.4333343505859 25.5831661224365 24.7449989318848 25.0041656494141 24.9243316650391 24.5144996643066 24.7408332824707 25.4724998474121 26.2534999847412 26.816333770752
24.4621658325195 24.7609996795654 24.8834991455078 24.6770000457764 24.711332321167 24.9855003356934 25.2940006256104 24.9790000915527 24.4373321533203 24.2203330993652 23.8379993438721 23.2626667022705 22.1453342437744 21.7436676025391 21.1760005950928 21.9108333587646 22.142333984375 22.0314998626709 22.1018333435059 22.5900001525879 22.6044998168945 22.1833324432373 23.2758331298828 23.9618339538574 24.4576663970947 24.8341674804688 24.8218326568604 25.1560001373291 25.7981662750244 26.0205001831055 25.5750007629395 25.8356666564941 25.232666015625 25.8676662445068 25.2661666870117 23.771333694458 23.7781677246094 23.454833984375 23.5606670379639 24.3171672821045 25.6576671600342 26.2980003356934 25.9446678161621 25.681001663208 25.3920001983643 24.9228324890137 25.4183330535889 25.9463329315186 26.0308322906494
24.095666885376 25.1278343200684 25.0459995269775 24.667667388916 24.7369995117188 25.2274990081787 25.0908336639404 24.6660003662109 24.380500793457 24.3186664581299 23.9446659088135 23.4033336639404 22.8381671905518 22.2766666412354 21.5843334197998 22.0326671600342 22.3943328857422 22.492000579834 22.3836669921875 22.6666679382324 23.1054992675781 23.074499130249 23.4278335571289 24.0243339538574 24.4570007324219 24.4561672210693 24.0939998626709 24.5926666259766 24.96266746521 25.2849998474121 25.9106674194336 25.4596672058105 23.655834197998 23.9958324432373 23.5874996185303 23.1438331604004 23.0524997711182 23.3396663665771 23.6316661834717 23.9563331604004 24.5541667938232 25.695499420166 26.3610000610352 25.5486660003662 25.8676662445068 25.5626678466797 25.507833480835 25.4685001373291 25.3588333129883
23.9151668548584 25.3721656799316 25.2171669006348 24.8061676025391 24.841833114624 25.3185005187988 24.9878330230713 24.6921653747559 24.2569999694824 24.2205009460449 23.7731666564941 23.0623340606689 22.5174999237061 22.0381660461426 21.5858325958252 22.2413330078125 22.6568336486816 22.9403343200684 23.0128326416016 23.0516662597656 23.4663333892822 23.6343326568604 23.867166519165 24.2164993286133 24.1888332366943 23.9114990234375 23.8735008239746 24.2446670532227 24.3003330230713 24.445333480835 24.4318332672119 23.6591663360596 23.329833984375 23.3675003051758 23.344165802002 23.4524993896484 23.4823341369629 23.7416667938232 23.964334487915 24.2395000457764 24.5814990997314 25.5348339080811 26.7293338775635 26.8146667480469 26.3939990997314 26.0223331451416 25.8871669769287 25.9663333892822 26.2064990997314
23.8403339385986 25.4545001983643 25.3568325042725 25.1160011291504 25.1135005950928 25.3311672210693 25.1446666717529 24.7425003051758 24.0483341217041 23.83766746521 23.4360008239746 22.8478336334229 22.4349994659424 21.8151664733887 21.935998916626 22.1924991607666 22.6040000915527 22.9351673126221 22.9456672668457 23.257833480835 23.5830001831055 23.6805000305176 23.9773330688477 24.2024993896484 24.1280002593994 24.0855007171631 24.2081661224365 24.2241668701172 24.2663345336914 24.3404998779297 24.0516662597656 23.6473331451416 23.6485004425049 23.3279991149902 23.2783336639404 23.5648345947266 23.6508331298828 23.8126678466797 24.0386657714844 24.2763328552246 24.594165802002 25.1455001831055 25.97216796875 26.8548336029053 26.8098335266113 26.2045001983643 25.9549999237061 26.3588333129883 26.7183322906494
24.9980010986328 25.7959995269775 25.7781677246094 25.6005001068115 25.4898338317871 25.5121669769287 25.2961654663086 24.9284992218018 24.3811664581299 23.3470001220703 22.2786674499512 22.4701652526855 22.3656673431396 21.9988327026367 22.3291664123535 22.4409999847412 22.6043338775635 22.7093334197998 22.5283336639404 23.0125007629395 23.4828338623047 23.3371658325195 23.7691669464111 23.9619998931885 24.1455001831055 24.3579998016357 24.4366664886475 24.5066661834717 24.5908336639404 24.6399993896484 24.5708332061768 24.4694995880127 24.2176666259766 23.7589988708496 23.6361656188965 23.7343330383301 23.7649993896484 23.8839988708496 24.2506656646729 24.4379997253418 24.730167388916 25.3468322753906 26.1019992828369 26.7970008850098 27.3196678161621 26.8188323974609 26.8206672668457 26.5898342132568 27.2241668701172
25.7434997558594 26.2294998168945 26.1058330535889 25.9326667785645 25.8626670837402 26.0013332366943 25.6158332824707 25.3535003662109 24.9348335266113 23.7018337249756 21.5246658325195 21.8584995269775 22.1291675567627 22.163667678833 22.4080009460449 22.7233333587646 22.808500289917 22.8931674957275 22.7726669311523 23.0706672668457 23.3509998321533 22.968334197998 23.3413333892822 23.656665802002 23.9495010375977 24.1350002288818 24.2136669158936 24.3850002288818 24.5598335266113 24.7910003662109 24.9376659393311 24.9271659851074 24.8024997711182 24.4781665802002 24.1215000152588 23.9263343811035 23.9884986877441 24.1555004119873 24.3068332672119 24.5209999084473 24.7133331298828 25.0093326568604 25.6101665496826 26.7220001220703 27.5621681213379 27.5074996948242 27.1556663513184 27.09983253479 27.6818332672119
-3.4e+38 -3.4e+38 26.5511665344238 26.4103336334229 26.2490005493164 26.4051666259766 26.0473327636719 25.5925006866455 24.8931674957275 24.9046669006348 23.2183322906494 21.3571662902832 21.875 21.9553337097168 22.3201675415039 22.591667175293 22.7431659698486 22.9076671600342 22.9643325805664 23.1146659851074 23.257833480835 22.7458343505859 23.0691661834717 23.5138339996338 23.7938327789307 23.9366664886475 23.9356670379639 24.1618328094482 24.4313335418701 24.718334197998 24.9896659851074 25.2014999389648 25.2376670837402 25.1480007171631 24.7334995269775 24.2781677246094 24.2784996032715 24.3611679077148 24.5750007629395 24.7553329467773 24.8291664123535 25.0030002593994 -3.4e+38 -3.4e+38 -3.4e+38 28.0503330230713 27.8933334350586 28.1744995117188 27.9478340148926
-3.4e+38 -3.4e+38 -3.4e+38 26.8079986572266 26.5421657562256 26.7233333587646 26.4233322143555 26.0016670227051 25.2829990386963 25.7716674804688 25.6951675415039 22.781665802002 20.6984996795654 21.2299995422363 21.1738338470459 22.634334564209 22.9505004882812 23.054666519165 22.7703323364258 22.6311664581299 22.8643341064453 22.7245006561279 22.8648338317871 23.2971668243408 23.457332611084 23.6978340148926 23.4379997253418 23.7941665649414 24.3004989624023 24.4796676635742 25.005500793457 25.4151668548584 25.6008338928223 25.5729999542236 25.3523330688477 24.8183326721191 24.6183338165283 24.6613330841064 24.8398323059082 24.99049949646 -3.4e+38 -3.4e+38 -3.4e+38 -3.4e+38 -3.4e+38 -3.4e+38 28.4521675109863 28.7521667480469 28.449499130249
-3.4e+38 -3.4e+38 -3.4e+38 -3.4e+38 -3.4e+38 26.90283203125 26.6921653747559 26.50950050354 26.3213329315186 26.2841682434082 26.0381679534912 25.1841659545898 22.1943340301514 21.7221660614014 21.4640007019043 22.3206672668457 22.9893341064453 23.2986660003662 23.1316661834717 22.7098331451416 23.1824989318848 23.4403343200684 22.8645000457764 23.3489990234375 23.6003341674805 23.8781661987305 23.6203327178955 23.871166229248 24.5308322906494 24.4938335418701 24.7641677856445 25.5019989013672 25.8015003204346 25.9546661376953 25.8676662445068 25.5655002593994 25.2353324890137 -3.4e+38 -3.4e+38 -3.4e+38 -3.4e+38 -3.4e+38 -3.4e+38 -3.4e+38 -3.4e+38 -3.4e+38 -3.4e+38 -3.4e+38 29.0445003509521
-3.4e+38 -3.4e+38 -3.4e+38 -3.4e+38 -3.4e+38 -3.4e+38 26.943000793457 26.7953338623047 26.6363334655762 26.4969997406006 26.3938331604004 26.2706680297852 25.9023323059082 23.824333190918 22.4208335876465 22.7480010986328 23.0594997406006 23.4271659851074 23.5811672210693 23.4476661682129 23.699499130249 23.9376659393311 23.8409996032715 24.0053329467773 24.0281677246094 24.2026672363281 24.3136672973633 24.5485000610352 24.5203342437744 25.2131671905518 25.3920001983643 25.783332824707 25.9878330230713 26.191499710083 26.2858333587646 -3.4e+38 -3.4e+38 -3.4e+38 -3.4e+38 -3.4e+38 -3.4e+38 -3.4e+38 -3.4e+38 -3.4e+38 -3.4e+38 -3.4e+38 -3.4e+38 -3.4e+38 -3.4e+38
