rasters/Ethiopia_SNDPPT_M_sl2_250m_ll.asc
NCOLS 180 
NROWS 138 
XLLCORNER 32.989799842 
YLLCORNER 3.405012842 
CELLSIZE 0.0832742739222222 
NODATA_value -9999 
[rows 44 to 65 of 138, columns 0 to 50 of 180]
-9999 -9999 -9999 -9999 -9999 -9999 -9999 -9999 -9999 -9999 -9999 -9999 -9999 -9999 -9999 -9999 -9999 -9999 -9999 -9999 -9999 -9999 -9999 -9999 35.561292270532 34.8686594202897 37.0658212560404 37.4444444444471 33.8451086956491 33.1180555555555 36.6108091787442 36.5108695652184 36.5184178743964 36.0467995169081 35.5697463768104 33.1974637681118 37.1443236714956 34.5108695652175 36.923007246377 36.6304347826088 34.8559782608719 26.758756038647 31.4528985507248 24.5244565217382 23.9136473429915 26.0615942028984 23.500905797101 19.1805555555557 20.4658816425105 24.9538043478255 26.2521135265605
-9999 -9999 -9999 -9999 -9999 -9999 -9999 -9999 -9999 -9999 -9999 -9999 -9999 -9999 -9999 -9999 -9999 -9999 -9999 -9999 -9999 -9999 -9999 -9999 38.8445048309169 39.6784420289852 36.8922101449267 36.8073671497604 36.0362318840588 36.4148550724626 33.3472222222213 39.4565217391298 36.3858695652183 38.8414855072459 34.2889492753649 37.0573671497604 39.942632850243 38.0833333333345 36.6189613526575 33.3245772946869 32.288043478258 29.1092995169086 24.5431763285013 22.7635869565236 26.6491545893661 29.2315821256013 23.5697463768108 24.0824275362319 24.3076690821299 25.8668478260854 24.3695652173895
-9999 -9999 -9999 -9999 -9999 -9999 -9999 -9999 -9999 -9999 -9999 -9999 -9999 -9999 -9999 -9999 -9999 -9999 -9999 -9999 -9999 -9999 -9999 36.5416666666638 39.9130434782597 39.4565217391298 37.4770531400965 40.2720410628001 42.0969202898532 37.2327898550734 36.0492149758444 31.5788043478257 36.7273550724646 37.0259661835741 35.9130434782597 30.5265700483117 30.6784420289856 36.0452898550731 31.2484903381625 28.2726449275364 32.1711956521729 25.4565217391298 26.3019323671472 32.0715579710138 28.4260265700481 32.1334541062789 28.2590579710147 27.5277777777781 29.3867753623195 29.4755434782605 28.4018719806734
-9999 -9999 -9999 -9999 -9999 -9999 -9999 -9999 -9999 -9999 -9999 -9999 -9999 -9999 -9999 -9999 -9999 -9999 -9999 -9999 -9999 -9999 -9999 38.52234299517 44.1890096618355 41.9021739130435 -9999 41 33.5534420289843 36.6304347826088 40.9580314009655 38.1168478260876 41.1050724637684 36.8514492753623 37.0887681159449 36.6407004830928 36.1899154589364 35.9193840579708 29.9839975845416 29.4151570048335 27.7635869565228 27.3052536231867 31.2013888888895 28.2137681159432 27.23822463769 29.6714975845403 25 27.7391304347825 29.8188405797088 25.1250000000017 26.9027777777753
-9999 -9999 -9999 -9999 -9999 -9999 -9999 -9999 -9999 -9999 -9999 -9999 -9999 -9999 -9999 -9999 -9999 -9999 36.2847222222229 37.2527173913044 -9999 -9999 -9999 37.7376207729453 39.7684178743958 40.4320652173918 36.6410024154538 40.5464975845428 42.0824275362315 41.2590579710146 40.6192632850238 37.6603260869566 40.3632246376793 34.4305555555557 37.3885869565195 39.8547705314004 38.6313405797119 36.3423913043491 26.3088768115941 33.691727053138 29.2364130434798 28.7750603864751 33.2542270531418 29.2001811594204 29.3792270531203 27.1400966183569 25.1340579710129 26.1246980676317 27.5646135265721 26.0190217391305 25.0126811594155
-9999 -9999 -9999 -9999 -9999 -9999 -9999 -9999 -9999 -9999 -9999 -9999 -9999 -9999 -9999 -9999 -9999 33.0250603864758 42.6059782608691 44.0199275362296 36.6020531400976 -9999 36.6141304347795 34.8212560386485 41.8623188405804 39.3097826086958 38.1899154589388 42.1956521739132 42.057065217391 42.7001811594196 37.0558574879195 34.6358695652179 37.7152777777787 37 38.6313405797079 40.2798913043467 33.413647342992 29.9936594202911 29.4012681159413 33.6099033816402 33.048913043479 21.7983091787436 29.1156400966197 25.4873188405804 28.228864734307 27.4202898550709 24.6820652173915 24.9646739130434 25.1358695652184 23.3831521739098 24.7083333333259
-9999 -9999 -9999 -9999 -9999 -9999 -9999 -9999 -9999 -9999 -9999 -9999 -9999 -9999 -9999 -9999 39.1757246376818 38.2792874396207 41.0015096618359 42.8586956521729 41.79015700483 37.9230072463761 42.6548913043505 40.3644323671517 38.0914855072461 37.0226449275364 42.801328502415 45.2352053140107 41.6603260869535 41.9260265700479 39.6905193236726 34.8016304347841 27.9139492753621 31.031702898551 38 38.380434782607 34.9224033816457 35.665760869567 36.9230072463775 33.4450483091784 36.665760869567 21.0377415458938 21.7499999999997 25.6766304347818 25.0138888889002 18 21.5117753623201 19.6331521739133 18 18.8777173913035 19
-9999 -9999 -9999 -9999 -9999 -9999 -9999 -9999 -9999 -9999 -9999 -9999 -9999 -9999 -9999 -9999 35.9800724637687 41.9779589371986 38.986413043477 41.9791666666672 42.2255434782699 45.0951086956513 42.1277173913025 43.6760265700469 43.625 42.2038043478263 39.0217391304342 38.0102657004828 40.3007246376792 39.01479468599 37.3840579710126 36.6195652173919 28.5842391304342 30.1328502415457 26.5652173913008 36.5573671497587 31.9411231884105 33.8849637681156 30.7312801932372 35.5842391304362 36.4456521739096 37.6452294686002 34.1277173912995 39.1249999999983 35.9942632850242 21.2143719806764 19.7835144927544 20.5954106280201 13.8689613526589 20.595108695648 17
-9999 -9999 -9999 -9999 -9999 -9999 -9999 -9999 -9999 -9999 -9999 -9999 -9999 -9999 -9999 32 30.2735507246389 40.9852053140082 39.9217995169069 42.0389492753628 41.8743961352629 41.7862318840607 42.8831521739146 40.009963768116 40.0117753623189 37.298007246377 34.4625603864692 36.4933574879252 38.3378623188389 35.9347826086956 37 36.6250000000004 34.9085144927535 31.4024758454108 44.0072463768066 39.9664855072463 36.0317028985509 35.7989130434781 38 38.5455917874405 39.4076086956509 36.7569444444428 37.7013888888881 37.3650362318846 34.8695652173912 35.6775362318825 15.9755434782607 15.428442028985 21.2626811594128 24.5108695652124 26.9858091787468
-9999 -9999 -9999 -9999 -9999 -9999 -9999 -9999 -9999 -9999 -9999 -9999 -9999 -9999 -9999 -9999 36.3523550724652 40.0235507246399 39.1521739130438 40.8541666666664 40.5392512077277 35.6977657004843 39.6467391304358 45.6717995169067 39.1805555555557 34.4809782608704 33.6567028985535 41.1766304347792 38.505434782612 37.1672705314004 38.6527777777787 37.1277173913032 31.3900966183605 32.9344806763283 36.6938405797077 41.490640096614 36.5416666666604 29.5407608695649 33.5314009661838 40.0295893719811 37.3532608695617 34.2478864734286 35.0549516908211 37.5371376811587 38.5120772946822 32.2001811594198 30.7916666666672 27.4583333333339 23.2379227053178 22.0081521739114 34.8182367149747
-9999 -9999 -9999 -9999 -9999 -9999 -9999 -9999 -9999 -9999 -9999 -9999 -9999 -9999 -9999 -9999 42.3125000000009 44.2463768115948 39.4954710144941 42 39.3251811594241 39.8288043478277 37.9157608695632 39.4785628019323 41.8194444444443 36.0498188405797 39.7608695652175 39.8798309178762 41.3442028985472 39.7608695652175 38.0830314009659 37.0543478260879 36.184480676331 34.897041062802 37.7146739130369 37.5350241545927 38.746376811593 36.1096014492751 28.7448671497581 33.0446859903358 36.0760869565227 39.5612922705308 38.2391304347825 40.8306159420292 31.0631038647354 36.475241545893 37.1548913043491 33.3487318840576 38.3623188405825 25.9809782608727 35.7841183574886
-9999 -9999 -9999 -9999 -9999 -9999 -9999 -9999 -9999 -9999 -9999 -9999 -9999 -9999 -9999 -9999 39.5489130434815 44.6878019323683 37.6693840579704 32.3197463768108 35.2792874396116 42.6083937198072 34.9592391304353 39.375905797102 41.4933574879223 40.3931159420287 37.2361111111132 42.9942632850243 38.3713768115922 36.9583333333328 38.9003623188399 34.3858695652155 38.9365942028991 40.3837560386471 37.6639492753623 38.4861111111098 38.9797705314027 31.6521739130438 33.6739130434781 34.4024758454112 38.5869565217379 31.2339975845404 35.3260869565219 38.192028985506 39.5739734299571 39.4248188405792 38.4429347826103 34.5522342995166 38.4679951690853 37.7119565217351 37.6400966183565
-9999 -9999 -9999 -9999 -9999 -9999 -9999 -9999 -9999 -9999 -9999 -9999 -9999 -9999 -9999 -9999 43 43.6008454106297 34.5984299516922 30.7916666666656 32.2720410628071 41.5102657004818 38 37.9368961352654 39.7201086956513 36.9773550724622 43.5869565217395 44.4130434782605 32.7047101449254 34.9064009661837 36.1434178743956 41.7635869565236 37.1944444444426 36.4305555555557 38.4130434782605 39.7877415458933 39.7146739130421 33.1893115942025 40.3955314009653 39.7533212560384 39.4048913043504 30.7303743961351 33.4130434782605 31.7074275362324 27.7016908212662 36.1385869565215 33.3786231884067 35.2638888888885 40.6733091787458 42.9483695652167 36.3934178743991
-9999 -9999 -9999 -9999 -9999 -9999 -9999 -9999 -9999 -9999 -9999 -9999 -9999 -9999 -9999 -9999 42.5625000000017 43.4999999999974 40.5000000000009 32.5000000000009 39.2430555555668 40.9513888888896 41.6874999999984 37.9999999999997 42.3194444444434 37.4999999999995 40.4999999999996 39.3680555555555 40.4374999999975 37.0416666666684 40.8472222222204 37.6875000000003 40.5000000000002 36.7847222222227 38.7291666666686 36.0138888888911 41.013888888886 38.0833333333354 40.7847222222208 29.4027777777767 30 31.3263888888899 31.8194444444445 31.4375000000011 29.6319444444474 33.3819444444445 32.9791666666674 30.2291666666671 32.5000000000006 32.5625000000035 36.2569444444391
-9999 -9999 -9999 -9999 -9999 -9999 -9999 -9999 -9999 -9999 -9999 -9999 -9999 -9999 -9999 42.9592391304349 42.2219202898564 41.0359299516942 29.6319444444482 31.3541666666664 33.7832125603951 36.1168478260865 39.7228260869588 45.0631038647348 41.5555555555552 40.6213768115949 37.6606280193184 44.2771739130417 42.1204710144921 40.3442028985492 40.3831521739133 40.184782608697 39.9477657004813 39.1603260869572 40 35.2853260869555 33.0730676328518 37.8260869565228 33.4130434782614 32.0102657004847 32.1494565217405 30.7303743961345 35.4685990338168 30.11775362319 29.6959541062818 32.8049516908214 27.4646739130434 29.519021739131 26.8294082125559 39.5597826086981 39.5673309178788
-9999 -9999 -9999 -9999 -9999 -9999 -9999 -9999 -9999 -9999 -9999 -9999 -9999 -9999 40.7711352657028 41.1654589371981 45.4375000000017 40.9785628019329 32.0271739130461 35.923913043478 33.3019323671489 32.2943840579715 36.7146739130428 39.8472222222213 40.6150362318838 34.4664855072466 43.3146135265706 40.0621980676317 40.2916666666648 40.097524154589 40.7877415458939 41.6250000000004 38.7373188405789 39.964070048309 39.308876811596 33.5356280193244 38.3275966183588 39.0271739130439 32.1856884057971 31.9365942028978 33.7961956521732 32.2053140096625 31.5694444444433 32.1014492753624 29.4960748792237 28.8408816425125 28.8822463768108 33.1627415458944 33.6023550724649 30.7146739130439 32.3698671497608
-9999 -9999 -9999 -9999 -9999 -9999 -9999 -9999 -9999 -9999 -9999 -9999 -9999 -9999 38.6422101449309 40.8831521739129 44.7391304347825 38.4888285024162 41.7503019323663 35.4583333333328 34.0123792270552 36.852053140098 36.9048913043491 46.2593599033786 40.5060386473431 30.8106884057973 29.2955917874399 32.5775966183592 39.0525362318824 40.4353864734302 40.328804347824 40.5353260869571 44.3580917874388 41.0332125603864 37.2391304347825 40.5072463768123 37.8547705314013 41.1530797101453 33.6724033816423 30.857185990338 30.7635869565202 32.4900362318865 30.8372584541066 28.7780797101444 28.4471618357476 36 31.7916666666672 31.6156400966182 28.5948067632841 29.5788043478273 31.6929347826133
-9999 -9999 -9999 -9999 -9999 -9999 -9999 -9999 -9999 -9999 -9999 -9999 -9999 -9999 46.164855072468 41.6579106280203 42.5208333333328 42.8339371980668 40.1446256038635 38.9936594202898 36.0694444444477 34.2346014492741 31.9130434782619 28.9767512077294 30.6663647342991 30.8559782608684 30.6476449275348 34.7829106280249 32.7083333333352 37.4867149758455 44.2315821256039 40.2228260869566 42.5972222222213 39.695652173914 38.8496376811642 41.2261473429943 40 36 29.2261473429959 30.1225845410621 27.4320652173892 34.3408816425116 28.7309782608683 30.0126811594188 30.152173913043 37.4362922705306 37.847826086957 37.3894927536237 28.1515700483107 30.0923913043439 29.2198067632863
-9999 -9999 -9999 -9999 -9999 -9999 -9999 -9999 -9999 -9999 -9999 -9999 -9999 43.8152173913078 44.6687801932316 42.0606884057972 43.0389492753629 37.9990942028985 41.9861111111098 31.8777173913044 32.532910628044 35.0588768115943 32.9918478260871 31.3707729468618 29.6506642512074 30.9619565217391 32.3013285024176 35.917572463768 36.921195652179 34.5320048309175 35.4797705314018 34.2690217391299 42.0516304347825 38.3743961352658 42 37.5848429951679 42.3891908212579 31.0353260869566 31.6352657004834 31.8182367149773 35.543478260871 29.1077898550726 35 32.3677536231892 38.0172101449279 39.6488526570052 34.1947463768111 35.1923309178746 32.3484299516885 24.8858695652176 29.1497584541085
-9999 -9999 -9999 -9999 -9999 -9999 -9999 -9999 -9999 -9999 -9999 -9999 -9999 39.0407608695658 41.8852657004805 39.0477053140092 35.9374999999992 32.0489130434811 33.9510869565189 33.9782608695649 35.0709541062835 35.1684782608674 35.122282608694 34.6977657004813 30.7838164251201 32.9827898550722 30.5054347826132 34.7635869565208 34 33.9704106280189 37.0208333333337 30.6603260869574 44.3680555555561 40.4553140096624 39.0217391304351 34.4867149758442 42.4867149758474 41.011775362319 38.9876207729467 39.3940217391293 37.986413043478 40.0368357487927 34.9565217391298 38.9628623188401 35.2856280193287 36.2412439613522 30.0317028985511 35.4227053140086 28.1494565217367 23.247282608699 25.1509661835792
-9999 -9999 -9999 -9999 -9999 -9999 -9999 -9999 -9999 -9999 -9999 -9999 -9999 40.9972826086969 39.7074275362274 35.7826086956526 32.2038043478255 40.7672101449265 38.9692028985478 31.2545289855073 35.9698067632784 33.282004830916 38.2364130434811 35.1470410628038 31.6413043478263 36.6195652173915 32 37.4190821256067 33.1086956521737 34.3934178743958 38.4891304347816 34.6657608695655 37.5446859903417 34.4607487922706 45.1086956521737 37.052838164251 41.1086956521737 32.3740942028994 41.5075483091787 40.4676932367139 36.2663043478246 36.0709541062802 37.3152173913044 37.0317028985507 40.1570048309048 37.5721618357496 34.1856884057966 34.1805555555557 29.2007850241544 26.1548913043516 -9999
-9999 -9999 -9999 -9999 -9999 -9999 -9999 -9999 -9999 -9999 -9999 -9999 -9999 44.8722826086859 35.5869565217369 30.5597826086936 34.7545289855073 34.396135265701 34.1817632850221 31.0416666666672 29.3913043478246 32.3900966183548 32.8750000000017 34.6814613526569 33.9849033816434 33.068840579709 30.3227657004882 30.9483695652173 30.9184782608692 31.1425120772932 34.5190217391287 32.7989130434774 46.8043478260877 37.3073671497575 38.1956521739123 41.7149758454117 39.2904589372009 29.6530797101488 33.2623792270542 32.4408212560378 30.2961956521691 43.5929951690829 37.876207729467 34.6259057971006 33.2306763284977 38.7249396135249 40 35 36 22.8505434782589 -9999
