rasters/Ethiopia_bio4.asc
NCOLS 180 
NROWS 138 
XLLCORNER 32.989799842 
YLLCORNER 3.405012842 
CELLSIZE 0.0832742739222222 
NODATA_value -3.4e+38 
[rows 110 to 131 of 138, columns 49 to 97 of 180]
112.855934143066 118.119583129883 112.59447479248 106.664970397949 108.39266204834 104.791091918945 103.05672454834 100.856597900391 98.7665328979492 87.9418106079102 84.1855316162109 76.5564270019531 71.5674667358398 70.1622467041016 82.4389114379883 73.402473449707 73.0688323974609 68.5486831665039 68.4766998291016 66.8593597412109 65.6513137817383 65.2766342163086 67.4451293945312 69.1720809936523 69.5054244995117 71.3607864379883 73.1681518554688 73.2107009887695 75.9801330566406 75.977424621582 76.549934387207 78.5157775878906 74.3746795654297 74.843879699707 75.9873428344727 74.385856628418 72.1255264282227 73.0408706665039 73.5218505859375 74.4953231811523 77.1072692871094 79.4277954101562 78.372200012207 78.0389862060547 77.6898880004883 76.9373321533203 77.2032623291016 78.8778457641602 79.9132537841797
116.730041503906 114.558036804199 104.932327270508 109.439804077148 114.415336608887 110.526519775391 110.78246307373 110.892974853516 109.054847717285 99.2729187011719 87.6266174316406 80.3055648803711 81.5738677978516 85.9390182495117 82.0684432983398 75.3911819458008 76.9513931274414 80.8091583251953 76.3397521972656 74.5795288085938 70.9903106689453 71.5919189453125 73.8951644897461 70.5498733520508 71.6768951416016 76.750617980957 76.4429473876953 75.1547088623047 78.4165573120117 76.8670043945312 77.2824935913086 79.7712020874023 77.8252029418945 76.5492324829102 77.5985260009766 78.1758804321289 76.9211196899414 78.1501693725586 77.6686096191406 76.0781860351562 77.2500076293945 81.0756683349609 81.8825454711914 79.7766494750977 77.9475784301758 78.2329711914062 80.0066375732422 81.5055084228516 81.3761520385742
119.164009094238 111.852500915527 99.0133666992188 125.140640258789 122.10538482666 121.010406494141 121.292098999023 115.302368164062 120.462799072266 117.592323303223 106.09342956543 102.888549804688 94.0393600463867 91.7961578369141 86.6788177490234 80.8711471557617 84.6329650878906 84.0422592163086 84.0440444946289 84.2431488037109 78.8510665893555 79.3302612304688 78.3620452880859 74.0716552734375 73.6952285766602 81.2244415283203 83.6496353149414 79.4544525146484 81.149658203125 82.0396575927734 84.0216827392578 84.9919586181641 84.5001220703125 81.485481262207 79.1624526977539 80.7489852905273 81.1389617919922 81.5416488647461 82.6193161010742 81.5819473266602 79.7050094604492 81.8368988037109 81.0312805175781 79.2337417602539 80.7125244140625 82.5866622924805 82.1750946044922 83.0851058959961 82.5706481933594
121.004348754883 124.880531311035 128.452423095703 131.36784362793 127.391784667969 130.350830078125 122.64128112793 117.54443359375 132.998718261719 133.880996704102 137.681732177734 121.134094238281 104.239395141602 94.2857055664062 90.5327529907227 86.6992797851562 87.3616409301758 85.6670303344727 86.6252059936523 88.0976181030273 81.8043060302734 82.6886215209961 82.6952209472656 82.6681289672852 81.6532821655273 89.0283889770508 89.9446716308594 86.4087371826172 87.3630599975586 87.2731628417969 87.0697937011719 89.4268112182617 89.6465377807617 88.5590133666992 86.8349609375 85.5546493530273 85.8630828857422 86.6129684448242 86.0114135742188 85.6379089355469 84.3839263916016 82.1715316772461 80.9946746826172 81.7811889648438 83.4684829711914 84.2470550537109 83.93017578125 84.4371337890625 82.6123809814453
119.66576385498 130.49821472168 133.807968139648 137.649551391602 139.648147583008 132.369232177734 120.641944885254 121.414962768555 134.647186279297 133.307952880859 151.344467163086 127.432746887207 112.953773498535 97.9090270996094 93.9091644287109 91.7906036376953 91.1273880004883 91.2691802978516 91.3591918945312 90.9692459106445 87.8273162841797 85.9669418334961 86.5116500854492 90.5978012084961 93.1270446777344 97.1194686889648 93.5258102416992 91.4958419799805 93.2637557983398 93.5843811035156 92.5170135498047 96.7195816040039 96.0627212524414 91.0039520263672 91.9235763549805 91.63330078125 90.773307800293 89.7984237670898 87.7711715698242 86.0634689331055 84.5892562866211 83.4056396484375 83.799934387207 83.8614273071289 84.7341613769531 84.8484497070312 85.0046081542969 84.9938354492188 84.0239791870117
114.020751953125 129.24365234375 136.463760375977 137.341201782227 143.341094970703 138.47541809082 121.410316467285 126.384727478027 133.329513549805 132.725311279297 134.356338500977 126.478179931641 118.939010620117 104.768707275391 99.3011703491211 96.5973434448242 94.9160003662109 94.6539001464844 94.895866394043 95.1987991333008 94.5337600708008 90.9652786254883 89.6930084228516 94.9158477783203 98.709602355957 100.360313415527 99.3938522338867 99.1383438110352 98.6801605224609 99.8970108032227 100.110702514648 100.109413146973 98.9061660766602 93.2681350708008 92.3119964599609 91.853401184082 91.2065505981445 89.94921875 89.3632049560547 87.5985107421875 85.5911636352539 84.4576263427734 86.7548294067383 88.4517669677734 88.4865188598633 87.9873123168945 88.2177734375 87.2610473632812 85.1795120239258
114.915809631348 129.225799560547 134.314010620117 137.312911987305 133.798217773438 133.370910644531 122.717697143555 129.01579284668 139.498840332031 137.688751220703 133.600936889648 126.909362792969 118.415458679199 111.215827941895 105.58088684082 100.424964904785 97.8844375610352 99.1894760131836 99.4597244262695 100.209434509277 100.265190124512 97.9615249633789 94.6516265869141 98.9617309570312 101.419578552246 101.693168640137 102.777526855469 102.808158874512 103.764030456543 103.882148742676 103.409484863281 101.901245117188 100.522331237793 97.4985427856445 96.2611923217773 95.3753280639648 93.9757537841797 91.6260223388672 90.2862167358398 88.9177703857422 88.3939361572266 87.5153656005859 88.6139068603516 89.5181045532227 91.4420471191406 89.4961471557617 86.750129699707 85.5071029663086 84.5052032470703
126.868148803711 139.824371337891 144.124954223633 141.310775756836 137.16650390625 142.907592773438 127.274185180664 128.28450012207 142.741195678711 142.186599731445 133.811508178711 127.15315246582 119.63094329834 113.432754516602 108.639625549316 103.960006713867 102.450706481934 102.404716491699 102.818481445312 104.013816833496 103.90714263916 102.29362487793 101.860321044922 103.997734069824 104.010093688965 104.47730255127 105.357147216797 105.71923828125 108.468208312988 110.044784545898 108.948165893555 106.219497680664 105.234558105469 101.102966308594 99.2145004272461 96.6045303344727 95.7184371948242 94.7660522460938 93.4741287231445 92.0495910644531 94.2843856811523 93.0777893066406 90.8653411865234 88.2339935302734 88.8342132568359 89.0300674438477 85.8029251098633 85.8141555786133 88.1418533325195
132.478408813477 137.140350341797 144.851806640625 150.428329467773 150.995391845703 152.177520751953 135.011810302734 131.840484619141 138.600280761719 139.786590576172 132.101852416992 122.864822387695 118.090057373047 113.541084289551 109.738105773926 106.068840026855 104.879516601562 105.935340881348 105.622329711914 108.462791442871 106.777030944824 104.268768310547 104.933212280273 107.392349243164 106.691436767578 106.783309936523 106.604888916016 107.479507446289 112.878768920898 115.056922912598 114.299507141113 112.81372833252 109.685401916504 107.553092956543 104.187454223633 100.460731506348 98.6349182128906 96.5140686035156 95.7238159179688 94.8824081420898 95.5089111328125 95.0695266723633 92.7720108032227 90.5176010131836 88.1661758422852 88.84716796875 89.3008117675781 90.7379531860352 93.1563568115234
131.91911315918 133.530410766602 140.792999267578 147.569519042969 148.126510620117 146.146041870117 140.971221923828 132.919708251953 134.734298706055 138.542892456055 132.753646850586 123.064918518066 115.373397827148 112.78564453125 110.925559997559 109.959541320801 109.287231445312 109.266784667969 109.309234619141 110.252136230469 107.421936035156 106.569717407227 108.485633850098 110.506454467773 109.915336608887 109.952560424805 110.789978027344 110.516845703125 113.127670288086 117.040084838867 118.086006164551 117.090675354004 112.418685913086 108.426292419434 107.814720153809 104.77205657959 102.021362304688 99.5146560668945 97.8688507080078 98.8599472045898 97.5043258666992 96.3393096923828 94.9071350097656 94.5265121459961 92.5623321533203 93.7210006713867 93.627685546875 95.2302169799805 95.7340621948242
129.990325927734 135.114791870117 140.373977661133 145.238647460938 146.594161987305 144.947219848633 133.414901733398 131.737319946289 135.415710449219 136.419662475586 132.416534423828 127.333892822266 117.24934387207 113.742813110352 111.687812805176 111.823905944824 113.315673828125 113.402397155762 112.534736633301 111.041687011719 109.47811126709 108.34171295166 110.766151428223 112.004203796387 113.052703857422 112.912803649902 113.225036621094 112.533645629883 112.791854858398 113.771095275879 114.800987243652 113.01734161377 110.239448547363 108.977882385254 108.499298095703 107.175590515137 105.327362060547 101.908378601074 102.00244140625 102.19181060791 100.254669189453 98.8094787597656 98.0916061401367 98.0294799804688 95.2783355712891 94.4209976196289 94.5067596435547 95.3306579589844 96.1654739379883
129.913711547852 136.423583984375 138.429672241211 141.057342529297 141.675445556641 140.218460083008 132.71012878418 131.870254516602 135.820053100586 135.477325439453 131.325653076172 126.414100646973 121.406723022461 116.929588317871 113.626258850098 113.513778686523 115.150238037109 114.746490478516 113.118537902832 114.227340698242 114.665771484375 112.998474121094 114.160247802734 114.90837097168 116.095474243164 115.856269836426 116.48316192627 115.982437133789 115.214080810547 116.386459350586 117.83341217041 117.255935668945 115.071395874023 115.511672973633 114.662551879883 110.092971801758 107.655029296875 105.017356872559 106.178337097168 104.516410827637 103.545875549316 102.381492614746 99.7922210693359 101.387878417969 99.3772048950195 95.731689453125 94.1802825927734 93.9054336547852 93.3138198852539
125.191268920898 131.501663208008 134.900848388672 136.959060668945 136.127532958984 134.040283203125 132.152618408203 133.530410766602 135.339736938477 134.120895385742 131.61865234375 127.963722229004 123.968246459961 121.072006225586 115.484992980957 116.184364318848 117.490310668945 117.317245483398 118.146263122559 119.906997680664 122.316688537598 119.007148742676 116.615272521973 117.444343566895 118.52995300293 119.515975952148 120.182708740234 119.969566345215 119.697441101074 118.822212219238 120.068252563477 118.189224243164 115.871086120605 114.968841552734 113.715576171875 111.506172180176 108.407585144043 106.180381774902 105.622024536133 107.049392700195 106.383613586426 104.473197937012 100.888031005859 100.30899810791 102.349922180176 100.897911071777 97.3285903930664 95.9965896606445 96.6782760620117
124.622146606445 125.520469665527 128.364517211914 131.433792114258 131.003158569336 130.48649597168 131.546905517578 134.289108276367 134.876327514648 134.348419189453 133.694702148438 129.721176147461 126.330505371094 123.688537597656 118.010604858398 118.226577758789 120.160362243652 122.191848754883 122.693359375 121.693061828613 124.395904541016 123.664482116699 121.08536529541 121.197868347168 122.735389709473 122.471412658691 121.150253295898 120.197776794434 121.41902923584 120.610298156738 119.960914611816 118.393478393555 118.245590209961 116.082389831543 115.750968933105 114.37281036377 110.819328308105 108.034698486328 107.647834777832 107.606063842773 108.443305969238 107.834030151367 103.998382568359 102.951530456543 101.562385559082 102.864212036133 103.226997375488 102.179054260254 101.567436218262
126.168601989746 122.842041015625 124.476905822754 127.028907775879 127.870399475098 127.638282775879 128.591400146484 132.090148925781 134.502212524414 133.889236450195 133.238250732422 131.449905395508 127.653495788574 122.866539001465 119.690803527832 120.76481628418 122.002937316895 123.120666503906 126.252212524414 124.859916687012 125.332305908203 125.661903381348 125.386650085449 126.513031005859 126.515663146973 124.373413085938 122.654197692871 121.432815551758 122.283638000488 122.266380310059 120.456718444824 119.845520019531 119.167930603027 117.114120483398 116.551078796387 114.779739379883 111.979515075684 110.193176269531 109.625556945801 109.947769165039 110.336288452148 110.046607971191 106.489715576172 104.245880126953 102.805335998535 102.145446777344 103.527359008789 102.809112548828 103.561737060547
125.541511535645 121.45841217041 121.230659484863 122.452018737793 124.975601196289 125.401153564453 124.136474609375 127.672271728516 133.008682250977 135.214706420898 132.399566650391 128.977996826172 127.106140136719 122.47191619873 121.530097961426 122.721336364746 123.983337402344 125.599571228027 126.335800170898 127.55216217041 129.171401977539 129.068328857422 128.98616027832 130.162567138672 129.01057434082 127.531143188477 125.37491607666 124.207962036133 124.096351623535 125.727615356445 124.513450622559 122.704460144043 122.213439941406 121.649269104004 119.127159118652 115.80738067627 113.20386505127 112.439659118652 110.658721923828 110.923210144043 110.770294189453 110.828247070312 109.920440673828 106.87525177002 105.028663635254 105.587989807129 105.103340148926 102.483413696289 102.944358825684
123.587509155273 119.742683410645 119.617362976074 120.747169494629 121.672233581543 122.303176879883 121.68376159668 123.78148651123 128.434997558594 133.784103393555 130.657745361328 125.647796630859 125.213684082031 122.804298400879 122.986251831055 125.524482727051 126.126403808594 127.68839263916 127.57559967041 127.316886901855 130.748641967773 131.357116699219 130.792785644531 131.418807983398 131.429565429688 131.314483642578 129.165313720703 128.400741577148 127.125663757324 127.14852142334 125.81014251709 125.528244018555 125.574394226074 125.490013122559 123.02961730957 119.103828430176 116.876876831055 114.013290405273 111.926208496094 112.03636932373 112.211936950684 113.314262390137 112.129745483398 109.878059387207 106.908065795898 108.466888427734 107.581642150879 105.675964355469 104.308555603027
116.088157653809 115.849136352539 118.176559448242 120.34349822998 120.971633911133 120.666213989258 121.44548034668 124.235534667969 128.599609375 131.137939453125 128.120010375977 126.789627075195 124.808364868164 124.685043334961 125.470794677734 127.914421081543 128.511505126953 129.807662963867 129.998626708984 130.527572631836 132.781372070312 131.934173583984 132.172927856445 132.777282714844 132.6669921875 133.388885498047 131.796325683594 130.026641845703 129.278411865234 127.353851318359 125.370750427246 124.928810119629 125.756698608398 126.357879638672 125.933547973633 122.477424621582 119.845329284668 117.128730773926 114.960220336914 113.49275970459 113.371063232422 113.950645446777 115.311828613281 113.012344360352 109.706382751465 109.217651367188 110.037094116211 109.136581420898 105.778121948242
-3.4e+38 -3.4e+38 115.245429992676 118.685501098633 120.698455810547 122.489852905273 124.580169677734 128.326141357422 131.357406616211 130.232147216797 130.413192749023 126.917655944824 125.617774963379 125.644912719727 127.046836853027 130.140640258789 131.429428100586 132.589920043945 132.296859741211 133.371688842773 135.511947631836 134.303894042969 134.28857421875 135.984909057617 135.59651184082 135.62109375 134.078308105469 131.661514282227 130.370574951172 128.477844238281 126.215255737305 125.34831237793 124.863410949707 126.546112060547 127.223068237305 124.676620483398 122.166152954102 119.290252685547 117.282356262207 116.100624084473 115.579521179199 115.408195495605 -3.4e+38 -3.4e+38 -3.4e+38 109.541854858398 110.143653869629 108.589996337891 107.587684631348
-3.4e+38 -3.4e+38 -3.4e+38 117.727821350098 121.652709960938 124.427124023438 126.144584655762 129.695404052734 132.911834716797 131.020645141602 132.172653198242 130.343948364258 127.703178405762 129.288986206055 129.303771972656 132.980255126953 134.924652099609 137.561080932617 137.492202758789 136.430053710938 138.165969848633 139.34928894043 137.399536132812 139.873458862305 139.565155029297 139.96809387207 137.809707641602 135.671630859375 134.607299804688 133.172836303711 128.657104492188 126.560005187988 125.603775024414 126.811347961426 127.035064697266 126.494842529297 123.849433898926 120.249237060547 118.095977783203 117.479034423828 -3.4e+38 -3.4e+38 -3.4e+38 -3.4e+38 -3.4e+38 -3.4e+38 108.285194396973 108.143669128418 108.88850402832
-3.4e+38 -3.4e+38 -3.4e+38 -3.4e+38 -3.4e+38 124.733421325684 126.455070495605 129.119827270508 132.342361450195 132.623382568359 133.676864624023 135.990676879883 138.30989074707 135.530548095703 135.561096191406 135.778900146484 137.918182373047 141.061569213867 143.259521484375 142.497894287109 144.431716918945 147.326095581055 145.587051391602 146.513412475586 146.714172363281 146.496795654297 146.13557434082 143.158340454102 140.862701416016 139.838638305664 136.672561645508 131.505035400391 128.738098144531 126.543090820312 126.179901123047 126.511863708496 126.349472045898 -3.4e+38 -3.4e+38 -3.4e+38 -3.4e+38 -3.4e+38 -3.4e+38 -3.4e+38 -3.4e+38 -3.4e+38 -3.4e+38 -3.4e+38 108.051208496094
-3.4e+38 -3.4e+38 -3.4e+38 -3.4e+38 -3.4e+38 -3.4e+38 128.437774658203 131.134124755859 133.931488037109 135.554107666016 135.535781860352 135.228546142578 138.784896850586 140.403350830078 138.518753051758 138.470703125 141.312393188477 144.729629516602 147.580307006836 148.432006835938 151.90251159668 154.496826171875 156.985687255859 156.028854370117 154.728652954102 152.482360839844 151.978179931641 149.452072143555 143.959075927734 142.07878112793 137.727890014648 133.493453979492 130.337112426758 127.594024658203 125.87646484375 -3.4e+38 -3.4e+38 -3.4e+38 -3.4e+38 -3.4e+38 -3.4e+38 -3.4e+38 -3.4e+38 -3.4e+38 -3.4e+38 -3.4e+38 -3.4e+38 -3.4e+38 -3.4e+38
