rasters/Ethiopia_CLYPPT_M_sl2_250m_ll.asc
NCOLS 180 
NROWS 138 
XLLCORNER 32.989799842 
YLLCORNER 3.405012842 
CELLSIZE 0.0832742739222222 
NODATA_value -9999 
[rows 69 to 91 of 138, columns 0 to 50 of 180]
-9999 -9999 -9999 -9999 -9999 -9999 -9999 -9999 -9999 -9999 -9999 -9999 -9999 32.2934782608727 31.5878623188415 33.569142512077 32.0226449275348 33.0869565217386 39.4842995169111 36.9166666666655 40.5232487922648 38.8327294686002 34.2499999999966 37.7681159420266 41.9888285024149 40.0507246376808 39.1947463768121 41.4794685990341 41 38.661533816425 42.9205917874414 37.9673913043481 38.3677536231895 37.9284420289848 42.6195652173859 42.2219202898546 36.4861111111132 37.9492753623174 39.0374396135264 44.6754227053136 39.9945652173938 37 41.3698671497578 44.4166666666655 40.4900362318871 44.7179951690828 48.9311594202902 50.1092995169088 45.6225845410603 45.9320652173904 42.3251811594199
-9999 -9999 -9999 -9999 -9999 -9999 -9999 -9999 -9999 -9999 -9999 -9999 -9999 32.0679347826041 31 29.1524758454103 29.3695652173912 37.9701086956493 37.6304347826088 34.5624999999991 35.3439009661823 39.5893719806741 40.883152173911 40.6545893719785 41.242149758454 43 43.866545893722 41.4640700483084 44.0751811594181 39.6458333333336 39.6751207729487 42.6250000000004 43.8179347826074 38.7285628019322 43.0307971014472 42.0733695652191 39.7038043478232 37.3722826086965 38.0875603864732 39.3695652173912 39.9510869565245 43.196557971013 44.2955917874398 50.5226449275361 47.3952294685948 45.3695652173912 46.076992753623 45.7442632850244 42.9435386473439 43.4266304347799 44.5640096618406
-9999 -9999 -9999 -9999 -9999 -9999 -9999 -9999 -9999 -9999 -9999 -9999 -9999 29.6277173913052 29.6751207729454 30.1633454106288 31.9818840579708 27.9960748792267 39.2647946859891 37.5923913043457 35.995169082138 38.2219202898529 44.1249999999983 44.3248792270532 45.5368357487916 41.3876811594195 42.8372584541092 43.2641908212535 45.2001811594211 36.0132850241536 44.0981280193236 40.8940217391304 42.0549516908208 40.0392512077294 44.4945652173863 40.6512681159432 36 36.4583333333328 37.5914855072468 36 38.4320652173888 39.5329106280183 45.5416666666657 45.6920289855081 42.2080314009652 38.8635265700503 42.1621376811608 43.2315821256042 45.6509661835756 46.9320652173937 41.9027777777753
-9999 -9999 -9999 -9999 -9999 -9999 -9999 -9999 -9999 -9999 -9999 -9999 -9999 35.1494565217372 32.9027777777753 30.1820652173922 29.2038043478272 28.399758454109 30.3858695652188 34.9456521739141 35.9169685990299 33.9607487922679 36.1195652173935 41.802838164255 43.8698671497592 48.7056159420294 43.8158212560367 35.195652173914 42.9293478260915 36.681763285026 40.118055555556 43.195652173914 43.4803743961339 45.195652173914 42 41.1506642512133 39.5138888888868 43.5253623188408 38 36.2336956521755 36.0733695652174 33.4308574879197 43.5474033816411 42.6268115942022 39.804347826086 42.1089975845434 45.6494565217373 41.9797705314015 41.0371376811504 44.7336956521737 38.1162439613557
-9999 -9999 -9999 -9999 -9999 -9999 -9999 -9999 -9999 -9999 -9999 -9999 -9999 37.0135869565215 32.9133454106258 32.8294082125608 29.25 28.9861111111098 30.7826086956526 32.3333333333345 34.1237922705319 39.5341183574916 45 40.5229468599048 40.428140096618 45.3804347826084 39.9169685990342 44.862620772947 43.0769927536232 38.3541666666664 43.2019927536273 41.3722826086961 41.5111714975841 41.601147342995 36.9501811594201 41.1397946859878 42.3804347826105 43.5081521739123 40.9574275362309 38.7711352656991 38.8016304347841 39.9667874396134 42.3586956521745 44.8143115942033 44.2460748792271 44.8469202898555 42.1947463768113 43 44.3810386473384 47.3369565217334 44.5987318840537
-9999 -9999 -9999 -9999 -9999 -9999 -9999 -9999 -9999 -9999 -9999 -9999 -9999 36.2880434782581 37.9978864734299 31 31.9800724637679 29.0003019323672 32.0214371980679 32.1023550724651 36.8034420289786 40.6733091787462 44.2472826086922 46.3402777777734 46.744263285023 40.0045289855073 42.5163043478219 38.2958937198085 43 44.3124999999997 44.3396739130424 36.9782608695649 42 38.4522946859908 37.1032608695599 39.5138888888902 43.4643719806781 41.0416666666672 43.3870772946856 47.4245169082118 39.2798913043516 39.3472222222213 43.5815217391314 41.9121376811616 40.005736714976 44.9782608695649 34.4556159420284 42.992149758454 41.0150966183578 45.1576086956542 39.9027777777753
-9999 -9999 -9999 -9999 -9999 -9999 -9999 -9999 -9999 -9999 -9999 -9999 -9999 37.8695652173912 36.8439009661812 33.012983091787 31 29.0661231884059 30.9217995169069 38.0652173913044 38.0697463768118 43.2291666666671 47.7445652173929 51.0775966183583 49.5939009661833 37.7400362318839 37.9347826086956 44.2638888888902 40.2916666666648 42.342995169082 47.5250603864741 47.260869565217 43.6234903381634 44.6711956521733 41.4583333333362 44.4601449275324 40.9012681159421 43.6494565217407 42.5042270531399 45.4553140096606 42.7771739130481 39.7406400966193 35 37.3568840579716 39.9519927536235 41.0344202898552 45.7264492753629 44.7125603864732 47.002415458935 43.1168478260885 42.3698671497678
-9999 -9999 -9999 -9999 -9999 -9999 -9999 -9999 -9999 -9999 -9999 -9999 -9999 35.5108695652224 37.0295893719813 30.7783816425127 33.9583333333328 28.304347826086 41.2765700483056 33.035326086957 35.3420893719816 46.7653985507259 43.6603260869528 45.5655193236702 31.7626811594193 33.5054347826086 34.152173913043 37.2638888888902 45.9538043478313 44.7291666666667 44.7560386473461 42.3749999999996 37.0537439613503 39.5926932367149 36.3885869565244 41.8435990338165 46.0739734299518 48.2101449275349 48.9344806763287 49.152173913043 50.695652173914 41.8049516908217 35.5751811594202 37.4628623188404 38.4160628019366 40.4631642512093 40.6259057970999 40.9311594202909 44.4371980676359 41.9918478260893 43.095108695646
-9999 -9999 -9999 34.91394927536 -9999 33.6944444444426 32.5178140096621 32 -9999 -9999 -9999 -9999 35.4486714975886 36.3396739130421 36.2158816425114 32.9305555555557 31.2807971014497 30.7608695652175 27.5111714975838 32.0099637681161 35.5839371980723 40.1419082125612 40.9701086956526 36.5150966183577 37.7762681159418 33.9655797101451 37.2361111111132 40.7361111111098 33.4085144927538 42.3550724637684 41.6878019323669 43.5815217391309 38.4387077294655 43.0884661835752 48.5615942028943 45.6524758454119 46.2391304347825 49.6512681159424 49.5362318840579 48.0911835748774 49.910326086957 47.8339371980682 42.7213164251212 44.3170289855064 37.8179347826008 38.475241545893 44.4909420289854 40.6156400966182 40.9864130434735 45.3831521739114 42.2551328502412
-9999 -9999 31.7098429951687 33.1180555555532 36.7826086956508 27.3402777777784 28.5480072463758 32.8143115942034 29.7361111111098 29.994867149758 31.072463768116 32 36.4365942029041 34.209239130432 35.3140096618361 34 31.0271739130438 30.9719202898524 28 30.3677536231883 31.1388888888953 34.6739130434789 39.9184782608708 37.1527777777787 31.2672101449269 38.9320652173914 42.0899758454079 39.8439009661845 45.775362318841 44.5911835748811 46.4399154589383 42.4701086956531 43.4160628019357 38.0827294685979 42.9284420289922 46.4951690821251 40.8309178743948 46.8405797101445 44.8596014492756 44.5972222222233 48.3260869565211 46.1132246376806 42.5763888888879 45.1965579710151 43.3420893719814 40.8330314009667 43.2581521739127 40.3260869565211 44.778985507248 39.915760869564 40.9978864734297
-9999 -9999 31.2702294685998 31.4130434782605 30.8885869565233 35.2696256038649 30.9444444444443 30.3460144927537 34.4532004830893 34.5105676328496 32.0896739130424 32.4809782608697 34.7629830917876 29.7635869565196 34.0570652173928 29.4824879227048 36.1874999999983 30.1002415458954 29.6147342995199 31.9827898550722 36.6277173913066 32.0972222222213 31.6603260869559 33.1340579710125 43.9839975845399 44.4646739130437 47.3097826086934 42.6328502415466 40.4130434782605 41.1319444444443 44.7907608695651 47.5951086956516 49.2907608695631 45.2527173913046 40.0009057971027 39.9616545893723 42.6089975845421 36.7418478260865 40.8795289855071 40.3505434782617 40.9538043478276 40.5996376811598 44 46.5869565217395 45.8451086956493 38.2361111111106 45.4646739130441 48.8327294685979 41.197161835752 39.9266304347816 35.5860507246487
-9999 -9999 33.7847222222218 31 34.3125000000014 29.8263888888897 31.3402777777773 31.354166666667 31.2638888888902 30.8541666666652 31 35.9097222222223 29.4236111111116 28.6249999999989 31.597222222224 33.7777777777747 30.5208333333344 32.5138888888911 28.0347222222255 30.9583333333344 33.4999999999991 33.9027777777787 31.5625000000001 34.9236111111108 36.5902777777786 37.6041666666661 39.6180555555572 43.5000000000004 42.2916666666648 42.9791666666658 44.1527777777779 45.5624999999984 40.1041666666676 40.7847222222235 39.7708333333306 36.2430555555545 36.4722222222273 38.2708333333332 38.5000000000009 40.2013888888877 42.1250000000015 44.8263888888891 45.1805555555555 43.5000000000009 44.9999999999992 45.5000000000009 45.1041666666662 46.5902777777786 43.4236111111131 39.5625000000001 39.3541666666637
-9999 -9999 30.2566425120785 31 31.9347826086963 30.0658212560401 26.6005434782611 28.2925724637682 28.5869565217386 31.3746980676319 31.5869565217386 31.519021739131 33.4972826086963 30.6385869565206 32.4299516908221 29.9426328502416 30.058876811595 32.1714975845398 31.589371980676 29.0244565217394 31.6564009661863 30.9429347826093 30.8750000000017 33.5027173913053 40.2690217391299 36.6539855072471 36.5458937198061 35.8472222222235 38.3650362318854 42.2675120772944 40.3831521739133 42.788043478261 40.1065821256043 39.5558574879242 34.4012681159344 37.1277173913059 40.2853260869575 42.7309782608701 40.6083937198073 42.2261473429927 45.9347826086963 42.2940821256029 52.9580314009678 49.6123188405771 44.1778381642617 37.9408212560402 43.8795289855069 45.9933574879215 39.718599033812 36.7119565217403 40.6485507246341
-9999 28 30.8596014492756 31.5975241545896 31.9048913043456 32.8861714975828 27.6739130434789 30.8034420289849 33.4960748792267 33.7164855072489 29.2074275362335 32.5066425120768 36.049818840579 34.0842391304337 34.7056159420304 30.6965579710151 29.6875000000008 30 30.0184178743979 29.1114130434798 31.6044685990313 29.8710748792284 33.220108695655 32.6413043478237 37.0628019323675 41.2581521739125 35.3260869565211 38.6443236714954 35.719202898548 44.4371980676325 40.7871376811595 38.5298913043469 39.6742149758473 37.6162439613524 36.730072463765 38 43.3463164251197 43.2871376811573 46.7551328502409 46.4571256038657 50.4293478260892 47.9003623188402 50.041666666664 48.2463768115949 43.2992149758582 42.5147946859912 40.0679347826084 46.8194444444443 36.8819444444445 40.5271739130404 43.1627415458979
27.1162439613533 26 29.533514492754 31.4284420289853 32.1874999999952 29.3221618357489 25.6488526570046 32.7780797101446 29.7992149758445 31.8173309178741 30.8106884057967 32.066425120772 32.4187801932407 28.820652173912 32.4782608695658 31.2225241545897 30.729166666666 30.5495169082147 32.0244565217415 28.2192028985507 31.0694444444477 31.7101449275365 31.2092391304354 34.8339371980679 42.7409420289841 39.4936594202896 42.1089975845351 40 42.7780797101464 40.3254830917879 43.083031400966 40.4293478260878 38.2460748792233 36 41.7608695652171 35.4794685990318 41.3765096618362 43.3025362318843 45.4637681159422 39.9948671497573 40.092391304347 43.0317028985486 44.8372584541063 45.5253623188407 43.699879227044 46.7608695652171 36.730072463767 37.0942028985507 35.5214371980674 39.3505434782611 43.2318840579689
27.073973429952 27.0697463768117 28.6349637681158 29.4027777777787 30.942934782609 31.2515096618358 30.3194444444443 28.3170289855065 30.4405193236695 35.6243961352646 31.0072463768119 30.4178743961353 30.9767512077298 31.2581521739115 36.8626207729473 34.6711956521744 32.8414855072463 30.1521739130434 30.9957729468595 28.6249999999991 32.1416062801927 30.0147946859902 30.3695652173938 35 35.9027777777779 37.0452898550722 41.3756038647302 35.816425120772 40.2409420289849 40.8813405797102 42.0416666666638 41.1630434782597 38.0295893719804 38.7611714975847 37.3170289855063 40.1017512077319 37.5138888888868 38.5407608695647 41.6482487922707 39.0908816425122 36.1847826087012 40.2478864734289 45.2557367149756 43 44.3357487922738 44.3523550724633 34.1521739130434 35.2355072463762 39.4975845410613 38.5353260869596 42.4692028985548
-9999 -9999 -9999 30.1041666666673 31.0652173913048 31.3671497584534 32.0208333333335 30.9809782608694 30.0307971014493 30.6986714975846 32.1811594202892 32 26.9447463768111 31.2581521739096 29.9091183574857 32.7397342995164 29.9347826086952 27.9495772946869 31.9861111111098 30.9347826086952 33.0694444444477 28.0908816425111 30.570652173915 31.0323067632852 31.9882246376811 37.1947463768116 44.4127415458889 33.2466787439625 41.3840579710135 41.9556159420287 37 37.6494565217397 39.0652173913048 39.0555555555546 36.0706521739132 34.0259661835773 34.577294685989 38.5289855072464 42.129830917874 41.0389492753627 45.4157608695639 47.4797705314006 40.9764492753623 37.9456521739128 42.9655797101441 43.8291062801942 38.560688405797 45.1986714975848 47.9900362318842 47.7499999999966 44.391606280197
-9999 -9999 -9999 -9999 -9999 -9999 -9999 -9999 33.9942632850242 29.2361111111106 30.8179347826091 32.9604468599036 31.9749396135268 28.1059782608679 30.0217391304347 28.9088164251211 29.9583333333336 31.9432367149748 30.9785628019325 33.0407608695658 32.9073067632819 31.0217391304346 31.0244565217389 31.0335144927534 37.0099637681159 34.2038043478262 41.7741545893699 35.6721014492745 31.9936594202899 37.3342391304345 38.0416666666638 38.6331521739134 40.4070048309188 37.0030193236715 41.0498188405743 38.9788647342997 35.5033212560366 31.4701086956515 41.8393719806768 41.4027777777767 37.0054347826087 38.9064009661841 36.0809178743956 42.4103260869554 47.4344806763194 47.9782608695653 43.9827898550726 48.3710748792274 46.8538647343018 39.9972826086956 42.9978864734299
-9999 -9999 -9999 -9999 -9999 -9999 -9999 -9999 -9999 34.0256642512077 33 30.7826086956518 30.9187801932345 32 29 32.923007246377 29.0715579710142 29.1086956521741 35.093297101448 33.0045289855073 32.9305555555523 33.1856884057978 33.0163043478242 31.8472222222213 31.0392512077296 33.9139492753622 30.1086956521741 28 33.5833333333296 30.3173309178746 38.7992149758465 38.5978260869568 40.2385265700485 37.6162439613526 42.5914855072439 47.296497584542 43.5329106280226 40.5181159420267 40.338466183575 38.8913043478259 35.7364130434754 36.619565217392 44.4305555555541 43.9682971014491 43.8626207729461 50.1530797101442 46.6748188405792 48.5498188405792 47.7717391304366 44.5353260869599 44.0866545893742
-9999 -9999 -9999 -9999 -9999 -9999 -9999 -9999 -9999 -9999 -9999 36.4468599033825 33.1228864734283 28.9755434782612 30.1956521739135 32.8179347826082 34.3795289855054 34.8016304347819 34.2095410628037 30.1376811594199 31.9305555555523 32 32.0760869565206 32.8043478260865 32.8547705314009 36.1630434782614 33 33.5519323671512 35.3922101449301 36.6805555555557 35.1956521739135 35.8940217391314 42.6609299516906 44.4580314009658 43.4356884057946 39.9217995169098 38.2515096618428 40.2119565217398 44.7201086956515 44.9616545893691 47.8097826086935 47.7983091787444 42.4224033816408 34.9429347826084 42.4079106280235 44.0057367149768 41.8324275362324 44.391304347827 46.9272342995144 39.6820652173916 33.5114734299483
-9999 -9999 -9999 -9999 -9999 -9999 -9999 -9999 -9999 -9999 -9999 -9999 32.2826086956522 31.4076086956505 33.6074879227064 31.0890700483089 30.3007246376814 31.3004227053157 31.2886473429958 33.4882246376819 32.9698067632836 30.0972222222213 30.8423913043461 29.0431763285027 30.8704710144926 30.3414855072464 38 36.471920289856 33.6920289855065 31.7708333333335 33.3055555555574 35 42.8185386473419 45.1216787439614 43 44.5018115942031 42.9565217391271 40.6349637681159 45.5694444444443 46.0422705313997 42.5706521739072 42.988224637682 41.8076690821258 37.2826086956522 35.6243961352562 31.1440217391308 35.0579710144942 41.5320048309172 41.7376207729511 36.6820652173908 31.8055555555506
-9999 -9999 -9999 -9999 -9999 -9999 -9999 -9999 -9999 -9999 -9999 -9999 37.7907608695679 31.078804347825 32.3949275362325 31.6560990338164 33.2916666666672 31.6355676328508 29 30 29.6047705313999 31.0359299516905 32.323369565218 32.3695652173912 35.899758454106 38.4990942028985 37.2361111111132 33.7053140096646 30.4003623188385 31.050120772947 32.8940217391317 33.9565217391293 35.8949275362316 45.159118357488 42.2889492753641 42.1367753623248 44.334239130432 42 45.159118357488 42.3188405797095 36.217391304344 39.5464975845397 42.6210748792266 42.4456521739132 41.8131038647243 39.2496980676337 39.8704710144923 39.4362922705314 37.1253019323666 37.9538043478255 43.8722826086989
-9999 -9999 -9999 -9999 -9999 -9999 -9999 -9999 -9999 -9999 -9999 -9999 -9999 31.4864130434792 32.9027777777753 32.0809178743965 31.9773550724635 30.9936594202893 32 34.4411231884046 34 30.3336352657004 29.9429347826095 32.4737318840577 36.0824275362319 36.5253623188407 35.8052536231872 42 43.4882246376836 45.109601449276 41.2379227053123 41.2880434782601 43.2189009661842 44.942330917874 43.5434782608697 45.5012077294687 40.2496980676296 41.6168478260866 37.7578502415455 39.229468599036 36.2826086956513 40.920893719806 39.602355072464 43.1684782608698 42 35.6560990338172 42.86775362319 38.8508454106288 39.6829710144906 37.3994565217382 35.1500603864773
