rasters/Ethiopia_SNDPPT_M_sl2_250m_ll.asc
NCOLS 180 
NROWS 138 
XLLCORNER 32.989799842 
YLLCORNER 3.405012842 
CELLSIZE 0.0832742739222222 
NODATA_value -9999 
[rows 66 to 87 of 138, columns 102 to 152 of 180]
30.6944444444494 39.3043478260844 34.2276570048311 37.2092391304311 39.7409420289862 37.2590579710139 32.0791062801937 33.8469202898551 54.4085144927488 44.3888888888987 43.3885869565217 46.368961352657 47.1923309178742 45.5887681159398 36.4347826086965 48.3852657004838 40.6757246376809 37.1530797101419 36.8040458937187 39.6630434782604 42.2346014492757 41.647946859904 43.011775362319 46.2925724637687 42 -9999 -9999 -9999 -9999 -9999 -9999 -9999 -9999 -9999 -9999 -9999 -9999 -9999 -9999 -9999 -9999 -9999 -9999 -9999 -9999 -9999 -9999 -9999 -9999 -9999 -9999
39.9513888888868 43.1059782608753 37.2539251207736 33.4465579710179 43.5806159420292 47.8556763285027 40.3973429951717 37.6838768115924 50.1422101449583 50.3958333333292 49.5869565217429 53.320954106281 44.5301932367148 46.7237318840563 45.6304347826088 48.5748792270616 47.7373188405795 41.6971618357502 37.7907608695639 36.6847826086999 35.4054951690817 47.8309178743967 41.0153985507249 44.4302536231941 43.9963768115947 46 47.8916062801928 -9999 -9999 -9999 -9999 -9999 -9999 -9999 -9999 -9999 -9999 -9999 -9999 -9999 -9999 -9999 -9999 -9999 -9999 -9999 -9999 -9999 -9999 -9999 -9999
43.4640700483055 40.021739130435 35.8248792270505 35.3291062801876 40.9130434782614 46.7207125603868 46.290157004837 32.5434782608693 48.9846014492878 44.2895531400982 47.682065217392 50.5434782608693 47.2327898550719 42.3849637681154 50.8825483091796 44.3644323671529 52.5434782608693 45.0963164251337 43.622584541064 35.5326086956518 39.5519323671494 40.950785024155 42.5434782608693 42.9142512077301 45.4894323671451 48.8351449275383 51.1941425120765 49.3490338164199 -9999 -9999 -9999 -9999 -9999 -9999 -9999 -9999 -9999 -9999 -9999 -9999 -9999 -9999 -9999 -9999 -9999 -9999 -9999 -9999 -9999 -9999 -9999
49.109299516906 41.5434782608693 30.5003019323651 41.3728864734324 29.2092391304346 39.9577294685993 48.6355676328459 40.5434782608693 34.7400362318871 43.321557971003 52.7119565217369 39.384963768116 42.7587560386475 42.4882246376808 48.4794685990338 44.328200483091 34.7735507246376 40.6102053140109 40.7792874396147 42.4782608695707 44.5350241545892 45.4625603864736 44.5434782608693 44 41.079408212561 47.4791666666655 45.5057367149757 50.9214975845418 49.9320652173904 -9999 -9999 -9999 -9999 -9999 -9999 -9999 -9999 -9999 -9999 -9999 -9999 -9999 -9999 -9999 -9999 -9999 -9999 -9999 -9999 -9999 -9999
47.0223429951665 32.7690217391299 35.634057971014 39.4305555555538 38.6585144927532 48.7116545893721 45.1621376811572 38.1639492753637 34.6914251207801 41.2207125603873 40.4673913043483 38.5464975845397 41.3611111111115 33.000905797101 45.7998188405777 46.4722222222264 45.6304347826088 46.8913043478263 50.0923913043445 45.3179347826062 46.2916666666638 41.9562198067634 49.2971014492743 46.005132850242 46.6355676328495 46.7192028985503 47.2427536231886 49.8478260869562 50.5570652173955 50.6186594202858 -9999 -9999 -9999 -9999 -9999 -9999 -9999 -9999 -9999 -9999 -9999 -9999 -9999 -9999 -9999 -9999 -9999 -9999 -9999 -9999 -9999
40.7173913043474 34.6956521739158 37.233997584542 41.1431159420334 42.8605072463782 42.1573067632848 50.2548309178722 38.1059782608693 37.2092391304497 49.9667874396195 49.1983695652193 37.1615338164242 40.9631642512084 45.7998188405796 40.5277777777754 45.9070048309212 46.8505434782609 32.1295289855098 42.2826086956526 40.8423913043491 53.1579106280209 51.2503019323657 46.1494565217411 49.2826086956526 58.853562801933 53 51.2433574879232 60.2551328502413 50.9646739130429 55.6509661835756 52.9214975845424 53.552536231883 58 -9999 -9999 -9999 -9999 -9999 -9999 -9999 -9999 -9999 -9999 -9999 -9999 -9999 -9999 -9999 -9999 -9999 -9999
37.2195048309202 42.9402173913013 44.7940821256067 43.541968599033 42.5416666666672 47.3855676328501 44.5866545893714 36.6702898550732 37.413043478258 45.5972222222247 45.3016304347836 38.8879830917844 44.7107487922723 46.5262681159428 37.7566425120715 43.857789855079 43.1277173913045 51.608695652172 38.9870169082129 36.8940217391276 47.6099033816434 52.6790458937193 55.1875000000008 60.0329106280156 55.7596618357546 55.0416666666672 47.2937801932372 52 58.8749999999983 50.7113526570057 57 56.3269927536211 54.804347826086 62.1440217391309 60.861413043477 57.804347826086 -9999 -9999 -9999 -9999 -9999 -9999 -9999 -9999 -9999 -9999 -9999 -9999 -9999 -9999 -9999
42.5108695652158 37.2500000000034 39.2732487922731 40.7400362318857 48.9157608695666 47.4332729468603 43.9411231884055 35.8324275362322 40.1086956521737 44.9562198067636 38.1766304347821 37.3055555555574 43.3586956521737 47.3342391304364 35.819142512075 39.9426328502421 50.1630434782611 50.8913043478263 52.1361714975854 39.1385869565236 49.6642512077364 52.1086956521737 55.5027173913061 52.2173913043474 57.8882850241553 56.8913043478263 52.101147342995 53.1838768115989 55.1250000000017 54.0754830917878 55.1086956521737 59.0407608695653 58.7638888888894 58.6364734299541 61.4483695652227 60.5718599033821 57.5268719806751 62.8913043478263 63.9788647342993 -9999 -9999 -9999 -9999 -9999 -9999 -9999 -9999 -9999 -9999 -9999 -9999
36.624396135263 39.7364130434746 42.8227657004852 46.8487318840543 45.3650362318822 49.5190217391312 43.5640096618401 36.5516304347833 43.5911835748725 44.3592995169052 42.6114130434764 40.0141908212562 41.9444444444437 46.0153985507248 39.0217391304351 41.6711956521795 49.0389492753628 46.1805555555592 49.7478864734288 53.0027173913044 43.0951086956512 50.0591787439622 56.1259057971032 53.9924516908223 54.0003019323671 53.0389492753628 53.8885869565214 53.9048913043454 55.8749999999983 57 54.1905193236692 56.5661231884067 60.7358091787441 60 61.0153985507249 57.0286835748796 59.9924516908212 57.2309782608726 64.1684782608713 59 67.4900362318839 62.5522342995161 -9999 -9999 -9999 -9999 -9999 -9999 -9999 -9999 -9999
40.3254830917822 42.0896739130434 48.0262681159421 42.8016304347878 43.8514492753611 44.5138888888886 45.5455917874409 41.7264492753629 44.0280797101454 39.0652173913044 38.4157608695668 40.0226449275362 47 44.1249999999983 47.3599033816415 43.0498188405796 46.4927536231887 56.6388888888817 50.1527777777787 54.8913043478246 47.9936594202899 45.2089371980675 55.1693840579716 57.9208937198054 60.9963768115948 54.0208333333328 56.1301328502414 61.1944444444494 58.0489130434781 59.8596014492754 55.1068840579714 61.4547101449265 64.8197463768115 60.2466787439626 59.4356884058026 62.7013888888891 66.3671497584533 63.7663043478229 59.5069444444435 64.0652173913044 68.0833333333345 69.0039251207736 63.5196256038635 66.0896739130441 -9999 -9999 -9999 -9999 -9999 -9999 -9999
51.0048309178661 41.035326086953 44 43.3517512077322 44.6105072463758 42.6189613526573 47.8242753623171 44.1512681159402 45.1917270531489 46.5232487922688 37.7173913043479 39 49.4583333333334 44.152173913043 47.5999396135249 46.4326690821261 46.9438405797095 54.3061594202961 53.8472222222213 52.2961956521753 53.2599637681155 45.0694444444443 45.1458333333328 53.9903381642503 62.8242753623228 56.964673913043 55 59.0972222222247 55.1983695652149 59.6944444444494 61 60.8233695652178 69.20018115942 61.0721618357458 60.5688405797154 64.1186594202903 60.4993961352643 68.3206521739157 68 58.6560990338159 59.152173913043 63.5323067632858 73.4356884057985 64.2490942029007 66.3360507246382 65.8351449275377 73.6820652173897 -9999 -9999 -9999 -9999
44.8025362318916 42.1766304347834 41.7092391304365 42.4912439613553 43.6947463768126 39.0872584541062 42.211352657002 46.0199275362321 43.2391304347825 47.1636473429929 45.6711956521737 40.1560990338166 47.3194444444443 45.2219202898556 53.3592995169101 45.2391304347825 57.1585144927538 47.6234903381616 58.1663647342992 51.8505434782622 55.1926328502419 49.6551932367154 47.5317028985512 46.3586956521816 55.2602657004798 49.0317028985512 63.6416062801937 48.8795289855042 61.2934782608668 62.2028985507263 62.4429347826134 63.0498188405795 59.4187801932362 53.0631038647346 62.3559782608727 63.9175724637681 63.6778381642516 67.899456521736 68.4492753623182 59.1956521739123 68.7608695652175 52.8638285024167 64.8837560386477 65.3288043478279 65.5024154589367 68.0208333333347 62.1739130434858 67.1147342995175 66.7608695652175 72.2219202898537 -9999
43.0996376811576 50.6168478260879 49.7506038647366 45.4073067632856 41.5416666666672 41.5153985507255 41.7001811594235 46.8115942028976 44.5570652173833 46.0763888888916 42.5788043478268 41 47.1391908212568 50.0951086956522 50.2321859903406 48.3952294686027 52.792572463767 43.0588768115953 57.2025966183586 46.8342391304326 55.1316425120785 53.8605072463749 48.9864130434781 58.0138888888902 55.9815821256066 55.7291666666681 60.6271135265708 55.085748792265 54.361413043473 54.7551328502387 60.3306159420366 53.9827898550709 56.4852053140088 54.8134057971074 58.7192028985466 60.3330314009662 67.028079710143 68.4891304347838 61.9368961352629 63.1388888888885 62.5244565217369 65.1473429951678 63.4846014492739 58.2925724637735 59.0217391304368 73.4115338164269 60.5461956521783 68.5736714975845 56.0135869565219 60.4429347826092 66.3499396135327
50.1793478260842 47.4782608695648 41.4550120772969 40.7358091787371 47.496376811595 45.9269323671491 47.5138888888902 46.5416666666672 48.4879227053152 48.7297705314013 44.595108695655 41.0775966183564 45.4130434782605 47.4130434782605 50.5679347826078 54.6253019323638 48.0362318840581 47.9634661835771 46.0842391304348 56.4347826086957 43.8019323671456 52.0286835748791 52.621376811595 56.8366545893723 62.4130434782605 55.0172101449278 47.286231884058 60.6841787439642 58.690217391306 57.5027173913026 58.5869565217395 59.0226449275333 62.277173913043 64.2581521739118 64.2916666666638 48.0135869565211 64.0298913043467 63.4320652173925 65.7635869565222 61.3490338164255 60.9501811594209 44.563707729467 60.6868961352637 58.9547101449244 60.5694444444443 61.9272342995182 57.6249999999983 64.4130434782605 69.0135869565211 61.6567028985558 62.5277777777873
44.3263888888859 43.5624999999984 45.8958333333314 41.4305555555538 40.7708333333348 45.4999999999991 48.7569444444447 46.9166666666665 45.2847222222182 45.8055555555506 43.4999999999991 43.5208333333316 47.499999999998 50 45.1597222222228 49 46.8958333333334 41 46.4999999999992 53.9999999999987 55.3541666666689 48.9652777777779 51.0625000000009 52.0347222222255 55.9722222222281 52.4791666666672 52.5694444444418 55.0972222222247 54.9375000000007 49.0763888888878 57.5902777777789 58.4791666666686 52.3541666666657 64.1041666666683 65.0833333333278 66.3194444444437 59.1736111111086 45.7500000000032 55.0000000000017 59.8611111111108 60.3125000000012 48.2430555555561 65.4583333333294 62.5000000000009 64.354166666665 59.1041666666686 55.2499999999949 66.3263888888905 64.840277777777 70.3541666666658 63.3402777777657
43.0486111111061 40.779891304349 43.3786231884024 38.1388888888924 48.920289855073 43.6253019323678 48.9000603864745 46.5072463768117 47.3140096618381 48.8336352657013 48.4646739130462 47.4906400966172 45.8260869565228 46.1213768115942 41.3728864734284 54.6491545893746 48.0344202898563 38.1959541062806 45.7373188405844 50.1304347826073 55.3728864734308 46.9535024154586 45.0661231884067 45.0196256038666 50.1853864734272 49.3786231884058 55.0120772946859 51.0570652173927 56.9021739130389 60.8472222222247 60.4809782608707 61.449275362319 60.1385869565213 52.282910628019 61.1213768115976 55.493055555556 66.4190821256053 45.9864130434825 66.5169082125605 60.0573671497584 46.0344202898556 64.1114130434792 61.3236714975854 59.1141304347803 62 64.1560990338175 65.6331521739144 63.6527777777775 63.7741545893729 54.1204710144921 66.2638888888936
45.5606884057972 39.2500000000034 43.6742149758473 43.3260869565211 42 46.8414855072466 46.8324275362318 46.8505434782614 51.9547101449322 49.5975241545873 47.3831521739155 47.87922705314 44.6455314009653 41.8596014492756 45.9864130434803 53.2361111111132 42.9773550724627 54.3088768115872 44.8300120772966 46.7173913043492 51.967693236713 50.0920893719804 50 41 51.6645531400987 55.3958333333336 51 56.8372584541021 52.5054347826069 55.2264492753635 61.8961352657038 60.8641304347833 63.6868961352665 62.6817632850256 62 60.3260869565211 62.3260869565211 61.7961956521738 43.8819444444441 62.7596618357486 62 67.1600241545904 64.6724033816431 64.7110507246465 61.2792874396129 66.2626811594204 64.9048913043479 65.0135869565219 66.798309178744 64.7536231884042 60.153985507243
48.1310386473411 41.2391304347829 41.015700483094 40.672403381644 43 45.2179951690829 47.3620169082133 47.6476449275377 53.9667874396168 48.0963164251203 49.9402173913051 50.1080917874384 50.2807971014501 54.2916666666672 46.9444444444492 52.2330917874435 52.7608695652171 50.6974637681054 53.0498188405788 48.7608695652171 45.9260265700491 38.7804951690817 49.9067028985495 39.5250603864732 43.2496980676315 48.1557971014484 51.947161835749 55.3596014492787 44.2092391304346 52.0365338164246 57.623490338166 59.9963768115952 62.7143719806764 61.8623188405792 51.5307971014467 58.3215579710155 64.2225241545914 65.7608695652171 59.0673309178732 47.2349033816413 62.1096014492754 57.2681159420285 60.5150966183563 58.2889492753693 43.9752415458944 58.244263285023 62.9538043478252 61.2641908212561 64.6805555555557 62.9302536231888 58.9544082125691
35.9006642512081 45.6657608695707 40.4027777777787 42.7349033816406 46.2364130434779 41.8478260869566 47 51.3061594202893 50.5434782608697 51.4027777777753 51.9456521739097 48.5534420289864 50.4230072463766 51.8605072463762 49.6310386473402 48.7527173913096 52.1521739130434 50.5700483091763 50.9547101449293 51.9130434782597 46.3043478260868 53.8891908212554 44.2626811594196 55.3795289855063 47.3674516908117 48.6394927536247 54.2487922705311 56.3170289855114 55.7690217391273 53.7170893719876 56.0283816425095 54.5507246376816 49.8532608695648 60.5842391304319 60.7083333333362 49.7291666666668 58.4993961352647 59.8478260869566 56.6458333333323 61.0344202898553 55.1548913043485 57.5878623188403 61.6129227053142 63.2364130434808 67.243961352657 59.6458333333341 56.8505434782579 63 64.3743961352655 59.3994565217375 65.5842391304245
39 38.616847826088 48.3765096618365 46.3743961352638 44.6014492753632 46.9030797101442 47.579106280195 46.8695652173904 47.6071859903451 50.9737318840579 54.5842391304329 48.7832125603883 51.3429951690821 49.1304347826096 52.6228864734302 47.1802536231896 51.8188405797102 51.1068840579713 52.2403381642526 44.4293478260914 51.1304347826096 53.0003019323678 48.1693840579725 48.6636473429919 51.922705314011 51.2291666666693 43.414251207728 52.6289251207672 58.5624999999954 52.8571859903405 49.6207729468643 52.948369565217 55.4281400966186 60.1132246376819 62.2454710144894 51.7013888888892 49.5628019323679 60.089673913044 62.753019323674 65.7768719806761 67.0172101449272 63.0709541062815 50.4190821256093 51.0353260869566 56.5138888888896 59.8306159420278 59.1059782608702 55.6301328502411 59.2986111111108 59 59.2810990338216
36.609299516906 33.0163043478259 47.5754830917866 45.0217391304346 45.4365942028981 44.5132850241543 47 47.5951086956524 51.4429347826155 50.6494565217412 51.7934782608727 54.6243961352668 52.6875000000001 48.7581521739122 51.0102657004831 50.2309782608716 53.7961956521737 53.003925120773 43.028381642512 51.9782608695653 50 50.9797705314011 52.8541666666659 54.9426328502405 50.0096618357567 51 53.0461956521739 50.008152173916 48.8885869565198 53.9749396135268 56.3650362318788 54.4121376811583 62.2309782608691 65.279891304349 58.7019927536261 60.6440217391308 57.6017512077307 62.3831521739112 65.9695048309181 63.5477053140096 72.4483695652169 58.5078502415461 58.4972826086943 56.938405797107 59.0310990338162 60.0087560386473 58.4021739130449 59.0217391304346 58.0226449275361 53.322463768114 55.2696256038695
34.3472222222247 35.1820652173944 42.6410024154582 47.9381038647315 44.591485507247 44 45.4302536231868 50.9411231884056 50.3245772946588 54.7059178743988 55.7826086956518 53.3055555555575 52.0739734299519 50.3686594202905 51.2460748792274 49.7913647343057 43.1086956521741 50.9607487922697 48.8746980676325 52.9048913043478 49.8913043478259 51.8218599033816 52.1413043478267 54.7841183574877 56.1195652173899 54.2246376811612 44.1781400966184 41.8266908212517 57.6983695652159 52.1527777777753 55 60.1856884057965 58.7895531400971 66.835748792265 68 55.2524154589374 58 70.6250000000017 63.0875603864734 71.2173913043483 50.7336956521758 58.8882850241544 58.0528381642512 59.0833333333276 53.36865942029 60.1642512077302 60.6929347826069 56.8913043478259 56.4281400966184 54.0769927536235 57.3212560386532
