rasters/Ethiopia_bio10.asc
NCOLS 180 
NROWS 138 
XLLCORNER 32.989799842 
YLLCORNER 3.405012842 
CELLSIZE 0.0832742739222222 
NODATA_value -3.4e+38 
[rows 88 to 109 of 138, columns 49 to 97 of 180]
19.388500213623 17.1424999237061 16.9476661682129 20.2263336181641 22.8101673126221 21.6721668243408 20.4400005340576 19.7591667175293 18.8511657714844 18.3033332824707 18.7840003967285 19.5131664276123 19.587833404541 19.8973331451416 20.003999710083 20.4901676177979 21.1058330535889 20.9553337097168 21.1378326416016 21.1511669158936 20.5738334655762 17.5825004577637 13.6560001373291 13.8555002212524 14.7016668319702 14.7185001373291 12.956000328064 12.3144998550415 15.2723331451416 17.6751670837402 18.2586669921875 19.9235000610352 20.7303333282471 19.3036670684814 17.9624996185303 18.4604988098145 19.6698341369629 20.8293323516846 22.3413333892822 22.4011669158936 21.8531665802002 21 19.9395008087158 19.074333190918 20.736665725708 21.7518329620361 22.632999420166 23.1480007171631 23.5524997711182
17.9016666412354 14.9643335342407 18.0986671447754 22.02516746521 22.8133335113525 21.6580009460449 19.9126663208008 19.2271671295166 18.4591674804688 18.9741668701172 19.7210006713867 19.7005004882812 19.8168334960938 19.2178344726562 20.0860004425049 20.6788330078125 20.9576663970947 20.9143333435059 20.8653335571289 20.5396671295166 19.7018337249756 16.1291675567627 12.9478330612183 12.3298330307007 13.234167098999 13.5433330535889 12.9449996948242 12.7581663131714 15.9208335876465 19.0821666717529 20.2893333435059 20.9168338775635 21.1588325500488 21.2491664886475 19.7565002441406 20.4926662445068 21.5888328552246 21.4863338470459 19.3331661224365 19.4811668395996 19.2306671142578 17.9969997406006 18.6270008087158 19.3191661834717 21.0240001678467 21.9818325042725 22.5314998626709 22.8296661376953 23.220666885376
19.9473342895508 20.5881671905518 21.9338340759277 23.3624992370605 22.4036674499512 19.8568325042725 16.8838329315186 17.7985000610352 17.5146675109863 18.670166015625 18.5300006866455 19.7450008392334 20.0336666107178 19.4173336029053 20.3106670379639 20.9713325500488 21.0550003051758 20.4931659698486 20.316333770752 18.8810005187988 17.8330001831055 14.8891668319702 12.664999961853 11.8129997253418 10.0745000839233 11.5383329391479 13.1398334503174 12.33899974823 16.1018333435059 18.3344993591309 17.9431667327881 17.480167388916 18.673999786377 16.7878341674805 15.9123334884644 15.7913331985474 16.2631664276123 16.183500289917 15.4008331298828 15.7729997634888 16.3339996337891 17.9466667175293 18.5208339691162 19.2143325805664 20.4815006256104 21.2320003509521 21.7101669311523 21.5236663818359 22.3659992218018
21.5655002593994 22.5646667480469 22.1518325805664 23.1259994506836 22.0258331298828 19.9253330230713 18.5686664581299 18.2609996795654 17.0146675109863 17.3176670074463 19.3169994354248 20.6350002288818 20.5543327331543 20.003833770752 19.8913326263428 20.632999420166 21.1883335113525 20.5416660308838 19.566499710083 17.7436656951904 16.1639995574951 13.5738334655762 12.9278335571289 12.3638334274292 12.0860004425049 13.6038331985474 14.5026664733887 14.5831661224365 16.3003330230713 16.4514999389648 15.0396671295166 12.8201665878296 14.4984998703003 15.0908327102661 15.4154996871948 15.4616670608521 15.4390001296997 15.238166809082 15.1236667633057 15.3853330612183 16.0540008544922 17.2386665344238 17.9925003051758 18.4538345336914 18.9313335418701 19.8454990386963 20.5235004425049 21.2918338775635 21.4535007476807
22.6284999847412 22.3730010986328 20.9338340759277 22.3544998168945 22.6293334960938 22.5896663665771 22.0061664581299 21.2316665649414 20.155834197998 19.5625 19.4815006256104 20.8953342437744 20.8983325958252 20.0154991149902 19.1766662597656 19.7241668701172 20.0688323974609 20.2258338928223 18.6106662750244 16.4873332977295 13.9673328399658 13.1761665344238 13.1078329086304 13.4063329696655 14.138500213623 15.07200050354 15.8090000152588 16.1146659851074 16.484167098999 15.0520000457764 11.9156665802002 10.5740003585815 12.8946666717529 14.0726661682129 14.9420003890991 14.985333442688 15.3308334350586 15.6226663589478 16.0161666870117 15.6643333435059 16.0981674194336 16.9618339538574 17.7016677856445 18.3751659393311 19.4521675109863 20.4926662445068 21.9104995727539 22.7910003662109 23.1254997253418
21.6928329467773 21.9763336181641 21.2956676483154 21.654167175293 23.1696662902832 22.7959995269775 21.9871673583984 21.6791667938232 20.9806671142578 20.4693336486816 20.3608322143555 21.4020004272461 21.2783336639404 20.3680000305176 18.91233253479 20.5201663970947 20.7999992370605 20.1721668243408 17.7875003814697 14.9324998855591 13.9095001220703 13.6786661148071 13.7491664886475 14.3928337097168 15.2598333358765 16.0843334197998 16.511999130249 16.6531677246094 16.1988334655762 13.9203338623047 11.4010000228882 11.0096664428711 11.7951669692993 12.962833404541 14.1578340530396 14.4704999923706 14.8306665420532 14.8508338928223 15.3208332061768 16.7918338775635 17.07200050354 18.4829998016357 18.6110000610352 18.9703330993652 20.9360008239746 21.6936664581299 22.107666015625 22.6774997711182 23.4153327941895
19.0960006713867 19.7933330535889 20.8589992523193 22.8491668701172 23.3796672821045 22.5283336639404 21.0699996948242 21.488000869751 21.0874996185303 20.6411666870117 21.1391658782959 21.7200012207031 21.8553333282471 20.9221668243408 19.7548332214355 20.9968338012695 20.7231674194336 20.6658325195312 18.0383338928223 14.0609998703003 13.8183336257935 14.0873327255249 14.3315000534058 14.9311666488647 15.7701663970947 16.199333190918 16.5471668243408 16.5761661529541 15.6324996948242 13.0581665039062 10.1750001907349 9.9578332901001 10.0616664886475 11.4963331222534 13.2673330307007 14.1893329620361 14.6246671676636 14.5588331222534 15.3150005340576 16.7143325805664 18.1578330993652 19.2686672210693 19.8715000152588 19.78733253479 21.4476661682129 22.2345008850098 22.4816665649414 22.8939990997314 23.4076671600342
21.2854995727539 20.7614994049072 22.4156665802002 23.326000213623 23.591667175293 23.3041667938232 22.0088329315186 21.1008338928223 19.8226661682129 20.6961669921875 21.2483329772949 20.1445007324219 21.8190002441406 21.0949993133545 19.736499786377 19.8250007629395 19.7581672668457 18.9141674041748 15.5676670074463 13.8713331222534 14.0370006561279 14.4064998626709 14.6619997024536 14.5266666412354 14.433500289917 14.6506671905518 14.9498329162598 14.9748334884644 13.1411666870117 10.3818330764771 9.24349975585938 8.97783374786377 7.94716691970825 9.07016658782959 11.4603338241577 13.0651664733887 13.1770000457764 12.9694995880127 15.6046667098999 15.9798336029053 17.7863330841064 19.4868335723877 20.3010005950928 20.8050003051758 21.6844997406006 22.484001159668 22.8866672515869 23.2870006561279 23.5936660766602
21.6703338623047 19.6079998016357 22.9745006561279 23.328498840332 23.3121662139893 22.683666229248 21.531665802002 21.3365001678467 19.5963325500488 21.1611671447754 22.4156665802002 22.5779991149902 22.6105003356934 20.9753341674805 19.6644992828369 19.1078338623047 18.9618339538574 16.7369995117188 14.1638336181641 13.7368335723877 13.6858329772949 14.1873331069946 14.4711666107178 13.4581670761108 11.4806661605835 11.3546667098999 11.175666809082 12.3278331756592 10.8213338851929 8.93633270263672 9.89216709136963 8.09899997711182 6.96133327484131 7.11866664886475 9.62233352661133 14.9995002746582 16.5978336334229 16.7583332061768 18.2229995727539 16.8943328857422 18.7921657562256 19.5901660919189 20.2496662139893 20.9330005645752 21.5513343811035 22.6013336181641 23.1968326568604 23.5524997711182 23.833667755127
21.7531661987305 22.4606666564941 22.8683338165283 21.5711669921875 20.3936672210693 21.199333190918 22.3408336639404 22.0588340759277 21.9233341217041 21.9741668701172 22.9853343963623 23.2345008850098 22.8461666107178 21.1591663360596 20.021333694458 20.0260009765625 19.1515007019043 16.0224990844727 12.8863334655762 13.5564994812012 14.0433330535889 14.0726671218872 14.3159999847412 12.6518335342407 10.8599996566772 11.4543333053589 11.4923334121704 11.2376670837402 10.7693328857422 13.4685001373291 14.1864995956421 10.5701665878296 8.23950004577637 7.91449975967407 10.670166015625 18.1101665496826 21.6905002593994 22.0603332519531 22.5659999847412 18.8864994049072 18.6653327941895 20.2473335266113 20.9090003967285 21.6061668395996 22.0178337097168 22.4946670532227 23.3563327789307 23.820499420166 24.1453323364258
22.19700050354 22.6613330841064 22.925500869751 22.7560005187988 21.8688335418701 23.2258338928223 23.0610008239746 22.2198333740234 23.1646671295166 23.3391666412354 23.4498329162598 23.5193328857422 22.9351654052734 21.1963329315186 20.7681674957275 19.6018333435059 18.416166305542 14.3003330230713 12.5638332366943 13.9495000839233 14.1920003890991 14.3691663742065 14.4324998855591 13.2856664657593 13.5278329849243 13.837833404541 14.3769998550415 13.0073337554932 12.8050003051758 15.7993335723877 17.5596656799316 15.3221664428711 13.5041666030884 11.1008329391479 15.3216667175293 19.4933338165283 21.9768333435059 23.3396663665771 23.7100009918213 22.1201667785645 18.4519996643066 20.7775001525879 21.833667755127 21.9061660766602 22.5083332061768 22.5033340454102 23.3771667480469 24.082332611084 24.408332824707
22.2433338165283 22.4435005187988 22.7080001831055 21.8579998016357 23.1383323669434 23.9253330230713 23.9203338623047 23.4076671600342 24.1206665039062 24.0221672058105 23.7325000762939 23.5216655731201 23.0575008392334 21.8116664886475 20.5750007629395 18.8151664733887 17.3821659088135 14.3728332519531 14.3059997558594 15.3961668014526 15.1643333435059 15.1405000686646 13.9751663208008 14.1316661834717 17.0186672210693 16.2985000610352 16.61549949646 15.7041664123535 15.2530002593994 16.5066661834717 19.0391674041748 18.3129997253418 17.783332824707 16.6399993896484 19.3290004730225 21.7723331451416 22.8513336181641 23.3598327636719 24.0125007629395 23.7623329162598 21.3321666717529 21.4584999084473 22.4848327636719 21.970666885376 22.8068332672119 22.9260005950928 23.5581665039062 24.0769996643066 24.7081661224365
22.2008323669434 22.7880001068115 23.1508331298828 22.9068336486816 22.6604995727539 24.0790004730225 22.3391666412354 23.16233253479 24.2325000762939 23.8798332214355 23.655834197998 23.5849990844727 23.6608333587646 23.0400009155273 21.0739994049072 18.3295001983643 15.9886665344238 14.3004999160767 15.7531661987305 17.2765007019043 17.4096660614014 17.0868339538574 14.0010004043579 16.720666885376 18.4046669006348 18.2303333282471 17.1738338470459 17.136999130249 17.283166885376 17.5886669158936 19.5734996795654 19.4949989318848 19.5406665802002 19.1976661682129 21.3094997406006 22.4656677246094 23.1516666412354 23.8731670379639 24.1083335876465 24.1793346405029 23.1556663513184 21.9756660461426 23.4010009765625 22.8110008239746 23.1315002441406 22.9246673583984 23.8304996490479 24.0559997558594 24.7231674194336
22.0340003967285 22.2416667938232 23.0338325500488 22.6773338317871 23.4594993591309 23.4204998016357 20.136833190918 23.3663330078125 24.466833114624 24.2361679077148 24.0873336791992 24.0776672363281 23.8326663970947 23.6318321228027 22.132833480835 18.0900001525879 14.8206663131714 13.9568328857422 15.0469999313354 17.7591667175293 19.5488338470459 18.3255004882812 14.5544996261597 16.5366668701172 19.2226657867432 18.9913330078125 17.6746673583984 18.3020000457764 18.763334274292 19.6971664428711 20.3328342437744 20.5550003051758 21.0778331756592 21.7531661987305 22.568000793457 23.0410003662109 23.3929996490479 23.998498916626 24.296667098999 24.269832611084 23.4530010223389 22.8263339996338 23.3898334503174 24.0144996643066 23.9948329925537 23.443000793457 23.8064994812012 24.2119998931885 24.7900009155273
22.3078327178955 22.5828323364258 23.1881675720215 23.037166595459 19.7393341064453 17.5799999237061 17.6354999542236 22.3619995117188 24.9351654052734 24.6333332061768 24.6586666107178 24.3431663513184 23.9908332824707 22.6866664886475 21.6590003967285 16.4458332061768 13.7748336791992 14.1883335113525 14.6431665420532 16.7273330688477 19.4481658935547 19.9713325500488 15.8754997253418 17.7159996032715 20.0699996948242 16.8373336791992 17.0751667022705 18.8115005493164 18.9643325805664 20.7080001831055 21.4874992370605 21.6816673278809 22.0178337097168 22.7526664733887 23.2348327636719 23.3444995880127 23.5919990539551 23.9763336181641 24.4558334350586 24.1966667175293 23.1566677093506 21.8991661071777 22.3414993286133 23.4803333282471 24.7195014953613 23.8228340148926 24.0258331298828 24.1805000305176 24.742000579834
23.1303329467773 22.4868335723877 22.9793319702148 21.490665435791 15.8281669616699 14.7290000915527 16.492000579834 22.4306678771973 25.132833480835 24.7338333129883 24.2630004882812 22.9613342285156 23.1988334655762 19.9313335418701 19.0591659545898 15.6056661605835 13.7756671905518 13.9351663589478 14.8098335266113 15.0643329620361 16.3966674804688 19.6935005187988 18.6511669158936 19.0653324127197 20.451000213623 17.4619998931885 18.5478324890137 19.220832824707 19.8813343048096 21.2423324584961 22.7038345336914 22.5243339538574 22.9341659545898 23.1393337249756 23.2910003662109 23.6486663818359 24.0464992523193 23.753999710083 24.5121669769287 23.8216667175293 22.8238334655762 22.1278343200684 22.9543323516846 23.404333114624 24.7716655731201 24.2084999084473 24.6863327026367 24.6376667022705 24.7261657714844
22.9985008239746 23.1056671142578 19.9856662750244 14.8549995422363 15.1936664581299 16.0278339385986 20.5 23.8245010375977 24.7864990234375 24.7150001525879 23.8646678924561 21.0618324279785 20.1684989929199 18.6049995422363 16.5028343200684 13.7273330688477 14.1341667175293 14.7863330841064 15.5701665878296 16.3425006866455 17.0543327331543 17.97483253479 20.275333404541 19.5091667175293 20.8369998931885 18.621166229248 19.9685001373291 20.1499996185303 20.5696659088135 21.923999786377 22.5650005340576 23.083833694458 23.1996669769287 23.5156669616699 22.75950050354 23.0921669006348 23.7843341827393 24.1771659851074 24.509334564209 23.7870006561279 23.1103324890137 22.6103324890137 23.5053329467773 24.3129997253418 25.1333332061768 24.4099998474121 23.9726676940918 25.0336666107178 24.906665802002
23.2433338165283 21.0688323974609 14.5376663208008 15.7545003890991 21.0621662139893 22.3613338470459 23.9326667785645 24.3308334350586 24.396333694458 23.8658332824707 24.0051670074463 22.0230007171631 18.9148330688477 17.9601669311523 15.576000213623 14.6949996948242 15.2721672058105 16.1084995269775 16.9038333892822 17.3678340911865 17.8061676025391 18.969165802002 21.6093330383301 21.0345001220703 21.0778331756592 20.8621673583984 20.8138332366943 20.8941669464111 20.6469993591309 21.486665725708 22.4829998016357 23.2918338775635 23.058500289917 23.5229988098145 22.7163333892822 22.8169994354248 23.3681659698486 23.9916667938232 25.0303344726562 24.5049991607666 24.1033325195312 22.6791667938232 23.060998916626 24.6143321990967 25.4663333892822 24.5416660308838 23.886833190918 24.6464996337891 25.478666305542
22.7509994506836 18.2525005340576 15.1169996261597 16.6373329162598 20.3194999694824 23.6445007324219 24.0581665039062 24.2036666870117 24.2361679077148 22.6510009765625 23.6163330078125 22.8528327941895 19.8784999847412 17.4991664886475 15.8248329162598 15.8080005645752 16.5690002441406 17.2264995574951 17.9078330993652 18.0178337097168 17.9036674499512 18.5651664733887 21.5170001983643 21.8129997253418 21.2313327789307 21.2303333282471 21.3673324584961 21.0764999389648 20.9228324890137 21.8439998626709 22.7131671905518 23.2496662139893 23.8740005493164 23.5888328552246 22.3646659851074 22.7401657104492 22.886833190918 23.3361663818359 24.2173328399658 25.4200000762939 24.5421676635742 23.1651668548584 23.367166519165 24.3099994659424 25.4308338165283 25.6996669769287 25.154167175293 24.7189998626709 25.1800003051758
22.5559997558594 21.6078338623047 18.2333335876465 20.079833984375 23.3325004577637 23.7886657714844 23.8003330230713 24.1464996337891 23.2686672210693 20.9148330688477 23.4603328704834 23.2441673278809 20.9899997711182 18.0381660461426 17.121000289917 16.796667098999 16.9593334197998 17.7530002593994 18.4506664276123 18.8579998016357 19.0156669616699 19.4378337860107 20.2040004730225 20.9629993438721 20.2481670379639 20.0221672058105 20.2129993438721 21.5571670532227 20.9978332519531 21.4584999084473 21.9519996643066 22.2756671905518 22.4004993438721 23.6269989013672 23.2231674194336 22.5230007171631 22.7854995727539 23.2840003967285 23.9938335418701 24.6800003051758 25.8411655426025 24.394832611084 24.1308326721191 24.0091667175293 24.8601665496826 26.0725002288818 26.5144996643066 26.0056667327881 25.3643341064453
23.0179996490479 22.554666519165 22.0201663970947 23.1598339080811 23.7563323974609 23.6071662902832 23.6604995727539 22.8985004425049 19.9018325805664 18.1443328857422 23.1563339233398 22.9635009765625 20.7480010986328 18.2643337249756 17.554666519165 18.0550003051758 17.8495006561279 18.570333480835 18.7998332977295 18.9248332977295 18.7146663665771 19.7901668548584 20.5223331451416 20.5126667022705 20.0879993438721 20.0219993591309 20.0650005340576 21.3528327941895 22.0739994049072 21.4501667022705 21.9898338317871 21.3043327331543 21.1381664276123 21.5168342590332 22.5084991455078 23.7828330993652 24.083833694458 24.4409999847412 25.0156669616699 25.1276664733887 26.0018329620361 26.3886680603027 26.6499996185303 26.8190002441406 26.6949996948242 25.8701667785645 26.6005001068115 27.1575012207031 26.3823337554932
23.0668334960938 23.3468341827393 22.640832901001 22.9249992370605 23.6603336334229 23.5138320922852 23.5633335113525 22.9663333892822 17.4053344726562 17.8231658935547 22.8021659851074 22.6053333282471 20.7360000610352 19.1406669616699 17.4663333892822 17.7498321533203 18.6700000762939 19.1485004425049 19.8583335876465 19.5428333282471 19.3216667175293 19.545166015625 20.5583324432373 20.7063331604004 20.4755001068115 20.5195007324219 20.416166305542 21.2075004577637 22.4451656341553 21.8673324584961 22.9558334350586 22.0716667175293 20.9869995117188 21.1023330688477 21.6118335723877 21.8901672363281 22.3453330993652 23.1378326416016 23.2443332672119 22.9576663970947 23.1975002288818 23.9311676025391 23.8396663665771 24.4306659698486 26.7269992828369 27.2670001983643 26.7433338165283 26.9584999084473 27.6569995880127
