rasters/Ethiopia_CLYPPT_M_sl2_250m_ll.asc
NCOLS 180 
NROWS 138 
XLLCORNER 32.989799842 
YLLCORNER 3.405012842 
CELLSIZE 0.0832742739222222 
NODATA_value -9999 
[rows 46 to 68 of 138, columns 0 to 50 of 180]
-9999 -9999 -9999 -9999 -9999 -9999 -9999 -9999 -9999 -9999 -9999 -9999 -9999 -9999 -9999 -9999 -9999 -9999 -9999 -9999 -9999 -9999 -9999 38.3792270531429 36.0869565217403 36.2771739130445 35.492753623193 38.8713768115969 36.8414855072472 39 40.3055555555575 42.2853260869563 39.0887681159411 37.6645531400972 37.0018115942063 41.9873188405785 43.2792874396127 39.667572463767 45.0374396135271 44.7273550724636 41.2853260869569 46.9057971014526 42.9861111111143 42.9284420289862 44.4305555555531 38.4100241545912 43.2844202898554 45.374094202898 41.6962560386455 42.15489130435 43.5896739130461
-9999 -9999 -9999 -9999 -9999 -9999 -9999 -9999 -9999 -9999 -9999 -9999 -9999 -9999 -9999 -9999 -9999 -9999 -9999 -9999 -9999 -9999 -9999 36.6868961352661 32.1805555555557 35.5217391304347 -9999 38 39.0009057971032 38.5123792270533 37.9290458937199 39.5135869565211 35.1488526570052 39.7895531400967 40.4891304347833 41.1796497584536 38.1796497584548 41.422101449276 44.358997584541 41.656702898549 43.7309782608633 44.7210144927535 41.4876207729471 42.6793478260851 45.2001811594126 43.0461956521746 44 44.3275966183577 41.1129227053122 44 43.6865942029065
-9999 -9999 -9999 -9999 -9999 -9999 -9999 -9999 -9999 -9999 -9999 -9999 -9999 -9999 -9999 -9999 -9999 -9999 38.4426328502414 38.134057971013 -9999 -9999 -9999 37.6313405797128 38.3611111111115 36.4320652173918 37.4054951690856 36.9812801932376 35.9175724637685 37.8979468599031 36.8789251207716 38.8206521739125 36.0881642512101 43.9737318840585 39.2826086956526 39.2904589371993 40.8626207729461 40.6114130434781 48 39.9054951690853 42.5978260869544 42.2032004830881 38.4867149758452 43.5172101449269 43.5458937198384 45.428140096618 47.807065217393 46.5926932367156 42.7179951690806 45.6440217391293 47.2826086956526
-9999 -9999 -9999 -9999 -9999 -9999 -9999 -9999 -9999 -9999 -9999 -9999 -9999 -9999 -9999 -9999 -9999 42 32.4024758454119 32.1340579710163 36.6358695652184 -9999 38.5869565217395 39.8472222222213 34.4785628019319 35.6775362318839 37 35.4245169082146 36.6077898550699 33.7524154589378 38.6207729468627 37.7880434782601 38.4803743961344 39.5694444444443 39.1059782608763 38.3131038647363 42.1730072463817 45.4646739130417 44.9453502415464 40.3620169082121 41.3315217391306 49.1515700483081 39.6980676328479 43.4302536231889 43.5072463767994 42.4079106280205 47.1096014492758 46.2309782608697 45.3499396135273 50.4211956521771 48.6627415459057
-9999 -9999 -9999 -9999 -9999 -9999 -9999 -9999 -9999 -9999 -9999 -9999 -9999 -9999 -9999 -9999 37.8958333333328 35.7346014492696 30.0153985507261 32.178442028987 35.9924516908209 35.1856884057985 34.2201086956512 38.8913043478255 40.2303743961335 37.9773550724636 35.5751811594229 33 34.7083333333352 33.8913043478255 33.3094806763274 37.6413043478246 45.0211352657004 43.9532004830926 40.4827898550696 40.1304347826114 42.5138888888868 39.6838768115912 40.5075483091782 42.5549516908216 40 50.2013888888899 49.6434178743977 48 44.7312801932362 53.1086956521745 52.4882246376799 52.656099033817 57.2557367149714 55.9972826086948 54.901871980676
-9999 -9999 -9999 -9999 -9999 -9999 -9999 -9999 -9999 -9999 -9999 -9999 -9999 -9999 -9999 -9999 39.0407608695641 34.0437801932356 34.013586956523 33.9592391304342 32.9522946859866 31.1147342995156 35.03804347826 36.1929347826086 35.1944444444443 33.9782608695658 37.7255434782598 36.7418478260855 35.2762681159405 36.3194444444443 36.9196859903403 34.497282608694 44.5972222222213 43.4335748792272 43.4266304347862 40.9453502415473 42.5516304347762 43.196557971016 46.1452294685985 43.437499999998 39.1929347826135 41 41.5893719806793 36.99365942029 37.2856280193279 54.5495169082131 51.9909420289858 54.3867753623186 61.1527777777753 56.1005434782632 56.9782608695658
-9999 -9999 -9999 -9999 -9999 -9999 -9999 -9999 -9999 -9999 -9999 -9999 -9999 -9999 -9999 41.0694444444443 45.6222826086939 36.0009057971015 33.0129830917887 34.0652173913044 33.1256038647371 34.116545893718 35 36.8472222222213 35.1687801932369 36.5208333333331 41.9501811594204 37 38.7083333333352 37.9556159420289 38.3472222222213 35.6250000000004 36.9610507246377 41.1108091787436 34.5289855072489 35.5196256038635 39.5120772946842 41.2010869565219 39.8982487922709 40.973731884058 36.902173913043 37.9773550724638 39.3402777777787 37.9728260869566 42.0652173913044 39.5431763285034 57.7264492753629 60.2339975845413 56.7273550724714 47.6630434782673 46.9027777777753
-9999 -9999 -9999 -9999 -9999 -9999 -9999 -9999 -9999 -9999 -9999 -9999 -9999 -9999 -9999 -9999 38.7998188405787 35.1403985507239 35 33.1521739130439 35.6956521739123 38.1944444444425 35.6766304347821 32.4338768115957 34 39.7273550724631 40.7279589371956 35.447463768118 35.6721014492713 37.0486111111112 38.2943840579701 36.5271739130434 41.0739734299499 41.9133454106278 39.7536231884011 36.5347222222237 39.8982487922742 45.8478260869562 42.0739734299517 39 39.0597826086981 41.0993357487927 39.7424516908232 38.7101449275373 38.6554951690806 40.9519927536241 47.1449275362313 50.7222222222219 51.6086956521754 51.4293478260894 43.4015700483124
-9999 -9999 -9999 -9999 -9999 -9999 -9999 -9999 -9999 -9999 -9999 -9999 -9999 -9999 -9999 -9999 32.9583333333328 31.7364130434761 35.5078502415449 33.5 33.2059178743945 37.4103260869547 38.6250000000051 38.2756642512078 34.2237318840582 39.2083333333335 36.6014492753632 34.6615338164233 36.5253623188428 36 37.4202898550719 38.5706521739125 38.9791666666653 40.9667874396136 36.4148550724695 40.0951086956498 37.3910024154574 39.8269927536225 45.5999396135265 47.2617753623204 40.0298913043466 35.1811594202895 38.9236111111109 34.8306159420292 40.3137077294699 37.6014492753618 39.1585144927532 39.8982487922709 39.5579710144912 48.0190217391273 42.4085144927516
-9999 -9999 -9999 -9999 -9999 -9999 -9999 -9999 -9999 -9999 -9999 -9999 -9999 -9999 -9999 -9999 34.2083333333311 32.6506642512053 36.9812801932349 40.0416666666672 33.6512681159408 35.1971618357502 42.6739130434781 39.6739130434781 36.4477657004834 35.1902173913044 41.6868961352629 37.3239734299497 38.7237318840595 38.3194444444443 36.7940821256026 39.3233695652188 37.1947463768114 36.709842995169 39.3922101449237 40.1675724637686 39.338768115943 41 40.80193236715 43.0637077294676 38.065217391306 45.212862318841 38.2152777777783 41.9501811594211 39.3399758454036 38.0129830917883 38.7916666666672 41 37.1527777777753 36.6576086956569 39.0338164251216
-9999 -9999 -9999 -9999 -9999 -9999 -9999 -9999 -9999 -9999 -9999 -9999 -9999 -9999 -9999 -9999 33.5452898550722 33.7503019323671 36.5673309178729 41.048913043479 37.3028381642457 35.7608695652184 38.9728260869539 38.0631038647346 38.6929347826092 38.7626811594212 35.2714371980691 34.2638888888902 43 40 37.2397342995182 33.9701086956512 37.6494565217395 38.9785628019326 38.4130434782605 38.2285628019343 39.01147342995 40.3523550724647 37.0923913043487 37.0700483091788 38.4211956521707 44.4607487922702 40.625301932369 46.8768115942025 47.4532004830845 40 44.7400362318837 42.1425120772952 34.9456521739078 35.4646739130438 38
-9999 -9999 -9999 -9999 -9999 -9999 -9999 -9999 -9999 -9999 -9999 -9999 -9999 -9999 -9999 -9999 33.4791666666671 31.506944444446 30.5000000000008 40.4999999999991 36.7916666666554 35.5486111111114 34.8125000000025 35.152777777779 34.7708333333343 38.1041666666652 37.6458333333313 40.3680555555543 38.1458333333327 38.4791666666673 36.6736111111112 39.3124999999997 36.2013888888897 35.4999999999999 37.7291666666676 38.7291666666634 36.7291666666702 37.9583333333327 36.4305555555567 46.2013888888887 46.1874999999995 42.0208333333325 42.6597222222221 45.5624999999989 47.6319444444462 39.9999999999996 44.3125000000007 45.3611111111115 42.3472222222241 42.9999999999983 36.1944444444509
-9999 -9999 -9999 -9999 -9999 -9999 -9999 -9999 -9999 -9999 -9999 -9999 -9999 -9999 -9999 33.9713164251208 33.1739130434772 32.977958937196 40.5371376811541 36.0833333333345 38.2862318840525 37.5102657004827 36.1249999999983 32.762983091788 34.480978260869 37.2409420289857 35.4722222222264 35.4589371980681 37.5842391304341 38.5314009661834 36.4906400966172 37.2201086956517 34.2364130434786 39.8221618357485 37.9048913043454 39.1277173913059 40.4861111111132 37.4927536231883 41.1711956521741 44.9897342995153 40.8505434782595 43 38.7572463768125 43.2409420289863 43.9809782608733 42.6434178743959 47.7590579710137 42.4444444444448 47.2602657004861 37.5135869565203 37.919685990336
-9999 -9999 -9999 -9999 -9999 -9999 -9999 -9999 -9999 -9999 -9999 -9999 -9999 -9999 36.3260869565219 34.6044685990338 30.6458333333328 33.0214371980671 40.3158212560352 36.4166666666673 37.6739130434781 38.0972222222213 36.3260869565219 33.5320048309193 37.2044082125605 40 34.6213768115903 35.6739130434781 35.5788043478264 37.0066425120777 38.9788647343007 37.252717391304 39.8052536231886 35.709842995169 36.5027173913037 40.8106884057971 35 35.0561594202906 38.7551328502414 41.2714371980668 36.6250000000017 42.4544082125599 41.6388888888907 39.9438405797111 43.0295893719868 46.4852053140094 45.2581521739134 39.285024154589 39.8266908212534 43.4103260869578 43.1189613526589
-9999 -9999 -9999 -9999 -9999 -9999 -9999 -9999 -9999 -9999 -9999 -9999 -9999 -9999 40.1186594202867 38.6385869565222 32.9900362318839 36.4972826086936 33.0244565217415 40.2608695652175 36.1935386473393 35.073973429951 34.7907608695649 28.1458333333357 33.7762681159418 41.2201086956517 45.7074275362293 43.246376811593 38.5561594202926 37.5646135265698 37.1428140096652 37.9402173913042 34.3354468599034 35.4305555555557 39.8242753623147 36.9510869565171 39.0078502415483 34.7173913043474 37.2971014492754 40.9483695652154 40.3722826086956 40.7490942028959 42.2391304347825 43.538949275362 46.3022342995179 40.2886473429964 43.2083333333328 43.7608695652175 44.1527777777753 42.6413043478279 43.4782608695649
-9999 -9999 -9999 -9999 -9999 -9999 -9999 -9999 -9999 -9999 -9999 -9999 -9999 -9999 30.917572463766 32.2004830917869 32.508152173914 31.1799516908234 36.6817632850238 36.152173913043 39.1416062801923 35.7653985507259 39.8750000000017 41.8710748792276 41.3611111111115 42.2961956521746 43.035929951691 40.7047101449246 40.691123188402 38 34.8577898550726 36.209239130434 35.6458333333334 36.304347826086 37.8460144927498 37.287741545896 36.152173913043 35.152173913043 41.1310386473426 40.1944444444466 45.1684782608727 38.8541666666667 45.4426328502438 41.740036231885 44.8481280193179 40.647644927537 37.2726449275355 39.5262681159403 39.1766304347777 41.8885869565255 45.7949879227043
-9999 -9999 -9999 -9999 -9999 -9999 -9999 -9999 -9999 -9999 -9999 -9999 -9999 33.0597826086939 32.1687801932394 33.8743961352658 33.9556159420284 34.0652173913044 31.0009057971015 39.1666666666672 40.5923913043289 38.9411231884057 39.0163043478259 39.6944444444425 42.1687801932369 42 41.2207125603884 37.5383454106292 40.3378623188389 39.8082729468607 38.47765700483 41.6739130434786 36.9610507246377 38.6627415458936 35.5588768115969 38.4803743961365 35.0652173913044 41.9347826086956 42.5407608695646 40.4024758454112 40.480978260868 43.5449879227061 41.6832729468617 44.9891304347825 37.7669082125551 35.6370772946851 42.5452898550735 40.7007850241543 38.8043478260869 49.0652173913044 47.0446859903409
-9999 -9999 -9999 -9999 -9999 -9999 -9999 -9999 -9999 -9999 -9999 -9999 -9999 34.7309782608727 33.0972222222247 34.9984903381642 36.0416666666672 36.9788647342993 38.0350241545909 38 39.0461956521767 37.8532608695677 36.8804347826104 38.3390700483115 42.6467391304345 37.0172101449278 43.0160024154503 38.2306763285032 38.2826086956501 38.0217391304351 38.3405797101438 45.9239130434772 32.6449275362315 38.9782608695649 38.5416666666638 40.5350241545909 34.0489130434745 34.4800724637678 34.0123792270533 35.1554951690837 36.6195652173929 35.3245772946848 41.0434782608702 35.7454710144927 40.6983695652122 40.7472826086959 42.7563405797103 35.3867753623196 41.8505434782633 49.4836956521669 49.0413647343
-9999 -9999 -9999 -9999 -9999 -9999 -9999 -9999 -9999 -9999 -9999 -9999 -9999 29.2065217391289 34.3695652173948 37.9381038647345 38.0416666666672 32.3508454106297 34.0307971014522 38.7826086956526 36.1162439613581 37.9133454106288 37.3288043478242 38.9725241545883 41.3586956521737 36.5117753623183 40.1917270531395 34.9731280193185 37.9365942028991 39.5326086956526 36.1675724637674 41.5570652173918 40.282004830916 40.5075483091787 31.4239130434763 38.9752415458914 34.6754227053118 40.6413043478263 36.1086956521737 36.5323067632861 37.8423913043491 40.6195652173921 38.004227053141 39.2282608695658 35.6077898550813 38.210446859903 40.2400362318835 35 41.9079106280192 48.7065217391248 -9999
-9999 -9999 -9999 -9999 -9999 -9999 -9999 -9999 -9999 -9999 -9999 -9999 -9999 30.0326086956613 35.3158212560384 39.3707729468621 36.0579710144935 39.2041062801933 39.61141304348 42.1295289855057 43.042270531403 38.7663043478273 40.4456521739089 38.6983695652191 40.5138888888891 37.7635869565226 40.3451086956505 42.3798309178726 40.6259057970987 40.1479468599054 40.2614734299541 41.073369565217 32.7928743961336 40.8043478260877 38.8043478260877 36.631340579713 36.5138888888868 43.9945652173877 42.7104468599025 42.3140096618366 44.1277173913079 34.6705917874376 38.35175120773 40.2780797101444 44.2173913043508 37.4707125603874 35.6367753623199 38.3559782608682 32.7113526570068 51.0489130434787 -9999
-9999 -9999 -9999 -9999 -9999 -9999 -9999 -9999 -9999 -9999 -9999 -9999 -9999 33.9103260869577 34.1775362318856 33.5042270531407 30.9048913043499 43.2786835748784 42.7134661835749 42.7708333333345 42.7068236714974 40.2678140096642 38.6548913043458 35.4559178743926 44.7400362318855 39.6105072463762 40.6678743961355 38.583937198069 42.3079710144941 38.9631642512075 42.8372584541072 40.4456521739128 43.2276570048311 36.6518719806762 38.1992753623204 38.2312801932385 36 39.9773550724622 43.6911231884055 44.3209541062815 40.3749999999983 36.5652173913035 37.7409420289866 40.7907608695647 43.5869565217319 36.6147342995174 40.941123188406 35.0510265700483 34.8707729468542 44.1250000000017 46.6201690821235
-9999 -9999 -9999 -9999 -9999 -9999 -9999 -9999 -9999 -9999 -9999 -9999 -9999 33.6684782608667 33.5332125603841 34.7134661835748 32.0108695652175 31.0087560386482 36.9067028985524 41.1612318840585 41.9305555555523 43.3336352657008 39.2907608695662 35.1859903381653 39.7862318840579 40.8686594202897 37.9495772946878 36.2750603864741 40.4456521739125 39.5030193236715 41.7364130434771 40.236413043478 42.9667874396125 42.2608695652175 41.5778985507283 42.1268115942026 36.6376811594193 38.5416666666672 39.1696859903382 43.5972222222233 41.3641304347842 45.562198067634 38.7638888888883 42.077898550724 39.3695652173912 38.4722222222212 41.2083333333328 43.4278381642516 43.7035024154578 41.2907608695641 45.7530193236747
-9999 -9999 -9999 -9999 -9999 -9999 -9999 -9999 -9999 -9999 -9999 -9999 -9999 35.6684782608676 31.5093599033832 33.4045893719808 33.5398550724635 31.4628623188414 42.5208333333309 41.4565217391307 38.4248188405785 38.4565217391307 36.8750000000017 40.4547101449252 40.4453502415456 38.2898550724646 40.9586352656989 41.682669082126 39.2663043478245 39.6530797101444 40.6262077294695 39.2581521739124 39.2708333333333 40.4565217391307 40.505434782611 41.9849033816411 43.264190821257 34.5887681159424 38.7856280193243 43.3245772946864 47.8288043478268 43.4489734299507 42.0277777777777 40.6295289855092 32.3179347826081 39.1597222222193 43.095108695652 47.8221618357488 49.0697463768105 46.0679347826096 41.7270531400924
