rasters/Ethiopia_bio10.asc
NCOLS 180 
NROWS 138 
XLLCORNER 32.989799842 
YLLCORNER 3.405012842 
CELLSIZE 0.0832742739222222 
NODATA_value -3.4e+38 
[rows 66 to 87 of 138, columns 98 to 146 of 180]
21.1544990539551 19.5696659088135 17.6175003051758 17.9179992675781 17.3344993591309 16.2431659698486 15.6973333358765 18.7478332519531 19.1906661987305 18.8051662445068 18.8121662139893 19.162166595459 21.4421672821045 20.332332611084 19.5114994049072 20.9963340759277 21.9405002593994 20.7878322601318 19.8794994354248 21.0375003814697 20.7576656341553 20.619499206543 20.4344997406006 20.1975002288818 20.9418334960938 21.6334991455078 22.220832824707 22.8248329162598 -3.4e+38 -3.4e+38 -3.4e+38 -3.4e+38 -3.4e+38 -3.4e+38 -3.4e+38 -3.4e+38 -3.4e+38 -3.4e+38 -3.4e+38 -3.4e+38 -3.4e+38 -3.4e+38 -3.4e+38 -3.4e+38 -3.4e+38 -3.4e+38 -3.4e+38 -3.4e+38 -3.4e+38
18.4899997711182 18.1178340911865 17.1401672363281 16.8628330230713 17.0050010681152 17.4931659698486 14.6323337554932 16.4265003204346 20.0749988555908 20.2898330688477 20.4096660614014 19.908332824707 22.6711654663086 21.7269992828369 21.6603336334229 21.0856666564941 21.704833984375 21.4166660308838 20.6539993286133 20.7534999847412 20.7226657867432 20.546667098999 20.8116664886475 20.4828338623047 20.6019992828369 21.0418338775635 21.5594997406006 22.224666595459 22.720666885376 23.0485000610352 -3.4e+38 -3.4e+38 -3.4e+38 -3.4e+38 -3.4e+38 -3.4e+38 -3.4e+38 -3.4e+38 -3.4e+38 -3.4e+38 -3.4e+38 -3.4e+38 -3.4e+38 -3.4e+38 -3.4e+38 -3.4e+38 -3.4e+38 -3.4e+38 -3.4e+38
18.5639991760254 15.9790000915527 16.4583339691162 18.8810005187988 18.7571659088135 18.4976673126221 15.4086666107178 15.253833770752 19.443000793457 21.5804996490479 21.2721672058105 20.3051662445068 23.0521659851074 22.8921661376953 22.3806667327881 22.132833480835 21.5613327026367 22.236499786377 21.8096656799316 20.2740001678467 21.3796672821045 21.3024997711182 21.3290004730225 20.7849998474121 20.8196659088135 21.0801658630371 21.6238327026367 21.7778339385986 22.1856670379639 22.4996662139893 22.900333404541 -3.4e+38 -3.4e+38 -3.4e+38 -3.4e+38 -3.4e+38 -3.4e+38 -3.4e+38 -3.4e+38 -3.4e+38 -3.4e+38 -3.4e+38 -3.4e+38 -3.4e+38 -3.4e+38 -3.4e+38 -3.4e+38 -3.4e+38 -3.4e+38
17.8024997711182 16.9443340301514 18.4553337097168 20.3346672058105 20.910665512085 18.7746658325195 18.5265007019043 17.1081657409668 17.6978340148926 21.7894992828369 22.054666519165 20.9728336334229 22.4659996032715 23.2356662750244 22.0349998474121 22.8665008544922 21.8156661987305 21.7264995574951 21.8745002746582 20.917667388916 20.9228324890137 21.9839992523193 21.7278327941895 21.0974998474121 21.0190010070801 21.3724994659424 21.7954998016357 21.7956657409668 22.2311668395996 22.5398330688477 22.8741664886475 23.1875 -3.4e+38 -3.4e+38 -3.4e+38 -3.4e+38 -3.4e+38 -3.4e+38 -3.4e+38 -3.4e+38 -3.4e+38 -3.4e+38 -3.4e+38 -3.4e+38 -3.4e+38 -3.4e+38 -3.4e+38 -3.4e+38 -3.4e+38
19.283332824707 19.6978340148926 19.9076671600342 21.6660003662109 21.3824996948242 19.0596656799316 20.0214996337891 19.2775001525879 18.0620002746582 22.1376667022705 22.3500003814697 21.3080005645752 21.9955005645752 23.279333114624 21.8568325042725 21.7898330688477 22.6644992828369 21.3273334503174 22.281665802002 21.7964992523193 20.9080009460449 22.0550003051758 22.2660007476807 21.7271671295166 21.3589992523193 21.7193336486816 22.0534992218018 22.0808334350586 22.375 22.7604999542236 22.8940010070801 23.1576671600342 23.5229988098145 23.8390007019043 -3.4e+38 -3.4e+38 -3.4e+38 -3.4e+38 -3.4e+38 -3.4e+38 -3.4e+38 -3.4e+38 -3.4e+38 -3.4e+38 -3.4e+38 -3.4e+38 -3.4e+38 -3.4e+38 -3.4e+38
21.2526664733887 20.7076663970947 20.8876667022705 22.7693328857422 20.53733253479 20.2653331756592 21.0103340148926 20.7748336791992 19.8578338623047 21.9715003967285 22.8745002746582 21.566333770752 22.0116672515869 23.3824996948242 22.199333190918 22.1528339385986 23.1485004425049 21.4481658935547 22.2281665802002 22.8603324890137 21.8264999389648 21.7070007324219 22.6665000915527 22.3645000457764 22.0485000610352 22.0208339691162 22.3443336486816 22.4253330230713 22.5531673431396 23.0136661529541 23.1685009002686 23.0634994506836 23.3050003051758 23.5574989318848 23.7898330688477 24.0511665344238 -3.4e+38 -3.4e+38 -3.4e+38 -3.4e+38 -3.4e+38 -3.4e+38 -3.4e+38 -3.4e+38 -3.4e+38 -3.4e+38 -3.4e+38 -3.4e+38 -3.4e+38
22.9093322753906 21.2261657714844 22.0825004577637 22.4349994659424 20.5154991149902 20.708833694458 22.0346660614014 21.8491668701172 21.3296661376953 22.4771671295166 23.2080001831055 21.9033336639404 22.2169990539551 23.4181671142578 22.6946659088135 22.2273330688477 23.3071670532227 21.9636669158936 21.7639999389648 23.0149993896484 23.1876678466797 22.0114994049072 22.5944995880127 23.0488338470459 22.718334197998 22.2433338165283 22.6971664428711 22.6753330230713 22.8381671905518 23.2779998779297 23.4685001373291 23.3468322753906 23.5463333129883 23.6588325500488 23.7434997558594 23.908166885376 24.1424999237061 24.3810005187988 24.5238342285156 -3.4e+38 -3.4e+38 -3.4e+38 -3.4e+38 -3.4e+38 -3.4e+38 -3.4e+38 -3.4e+38 -3.4e+38 -3.4e+38
23.1941661834717 22.0538330078125 23.7450008392334 22.3668327331543 21.9196662902832 20.9143333435059 22.5825004577637 22.3506660461426 21.4581661224365 23.0593338012695 23.2671661376953 22.1064987182617 22.5141677856445 23.4389991760254 22.2733345031738 21.9178333282471 23.570499420166 22.4096660614014 21.6981658935547 22.3148326873779 23.6350002288818 22.9314994812012 22.454833984375 23.2621669769287 23.3495006561279 22.5786666870117 22.6070003509521 23.1278324127197 23.2921676635742 23.5949993133545 23.7840003967285 23.7688331604004 23.7805004119873 24.0218334197998 24.0443344116211 24.0160007476807 24.1401672363281 24.3600006103516 24.5786666870117 24.7101669311523 24.7643337249756 24.8151664733887 -3.4e+38 -3.4e+38 -3.4e+38 -3.4e+38 -3.4e+38 -3.4e+38 -3.4e+38
23.7299995422363 22.8589992523193 23.3575000762939 22.5276660919189 22.9064998626709 22.5596656799316 23.5205001831055 22.5205001831055 22.9743328094482 22.7623329162598 23.4308338165283 22.5935001373291 23.0276660919189 23.6763324737549 22.4371662139893 22.1748332977295 23.4958343505859 23.068000793457 22.2626667022705 22.400333404541 23.3726673126221 23.9893341064453 23.4773330688477 22.970666885376 23.6735000610352 23.4146671295166 22.8530006408691 22.9618339538574 23.4405002593994 23.861499786377 24.0979995727539 24.1049995422363 24.1415004730225 24.3396663665771 24.4586658477783 24.218334197998 24.2495002746582 24.3503322601318 24.521333694458 24.7213325500488 24.8449993133545 24.9561672210693 25.031665802002 25.0919990539551 25.1391677856445 -3.4e+38 -3.4e+38 -3.4e+38 -3.4e+38
22.9144992828369 23.7649993896484 23.5265007019043 22.3436660766602 23.0631656646729 22.8374996185303 23.1178321838379 22.6698341369629 23.6096668243408 22.8320007324219 24.1634998321533 23.5041656494141 24.0583343505859 23.0364990234375 22.6418342590332 22.5258331298828 23.2276668548584 23.8775005340576 23.0974998474121 22.8156661987305 23.4331665039062 24.2716674804688 24.3398342132568 23.5481662750244 23.5978336334229 24.0406665802002 23.4925003051758 23.0708332061768 23.3853340148926 23.6660003662109 23.9426670074463 24.2356662750244 24.5181674957275 24.6743335723877 24.7178344726562 24.4593334197998 24.3918323516846 24.4669990539551 24.566333770752 24.7145004272461 24.859167098999 25.0316677093506 25.1843338012695 25.2586669921875 25.2796669006348 25.2948341369629 25.3524990081787 25.4406661987305 -3.4e+38
22.6253337860107 24.5100002288818 22.5723323822021 22.2453327178955 23.2124996185303 22.9516677856445 23.5181674957275 23.949333190918 23.4993324279785 22.4244995117188 23.6031665802002 24.2703323364258 24.263500213623 23.4543342590332 23.1725006103516 22.7878341674805 22.878833770752 24.2755012512207 23.8361663818359 23.5668334960938 23.6873340606689 24.2299995422363 24.8128318786621 24.4233322143555 23.7690010070801 24.2124996185303 24.4248332977295 23.8649997711182 23.4738330841064 23.8153343200684 24.1488342285156 24.1951675415039 24.4048328399658 24.7261657714844 24.9483337402344 24.8643341064453 24.6933326721191 24.7063331604004 24.7758331298828 24.8603324890137 24.9633331298828 25.1024990081787 25.2601661682129 25.3686656951904 25.4641666412354 25.5154991149902 25.5756664276123 25.6110000610352 25.6901664733887
24.1681671142578 23.6341667175293 22.36549949646 22.4220008850098 23.3484992980957 22.7325000762939 23.4641666412354 24.3479995727539 23.2781658172607 23.3420009613037 23.8633327484131 24.5553340911865 24.6853332519531 23.8108329772949 23.5084991455078 22.966833114624 23.5139999389648 24.0558338165283 24.5638332366943 24.2280006408691 23.7036666870117 23.9106674194336 25.0008335113525 24.9196662902832 24.3876667022705 24.3173332214355 24.8016662597656 24.7283325195312 23.9599990844727 23.8295001983643 24.2846660614014 24.5263328552246 24.3053321838379 24.5186672210693 24.7891674041748 25.1806678771973 25.1553344726562 25.1306667327881 25.1056671142578 25.1585006713867 25.1865005493164 25.2854995727539 25.3775005340576 25.4858322143555 25.570499420166 25.6556663513184 25.7813339233398 25.8419990539551 25.886999130249
23.5114994049072 24.5926666259766 23.9554996490479 22.6685009002686 23.541332244873 22.800500869751 23.2749996185303 23.6596660614014 22.9491672515869 23.8383331298828 23.9351654052734 24.5816669464111 24.9063339233398 24.1753330230713 23.5669994354248 23.1016674041748 24.0746669769287 24.611499786377 24.9389991760254 24.7933330535889 23.9626655578613 23.4178333282471 24.6116676330566 25.5603332519531 25.0405006408691 24.8483333587646 25.0459995269775 25.3161678314209 24.7946662902832 24.1626663208008 24.46266746521 24.655834197998 24.4195003509521 24.6073341369629 24.8668327331543 25.0951652526855 25.3784999847412 25.5036659240723 25.4393329620361 25.4726676940918 25.4798336029053 25.511833190918 25.5461654663086 25.6134986877441 25.7198333740234 25.7963333129883 25.9088325500488 26.0281658172607 26.0701675415039
22.2089996337891 23.1111679077148 23.0109996795654 24.5571670532227 24.0193328857422 22.8120002746582 23.9925003051758 23.292667388916 23.1604995727539 24.1768341064453 24.5025005340576 25.0551662445068 24.9608325958252 24.2765007019043 23.8093338012695 23.5248336791992 23.929666519165 25.3318328857422 25.5330009460449 25.2350006103516 24.0200004577637 24.042667388916 24.4111671447754 25.6895008087158 25.7954998016357 25.6236667633057 25.4641666412354 25.7449989318848 25.7011661529541 24.917667388916 24.9365005493164 24.6338329315186 24.6878337860107 24.5896663665771 24.7959995269775 24.9833335876465 25.0961666107178 25.4158325195312 25.6586666107178 25.7241668701172 25.7296676635742 25.7504997253418 25.7104988098145 25.7368335723877 25.8208332061768 25.9598331451416 26.0184993743896 26.0841674804688 26.167667388916
22.1555004119873 23.0106658935547 22.5998344421387 23.7371673583984 24.0575008392334 23.17799949646 24.0258331298828 23.7148342132568 23.7403335571289 24.4398326873779 25.1573333740234 25.3511657714844 25.1604995727539 24.0195007324219 24.1261672973633 24.2175006866455 24.4718322753906 25.4191665649414 26.2196674346924 25.6560001373291 24.5364990234375 24.5361671447754 24.7115001678467 25.1948337554932 26.1888332366943 26.121000289917 26.0666656494141 26.0033321380615 26.1655006408691 26.0515003204346 25.3983345031738 25.1411666870117 25.0314998626709 24.5890007019043 24.6603336334229 24.9104995727539 25.1173343658447 25.2571678161621 25.4258327484131 25.7436676025391 25.9459991455078 25.9523334503174 25.8386669158936 25.8064994812012 25.9349994659424 26.1438331604004 26.2063331604004 26.200834274292 26.1311664581299
24.3746681213379 24.0036678314209 24.3533325195312 24.3551654815674 24.9343338012695 23.2411670684814 23.353666305542 24.4629993438721 24.4183330535889 24.8595008850098 25.7043342590332 25.5820007324219 24.8803329467773 24.3978328704834 24.800500869751 24.9435005187988 24.9715003967285 25.8465003967285 26.808666229248 26.0358333587646 25.1231670379639 25.070499420166 25.4604988098145 25.3113327026367 25.8894996643066 26.4816665649414 26.6656665802002 26.5625 26.2630004882812 26.4813327789307 26.1873321533203 25.9726676940918 25.0528335571289 24.8129997253418 24.7999992370605 24.9456653594971 25.1456661224365 25.3519992828369 25.4734992980957 25.6576671600342 25.9386672973633 26.1105003356934 25.9566669464111 25.923999786377 26.0429992675781 26.2316665649414 26.3593330383301 26.3836669921875 26.2919998168945
21.7959995269775 22.5515003204346 22.5183334350586 22.9756660461426 25.1534996032715 23.4640007019043 23.1186676025391 23.9395008087158 25.1455001831055 25.2876663208008 26.082332611084 25.783332824707 25.570333480835 25.2156677246094 25.2788333892822 25.492166519165 25.4584999084473 25.7399997711182 26.9658317565918 26.3179988861084 25.7376670837402 25.6046676635742 25.9556655883789 25.6311664581299 25.7565002441406 26.3833332061768 26.9243335723877 26.9883346557617 26.7068328857422 26.4821662902832 26.6413345336914 26.3946666717529 26.0258331298828 25.4169998168945 25.0931663513184 25.1426658630371 25.2893333435059 25.3856658935547 25.5403327941895 25.7623329162598 25.9648342132568 26.1526660919189 26.162166595459 26.1388339996338 26.2176666259766 26.3050003051758 26.4191665649414 26.5181655883789 26.4710006713867
21.8299999237061 22.7191677093506 23.25950050354 23.5976676940918 25.4798336029053 24.0558338165283 23.4885005950928 23.8850002288818 24.7756671905518 25.9023342132568 26.3850002288818 26.224666595459 25.8139991760254 25.5268325805664 25.6068325042725 25.8330001831055 26.0946674346924 26.0954990386963 27.0608329772949 26.6219997406006 26.1809997558594 26.1443328857422 26.2259998321533 25.9776668548584 25.8110008239746 26.1669998168945 26.6391658782959 27.1001663208008 27.0310001373291 26.7746658325195 26.5881671905518 26.716667175293 26.6124992370605 26.2963333129883 25.7430000305176 25.5226669311523 25.4136657714844 25.4383335113525 25.5659999847412 25.6891670227051 25.9099998474121 26.1396675109863 26.2888336181641 26.3233337402344 26.3561668395996 26.3603343963623 26.4524993896484 26.5708332061768 26.6433334350586
21.8759994506836 22.2985000610352 23.3846664428711 24.4230003356934 24.929500579834 24.5596656799316 24.0496673583984 23.9693336486816 24.2471656799316 25.5699996948242 26.8946666717529 26.2825012207031 25.6046676635742 25.9476661682129 25.9798336029053 26.3523330688477 26.4736671447754 26.2868328094482 27.1576671600342 26.9449996948242 26.2788333892822 26.321834564209 26.0593338012695 25.9766654968262 25.9603328704834 25.8950004577637 26.3234996795654 26.6805000305176 27.1938323974609 27.0793342590332 26.6748332977295 26.4831657409668 26.861665725708 26.7534980773926 26.329833984375 26.0048332214355 25.6805000305176 25.3273334503174 25.4521675109863 25.6198329925537 25.7991676330566 26.0139999389648 26.1905002593994 26.3596668243408 26.4733333587646 26.4698333740234 26.4703330993652 26.5643329620361 26.6370010375977
22.5966663360596 22.9011669158936 23.2146663665771 23.6738319396973 23.9236660003662 25.4075012207031 24.7393341064453 24.5854988098145 24.8535003662109 25.6805000305176 27.0604991912842 26.1203346252441 25.8344993591309 26.3659992218018 26.2234992980957 26.6253337860107 26.7623329162598 26.5466651916504 27.1431655883789 27.0688323974609 26.4546661376953 26.3689994812012 26.1793327331543 26.1539993286133 25.9740009307861 25.6641654968262 26.1403350830078 26.4386672973633 26.6849994659424 27.2215003967285 26.9370002746582 26.5816669464111 26.8974990844727 26.9165000915527 26.5469989776611 26.1981658935547 25.8486671447754 25.541166305542 25.5384998321533 25.5216674804688 25.609167098999 25.7374992370605 26.0370006561279 26.316499710083 26.4899997711182 26.5286674499512 26.5650005340576 26.5839996337891 26.6213321685791
22.9640007019043 23.1841659545898 23.4879989624023 23.1798324584961 23.8563327789307 25.3339996337891 25.5130004882812 25.2185001373291 25.3290004730225 26.0813331604004 27.1201667785645 26.5659999847412 26.4915008544922 26.576000213623 26.607666015625 27.0901660919189 26.9193344116211 26.8624992370605 27.4061660766602 27.3186664581299 27.1126670837402 26.5478343963623 26.4395008087158 26.2408332824707 25.9711666107178 25.6089992523193 25.9441661834717 26.3906669616699 26.6176662445068 26.9376678466797 27.3281669616699 27.2186660766602 26.966833114624 26.4818325042725 26.1525001525879 25.7838325500488 25.666332244873 25.7458343505859 25.6940002441406 25.5696659088135 25.4771671295166 25.6433334350586 25.917667388916 26.1136665344238 26.2600002288818 26.390832901001 26.4061660766602 26.4669990539551 26.6000003814697
23.4449996948242 23.5646667480469 23.941499710083 23.6086673736572 23.9171676635742 24.6308326721191 25.8374996185303 26.0639991760254 26.0071678161621 26.5671672821045 27.0953330993652 26.7280006408691 27.079833984375 26.908332824707 27.1516666412354 27.4695014953613 27.2853317260742 27.3419990539551 27.5051670074463 27.2726669311523 27.2981662750244 26.7583332061768 26.5014991760254 26.3253345489502 26.0494995117188 25.6656665802002 25.615665435791 26.0323333740234 26.212833404541 26.8541660308838 27.3145008087158 27.2986679077148 26.6173324584961 26.0783348083496 25.6490001678467 25.4001655578613 25.216667175293 25.2840003967285 25.6518325805664 25.7611675262451 25.6961669921875 25.7346668243408 25.9034996032715 26.0520000457764 26.1198329925537 26.138500213623 26.2363338470459 26.3666667938232 26.542667388916
