rasters/Kenya_bio10.asc
NCOLS 96 
NROWS 116 
XLLCORNER 33.890468384 
YLLCORNER -4.677504203 
CELLSIZE 0.083276570625 
NODATA_value -3.4e+38 
[rows 63 to 83 of 116, columns 0 to 46 of 96]
23.152166366577099 23.1638336181641 23.1788330078125 23.2275009155273 23.318000793457 23.246166229248 23.244499206543 23.3751678466797 23.3566665649414 23.3806667327881 23.492166519165 23.6660003662109 23.5793323516846 22.954833984375 21.4471664428711 19.4653339385986 19.2531661987305 18.2080001831055 16.2663345336914 15.359167098999 14.5063333511353 14.3024997711182 15.5538330078125 16.8741664886475 17.1768341064453 17.9813327789307 17.9554996490479 16.8470001220703 14.7131662368774 15.4078330993652 15.5089998245239 12.6298332214355 8.99116611480713 12.1354999542236 15.1781663894653 16.6936664581299 17.5716667175293 17.4074993133545 16.1261672973633 13.6028337478638 12.2231664657593 14.5121669769287 16.1671657562256 17.8398323059082 19.841833114624 21.6609992980957 23.1318340301514
23.1505012512207 23.1643333435059 23.1901664733887 23.2700004577637 23.253999710083 23.1921672821045 23.0311660766602 23.1848335266113 23.5224990844727 23 22.5345001220703 22.0688323974609 21.4244995117188 20.8116664886475 19.9238338470459 19.0909996032715 18.4353332519531 16.9099998474121 15.7886667251587 15.2808332443237 14.6721668243408 13.2451667785645 13.1713333129883 15.014666557312 16.7213325500488 17.8859996795654 18.199333190918 17.8783340454102 15.7668333053589 15.8681669235229 15.5390005111694 13.0740003585815 8.96749973297119 10.8889999389648 14.1900005340576 16.4190006256104 18.09983253479 18.3066673278809 17.3391666412354 16.0165004730225 16.4055004119873 17.5268325805664 18.1003322601318 18.8665008544922 20.3256664276123 21.742000579834 23.6073322296143
23.0739994049072 22.8008327484131 23.1858329772949 22.9759998321533 23.328498840332 23.3181667327881 23.2296676635742 23.3371658325195 23.0156669616699 22.1754989624023 21.8781661987305 21.3239994049072 20.7646675109863 20.2474994659424 19.8718338012695 19.296667098999 18.3363342285156 16.7751655578613 15.9479999542236 15.4034996032715 15.0283336639404 13.8693332672119 12.5216665267944 12.8866662979126 15.3871669769287 17.5021667480469 18.5338325500488 18.4983329772949 17.5235004425049 16.5244998931885 15.4811668395996 13.1538333892822 11.9699993133545 11.091833114624 13.8328332901001 16.3901672363281 18.3391666412354 18.7878322601318 18.4531669616699 18.4258327484131 18.8861656188965 19.2574996948242 19.1371669769287 19.9723339080811 21.1833324432373 22.1403331756592 23.7325000762939
23.1631660461426 23.1564998626709 22.9138336181641 22.5223331451416 23.2823333740234 23.1278343200684 23.2059993743896 22.7210006713867 22.281665802002 21.7506675720215 20.8383331298828 19.7064990997314 19.199333190918 19.554666519165 19.5868339538574 19.0606670379639 18.3409996032715 17.3355007171631 16.0828342437744 15.6380004882812 15.0643329620361 14.4270000457764 13.426833152771 12.7198333740234 14.0268335342407 16.4463329315186 18.1644992828369 18.1801681518555 17.8493328094482 17.6186676025391 15.2541666030884 14.2906665802002 12.8319997787476 11.1625003814697 13.5544996261597 16.5583343505859 18.1436672210693 18.8773326873779 19.3073329925537 20.0513343811035 20.6138343811035 20.7223339080811 20.8600006103516 21.2626667022705 21.8741664886475 21.82200050354 24.0139999389648
23.1713333129883 23.0909996032715 21.1228332519531 21.6889991760254 22.9064998626709 22.5233345031738 22.3758335113525 22.1809997558594 21.7361660003662 21.1841659545898 20.4885005950928 18.8211669921875 18.7121658325195 19.0504989624023 19.320499420166 18.8306655883789 18.4376659393311 17.5186672210693 16.3638324737549 15.7919998168945 15.3680000305176 14.6731662750244 13.8070001602173 13.3394994735718 13.2808332443237 14.0646667480469 16.2378330230713 15.4398336410522 16.3198337554932 18.0645008087158 15.9879999160767 14.0725002288818 12.5991668701172 10.3870000839233 13.9851665496826 16.6833324432373 18.2818336486816 19.3231658935547 20.2111663818359 21.445333480835 21.9436664581299 22.1760005950928 22.2768325805664 22.1673336029053 21.8390007019043 22.0284996032715 23.5548324584961
23.1658325195312 23.1636657714844 22.6133346557617 22.5515003204346 22.121000289917 22.2766666412354 22.2623329162598 22.0590000152588 21.5524997711182 20.9198322296143 20.0043334960938 19.0725002288818 18.9344997406006 18.9431667327881 19.4466667175293 18.982666015625 18.4631671905518 17.6973342895508 16.6608333587646 15.8606662750244 15.5156669616699 14.7901668548584 14.2701663970947 13.900333404541 13.4619998931885 12.7563333511353 14.8020000457764 16.6878337860107 17.63450050354 18.1459999084473 17.2331657409668 14.2795000076294 13.2789993286133 12.4486665725708 14.2413330078125 16.7413330078125 18.6246662139893 19.7311668395996 20.6900005340576 21.857666015625 22.449333190918 22.5591659545898 22.7683334350586 22.7374992370605 22.1743335723877 22.6000003814697 22.9400005340576
23.1723327636719 23.1961669921875 23.1493339538574 22.8395004272461 22.558500289917 22.5044994354248 22.2826671600342 21.9383335113525 21.2446670532227 20.6136665344238 19.9321670532227 19.1679992675781 18.5048332214355 19.257999420166 19.4039993286133 19.146333694458 18.6298332214355 17.8833332061768 17.1828327178955 16.6684989929199 16.2706661224365 15.8206663131714 15.1351661682129 14.6893329620361 14.179666519165 13.2131671905518 13.9704999923706 17.5661659240723 18.2041664123535 17.9873332977295 17.3716659545898 14.7263336181641 13.8468332290649 14.1936664581299 15.4778337478638 17.1366672515869 18.7228336334229 19.9496669769287 20.8566665649414 21.8886661529541 22.5833339691162 22.7049999237061 22.8955001831055 22.9265003204346 22.857666015625 22.9506664276123 23.6070003509521
23.1923332214355 23.1588325500488 23.1766662597656 23.1866664886475 22.8595008850098 22.5468330383301 21.9198341369629 21.5626659393311 21.2056674957275 20.261999130249 19.7604999542236 19.0088329315186 18.7186660766602 19.0235004425049 19.1814994812012 19.0408325195312 18.7778339385986 18.4545001983643 18.130500793457 17.4638328552246 17.074333190918 16.7478332519531 16.1595001220703 15.8093328475952 15.2445001602173 14.1614999771118 13.5508337020874 16.2653331756592 17.5303325653076 17.5960006713867 16.8928337097168 15.486499786377 14.2516660690308 14.8109998703003 16.7333335876465 18.2103328704834 19.2503337860107 20.2106666564941 20.8689994812012 21.1528339385986 22.0566673278809 22.6525001525879 23.0403327941895 22.9584999084473 23.0383338928223 22.9098339080811 23.4501667022705
23.2204990386963 23.1876659393311 23.2136669158936 23.371166229248 22.9491653442383 22.2373332977295 21.761833190918 21.3959999084473 20.9953327178955 19.9435005187988 19.535665512085 19.1644992828369 19.3553333282471 19.5036659240723 19.3598327636719 19.2973327636719 19.3286666870117 19.0166664123535 18.4071674346924 17.7390003204346 17.5258331298828 17.3331661224365 17.066499710083 16.8063335418701 16.5343341827393 15.561333656311 14.6571664810181 17.0448341369629 19.3146667480469 18.8778343200684 18.0625 18.4388332366943 15.7318334579468 15.8328332901001 17.7061672210693 19.0686664581299 20.1121673583984 20.6686668395996 20.843334197998 21.0004997253418 21.2566661834717 21.7201671600342 22.8931674957275 23.0633335113525 22.8859996795654 22.6005001068115 23.0583343505859
-3.4e+38 -3.4e+38 23.3656673431396 23.1336669921875 22.7253341674805 22.2663326263428 21.7371673583984 21.2423324584961 20.9953327178955 19.9266662597656 19.6736660003662 19.7546672821045 19.6031665802002 19.4143333435059 19.4506664276123 19.7053337097168 19.3813323974609 18.3075008392334 17.9093341827393 17.9728336334229 17.9074993133545 17.845832824707 17.6633338928223 17.5709991455078 17.6580009460449 17.3018341064453 16.8003330230713 18.7220001220703 20.6316661834717 20.8633346557617 20.8880004882812 20.283332824707 16.4943332672119 16.6393337249756 18.5890007019043 19.8541660308838 20.675500869751 21.0501670837402 21.2056674957275 21.1800003051758 21.2744998931885 21.8286666870117 22.7360000610352 22.6958332061768 22.5821666717529 22.1103324890137 22.8478336334229
-3.4e+38 -3.4e+38 -3.4e+38 22.7313346862793 22.3693332672119 22.1160011291504 21.8460006713867 21.5989990234375 21.332332611084 20.4561672210693 20.3073329925537 19.9568328857422 19.4186668395996 19.2173328399658 19.9221668243408 19.7818336486816 18.7776679992676 18.1935005187988 18.1851673126221 18.2525005340576 18.2881660461426 18.2981662750244 18.2118339538574 18.3593330383301 18.7234992980957 18.6616668701172 18.3304996490479 20.3945007324219 20.2738342285156 19.9976673126221 21.5025005340576 20.5248336791992 16.966833114624 17.613166809082 19.261833190918 20.5053329467773 21.0986671447754 21.3649997711182 21.474666595459 21.1539993286133 21.1830005645752 21.9023342132568 22.4141654968262 22.5644989013672 22.4554996490479 22.2003326416016 22.6494998931885
-3.4e+38 -3.4e+38 -3.4e+38 -3.4e+38 -3.4e+38 21.8708343505859 21.3365001678467 21.2921676635742 21.2241668701172 21.0661659240723 20.4638328552246 19.5713329315186 19.2239990234375 19.8680000305176 20.0511665344238 19.8326663970947 19.4165000915527 18.4426670074463 18.4981670379639 18.5841674804688 18.7186660766602 18.7813339233398 18.9446659088135 19.1949996948242 19.5801658630371 19.8106670379639 20.031665802002 21.3938331604004 21.5708332061768 21.2054996490479 22.2140007019043 21.0275001525879 18.3478336334229 19.1316661834717 20.1205005645752 20.9505004882812 21.3926677703857 21.5294990539551 21.5443325042725 21.3155002593994 21.207332611084 21.7814998626709 22.2933330535889 22.2313327789307 22.4698333740234 22.6184997558594 22.6446666717529
-3.4e+38 -3.4e+38 -3.4e+38 -3.4e+38 -3.4e+38 -3.4e+38 -3.4e+38 20.7269992828369 20.3994998931885 20.3570003509521 20.2606658935547 19.0559997558594 19.6315002441406 20.5756664276123 20.5611667633057 20.183666229248 19.7273330688477 18.9990005493164 19.0691661834717 19.0161666870117 18.9738330841064 19.0774993896484 19.4098339080811 19.7671661376953 20.7285003662109 21.236499786377 21.7544994354248 22.1906661987305 22.9253330230713 22.8824996948242 22.6891670227051 21.2714996337891 19.6023330688477 19.9191665649414 20.6720008850098 21.2374992370605 21.3166675567627 21.5318336486816 21.4850006103516 21.3125 21.1081676483154 20.7743339538574 22.4896659851074 22.576000213623 22.4498329162598 22.8881664276123 22.8666667938232
-3.4e+38 -3.4e+38 -3.4e+38 -3.4e+38 -3.4e+38 -3.4e+38 -3.4e+38 -3.4e+38 -3.4e+38 19.4341659545898 19.5715007781982 20.2064990997314 20.6191673278809 20.6478328704834 20.792667388916 20.4946670532227 19.969165802002 19.8369998931885 19.7151660919189 19.3801670074463 18.6299991607666 18.466833114624 19.7828330993652 20.5581665039062 21.1858329772949 22.3713340759277 22.8703327178955 22.9788341522217 23.3293342590332 23.2321662902832 23.0790004730225 22.2811660766602 20.3565006256104 20.4073333740234 20.8211669921875 21.1553344726562 21.2518329620361 21.4206657409668 21.2041664123535 20.7653331756592 21.0646667480469 21.2348327636719 22.2408332824707 22.5713329315186 22.8898334503174 22.7900009155273 23.1564998626709
-3.4e+38 -3.4e+38 -3.4e+38 -3.4e+38 -3.4e+38 -3.4e+38 -3.4e+38 -3.4e+38 -3.4e+38 -3.4e+38 -3.4e+38 21.2398338317871 20.7648334503174 20.9349994659424 20.7941665649414 20.7544994354248 20.503999710083 20.3216667175293 19.845666885376 19.4521675109863 17.8369998931885 17.4676666259766 19.6361656188965 20.7154998779297 21.5939998626709 22.8806667327881 23.2953338623047 23.3648338317871 23.7328338623047 23.6070003509521 23.5815010070801 22.6681671142578 21.1919994354248 20.9393329620361 21.0564994812012 21.2238330841064 21.4029998779297 21.0643329620361 20.5054988861084 19.6101665496826 19.445499420166 21.5766677856445 22.1149997711182 22.5289993286133 23.0088329315186 22.9956665039062 23.2950000762939
-3.4e+38 -3.4e+38 -3.4e+38 -3.4e+38 -3.4e+38 -3.4e+38 -3.4e+38 -3.4e+38 -3.4e+38 -3.4e+38 -3.4e+38 -3.4e+38 21.2948341369629 21.0830001831055 20.6223335266113 20.5364990234375 19.9326667785645 19.0876655578613 19.3158340454102 18.9646663665771 17.9874992370605 16.8103332519531 18.4034996032715 20.828332901001 21.9079990386963 23.1591663360596 23.5834999084473 23.7943325042725 24.2868328094482 24.2040004730225 24.0890007019043 23.2316665649414 22.1359996795654 21.2065010070801 21.1741676330566 21.1378326416016 21.1386661529541 20.9179992675781 20.423999786377 20.4808330535889 20.6008338928223 21.7916660308838 22.2614994049072 22.6679992675781 22.7921676635742 23.2604999542236 23.2600002288818
-3.4e+38 -3.4e+38 -3.4e+38 -3.4e+38 -3.4e+38 -3.4e+38 -3.4e+38 -3.4e+38 -3.4e+38 -3.4e+38 -3.4e+38 -3.4e+38 -3.4e+38 -3.4e+38 20.6494998931885 20.5243339538574 20.0014991760254 19.4406661987305 19.121166229248 18.5755004882812 18.7986660003662 17.5375003814697 16.4521675109863 18.7691669464111 21.0389995574951 23.3916664123535 24.3106670379639 24.6941661834717 24.9483337402344 24.2303333282471 23.6518325805664 23.2403335571289 22.2234992980957 21.3444995880127 21.1858329772949 21.0458335876465 20.9596672058105 20.7343330383301 20.3229999542236 20.4049987792969 20.4226665496826 20.6366672515869 20.4109992980957 22.2531661987305 22.8979988098145 23.1128330230713 23.8083343505859
-3.4e+38 -3.4e+38 -3.4e+38 -3.4e+38 -3.4e+38 -3.4e+38 -3.4e+38 -3.4e+38 -3.4e+38 -3.4e+38 -3.4e+38 -3.4e+38 -3.4e+38 -3.4e+38 -3.4e+38 -3.4e+38 19.558500289917 19.1806659698486 18.8388328552246 18.8268337249756 18.6550006866455 18.4568328857422 17.6751670837402 17.9618339538574 19.6198329925537 23.6713333129883 25.2468338012695 25.7514991760254 25.7439994812012 24.4728336334229 23.4085006713867 23.0273342132568 21.9064998626709 21.0745010375977 21.0364990234375 20.8248329162598 20.7546672821045 20.5906658172607 20.3640003204346 20.1865005493164 20.3729991912842 20.8854999542236 20.9635009765625 21.568000793457 22.6813335418701 23.4663333892822 23.9896659851074
-3.4e+38 -3.4e+38 -3.4e+38 -3.4e+38 -3.4e+38 -3.4e+38 -3.4e+38 -3.4e+38 -3.4e+38 -3.4e+38 -3.4e+38 -3.4e+38 -3.4e+38 -3.4e+38 -3.4e+38 -3.4e+38 -3.4e+38 -3.4e+38 18.4718341827393 18.2161674499512 17.7608337402344 18.2078342437744 18.6165008544922 18.6406669616699 19.429500579834 24.1595001220703 25.9735012054443 26.1809997558594 26.1686668395996 25.0153331756592 24.2329998016357 22.6918334960938 21.6338329315186 21.2116661071777 20.7556667327881 20.5475006103516 20.5056667327881 20.3368339538574 20.4424991607666 20.0416660308838 20.0979995727539 19.5885009765625 21.3159999847412 22.2693328857422 22.9750003814697 23.5618324279785 24.1421661376953
-3.4e+38 -3.4e+38 -3.4e+38 -3.4e+38 -3.4e+38 -3.4e+38 -3.4e+38 -3.4e+38 -3.4e+38 -3.4e+38 -3.4e+38 -3.4e+38 -3.4e+38 -3.4e+38 -3.4e+38 -3.4e+38 -3.4e+38 -3.4e+38 -3.4e+38 -3.4e+38 17.7054996490479 18.3281669616699 19.3810005187988 18.734001159668 20.3238334655762 24.4441661834717 26.3258323669434 26.3333320617676 26.2476673126221 25.2504997253418 24.0068340301514 22.3676662445068 21.3596668243408 20.8993339538574 20.6205005645752 20.4436664581299 20.4951667785645 20.6943340301514 20.8141670227051 20.9168338775635 21.0944995880127 21.2958335876465 21.4333343505859 22.378833770752 23.0279998779297 23.3693332672119 23.8096656799316
-3.4e+38 -3.4e+38 -3.4e+38 -3.4e+38 -3.4e+38 -3.4e+38 -3.4e+38 -3.4e+38 -3.4e+38 -3.4e+38 -3.4e+38 -3.4e+38 -3.4e+38 -3.4e+38 -3.4e+38 -3.4e+38 -3.4e+38 -3.4e+38 -3.4e+38 -3.4e+38 -3.4e+38 17.291166305542 19.5701656341553 19.8853340148926 22.3301658630371 25.1411666870117 26.3533325195312 26.423999786377 26.208833694458 25.1441669464111 23.6490001678467 22.3808326721191 21.4263324737549 20.6433334350586 20.5084991455078 20.4693336486816 20.3915004730225 21.2115001678467 21.1774997711182 21.6333332061768 21.9411659240723 22.2163333892822 21.591667175293 22.9558334350586 23.4541664123535 23.671501159668 23.9586658477783
