rasters/Kenya_bio10.asc
NCOLS 96 
NROWS 116 
XLLCORNER 33.890468384 
YLLCORNER -4.677504203 
CELLSIZE 0.083276570625 
NODATA_value -3.4e+38 
[rows 42 to 62 of 116, columns 47 to 93 of 96]
26.4326667785645 26.4934997558594 26.5068321228027 26.5821666717529 27.4495010375977 27.59716796875 27.7223339080811 27.8743324279785 28.0066680908203 28.1338329315186 28.2588329315186 28.3660011291504 28.4496650695801 28.5143337249756 28.6011657714844 28.6686668395996 28.6925010681152 28.7228336334229 28.796501159668 28.966833114624 29.1331672668457 29.3251667022705 29.5138339996338 29.6650009155273 29.7730007171631 29.8784980773926 29.9230003356934 29.9178333282471 29.941499710083 29.9711666107178 30.0100002288818 30.0190010070801 30.0276660919189 30.0429992675781 30.0375003814697 30.0688343048096 30.0588340759277 30.0946655273438 -3.4e+38 -3.4e+38 -3.4e+38 -3.4e+38 -3.4e+38 -3.4e+38 -3.4e+38 -3.4e+38 -3.4e+38
25.9178333282471 26.1093330383301 26.2501659393311 26.5658340454102 27.1856670379639 27.5143337249756 27.7029991149902 27.8946666717529 28.0306663513184 28.0831661224365 28.2458324432373 28.3568325042725 28.4664993286133 28.5551662445068 28.654333114624 28.7481670379639 28.8633346557617 28.9231662750244 28.8546676635742 28.8080005645752 29.0690002441406 29.271333694458 29.4559993743896 29.5834999084473 29.7103328704834 29.8208332061768 29.8361663818359 29.8303337097168 29.9514999389648 30.0165004730225 30.0450000762939 30.079833984375 30.09983253479 30.1246662139893 30.1183338165283 30.1284999847412 30.1696662902832 30.2136669158936 -3.4e+38 -3.4e+38 -3.4e+38 -3.4e+38 -3.4e+38 -3.4e+38 -3.4e+38 -3.4e+38 -3.4e+38
25.3944988250732 25.642333984375 25.7136669158936 26.5026664733887 27.0144996643066 27.3181667327881 27.5638332366943 27.7625007629395 27.8794994354248 27.9036674499512 28.151834487915 28.3286666870117 28.3316669464111 28.4143333435059 28.5981674194336 28.7316665649414 28.8684997558594 28.9831657409668 28.9806652069092 28.8351669311523 28.9258327484131 28.9973335266113 29.3320007324219 29.5209999084473 29.6478328704834 29.804666519165 29.8530006408691 29.8155002593994 29.8794994354248 29.9571666717529 30.0168323516846 30.0900001525879 30.1453323364258 30.1536674499512 30.1976661682129 30.2033348083496 30.2560005187988 30.2958335876465 -3.4e+38 -3.4e+38 -3.4e+38 -3.4e+38 -3.4e+38 -3.4e+38 -3.4e+38 -3.4e+38 -3.4e+38
25.0141658782959 25.4196662902832 25.7729988098145 26.3798332214355 26.8134994506836 27.117166519165 27.3959999084473 27.5618343353271 27.7853336334229 27.9268341064453 28.1066665649414 28.1003341674805 27.9383335113525 28.1334991455078 28.3038330078125 28.5921669006348 28.7881660461426 28.9360008239746 29.0481662750244 28.8911666870117 28.7481670379639 28.9166679382324 29.2449989318848 29.5033340454102 29.6125011444092 29.7733325958252 29.9103336334229 29.872501373291 29.8246669769287 29.9186668395996 30.0230007171631 30.1213340759277 30.1634998321533 30.1666679382324 30.2465000152588 30.2956657409668 30.3121662139893 30.3834991455078 -3.4e+38 -3.4e+38 -3.4e+38 -3.4e+38 -3.4e+38 -3.4e+38 -3.4e+38 -3.4e+38 -3.4e+38
25.2001667022705 25.4696674346924 25.7299995422363 26.1443328857422 26.5984992980957 26.9973335266113 27.1788330078125 27.2830009460449 27.5776672363281 27.9165000915527 28.0769996643066 27.9278335571289 28.0458335876465 28.3589992523193 28.5846672058105 28.7101669311523 28.7468338012695 28.8745002746582 29.0848331451416 29.0151672363281 28.8921661376953 29.0849990844727 29.2679996490479 29.4718322753906 29.6001663208008 29.6431674957275 29.8113327026367 29.8303337097168 29.8651657104492 29.9305000305176 30.0031661987305 30.1070003509521 30.1191673278809 30.1668338775635 30.246166229248 30.3020000457764 30.3223342895508 30.3794994354248 -3.4e+38 -3.4e+38 -3.4e+38 -3.4e+38 -3.4e+38 -3.4e+38 -3.4e+38 -3.4e+38 -3.4e+38
25.0991668701172 25.3641662597656 25.5989990234375 25.9020004272461 26.2735004425049 26.6669998168945 26.7621669769287 26.5953330993652 27.0928325653076 27.5648326873779 27.9251670837402 28.1553344726562 28.3181667327881 28.4301662445068 28.5761661529541 28.7221660614014 28.867000579834 28.9896659851074 29.1158332824707 29.2194995880127 29.125 29.1291656494141 29.1808338165283 29.2663326263428 29.5208320617676 29.5933322906494 29.7081680297852 29.7194995880127 29.8098335266113 29.8780002593994 29.9591674804688 30.0639991760254 30.076000213623 30.1323337554932 30.1858329772949 30.25950050354 30.3484992980957 30.4174995422363 -3.4e+38 -3.4e+38 -3.4e+38 -3.4e+38 -3.4e+38 -3.4e+38 -3.4e+38 -3.4e+38 -3.4e+38
25.003833770752 25.2723331451416 25.5366668701172 25.804500579834 26.1028327941895 26.4479999542236 26.8023338317871 27.0214996337891 27.4790000915527 27.5498332977295 27.9650001525879 28.1578330993652 28.2150001525879 28.2706661224365 28.4186668395996 28.6474990844727 28.8108329772949 28.9848327636719 29.094165802002 29.2395000457764 29.2173347473145 29.154333114624 29.2293338775635 29.3753337860107 29.5670013427734 29.6298332214355 29.6674995422363 29.6656665802002 29.7958335876465 29.8611660003662 29.9581680297852 30.0606670379639 30.0696678161621 30.2649993896484 30.3118343353271 30.2840003967285 30.3126678466797 30.4263343811035 -3.4e+38 -3.4e+38 -3.4e+38 -3.4e+38 -3.4e+38 -3.4e+38 -3.4e+38 -3.4e+38 -3.4e+38
24.9916667938232 25.2723331451416 25.4776668548584 25.6626663208008 25.920166015625 26.2736663818359 26.9273338317871 27.2813339233398 27.4383335113525 27.6340007781982 27.8449993133545 27.9566669464111 27.9300003051758 28.0114994049072 28.2406673431396 28.511999130249 28.6991653442383 28.9096660614014 29.0871677398682 29.2123336791992 29.2533340454102 29.1778335571289 29.1881675720215 29.4060001373291 29.6935005187988 29.7783336639404 29.6988334655762 29.703332901001 29.8279991149902 29.860668182373 30.0060005187988 30.1086673736572 30.0863342285156 30.3010005950928 30.3994998931885 30.4428329467773 30.429500579834 30.4046669006348 -3.4e+38 -3.4e+38 -3.4e+38 -3.4e+38 -3.4e+38 -3.4e+38 -3.4e+38 -3.4e+38 -3.4e+38
24.7611656188965 25.2875003814697 25.417667388916 25.6876678466797 25.9481658935547 26.2068328857422 26.6066665649414 26.9313335418701 27.1748332977295 27.2858333587646 27.6059989929199 27.7574996948242 27.6823348999023 27.8678321838379 28.1491680145264 28.4120006561279 28.6105003356934 28.8274993896484 29.0139999389648 29.1958332061768 29.3058338165283 29.2830009460449 29.2143325805664 29.3453330993652 29.6184997558594 29.7583332061768 29.7379989624023 29.8491668701172 29.9056663513184 30.0359992980957 30.1375007629395 30.2193336486816 30.2616653442383 30.3528327941895 30.3929996490479 30.4249992370605 30.4324989318848 30.4654998779297 -3.4e+38 -3.4e+38 -3.4e+38 -3.4e+38 -3.4e+38 -3.4e+38 -3.4e+38 -3.4e+38 -3.4e+38
25.0813331604004 25.2021675109863 25.3003330230713 25.3343334197998 25.5806674957275 25.9013328552246 26.1504993438721 26.279167175293 26.6165008544922 26.9309997558594 27.2945003509521 27.4845008850098 27.5866661071777 27.8859996795654 28.1271667480469 28.2814998626709 28.470832824707 28.7423343658447 28.9804992675781 29.2303352355957 29.4064998626709 29.4858341217041 29.3183326721191 29.3321666717529 29.5375003814697 29.7718334197998 29.869499206543 29.8905010223389 30.0058326721191 30.1181659698486 30.1608333587646 30.183666229248 30.3306655883789 30.408166885376 30.4316673278809 30.46266746521 30.4471664428711 30.4783325195312 -3.4e+38 -3.4e+38 -3.4e+38 -3.4e+38 -3.4e+38 -3.4e+38 -3.4e+38 -3.4e+38 -3.4e+38
24.8816661834717 24.8581657409668 24.7963333129883 24.8611660003662 25.2940006256104 25.6590003967285 25.845832824707 25.9636669158936 26.2886657714844 26.6073341369629 27.0891666412354 27.462833404541 27.6681671142578 27.8578338623047 27.945499420166 28.0443344116211 28.3323345184326 28.6808338165283 28.9511680603027 29.2203330993652 29.4554996490479 29.5858325958252 29.5766658782959 29.4451656341553 29.5403327941895 29.7373332977295 29.8893337249756 29.7861671447754 29.9820003509521 30.1296672821045 30.11549949646 30.1230010986328 30.2455005645752 30.4161682128906 30.4268341064453 30.4440002441406 30.4625015258789 30.4701671600342 -3.4e+38 -3.4e+38 -3.4e+38 -3.4e+38 -3.4e+38 -3.4e+38 -3.4e+38 -3.4e+38 -3.4e+38
24.21533203125 24.1536674499512 23.7045001983643 24.1941661834717 25.015832901001 25.3866653442383 25.700834274292 26.0006675720215 26.341667175293 26.6440010070801 27.0284996032715 27.3573341369629 27.5488338470459 27.6669998168945 27.7988338470459 28.0393333435059 28.3010005950928 28.5891666412354 28.924165725708 29.2333335876465 29.4501667022705 29.6370010375977 29.7583332061768 29.7398338317871 29.6901664733887 29.7198333740234 29.8768329620361 29.75950050354 29.765998840332 29.9276657104492 29.9629993438721 30.1593322753906 30.2501659393311 30.3326663970947 30.3853340148926 30.4268341064453 30.4411659240723 30.3873348236084 -3.4e+38 -3.4e+38 -3.4e+38 -3.4e+38 -3.4e+38 -3.4e+38 -3.4e+38 -3.4e+38 -3.4e+38
23.6418342590332 22.5993328094482 22.2008323669434 23.9015007019043 24.8455009460449 25.2560005187988 25.5284996032715 25.7866668701172 26.2130012512207 26.5901679992676 26.820333480835 27.0289993286133 27.2503337860107 27.5715007781982 27.8055000305176 28.0383338928223 28.2854995727539 28.5699996948242 28.8981666564941 29.1898326873779 29.3863334655762 29.6126670837402 29.8090000152588 29.863000869751 29.9274997711182 29.8601665496826 29.8926658630371 29.7389984130859 29.5901660919189 29.7024993896484 29.8875007629395 30.0728340148926 30.2465000152588 30.2276668548584 30.2810001373291 30.3223342895508 30.3274993896484 30.3503341674805 -3.4e+38 -3.4e+38 -3.4e+38 -3.4e+38 -3.4e+38 -3.4e+38 -3.4e+38 -3.4e+38 -3.4e+38
22.2546672821045 20.2070007324219 22.1943321228027 24.0323333740234 24.8131675720215 25.2740001678467 25.6149997711182 25.8411674499512 26.1233329772949 26.3013324737549 26.6264991760254 26.9179992675781 27.1844997406006 27.530834197998 27.8673324584961 28.1788330078125 28.4545001983643 28.6625003814697 28.904333114624 29.1491661071777 29.4098320007324 29.6003341674805 29.7818336486816 29.8956661224365 30.0065002441406 30.0486660003662 30.046501159668 29.9039993286133 29.716667175293 29.6824989318848 29.7799987792969 30.0198345184326 30.1838321685791 30.1823329925537 30.2169990539551 30.276834487915 30.3593330383301 30.308666229248 -3.4e+38 -3.4e+38 -3.4e+38 -3.4e+38 -3.4e+38 -3.4e+38 -3.4e+38 -3.4e+38 -3.4e+38
20.1071662902832 20.3708324432373 22.9724998474121 24.3570003509521 24.9123344421387 25.3346672058105 25.7581672668457 26.1373329162598 26.3706665039062 26.2399997711182 26.5030002593994 26.8088340759277 27.1326675415039 27.4869995117188 27.8628330230713 28.1649990081787 28.3645000457764 28.5041656494141 28.8449993133545 29.1188335418701 29.3038330078125 29.49049949646 29.6991672515869 29.8781661987305 29.9543323516846 30.0088329315186 30.0884990692139 30.146333694458 30.0550003051758 29.8974990844727 29.9330005645752 30.0893325805664 30.1525001525879 30.1811676025391 30.19700050354 30.1936664581299 30.2403335571289 30.2146663665771 -3.4e+38 -3.4e+38 -3.4e+38 -3.4e+38 -3.4e+38 -3.4e+38 -3.4e+38 -3.4e+38 -3.4e+38
18.2963333129883 21.011833190918 23.6350002288818 24.496166229248 25.0930004119873 25.5295009613037 25.9820003509521 26.5428333282471 26.5970001220703 26.2083320617676 26.4479999542236 26.8293342590332 27.3173332214355 27.5483341217041 27.808500289917 28.0196666717529 28.1693344116211 28.4726657867432 28.7450008392334 29.0103340148926 29.1593322753906 29.443000793457 29.7233333587646 29.8073329925537 29.8514995574951 29.8740005493164 29.878999710083 30.0666656494141 30.2188339233398 30.2360000610352 30.1681671142578 30.1603336334229 30.1634998321533 30.1534996032715 30.1118335723877 30.1188335418701 30.1230010986328 30.0879993438721 -3.4e+38 -3.4e+38 -3.4e+38 -3.4e+38 -3.4e+38 -3.4e+38 -3.4e+38 -3.4e+38 -3.4e+38
21.458833694458 22.8093338012695 24.0785007476807 24.6246662139893 25.1730003356934 25.5938339233398 25.9156665802002 26.7479991912842 26.8610000610352 26.4933338165283 26.6801681518555 27.0431671142578 27.6426677703857 27.8748321533203 27.84033203125 27.9236679077148 28.167667388916 28.4174995422363 28.6480007171631 28.9376659393311 29.1399993896484 29.425500869751 29.6561660766602 29.7478332519531 29.8638324737549 29.8673343658447 29.7896671295166 29.9463348388672 30.1361675262451 30.2118339538574 30.158332824707 30.0846672058105 30.1071662902832 30.0651664733887 30.0098323822021 30.0066661834717 29.9668350219727 29.94700050354 -3.4e+38 -3.4e+38 -3.4e+38 -3.4e+38 -3.4e+38 -3.4e+38 -3.4e+38 -3.4e+38 -3.4e+38
22.7849998474121 23.9596672058105 24.4204998016357 24.9378337860107 25.3481674194336 25.7509994506836 26.1441650390625 26.5389995574951 27.0346660614014 26.8151664733887 27.0976676940918 27.3178329467773 27.8206672668457 28.2771682739258 28.3796653747559 28.3225002288818 28.2509994506836 28.3799991607666 28.6553344726562 28.9300003051758 29.1435012817383 29.3511657714844 29.5376663208008 29.6911659240723 29.8241653442383 29.8735008239746 29.8371677398682 29.8488330841064 29.9993343353271 30.0676670074463 30.0853328704834 29.9985008239746 30.0220012664795 29.9246673583984 29.8771667480469 29.8861656188965 29.8538341522217 29.8661670684814 -3.4e+38 -3.4e+38 -3.4e+38 -3.4e+38 -3.4e+38 -3.4e+38 -3.4e+38 -3.4e+38 -3.4e+38
23.3816661834717 24.2684993743896 24.7313327789307 25.2628326416016 25.9538326263428 26.275333404541 26.5115013122559 26.844165802002 27.0773334503174 27.207332611084 27.4923324584961 27.6700000762939 28.0713329315186 28.3863334655762 28.594165802002 28.7853336334229 28.7854995727539 28.7390003204346 28.8346672058105 29.0374984741211 29.2469997406006 29.421667098999 29.5493335723877 29.6886672973633 29.8263339996338 29.8875007629395 29.9029998779297 29.868501663208 29.9303340911865 29.9178333282471 29.9466667175293 29.9274997711182 29.8776664733887 29.7948341369629 29.761999130249 29.7319984436035 29.7140007019043 29.7355003356934 -3.4e+38 -3.4e+38 -3.4e+38 -3.4e+38 -3.4e+38 -3.4e+38 -3.4e+38 -3.4e+38 -3.4e+38
23.9543342590332 24.6865005493164 24.9093341827393 25.1998329162598 26.2955017089844 26.2368335723877 26.3316669464111 26.7279987335205 27.025333404541 26.9393329620361 27.1884994506836 27.6860008239746 28.09033203125 28.4705009460449 28.7663345336914 28.8619995117188 29.0170001983643 29.1506671905518 29.3095016479492 29.4218330383301 29.392333984375 29.5121650695801 29.6028327941895 29.7249984741211 29.8308334350586 29.9253330230713 29.9118347167969 29.890832901001 29.8726654052734 29.8234996795654 29.7516670227051 29.7178344726562 29.7316665649414 29.6593322753906 29.644832611084 29.6278343200684 29.5998344421387 29.6278343200684 -3.4e+38 -3.4e+38 -3.4e+38 -3.4e+38 -3.4e+38 -3.4e+38 -3.4e+38 -3.4e+38 -3.4e+38
23.7568321228027 24.7784996032715 25.2366676330566 25.4286670684814 25.9986667633057 25.6054992675781 25.6941661834717 26.0193328857422 26.6013336181641 26.5961666107178 26.8339996337891 27.3036670684814 27.820333480835 28.4710006713867 28.7151679992676 28.9195003509521 29.0908336639404 29.2644996643066 29.4198341369629 29.6828346252441 29.6781673431396 29.5469989776611 29.5861663818359 29.7198333740234 29.8206672668457 29.9051666259766 29.8933334350586 29.8428344726562 29.8133335113525 29.7296657562256 29.7018337249756 29.5715007781982 29.5725002288818 29.5288333892822 29.529167175293 29.5006675720215 29.4965019226074 29.5016670227051 -3.4e+38 -3.4e+38 -3.4e+38 -3.4e+38 -3.4e+38 -3.4e+38 -3.4e+38 -3.4e+38 -3.4e+38
