rasters/Kenya_bio10.asc
NCOLS 96 
NROWS 116 
XLLCORNER 33.890468384 
YLLCORNER -4.677504203 
CELLSIZE 0.083276570625 
NODATA_value -3.4e+38 
[rows 84 to 104 of 116, columns 47 to 93 of 96]
24.5793342590332 24.8066673278809 24.6494998931885 25.2674999237061 25.2778339385986 25.5725002288818 25.7441673278809 26.0696659088135 26.3250007629395 26.6485004425049 26.9206657409668 27.1346664428711 27.3994998931885 27.6246662139893 27.808666229248 27.9290008544922 28.0154991149902 28.1136665344238 28.1911659240723 28.2533340454102 28.3374996185303 28.3595008850098 28.396333694458 28.4946670532227 28.5858325958252 28.7405014038086 28.7476673126221 28.7019996643066 28.7309989929199 28.6161670684814 28.4514999389648 28.4018325805664 28.3924999237061 28.4915008544922 28.5900001525879 28.5486660003662 28.5329456329346 28.4801597595215 -3.4e+38 -3.4e+38 -3.4e+38 -3.4e+38 -3.4e+38 -3.4e+38 -3.4e+38 -3.4e+38 -3.4e+38
24.719165802002 24.9658336639404 24.7193336486816 25.179500579834 25.509334564209 25.7236671447754 25.8015003204346 26.2051658630371 26.449333190918 26.6858329772949 26.9389991760254 27.1364994049072 27.4051666259766 27.6068325042725 27.8186664581299 27.9290008544922 28.0491676330566 28.1099987030029 28.1488342285156 28.2316665649414 28.2795009613037 28.2823333740234 28.2574996948242 28.3649997711182 28.4308319091797 28.5676670074463 28.6468334197998 28.6580009460449 28.6660003662109 28.5651664733887 28.4138317108154 28.4511661529541 28.3918342590332 28.5221672058105 28.6186676025391 28.5181655883789 28.4228324890137 -3.4e+38 28.38596534729 -3.4e+38 -3.4e+38 -3.4e+38 -3.4e+38 -3.4e+38 -3.4e+38 -3.4e+38 -3.4e+38
24.515832901001 24.7938327789307 25.0464992523193 24.9871673583984 25.2488327026367 25.6420001983643 25.9305000305176 26.2550010681152 26.529167175293 26.7779998779297 26.9500007629395 27.0995006561279 27.308666229248 27.4948329925537 27.6938323974609 27.9169998168945 28.0306663513184 28.0470008850098 28.066499710083 28.0826663970947 28.1031665802002 28.1111660003662 28.1221656799316 28.1529998779297 28.2131671905518 28.4163341522217 28.5528335571289 28.6206665039062 28.5165004730225 28.4843330383301 28.4701652526855 28.3851661682129 28.4020004272461 28.5476665496826 28.636833190918 28.5261669158936 28.4519710540771 -3.4e+38 -3.4e+38 -3.4e+38 -3.4e+38 -3.4e+38 -3.4e+38 -3.4e+38 -3.4e+38 -3.4e+38 -3.4e+38
24.142333984375 24.5415000915527 25.0641670227051 25.0931663513184 25.0431671142578 25.4464988708496 26.0306663513184 26.3703327178955 26.5943336486816 26.8279991149902 27.0009994506836 27.1806659698486 27.3199996948242 27.5025005340576 27.6681671142578 27.8099994659424 27.9156665802002 27.9318332672119 27.898832321167 27.949499130249 27.9691677093506 27.9483337402344 27.9223327636719 27.880500793457 27.9694995880127 28.2846660614014 28.4559993743896 28.583667755127 28.4606666564941 28.4570007324219 28.5048332214355 28.4755001068115 28.4819984436035 28.4906673431396 28.5686874389648 -3.4e+38 -3.4e+38 -3.4e+38 -3.4e+38 -3.4e+38 -3.4e+38 -3.4e+38 -3.4e+38 -3.4e+38 -3.4e+38 -3.4e+38 -3.4e+38
23.8833332061768 24.3409996032715 24.9196662902832 25.4321670532227 25.5758323669434 25.4394989013672 26.1876659393311 26.568000793457 26.8053340911865 27.0136680603027 27.1658325195312 27.2355003356934 27.2483329772949 27.4693336486816 27.6669998168945 27.7695007324219 27.8056659698486 27.8379993438721 27.8111667633057 27.9218330383301 27.9206657409668 27.841833114624 27.810998916626 27.5778331756592 27.773832321167 28.1128330230713 28.2374992370605 28.3833332061768 28.4309997558594 28.4216651916504 28.5049991607666 28.3838329315186 28.3023338317871 28.3781661987305 28.4396667480469 28.3627853393555 -3.4e+38 -3.4e+38 -3.4e+38 -3.4e+38 -3.4e+38 -3.4e+38 -3.4e+38 -3.4e+38 -3.4e+38 -3.4e+38 -3.4e+38
23.3575000762939 24.0240001678467 24.7626667022705 25.2873344421387 25.6181659698486 25.6848335266113 25.9556674957275 26.5066661834717 26.707332611084 26.8651657104492 27.0590000152588 27.1805000305176 27.2803325653076 27.4141674041748 27.6298332214355 27.7751655578613 27.7439994812012 27.7661666870117 27.7903327941895 27.9130001068115 27.8325004577637 27.7836666107178 27.6116676330566 27.5044994354248 27.5588340759277 27.7781658172607 28.0143337249756 28.1906661987305 28.4438343048096 28.4220008850098 28.3891677856445 28.3253326416016 28.1909999847412 28.2064990997314 28.3168983459473 -3.4e+38 -3.4e+38 -3.4e+38 -3.4e+38 -3.4e+38 -3.4e+38 -3.4e+38 -3.4e+38 -3.4e+38 -3.4e+38 -3.4e+38 -3.4e+38
22.2560005187988 23.8643341064453 24.6480007171631 25.181999206543 25.4965000152588 25.7639999389648 25.5410003662109 26.0480003356934 26.3473339080811 26.6538333892822 26.8911666870117 27.1333332061768 27.2781677246094 27.4219989776611 27.5486660003662 27.6809997558594 27.6453323364258 27.703332901001 27.7641658782959 27.779333114624 27.6706657409668 27.5566673278809 27.4514999389648 27.3578338623047 27.2611656188965 27.3559989929199 27.7369995117188 28.0761661529541 28.2784996032715 28.3280010223389 28.2563667297363 -3.4e+38 -3.4e+38 28.0245456695557 -3.4e+38 -3.4e+38 -3.4e+38 -3.4e+38 -3.4e+38 -3.4e+38 -3.4e+38 -3.4e+38 -3.4e+38 -3.4e+38 -3.4e+38 -3.4e+38 -3.4e+38
20.4078330993652 23.1831665039062 24.3764991760254 25.0066661834717 25.4039993286133 25.667667388916 25.65283203125 25.8843326568604 26.136999130249 26.4930000305176 26.732666015625 27.0288333892822 27.363166809082 27.4893321990967 27.5209999084473 27.6201667785645 27.6636657714844 27.646333694458 27.6364994049072 27.607666015625 27.5190010070801 27.3318328857422 27.1844997406006 27.0661659240723 26.9996662139893 26.9433326721191 27.4069995880127 27.9565010070801 28.1726665496826 28.05446434021 -3.4e+38 -3.4e+38 -3.4e+38 -3.4e+38 -3.4e+38 -3.4e+38 -3.4e+38 -3.4e+38 -3.4e+38 -3.4e+38 -3.4e+38 -3.4e+38 -3.4e+38 -3.4e+38 -3.4e+38 -3.4e+38 -3.4e+38
21.2695007324219 21.8958320617676 24.078498840332 24.646333694458 25.0209999084473 25.4165000915527 25.9330005645752 25.7140007019043 26.015832901001 26.3530006408691 26.5761661529541 26.8276672363281 27.2186660766602 27.3851661682129 27.5363330841064 27.6078338623047 27.6361675262451 27.6096668243408 27.5991668701172 27.5195007324219 27.3291664123535 27.0561656951904 26.9506664276123 26.7514991760254 26.6919994354248 26.6318340301514 27.1006660461426 27.8348331451416 -3.4e+38 -3.4e+38 -3.4e+38 -3.4e+38 -3.4e+38 -3.4e+38 -3.4e+38 -3.4e+38 -3.4e+38 -3.4e+38 -3.4e+38 -3.4e+38 -3.4e+38 -3.4e+38 -3.4e+38 -3.4e+38 -3.4e+38 -3.4e+38 -3.4e+38
23.6166667938232 21.9444999694824 23.6293334960938 24.2571659088135 24.6706657409668 25.1800003051758 25.8733329772949 25.7799987792969 26.0266666412354 26.3463344573975 26.5726661682129 26.7396659851074 26.9981670379639 27.2496662139893 27.4394989013672 27.5930004119873 27.5855007171631 27.5588340759277 27.5439987182617 27.4096660614014 27.2353324890137 27.0218334197998 26.8786659240723 26.7466659545898 26.5771675109863 26.6023330688477 26.7936668395996 27.6861667633057 -3.4e+38 -3.4e+38 -3.4e+38 -3.4e+38 -3.4e+38 -3.4e+38 -3.4e+38 -3.4e+38 -3.4e+38 -3.4e+38 -3.4e+38 -3.4e+38 -3.4e+38 -3.4e+38 -3.4e+38 -3.4e+38 -3.4e+38 -3.4e+38 -3.4e+38
24.579833984375 24.0930004119873 24.2081661224365 24.0979995727539 24.2843341827393 24.9468326568604 25.6758327484131 25.8601665496826 25.9015007019043 26.3423347473145 26.4794998168945 26.6686668395996 26.833833694458 27.2036666870117 27.3645000457764 27.462833404541 27.5858325958252 27.4646663665771 27.4006652832031 27.316499710083 27.234001159668 26.8101673126221 26.5583324432373 26.5973339080811 26.675666809082 26.6488342285156 26.6668338775635 27.3974990844727 -3.4e+38 -3.4e+38 -3.4e+38 -3.4e+38 -3.4e+38 -3.4e+38 -3.4e+38 -3.4e+38 -3.4e+38 -3.4e+38 -3.4e+38 -3.4e+38 -3.4e+38 -3.4e+38 -3.4e+38 -3.4e+38 -3.4e+38 -3.4e+38 -3.4e+38
24.7821674346924 24.716833114624 24.5653343200684 24.0284996032715 23.966667175293 24.9064998626709 25.5988330841064 26.170166015625 25.9654998779297 26.246166229248 26.521333694458 26.576000213623 26.6843338012695 27.1423320770264 27.3055000305176 27.4285011291504 27.4570007324219 27.4276657104492 27.2951679229736 27.3199996948242 27.3393325805664 27.0891666412354 26.4834995269775 26.5143337249756 26.5698318481445 26.6569995880127 26.5646667480469 27.0410003662109 -3.4e+38 -3.4e+38 -3.4e+38 -3.4e+38 -3.4e+38 -3.4e+38 -3.4e+38 -3.4e+38 -3.4e+38 -3.4e+38 -3.4e+38 -3.4e+38 -3.4e+38 -3.4e+38 -3.4e+38 -3.4e+38 -3.4e+38 -3.4e+38 -3.4e+38
24.9128341674805 24.8613338470459 24.8279991149902 24.6021671295166 24.3409996032715 25.2568340301514 25.695333480835 25.9101657867432 26.195333480835 26.5384998321533 26.7316665649414 26.7348327636719 27.0791664123535 27.4069995880127 27.4833335876465 27.5503330230713 27.4803333282471 27.4034996032715 27.386833190918 27.3584995269775 27.306999206543 27.2019996643066 26.8390007019043 26.6186676025391 26.6916656494141 26.5926666259766 26.4834995269775 26.7718849182129 -3.4e+38 -3.4e+38 -3.4e+38 -3.4e+38 -3.4e+38 -3.4e+38 -3.4e+38 -3.4e+38 -3.4e+38 -3.4e+38 -3.4e+38 -3.4e+38 -3.4e+38 -3.4e+38 -3.4e+38 -3.4e+38 -3.4e+38 -3.4e+38 -3.4e+38
24.753833770752 24.5046672821045 24.2410011291504 24.3856658935547 24.8126678466797 24.9836673736572 25.0216674804688 25.3155002593994 25.8156661987305 26.2736663818359 26.6281661987305 26.7863330841064 26.8531665802002 27.0745010375977 27.0616664886475 27.1806678771973 27.2804985046387 27.2328338623047 27.2013339996338 27.0305004119873 27.1473331451416 27.0941677093506 26.9438323974609 26.8133335113525 26.7361660003662 26.5446662902832 26.4853324890137 26.5445690155029 -3.4e+38 -3.4e+38 -3.4e+38 -3.4e+38 -3.4e+38 -3.4e+38 -3.4e+38 -3.4e+38 -3.4e+38 -3.4e+38 -3.4e+38 -3.4e+38 -3.4e+38 -3.4e+38 -3.4e+38 -3.4e+38 -3.4e+38 -3.4e+38 -3.4e+38
24.4271659851074 24.2148342132568 23.7783336639404 23.9466667175293 24.2313346862793 24.349666595459 24.6066665649414 24.8606662750244 25.560001373291 25.8834991455078 26.1666660308838 26.3091678619385 26.3975009918213 26.6213340759277 26.599666595459 26.6903343200684 26.8035011291504 26.8740005493164 26.9158325195312 26.8175010681152 26.7199993133545 26.7498340606689 26.5623321533203 26.5683326721191 26.4638328552246 26.1401672363281 26.2211666107178 -3.4e+38 -3.4e+38 -3.4e+38 -3.4e+38 -3.4e+38 -3.4e+38 -3.4e+38 -3.4e+38 -3.4e+38 -3.4e+38 -3.4e+38 -3.4e+38 -3.4e+38 -3.4e+38 -3.4e+38 -3.4e+38 -3.4e+38 -3.4e+38 -3.4e+38 -3.4e+38
23.9729995727539 23.9139995574951 23.5990009307861 23.6618328094482 23.742166519165 23.3093338012695 23.1718330383301 23.7593326568604 25.2601661682129 25.6801662445068 25.9891662597656 26.1900005340576 26.3134994506836 26.4376659393311 26.4923324584961 26.5323333740234 26.4095001220703 26.5769996643066 26.6868324279785 26.6578330993652 26.5818328857422 26.5974998474121 26.1706657409668 26.2378330230713 26.1896667480469 26.2151508331299 26.3034362792969 -3.4e+38 -3.4e+38 -3.4e+38 -3.4e+38 -3.4e+38 -3.4e+38 -3.4e+38 -3.4e+38 -3.4e+38 -3.4e+38 -3.4e+38 -3.4e+38 -3.4e+38 -3.4e+38 -3.4e+38 -3.4e+38 -3.4e+38 -3.4e+38 -3.4e+38 -3.4e+38
23.7868328094482 23.5358333587646 23.2738342285156 23.0810012817383 23.1493339538574 21.0221672058105 21.5258331298828 23.4688339233398 25.0970001220703 25.6101665496826 25.9368324279785 26.1399993896484 26.2591667175293 26.3579998016357 26.4046669006348 26.4606666564941 26.1776676177979 26.2263336181641 26.4705009460449 26.5171661376953 26.3831672668457 26.4556674957275 26.5165004730225 26.2436676025391 26.2576675415039 26.6810493469238 -3.4e+38 -3.4e+38 -3.4e+38 -3.4e+38 -3.4e+38 -3.4e+38 -3.4e+38 -3.4e+38 -3.4e+38 -3.4e+38 -3.4e+38 -3.4e+38 -3.4e+38 -3.4e+38 -3.4e+38 -3.4e+38 -3.4e+38 -3.4e+38 -3.4e+38 -3.4e+38 -3.4e+38
24.2250003814697 23.7164993286133 23.6018333435059 23.6523342132568 23.3924999237061 22.3741664886475 22.8169994354248 24.5458335876465 24.4706649780273 24.8136672973633 25.7705001831055 26.0103340148926 26.1606674194336 26.2253341674805 26.2641677856445 26.2830009460449 26.1161670684814 26.1273326873779 26.2929992675781 26.2700004577637 26.1065006256104 26.33766746521 26.5391654968262 26.6064987182617 26.6690006256104 -3.4e+38 -3.4e+38 -3.4e+38 -3.4e+38 -3.4e+38 -3.4e+38 -3.4e+38 -3.4e+38 -3.4e+38 -3.4e+38 -3.4e+38 -3.4e+38 -3.4e+38 -3.4e+38 -3.4e+38 -3.4e+38 -3.4e+38 -3.4e+38 -3.4e+38 -3.4e+38 -3.4e+38 -3.4e+38
24.6975002288818 23.9685001373291 24.0531673431396 24.0370006561279 24.0020008087158 23.4903335571289 23.6770000457764 24.0826663970947 24.2718334197998 24.587833404541 25.4890003204346 25.8371658325195 26.015998840332 26.0803337097168 26.0446662902832 26.0116672515869 25.7813339233398 25.9466667175293 26.1070003509521 26.1959991455078 25.8583335876465 26.0366668701172 26.5804996490479 26.9798336029053 27.2554340362549 -3.4e+38 -3.4e+38 -3.4e+38 -3.4e+38 -3.4e+38 -3.4e+38 -3.4e+38 -3.4e+38 -3.4e+38 -3.4e+38 -3.4e+38 -3.4e+38 -3.4e+38 -3.4e+38 -3.4e+38 -3.4e+38 -3.4e+38 -3.4e+38 -3.4e+38 -3.4e+38 -3.4e+38 -3.4e+38
25.0931663513184 24.5475006103516 24.388500213623 24.2976665496826 24.6068344116211 23.841667175293 24.2526664733887 24.3380012512207 24.6035003662109 24.9596672058105 24.8643341064453 25.6075000762939 25.888500213623 25.890832901001 25.7443332672119 25.7276668548584 25.7639999389648 25.908332824707 26.0830001831055 26.191499710083 26.0096664428711 26.0631675720215 26.7523326873779 27.3386363983154 -3.4e+38 -3.4e+38 -3.4e+38 -3.4e+38 -3.4e+38 -3.4e+38 -3.4e+38 -3.4e+38 -3.4e+38 -3.4e+38 -3.4e+38 -3.4e+38 -3.4e+38 -3.4e+38 -3.4e+38 -3.4e+38 -3.4e+38 -3.4e+38 -3.4e+38 -3.4e+38 -3.4e+38 -3.4e+38 -3.4e+38
25.5289993286133 25.2275009155273 24.9814987182617 24.8754997253418 25.0224990844727 24.6928329467773 24.5611667633057 24.8311672210693 24.8893337249756 24.9460010528564 25.2826671600342 25.617166519165 25.7954998016357 25.7950000762939 25.7479991912842 25.6093330383301 25.7761669158936 25.9946670532227 26.2361660003662 26.3209991455078 26.0244998931885 26.0681667327881 26.5081672668457 27.4038333892822 -3.4e+38 -3.4e+38 -3.4e+38 -3.4e+38 -3.4e+38 -3.4e+38 -3.4e+38 -3.4e+38 -3.4e+38 -3.4e+38 -3.4e+38 -3.4e+38 -3.4e+38 -3.4e+38 -3.4e+38 -3.4e+38 -3.4e+38 -3.4e+38 -3.4e+38 -3.4e+38 -3.4e+38 -3.4e+38 -3.4e+38
