rasters/Kenya_bio8.asc
NCOLS 96 
NROWS 116 
XLLCORNER 33.890468384 
YLLCORNER -4.677504203 
CELLSIZE 0.083276570625 
NODATA_value -3.4e+38 
[rows 84 to 104 of 116, columns 47 to 93 of 96]
23.470666885376 23.7243328094482 23.5709991455078 24.2058334350586 24.2100009918213 24.5463333129883 24.7314987182617 25.0513343811035 25.285665512085 25.6108322143555 25.8893337249756 26.095666885376 26.3438339233398 26.5524997711182 26.7291679382324 26.8546676635742 26.9615001678467 27.0559997558594 27.1135005950928 27.1650009155273 27.2438335418701 27.2525005340576 27.2621669769287 27.3503341674805 27.4258327484131 28.2045001983643 27.2196655273438 27.2393341064453 27.3010005950928 27.2146663665771 27.0961666107178 27.0895004272461 27.1350002288818 27.2584991455078 27.3686676025391 27.36549949646 27.3773250579834 27.4460315704346 -3.4e+38 -3.4e+38 -3.4e+38 -3.4e+38 -3.4e+38 -3.4e+38 -3.4e+38 -3.4e+38 -3.4e+38
23.6175003051758 23.8645000457764 23.607666015625 24.0968341827393 24.4349994659424 24.6730003356934 24.7474994659424 25.1548328399658 25.3928337097168 25.6370010375977 25.8969993591309 26.0804996490479 26.3400001525879 26.5305004119873 26.7299995422363 26.8414993286133 26.9601669311523 27.011833190918 27.042667388916 27.1424999237061 27.1876659393311 27.1808319091797 27.1665000915527 27.2576656341553 27.32200050354 28.0521659851074 27.1396656036377 27.1941661834717 27.2390003204346 27.1928329467773 27.0786666870117 27.1373329162598 27.1549987792969 27.2943344116211 27.4139995574951 27.3861675262451 27.3139991760254 -3.4e+38 27.3754386901855 -3.4e+38 -3.4e+38 -3.4e+38 -3.4e+38 -3.4e+38 -3.4e+38 -3.4e+38 -3.4e+38
23.4375 23.7174987792969 23.9356670379639 23.8968334197998 24.1563339233398 24.5670013427734 24.8568344116211 25.1960010528564 25.4610004425049 25.7121658325195 25.8813343048096 26.0195007324219 26.2205009460449 26.4225006103516 26.6026668548584 26.8018341064453 26.9238338470459 26.9426670074463 26.962833404541 27.0020008087158 27.0258331298828 27.0224990844727 27.0388336181641 27.0698318481445 27.1435012817383 27.9185009002686 27.0428333282471 27.1538333892822 27.1521663665771 27.1614990234375 27.1758327484131 27.1421661376953 27.1891670227051 27.3316669464111 27.4444999694824 27.425666809082 27.3856620788574 -3.4e+38 -3.4e+38 -3.4e+38 -3.4e+38 -3.4e+38 -3.4e+38 -3.4e+38 -3.4e+38 -3.4e+38 -3.4e+38
23.0960006713867 23.5030002593994 24.0136680603027 23.9934997558594 23.9565010070801 24.3635005950928 24.9401664733887 25.2829990386963 25.5008335113525 25.7296676635742 25.9050006866455 26.0965003967285 26.2265014648438 26.4211673736572 26.5516662597656 26.6958332061768 26.8203315734863 26.8461666107178 26.8128337860107 26.8723335266113 26.8938331604004 26.8731670379639 26.8586673736572 26.8383331298828 26.9340000152588 27.7999992370605 26.9650001525879 27.1136665344238 27.0991668701172 27.1613330841064 27.1966667175293 27.2216663360596 27.2439994812012 27.267333984375 27.3705387115479 -3.4e+38 -3.4e+38 -3.4e+38 -3.4e+38 -3.4e+38 -3.4e+38 -3.4e+38 -3.4e+38 -3.4e+38 -3.4e+38 -3.4e+38 -3.4e+38
22.8771667480469 23.3428325653076 23.90283203125 24.3356666564941 24.4808330535889 24.3326663970947 25.0876655578613 25.4581661224365 25.6873340606689 25.9111671447754 26.0681667327881 26.1736679077148 26.2131671905518 26.3994998931885 26.5604991912842 26.6446666717529 26.6998329162598 26.736499786377 26.7173328399658 26.8499984741211 26.859001159668 26.7801666259766 26.7503337860107 26.5599994659424 26.7674999237061 26.6586666107178 26.7903327941895 26.9526672363281 27.0593338012695 27.125 27.2059993743896 27.1380004882812 27.1054992675781 27.1751670837402 27.2824993133545 27.2474880218506 -3.4e+38 -3.4e+38 -3.4e+38 -3.4e+38 -3.4e+38 -3.4e+38 -3.4e+38 -3.4e+38 -3.4e+38 -3.4e+38 -3.4e+38
22.4150009155273 23.0539989471436 23.7749996185303 24.2026672363281 24.5306663513184 24.5795001983643 24.8361663818359 25.4008331298828 25.5768337249756 25.734001159668 25.9456672668457 26.089334487915 26.1958332061768 26.3210010528564 26.5176658630371 26.6553325653076 26.6268329620361 26.6571674346924 26.6896667480469 26.8274993896484 26.7693328857422 26.7211666107178 26.5550003051758 26.4966659545898 27.1026668548584 26.3738327026367 26.6223335266113 26.8051662445068 27.0576667785645 27.0764999389648 27.0791664123535 27.0745010375977 27.0176658630371 27.0434989929199 27.2141208648682 -3.4e+38 -3.4e+38 -3.4e+38 -3.4e+38 -3.4e+38 -3.4e+38 -3.4e+38 -3.4e+38 -3.4e+38 -3.4e+38 -3.4e+38 -3.4e+38
21.4114990234375 22.9251670837402 23.6944999694824 24.2210006713867 24.4203338623047 24.6646671295166 24.3990001678467 24.8998336791992 25.2014999389648 25.5319995880127 25.7956676483154 26.0493335723877 26.1984996795654 26.3175010681152 26.4409999847412 26.568000793457 26.5254993438721 26.587833404541 26.6436672210693 26.6919994354248 26.5983333587646 26.5006656646729 26.4111671447754 26.3478336334229 26.8289985656738 26.0025005340576 26.3883323669434 26.7163333892822 26.9444999694824 27.0003337860107 26.9870796203613 -3.4e+38 -3.4e+38 26.917272567749 -3.4e+38 -3.4e+38 -3.4e+38 -3.4e+38 -3.4e+38 -3.4e+38 -3.4e+38 -3.4e+38 -3.4e+38 -3.4e+38 -3.4e+38 -3.4e+38 -3.4e+38
19.6851673126221 22.3500003814697 23.4798336029053 24.1003341674805 24.3351669311523 24.5696659088135 24.517333984375 24.7668323516846 25.0103340148926 25.388500213623 25.6485004425049 25.9458332061768 26.2670001983643 26.3766670227051 26.4209995269775 26.4995002746582 26.5375003814697 26.5241661071777 26.5286674499512 26.5174999237061 26.4338340759277 26.2665004730225 26.1445007324219 26.0454998016357 25.6028327941895 25.5825004577637 26.0739994049072 26.5795001983643 26.852165222168 26.810417175293 -3.4e+38 -3.4e+38 -3.4e+38 -3.4e+38 -3.4e+38 -3.4e+38 -3.4e+38 -3.4e+38 -3.4e+38 -3.4e+38 -3.4e+38 -3.4e+38 -3.4e+38 -3.4e+38 -3.4e+38 -3.4e+38 -3.4e+38
20.5416660308838 21.1744995117188 23.2463340759277 23.8036670684814 24.1608333587646 24.3371658325195 24.8208332061768 24.6318321228027 24.9086666107178 25.2495002746582 25.4793338775635 25.7356662750244 26.1186676025391 26.2756671905518 26.4188327789307 26.4816665649414 26.5003337860107 26.492166519165 26.4901676177979 26.4328346252441 26.2609996795654 25.9948329925537 25.9198341369629 25.7399997711182 25.265998840332 25.2513332366943 25.771333694458 26.4231662750244 -3.4e+38 -3.4e+38 -3.4e+38 -3.4e+38 -3.4e+38 -3.4e+38 -3.4e+38 -3.4e+38 -3.4e+38 -3.4e+38 -3.4e+38 -3.4e+38 -3.4e+38 -3.4e+38 -3.4e+38 -3.4e+38 -3.4e+38 -3.4e+38 -3.4e+38
22.8616676330566 21.2530002593994 22.9193325042725 23.4755001068115 23.8404998779297 24.1324996948242 24.7859992980957 24.695499420166 24.9370002746582 25.2496662139893 25.4755001068115 25.6346664428711 25.8838348388672 26.1266670227051 26.3016662597656 26.466667175293 26.4519996643066 26.4338321685791 26.433500289917 26.3250007629395 26.1751670837402 25.9753322601318 25.8549995422363 26.3003330230713 25.1510009765625 25.1898326873779 25.4270000457764 26.2331657409668 -3.4e+38 -3.4e+38 -3.4e+38 -3.4e+38 -3.4e+38 -3.4e+38 -3.4e+38 -3.4e+38 -3.4e+38 -3.4e+38 -3.4e+38 -3.4e+38 -3.4e+38 -3.4e+38 -3.4e+38 -3.4e+38 -3.4e+38 -3.4e+38 -3.4e+38
23.5419998168945 23.3773345947266 23.5073337554932 23.3476676940918 23.4873332977295 23.923999786377 25.0528335571289 25.2679996490479 25.3509998321533 25.8091659545898 25.3994998931885 25.5659999847412 25.7256660461426 26.0779991149902 26.2236671447754 26.3374996185303 26.4611663818359 26.3521671295166 26.296667098999 26.2353324890137 26.1703338623047 25.7601661682129 25.519832611084 25.5629997253418 25.2488327026367 25.201000213623 25.2350006103516 25.9126663208008 -3.4e+38 -3.4e+38 -3.4e+38 -3.4e+38 -3.4e+38 -3.4e+38 -3.4e+38 -3.4e+38 -3.4e+38 -3.4e+38 -3.4e+38 -3.4e+38 -3.4e+38 -3.4e+38 -3.4e+38 -3.4e+38 -3.4e+38 -3.4e+38 -3.4e+38
23.7154998779297 23.7234992980957 23.9023342132568 23.3001670837402 23.1976661682129 24.2536659240723 24.9689998626709 25.5723323822021 25.3871669769287 25.6893329620361 25.9688339233398 25.4688339233398 25.5671653747559 26.0074996948242 26.1658325195312 26.2810001373291 26.3178329467773 26.2941665649414 26.1858329772949 26.2241668701172 26.2443332672119 26.0088329315186 25.4354991912842 26.0693340301514 25.1396675109863 25.2141666412354 25.095666885376 25.5629997253418 -3.4e+38 -3.4e+38 -3.4e+38 -3.4e+38 -3.4e+38 -3.4e+38 -3.4e+38 -3.4e+38 -3.4e+38 -3.4e+38 -3.4e+38 -3.4e+38 -3.4e+38 -3.4e+38 -3.4e+38 -3.4e+38 -3.4e+38 -3.4e+38 -3.4e+38
23.8573341369629 23.8518333435059 23.8646659851074 23.7403335571289 23.6441669464111 24.6056671142578 25.0696678161621 25.3196659088135 25.611499786377 25.951000213623 26.1520004272461 26.1520004272461 26.496000289917 26.2526664733887 26.3326663970947 26.3998336791992 26.3406658172607 26.267333984375 26.2741661071777 26.2506675720215 26.1854991912842 26.082332611084 25.7681674957275 26.1636657714844 25.2426662445068 25.1590003967285 25.0228328704834 25.3037033081055 -3.4e+38 -3.4e+38 -3.4e+38 -3.4e+38 -3.4e+38 -3.4e+38 -3.4e+38 -3.4e+38 -3.4e+38 -3.4e+38 -3.4e+38 -3.4e+38 -3.4e+38 -3.4e+38 -3.4e+38 -3.4e+38 -3.4e+38 -3.4e+38 -3.4e+38
23.6831665039062 23.496000289917 23.2999992370605 23.5318336486816 24.0698337554932 24.3091659545898 24.3976669311523 24.7303333282471 25.2336673736572 25.6841678619385 26.0454998016357 26.2161655426025 25.7358341217041 25.9169998168945 25.9218330383301 26.0454998016357 26.1591663360596 26.1151657104492 26.0949993133545 25.9441661834717 26.0599994659424 26.0195007324219 25.8713340759277 26.3643321990967 25.3063335418701 25.138334274292 25.0305004119873 25.0413856506348 -3.4e+38 -3.4e+38 -3.4e+38 -3.4e+38 -3.4e+38 -3.4e+38 -3.4e+38 -3.4e+38 -3.4e+38 -3.4e+38 -3.4e+38 -3.4e+38 -3.4e+38 -3.4e+38 -3.4e+38 -3.4e+38 -3.4e+38 -3.4e+38 -3.4e+38
23.333833694458 23.1404991149902 22.8068332672119 23.0866661071777 23.4773330688477 23.6638336181641 23.9891662597656 23.7671661376953 24.9693336486816 25.2835006713867 25.5883331298828 25.7288341522217 25.2703323364258 25.4866676330566 25.4768333435059 25.5685005187988 25.6751670837402 25.7523326873779 25.816499710083 25.7310009002686 25.6491661071777 25.6636657714844 26.1119995117188 25.1439990997314 25.070499420166 24.792667388916 24.8010005950928 -3.4e+38 -3.4e+38 -3.4e+38 -3.4e+38 -3.4e+38 -3.4e+38 -3.4e+38 -3.4e+38 -3.4e+38 -3.4e+38 -3.4e+38 -3.4e+38 -3.4e+38 -3.4e+38 -3.4e+38 -3.4e+38 -3.4e+38 -3.4e+38 -3.4e+38 -3.4e+38
22.8554992675781 22.8513336181641 22.6096668243408 22.7954998016357 22.9626655578613 22.5651664733887 22.0699996948242 22.6655006408691 24.6380004882812 25.0671672821045 25.3986663818359 25.587833404541 25.1771659851074 25.2923336029053 25.3473339080811 25.3911666870117 25.283332824707 25.4723339080811 25.5978336334229 25.5766677856445 25.5081672668457 26.119499206543 25.6916656494141 24.8126678466797 24.8665008544922 24.9094276428223 24.9144325256348 -3.4e+38 -3.4e+38 -3.4e+38 -3.4e+38 -3.4e+38 -3.4e+38 -3.4e+38 -3.4e+38 -3.4e+38 -3.4e+38 -3.4e+38 -3.4e+38 -3.4e+38 -3.4e+38 -3.4e+38 -3.4e+38 -3.4e+38 -3.4e+38 -3.4e+38 -3.4e+38
22.632999420166 22.4611663818359 22.2553329467773 22.1291656494141 22.2483329772949 19.8344993591309 20.378999710083 22.7345008850098 24.4209995269775 24.9723339080811 25.3133335113525 25.0171661376953 25.1356658935547 25.1870002746582 25.2313327789307 25.2894992828369 25.0618324279785 25.132999420166 25.3861656188965 25.4333343505859 25.894832611084 24.9831657409668 25.0378341674805 24.8258323669434 24.9200000762939 25.327169418335 -3.4e+38 -3.4e+38 -3.4e+38 -3.4e+38 -3.4e+38 -3.4e+38 -3.4e+38 -3.4e+38 -3.4e+38 -3.4e+38 -3.4e+38 -3.4e+38 -3.4e+38 -3.4e+38 -3.4e+38 -3.4e+38 -3.4e+38 -3.4e+38 -3.4e+38 -3.4e+38 -3.4e+38
23.0311660766602 22.5925006866455 22.5279998779297 22.5935001373291 22.3543338775635 21.3435001373291 21.8946666717529 23.7129993438721 23.7368316650391 23.689001083374 24.6389999389648 24.8733329772949 25.0149993896484 25.0386657714844 25.0976676940918 25.1240005493164 24.9986667633057 25.0195007324219 25.1995010375977 25.1603336334229 25.5993347167969 24.8595008850098 25.0661659240723 25.1808338165283 25.3090000152588 -3.4e+38 -3.4e+38 -3.4e+38 -3.4e+38 -3.4e+38 -3.4e+38 -3.4e+38 -3.4e+38 -3.4e+38 -3.4e+38 -3.4e+38 -3.4e+38 -3.4e+38 -3.4e+38 -3.4e+38 -3.4e+38 -3.4e+38 -3.4e+38 -3.4e+38 -3.4e+38 -3.4e+38 -3.4e+38
23.5323333740234 22.8518333435059 22.9436664581299 22.9465007781982 22.9395008087158 22.4209995269775 22.6959991455078 22.8978328704834 23.105167388916 23.4495010375977 24.3030014038086 24.6656665802002 24.8390007019043 24.9033336639404 24.8875007629395 24.8548336029053 24.6525001525879 24.8146667480469 24.9925003051758 25.6421661376953 25.3221664428711 24.5383338928223 25.1025009155273 25.5634994506836 25.8344211578369 -3.4e+38 -3.4e+38 -3.4e+38 -3.4e+38 -3.4e+38 -3.4e+38 -3.4e+38 -3.4e+38 -3.4e+38 -3.4e+38 -3.4e+38 -3.4e+38 -3.4e+38 -3.4e+38 -3.4e+38 -3.4e+38 -3.4e+38 -3.4e+38 -3.4e+38 -3.4e+38 -3.4e+38 -3.4e+38
23.9223327636719 23.4104995727539 23.2723331451416 23.1776657104492 23.488000869751 22.728666305542 23.1798324584961 23.0648326873779 23.3546676635742 23.7473335266113 23.6261672973633 24.3916664123535 24.6678333282471 24.7019996643066 24.5726661682129 24.570333480835 24.6206665039062 25.3311653137207 25.5219993591309 25.6111660003662 25.4695014953613 24.5738334655762 25.308666229248 25.9214019775391 -3.4e+38 -3.4e+38 -3.4e+38 -3.4e+38 -3.4e+38 -3.4e+38 -3.4e+38 -3.4e+38 -3.4e+38 -3.4e+38 -3.4e+38 -3.4e+38 -3.4e+38 -3.4e+38 -3.4e+38 -3.4e+38 -3.4e+38 -3.4e+38 -3.4e+38 -3.4e+38 -3.4e+38 -3.4e+38 -3.4e+38
24.3546676635742 24.0571670532227 23.8308334350586 23.7221660614014 23.8598327636719 23.5356674194336 23.4584999084473 23.7731666564941 23.5553321838379 23.6591663360596 24.0345001220703 24.3740005493164 24.5498332977295 24.591833114624 24.5786666870117 24.474666595459 24.634334564209 25.3898334503174 25.6406669616699 25.7140007019043 25.468334197998 25.5699996948242 25.0553340911865 25.9511661529541 -3.4e+38 -3.4e+38 -3.4e+38 -3.4e+38 -3.4e+38 -3.4e+38 -3.4e+38 -3.4e+38 -3.4e+38 -3.4e+38 -3.4e+38 -3.4e+38 -3.4e+38 -3.4e+38 -3.4e+38 -3.4e+38 -3.4e+38 -3.4e+38 -3.4e+38 -3.4e+38 -3.4e+38 -3.4e+38 -3.4e+38
