rasters/Kenya_SNDPPT_M_sl2_250m_ll.asc
NCOLS 96 
NROWS 116 
XLLCORNER 33.890468384 
YLLCORNER -4.677504203 
CELLSIZE 0.083276570625 
NODATA_value -9999 
[rows 0 to 20 of 116, columns 0 to 48 of 96]
-9999.000000000000000 -9999 -9999 -9999 -9999 -9999 -9999 -9999 -9999 -9999 -9999 -9999 -9999 -9999 -9999 -9999 -9999 33.1449353448286 -9999 -9999 -9999 -9999 -9999 -9999 -9999 -9999 -9999 -9999 -9999 -9999 -9999 -9999 -9999 -9999 -9999 -9999 -9999 -9999 -9999 -9999 -9999 -9999 -9999 -9999 -9999 -9999 -9999 -9999 -9999
-9999 -9999 -9999 -9999 -9999 -9999 -9999 -9999 -9999 -9999 -9999 -9999 -9999 -9999 36.9886853448279 36.9762931034438 48.7343750000012 44.8820043103481 44.8566810344796 39.1885775862069 -9999 -9999 -9999 -9999 -9999 -9999 -9999 -9999 -9999 -9999 -9999 -9999 -9999 -9999 -9999 -9999 -9999 -9999 -9999 -9999 -9999 -9999 -9999 -9999 -9999 -9999 -9999 -9999 -9999
-9999 -9999 -9999 -9999 -9999 -9999 -9999 -9999 -9999 -9999 -9999 43.4003232758626 33.2801724137942 37.9908405172438 34.9374999999996 44.0991379310404 38.9843750000004 45.9127155172438 39.936422413793 34.1707974137934 -9999 -9999 -9999 -9999 -9999 -9999 -9999 -9999 -9999 -9999 -9999 -9999 -9999 -9999 -9999 -9999 -9999 -9999 -9999 -9999 -9999 -9999 -9999 -9999 -9999 -9999 -9999 -9999 -9999
-9999 -9999 -9999 -9999 -9999 -9999 -9999 -9999 -9999 46.9213362068965 40.742456896547 31.1034482758625 31.4030172413808 36.3022629310359 37.3475215517211 41.8933189655162 41.737068965518 35.0840517241356 50.9207974137932 41.0808189655175 -9999 -9999 -9999 -9999 -9999 -9999 -9999 -9999 -9999 -9999 -9999 -9999 -9999 -9999 -9999 -9999 -9999 -9999 -9999 -9999 -9999 -9999 -9999 -9999 -9999 -9999 -9999 -9999 -9999
-9999 -9999 -9999 -9999 -9999 -9999 -9999 37.0204741379323 40.2758620689657 39.4956896551726 42.3232758620706 32.1018318965514 30.3550646551729 36.3890086206867 36.9531250000013 46.7467672413833 38.9886853448279 38.0210129310339 50.3459051724151 40.7623922413793 -9999 -9999 63.5603448275847 -9999 -9999 -9999 -9999 -9999 -9999 -9999 -9999 -9999 -9999 -9999 -9999 -9999 -9999 -9999 -9999 -9999 -9999 -9999 -9999 -9999 -9999 -9999 -9999 -9999 -9999
-9999 -9999 -9999 -9999 -9999 41.7764008620703 40.3879310344835 40.0705818965515 36.8141163793106 45.103448275862 37.3798491379261 33.036637931033 31.3933189655166 34.4913793103437 36.5775862068958 44 39.4170258620698 44.9741379310352 42 44.3389008620689 40.9369612068954 45.130926724141 53.8459051724107 58.2343750000004 -9999 -9999 -9999 -9999 -9999 -9999 -9999 -9999 -9999 -9999 -9999 -9999 -9999 -9999 -9999 -9999 -9999 -9999 -9999 -9999 -9999 -9999 -9999 -9999 -9999
-9999 -9999 -9999 -9999 37.4843750000001 42.3001077586207 45.8604525862049 34.8733836206916 32.3868534482752 39.9229525862066 41.7586206896555 33.3259698275865 32.9962284482746 33.6206896551722 38.6271551724135 45.7683189655194 42.3227370689672 42.600215517246 47.6993534482752 41.3642241379312 39.4326508620701 43.3421336206916 47.1869612068965 53.3227370689657 47.3038793103428 -9999 -9999 -9999 -9999 -9999 -9999 -9999 -9999 -9999 -9999 -9999 -9999 -9999 -9999 -9999 -9999 -9999 -9999 -9999 -9999 -9999 -9999 -9999 -9999
-9999 -9999 -9999 41.4024784482743 43.1487068965514 40.3259698275853 42.1514008620675 29.789331896552 40.1858836206894 46.677801724137 33.2424568965527 39.6233836206902 39.5005387931037 40.5587284482823 42.2909482758597 49.978448275858 40.3981681034486 50 46.4143318965524 42.251077586207 39.9709051724133 50.999461206898 41.4870689655143 55.766702586205 -9999 -9999 -9999 -9999 58.7931034482759 53.4585129310355 49.6411637931021 48.9046336206888 43.791487068964 39.6406250000008 41.2068965517241 45.9191810344829 -9999 -9999 -9999 -9999 -9999 -9999 -9999 -9999 -9999 -9999 -9999 -9999 -9999
-9999 -9999 51.0053879310345 39.0059267241381 38.3599137931054 48.7025862068992 40.2230603448318 37.9655172413792 46.0102370689656 48.0344827586208 47.7025862068872 38.2516163793094 41.0748922413796 39.0398706896552 41.2095905172378 47.9994612068965 47.9806034482753 53.9639008620689 59.9127155172391 52.2839439655176 43.9655172413792 51.0059267241379 34.6352370689699 53.0522629310328 -9999 -9999 -9999 -9999 51.9520474137929 55.3582974137917 48.6530172413757 44.5010775862057 44.0177801724139 40.0156250000001 52.1363146551681 53.3561422413788 53.0123922413795 44.3281249999979 -9999 -9999 -9999 -9999 -9999 -9999 -9999 -9999 -9999 -9999 -9999
-9999 55.0808189655209 45.4434267241384 36.636314655174 36 41.2376077586218 41.3938577586194 39.2112068965512 48.1605603448275 44.0651939655181 38.6427801724078 35.1627155172407 38.1546336206902 42.6675646551744 41.0872844827562 40.9886853448254 49.1514008620683 49.3098060344813 59.1379310344825 49.3701508620685 37.1406250000025 42.5996767241393 39.4229525862049 46.7979525862065 -9999 -9999 -9999 -9999 54.3873922413801 46.1163793103443 48.6223060344812 46.5824353448285 44.1734913793073 47.0053879310351 48.7273706896591 46.0840517241378 45.0705818965415 46.9094827586214 46.3938577586215 -9999 -9999 -9999 -9999 -9999 -9999 -9999 -9999 -9999 -9999
-9999 -9999 48.3356681034469 34 38.1497844827602 38.9644396551705 37.1842672413787 39.5247844827584 46.2871767241368 39.8017241379337 45.136314655188 37.9843750000008 37.6481681034479 37.5818965517268 42.3647629310342 38.3054956896546 43.3259698275861 49.3426724137925 51.3793103448269 53.2839439655174 47.6363146551712 38.1104525862058 45 48.0598060344829 -9999 -9999 -9999 -9999 49.7812499999991 57.2155172413827 61.8593749999994 44.3103448275865 47.3006465517237 46.6158405172406 45 44.6600215517233 47.6945043103489 46.0177801724113 46.1880387931013 48.9622844827561 45.9240301724131 -9999 -9999 -9999 -9999 -9999 -9999 -9999 -9999
-9999 -9999 55.9191810344835 49.2020474137939 39.0064655172422 43.8760775862059 41.6039870689628 38.4030172413786 44.886853448276 40.9019396551721 43.4886853448279 42.829741379311 42.5921336206902 45.9940732758629 41.951508620691 41.5253232758634 50.514008620689 42 51.0059267241389 53.0037715517241 44.4493534482745 43.1174568965508 47.399245689651 48.7009698275845 -9999 -9999 -9999 -9999 54.7979525862072 53.2591594827594 53.1858836206916 48.766163793104 47.7332974137925 47.6406250000008 47.2790948275853 47.2564655172407 48 46.6524784482749 49.3195043103403 49.4827586206898 47.0867456896552 48.1686422413809 50.739224137933 -9999 -9999 -9999 -9999 -9999 -9999
-9999 -9999 49.7774784482751 46.9455818965532 35.2332974137938 35.1298491379305 47.3448275862072 40.6427801724143 43.7327586206892 47.3793103448286 55.9407327586189 43.2031249999986 46.2252155172396 40.1320043103413 48.9040948275871 38.9897629310326 48.6341594827589 49.983836206897 44.8976293103432 52.8529094827585 45.3884698275872 43.0269396551769 50.9369612068973 45.0398706896565 -9999 -9999 -9999 -9999 59.2101293103451 52.7774784482777 54.0813577586242 51.6584051724119 47.4951508620686 45.1271551724137 45.8006465517247 49.2645474137933 40.8572198275989 42.9046336206887 47.1945043103455 50.183189655174 45.4687499999993 49.1002155172394 49.8814655172422 47 -9999 -9999 -9999 -9999 -9999
-9999 -9999 50.3830818965518 49.2187499999967 48.1104525862071 39.8275862068965 39.8755387931048 38.7343750000004 54.2855603448274 54.0980603448279 48.797952586206 45.5382543103432 43.1093750000004 51.0673491379339 49.0937499999974 43.107219827574 44.8146551724141 48.2580818965494 49.9191810344842 51 49.7672413793062 38.142780172414 46.8976293103441 49.7656249999996 -9999 -9999 -9999 -9999 58.6093750000004 53.3760775862063 46.7332974137933 50.8275862068965 51.1724137931035 43.921875 55.8502155172389 48.6681034482756 46.6551724137931 44.2715517241362 45.7543103448267 47.6594827586258 46.4983836206895 48.1508620689623 51 46.9924568965512 53.1535560344822 51 -9999 -9999 -9999
-9999 -9999 -9999 44 46.3593749999992 49.3437499999974 46.4062500000026 44.2656249999996 51.4687499999993 49.2031250000006 41 41.7187500000008 49.2187500000009 46.9218750000021 39.0468749999987 45.9687499999941 42.9843750000004 52.0468749999987 54 47.7812499999999 49.1406250000025 45.3437499999974 51 45.2343750000004 -9999 -9999 -9999 -9999 53.7812499999991 42.8437499999974 47 48 53 51.5468750000003 53.4218750000021 52.3906249999996 54 48.6718750000021 47.7031249999989 41.2656250000021 43.2343749999996 49 48.1718749999987 51.1406249999996 52.8906249999965 55.156250000002 58.1406250000059 -9999 -9999
-9999 -9999 -9999 -9999 -9999 44.2187500000028 52.9709051724131 52.702586206896 51.018857758621 43.4105603448283 45.6266163792996 43.2160560344826 50.4439655172425 50.4714439655091 38.9762931034442 51 47.8432112068961 54.7887931034493 45.6039870689646 49.5016163793102 44.632004310338 44.5700431034467 46.3098060344832 -9999 -9999 -9999 -9999 -9999 -9999 45.6670258620675 49.3744612068952 53.5937500000006 56.0053879310349 60.8108836206899 57.2494612068986 52.5716594827589 52.7171336206902 50.2844827586242 48.3157327586212 46.2613146551693 45.2343749999996 45.8318965517231 50.9401939655163 56.8518318965516 57.0630387931 58.9084051724126 57 57.2009698275855 54.8302801724137
-9999 -9999 -9999 -9999 -9999 -9999 -9999 47.4811422413795 43.3017241379319 42.344827586207 38.2974137931023 45.2192887931051 54.4741379310337 49.1664870689718 46.0775862068944 51.6433189655088 62.308728448277 51.2979525862083 44.655172413793 45.6858836206899 48.3987068965467 55.398168103448 48.1400862068951 -9999 -9999 -9999 -9999 -9999 46.5253232758615 45.655172413793 50 53.9725215517232 52.8221982758616 52.5625000000004 56.3356681034432 51.134698275862 54 49.553340517242 51.2187500000009 47.6842672413716 45.4207974137934 44.0700431034487 51.0603448275885 55.4854525862066 56.4542025862105 58.9757543103445 60.608297413791 53.0210129310339 47
-9999 -9999 -9999 -9999 -9999 -9999 -9999 48.3798491379315 53.1352370689659 50.50269396552 55.3049568965462 46.0608836206907 49.4865301724136 45.1158405172382 48.6007543103413 68.4827586206894 67.9703663793112 49.4272629310342 45.436422413792 44.8599137931029 55.9272629310332 55.6831896551714 47.0705818965501 51.3130387931035 -9999 -9999 -9999 -9999 48.5172413793106 48.7963362068973 53.0296336206881 54.4665948275847 51.5323275862084 47 54.9800646551722 55 57.9498922413734 55.9692887930999 50.5495689655155 47.7230603448291 48.9859913793099 48.1039870689631 51.0603448275851 54.4876077586205 56.9471982758604 60.0059267241379 53.942887931033 45.9816810344818 49.4827586206894
-9999 -9999 -9999 -9999 -9999 -9999 49.2968749999987 36.6206896551722 43.7823275862065 46.4094827586199 41.4326508620707 43.8582974137922 52 45.32004310345 46.9498922413807 66.010775862071 64.5678879310357 57.3572198275848 47.3399784482763 45.9423491379312 52.2823275862053 58.3103448275861 49.1589439655124 65.2376077586205 66.6767241379304 -9999 -9999 -9999 47.6206896551722 47.3103448275861 46.9687499999998 50.9956896551746 52.6659482758629 51.0759698275857 47 51.0296336206904 65.3351293103451 57.638469827584 54.5150862068973 44.5247844827575 55.6201508620696 50.5937499999974 53.5711206896561 57.8593750000004 58.2623922413757 57.7262931034454 49.6249999999974 43.3054956896552 42.9795258620695
-9999 -9999 -9999 -9999 -9999 -9999 49.7440732758632 45.9089439655177 42.0748922413775 43.8453663793108 40.2758620689657 48.4164870689653 43.8620689655171 41.7381465517274 48.9595905172425 67.9843749999971 65.3028017241374 65.8216594827596 62.0781250000013 58.4283405172424 69.2058189655125 55.2085129310381 51.3367456896606 64.1282327586212 55.8011853448213 -9999 -9999 -9999 52.1379310344829 48 51.0937499999974 51.8351293103426 51.9558189655191 52.690193965518 46.7855603448315 52 51.9116379310349 51.8168103448277 62.1788793103451 49.2656250000021 58.7656250000004 55.7968749999987 57.8755387931044 59.9806034482759 58.0942887931064 50.0490301724127 45.1314655172412 42.4391163793102 46.149245689655
-9999 -9999 -9999 -9999 -9999 -9999 48.6891163793116 45.3491379310356 46.800107758621 53.4321120689637 48.8626077586157 45.9655172413794 36.6411637931023 40.0781249999979 51.9924568965528 63.9660560344829 59.9520474137936 67.0107758620678 59.7456896551702 50.8906249999999 59.9655172413794 69.2063577586193 54 69.4439655172407 74.256465517241 -9999 -9999 -9999 52.5479525862075 49.0711206896576 49.9811422413794 48.9822198275862 47.9843750000002 45.8405172413789 44.9854525862069 46.3771551724134 52.6627155172374 59.7521551724157 60.0307112068966 46.2376077586144 59.0878232758604 55.8103448275848 58.9714439655173 60.8297413793108 61.7198275862003 47.9628232758621 44.741918103445 43.9665948275863 47.9509698275867
