rasters/Kenya_SNDPPT_M_sl2_250m_ll.asc
NCOLS 96 
NROWS 116 
XLLCORNER 33.890468384 
YLLCORNER -4.677504203 
CELLSIZE 0.083276570625 
NODATA_value -9999 
[rows 21 to 41 of 116, columns 0 to 48 of 96]
-9999 -9999 -9999 -9999 -9999 -9999 -9999 46.1061422413803 43.7316810344823 31.3335129310342 43.1761853448039 40.7931034482757 38.5123922413807 39.0457974137918 49.3766163793118 60.780711206894 65.7931034482757 63.568426724138 49.6185344827588 46.9132543103448 45.8512931034492 70.9639008620687 72.5511853448277 69 70.838900862068 77.3523706896553 -9999 -9999 -9999 51.0872844827584 49.7931034482757 52.8766163793095 53.3087284482769 49.1136853448273 49.7850215517222 46.7122844827584 46.1487068965534 50.6540948275854 47.4676724137911 52.2656250000021 48.0274784482753 62.3259698275871 58.2068965517243 61.8593750000004 58.8906249999965 50.1610991379307 45.64816810345 47.2004310344831 49.0156249999996
-9999 -9999 -9999 -9999 -9999 -9999 -9999 45.5070043103443 45.5317887931035 38.1810344827602 46.962823275854 42.6400862068965 39.7451508620694 33.4762931034457 52.3906249999997 58.206357758614 67 68.6740301724123 71.300646551725 59.8701508620692 54.8814655172416 68.6443965517239 60.7769396551746 63.6201508620683 75.0765086206899 67.4364224137924 73.0716594827584 -9999 -9999 -9999 50.4886853448279 48.8830818965521 51.4843749999988 50.5452586206895 51.4218750000021 47.3917025862063 51.0867456896561 48.3124999999915 49.6460129310341 55.0129310344799 47.1115301724155 58.6206896551724 54.3022629310322 55.3793103448276 55.2435344827544 51.078125000001 53.9822198275855 53.3830818965517 46.3539870689663
-9999 -9999 -9999 -9999 -9999 -9999 -9999 -9999 47.3173491379314 36.0716594827579 45.5339439655167 43.537176724138 36.9137931034488 38.7580818965527 41.4999999999986 64.5743534482801 69.0878232758625 71.676185344827 78.886853448274 45.2898706896551 79.5889008620715 73.2764008620703 75.6848060344861 79.3432112068964 72.7618534482762 71.3879310344821 56.1384698275865 -9999 -9999 -9999 50.3017241379303 54.989762931035 49.1637931034476 49.448275862069 51.2920258620732 49.551724137931 50.8017241379289 47.8798491379289 57.3755387931036 49.103448275862 66.6567887931033 42.4692887931036 52 54.6923491379306 54.5576508620724 53.4913793103454 48.2559267241386 48.0172413793099 49.8809267241384
-9999 -9999 -9999 -9999 -9999 -9999 -9999 -9999 56.4224137931034 44.2575431034501 41.0840517241196 48.4741379310344 43.4563577586198 39.0215517241373 55.9660560344837 59.2828663793115 64.28286637931 67.5307112068968 57.1681034482762 72.8523706896554 78.3146551724143 73.620150862068 75.9342672413822 67.5684267241388 70.2855603448264 63.4218749999937 62.3038793103451 -9999 -9999 -9999 56.2451508620686 63.649245689656 56.0625000000049 53.3281249999999 49.4186422413779 54.5053879310338 56.1045258620625 56 60.0608836206886 51 60.2753232758596 53.2591594827602 51.1131465517271 48.1018318965514 47.1363146551679 46.5086206896543 48.0129310344833 49.2602370689658 47.7311422413793
-9999 -9999 -9999 -9999 -9999 -9999 -9999 -9999 -9999 45.5899784482753 42.3636853448183 34.3184267241375 45.4816810344812 43.1400862068927 49.140624999999 60.0264008620739 57.2085129310344 71.9434267241367 64.7677801724151 65.3049568965517 62.7704741379288 67.896551724138 75.4714439655155 58.2311422413793 62.1621767241375 74.5937500000022 69.3265086206899 60.0334051724159 65.3609913793092 -9999 -9999 -9999 52.896551724138 48.4137931034482 52.5183189655153 47.3103448275861 58.7149784482728 60.0533405172398 59.0727370689654 50.865301724136 59.4234913793101 73.1821120689667 48.8459051724149 41.8593750000004 42.7984913793073 44.156250000002 44.9579741379293 43.8825431034487 51.7963362068965
-9999 -9999 -9999 -9999 -9999 -9999 -9999 -9999 -9999 -9999 46.7036637930951 49.6072198275875 42.0360991379312 48.0107758620687 67.7090517241395 68.0145474137958 68.8485991379309 66.2316810344807 70 64.0765086206899 62.7505387931011 64.7704741379342 72.6363146551666 75.521551724139 68.5377155172425 74.0280172413793 75.9762931034482 68.7435344827578 57.9159482758617 55.3529094827571 -9999 -9999 -9999 -9999 49.5382543103427 49.7543103448267 38.4477370689692 52.9832974137896 52.3092672413769 45.1201508620629 64.3259698275849 70.7279094827571 74.1648706896593 43.9310344827584 41.9057112068936 61.0053879310346 49.9342672413792 46.0479525862077 49.9164870689657
-9999 -9999 -9999 -9999 -9999 -9999 -9999 -9999 -9999 -9999 42.5444504310358 55.6519396551727 58.3545258620695 66.0851293103492 65.5409482758606 67.0167025862168 66.7548491379311 73.2898706896539 64.9407327586197 71.2149784482759 68.792564655173 67.2413793103449 69.7968750000021 65.2413793103449 48.2656249999996 54.7031249999989 63.6718749999998 70.7640086206914 58.3701508620687 58.8981681034486 -9999 -9999 -9999 -9999 49.9590517241354 48.4207974137937 38.6686422413814 42.4073275862043 40.5334051724129 39.177262931034 61.3960129310346 69.2031250000013 67.9585129310348 64.3098060344824 45.9698275861984 46.4234913793097 45.723060344826 47.7742456896547 41.9881465517245
-9999 -9999 -9999 -9999 -9999 -9999 -9999 -9999 -9999 -9999 -9999 51.0657327586207 50.0641163793106 60.4919181034463 62.6842672413808 68.1697198275853 65.8275862068969 58.0425646551669 70.9676724137926 71.8275862068969 68.28879310345 64.2720905172435 60.5996767241328 53.4832974137946 43.4137931034485 47.052801724139 60.6519396551718 68 58.5856681034472 62.1745689655168 52.5625000000018 -9999 53.4843749999988 -9999 56.8254310344818 47.9434267241379 41.4137931034485 45.4046336206861 38.8873922413807 52.3205818965495 45.7801724137927 67.1190732758628 64.5538793103505 67.1406249999996 61.1093750000035 43.5862068965515 47.945043103446 46.4164870689656 47.9935344827588
-9999 -9999 -9999 -9999 -9999 -9999 -9999 -9999 -9999 -9999 -9999 -9999 44.0641163793106 57.0484913793142 56.6056034482756 53.9348060344705 66.4164870689652 63.5624999999957 67.0781250000013 67.0641163793104 68.4962284482771 63.5156249999962 62.245689655174 49.2273706896568 54.3679956896549 49.2381465517229 69.135775862069 69.4919181034495 57.1050646551728 61.5053879310358 55.7187500000021 51.2004310344821 -9999 -9999 58.9170258620657 54.2187500000009 45.5625000000013 45.7510775862083 67.1740301724145 67.4854525862106 76.9649784482752 62.2914870689668 48.2182112068915 63.1249999999997 64.0452586206911 43.8868534482762 47.5781249999999 48.2559267241368 58.8367456896544
-9999 -9999 -9999 -9999 -9999 -9999 -9999 -9999 -9999 -9999 -9999 -9999 39.0264008620691 41.9218750000021 49.2187500000005 55.0080818965532 58.7467672413797 62.5651939655148 66.718211206896 66.1320043103447 63.6858836206884 65.5867456896566 69.1433189655182 49.9434267241379 50.4046336206906 60.901939655173 61.6212284482763 56.4827586206895 52.2376077586222 53.5479525862015 52.343750000001 55.2176724137911 -9999 -9999 59.3432112068969 52 55.4859913793075 52.5059267241381 67.2957974137971 73.9741379310401 76.3890086206897 68.1864224137958 65.739224137933 65.2413793103447 49.5662715517181 44.6142241379325 48.5070043103457 51.9725215517249 51.2532327586203
-9999 -9999 -9999 -9999 -9999 -9999 -9999 -9999 -9999 -9999 -9999 -9999 49.0538793103446 42.9127155172455 49.903017241382 45.866379310346 57.0010775862069 54.0905172413768 63.7909482758599 66.9310344827588 65.8001077586185 63.2640086206891 69.7559267241399 51.9148706896553 63.0689655172412 63.3577586206876 51.3599137931039 40.6939655172399 48.4897629310339 45.6072198275873 51.4595905172425 53.4488146551712 50.3906249999942 56.881465517241 53.5091594827567 50.0872844827572 71.4973060344863 69.3970905172391 74.9515086206899 71.2979525862086 76.8943965517243 74.7559267241369 71.320043103446 50.1831896551719 42.2801724137996 53.731142241379 51.9843750000024 51.0845905172408 50.8173491379326
-9999 -9999 -9999 -9999 -9999 -9999 -9999 -9999 -9999 -9999 -9999 -9999 50.9773706896551 42.9919181034485 42.896551724138 46.8669181034427 51.9137931034478 49.1600215517254 59.1988146551723 66.7925646551723 67.6961206896535 66.9644396551727 69.896551724138 44.0242456896552 49.9412715517246 49.7031249999989 51 46.8512931034468 43.873922413793 39.1470905172412 45.9062499999997 49.0754310344806 51.5625000000008 54.0565732758621 51.5781249999979 58.5975215517237 64.3636853448134 72.8092672413812 66.1034482758621 67.7133620689641 72 74.6147629310321 75.7074353448275 48.1260775862065 52.9245689655149 53.9251077586224 54.0614224137913 46.0581896551736 39.896551724138
-9999 -9999 -9999 -9999 -9999 -9999 -9999 -9999 -9999 -9999 -9999 -9999 47.5705818965521 45.0431034482747 46.0468749999987 42.2559267241344 50.7397629310339 52.6433189655192 54.3351293103426 66.663793103448 57.8647629310368 63.5048491379324 68.4956896551734 45.2785560344821 57.8604525862059 50.7850215517234 43.6605603448278 42.5517241379315 42 35.4186422413801 48.3437499999983 48.7828663793111 50.5156250000012 52.3960129310346 49.548491379307 49.3572198275849 49.2715517241384 59.5657327586169 71.3760775862056 70.9110991379304 72.9353448275863 68.7968749999987 71.6271551724173 52.7187500000009 52.3820043103398 56.7456896551725 49.5985991379334 40.7171336206897 42.0070043103446
-9999 -9999 -9999 -9999 -9999 -9999 -9999 -9999 -9999 -9999 -9999 -9999 -9999 44.3178879310353 44.3706896551717 45.1088362068975 47.4412715517243 48.567887931034 49.8168103448246 54.890625 55.9224137931021 52.2079741379336 56.6810344827551 47.4224137931032 48.3448275862069 43.551724137931 41.1810344827587 44.1610991379307 46.6670258620698 43.6810344827579 52.6131465517253 -9999 55.3033405172395 46.7548491379309 39.8701508620711 39.4342672413799 43.7295258620613 55.9121767241444 70.2844827586201 64.9601293103419 71.551724137931 70.0910560344833 64.3448275862069 51.2559267241388 53.3329741379241 53.1131465517256 48.3593749999963 41.112068965517 40
-9999 -9999 -9999 -9999 -9999 -9999 -9999 -9999 -9999 -9999 -9999 -9999 -9999 52.1266163793069 58.7747844827615 45.6169181034477 45.6206896551726 53.2122844827598 54.0177801724104 58.5113146551725 47.1939655172448 50.3480603448272 52.6206896551726 62.4752155172413 61.6330818965525 38.6621767241368 45.4304956896547 50.0096982758605 39.9989224137936 45.2025862068949 49.6163793103435 46.0193965517257 52.3793103448274 44.3750000000004 52.5781249999979 40.1718749999987 53.747306034476 57.8437500000017 69.9175646551737 71.3917025862051 56 76.2031250000013 66.9509698275859 71 55.4471982758641 54.02963362069 49.5624999999977 40.3830818965515 39.793642241378
-9999 -9999 -9999 -9999 -9999 -9999 -9999 -9999 -9999 -9999 -9999 -9999 -9999 49.3814655172418 49.1600215517252 50.7715517241341 43.5334051724157 56.9143318965487 53.0619612068976 52.4779094827582 48.9498922413863 41.6508620689634 48.915948275863 46.9515086206896 46.7381465517245 44.2101293103486 48.0678879310344 48.9218750000003 38.6427801724133 46.1276939655166 46.3205818965512 49.0393318965567 48.5156250000012 49.8868534482766 46.4299568965564 63.7931034482761 53.4919181034512 54.0964439655052 62.7031249999989 53.4304956896543 57.3927801724133 69.0420258620692 68.5851293103445 71.1778017241378 51.033405172408 52.6756465517287 46.0193965517249 46.5770474137938 34.5802801724144
-9999 -9999 -9999 -9999 -9999 -9999 -9999 -9999 -9999 -9999 -9999 -9999 -9999 55.9827586206872 48.2219827586156 51.0161637931065 48.8518318965529 49.8372844827611 50.9919181034481 47 49.9951508620689 48.9595905172414 41.2650862068945 49.9655172413793 49.6907327586211 49.3335129310323 37.884698275862 40.0813577586207 41.7677801724129 52.8162715517304 56.512392241378 51.4687499999989 41.5156250000012 54.5436422413796 59.9051724137825 61.9865301724138 55.5872844827436 47.023706896552 58.6546336206886 68.2473060344847 55.7920258620694 68.7968749999987 53.9714439655172 68.1109913793099 67.0711206896585 53.2354525862108 63.9703663793105 55.0118534482746 60.9019396551732
-9999 -9999 -9999 -9999 -9999 -9999 -9999 -9999 -9999 -9999 -9999 -9999 -9999 61.5511853448282 51.7747844827609 46.2871767241403 50.8485991379313 49.0064655172412 52.9326508620679 45.415409482759 50.2252155172369 45.7602370689696 45.6869612068983 44.3076508620694 43.366918103448 44.5091594827576 41.533943965517 45.5808189655155 49.2828663793099 44.7456896551725 43.2764008620653 46.5156250000012 44.1109913793084 51.6848060344832 55.9234913793144 46.9159482758619 54.4477370689689 40 40.8001077586195 55.2920258620732 47.2984913793095 62.3502155172435 71 68.0193965517241 66 61.7241379310342 57.1718750000015 49.8706896551721 57.8776939655167
-9999 -9999 -9999 -9999 -9999 -9999 -9999 -9999 -9999 -9999 -9999 -9999 -9999 50.1837284482794 49.6896551724137 47.6524784482688 51.3103448275863 40.0792025862047 44.5872844827568 45.890625 47.8739224137963 48.3793103448273 46.9229525862078 39.3044181034503 46.5571120689655 44.9396551724104 41.2214439655175 44.2279094827575 45.9579741379312 49.0484913793112 49.3415948275862 44.0856681034458 45.3200431034492 54.4800646551727 54.3103448275863 57.4315732758621 59 54.3281249999979 47.1260775862063 38.2656250000021 48.3103448275863 54.5576508620688 59.4606681034496 55.772090517242 49.4175646551881 57.4946120689616 64.9385775862043 57.0048491379309 46.6848060344828
-9999 -9999 -9999 -9999 -9999 -9999 -9999 -9999 -9999 -9999 -9999 -9999 -9999 60.5231681034473 55.462284482758 61.0420258620701 50.4827586206898 44.0102370689659 45.5522629310349 48.2640086206897 50.9321120689643 43.9455818965521 51.5948275862058 40.4687500000009 39.294719827587 41.0770474137913 50.3130387931036 56.8044181034488 51.6713362068966 45.5781250000013 52.0156249999999 45.4827586206898 47.5339439655169 50.5921336206902 55.4973060344829 55.1056034482763 60.8642241379347 49.5134698275893 51.4827586206898 46.0635775862042 47.5091594827586 59.2031250000013 53.7737068965534 47.5554956896551 61.7284482758535 58.329202586205 66.8960129310319 55.5172413793102 49.0732758620676
-9999 -9999 -9999 -9999 -9999 -9999 -9999 -9999 -9999 -9999 -9999 -9999 52.3480603448283 62.2591594827606 55.0775862068944 55.9946120689645 55.9892241379313 53.6713362068964 48.9682112068975 48.617456896552 54.2042025862041 45.3448275862066 49.3803879310343 40.1966594827601 35.1363146551732 40.447198275862 49.4412715517243 47.1260775862064 55.2693965517236 45.5867456896551 48.1697198275862 44.1357758620659 47.6551724137934 50.8728448275867 46.7235991379295 55 56.3593750000038 54.7192887930999 54.8976293103445 51.6427801724111 61.2672413793112 46.4606681034448 49.4822198275855 53.0339439655186 47.7952586206925 60.3523706896536 68.8755387930982 64.3189655172418 52.6740301724136
