rasters/Kenya_bio8.asc
NCOLS 96 
NROWS 116 
XLLCORNER 33.890468384 
YLLCORNER -4.677504203 
CELLSIZE 0.083276570625 
NODATA_value -3.4e+38 
[rows 42 to 62 of 116, columns 47 to 93 of 96]
26.2805004119873 26.3263339996338 26.3266658782959 26.3836669921875 27.2430000305176 27.4093322753906 27.5343341827393 27.6765003204346 27.7940006256104 27.9009990692139 28.0174999237061 28.1151676177979 28.1889991760254 28.2430000305176 28.3121662139893 28.3751659393311 28.3915004730225 28.3994998931885 28.4616661071777 28.6276664733887 28.7840003967285 28.9489994049072 29.0893325805664 29.1778335571289 29.2506656646729 29.3225002288818 29.3681678771973 29.3636665344238 29.3958320617676 29.4223327636719 29.4416675567627 29.4444999694824 29.4506664276123 29.4478340148926 29.4261665344238 28.2863330841064 28.271167755127 28.283166885376 -3.4e+38 -3.4e+38 -3.4e+38 -3.4e+38 -3.4e+38 -3.4e+38 -3.4e+38 -3.4e+38 -3.4e+38
25.7716674804688 25.951000213623 26.0771675109863 26.3664989471436 26.9866676330566 27.3214988708496 27.5151653289795 27.7080001831055 27.8355007171631 27.865665435791 28.0136661529541 28.1264991760254 28.220666885376 28.2998332977295 28.3913345336914 28.4764995574951 28.5936660766602 28.630500793457 28.5581665039062 28.5019989013672 28.7519989013672 28.9351673126221 29.0936660766602 29.1791667938232 29.2691669464111 29.3409996032715 29.3491668701172 29.3290004730225 29.4188327789307 29.4705009460449 29.488166809082 29.5196666717529 29.529333114624 28.3791675567627 28.3561668395996 28.3473339080811 28.38450050354 29.5830001831055 -3.4e+38 -3.4e+38 -3.4e+38 -3.4e+38 -3.4e+38 -3.4e+38 -3.4e+38 -3.4e+38 -3.4e+38
25.2696666717529 25.4990005493164 24.6765003204346 26.3273334503174 26.8406658172607 27.1375007629395 27.3806667327881 27.5726661682129 27.6925010681152 27.9036674499512 27.9266662597656 28.1065006256104 28.110668182373 28.1858329772949 28.3568344116211 28.4743328094482 28.6066665649414 28.7070007324219 28.7088317871094 28.5611667633057 28.6241664886475 28.6680011749268 28.9901657104492 29.1446666717529 29.2428340911865 29.3684997558594 29.3938331604004 29.3401660919189 29.3759994506836 29.4373321533203 28.3811683654785 28.4083347320557 29.5855007171631 28.4358329772949 28.4458332061768 28.4360008239746 29.6394996643066 29.6809997558594 -3.4e+38 -3.4e+38 -3.4e+38 -3.4e+38 -3.4e+38 -3.4e+38 -3.4e+38 -3.4e+38 -3.4e+38
24.8998336791992 24.4166660308838 24.75 25.3659992218018 25.8033332824707 26.1146659851074 27.2268333435059 26.5488338470459 27.5928344726562 27.7161674499512 27.9029998779297 28.1003341674805 26.9673328399658 28.1334991455078 28.3038330078125 28.5921669006348 28.5494995117188 28.6774997711182 28.7908325195312 28.6348323822021 28.4681663513184 28.617000579834 28.9169998168945 29.1450004577637 29.2248344421387 29.3474998474121 29.4538326263428 29.390832901001 29.3255004882812 29.4111671447754 29.4966659545898 29.5771656036377 28.4825000762939 28.4526672363281 28.5009994506836 28.5321674346924 29.699333190918 29.7598342895508 -3.4e+38 -3.4e+38 -3.4e+38 -3.4e+38 -3.4e+38 -3.4e+38 -3.4e+38 -3.4e+38 -3.4e+38
25.1093330383301 24.4640007019043 24.7124996185303 25.1339988708496 25.5808334350586 25.9820003509521 26.1634998321533 26.2730007171631 26.5709991455078 27.7223339080811 28.0769996643066 26.9638328552246 27.0816669464111 28.3589992523193 28.3766670227051 28.7101669311523 28.7468338012695 28.8745002746582 28.8509998321533 28.7808322906494 28.632833480835 28.8114986419678 28.9633331298828 29.1273326873779 29.2293319702148 29.2326679229736 29.3568325042725 29.3514995574951 29.3721656799316 29.4231662750244 28.4218330383301 28.484001159668 28.453332901001 28.470832824707 28.511833190918 28.5595016479492 28.5616664886475 28.611499786377 -3.4e+38 -3.4e+38 -3.4e+38 -3.4e+38 -3.4e+38 -3.4e+38 -3.4e+38 -3.4e+38 -3.4e+38
24.1009998321533 24.3699989318848 24.6041679382324 24.8980007171631 25.246166229248 25.6341667175293 25.7471656799316 25.5650005340576 26.0713329315186 26.5691661834717 26.9360008239746 27.9736671447754 28.1359996795654 28.4301662445068 28.3841667175293 28.7221660614014 28.6626663208008 28.7869987487793 28.9141654968262 29.0011672973633 28.8978328704834 28.8729991912842 28.8835010528564 28.9233322143555 29.158332824707 29.2083320617676 29.2639999389648 28.2353324890137 28.283332824707 29.3689994812012 28.3854999542236 28.4459991455078 28.4148330688477 28.4313335418701 28.4593334197998 28.5125007629395 29.742166519165 29.8021659851074 -3.4e+38 -3.4e+38 -3.4e+38 -3.4e+38 -3.4e+38 -3.4e+38 -3.4e+38 -3.4e+38 -3.4e+38
24.0149993896484 24.2840003967285 24.5696659088135 24.833833694458 25.1098327636719 25.4516677856445 25.8176670074463 26.021333694458 26.5096664428711 26.5939998626709 26.9815006256104 27.9808330535889 28.0403327941895 28.0848331451416 28.4186668395996 28.6474990844727 28.8108329772949 28.7849998474121 28.9103336334229 29.033332824707 29.0001659393311 28.9060001373291 28.949333190918 29.0631675720215 29.2116661071777 29.2430000305176 28.2416667938232 28.2018337249756 28.2959995269775 28.3263320922852 28.4015007019043 28.4523334503174 28.4336681365967 29.6744995117188 28.5793323516846 28.537166595459 28.5534992218018 29.8105010986328 -3.4e+38 -3.4e+38 -3.4e+38 -3.4e+38 -3.4e+38 -3.4e+38 -3.4e+38 -3.4e+38 -3.4e+38
24.0108337402344 24.3026657104492 24.5271663665771 24.7045001983643 24.9541664123535 25.3020000457764 25.9441661834717 26.2956657409668 26.4780006408691 26.6618328094482 26.853832244873 26.953332901001 26.9181671142578 27.0071678161621 27.2259998321533 28.511999130249 28.6991653442383 28.7188339233398 28.8981666564941 29.0036659240723 29.0240001678467 28.9273338317871 28.9178333282471 29.1143341064453 29.3616676330566 29.3985004425049 28.2996673583984 28.2721672058105 28.353832244873 28.3541679382324 28.451000213623 28.5249996185303 28.4650001525879 29.7093334197998 29.7741661071777 29.8084983825684 29.8075008392334 28.638500213623 -3.4e+38 -3.4e+38 -3.4e+38 -3.4e+38 -3.4e+38 -3.4e+38 -3.4e+38 -3.4e+38 -3.4e+38
23.7803344726562 24.3374996185303 24.4694995880127 24.730167388916 24.978832244873 25.2350006103516 25.6261672973633 25.9475002288818 26.1906661987305 26.300666809082 26.6105003356934 26.7693328857422 26.6830005645752 26.8619995117188 27.11549949646 27.3518333435059 27.5581665039062 28.6199989318848 28.8129997253418 28.9745006561279 29.0795001983643 29.0276660919189 28.9376659393311 28.1103324890137 28.3368339538574 28.4230003356934 28.3698329925537 28.4316673278809 28.4471664428711 28.5383338928223 28.5818328857422 28.6129989624023 28.6246681213379 28.6908340454102 29.8128318786621 29.8368339538574 29.8406658172607 28.7193336486816 -3.4e+38 -3.4e+38 -3.4e+38 -3.4e+38 -3.4e+38 -3.4e+38 -3.4e+38 -3.4e+38 -3.4e+38
24.1219997406006 24.2625007629395 24.3516674041748 24.3740005493164 24.619499206543 24.945499420166 25.1871662139893 25.3115005493164 25.6421661376953 25.9576663970947 26.3088340759277 26.4981670379639 26.591833114624 26.8606662750244 27.0673332214355 27.1875 27.3918342590332 27.6660003662109 28.779167175293 29.0031661987305 29.1633338928223 29.2141666412354 28.1145000457764 28.0786666870117 28.2509994506836 28.458833694458 28.5053329467773 28.4741668701172 28.5611667633057 28.6199989318848 29.6698341369629 28.6056671142578 28.7031669616699 28.7518329620361 28.7628345489502 28.7863330841064 28.7558326721191 28.7665004730225 -3.4e+38 -3.4e+38 -3.4e+38 -3.4e+38 -3.4e+38 -3.4e+38 -3.4e+38 -3.4e+38 -3.4e+38
23.8846664428711 23.8811664581299 23.8155002593994 23.8998336791992 24.3373336791992 24.7303333282471 24.8846664428711 25.0100002288818 25.3373336791992 25.6468334197998 26.1165008544922 26.4851665496826 26.666166305542 26.8169994354248 26.8689994812012 26.9541664123535 27.2431678771973 27.5855007171631 27.8476676940918 28.1188335418701 29.1873340606689 29.2996673583984 28.3420009613037 28.1730003356934 28.2396659851074 28.4068336486816 28.5214996337891 28.3649997711182 28.5144996643066 28.6326675415039 28.5764999389648 28.5583324432373 28.6251678466797 28.7729988098145 28.7740001678467 28.7830009460449 28.7888336181641 28.7748336791992 -3.4e+38 -3.4e+38 -3.4e+38 -3.4e+38 -3.4e+38 -3.4e+38 -3.4e+38 -3.4e+38 -3.4e+38
23.1881675720215 23.1516666412354 22.6916656494141 23.2436656951904 24.0639991760254 24.4688339233398 24.7560005187988 25.0491676330566 25.3921661376953 25.6846675872803 26.0535011291504 26.3723335266113 26.5494995117188 26.6343326568604 26.7338333129883 26.9538326263428 27.2083339691162 27.4788341522217 27.7941665649414 28.095832824707 28.2751655578613 29.3361663818359 29.4383335113525 28.4518337249756 28.3653335571289 28.3675003051758 28.503999710083 28.3404998779297 28.3003330230713 28.4231662750244 28.4316673278809 28.6044998168945 28.6521663665771 28.7193336486816 28.7568321228027 28.7941665649414 29.8678321838379 28.7111663818359 -3.4e+38 -3.4e+38 -3.4e+38 -3.4e+38 -3.4e+38 -3.4e+38 -3.4e+38 -3.4e+38 -3.4e+38
22.5580005645752 21.5596656799316 21.2280006408691 23.0036659240723 23.9531669616699 24.3731670379639 24.6161670684814 24.844165802002 25.2604999542236 25.6066665649414 25.8385009765625 26.0550003051758 26.2503337860107 26.5456657409668 26.7491664886475 26.9609985351562 27.178165435791 27.4394989013672 27.7436676025391 28.0338325500488 28.2016677856445 28.3981666564941 29.4836673736572 29.5294990539551 29.5776672363281 28.5018348693848 28.4995002746582 28.3120002746582 28.1501655578613 28.2226676940918 28.3716659545898 28.5294990539551 28.6743335723877 28.6391677856445 28.6723327636719 28.6888332366943 28.6691665649414 29.7905006408691 -3.4e+38 -3.4e+38 -3.4e+38 -3.4e+38 -3.4e+38 -3.4e+38 -3.4e+38 -3.4e+38 -3.4e+38
21.1490001678467 19.2255001068115 21.3101673126221 23.1585006713867 23.9353332519531 24.390998840332 24.6978340148926 24.9261665344238 25.195333480835 25.3391666412354 25.6674995422363 25.962833404541 26.2003326416016 26.5184993743896 26.7953338623047 27.0729999542236 27.3246669769287 27.5115013122559 27.7266674041748 27.968334197998 28.1990013122559 28.3635005950928 28.5083332061768 28.5799999237061 29.6544990539551 29.6806659698486 28.6415004730225 28.466667175293 28.2546672821045 28.2068328857422 28.2751655578613 28.4869995117188 28.6348323822021 28.6073322296143 28.6148338317871 29.7511672973633 29.828498840332 29.7735004425049 -3.4e+38 -3.4e+38 -3.4e+38 -3.4e+38 -3.4e+38 -3.4e+38 -3.4e+38 -3.4e+38 -3.4e+38
19.0923328399658 19.5125007629395 22.1574993133545 23.5221672058105 24.0634994506836 24.4583320617676 24.8543338775635 25.2336673736572 25.4396667480469 25.2841663360596 25.5510005950928 25.8544998168945 26.1639995574951 26.4885005950928 26.7929992675781 27.0538330078125 27.2220001220703 27.3479995727539 27.6548328399658 27.9083347320557 28.0408344268799 28.1955013275146 28.386999130249 28.533166885376 28.5814990997314 28.6181659698486 28.6711654663086 28.7063331604004 28.5989990234375 28.4156665802002 28.4326667785645 28.5564994812012 28.6038341522217 28.5935001373291 28.58766746521 28.5781669616699 29.7143325805664 29.6778335571289 -3.4e+38 -3.4e+38 -3.4e+38 -3.4e+38 -3.4e+38 -3.4e+38 -3.4e+38 -3.4e+38 -3.4e+38
17.4711666107178 20.1931667327881 22.8861656188965 23.746166229248 24.2970008850098 24.7013339996338 25.091667175293 25.6319999694824 25.6681671142578 25.275333404541 25.5096664428711 25.8619995117188 26.3290004730225 26.5391674041748 26.746166229248 26.8985004425049 27.0073337554932 27.2748317718506 27.5148334503174 27.742000579834 27.869499206543 28.1381664276123 28.4039993286133 28.4766654968262 28.4919986724854 28.4918327331543 28.4745006561279 28.6540012359619 29.7881660461426 29.7796669006348 28.654333114624 28.6240005493164 28.6138343811035 28.5886669158936 28.530834197998 28.5188331604004 28.5109996795654 28.4419994354248 -3.4e+38 -3.4e+38 -3.4e+38 -3.4e+38 -3.4e+38 -3.4e+38 -3.4e+38 -3.4e+38 -3.4e+38
20.6691665649414 22.0764999389648 23.3661670684814 23.8858337402344 24.3964996337891 24.7980003356934 25.0728340148926 25.8568325042725 25.9308319091797 25.5478324890137 25.716667175293 26.0475006103516 26.6271667480469 26.8481674194336 26.7749996185303 26.7998332977295 26.9903335571289 27.1948337554932 27.4013328552246 27.646333694458 27.8286666870117 28.0960006713867 28.3190002441406 28.3843326568604 28.4909992218018 28.470666885376 28.3950004577637 28.5340003967285 28.7035007476807 29.7613334655762 28.6693325042725 28.5773334503174 28.5806655883789 28.5109996795654 28.4406661987305 28.4333343505859 28.3628330230713 28.3113327026367 -3.4e+38 -3.4e+38 -3.4e+38 -3.4e+38 -3.4e+38 -3.4e+38 -3.4e+38 -3.4e+38 -3.4e+38
22.042667388916 23.2478332519531 23.7049999237061 24.17799949646 24.5874996185303 24.9759998321533 25.3048324584961 25.6695003509521 26.1216659545898 25.8745002746582 26.1163330078125 26.2996673583984 26.7954998016357 27.2439994812012 27.3231658935547 27.2086658477783 27.0804996490479 27.1578330993652 27.3929996490479 27.6254997253418 27.8214988708496 28.0041675567627 28.1870002746582 28.3159999847412 28.4346675872803 28.470832824707 28.4514999389648 28.4531669616699 28.5871658325195 28.6281661987305 28.6173324584961 28.4986667633057 28.5004997253418 28.4011669158936 28.3439998626709 28.326000213623 29.3229999542236 29.3286666870117 -3.4e+38 -3.4e+38 -3.4e+38 -3.4e+38 -3.4e+38 -3.4e+38 -3.4e+38 -3.4e+38 -3.4e+38
22.7029991149902 23.5610008239746 23.9895000457764 24.4791679382324 25.1631660461426 25.4965000152588 25.6878337860107 25.9858322143555 26.1968326568604 26.2910003662109 26.5326652526855 26.6531677246094 27.025333404541 27.3840007781982 27.5594997406006 27.6776657104492 27.6466674804688 27.5508327484131 27.5993328094482 27.7296676635742 27.9190006256104 28.0764999389648 28.1860008239746 28.3118343353271 28.4379997253418 28.4906673431396 28.5028343200684 28.470832824707 28.5218334197998 28.4899997711182 28.4855003356934 28.4483337402344 28.3595008850098 28.2993316650391 28.257833480835 28.2131652832031 29.2035007476807 29.2255001068115 -3.4e+38 -3.4e+38 -3.4e+38 -3.4e+38 -3.4e+38 -3.4e+38 -3.4e+38 -3.4e+38 -3.4e+38
23.3010005950928 23.9738330841064 24.1491661071777 24.4291667938232 25.5066661834717 25.4546661376953 25.5279998779297 25.8764991760254 26.1388339996338 26.0163345336914 26.2268333435059 26.6655006408691 27.0528335571289 27.4421672821045 27.6984996795654 27.78466796875 27.905834197998 28.0004997253418 28.0948333740234 28.1306667327881 28.0750007629395 28.1669998168945 28.2390003204346 28.3400001525879 28.4403343200684 28.5243339538574 28.5014991760254 28.4710006713867 28.4581661224365 28.3966674804688 28.3428344726562 28.2678337097168 28.2528343200684 28.1811676025391 28.1820011138916 29.125 29.1108341217041 29.1319999694824 -3.4e+38 -3.4e+38 -3.4e+38 -3.4e+38 -3.4e+38 -3.4e+38 -3.4e+38 -3.4e+38 -3.4e+38
23.1021671295166 24.0521659851074 24.4785003662109 24.6730003356934 25.2215003967285 24.7988338470459 24.8764991760254 25.1728324890137 25.7409992218018 25.7021675109863 25.8886661529541 26.3061676025391 26.7563323974609 27.3934993743896 27.6201667785645 27.8018341064453 27.9291648864746 28.0706672668457 28.2008323669434 28.4073333740234 28.3610000610352 28.2043323516846 28.2189998626709 28.3379993438721 28.4479999542236 28.5246677398682 28.5043334960938 28.4514999389648 28.4061660766602 28.3380012512207 28.2924995422363 28.1561660766602 28.1403331756592 29.0353336334229 29.0319995880127 29.0076675415039 29.0071678161621 29.0160007476807 -3.4e+38 -3.4e+38 -3.4e+38 -3.4e+38 -3.4e+38 -3.4e+38 -3.4e+38 -3.4e+38 -3.4e+38
