rasters/Kenya_bio8.asc
NCOLS 96 
NROWS 116 
XLLCORNER 33.890468384 
YLLCORNER -4.677504203 
CELLSIZE 0.083276570625 
NODATA_value -3.4e+38 
[rows 21 to 41 of 116, columns 0 to 46 of 96]
-339999999999999996123846586046231871488.000000000000000 -3.4e+38 -3.4e+38 -3.4e+38 -3.4e+38 -3.4e+38 22.5043334960938 24.2876663208008 26.0086669921875 26.2746658325195 25.4233322143555 23.4650001525879 22.3120002746582 24.6863327026367 27.5410003662109 28.1806678771973 28.8588333129883 29.2566661834717 29.4263324737549 29.1436672210693 29.5668334960938 29.8248329162598 29.876501083374 29.949333190918 29.9689998626709 29.7154998779297 29.1496658325195 28.708667755127 28.9424991607666 29.2835006713867 28.6466655731201 27.9338340759277 27.466667175293 27.7601661682129 28.3813323974609 28.6341667175293 28.7671661376953 28.7773323059082 28.5431671142578 28.4351673126221 28.3683319091797 28.2053337097168 27.673999786377 26.6956672668457 25.683666229248 25.2541675567627 25.9218330383301
-3.4e+38 -3.4e+38 -3.4e+38 -3.4e+38 -3.4e+38 -3.4e+38 -3.4e+38 22.6175003051758 25.3031673431396 25.4893341064453 24.2410011291504 22.0786666870117 19.8566665649414 18.9183330535889 26.3131675720215 28.1821670532227 28.8326663970947 29.2596664428711 29.6060009002686 29.7509994506836 29.8290004730225 29.8819999694824 29.8026676177979 29.8600006103516 29.8756656646729 29.9111671447754 29.5251655578613 28.6674995422363 28.513500213623 28.699499130249 28.7091674804688 28.1938323974609 27.8061676025391 27.9416656494141 28.3844985961914 28.5089988708496 28.5631656646729 28.5511665344238 28.1428337097168 28.0535011291504 28.3926658630371 28.349666595459 27.9594993591309 27.1175003051758 26.6371669769287 26.6163330078125 26.8309993743896
-3.4e+38 -3.4e+38 -3.4e+38 -3.4e+38 -3.4e+38 -3.4e+38 -3.4e+38 -3.4e+38 24.0803337097168 24.9561672210693 21.7329998016357 21.265832901001 23.0061664581299 22.8971672058105 26.4934997558594 28.1284999847412 28.7266674041748 29.1696662902832 29.2983341217041 29.4603328704834 29.6975002288818 29.8771667480469 29.6895008087158 29.8255004882812 29.9261665344238 29.9265003204346 29.359001159668 28.617166519165 28.4363327026367 28.4271659851074 28.7813339233398 28.4403343200684 28.2995014190674 27.9473342895508 28.1796684265137 28.1354999542236 28.1531677246094 27.9190006256104 26.9556655883789 27.7478332519531 28.3973331451416 28.3966674804688 28.0778331756592 27.6111660003662 27.4511661529541 27.3401660919189 27.3186664581299
-3.4e+38 -3.4e+38 -3.4e+38 -3.4e+38 -3.4e+38 -3.4e+38 -3.4e+38 -3.4e+38 22.9088325500488 24.9346656799316 24.3421669006348 21.0734996795654 24.6893329620361 25.9025001525879 27.2709999084473 28.0774993896484 28.6108341217041 29.0033340454102 29.0486660003662 29.1291656494141 29.3368339538574 29.6415004730225 29.7081680297852 29.6485004425049 29.9026679992676 29.8966674804688 29.6774997711182 29.3695011138916 28.6123332977295 28.2409992218018 28.359001159668 28.5756664276123 28.9156665802002 28.4039993286133 27.7866668701172 27.6608333587646 27.4168338775635 27.0091667175293 25.8934993743896 27.7291679382324 28.3258323669434 28.3111667633057 28.1413326263428 27.9851665496826 27.958833694458 27.783166885376 27.5853328704834
-3.4e+38 -3.4e+38 -3.4e+38 -3.4e+38 -3.4e+38 -3.4e+38 -3.4e+38 -3.4e+38 -3.4e+38 22.8666667938232 22.8958339691162 24.9583320617676 26.0799999237061 27.2858333587646 27.7398319244385 28.1331672668457 28.47483253479 28.803165435791 28.5865001678467 28.6086673736572 28.8018341064453 29.3145008087158 29.5808334350586 29.404167175293 29.7583332061768 29.7368335723877 29.8776664733887 29.7506675720215 29.2843322753906 28.4521656036377 28.0195007324219 28.07200050354 28.3168334960938 28.6875 27.5924987792969 26.2119998931885 25.4836654663086 26.3201675415039 26.2016658782959 27.9403324127197 28.3226661682129 28.2929992675781 28.2540016174316 28.2361660003662 28.2223320007324 27.9061660766602 27.6596660614014
-3.4e+38 -3.4e+38 -3.4e+38 -3.4e+38 -3.4e+38 -3.4e+38 -3.4e+38 -3.4e+38 -3.4e+38 -3.4e+38 23.0884990692139 25.7986660003662 26.6256675720215 27.0636672973633 27.5041675567627 27.8741664886475 28.2024993896484 28.4976673126221 27.8521671295166 27.8611679077148 28.0445003509521 28.8400001525879 29.2566661834717 29.2653331756592 29.3334999084473 29.5551662445068 29.6983337402344 29.6311664581299 29.4473323822021 28.494499206543 28.0278339385986 27.7508335113525 27.6975002288818 28.4723339080811 27.9233322143555 24.8199996948242 22.519832611084 25.9365005493164 26.6776657104492 27.9138336181641 28.125 28.2121658325195 28.2869987487793 28.3408336639404 28.2663345336914 27.9444999694824 27.6333332061768
-3.4e+38 -3.4e+38 -3.4e+38 -3.4e+38 -3.4e+38 -3.4e+38 -3.4e+38 -3.4e+38 -3.4e+38 -3.4e+38 22.9606666564941 25.496000289917 26.0946674346924 26.7508335113525 27.170166015625 27.5971660614014 28.0326652526855 28.2458324432373 27.6025009155273 27.0228328704834 27.4038333892822 28.3168334960938 28.808666229248 28.9136657714844 28.6361675262451 29.1599998474121 29.4908332824707 29.4021663665771 29.1399993896484 28.3624992370605 28.1350002288818 27.6544990539551 27.5651664733887 28.1611671447754 27.7316665649414 24.4664993286133 21.3558330535889 26.117000579834 27.1674995422363 27.6986675262451 27.7838344573975 27.9791660308838 28.1443328857422 28.3134994506836 28.3585014343262 28.0620002746582 27.5921669006348
-3.4e+38 -3.4e+38 -3.4e+38 -3.4e+38 -3.4e+38 -3.4e+38 -3.4e+38 -3.4e+38 -3.4e+38 -3.4e+38 -3.4e+38 23.3266658782959 25.65016746521 26.2880001068115 26.6066665649414 27.0335006713867 27.8053340911865 27.9026660919189 27.1118335723877 26.2589988708496 26.9751663208008 27.9323329925537 28.4184989929199 28.3506660461426 27.4535007476807 28.5900001525879 29.2250003814697 29.2294998168945 28.9874992370605 27.8321666717529 27.7343330383301 27.7413330078125 27.3915004730225 27.2136669158936 26.179666519165 24.4771671295166 22.1909999847412 26.1531677246094 27.253999710083 27.3931674957275 27.4761657714844 27.6551666259766 27.7116661071777 28.0623340606689 28.2495002746582 28.003999710083 27.4664993286133
-3.4e+38 -3.4e+38 -3.4e+38 -3.4e+38 -3.4e+38 -3.4e+38 -3.4e+38 -3.4e+38 -3.4e+38 -3.4e+38 -3.4e+38 -3.4e+38 24.7366676330566 25.1604995727539 25.0944995880127 26.296667098999 27.46533203125 27.7269992828369 26.6334991455078 26.4951667785645 26.9448337554932 27.6821670532227 28.070333480835 28.1354999542236 27.8526668548584 28.4166679382324 28.8596668243408 28.97483253479 28.8985004425049 27.3436660766602 26.042667388916 27.6601676940918 27.3578338623047 27.299165725708 26.3603324890137 25.3888339996338 24.9258327484131 26.4568328857422 26.9373340606689 27.1351661682129 27.3216667175293 27.3935012817383 27.413667678833 27.769832611084 27.9751663208008 27.7196674346924 27.2223320007324
-3.4e+38 -3.4e+38 -3.4e+38 -3.4e+38 -3.4e+38 -3.4e+38 -3.4e+38 -3.4e+38 -3.4e+38 -3.4e+38 -3.4e+38 -3.4e+38 21.9228324890137 21.9379997253418 21.9190006256104 25.7766666412354 27.11549949646 27.3978328704834 26.9068336486816 26.4351673126221 26.5485000610352 27.3978328704834 27.8473320007324 27.8488330841064 27.8506679534912 28.2425003051758 28.638500213623 28.7311668395996 28.4621658325195 26.1805000305176 25.6468334197998 27.6481666564941 27.6340007781982 27.32200050354 25.8766670227051 26.0085010528564 26.1630001068115 26.4728336334229 26.6983337402344 26.9566669464111 27.1296653747559 27.3368339538574 27.5301666259766 27.646333694458 27.6393337249756 27.175500869751 26.5308322906494
-3.4e+38 -3.4e+38 -3.4e+38 -3.4e+38 -3.4e+38 -3.4e+38 -3.4e+38 -3.4e+38 -3.4e+38 -3.4e+38 -3.4e+38 20.1959991455078 19.4475002288818 18.5415000915527 20.9933338165283 24.074333190918 26.7296676635742 27.1176662445068 26.9911670684814 26.5345001220703 26.5149993896484 27.1851673126221 27.6231670379639 27.9148349761963 28.0231666564941 28.1476669311523 28.1306667327881 28.1871662139893 27.2503337860107 24.541332244873 25.2686653137207 27.2684993743896 27.46266746521 26.1485004425049 24.4901657104492 25.6586666107178 26.0928325653076 26.2763328552246 26.5841674804688 26.8326663970947 26.9815006256104 27.1690006256104 27.3665008544922 27.3974990844727 27.1580009460449 26.3578319549561 25.636999130249
-3.4e+38 -3.4e+38 -3.4e+38 -3.4e+38 -3.4e+38 -3.4e+38 -3.4e+38 -3.4e+38 -3.4e+38 -3.4e+38 -3.4e+38 -3.4e+38 19.1966667175293 18.1128330230713 19.5533332824707 23.345666885376 26.412166595459 26.7688331604004 26.7898330688477 26.2835006713867 25.9188327789307 26.8918342590332 27.4185009002686 27.5464992523193 27.9130001068115 28.0101661682129 27.9698333740234 27.8941669464111 26.2363338470459 23.9915008544922 26.7568321228027 27.3088340759277 26.4306659698486 24.1944999694824 22.7921657562256 25.1461658477783 25.1551666259766 25.9558334350586 26.4230003356934 26.6006660461426 26.7660007476807 26.9698333740234 27.1938323974609 27.1626663208008 26.7848339080811 25.7608337402344 24.6521663665771
-3.4e+38 -3.4e+38 -3.4e+38 -3.4e+38 -3.4e+38 -3.4e+38 -3.4e+38 -3.4e+38 -3.4e+38 -3.4e+38 -3.4e+38 -3.4e+38 19.742166519165 19.6103324890137 20.2123336791992 22.283332824707 25.8171672821045 26.4338340759277 26.6371669769287 26.1826667785645 25.095832824707 26.2101669311523 26.9769992828369 26.9899997711182 27.5605010986328 27.5076675415039 27.9106674194336 27.4401664733887 25.7476673126221 25.2796669006348 28.8681659698486 29.3559989929199 27.9796657562256 24.5008335113525 19.2761669158936 22.7728328704834 22.2318344116211 24.9716663360596 26.0153331756592 26.3238334655762 26.5793342590332 26.8281669616699 27.0655002593994 27.0178337097168 26.3889999389648 25.4976673126221 24.2288341522217
-3.4e+38 -3.4e+38 -3.4e+38 -3.4e+38 -3.4e+38 -3.4e+38 -3.4e+38 -3.4e+38 -3.4e+38 -3.4e+38 -3.4e+38 -3.4e+38 20.2395000457764 19.5643329620361 20.0003337860107 20.6811676025391 24.1826667785645 26.0638332366943 26.4203338623047 26.1380004882812 24.3594989776611 24.3381671905518 26.1294994354248 26.6176662445068 26.769832611084 27.3466663360596 27.6751670837402 27.2893333435059 27.0321674346924 26.8701667785645 29.4716663360596 29.1311664581299 27.712833404541 23.2786674499512 19.1720008850098 18.4979991912842 22.5156669616699 24.7931671142578 25.654333114624 26.0715007781982 26.263500213623 26.5961666107178 26.8561668395996 26.8578338623047 26.3371658325195 25.5200004577637 24.5790004730225
-3.4e+38 -3.4e+38 -3.4e+38 -3.4e+38 -3.4e+38 -3.4e+38 -3.4e+38 -3.4e+38 -3.4e+38 -3.4e+38 -3.4e+38 -3.4e+38 -3.4e+38 20.050500869751 19.503833770752 18.9521675109863 22.1784992218018 25.1714992523193 25.9846649169922 25.8693332672119 24.9071655273438 24.0933322906494 24.7145004272461 26.0726661682129 26.8666667938232 27.4108333587646 27.576000213623 27.5123329162598 27.3320007324219 27.2838325500488 29.1671676635742 28.490665435791 25.9235000610352 22.6894989013672 20.8331661224365 20.8856658935547 23.2676658630371 24.5116672515869 25.3601665496826 25.5674991607666 25.9429988861084 26.3811664581299 26.5368328094482 26.7895011901855 26.5738334655762 26.1003341674805 25.6778335571289
-3.4e+38 -3.4e+38 -3.4e+38 -3.4e+38 -3.4e+38 -3.4e+38 -3.4e+38 -3.4e+38 -3.4e+38 -3.4e+38 -3.4e+38 -3.4e+38 -3.4e+38 20.7431659698486 19.5256671905518 18.3174991607666 19.9489994049072 24.6564998626709 25.7086658477783 25.4678325653076 25.0370006561279 23.5050010681152 23.9973335266113 25.4398326873779 26.6824989318848 27.1698341369629 27.2934989929199 27.2743339538574 26.8546657562256 27.1586666107178 28.5174999237061 26.9460010528564 24.308500289917 22.5949993133545 21.683666229248 21.9443340301514 22.6840000152588 23.8400001525879 24.7671661376953 25.0896663665771 25.8201675415039 26.2474994659424 26.4476661682129 26.6900005340576 26.6669998168945 26.4759998321533 26.6591663360596
-3.4e+38 -3.4e+38 -3.4e+38 -3.4e+38 -3.4e+38 -3.4e+38 -3.4e+38 -3.4e+38 -3.4e+38 -3.4e+38 -3.4e+38 -3.4e+38 -3.4e+38 21.2876663208008 20.8371658325195 20.8784999847412 21.630500793457 23.55299949646 24.9160003662109 25.1801662445068 24.8021659851074 23.1746673583984 22.0921669006348 25.5428333282471 26.3026657104492 26.9820003509521 27.1511669158936 26.9060001373291 26.8576679229736 28.6881675720215 28.9720001220703 25.3421669006348 23.0755004882812 22.5941677093506 21.8834991455078 21.5043334960938 21.2853336334229 20.8278331756592 22.9500007629395 24.4950008392334 25.4803333282471 26.0538330078125 26.3318328857422 26.638500213623 26.7111663818359 26.6886672973633 26.7953338623047
-3.4e+38 -3.4e+38 -3.4e+38 -3.4e+38 -3.4e+38 -3.4e+38 -3.4e+38 -3.4e+38 -3.4e+38 -3.4e+38 -3.4e+38 -3.4e+38 -3.4e+38 21.4563331604004 21.5330009460449 21.8299999237061 21.3836669921875 21.1411666870117 24.0104999542236 24.5086669921875 24.0723323822021 22.8248329162598 24.8176670074463 25.8213329315186 26.2236671447754 26.9113330841064 27.0981674194336 26.6956672668457 27.417667388916 28.8743324279785 28.7870006561279 25.8621673583984 23.1956672668457 22.5750007629395 21.8266658782959 21.3234996795654 20.320499420166 18.9023323059082 19.2269992828369 22.3509998321533 24.3916664123535 25.4356670379639 25.933500289917 25.5061664581299 26.4001655578613 26.6003322601318 26.6649990081787
-3.4e+38 -3.4e+38 -3.4e+38 -3.4e+38 -3.4e+38 -3.4e+38 -3.4e+38 -3.4e+38 -3.4e+38 -3.4e+38 -3.4e+38 -3.4e+38 -3.4e+38 21.2006664276123 21.5209999084473 20.2003326416016 19.488166809082 16.3339996337891 20.8681659698486 24.382999420166 23.9015007019043 23.0226669311523 24.3840007781982 25.2786674499512 25.6224994659424 26.644832611084 27.3126659393311 27.3946666717529 28.2458324432373 28.7501659393311 28.345666885376 25.7976684570312 23.4538326263428 22.2574996948242 21.8325004577637 21.3971672058105 21.1529998779297 20.8568325042725 21.5621662139893 18.7408332824707 22.6989994049072 24.3233337402344 25.5493335723877 25.7875003814697 26.3153343200684 26.2196655273438 26.5463333129883
-3.4e+38 -3.4e+38 -3.4e+38 -3.4e+38 -3.4e+38 -3.4e+38 -3.4e+38 -3.4e+38 -3.4e+38 -3.4e+38 -3.4e+38 -3.4e+38 20.8771667480469 21.105167388916 21.4931659698486 20.0723342895508 17.8016662597656 16.0900001525879 22.1753330230713 24.0936660766602 23.4260005950928 22.3063335418701 24.2371673583984 24.2076663970947 24.1806678771973 26.1490001678467 26.7819995880127 27.1403331756592 28.360668182373 28.3715000152588 27.3145008087158 24.8723335266113 22.4816665649414 21.1324996948242 21.7506675720215 21.9923324584961 22.2551670074463 22.7019996643066 23.4578323364258 21.4498329162598 23.8313331604004 25.0083332061768 24.9820003509521 25.3896675109863 25.9114990234375 25.9109992980957 26.3393325805664
-3.4e+38 -3.4e+38 -3.4e+38 -3.4e+38 -3.4e+38 -3.4e+38 -3.4e+38 -3.4e+38 -3.4e+38 -3.4e+38 -3.4e+38 -3.4e+38 20.7633323669434 21.279333114624 21.386833190918 19.5136661529541 19.1176662445068 20.1838340759277 22.7423324584961 23.8706665039062 23.5766658782959 23.2655010223389 23.6856670379639 23.2061672210693 23.4589996337891 24.8145008087158 26.0728340148926 26.6445007324219 26.6180000305176 25.9400005340576 24.9128341674805 24.5191669464111 21.8761672973633 20.613166809082 21.4238338470459 22.628833770752 23.4261665344238 23.5104999542236 24.1693325042725 23.3059997558594 24.4596672058105 24.4475002288818 24.2751655578613 24.6323337554932 25.3115005493164 25.7376670837402 26.0776672363281
