rasters/Kenya_SNDPPT_M_sl2_250m_ll.asc
NCOLS 96 
NROWS 116 
XLLCORNER 33.890468384 
YLLCORNER -4.677504203 
CELLSIZE 0.083276570625 
NODATA_value -9999 
[rows 42 to 62 of 116, columns 0 to 48 of 96]
-9999 -9999 -9999 -9999 -9999 -9999 -9999 -9999 -9999 -9999 -9999 -9999 56.7559267241378 56.0781249999979 50.7020474137921 56.1982758620737 52.9558189655185 49.8437499999997 43.4606681034499 53.9897629310348 51.6476293103482 51.1729525862079 44.0436422413685 44.2235991379306 35.6535560344831 42.9730603448267 45.943426724138 43.6540948275866 50.3906249999996 35.1993534482761 42.9218749999999 41.8852370689634 48.529633620687 48.0759698275861 50.2451508620691 54.8189655172406 55.2209051724123 56.6562499999957 48.3771551724142 47.6869612068926 49.2747844827581 57.3949353448225 53.0290948275848 47.0242456896551 43.4983836206886 61.7629310344821 48.953124999998 57.524784482758 56.1438577586213
-9999 -9999 -9999 -9999 -9999 -9999 -9999 -9999 -9999 -9999 -9999 53.2812499999987 58.8906249999994 58.1562499999959 50.859375000004 59.0000000000002 58.0156249999998 46.0937499999976 44 42.2187500000001 58.7187499999946 55.0000000000001 54.796875000002 45.2343750000008 40.2031250000014 37.2968750000011 40.984375000001 47 38.3906249999998 47.7343750000035 44 40.0000000000001 43.4843749999986 42.0000000000002 46.4218750000022 54.0000000000002 57.0000000000001 56.328124999998 53.703124999999 48.9374999999919 38.2343749999999 56.1874999999949 60.6562500000022 59.1406249999998 52.0000000000009 63.9218749999988 53.8593749999952 60.015625 55.9687500000006
-9999 -9999 -9999 -9999 -9999 -9999 -9999 -9999 -9999 -9999 -9999 55.3733836206885 56.8189655172407 59.6982758620725 41.3205818965523 47.7990301724085 47.0026939655172 45.8744612068953 44.1454741379306 43.1724137931034 45.8987068965437 48.9698275862059 49.9606681034469 44.9191810344826 33.4730603448273 37.0479525862057 44.1761853448277 44.6082974137914 42.5716594827589 40.3491379310334 46.2338362068948 39.5991379310355 38.2855603448311 32.8281249999995 58.3599137931003 57.8114224137933 58.8895474137938 56.0010775862025 54 48.7343749999979 32.9412715517251 51.3405172413803 59.22898706897 58.570043103447 60.8464439655179 57.1724137931034 60.008081896552 53.9924568965519 54.8329741379309
-9999 -9999 -9999 -9999 -9999 -9999 -9999 -9999 -9999 -9999 33.2596982758689 40.6260775862062 42.4881465517248 39.2909482758636 41 42.3399784482751 46.981681034482 45.4240301724118 41.6115301724127 43.0377155172414 41.936422413798 51.398168103448 49.0975215517238 46.4719827586208 43.2947198275874 42.0102370689657 44.0091594827579 41.2623922413779 40.7984913793108 38.8545258620694 41.967672413794 41.9892241379302 39.3173491379302 35.9843749999998 44.9660560344843 56.2559267241376 58.9364224137853 59.2316810344836 53.5086206896533 54.7343749999979 37.4585129310354 41.9272629310364 58.7144396551719 57.8593750000004 55.2904094827678 59.3690732758625 56.953124999998 52.655172413793 52.6287715517247
-9999 -9999 -9999 -9999 -9999 -9999 -9999 -9999 48.872844827586 38.7262931034479 33.971443965517 33.748383620691 31.3733836206889 34.8464439655215 37.1077586206852 40.0474137931124 41.5172413793106 38.157866379309 41.2192887930989 41.9730603448272 40.7235991379262 47.8825431034484 47.181573275865 47.9046336206881 48.7322198275852 44 39.2936422413789 45.3092672413795 45.1056034482762 36.9391163793093 40.8906250000023 38.2354525862052 41.5156250000012 41.5468750000003 37.279094827585 39.6093750000004 58.1858836206917 57.9655172413787 54.5070043103449 59.8626077586195 54.6907327586196 35.2031250000013 46.005926724138 61.0382543103441 63.5393318965533 64.921874999999 63.9773706896542 59.9612068965528 59
-9999 -9999 -9999 -9999 -9999 -9999 -9999 50.962284482759 50 36.2661637931042 35.689655172414 38.4946120689647 37.2764008620686 33.2807112068971 35.0032327586206 32.9903017241361 42.3674568965525 37.3604525862053 42 40.8744612068969 45.6131465517108 44.8615301724128 46.4725215517265 46.5280172413792 42.1831896551722 33.8119612068983 35.3437499999997 36.8820043103447 31.2807112068955 42.0193965517247 41.7365301724169 38.8259698275872 41.9665948275859 38.6427801724147 35.6012931034496 39 55.136314655174 60.4477370689608 61.1260775862061 61.8485991379297 55.2343749999996 46.5274784482771 53.1918103448282 57.689655172414 57.4951508620746 61.873383620688 61.6573275862058 58.9784482758627 61.0096982758618
-9999 -9999 -9999 -9999 -9999 -9999 -9999 43 35.7979525862071 32.0932112068975 31.3098060344874 37.5183189655159 39.8168103448278 40.8943965517235 36.2252155172387 36.1357758620682 40.8485991379317 43.0404094827575 43.8760775862048 35.8485991379317 42.718749999995 53.5317887931068 44.5118534482797 41.1702586206893 41.9628232758606 38.4558189655198 38.6266163793103 41.2424568965532 42.4207974137927 43.5064655172424 39.6848060344812 36.8933189655145 44.4445043103461 37.1325431034473 40.2042025862098 36.0032327586194 53.8232758620704 52.9229525862132 55.071659482755 60.1276939655196 55.1379310344824 43.1056034482713 50.9800646551771 57.278556034482 58 56.1637931034525 64.0377155172369 65.8173491379326 65.7397629310347
-9999 -9999 -9999 -9999 -9999 -9999 40.9655172413792 37.6584051724139 36.7634698275865 33.5317887931021 40.1373922413841 35.2467672413783 37.320581896553 40 43.9967672413794 36.0193965517214 43.0150862068961 45.0344827586208 45.1880387931061 33.1018318965517 45.5188577586131 50.1896551724125 46.1961206896531 44.4870689655181 36.9655172413792 38.0344827586208 39.5759698275862 47.6185344827593 41.5274784482779 39.9800646551723 47.4940732758633 36.9967672413816 37.9509698275836 40.5436422413796 36.64008620689 35.2112068965525 44.5468749999955 53.6713362068985 56.2866379310355 59.7182112068946 62.9391163793101 57.2101293103462 49.1050646551652 55.2047413793102 61.0037715517243 56.0436422413802 49.8469827586169 58.9854525862073 62.9515086206899
-9999 -9999 -9999 -9999 -9999 -9999 42.6853448275815 34.5953663793104 36.3313577586201 35.2489224137932 36.9644396551714 43.1853448275869 37.1427801724135 42.508081896554 44.1971982758623 45.7494612068884 39.0156249999996 39 40.8092672413796 38.5005387931034 41.6659482758665 52.9299568965493 43.1190732758608 44.3927801724141 39.0969827586198 36.9326508620671 42.5328663793103 41.9057112068976 51.4024784482763 43.3389008620698 40.6799568965521 40.0705818965506 39.3841594827577 40.0393318965522 39.6691810344862 37.2289870689653 38.0161637931058 54.3302801724077 53.739224137933 65.629849137922 54.3313577586201 51.3900862068954 48.8281250000013 55.8512931034481 60.706357758618 53.2737068965498 59.7834051724135 55.0156249999996 56.2004310344829
-9999 -9999 -9999 -9999 -9999 53.92456896552 47.8125000000051 50.6449353448275 40.1454741379307 37.9116379310363 36.3421336206813 44.3927801724142 42.03771551724 41.493534482757 42.5738146551734 37.251077586208 36.3599137931043 38.6384698275854 34.3496767241378 33.2322198275872 43.7052801724135 48.6147629310375 48.8351293103484 33.0889008620692 36.6702586206904 40.2667025862067 40.2548491379312 41.8836206896565 40.0953663793103 41.2192887931041 36.2629310344863 42.8162715517244 36.0193965517256 33.8281249999999 32.1174568965509 37.1481681034482 37.5059267241569 45.8318965517216 53.5080818965509 51.3793103448279 60.290409482759 63.8739224137924 49.9509698275848 60.3259698275867 59.6621767241389 60.843749999998 54.4375000000027 53.2570043103437 50.4924568965501
-9999 -9999 -9999 -9999 49.8507543103425 51.3448275862062 51.7031250000013 47.8809267241382 46.0792025862073 46.672413793104 40.2764008620638 42.9369612068968 41.8189655172406 35.2516163793067 40.0727370689668 41.4482758620687 36.4568965517237 39 33.5867456896559 32.9337284482762 40.4224137931042 52.5608836206887 35.0490301724087 33.3432112068962 37.7774784482757 42.6427801724124 -9999 44.6465517241373 49.5517241379313 34.2753232758628 36.8642241379348 44.5156250000012 38.1309267241382 40.9579741379308 35.2155172413778 35.8825431034488 51.9687500000053 47.5953663793091 53.375538793101 54.3917025862141 59.610452586208 55.7338362068978 59.483297413795 57.9854525862069 47.3992456896534 45.4913793103452 60.4224137931021 47.541487068966 46.5517241379313
-9999 -9999 -9999 56.9493534482786 45.817349137932 47.9477370689641 45.4299568965499 46.3491379310342 46.3432112068969 36.2591594827593 42 38.5813577586197 42.8033405172418 38.0565732758605 42.1045258620711 40.7241379310346 38.7198275862071 35.7241379310346 34.567887931032 34.5657327586207 40.5258620689671 45.3803879310371 34.1864224137883 40 39.063038793103 44.7877155172432 -9999 40.2036637931046 45.4876077586216 39.1427801724149 38.3022629310362 37 37 34.5468750000003 36.9568965517253 48.9396551724136 54.9008620689645 47.8372844827531 45.5118534482778 50.440732758622 53.0592672413781 48.5991379310335 46.352909482758 58.2112068965519 53.2758620689654 54.4105603448292 42.2758620689654 56.4725215517237 43.7171336206899
-9999 -9999 -9999 52.350215517243 43.3884698275855 49.3281250000013 46.4423491379294 45.7133620689659 46.2693965517248 41.5651939655208 41.360991379314 33.2214439655163 42.9137931034496 36.826508620692 36.9062500000001 38.0754310344771 39.0156249999996 34.2489224137911 33.9919181034482 35.4084051724126 43.074353448275 44.1357758620689 32.0996767241362 38.3685344827584 42 36.7031249999989 35.4294181034492 48.5000000000015 36.2295258620681 36.1470905172406 35.5000000000012 37.9046336206872 32.1034482758616 31.0468749999998 40.1023706896625 47.9369612068968 57.1977370689643 52.0517241379298 50.7338362068954 46.7656250000034 45.4445043103442 45.3238146551754 45 50.9482758620693 54.0808189655162 39.156250000002 45.1503232758636 47.9687500000009 44.8981681034486
-9999 -9999 41.5490301724129 41.1465517241349 37.9752155172413 41.6099137931059 42.6907327586187 38.9816810344827 43.7817887931039 40.5899784482745 42.828124999995 38.0522629310338 42.6584051724125 39.9310344827584 39.065732758621 39.9854525862042 36.0145474137927 36.8405172413815 36.8475215517225 31.8502155172415 33.6815732758594 47.8970905172429 34.4471982758583 39.1654094827588 36.2031250000013 34.3658405172428 44.8846982758616 37.5167025862068 36.2877155172425 32.3927801724125 34.943965517244 35.4800646551734 40.0980603448301 36.5533405172417 37.617995689653 41.8151939655146 53.4089439655123 51.0307112068905 57.9105603448272 52.5700431034442 42.5474137931042 58.4698275862039 50.3130387931064 58.1901939655171 45.9385775862069 42.9326508620681 47.1627155172456 39.901939655173 31.9612068965506
-9999 -9999 55.4385775862063 39.0942887931039 38.2327586206875 41.2370689655211 44.2413793103449 42.7984913793107 40.943426724138 41.3011853448285 40.9719827586268 37.3437499999996 40.9213362068949 39.2225215517247 34.2300646551728 41.7623922413799 38.003771551724 34.2769396551715 34.2817887931042 33 32.5554956896566 37.1998922413797 34.9558189655098 38.8949353448285 41.0883620689649 40.3130387931038 43.4304956896549 30.4859913793109 33.9078663793098 35.0231681034491 31.3054956896538 38.3911637931043 34 37.6562500000002 34.9423491379323 37.0942887931034 35.4859913793074 46.237607758624 39.9331896551742 53.5571120689639 37.5323275862065 48.0490301724141 58.0608836206873 52.4105603448278 34.7322198275853 33.2413793103449 39.2413793103449 35.7548491379311 33.4789870689658
-9999 46.0382543103416 45.3389008620684 42.5522629310369 50.6244612068963 41.6061422413803 42.6519396551741 39.0290948275862 39.9450431034493 39.1190732758624 34.1724137931028 29.0824353448273 37.5883620689677 40.9218750000021 42.2386853448252 33.5705818965485 38.9935344827588 35.9450431034498 33.2047413793103 33.4137931034486 34.9008620689603 34.6993534482756 33.7403017241358 37.9854525862063 38.0932112068967 36.225215517242 38.5282866379309 44.1163793103456 36.5862068965514 29.8275862068972 30.2268318965534 35.6271551724148 29.4843749999988 38.8125 38.5134698275858 36.6767241379311 37.437499999998 41.042564655172 39.0511853448276 39.0290948275882 37.5511853448276 37.8626077586214 33.8281250000013 21.0824353448273 26.740840517246 39.8302801724116 39.6686422413824 35.1697198275857 31.6174568965506
-9999 47.2661637931084 43.7607758620695 47.9983836206816 46.9676724137941 44.2780172413785 40.9401939655148 38.9542025862068 39.4542025862066 35.8976293103446 34.5856681034529 34.5037715517247 38.6756465517248 37.7225215517262 43.5862068965521 34.6697198275875 40.7311422413811 35.3669181034492 32.5727370689656 34.9358836206896 33.2230603448316 32.8281250000013 29.0350215517239 34.8275862068958 32.7801724137937 41.8846982758636 38.3281250000002 44.016163793105 41 31.8275862068958 29.2656250000009 34.1821120689634 32 37.0393318965518 38.3389008620679 42.4137931034479 34.9838362069024 36.6718750000021 36.289331896551 39.4595905172416 32.3168103448275 31.8011853448261 32.1427801724146 28.8593750000004 27.3685344827569 28.2047413793115 32.9806034482751 32.0247844827579 46.7182112068988
-9999 34.7171336206883 35.5447198275877 52.1514008620733 46.3125000000013 42.9132543103433 42.0878232758623 36.9601293103448 40.950431034483 35.6476293103457 33.8459051724311 36.9671336206892 44.2747844827601 42.2354525862087 35.7370689655162 37.5301724138015 39.7516163793088 40.2516163793117 39.7397629310344 37.7020474137933 32.9261853448218 31.3868534482773 33.9509698275868 28.6373922413792 33.6201508620684 37.2494612068981 36.8302801724135 37.550646551724 35.9962284482777 32.561422413792 31.1093750000002 30.5080818965524 36.3987068965534 33.3663793103448 34.7209051724151 37.4073275862074 34.4272629310364 32.1023706896597 38.4779094827566 34.886853448277 31.992995689655 31.5878232758623 33.7171336206903 29.9272629310346 27.6487068965565 22.6734913793129 34.7230603448263 38.1761853448272 55.2456896551721
-9999 48.4154094827564 54.3313577586217 54.9730603448275 46 40.9084051724139 35.3453663793091 47.1707974137944 37.2182112068962 38.1928879310341 40.3556034482861 48.1379310344825 45.9714439655179 47.7165948275904 45.0625 43.8900862069021 32.0689655172412 37.9094827586232 39.0781250000013 37.662176724138 34.1212284482781 30.5727370689617 31.1751077586189 35.2871767241382 35.4256465517235 33.3092672413774 30.0463362068964 32.0247844827585 32.9040948275864 30.2144396551747 34.018318965515 31.1045258620688 30.0290948275885 33.522090517241 37.0797413793099 34.5134698275868 42.783943965506 34.593750000008 37.6061422413785 34.6831896551758 45.8459051724141 43.9719827586206 40.0118534482758 33.5312500000012 24.9385775862072 24.1400862068984 31.9057112068987 44.0134698275858 35.0915948275837
-9999 -9999 -9999 49.6896551724126 46.9547413793098 40.2424568965524 48.9579741379306 56.6061422413796 45.5479525862065 -9999 47.7570043103376 45.4892241379319 41.9024784482755 43.8965517241375 41.7090517241394 37.8841594827559 33.9261853448264 37.9806034482731 34.8690732758586 33.4197198275875 32.8593749999975 32.067887931035 31.8793103448303 39.0517241379308 33.0484913793106 38 31.3814655172406 37.0290948275865 30.3275862068958 31.2068965517249 -9999 30.4310344827571 27.2570043103457 26.234375000001 33.9563577586203 34.6724137931042 43.8593749999991 39.4493534482781 36.913793103448 41.6621767241428 44.9418103448285 45.0996767241388 38.5835129310312 38.7413793103448 31.2068965517249 28.1115301724143 27.4412715517308 45.2176724137936 47.6896551724126
-9999 -9999 -9999 -9999 54.0829741379329 -9999 -9999 43.7343750000004 -9999 -9999 -9999 39.9224137931036 34.9207974137928 49.6891163793111 46.0339439655163 51.436961206894 34.3168103448267 34.9450431034498 32.240840517241 32.2898706896547 33.424030172413 33 28.7968750000021 31.3846982758613 33.3949353448275 33.0210129310354 35.3550646551731 35.2602370689649 33.1681034482761 30.814116379309 35.573275862069 33.4008620689648 32.6492456896562 33.5468750000003 38.5781249999979 33.6190732758622 41.3593750000038 44.0678879310385 38.3270474137933 44.009698275866 47.8302801724141 46.2925646551712 37.629310344828 28.096443965518 25.8173491379277 24.921874999999 43.3803879310312 37.5872844827581 41.3873922413806
