rasters/Kenya_bio12.asc
NCOLS 96 
NROWS 116 
XLLCORNER 33.890468384 
YLLCORNER -4.677504203 
CELLSIZE 0.083276570625 
NODATA_value -3.4e+38 
[rows 38 to 75 of 116, columns 0 to 84 of 96]
-3.4e+38 -3.4e+38 -3.4e+38 -3.4e+38 -3.4e+38 -3.4e+38 -3.4e+38 -3.4e+38 -3.4e+38 -3.4e+38 -3.4e+38 -3.4e+38 -3.4e+38 747 712 673 687 686 541 515 518 545 454 407 378 380 360 352 342 333 320 341 411 447 481 515 568 611 618 456 379 362 363 389 340 342 338 330 329 324 324 315 320 326 322 326 319 309 304 307 310 315 316 314 310 314 314 318 324 329 327 326 333 344 349 350 344 341 347 350 352 354 365 372 373
-3.4e+38 -3.4e+38 -3.4e+38 -3.4e+38 -3.4e+38 -3.4e+38 -3.4e+38 -3.4e+38 -3.4e+38 -3.4e+38 -3.4e+38 -3.4e+38 -3.4e+38 803 760 829 902 1013 739 540 552 561 468 442 410 389 371 349 354 351 342 356 418 460 478 497 523 538 520 653 486 413 360 358 348 357 358 342 338 327 323 326 317 316 315 316 316 304 303 305 304 310 316 314 312 314 316 320 324 326 329 326 331 342 343 344 346 344 343 352 357 362 367 372 379
-3.4e+38 -3.4e+38 -3.4e+38 -3.4e+38 -3.4e+38 -3.4e+38 -3.4e+38 -3.4e+38 -3.4e+38 -3.4e+38 -3.4e+38 -3.4e+38 909 868 818 898 1026 1050 713 580 593 628 495 478 464 406 385 372 370 358 356 402 475 509 497 496 491 472 426 531 434 384 401 387 365 373 372 356 343 333 326 327 329 330 318 316 312 307 304 307 306 307 312 310 313 315 318 315 319 327 330 326 327 329 333 333 340 345 345 349 357 365 363 368 376
-3.4e+38 -3.4e+38 -3.4e+38 -3.4e+38 -3.4e+38 -3.4e+38 -3.4e+38 -3.4e+38 -3.4e+38 -3.4e+38 -3.4e+38 -3.4e+38 978 889 851 906 885 818 697 605 588 585 548 552 513 447 412 393 392 407 428 424 513 553 529 494 461 458 414 447 404 414 437 435 393 379 372 361 360 345 326 320 319 312 315 307 316 312 309 302 296 300 304 310 310 312 317 297 290 320 324 323 335 337 334 337 337 345 346 353 356 362 366 370 382
-339999999999999996123846586046231871488.000000000000000 -3.4e+38 -3.4e+38 -3.4e+38 -3.4e+38 -3.4e+38 -3.4e+38 -3.4e+38 -3.4e+38 -3.4e+38 -3.4e+38 1094 981 935 928 919 896 913 813 633 590 566 579 639 595 527 441 415 426 467 535 493 561 585 557 507 479 472 453 597 574 514 427 441 408 384 371 356 344 343 345 321 319 314 310 312 315 317 317 312 305 299 296 301 309 317 318 313 318 321 322 325 332 339 338 337 336 340 342 350 354 362 369 372 383
-3.4e+38 -3.4e+38 -3.4e+38 -3.4e+38 -3.4e+38 -3.4e+38 -3.4e+38 -3.4e+38 -3.4e+38 -3.4e+38 1169 1103 1016 997 986 966 944 1029 1020 886 653 586 608 710 669 507 451 434 420 430 486 563 635 611 583 548 552 563 490 614 571 452 418 405 395 386 386 383 364 350 345 329 331 322 320 317 312 316 314 319 312 309 302 297 308 315 321 316 316 316 317 330 332 330 324 332 337 337 341 345 350 360 364 374 385
-3.4e+38 -3.4e+38 -3.4e+38 -3.4e+38 -3.4e+38 -3.4e+38 -3.4e+38 -3.4e+38 -3.4e+38 -3.4e+38 -3.4e+38 1096 1054 1058 1100 1031 1036 1124 1139 1130 779 610 613 719 762 553 461 448 437 458 552 652 704 666 617 602 627 601 567 723 748 555 443 424 410 401 401 415 389 387 354 337 332 327 323 317 318 322 311 306 310 310 306 307 303 311 310 315 304 312 319 321 332 328 324 330 337 335 343 347 349 359 364 378 390
-3.4e+38 -3.4e+38 -3.4e+38 -3.4e+38 -3.4e+38 -3.4e+38 -3.4e+38 -3.4e+38 -3.4e+38 1323 1145 1059 1049 1071 1170 1226 1213 1191 1170 1142 903 644 626 665 721 561 490 553 527 522 644 786 780 728 652 652 663 648 600 722 727 650 490 446 421 406 420 435 404 388 359 352 341 335 328 328 329 327 302 283 288 283 290 298 297 301 310 312 310 315 325 324 330 331 325 323 334 342 347 348 350 357 367 378 391
-3.4e+38 -3.4e+38 -3.4e+38 -3.4e+38 -3.4e+38 -3.4e+38 -3.4e+38 -3.4e+38 1493 1360 1171 1068 1065 1067 1080 1178 1274 1262 1177 1145 900 662 671 677 670 550 515 593 586 580 720 768 701 651 686 683 689 649 642 706 746 718 537 445 426 419 427 422 401 386 367 355 350 348 337 331 326 312 292 295 304 310 306 296 296 303 308 311 316 310 315 315 315 325 327 327 333 341 348 351 351 357 366 376 385
-3.4e+38 -3.4e+38 -3.4e+38 -3.4e+38 -3.4e+38 -3.4e+38 -3.4e+38 1559 1447 1368 1238 1124 1101 1089 1049 1034 1124 1244 1188 1111 828 689 758 705 598 541 533 543 578 645 732 699 651 633 668 718 752 714 741 745 740 594 499 476 465 442 448 432 414 397 380 367 361 359 361 339 316 317 327 320 313 314 309 307 304 303 307 314 314 307 311 318 315 317 325 329 335 337 340 343 347 353 368 381 394
-3.4e+38 -3.4e+38 -3.4e+38 -3.4e+38 -3.4e+38 -3.4e+38 1753 1648 1513 1381 1255 1207 1155 1100 1049 1013 1036 1119 1163 1092 805 764 843 705 591 558 573 628 669 688 740 687 644 649 653 685 800 805 810 785 795 814 669 518 485 464 468 446 430 412 391 378 363 347 347 330 324 337 331 333 327 309 304 302 303 300 305 304 316 319 311 318 314 314 319 326 335 339 343 342 361 366 369 379 393
-3.4e+38 -3.4e+38 -3.4e+38 -3.4e+38 -3.4e+38 -3.4e+38 1710 1630 1542 1424 1322 1270 1209 1148 1081 1014 979 970 1075 1137 807 788 938 757 607 584 596 690 716 769 757 691 658 656 678 729 865 847 794 781 748 765 670 649 496 504 573 449 435 418 402 385 366 340 333 332 341 341 338 337 334 320 314 306 302 304 306 305 317 317 319 320 317 314 322 330 332 336 340 344 363 371 378 389 388
-3.4e+38 -3.4e+38 -3.4e+38 -3.4e+38 -3.4e+38 1484 1575 1628 1569 1503 1425 1332 1261 1187 1116 1030 977 974 1057 1128 793 800 952 749 622 617 654 678 753 809 768 702 686 687 678 747 932 843 785 717 679 706 665 561 494 501 486 481 436 428 410 394 376 361 348 348 352 356 353 346 338 325 317 315 318 313 304 305 307 319 313 314 314 313 325 332 341 339 344 344 355 367 377 385 393
-3.4e+38 -3.4e+38 -3.4e+38 -3.4e+38 1427 1502 1533 1579 1583 1552 1504 1413 1335 1232 1113 1037 990 979 1069 1078 817 818 1041 855 657 642 670 696 820 817 744 704 707 695 702 770 994 935 830 735 642 665 670 556 468 468 549 447 462 456 448 432 413 399 388 376 368 361 353 348 343 332 322 321 316 312 312 314 318 312 319 319 326 326 329 332 339 346 346 349 356 367 378 383 390
-3.4e+38 -3.4e+38 -3.4e+38 1472 1497 1551 1598 1657 1656 1649 1639 1526 1423 1268 1136 1057 1015 1015 1125 1019 821 953 1302 888 709 647 663 731 834 828 740 709 689 685 727 856 904 996 890 757 662 600 557 515 453 456 511 487 527 530 511 469 440 434 422 406 389 372 366 352 341 331 328 326 315 311 309 322 324 319 318 323 328 333 329 334 334 332 337 343 359 362 370 386 395
-3.4e+38 -3.4e+38 1554 1598 1642 1618 1616 1637 1693 1691 1718 1629 1397 1301 1193 1110 1071 1049 1161 1063 863 1046 1214 822 683 646 684 800 867 815 727 702 668 660 725 851 797 788 905 819 768 608 572 502 494 525 644 639 683 793 629 517 474 458 431 417 396 374 362 356 344 332 321 318 313 313 318 318 323 329 326 328 328 335 330 339 339 333 332 340 351 363 378 388 388
-3.4e+38 -3.4e+38 1672 1699 1698 1702 1708 1701 1692 1777 1870 1794 1476 1326 1249 1196 1165 1093 1201 1304 968 1031 1189 830 694 665 718 866 838 788 723 683 660 717 801 845 805 751 823 868 821 681 726 659 579 627 732 870 1179 1249 707 546 496 466 443 418 401 389 376 367 352 337 334 323 317 318 322 323 324 335 331 340 334 334 333 331 333 326 332 342 344 355 369 378 388
-3.4e+38 -3.4e+38 1601 1706 1803 1830 1811 1763 1784 1860 1926 1861 1635 1423 1332 1293 1183 1120 1206 1354 1087 956 1146 895 748 691 811 932 830 782 735 685 687 720 720 779 814 758 767 787 898 779 837 770 690 761 998 1347 1931 1272 709 567 506 466 440 427 430 404 381 364 350 336 331 331 319 319 316 318 317 326 334 344 346 341 332 333 335 332 331 338 345 357 372 386 390
-3.4e+38 1362 1574 1733 1817 1827 1815 1809 1804 1879 1939 1884 1748 1546 1422 1319 1213 1152 1216 1309 1132 1028 1109 932 811 755 853 960 892 775 740 720 715 699 724 738 802 732 748 775 859 981 1048 952 898 959 1289 1838 2046 982 662 567 504 459 424 413 434 410 377 359 345 334 331 322 315 318 317 311 313 322 335 333 329 340 349 342 335 337 331 344 347 361 368 378 385
-3.4e+38 1261 1445 1559 1695 1788 1844 1845 1846 1868 1903 1875 1848 1632 1479 1352 1273 1229 1214 1252 1257 1200 1105 941 864 811 857 994 877 768 779 736 694 689 723 769 774 743 734 797 858 1064 1203 1270 1211 1209 1630 2134 1973 787 618 547 493 454 410 403 435 414 380 350 338 329 329 327 320 320 319 309 311 323 330 326 320 321 337 353 357 340 348 343 349 352 358 362 372
1044 1069 1137 1366 1585 1740 1846 1850 1844 1874 1904 1956 1877 1695 1526 1443 1428 1318 1274 1284 1255 1188 1077 998 928 914 958 1023 965 873 817 740 714 695 727 771 750 769 787 802 825 977 1149 1319 1537 1392 1520 1733 1157 693 584 522 476 453 405 395 418 402 373 336 325 330 331 325 318 315 318 314 317 326 333 342 329 324 331 343 361 351 343 343 346 351 356 360 363
969 983 1006 1173 1505 1740 1758 1786 1849 1893 1847 1937 1933 1787 1601 1504 1488 1401 1304 1294 1223 1109 1040 994 942 973 990 1036 1000 988 880 772 717 704 713 760 760 779 836 889 1098 1263 1276 1483 1780 1435 1242 1146 749 629 551 494 456 440 419 385 397 378 368 332 310 311 321 328 324 321 318 319 317 323 326 334 331 329 334 341 346 346 341 340 343 352 355 363 368
932 923 954 1114 1275 1525 1625 1638 1626 1608 1499 1522 1468 1384 1328 1391 1527 1500 1336 1250 1179 1121 1022 995 953 976 1030 1082 1062 993 938 844 766 741 726 765 776 816 930 1233 1530 1442 1376 1553 1859 1508 1101 865 670 595 538 477 433 420 407 384 372 357 347 338 305 305 302 313 328 325 329 323 326 327 333 335 332 335 338 341 344 345 344 337 347 352 357 366 371
930 909 939 1024 1175 1284 1311 1326 1308 1293 1307 1260 1202 1219 1238 1313 1511 1485 1336 1209 1150 1186 1057 964 960 976 1035 1166 1120 965 946 1007 856 804 759 763 782 855 1062 1613 1668 1528 1463 1633 1828 1377 975 705 597 567 541 462 466 449 424 404 401 378 348 322 316 321 304 305 312 324 333 341 336 334 340 336 336 339 335 338 340 342 346 343 351 355 364 374 380
941 919 934 983 1052 1087 1146 1182 1195 1209 1215 1191 1167 1215 1320 1335 1372 1441 1328 1224 1184 1153 1041 925 918 925 927 1062 1114 926 891 1219 1222 1044 857 803 820 888 1086 1657 1737 1609 1545 1821 1719 1318 907 712 591 538 522 500 525 502 464 431 428 409 375 349 339 334 336 336 334 323 322 335 338 343 343 343 344 334 335 341 343 344 349 352 364 364 375 377 384
961.000000000000000 938 942 972 1057 1068 1100 1132 1143 1155 1160 1164 1178 1270 1447 1698 1647 1560 1511 1384 1261 1190 1095 987 923 863 833 861 1003 852 861 1255 1435 1266 1103 918 879 973 1134 1545 1733 1684 1797 1932 1614 1236 876 676 659 524 520 543 551 520 490 463 446 428 400 372 363 359 352 352 351 347 335 326 335 346 347 348 353 350 337 345 343 348 351 362 368 371 378 384 384
976 958 969 994 1045 1059 1151 1165 1134 1163 1260 1360 1485 1572 1689 1777 1799 1743 1635 1465 1327 1228 1173 1081 930 800 758 736 853 798 866 1261 1475 1403 1331 1116 924 1026 1295 1588 1789 1888 1884 1740 1462 1151 777 635 555 579 569 557 553 535 514 490 469 450 424 402 390 380 376 374 367 362 358 341 336 353 349 351 360 357 355 351 353 351 353 369 372 376 380 389 392
1011 1025 1001 1073 1068 1116 1125 1147 1158 1249 1322 1468 1544 1581 1602 1637 1728 1749 1653 1472 1325 1235 1197 1140 987 785 721 687 676 714 890 1310 1387 1435 1434 1337 1047 1154 1394 1586 1573 1562 1546 1386 1189 1015 742 630 622 676 599 563 557 548 532 511 489 473 456 434 415 411 399 394 386 377 368 361 351 365 364 364 366 366 361 362 360 359 361 380 381 384 390 396 396
1014 1017 1081 1179 1149 1233 1208 1225 1273 1391 1628 1780 1761 1607 1551 1594 1620 1602 1545 1413 1309 1227 1174 1127 1045 841 680 651 632 648 842 1016 1258 1454 1528 1536 1335 1340 1405 1349 1251 1193 1162 1110 999 1026 698 604 895 830 655 610 579 561 550 536 517 501 479 461 444 429 422 417 403 396 384 379 369 367 372 376 378 368 368 365 368 369 372 382 396 394 398 403 402
1025 1062 1364 1290 1242 1318 1344 1364 1454 1604 1760 1845 1769 1605 1485 1499 1473 1473 1426 1355 1274 1220 1177 1088 1046 1019 796 864 723 629 796 981 1314 1555 1650 1698 1510 1382 1279 1136 1055 1003 980 944 958 936 733 627 726 796 738 652 613 585 573 560 544 526 501 482 469 449 437 430 427 408 395 397 392 380 375 381 382 371 369 375 372 381 386 395 405 406 404 413 413
1032 1071 1133 1217 1276 1390 1406 1437 1538 1704 1885 1812 1713 1589 1409 1396 1363 1363 1314 1282 1229 1211 1166 1092 1060 1154 992 789 665 625 723 1066 1249 1532 1789 1794 1595 1391 1208 1079 969 918 886 852 869 807 774 657 698 764 770 670 655 620 606 594 579 550 529 512 496 477 462 449 435 427 419 411 403 403 383 385 396 382 380 380 379 389 397 406 413 414 419 422 429
1014 1035 1117 1153 1271 1354 1403 1471 1633 1760 1862 1782 1679 1519 1390 1297 1251 1251 1201 1155 1137 1099 1068 1037 1053 1117 1072 715 661 686 755 1087 1316 1607 1759 1739 1588 1329 1131 1025 905 877 830 800 785 778 702 691 724 738 737 679 665 646 639 625 608 579 554 532 516 496 476 460 447 437 430 427 423 415 399 390 399 388 388 388 393 391 405 412 423 431 437 439 441
993 995 1037 1124 1215 1291 1414 1479 1569 1742 1762 1708 1642 1500 1349 1250 1197 1131 1069 1056 1049 992 977 965 981 1016 1176 830 709 718 818 1121 1415 1623 1635 1584 1455 1237 1052 1007 914 857 818 782 816 788 727 740 774 751 720 685 698 668 670 659 635 605 576 555 533 507 489 474 465 450 437 437 435 424 423 397 400 397 394 395 400 405 415 424 437 440 446 448 448
970 970 1027 1065 1155 1311 1417 1445 1542 1697 1695 1647 1538 1403 1291 1180 1089 1033 1013 992 970 915 883 836 828 907 1068 887 754 771 850 941 1333 1499 1488 1398 1248 1094 982 947 934 885 785 776 741 749 728 756 804 785 753 713 769 693 690 685 657 629 597 574 546 522 507 488 471 463 453 443 444 439 440 408 408 402 398 394 405 417 428 436 444 451 457 463 464
-3.4e+38 -3.4e+38 1029 1076 1163 1280 1401 1460 1502 1612 1587 1517 1437 1352 1257 1105 1064 1094 1043 951 900 867 807 800 790 797 959 845 784 782 810 879 1239 1416 1345 1180 1034 924 869 879 873 826 751 739 719 745 720 766 799 804 789 737 819 746 723 717 680 646 618 596 564 541 520 503 483 478 472 459 458 457 452 429 418 406 403 404 418 432 443 451 459 467 469 479 481
-3.4e+38 -3.4e+38 -3.4e+38 1136 1232 1340 1377 1414 1417 1487 1447 1411 1379 1322 1205 1109 1119 1083 987 914 859 814 784 763 753 756 812 768 776 772 779 857 1195 1273 1187 976 846 781 776 832 869 789 756 731 703 706 722 762 815 834 814 753 825 780 758 745 706 690 643 614 584 556 531 516 500 490 479 471 459 451 449 438 417 409 415 414 422 435 455 466 473 481 491 505 507
-3.4e+38 -3.4e+38 -3.4e+38 -3.4e+38 -3.4e+38 1395 1452 1407 1363 1366 1388 1393 1353 1232 1168 1070 1042 1031 941 880 828 790 770 756 753 761 784 790 744 773 758 814 1023 1054 1000 840 730 708 715 755 804 790 739 733 711 701 729 777 835 885 817 752 788 785 770 770 719 690 658 631 600 573 554 527 513 493 480 471 467 461 464 455 430 408 419 419 437 454 468 482 492 505 518 530 532
-3.4e+38 -3.4e+38 -3.4e+38 -3.4e+38 -3.4e+38 -3.4e+38 -3.4e+38 1493 1482 1442 1374 1387 1265 1113 1072 1019 977 979 893 848 804 786 781 769 746 750 757 749 691 704 722 801 887 971 1007 850 686 651 666 700 755 857 719 711 729 717 743 781 821 882 806 755 775 774 776 807 758 694 661 640 609 578 556 536 526 511 496 488 482 469 458 451 445 412 427 435 456 473 488 503 513 531 548 558 572
