rasters/Kenya_bio12.asc
NCOLS 96 
NROWS 116 
XLLCORNER 33.890468384 
YLLCORNER -4.677504203 
CELLSIZE 0.083276570625 
NODATA_value -3.4e+38 
[rows 0 to 37 of 116, columns 0 to 84 of 96]
-339999999999999996123846586046231871488.000000000000000 -3.4e+38 -3.4e+38 -3.4e+38 -3.4e+38 -3.4e+38 -3.4e+38 -3.4e+38 -3.4e+38 -3.4e+38 -3.4e+38 -3.4e+38 -3.4e+38 -3.4e+38 -3.4e+38 805 815 861 -3.4e+38 -3.4e+38 -3.4e+38 -3.4e+38 -3.4e+38 -3.4e+38 -3.4e+38 -3.4e+38 -3.4e+38 -3.4e+38 -3.4e+38 -3.4e+38 -3.4e+38 -3.4e+38 -3.4e+38 -3.4e+38 -3.4e+38 -3.4e+38 -3.4e+38 -3.4e+38 -3.4e+38 -3.4e+38 -3.4e+38 -3.4e+38 -3.4e+38 -3.4e+38 -3.4e+38 -3.4e+38 -3.4e+38 -3.4e+38 -3.4e+38 -3.4e+38 -3.4e+38 -3.4e+38 -3.4e+38 -3.4e+38 -3.4e+38 -3.4e+38 -3.4e+38 -3.4e+38 -3.4e+38 -3.4e+38 -3.4e+38 -3.4e+38 -3.4e+38 -3.4e+38 -3.4e+38 -3.4e+38 -3.4e+38 -3.4e+38 -3.4e+38 -3.4e+38 -3.4e+38 -3.4e+38 -3.4e+38 -3.4e+38 -3.4e+38 -3.4e+38 -3.4e+38 -3.4e+38 -3.4e+38 -3.4e+38 -3.4e+38 -3.4e+38 -3.4e+38 -3.4e+38 -3.4e+38
-3.4e+38 -3.4e+38 -3.4e+38 -3.4e+38 -3.4e+38 -3.4e+38 -3.4e+38 -3.4e+38 -3.4e+38 -3.4e+38 -3.4e+38 -3.4e+38 -3.4e+38 734 742 760 789 819 895 932 -3.4e+38 -3.4e+38 -3.4e+38 -3.4e+38 -3.4e+38 -3.4e+38 -3.4e+38 -3.4e+38 -3.4e+38 -3.4e+38 -3.4e+38 -3.4e+38 -3.4e+38 -3.4e+38 -3.4e+38 -3.4e+38 -3.4e+38 -3.4e+38 -3.4e+38 -3.4e+38 -3.4e+38 -3.4e+38 -3.4e+38 -3.4e+38 -3.4e+38 -3.4e+38 -3.4e+38 -3.4e+38 -3.4e+38 -3.4e+38 -3.4e+38 -3.4e+38 -3.4e+38 -3.4e+38 -3.4e+38 -3.4e+38 -3.4e+38 -3.4e+38 -3.4e+38 -3.4e+38 -3.4e+38 -3.4e+38 -3.4e+38 -3.4e+38 -3.4e+38 -3.4e+38 -3.4e+38 -3.4e+38 -3.4e+38 -3.4e+38 -3.4e+38 -3.4e+38 -3.4e+38 -3.4e+38 -3.4e+38 -3.4e+38 -3.4e+38 -3.4e+38 -3.4e+38 -3.4e+38 -3.4e+38 -3.4e+38 -3.4e+38 -3.4e+38 -3.4e+38
-3.4e+38 -3.4e+38 -3.4e+38 -3.4e+38 -3.4e+38 -3.4e+38 -3.4e+38 -3.4e+38 -3.4e+38 -3.4e+38 655 660 666 670 694 772 826 743 834 -3.4e+38 -3.4e+38 -3.4e+38 -3.4e+38 -3.4e+38 -3.4e+38 -3.4e+38 -3.4e+38 -3.4e+38 -3.4e+38 -3.4e+38 -3.4e+38 -3.4e+38 -3.4e+38 -3.4e+38 -3.4e+38 -3.4e+38 -3.4e+38 -3.4e+38 -3.4e+38 -3.4e+38 -3.4e+38 -3.4e+38 -3.4e+38 -3.4e+38 -3.4e+38 -3.4e+38 -3.4e+38 -3.4e+38 -3.4e+38 -3.4e+38 -3.4e+38 -3.4e+38 -3.4e+38 -3.4e+38 -3.4e+38 -3.4e+38 -3.4e+38 -3.4e+38 -3.4e+38 -3.4e+38 -3.4e+38 -3.4e+38 -3.4e+38 -3.4e+38 -3.4e+38 -3.4e+38 -3.4e+38 -3.4e+38 -3.4e+38 -3.4e+38 -3.4e+38 -3.4e+38 -3.4e+38 -3.4e+38 -3.4e+38 -3.4e+38 -3.4e+38 -3.4e+38 -3.4e+38 -3.4e+38 -3.4e+38 -3.4e+38 -3.4e+38 -3.4e+38 -3.4e+38
-3.4e+38 -3.4e+38 -3.4e+38 -3.4e+38 -3.4e+38 -3.4e+38 -3.4e+38 -3.4e+38 614 609 614 615 618 623 637 732 736 670 697 673 -3.4e+38 -3.4e+38 -3.4e+38 -3.4e+38 -3.4e+38 -3.4e+38 -3.4e+38 -3.4e+38 -3.4e+38 -3.4e+38 -3.4e+38 -3.4e+38 -3.4e+38 -3.4e+38 -3.4e+38 -3.4e+38 -3.4e+38 -3.4e+38 -3.4e+38 -3.4e+38 -3.4e+38 -3.4e+38 -3.4e+38 -3.4e+38 -3.4e+38 -3.4e+38 -3.4e+38 -3.4e+38 -3.4e+38 -3.4e+38 -3.4e+38 -3.4e+38 -3.4e+38 -3.4e+38 -3.4e+38 -3.4e+38 -3.4e+38 -3.4e+38 -3.4e+38 -3.4e+38 -3.4e+38 -3.4e+38 -3.4e+38 -3.4e+38 -3.4e+38 -3.4e+38 -3.4e+38 -3.4e+38 -3.4e+38 -3.4e+38 -3.4e+38 -3.4e+38 -3.4e+38 -3.4e+38 -3.4e+38 -3.4e+38 -3.4e+38 -3.4e+38 -3.4e+38 -3.4e+38 -3.4e+38 -3.4e+38 -3.4e+38 -3.4e+38 -3.4e+38
-3.4e+38 -3.4e+38 -3.4e+38 -3.4e+38 -3.4e+38 -3.4e+38 589 586 584 579 580 573 575 582 584 692 629 605 596 580 -3.4e+38 528 -3.4e+38 -3.4e+38 -3.4e+38 -3.4e+38 -3.4e+38 -3.4e+38 -3.4e+38 -3.4e+38 -3.4e+38 -3.4e+38 -3.4e+38 -3.4e+38 -3.4e+38 -3.4e+38 -3.4e+38 -3.4e+38 -3.4e+38 -3.4e+38 -3.4e+38 -3.4e+38 -3.4e+38 -3.4e+38 -3.4e+38 -3.4e+38 -3.4e+38 -3.4e+38 -3.4e+38 -3.4e+38 -3.4e+38 -3.4e+38 -3.4e+38 -3.4e+38 -3.4e+38 -3.4e+38 -3.4e+38 -3.4e+38 -3.4e+38 -3.4e+38 -3.4e+38 -3.4e+38 -3.4e+38 -3.4e+38 -3.4e+38 -3.4e+38 -3.4e+38 -3.4e+38 -3.4e+38 -3.4e+38 -3.4e+38 -3.4e+38 -3.4e+38 -3.4e+38 -3.4e+38 -3.4e+38 -3.4e+38 -3.4e+38 -3.4e+38 -3.4e+38 -3.4e+38 -3.4e+38 -3.4e+38 -3.4e+38 -3.4e+38
-3.4e+38 -3.4e+38 -3.4e+38 -3.4e+38 -3.4e+38 583 567 562 559 550 547 541 534 539 542 582 547 539 535 523 499 472 459 409 -3.4e+38 -3.4e+38 -3.4e+38 -3.4e+38 -3.4e+38 -3.4e+38 -3.4e+38 -3.4e+38 -3.4e+38 -3.4e+38 -3.4e+38 -3.4e+38 -3.4e+38 -3.4e+38 -3.4e+38 -3.4e+38 -3.4e+38 -3.4e+38 -3.4e+38 -3.4e+38 -3.4e+38 -3.4e+38 -3.4e+38 -3.4e+38 -3.4e+38 -3.4e+38 -3.4e+38 -3.4e+38 -3.4e+38 -3.4e+38 -3.4e+38 -3.4e+38 -3.4e+38 -3.4e+38 -3.4e+38 -3.4e+38 -3.4e+38 -3.4e+38 -3.4e+38 -3.4e+38 -3.4e+38 -3.4e+38 -3.4e+38 -3.4e+38 -3.4e+38 -3.4e+38 -3.4e+38 -3.4e+38 -3.4e+38 -3.4e+38 -3.4e+38 -3.4e+38 -3.4e+38 -3.4e+38 -3.4e+38 -3.4e+38 -3.4e+38 -3.4e+38 -3.4e+38 -3.4e+38 -3.4e+38
-3.4e+38 -3.4e+38 -3.4e+38 -3.4e+38 571 636 561 540 529 523 513 502 505 501 507 535 490 484 481 465 443 434 465 383 346 -3.4e+38 -3.4e+38 -3.4e+38 -3.4e+38 -3.4e+38 -3.4e+38 -3.4e+38 -3.4e+38 -3.4e+38 -3.4e+38 -3.4e+38 -3.4e+38 -3.4e+38 -3.4e+38 -3.4e+38 -3.4e+38 -3.4e+38 -3.4e+38 -3.4e+38 -3.4e+38 -3.4e+38 -3.4e+38 -3.4e+38 -3.4e+38 -3.4e+38 -3.4e+38 -3.4e+38 -3.4e+38 -3.4e+38 -3.4e+38 -3.4e+38 -3.4e+38 -3.4e+38 -3.4e+38 -3.4e+38 -3.4e+38 -3.4e+38 -3.4e+38 -3.4e+38 -3.4e+38 -3.4e+38 -3.4e+38 -3.4e+38 -3.4e+38 -3.4e+38 -3.4e+38 -3.4e+38 -3.4e+38 -3.4e+38 -3.4e+38 -3.4e+38 -3.4e+38 -3.4e+38 -3.4e+38 -3.4e+38 -3.4e+38 -3.4e+38 -3.4e+38 -3.4e+38 -3.4e+38
-3.4e+38 -3.4e+38 -3.4e+38 571 560 580 538 533 518 509 492 471 483 472 467 460 455 443 438 419 410 404 435 367 315 320 328 350 362 370 385 403 386 357 353 360 407 -3.4e+38 -3.4e+38 -3.4e+38 -3.4e+38 -3.4e+38 -3.4e+38 -3.4e+38 -3.4e+38 -3.4e+38 -3.4e+38 -3.4e+38 -3.4e+38 -3.4e+38 -3.4e+38 -3.4e+38 -3.4e+38 -3.4e+38 -3.4e+38 -3.4e+38 -3.4e+38 -3.4e+38 -3.4e+38 -3.4e+38 -3.4e+38 -3.4e+38 -3.4e+38 -3.4e+38 -3.4e+38 -3.4e+38 -3.4e+38 -3.4e+38 -3.4e+38 -3.4e+38 -3.4e+38 -3.4e+38 -3.4e+38 -3.4e+38 -3.4e+38 -3.4e+38 -3.4e+38 -3.4e+38 -3.4e+38 -3.4e+38 -3.4e+38 -3.4e+38 -3.4e+38 -3.4e+38 -3.4e+38
-3.4e+38 -3.4e+38 578 557 546 580 523 517 507 489 476 456 455 445 434 427 423 416 403 399 381 384 384 342 293 294 302 333 337 343 358 385 358 337 348 353 374 410 -3.4e+38 -3.4e+38 -3.4e+38 -3.4e+38 -3.4e+38 -3.4e+38 -3.4e+38 -3.4e+38 -3.4e+38 -3.4e+38 -3.4e+38 -3.4e+38 -3.4e+38 -3.4e+38 -3.4e+38 -3.4e+38 -3.4e+38 -3.4e+38 -3.4e+38 -3.4e+38 -3.4e+38 -3.4e+38 -3.4e+38 -3.4e+38 -3.4e+38 -3.4e+38 -3.4e+38 -3.4e+38 -3.4e+38 -3.4e+38 -3.4e+38 -3.4e+38 -3.4e+38 -3.4e+38 -3.4e+38 -3.4e+38 -3.4e+38 -3.4e+38 -3.4e+38 -3.4e+38 -3.4e+38 -3.4e+38 -3.4e+38 -3.4e+38 -3.4e+38 -3.4e+38 -3.4e+38
-3.4e+38 627 572 548 528 524 509 509 496 477 457 441 438 422 406 395 391 386 378 414 395 354 353 328 276 274 282 305 318 320 331 335 328 329 353 349 354 385 355 344 -3.4e+38 -3.4e+38 -3.4e+38 -3.4e+38 -3.4e+38 -3.4e+38 -3.4e+38 -3.4e+38 -3.4e+38 -3.4e+38 -3.4e+38 -3.4e+38 -3.4e+38 -3.4e+38 -3.4e+38 -3.4e+38 -3.4e+38 -3.4e+38 -3.4e+38 -3.4e+38 -3.4e+38 -3.4e+38 -3.4e+38 -3.4e+38 -3.4e+38 -3.4e+38 -3.4e+38 -3.4e+38 -3.4e+38 -3.4e+38 -3.4e+38 -3.4e+38 -3.4e+38 -3.4e+38 -3.4e+38 -3.4e+38 -3.4e+38 -3.4e+38 -3.4e+38 -3.4e+38 316 303 283 -3.4e+38 -3.4e+38
-3.4e+38 727 585 551 526 515 497 492 476 454 438 426 419 400 383 372 363 357 350 373 396 322 312 316 264 259 266 281 300 305 307 307 321 330 335 331 332 330 330 321 324 -3.4e+38 -3.4e+38 -3.4e+38 -3.4e+38 -3.4e+38 -3.4e+38 -3.4e+38 -3.4e+38 -3.4e+38 -3.4e+38 -3.4e+38 -3.4e+38 -3.4e+38 -3.4e+38 -3.4e+38 -3.4e+38 -3.4e+38 -3.4e+38 -3.4e+38 -3.4e+38 -3.4e+38 -3.4e+38 -3.4e+38 -3.4e+38 -3.4e+38 -3.4e+38 -3.4e+38 -3.4e+38 -3.4e+38 -3.4e+38 -3.4e+38 -3.4e+38 -3.4e+38 -3.4e+38 -3.4e+38 -3.4e+38 -3.4e+38 329 325 312 302 291 274 -3.4e+38
-3.4e+38 -3.4e+38 593 550 525 534 540 484 475 456 437 421 403 384 369 353 345 339 333 332 342 300 293 279 246 246 254 269 283 285 286 288 310 309 308 310 308 308 309 304 302 308 307 -3.4e+38 -3.4e+38 -3.4e+38 -3.4e+38 -3.4e+38 -3.4e+38 -3.4e+38 -3.4e+38 -3.4e+38 -3.4e+38 -3.4e+38 -3.4e+38 -3.4e+38 -3.4e+38 -3.4e+38 -3.4e+38 -3.4e+38 -3.4e+38 -3.4e+38 -3.4e+38 -3.4e+38 -3.4e+38 -3.4e+38 -3.4e+38 -3.4e+38 -3.4e+38 -3.4e+38 -3.4e+38 -3.4e+38 -3.4e+38 -3.4e+38 -3.4e+38 356 344 335 327 322 310 299 290 276 259
-3.4e+38 -3.4e+38 621 551 525 506 573 492 475 457 442 415 392 369 354 338 335 322 316 310 321 290 281 245 226 229 240 263 269 269 270 278 294 293 289 292 292 288 290 287 289 291 290 292 -3.4e+38 -3.4e+38 -3.4e+38 -3.4e+38 -3.4e+38 -3.4e+38 -3.4e+38 -3.4e+38 -3.4e+38 -3.4e+38 -3.4e+38 -3.4e+38 -3.4e+38 -3.4e+38 -3.4e+38 -3.4e+38 -3.4e+38 -3.4e+38 -3.4e+38 -3.4e+38 -3.4e+38 -3.4e+38 -3.4e+38 -3.4e+38 -3.4e+38 -3.4e+38 -3.4e+38 -3.4e+38 -3.4e+38 326 333 343 339 331 322 321 309 298 290 278 261
-3.4e+38 -3.4e+38 668 603 554 498 472 464 473 446 429 413 391 379 354 336 318 310 296 288 277 269 268 231 215 215 219 247 252 250 255 272 283 275 276 277 276 278 271 273 272 275 279 281 287 290 -3.4e+38 -3.4e+38 -3.4e+38 -3.4e+38 -3.4e+38 -3.4e+38 -3.4e+38 -3.4e+38 -3.4e+38 -3.4e+38 -3.4e+38 -3.4e+38 -3.4e+38 -3.4e+38 -3.4e+38 -3.4e+38 -3.4e+38 -3.4e+38 -3.4e+38 -3.4e+38 -3.4e+38 -3.4e+38 -3.4e+38 -3.4e+38 -3.4e+38 344 330 318 321 328 333 327 319 313 308 300 293 283 268
-3.4e+38 -3.4e+38 -3.4e+38 615 548 504 470 456 445 433 423 400 382 436 367 333 313 300 287 275 265 253 252 219 205 206 210 221 236 234 242 269 273 260 256 268 267 263 266 267 261 264 267 268 279 286 301 -3.4e+38 -3.4e+38 -3.4e+38 -3.4e+38 -3.4e+38 -3.4e+38 -3.4e+38 -3.4e+38 -3.4e+38 -3.4e+38 -3.4e+38 -3.4e+38 -3.4e+38 -3.4e+38 -3.4e+38 -3.4e+38 -3.4e+38 -3.4e+38 -3.4e+38 -3.4e+38 -3.4e+38 -3.4e+38 -3.4e+38 -3.4e+38 347 329 317 313 319 327 326 321 316 308 301 295 285 275
-3.4e+38 -3.4e+38 -3.4e+38 -3.4e+38 649 -3.4e+38 491 456 437 422 419 394 376 385 351 330 309 299 278 268 252 239 233 196 196 197 202 211 221 228 233 264 264 250 244 246 247 247 250 255 257 257 253 258 277 294 316 348 366 -3.4e+38 -3.4e+38 -3.4e+38 -3.4e+38 -3.4e+38 -3.4e+38 -3.4e+38 -3.4e+38 -3.4e+38 -3.4e+38 -3.4e+38 -3.4e+38 -3.4e+38 -3.4e+38 -3.4e+38 -3.4e+38 -3.4e+38 -3.4e+38 -3.4e+38 -3.4e+38 -3.4e+38 373 350 332 318 315 315 322 324 316 317 311 306 296 284 280
-3.4e+38 -3.4e+38 -3.4e+38 -3.4e+38 -3.4e+38 -3.4e+38 525 454 434 421 418 388 391 352 339 324 303 286 270 258 249 237 223 188 185 188 194 224 217 219 228 256 255 243 233 229 230 230 236 236 245 250 249 260 277 310 352 389 374 378 -3.4e+38 -3.4e+38 -3.4e+38 -3.4e+38 -3.4e+38 -3.4e+38 -3.4e+38 -3.4e+38 -3.4e+38 -3.4e+38 -3.4e+38 -3.4e+38 -3.4e+38 -3.4e+38 -3.4e+38 -3.4e+38 -3.4e+38 -3.4e+38 -3.4e+38 396 380 356 337 322 315 310 315 316 312 313 314 306 297 288 280
-3.4e+38 -3.4e+38 -3.4e+38 -3.4e+38 -3.4e+38 -3.4e+38 531 462 446 435 413 388 378 352 338 325 303 281 260 246 242 227 224 210 176 179 185 220 216 220 224 235 240 226 224 226 218 220 218 219 220 233 248 265 291 346 393 402 379 377 382 385 384 390 397 413 441 435 -3.4e+38 -3.4e+38 -3.4e+38 -3.4e+38 -3.4e+38 -3.4e+38 -3.4e+38 -3.4e+38 -3.4e+38 -3.4e+38 425 395 370 357 340 322 313 309 313 311 308 313 316 305 297 292 290
-3.4e+38 -3.4e+38 -3.4e+38 -3.4e+38 -3.4e+38 -3.4e+38 519 471 464 431 410 385 391 348 344 327 309 282 259 243 241 216 220 224 180 175 177 204 214 212 216 224 231 221 213 208 209 204 202 208 203 213 236 264 315 394 451 407 375 367 368 376 382 388 391 405 414 416 419 427 446 532 477 480 479 447 -3.4e+38 -3.4e+38 426 394 369 362 338 328 318 311 308 306 307 311 322 314 309 304 301
-3.4e+38 -3.4e+38 -3.4e+38 -3.4e+38 -3.4e+38 -3.4e+38 531 483 459 428 403 398 403 353 346 328 317 290 258 237 244 217 210 218 172 164 168 178 208 203 211 217 222 212 209 208 196 195 199 198 197 198 223 256 331 430 463 386 352 352 353 361 375 391 384 395 401 412 408 409 415 450 451 431 412 400 445 445 427 390 382 359 342 336 322 318 309 306 307 312 312 315 311 307 314
-3.4e+38 -3.4e+38 -3.4e+38 -3.4e+38 -3.4e+38 -3.4e+38 555 494 464 433 427 480 478 362 352 334 311 290 259 236 235 231 210 218 213 163 163 183 214 195 200 207 214 206 197 196 195 186 180 191 187 189 211 245 323 403 391 353 335 335 340 347 365 379 375 379 392 397 402 399 397 411 425 426 396 382 385 397 411 380 372 356 337 330 325 322 312 306 310 323 308 308 306 309 322
-339999999999999996123846586046231871488.000000000000000 -3.4e+38 -3.4e+38 -3.4e+38 -3.4e+38 -3.4e+38 591 518 479 450 464 512 540 453 344 338 325 294 258 234 235 236 221 216 221 209 177 158 202 213 191 202 210 200 193 190 192 188 174 186 186 192 207 239 284 325 317 316 314 322 331 338 350 361 364 368 378 388 385 391 386 398 398 408 407 374 374 373 380 368 360 352 339 328 324 319 310 312 314 326 313 307 304 311 320
-3.4e+38 -3.4e+38 -3.4e+38 -3.4e+38 -3.4e+38 -3.4e+38 -3.4e+38 575 504 482 522 575 647 694 375 346 329 305 279 245 222 219 223 209 208 203 190 155 159 217 193 194 197 193 192 186 190 187 187 195 191 199 207 228 257 272 278 283 293 301 315 326 335 342 349 353 361 375 374 372 374 378 381 383 393 367 357 357 361 354 353 342 331 325 325 318 312 313 312 325 318 308 305 309 313
-3.4e+38 -3.4e+38 -3.4e+38 -3.4e+38 -3.4e+38 -3.4e+38 -3.4e+38 -3.4e+38 530 509 589 593 548 534 377 358 339 315 274 245 255 237 239 235 230 227 176 156 153 187 203 195 189 195 186 182 183 188 210 208 231 226 211 221 233 242 250 253 271 290 303 315 322 331 337 343 351 362 367 363 365 369 368 365 363 359 345 342 342 347 348 337 330 325 323 319 314 313 316 322 318 314 310 312 314
-3.4e+38 -3.4e+38 -3.4e+38 -3.4e+38 -3.4e+38 -3.4e+38 -3.4e+38 -3.4e+38 569 523 538 621 485 418 372 356 335 312 266 275 268 256 247 225 231 226 183 181 156 154 205 200 195 192 196 187 193 202 249 223 246 250 236 223 225 229 232 238 250 272 289 305 313 320 328 336 341 346 353 350 355 354 357 355 352 347 337 335 330 355 366 341 328 326 321 321 317 320 319 320 319 316 314 315 317
-3.4e+38 -3.4e+38 -3.4e+38 -3.4e+38 -3.4e+38 -3.4e+38 -3.4e+38 -3.4e+38 -3.4e+38 571 560 502 448 398 377 358 339 311 296 291 274 270 260 233 239 238 223 215 189 156 153 185 189 210 206 234 245 232 252 237 259 258 252 232 239 240 232 237 246 262 274 289 301 309 319 334 337 337 335 341 347 345 347 347 342 340 331 323 325 341 358 345 330 326 323 326 326 320 321 322 328 324 322 324 326
-3.4e+38 -3.4e+38 -3.4e+38 -3.4e+38 -3.4e+38 -3.4e+38 -3.4e+38 -3.4e+38 -3.4e+38 -3.4e+38 558 485 445 421 413 387 356 320 311 308 285 285 278 252 246 247 241 218 204 182 154 153 158 215 208 284 367 255 244 246 261 267 269 249 250 246 241 240 244 262 272 281 291 302 316 325 339 333 331 336 337 336 342 338 341 337 328 317 324 335 349 353 329 327 321 323 330 324 322 320 327 332 331 340 342
-3.4e+38 -3.4e+38 -3.4e+38 -3.4e+38 -3.4e+38 -3.4e+38 -3.4e+38 -3.4e+38 -3.4e+38 -3.4e+38 574 505 471 451 430 407 383 337 339 330 310 302 290 262 249 251 253 239 211 195 161 157 166 211 216 300 452 266 243 249 240 255 267 265 264 252 251 255 261 267 280 290 299 307 310 314 331 326 325 328 332 334 338 333 335 330 323 315 320 328 332 335 333 326 320 328 339 331 324 324 328 334 339 341 339
-3.4e+38 -3.4e+38 -3.4e+38 -3.4e+38 -3.4e+38 -3.4e+38 -3.4e+38 -3.4e+38 -3.4e+38 -3.4e+38 -3.4e+38 563 498 472 439 406 401 344 350 347 323 320 300 269 268 256 273 257 219 216 182 171 211 226 235 292 413 270 253 240 233 246 259 272 273 263 268 274 275 276 296 313 318 309 309 318 316 317 315 319 325 324 332 331 333 327 322 320 321 332 323 324 333 325 325 334 347 346 332 327 332 336 343 349 348
-3.4e+38 -3.4e+38 -3.4e+38 -3.4e+38 -3.4e+38 -3.4e+38 -3.4e+38 -3.4e+38 -3.4e+38 -3.4e+38 -3.4e+38 -3.4e+38 521 490 466 426 413 363 368 360 354 340 311 285 273 272 283 267 238 235 251 181 169 224 230 264 298 259 251 239 238 245 254 272 275 267 274 274 278 299 332 340 334 320 309 310 311 313 308 321 325 314 327 330 331 322 323 320 319 327 323 325 323 327 329 343 353 346 338 332 334 340 344 353 354
-3.4e+38 -3.4e+38 -3.4e+38 -3.4e+38 -3.4e+38 -3.4e+38 -3.4e+38 -3.4e+38 -3.4e+38 -3.4e+38 -3.4e+38 -3.4e+38 595 584 560 442 406 370 378 366 360 357 331 304 294 293 283 269 255 270 271 198 181 221 248 257 258 261 256 252 244 248 258 259 259 270 290 292 309 351 375 362 339 325 312 304 313 314 313 323 323 307 318 324 328 325 325 324 318 319 322 328 326 329 332 346 354 345 338 333 341 341 341 353 365
-3.4e+38 -3.4e+38 -3.4e+38 -3.4e+38 -3.4e+38 -3.4e+38 -3.4e+38 -3.4e+38 -3.4e+38 -3.4e+38 -3.4e+38 711 750 805 618 492 423 389 385 380 374 375 351 326 314 307 285 273 278 339 300 252 288 266 298 274 275 268 266 266 253 249 257 243 254 278 305 326 394 457 408 362 333 326 317 306 309 306 315 317 316 309 316 320 322 319 324 324 318 316 321 322 325 329 334 349 360 348 342 336 342 348 348 352 362
-3.4e+38 -3.4e+38 -3.4e+38 -3.4e+38 -3.4e+38 -3.4e+38 -3.4e+38 -3.4e+38 -3.4e+38 -3.4e+38 -3.4e+38 -3.4e+38 810 866 720 508 447 410 410 401 389 380 356 334 329 314 291 290 304 368 280 273 311 337 371 301 297 287 280 278 263 258 257 248 254 287 322 380 541 502 406 356 331 322 317 312 308 311 314 316 318 316 310 318 315 318 319 323 325 318 321 321 324 332 339 349 357 349 345 340 341 347 352 354 360
-3.4e+38 -3.4e+38 -3.4e+38 -3.4e+38 -3.4e+38 -3.4e+38 -3.4e+38 -3.4e+38 -3.4e+38 -3.4e+38 -3.4e+38 -3.4e+38 748 727 657 551 459 430 435 433 419 392 369 346 345 321 300 293 311 319 264 212 249 325 549 384 408 324 312 307 296 293 277 251 268 295 339 417 476 433 377 339 322 315 313 316 315 316 326 322 319 320 317 318 314 316 318 324 323 316 318 322 328 331 345 348 356 350 348 341 343 349 355 365 363
-3.4e+38 -3.4e+38 -3.4e+38 -3.4e+38 -3.4e+38 -3.4e+38 -3.4e+38 -3.4e+38 -3.4e+38 -3.4e+38 -3.4e+38 -3.4e+38 727 753 699 646 506 455 440 452 483 447 378 354 342 337 319 299 290 292 259 238 277 378 584 611 415 346 334 333 310 311 311 264 274 300 338 382 397 369 349 331 324 308 312 307 309 316 321 323 318 321 315 319 317 313 317 325 326 320 321 327 331 333 344 343 350 349 348 343 345 349 352 358 364
-3.4e+38 -3.4e+38 -3.4e+38 -3.4e+38 -3.4e+38 -3.4e+38 -3.4e+38 -3.4e+38 -3.4e+38 -3.4e+38 -3.4e+38 -3.4e+38 -3.4e+38 732 765 792 589 490 457 465 469 476 430 382 360 356 347 314 306 304 279 254 308 406 482 480 388 350 332 323 316 346 329 289 272 296 312 333 343 334 335 338 331 322 314 307 308 314 323 323 323 321 318 316 313 312 319 325 328 323 325 324 334 336 340 343 343 345 349 348 348 351 354 358 363
-3.4e+38 -3.4e+38 -3.4e+38 -3.4e+38 -3.4e+38 -3.4e+38 -3.4e+38 -3.4e+38 -3.4e+38 -3.4e+38 -3.4e+38 -3.4e+38 -3.4e+38 746 844 896 733 506 474 480 480 500 468 392 364 350 328 332 327 322 315 310 360 420 448 436 411 375 347 339 350 356 343 321 276 298 305 318 325 333 331 327 326 328 322 316 310 311 317 321 322 316 316 314 311 315 319 324 326 327 323 327 333 338 344 346 342 348 350 350 350 353 356 359 367
-3.4e+38 -3.4e+38 -3.4e+38 -3.4e+38 -3.4e+38 -3.4e+38 -3.4e+38 -3.4e+38 -3.4e+38 -3.4e+38 -3.4e+38 -3.4e+38 -3.4e+38 725 730 718 638 561 496 491 498 528 556 404 367 375 356 346 339 328 312 358 414 439 466 476 483 500 415 360 356 356 341 341 326 323 329 337 348 346 334 332 332 327 326 324 313 314 315 314 315 310 311 310 314 318 316 319 319 327 329 327 330 340 347 350 344 346 348 347 353 357 360 367 371
