rasters/Kenya_SNDPPT_M_sl2_250m_ll.asc
NCOLS 96 
NROWS 116 
XLLCORNER 33.890468384 
YLLCORNER -4.677504203 
CELLSIZE 0.083276570625 
NODATA_value -9999 
[rows 63 to 83 of 116, columns 0 to 48 of 96]
-9999 -9999 -9999 -9999 44.9278017241391 38.2235991379297 -9999 -9999 -9999 -9999 -9999 -9999 48.9682112068969 50.5948275862057 40.9741379310352 35 29.8895474137933 33.8286637931053 33.9218749999987 37.5404094827586 36.2925646551758 35.4746767241385 29.8879310344839 30.8706896551722 32.31411637931 31.896551724138 36.1896551724136 33.2871767241383 35.2187500000009 33.7408405172408 36.703125000002 36.0048491379274 43.551724137931 34.2548491379312 30.3890086206866 30.551724137931 39.8017241379289 40.3706896551736 35.0673491379279 32.4396551724172 41.6848060344833 40.448275862069 30.103448275862 30.8335129310347 25.0716594827609 26.3098060344823 33.4175646551711 48.0156249999996 42.0145474137899
-9999 -9999 -9999 -9999 -9999 -9999 -9999 44.6567887931001 37.2737068965523 51.4773706896554 46.0075431034431 46.5732758620678 38.3793103448271 39.3011853448292 32.935344827588 33.8954741379388 34 33.4197198275847 30.2413793103459 34.7133620689653 30.0872844827602 31.7214439655192 35.9509698275865 34.0959051724144 29.4558189655179 37.8302801724133 -9999 37.309267241381 34.0113146551725 35.8437499999974 37.0738146551742 41.5156250000012 46.0312500000024 34.8437500000002 27.1018318965527 28.5377155172417 33.7473060344759 41.7074353448249 30.7332974137939 32.5312500000041 32.2904094827584 35.3399784482788 33.2489224137937 26.8146551724136 22.9321120689633 21.2349137931032 43.2995689655208 43.3927801724129 53.2882543103446
-9999 40.9256465517207 -9999 -9999 -9999 -9999 -9999 44.8442887931035 51.3927801724132 42.4671336206899 43.3432112069002 43.9709051724139 39 34.3518318965526 35.704741379307 28.9687499999941 31.2257543103439 36.7284482758642 33.7494612068938 32.9773706896552 30.2737068965584 33.242456896551 35.8351293103447 36.7931034482762 33 33.8873922413785 35.2747844827582 36.9256465517244 39.526939655171 37.5781250000013 36.054418103449 34.0064655172419 35.277478448275 38.3044181034471 34.2473060344843 31.9547413793102 27.8475215517199 26.1190732758648 29.4423491379317 28.155711206898 30.655711206897 25.7780172413809 29.1363146551715 19.2440732758619 27.6945043103351 20 45.5641163793069 50.012392241379 54.4261853448265
-9999 -9999 -9999 46.6228448275845 38.34698275862 44.0350215517237 42.2559267241372 52.5910560344814 54.6966594827595 42 39.6621767241281 35.9455818965521 33.0576508620685 33.8265086206923 29.9983836206897 31.9698275862012 35.8846982758639 34.8750000000027 34.075431034484 29.1476293103446 36.6939655172367 39.6217672413822 36.4197198275821 37.2182112068971 35 31.2381465517258 33.3976293103444 36.9531250000004 38.42510775862 40.4418103448262 38.5436422413781 34.5501077586216 34.9832974137933 37.6907327586211 34.9709051724139 30.2139008620674 31.290409482763 24.6600215517262 29.9552801724141 33.9655172413796 24.226293103448 24.2925646551729 26.1433189655162 23.0544181034479 37.9962284482758 47.9935344827571 48.159482758624 50.0145474137927 51.1147629310327
-9999 -9999 34.7058189655181 32.1686422413803 39.1433189655183 41.3281250000013 39.3787715517228 39.9369612068979 50.7149784482734 33.9348060344827 30.4105603448357 27.8981681034487 34.9698275862067 39.1594827586207 30.0975215517258 29.6993534482702 29.304956896552 34.0468749999987 28.7839439655154 28.2322198275867 31.1600215517271 34.4175646551755 33.4229525862062 36.1056034482762 34.5689655172414 35.0619612068969 35.62661637931 34.5862068965501 33.4207974137929 40.6363146551737 34.1487068965475 33.4445043103456 33.8793103448233 36.3906249999995 38 28.9692887931053 26.7839439655052 24.1901939655146 24.9789870689655 32.7079741379275 24.9035560344837 26.2591594827605 34.3372844827592 37.2591594827587 49.8771551724138 53.4105603448303 51.1379310344833 58.9822198275867 60.8464439655171
-9999 -9999 35.8205818965517 35.7306034482749 37.1939655172424 36.0554956896565 34.3890086206881 40.588900862069 40.6734913793103 34.5355603448271 35.0905172413877 31 32.5867456896557 38.1266163793069 35.628232758622 32.9843749999971 29.7101293103439 29.6206896551731 30.0781250000013 29.4132543103442 28.4886853448332 32.114762931034 33.5355603448291 34.1056034482772 34.272629310346 37.2112068965511 32.3615301724133 32.0490301724127 33.7306034482763 31.9175646551735 40.5199353448275 31.4294181034459 26.6616379310384 31.9062499999995 25.4935344827633 32 26.5915948275789 22.7451508620686 23.7613146551728 31.487068965513 23.69665948276 29.4504310344839 27.3141163793103 52.0145474137918 53.3782327586232 56.3383620689588 40.7219827586217 58.5894396551739 57.3162715517243
-9999 -9999 36.9735991379313 30.078663793102 34.5075431034482 37.8071120689651 42.6363146551719 45.2516163793106 38.9132543103448 31.3846982758619 33.2505387930957 36.0296336206894 34.8340517241373 33.410560344829 38.9428879310354 40.4779094827511 34.9994612068966 34.510775862067 37.5608836206911 33.4299568965518 31.9272629310332 36.0059267241378 34.132543103447 33.5554956896565 39.2807112068981 33.6971982758599 36.3087284482764 34.331357758621 38.0274784482757 -9999 43.7548491379314 33.2020474137916 29.1998922413776 24.4827586206898 29.8292025862112 22.2473060344809 24.3313577586186 28.8340517241358 22.339439655172 34.9606681034443 32.3960129310346 27.2090517241359 35.8669181034455 33.0975215517237 45.8992456896493 56.4304956896532 55.460129310344 49.05010775862 59.4832974137932
-9999 -9999 -9999 -9999 37.6406250000008 49.8028017241385 43.4234913793088 38.0915948275861 36.4951508620683 33.9439655172413 33.1126077586239 33.9515086206898 38.050646551723 39.6551724137931 38.3141163793112 35.9741379310296 38.3292025862074 36 36.1562500000026 40.5835129310344 35.2526939655157 35.5167025862057 34.2031249999979 35.3367456896552 34.0915948275861 36.266163793102 29.017780172414 34.1842672413803 35.3534482758628 36.101831896554 32.6740301724138 35.6551724137931 26.1357758620661 30.1406249999999 26.5926724137911 26.4660560344826 27.5646551724021 23.5420258620696 26.1945043103456 22 42.4983836206895 47.7155172413816 31.5156249999962 45.5290948275857 49.4057112068896 62.6034482758655 61.251077586203 57.3340517241383 60.9946120689657
-9999 -9999 -9999 48.2182112068987 41.9380387931038 52.4040948275845 48.6330818965528 44.9084051724142 35.8060344827588 32.1417025862052 34.5161637931128 36.975754310345 39.6088362068962 42.6066810344893 39.8195043103456 38.8248922413794 40.1697198275857 45.1885775862059 44.8410560344835 41.3017241379325 40.1330818965576 35.45797413793 36.5220905172436 38.0915948275858 38.5603448275866 36.7031249999989 31.8275862068971 30.704202586205 38.4364224137933 38.5484913793093 33.2968750000013 33.2596982758643 32.0889008620689 31.9057112068968 25.7505387931008 21.8949353448278 23.8895474137941 21.1724137931029 22.0732758620706 24.4838362068983 41.1395474137907 47.0657327586226 42.1400862069022 40.6546336206878 51.6740301724154 60.3286637931049 61.3836206896557 56.1853448275853 56.8329741379314
-9999 -9999 62.1562499999977 61.6093749999974 59.281250000002 48.3281250000016 46.703125000002 39.4687500000008 36.7656250000005 34.2031250000004 34.6562499999899 34.2812499999994 34 38.9999999999996 38.0468749999991 42.9843749999971 39.0000000000008 51.953125 41.8437499999963 43.1093750000005 34.9999999999996 30.3437499999974 27.4062499999961 34.4687500000008 34.7343750000013 37.296875 33.9999999999999 37.2812500000012 34.9999999999991 30.4218749999982 29.4531250000002 33.5156250000014 30.9687499999973 24.4531249999997 28.9999999999983 24.7812499999995 24.3593750000031 25.3124999999908 32.296875000002 33.0000000000004 30.0625000000008 44.9999999999996 55.4843750000032 60.140625 52.9999999999996 64.0781250000006 62.0468750000024 47.0000000000004 53.9687500000009
-9999 -9999 -9999 -9999 51.875000000001 45.9278017241415 45.6551724137926 37.9110991379309 39.3992456896557 38.1007543103455 36.310883620684 41.6508620689667 34.6163793103463 41.1858836206895 49.2031249999994 41.0048491379319 43.3081896551739 47.7500000000019 38.7117456896531 42.5646551724133 36.0921336206912 33.4870689655166 34.4520474137948 32.2376077586198 37.3922413793102 44.5393318965528 37.5549568965506 35.0646551724118 37.3232758620685 36.3491379310333 34.7812499999997 42.0889008620693 33.3690732758651 25.0005387931031 28.3448275862074 29.1050646551726 31.3459051724156 34.7322198275854 37.2968750000011 47.9024784482686 33.9703663793095 43.5043103448306 54.8841594827549 56.9154094827597 55.0905172413822 62.9568965517255 61.4450431034529 38.8717672413779 58.1567887931041
-9999 -9999 -9999 -9999 -9999 53.6562500000026 50.1567887931011 40.7499999999982 41.9191810344828 43.0975215517255 42.9407327586189 36.1891163793098 39 38.8922413793035 37.1282327586195 42.3604525862103 44.6395474137931 43.3286637931043 34.4498922413815 38.0716594827586 38.4224137930989 40.5425646551729 38.1503232758688 39.5312499999991 45.3103448275853 38.2968750000011 38.9213362068978 35.4929956896547 38.7268318965513 34.7435344827605 44.1082974137939 43.0344827586221 29.3378232758626 27.1406249999995 25.0770474137948 25.8195043103457 40.4832974137984 40.4234913793088 45.6686422413768 43.0123922413818 50.6174568965501 42.9369612068963 49.5711206896568 45.9547413793057 44.5425646551686 47.5280172413822 38.453125000005 43.0899784482781 56.9897629310348
-9999 -9999 -9999 -9999 -9999 -9999 -9999 51.8949353448269 42.7516163793102 42.8125000000023 44.8766163793072 34.5851293103449 39.595905172414 34.5145474137934 44.5172413793106 44.4746767241361 46.5199353448293 47 42.39870689655 49.5172413793106 44.5851293103463 44.393857758621 46.3081896551692 44.5269396551712 39.4967672413779 38.6686422413776 44.3512931034488 40.0220905172418 46.7812499999991 43.9062500000025 42.5765086206868 42.71066810345 40.7661637931042 27.6874999999997 36.5026939655172 35.9730603448272 38.7187500000077 37.9849137931063 43.1109913793129 44.2262931034461 48.2483836206898 44.6858836206906 57.9498922413764 56.815193965517 63.0037715517243 57.0404094827592 51.8265086206833 54.9423491379311 57.4989224137924
-9999 -9999 -9999 -9999 -9999 -9999 -9999 -9999 -9999 38.0630387931036 40.4326508620707 36.8679956896543 34.4132543103451 40.3793103448278 45.0145474137927 43.33674568966 45.3162715517239 40.967672413794 46.9854525862058 47.5226293103451 53.2677801724064 45.3755387931029 48.2031249999979 39.4520474137934 38.5759698275857 43.6390086206882 46.8981681034483 44.6023706896548 43.4585129310343 43.1600215517237 42.8480603448234 42.8539870689637 47.8399784482755 25.7634698275859 31.3566810344898 36.5921336206887 38.3103448275861 43.0511853448299 46.90786637931 57 57.1487068965519 55.9811422413772 51.9428879310342 51.8884698275874 57.3442887931044 58.9854525862061 53.0614224137957 53.4375000000007 57.7419181034491
-9999 -9999 -9999 -9999 -9999 -9999 -9999 -9999 -9999 -9999 -9999 45.8814655172419 44.8232758620659 40.0183189655137 45.3631465517204 38.9752155172367 48.4563577586175 50.9935344827588 54.0107758620691 48.1379310344821 47.0193965517244 40.4854525862094 43.6702586206904 40.3399784482757 37.5964439655184 44.6061422413788 40.2376077586213 43.8954741379288 43.4412715517253 44.7343749999966 44.7683189655205 44.5113146551733 46.8178879310375 34.9639008620711 36.8572198275856 35.3873922413808 42.6567887930949 47.3281249999979 52.6061422413788 46.7176724137886 46.4256465517254 51.2850215517247 68.7241379310359 64.8593750000004 63.7828663793084 58.872844827587 51.1589439655176 56.9822198275867 57.4385775862042
-9999 -9999 -9999 -9999 -9999 -9999 -9999 -9999 -9999 -9999 -9999 -9999 -9999 57.8119612069002 49.9671336206891 45.9843749999971 42.0307112068957 42.9671336206891 43.0344827586212 46.8981681034483 52.9358836206887 45.9655172413788 37.803879310347 45.7553879310339 33.8286637931054 47.5732758620708 41.6831896551724 43.5840517241378 44 37.8690732758601 52.6373922413755 41.5010775862059 36.8706896551666 40.981142241379 34.0835129310359 39.3292025862055 41.302801724141 43.6487068965534 42.5872844827606 53.9288793103434 52.7677801724143 51.2376077586225 50.2613146551766 58.6201508620682 53.1422413793158 59.9655172413788 57.0016163793104 60.9655172413787 55.0193965517251
-9999 -9999 -9999 -9999 -9999 -9999 -9999 -9999 -9999 -9999 -9999 -9999 -9999 -9999 47 44.0032327586213 45.7839439655171 46.4881465517228 45.6481681034528 37.8049568965531 46.4375 46.2780172413809 37.3679956896538 33.0274784482759 34.5312499999991 55.3836206896536 43.9843750000005 41.3556034482774 47.6196120689646 39.5091594827572 42.2618534482747 40.8868534482749 36.1508620689615 36.2273706896544 35.5414870689674 27.9423491379321 39.9094827586263 44.3534482758463 49.413793103449 44.3642241379252 56.4202586206889 48.6357758620667 53.4445043103414 54.9175646551728 49.2403017241332 63.5404094827574 56.0840517241415 54.2160560344829 56.9967672413794
-9999 -9999 -9999 -9999 -9999 -9999 -9999 -9999 -9999 -9999 -9999 -9999 -9999 -9999 -9999 -9999 44.2570043103438 44.3502155172425 48.427801724139 43.5792025862066 51.6799568965575 45.8696120689664 35.17618534483 40.6600215517231 35.6449353448274 45.5220905172435 39.5770474137936 43.6788793103467 40.9348060344832 42.6244612068933 42.2230603448299 35.274245689657 34.059267241379 32.9261853448281 38.101831896552 42.3906249999996 39.2429956896539 37.6718750000021 40.9854525862056 45.5565732758614 56.1061422413791 54.989224137929 53.5571120689613 52.5334051724138 47.2165948275965 54.7882543103458 58.5781250000086 58.0350215517232 60.9315732758639
-9999 -9999 -9999 -9999 -9999 -9999 -9999 -9999 -9999 -9999 -9999 -9999 -9999 -9999 -9999 -9999 -9999 -9999 40.9137931034468 48.7214439655178 44.6034482758645 42.1718749999987 41.3485991379336 41.003232758622 35.5242456896554 48.5937500000022 50 46.1923491379322 50.4908405172409 49.1993534482756 42.7031250000022 38.2984913793123 40.0393318965512 37.75 37.9735991379336 41.4218749999981 41.6610991379273 46.2235991379336 53.4175646551716 56.4207974137923 54.5091594827608 49.2855603448294 51.3615301724112 57.5258620689649 57.557650862072 61.5598060344833 59.5775862068981 56.0382543103438 60.0156249999996
-9999 -9999 -9999 -9999 -9999 -9999 -9999 -9999 -9999 -9999 -9999 -9999 -9999 -9999 -9999 -9999 -9999 -9999 -9999 -9999 42.1406250000025 40.8755387931043 43.626077586203 42.5775862068971 36.2559267241386 45.8060344827591 47.4865301724138 44.47952586207 42.0673491379312 46.2758620689653 45.4741379310342 41.1109913793081 50.0662715517229 38.9057112068961 47.3054956896568 51.4913793103442 54.2871767241365 48.0026939655095 55.4272629310336 56.0732758620695 51.3809267241377 55.0646551724156 46.8394396551699 54.668103448275 63.0490301724154 62.3351293103438 63.211206896554 57.2715517241378 62.7171336206901
-9999 -9999 -9999 -9999 -9999 -9999 -9999 -9999 -9999 -9999 -9999 -9999 -9999 -9999 -9999 -9999 -9999 -9999 -9999 -9999 -9999 -9999 36.2435344827569 48.7656249999996 40.517241379311 44.5323275862092 42.348060344828 52.3674568965538 42.2349137931019 47.3345905172408 40.5565732758628 42.0188577586179 47.3809267241372 52.6131465517231 51.7931034482769 57.7230603448272 51.3927801723997 58.1907327586195 55.6610991379304 53.3415948275877 48.3044181034526 58.8636853448241 62.361530172411 58.5479525862048 54.3389008620595 62 60.1875000000031 57.987607758621 58.2349137931017
