rasters/Kenya_bio10.asc
NCOLS 96 
NROWS 116 
XLLCORNER 33.890468384 
YLLCORNER -4.677504203 
CELLSIZE 0.083276570625 
NODATA_value -3.4e+38 
[rows 42 to 62 of 116, columns 0 to 46 of 96]
-339999999999999996123846586046231871488.000000000000000 -3.4e+38 -3.4e+38 -3.4e+38 -3.4e+38 -3.4e+38 -3.4e+38 -3.4e+38 -3.4e+38 -3.4e+38 -3.4e+38 21.8968334197998 22.3213329315186 22.375 21.7059993743896 21.3271675109863 21.1496658325195 20.2943344116211 21.8291664123535 24.0919990539551 24.4636669158936 24.5758323669434 24.2811660766602 22.8581676483154 22.8528327941895 23.767333984375 25.4268341064453 26.068000793457 25.6376667022705 24.19700050354 22.6625003814697 23.2171669006348 20.9916667938232 19.908166885376 21.2196674346924 22.9756660461426 23.5181655883789 23.7013339996338 23.982666015625 20.7336673736572 22.0531673431396 23.22216796875 24.6093330383301 24.6380004882812 25.1700000762939 25.7686653137207 26.0625
-3.4e+38 -3.4e+38 -3.4e+38 -3.4e+38 -3.4e+38 -3.4e+38 -3.4e+38 -3.4e+38 -3.4e+38 -3.4e+38 20.8321666717529 21.6919994354248 22.1371669769287 21.8296661376953 20.6608333587646 20.9309997558594 20.7373332977295 17.8546676635742 18.2600002288818 20.1149997711182 23.6851673126221 24.4608325958252 23.8901672363281 22.3858337402344 21.9013328552246 24.416166305542 25.6138343811035 26.2581672668457 26.2541656494141 25.4895000457764 23.5626659393311 22.1030006408691 18.5540008544922 18.8453330993652 21.2573337554932 22.5330009460449 22.6811676025391 22.4079990386963 23.5580005645752 20.8296661376953 21.9178333282471 24.0319995880127 24.6418342590332 24.99049949646 25.2024993896484 25.6718330383301 26.0363330841064
-3.4e+38 -3.4e+38 -3.4e+38 -3.4e+38 -3.4e+38 -3.4e+38 -3.4e+38 -3.4e+38 -3.4e+38 -3.4e+38 -3.4e+38 20.6141662597656 21.0088329315186 20.0866661071777 18.3766670227051 18.9093322753906 18.992000579834 15.8198328018188 14.0543336868286 14.2681665420532 22.5550003051758 24.2070007324219 23.8813323974609 22.400333404541 20.9068336486816 23.6183338165283 25.7691669464111 25.9126663208008 25.7569999694824 24.7119998931885 22.554500579834 20.0438327789307 16.7313327789307 17.9986667633057 21.0281658172607 21.7553329467773 21.6450004577637 22.2581672668457 22.9321670532227 19.3363342285156 18.7843341827393 22.8713340759277 24.3304996490479 24.8061676025391 25.0111675262451 25.257833480835 25.6318321228027
-3.4e+38 -3.4e+38 -3.4e+38 -3.4e+38 -3.4e+38 -3.4e+38 -3.4e+38 -3.4e+38 -3.4e+38 16.7240009307861 18.9726657867432 19.7473335266113 19.4790000915527 19.2136669158936 18.3950004577637 16.9258327484131 15.8081665039062 14.171667098999 12.1491670608521 13.2909994125366 19.9624996185303 24.0644989013672 23.8640003204346 22.8341674804688 21.3398323059082 23.5656661987305 25.113166809082 23.5571670532227 24.0683326721191 23.7604999542236 21.6608333587646 16.9171657562256 15.3726663589478 16.2455005645752 19.158166885376 21.0004997253418 21.400333404541 22.0174999237061 22.7608337402344 20.1538333892822 19.6146659851074 21.5071678161621 23.7695007324219 24.5510005950928 24.8746662139893 25.1866664886475 25.0986671447754
-3.4e+38 -3.4e+38 -3.4e+38 -3.4e+38 -3.4e+38 -3.4e+38 -3.4e+38 -3.4e+38 10.122166633606 14.4641666412354 18.2735004425049 19.6803340911865 19.6133346557617 19.2814998626709 19.05299949646 17.6073341369629 16.1098327636719 14.3253335952759 13.2326669692993 13.6575002670288 20.0751667022705 23.9118328094482 23.2456665039062 22.5943336486816 22.2210006713867 24.1205005645752 24.7431659698486 23.128833770752 23.5266666412354 23.5799999237061 20.8050003051758 16.9886665344238 16.3460006713867 16.7886657714844 16.9843330383301 18.9656677246094 21.7245006561279 22.6033325195312 22.7071666717529 21.6949996948242 19.8530006408691 20.5405006408691 23.328332901001 24.628999710083 24.9473342895508 25.0773334503174 25.0393333435059
-3.4e+38 -3.4e+38 -3.4e+38 -3.4e+38 -3.4e+38 -3.4e+38 -3.4e+38 11.0801668167114 12.1126670837402 14.7561664581299 17.978832244873 19.6001663208008 19.6421661376953 19.4903335571289 19.2115001678467 18.8786659240723 17.5441665649414 15.4886665344238 13.8526668548584 14.9259996414185 21.7516670227051 23.6940002441406 22.6830005645752 22.4874992370605 23.3966674804688 24.8058319091797 24.896167755127 24.3601665496826 23.7135009765625 22.4818325042725 20.8786659240723 17.8018321990967 17.3188323974609 17.7201671600342 16.8213329315186 17.8839988708496 21.583833694458 22.3431663513184 22.2141666412354 21.9370002746582 20.9913330078125 22.75 23.8600006103516 24.3396663665771 24.5364990234375 24.8051662445068 24.7596664428711
-3.4e+38 -3.4e+38 -3.4e+38 -3.4e+38 -3.4e+38 -3.4e+38 15.186333656311 14.199333190918 14.2806673049927 15.6698341369629 18.1339988708496 19.7628326416016 19.6849994659424 19.4656658172607 19.3296661376953 19.2131671905518 18.3171653747559 17.1983337402344 15.377833366394 16.0520000457764 22.5981674194336 23.2978343963623 22.0196666717529 22.6916675567627 23.8306674957275 24.5591659545898 24.3328323364258 23.2526664733887 22.3013324737549 21.8888339996338 20.4861660003662 18.2811660766602 17.9386672973633 18.5785007476807 18.4734992980957 17.4739990234375 20.7633323669434 21.5501670837402 21.8628330230713 22.3889999389648 21.7146663665771 19.4103336334229 22.2671661376953 23.8316669464111 24.3583335876465 24.5599994659424 24.5906677246094
-3.4e+38 -3.4e+38 -3.4e+38 -3.4e+38 -3.4e+38 -3.4e+38 18.2173328399658 17.0726661682129 17.2794990539551 17.9435005187988 19.1396675109863 19.865665435791 19.8479995727539 19.5646667480469 19.3040008544922 18.8396663665771 18.6406669616699 18.3663330078125 16.9473342895508 16.2738342285156 23.2481670379639 23.3414993286133 21.3076667785645 22.5608329772949 23.8889999389648 24.4379997253418 24.049165725708 22.3941669464111 22.0206661224365 20.3778343200684 19.8408336639404 18.0013332366943 17.9531669616699 18.5353336334229 18.8578338623047 18.6135005950928 20.6618328094482 21.765832901001 22.376501083374 22.6323337554932 22.6979999542236 21.7508335113525 22.4303321838379 22.7253341674805 24.1296672821045 24.2450008392334 23.8518333435059
-3.4e+38 -3.4e+38 -3.4e+38 -3.4e+38 -3.4e+38 22.5236663818359 21.5346660614014 20.1473331451416 20.3748340606689 20.2963333129883 20.324333190918 20.1591663360596 20.1148338317871 19.6856670379639 19.2711658477783 18.6604995727539 18.2106666564941 17.7294998168945 17.3250007629395 18.0855007171631 23.9856662750244 23.3766670227051 20.8808326721191 22.9243335723877 24.1580009460449 24.0375003814697 23.2733325958252 22.880500793457 21.7056674957275 19.7468338012695 18.699333190918 17.957332611084 18.3519992828369 18.7456665039062 18.7156677246094 19.1606674194336 20.5156669616699 22.2455005645752 22.9109992980957 23.4213333129883 23.477165222168 22.8985004425049 22.6958332061768 23.5793342590332 24.2574996948242 24.3455009460449 24.486499786377
-3.4e+38 -3.4e+38 -3.4e+38 -3.4e+38 23.0236663818359 22.3798332214355 22.2348327636719 21.3158340454102 21.1071662902832 20.9711666107178 20.5721664428711 20.4305000305176 19.9981670379639 19.3409996032715 18.8813323974609 18.6003341674805 18.1856670379639 17.6800003051758 17.1690006256104 19.8346672058105 24.2819995880127 23.4553337097168 20.5693340301514 22.2098331451416 24.1088333129883 23.8666667938232 23.3888320922852 23.1106662750244 21.337833404541 19.1106662750244 18.1599998474121 18.2348327636719 18.6691665649414 18.663667678833 18.7728328704834 19.2273330688477 20.8893337249756 21.8661670684814 22.783166885376 23.3468341827393 23.8393325805664 23.3988342285156 22.9731674194336 23.6665000915527 24.4251670837402 24.5553321838379 24.2201671600342
-3.4e+38 -3.4e+38 -3.4e+38 23.3608341217041 23.2958335876465 22.8696670532227 22.4733333587646 21.7031669616699 21.4108333587646 21.4193344116211 20.929666519165 20.591667175293 20.0071659088135 19.2781677246094 18.9301662445068 18.6359996795654 18.234167098999 17.6931667327881 16.9850006103516 21.1324996948242 24.4036655426025 22.3565006256104 18.7684993743896 21.9834995269775 23.837833404541 24.0354995727539 23.9476661682129 22.9528331756592 20.9734992980957 18.8950004577637 18.1909999847412 18.5925006866455 18.7363338470459 18.6733322143555 18.8101673126221 19.71266746521 19.9160003662109 21.079833984375 22.406665802002 23.3753337860107 23.9160003662109 24.0018329620361 24.0221672058105 24.1411666870117 24.5298328399658 24.6346664428711 24.5211658477783
-3.4e+38 -3.4e+38 23.246166229248 22.9885005950928 22.9029998779297 22.8835010528564 22.5858325958252 22.136833190918 21.7059993743896 21.5216674804688 21.3594989776611 20.3141670227051 19.1013336181641 19.3286666870117 19.0243339538574 18.8269996643066 18.2848339080811 17.691333770752 16.642333984375 20.7118339538574 24.3435001373291 21.378999710083 19.5106658935547 22.9855003356934 24.5716667175293 24.6590003967285 24.0375003814697 22.2846660614014 19.5178337097168 18.3121662139893 18.2906665802002 18.6521663665771 18.5155010223389 18.4326667785645 18.8081665039062 19.7258338928223 19.4150009155273 19.3021659851074 21.2485008239746 22.7486667633057 22.7719993591309 24.1793327331543 24.2854995727539 24.4578323364258 24.5091667175293 24.4174995422363 23.9524993896484
-3.4e+38 -3.4e+38 22.9186668395996 22.9426670074463 22.945333480835 22.8486671447754 22.6018333435059 22.3148345947266 22.1520004272461 21.6294994354248 21.0799999237061 20.6485004425049 19.0203342437744 19.0741672515869 19.0604991912842 18.7621669769287 18.2628326416016 17.6533336639404 16.3516674041748 16.2486667633057 23.2623329162598 21.904333114624 19.5944995880127 23.1306667327881 24.8313331604004 25.1383323669434 23.7571659088135 21.3800010681152 17.9411659240723 18.0599994659424 18.269832611084 18.5141658782959 18.4428329467773 18.7224998474121 19.1418342590332 19.5348339080811 19.378999710083 19.0248336791992 19.4141674041748 20.4928340911865 22.107666015625 24.0170001983643 23.5861663818359 23.7204990386963 24.3553333282471 24.2428340911865 23.9516658782959
-3.4e+38 -3.4e+38 22.9535007476807 22.9153327941895 22.8121662139893 22.7600002288818 22.6088333129883 22.4948329925537 22.1199989318848 21.5825004577637 21.0475006103516 20.7188339233398 19.2393341064453 18.7613334655762 18.8061676025391 18.505500793457 18.1110000610352 17.6323337554932 16.511999130249 15.0705003738403 21.4203338623047 23.1668338775635 19.5778331756592 22.1264991760254 24.2674999237061 24.9868316650391 22.5709991455078 19.3928337097168 17.8548336029053 17.7256660461426 18.3094997406006 18.5634994506836 18.6259994506836 18.7323341369629 18.5548324584961 18.9328346252441 19.1948337554932 18.8408336639404 18.7408332824707 18.2474994659424 19.9575004577637 23.3738327026367 23.0645008087158 23.3815002441406 24.1761665344238 23.8836669921875 23.1303329467773
-3.4e+38 23.0443325042725 22.7243328094482 22.6296672821045 22.6728324890137 22.8178329467773 22.6386661529541 22.3893337249756 22.1996669769287 21.679500579834 21.154333114624 20.6713333129883 19.515998840332 18.9008331298828 18.8225002288818 18.4771671295166 17.9008331298828 17.5283336639404 16.4321670532227 15.4211664199829 20.2130012512207 21.9663333892822 19.6441669464111 21.3740005493164 23.0433330535889 23.6588325500488 22.1686668395996 17.8438339233398 17.4869995117188 17.2929992675781 18.0186672210693 18.5126667022705 18.550500869751 18.3546676635742 18.2241668701172 18.343334197998 18.6865005493164 18.1473331451416 18.0311660766602 17.7546672821045 18.0341663360596 20.8546676635742 21.3566665649414 22.5174999237061 23.246000289917 23.125 22.0984992980957
-3.4e+38 22.9115009307861 22.8699989318848 22.9098339080811 22.867000579834 22.7521667480469 22.4174995422363 22.1331672668457 21.8261661529541 21.6071662902832 21.2238330841064 20.7604999542236 19.8481674194336 18.982666015625 18.7961673736572 18.7945003509521 18.1075000762939 16.8959999084473 16.0418338775635 15.4230003356934 16.6909999847412 17.8008327484131 18.8126659393311 21.1318340301514 21.9244995117188 22.673999786377 22.0275001525879 19.1989994049072 16.125 16.4020004272461 17.3675003051758 18.0844993591309 18.095832824707 18.0294990539551 18.021333694458 18.1588325500488 18.1031665802002 17.8804988861084 16.8688335418701 17.1735000610352 17.2156677246094 18.7586669921875 19.4928340911865 20.2604999542236 21.3559989929199 21.8834991455078 20.7768325805664
23.1476669311523 23.2005004882812 23.2011661529541 23.0203342437744 22.8875007629395 22.6568336486816 22.208833694458 21.966667175293 21.7433338165283 21.3613338470459 20.9323329925537 20.2993335723877 19.4026660919189 18.8066673278809 18.6240005493164 18.4993324279785 17.6935005187988 15.8003330230713 15.267333984375 14.9253330230713 15.2961664199829 16.4290008544922 18.9731674194336 20.4500007629395 20.9068336486816 21.1358337402344 20.4703330993652 19.2551670074463 16.4479999542236 15.7069997787476 16.5834999084473 17.417667388916 17.7814998626709 17.7211666107178 17.8511657714844 18.0458335876465 17.7956657409668 17.6476669311523 17.1688327789307 16.5738334655762 15.9611663818359 15.6163339614868 16.6078338623047 17.7038326263428 19.6324996948242 21.1343326568604 21.4654998779297
23.1284999847412 23.0416660308838 23.1040000915527 23.0983333587646 22.7131671905518 22.4866676330566 22.3843326568604 21.916166305542 21.3945007324219 21.0863342285156 21.0085010528564 20.2678337097168 19.2870006561279 18.8770008087158 19.7298336029053 20.1218338012695 18.7626667022705 17.859167098999 15.4715003967285 14.5570001602173 15.3116664886475 16.9408340454102 18.6814994812012 19.9088325500488 20.5004997253418 19.8349990844727 20.0661659240723 17.7485008239746 15.1401672363281 15.0463333129883 15.7521667480469 16.7395000457764 17.1633338928223 17.3064994812012 17.4076671600342 17.6494998931885 17.4523334503174 17.1063327789307 16.7086658477783 15.6646661758423 14.1823329925537 12.4641666412354 13.1958332061768 16.0154991149902 19.0621662139893 21.3505001068115 22.4006671905518
23.1848335266113 23.1784992218018 23.2674999237061 23.1666660308838 22.9758338928223 22.8021659851074 22.6241664886475 22.1978340148926 22.1938343048096 22.4031677246094 23.0533332824707 22.5353336334229 22.357666015625 22.5758323669434 22.9191665649414 22.0855007171631 19.8466663360596 17.3423328399658 15.4601669311523 15.0021667480469 15.2513332366943 15.6178340911865 17.2978324890137 18.9771671295166 20.0336666107178 19.6396675109863 18.808500289917 15.9321670532227 14.4008331298828 14.9156665802002 14.989333152771 15.8123331069946 16.4740009307861 16.759334564209 17.0821666717529 17.5485000610352 17.5238342285156 16.9829998016357 15.8540000915527 13.8463335037231 10.1160001754761 9.30366611480713 11.1488332748413 15.1501665115356 19.1378345489502 21.1364994049072 22.6918334960938
23.1721668243408 23.2350006103516 23.2331657409668 23.2285003662109 23.117166519165 23.1318340301514 23.2478332519531 23.345832824707 23.4688339233398 23.6895008087158 23.8400001525879 23.8188343048096 23.7466659545898 23.632999420166 23.2014999389648 22.396333694458 20.0904998779297 18.0971660614014 17.3991661071777 15.9098339080811 15.7178335189819 14.1555004119873 16.529333114624 18.630500793457 19.0481662750244 18.8103332519531 17.7490005493164 14.768666267395 13.7414999008179 14.9499998092651 14.7608337402344 14.4724998474121 15.6494998931885 16.2386665344238 16.6814994812012 17.3958339691162 17.4343338012695 16.8024997711182 15.0395002365112 11.5981664657593 6.21666669845581 8.00733375549316 11.235333442688 15.3129997253418 19.1928329467773 21.5191669464111 22.8943328857422
23.1599998474121 23.1813335418701 23.2296676635742 23.3400001525879 23.4716663360596 23.4750003814697 23.3968334197998 23.3986663818359 23.3969993591309 23.443000793457 23.5419998168945 23.8613319396973 23.9173336029053 23.4443321228027 22.628999710083 22.1876659393311 21.6546669006348 20.0170001983643 18.2731666564941 17.1128330230713 15.6466665267944 15.0248336791992 16.9856662750244 18.173999786377 17.8663330078125 17.6966667175293 17.5696659088135 15.3718328475952 13.8105001449585 14.9236660003662 15.2418336868286 12.8064994812012 12.5200004577637 14.4455003738403 16.1973342895508 17.1049995422363 17.300500869751 16.7998332977295 15.2448329925537 11.6890001296997 7.14050006866455 10.2638339996338 14.0085000991821 16.4144992828369 19.5125007629395 21.5311660766602 23.0053329467773
