rasters/Kenya_bio8.asc
NCOLS 96 
NROWS 116 
XLLCORNER 33.890468384 
YLLCORNER -4.677504203 
CELLSIZE 0.083276570625 
NODATA_value -3.4e+38 
[rows 63 to 83 of 116, columns 0 to 46 of 96]
22.789333343505898 22.7918338775635 22.8141670227051 22.8316669464111 22.7688331604004 22.7771663665771 22.8638324737549 22.9571666717529 22.9565010070801 22.9583339691162 22.9879989624023 23.0708332061768 22.9489994049072 22.3365001678467 20.8763332366943 18.9125003814697 18.7625007629395 17.3601665496826 15.5046672821045 13.6105003356934 12.8063335418701 12.6494998931885 14.9584999084473 16.2695007324219 16.4876670837402 17.3309993743896 17.2803344726562 16.0818328857422 14.0128335952759 14.7273330688477 14.8719997406006 12.0318336486816 8.99116611480713 12.1354999542236 15.1781663894653 16.6936664581299 17.5716667175293 17.4074993133545 16.1261672973633 13.6020002365112 12.1381673812866 14.3831672668457 15.9811668395996 17.6394996643066 19.2240009307861 21.0103340148926 22.4869995117188
22.7916660308838 22.8001670837402 22.8194999694824 22.8428344726562 22.8316669464111 22.8455009460449 22.5808334350586 22.609167098999 22.9669990539551 22.5049991607666 22.0433330535889 21.5591659545898 20.8721675872803 20.2223339080811 19.3131675720215 18.3938331604004 17.174165725708 16.0739994049072 15.0431671142578 14.5785007476807 12.9203329086304 11.4713335037231 11.4949998855591 14.4108333587646 15.9946670532227 17.1940002441406 17.541332244873 17.1486663818359 15.0521669387817 15.1315002441406 14.8649997711182 12.4253339767456 8.91266632080078 10.8889999389648 14.1900005340576 16.4190006256104 18.09983253479 18.2946662902832 17.3131675720215 15.9483327865601 16.2978324890137 17.394832611084 17.9063339233398 18.6665000915527 20.1546669006348 21.1014995574951 22.9146671295166
22.6918334960938 22.380500793457 22.8183326721191 22.5141677856445 22.8616676330566 22.8708324432373 22.8333339691162 22.7980003356934 22.4876670837402 21.7016658782959 21.416166305542 20.8146667480469 20.2150001525879 19.650333404541 19.300500869751 18.7011661529541 17.6884994506836 15.8715000152588 15.1976661682129 14.6890001296997 14.3173332214355 11.9876670837402 10.7329998016357 12.2541666030884 14.6608333587646 16.6571655273438 18.3994998931885 18.3773326873779 17.3871669769287 15.7058334350586 14.7255001068115 12.4483337402344 11.3454999923706 11.0404996871948 13.7963333129883 16.3263339996338 18.2366676330566 18.6695003509521 18.3381671905518 18.3138332366943 18.7526664733887 19.1005001068115 18.9559993743896 19.7953338623047 20.5254993438721 21.4890003204346 23.0126667022705
22.8093318939209 22.8101673126221 22.5144996643066 22.007833480835 22.7390003204346 22.5733337402344 22.6889991760254 22.2231674194336 21.8293342590332 21.3129997253418 20.2954998016357 19.1286659240723 18.570333480835 18.9500007629395 18.9810009002686 18.4283332824707 17.7343330383301 16.8751659393311 15.3171663284302 14.9198331832886 14.3334999084473 13.6549997329712 11.5128326416016 10.8036670684814 13.2919998168945 16.2310009002686 17.97483253479 18.0271663665771 17.6798324584961 17.4165000915527 15.0803337097168 14.1883335113525 12.7998332977295 11.0775003433228 13.4776668548584 16.4610004425049 18.0165004730225 18.6875 19.1070003509521 19.8563327789307 20.4736671447754 20.5938339233398 20.7205009460449 21.0976676940918 21.2469997406006 21.1956672668457 23.3158340454102
22.8218326568604 22.7333335876465 20.6868343353271 21.2061672210693 22.4421672821045 22.0266666412354 21.8743343353271 21.7018337249756 21.2671661376953 20.6854991912842 19.9136657714844 18.2373332977295 18.0631675720215 18.4475002288818 18.7280006408691 18.2196674346924 17.8818340301514 17.0521659851074 16.0741672515869 15.0716667175293 14.6354999542236 13.8944997787476 13.018500328064 11.3318338394165 11.2674999237061 13.2655000686646 16.0160007476807 15.2306671142578 16.0779991149902 17.8443336486816 15.7573337554932 13.9469995498657 12.5283336639404 10.25 13.8743333816528 16.5445003509521 18.1035003662109 19.0673332214355 19.9353332519531 21.2094993591309 21.8728332519531 22.136833190918 22.1411666870117 21.9991664886475 21.2229995727539 21.4134998321533 22.9063339233398
22.8470001220703 22.7888336181641 22.1308326721191 22.0935001373291 21.6521663665771 21.8113327026367 21.8211669921875 21.6356658935547 21.0906658172607 20.3559989929199 19.3646659851074 18.4893341064453 18.3309993743896 18.3211669921875 18.8856658935547 18.4203338623047 17.9558334350586 17.2794990539551 16.3781661987305 15.6274995803833 15.3015003204346 13.9948329925537 13.4361667633057 13.0244998931885 12.6009998321533 11.9045000076294 13.7868337631226 15.551833152771 17.3526668548584 17.9421672821045 16.9538326263428 14.0860004425049 13.1960000991821 12.3011665344238 14.0784997940063 16.5626659393311 18.433666229248 19.4791660308838 20.3715000152588 21.6035003662109 22.3658332824707 22.5408325195312 22.6296653747559 22.5550003051758 21.554666519165 21.9755001068115 22.2756671905518
22.8653335571289 22.8568344116211 22.683666229248 22.382999420166 22.08766746521 22.0510005950928 21.8528327941895 21.5058326721191 20.7369995117188 20.0256671905518 19.3383331298828 18.6031665802002 17.9178333282471 18.7019996643066 18.8861675262451 18.6678333282471 18.2051677703857 17.5061664581299 16.8390007019043 16.3993339538574 16.011833190918 15.5633335113525 14.8859996795654 14.4329996109009 13.9191665649414 12.2250003814697 12.860499382019 17.1878337860107 17.9368324279785 17.7800006866455 17.0396671295166 14.4114999771118 13.6055002212524 13.9758329391479 15.2461671829224 16.9221668243408 18.5354995727539 19.7373332977295 20.5790004730225 21.6213340759277 22.3921661376953 22.5853328704834 22.7614994049072 22.2775001525879 22.1979999542236 22.2876663208008 22.9071674346924
22.8846664428711 22.8608322143555 22.8461666107178 22.757833480835 22.3806667327881 22.0843334197998 21.4459991455078 21.1226673126221 20.7386665344238 19.7054996490479 19.216667175293 18.4831676483154 18.1811676025391 18.503999710083 18.7294998168945 18.6205005645752 18.3939990997314 18.0930004119873 17.7676658630371 17.105167388916 16.7795009613037 16.4848327636719 15.9093332290649 15.5456666946411 14.9545001983643 13.8348331451416 12.4038333892822 15.828332901001 17.1156673431396 17.1876659393311 16.4556674957275 15.050666809082 13.8611669540405 14.5128335952759 16.4641666412354 17.9939994812012 19.0673332214355 20.0626659393311 20.6608333587646 20.9330005645752 21.8308334350586 22.4388332366943 22.8489990234375 22.2795009613037 22.7941665649414 22.2024993896484 22.720666885376
22.9198322296143 22.8893337249756 22.8488330841064 22.8943328857422 22.492166519165 21.7608337402344 21.3020000457764 20.9676666259766 20.5646667480469 19.4594993591309 19.0656661987305 18.7011661529541 18.9118328094482 19.0563335418701 18.9313335418701 18.8983345031738 18.9601669311523 18.6875 18.046501159668 17.3471660614014 17.2188339233398 17.0688343048096 16.8010005950928 16.5383338928223 16.2453327178955 15.190333366394 14.2154998779297 16.5669994354248 18.8663330078125 18.3928337097168 17.4995002746582 17.9091663360596 15.2821664810181 15.4496669769287 17.3808326721191 18.8068332672119 19.9421672821045 20.5803337097168 20.704833984375 20.8183326721191 21.0400009155273 21.4856662750244 22.6358337402344 22.798168182373 22.1396675109863 21.863000869751 22.3111667633057
-3.4e+38 -3.4e+38 22.9090003967285 22.6401672363281 22.2768325805664 21.8309993743896 21.2863330841064 20.7938327789307 20.6018333435059 19.5226669311523 19.2765007019043 19.3645000457764 19.2250003814697 19.0496673583984 19.0771675109863 19.3444995880127 19.0820007324219 18.0366668701172 17.5774993896484 17.6203327178955 17.5936660766602 17.6151657104492 17.441499710083 17.3466663360596 17.3978328704834 16.9321670532227 16.281665802002 18.2474994659424 20.1704998016357 20.3875007629395 20.3516654968262 19.7573337554932 15.9738330841064 16.1908340454102 18.2285003662109 19.5590000152588 20.4836673736572 20.9011669158936 21.0296669006348 20.980167388916 21.0436668395996 21.5650005340576 22.4635009765625 21.9356670379639 21.7959995269775 21.3190002441406 22.0668334960938
-3.4e+38 -3.4e+38 -3.4e+38 22.2798328399658 21.94700050354 21.7129993438721 21.4371662139893 21.1988334655762 20.9456672668457 20.0848331451416 19.9491672515869 19.6163330078125 19.0869998931885 18.8875007629395 19.5986671447754 19.505500793457 18.5061664581299 17.9200000762939 17.8958339691162 17.9651660919189 18.0323333740234 18.0930004119873 18.0336666107178 18.162166595459 18.4713325500488 18.2784996032715 17.7116661071777 19.8611660003662 19.7236671447754 19.4281673431396 20.978666305542 19.9496669769287 16.3554992675781 17.130500793457 18.8668327331543 20.1754989624023 20.8391666412354 21.1229991912842 21.2116661071777 20.8920001983643 20.9149990081787 21.617166519165 21.6496658325195 21.7585010528564 21.6413326263428 21.4055004119873 21.8393325805664
-3.4e+38 -3.4e+38 -3.4e+38 -3.4e+38 -3.4e+38 21.4759998321533 20.9265003204346 20.8848342895508 20.8351669311523 20.7189998626709 20.1378326416016 19.2533340454102 18.9091663360596 19.5341663360596 19.7310009002686 19.5440006256104 19.1458339691162 18.1726665496826 18.2189998626709 18.3225002288818 18.4743347167969 18.5548324584961 18.7261657714844 18.9370002746582 19.2700004577637 19.4036674499512 19.49049949646 20.8559989929199 20.9869995117188 20.5796661376953 21.6711673736572 20.4235000610352 17.6683330535889 18.6270008087158 19.7024993896484 20.5865001678467 21.0645008087158 21.2040004730225 21.211332321167 21.0026664733887 20.8924999237061 20.9728336334229 21.4878330230713 21.3981666564941 21.6410007476807 21.8120002746582 21.8129997253418
-3.4e+38 -3.4e+38 -3.4e+38 -3.4e+38 -3.4e+38 -3.4e+38 -3.4e+38 20.3309993743896 20.0301666259766 20.0130004882812 19.9248332977295 18.7250003814697 19.2875003814697 20.2406673431396 20.230167388916 19.8818340301514 19.7273330688477 18.7321662902832 19.0691661834717 18.755500793457 18.7199993133545 18.8185005187988 19.1259994506836 19.433666229248 20.3351669311523 20.765998840332 21.2118339538574 21.6243343353271 22.386833190918 22.3290004730225 22.1410007476807 20.6273326873779 18.9726676940918 19.4080009460449 20.2343330383301 20.8228340148926 20.904333114624 21.1450004577637 21.1064987182617 20.9615001678467 20.2054996490479 19.9316673278809 21.683666229248 21.7443332672119 21.6046657562256 22.0655002593994 22.0243339538574
-3.4e+38 -3.4e+38 -3.4e+38 -3.4e+38 -3.4e+38 -3.4e+38 -3.4e+38 -3.4e+38 -3.4e+38 19.1028327941895 19.2164993286133 19.8421669006348 20.2938327789307 20.3330001831055 20.4715003967285 20.1844997406006 19.969165802002 19.8369998931885 19.7151660919189 19.3801670074463 18.3495006561279 18.1318340301514 19.4318332672119 20.1381664276123 20.7110004425049 21.8621673583984 22.3106670379639 22.3511657714844 22.7801666259766 22.6814994812012 22.5580005645752 21.6709995269775 19.7490005493164 19.8781661987305 20.3341674804688 20.6821670532227 20.7888336181641 20.9745006561279 20.7823333740234 20.4010009765625 20.1746673583984 20.408332824707 21.4178333282471 21.7385005950928 22.054500579834 21.9563331604004 22.326000213623
-3.4e+38 -3.4e+38 -3.4e+38 -3.4e+38 -3.4e+38 -3.4e+38 -3.4e+38 -3.4e+38 -3.4e+38 -3.4e+38 -3.4e+38 20.8784999847412 20.4148330688477 20.5965003967285 20.4736671447754 20.4383335113525 20.503999710083 20.3216667175293 19.845666885376 19.4521675109863 17.5044994354248 17.0419998168945 19.2194995880127 20.2233333587646 21.02516746521 22.3094997406006 22.7005004882812 22.7116661071777 23.1893329620361 23.0676670074463 23.0693340301514 22.0131664276123 20.5676670074463 20.3874988555908 20.5305004119873 20.7171669006348 20.9213333129883 20.5828323364258 20.0405006408691 19.1811676025391 18.5526657104492 20.7221660614014 21.271167755127 21.6898326873779 22.1403331756592 22.1145000457764 22.4360008239746
-3.4e+38 -3.4e+38 -3.4e+38 -3.4e+38 -3.4e+38 -3.4e+38 -3.4e+38 -3.4e+38 -3.4e+38 -3.4e+38 -3.4e+38 -3.4e+38 20.9125003814697 20.7171669006348 20.2861671447754 20.2038326263428 19.6079998016357 18.7643337249756 18.9946670532227 18.6333332061768 17.6338329315186 16.3894996643066 17.905834197998 20.304500579834 21.3074989318848 22.5170001983643 22.9729995727539 23.1971664428711 23.7536659240723 23.6871662139893 23.5993328094482 22.6921672821045 21.554500579834 20.6251678466797 20.6353340148926 20.6221656799316 20.6429996490479 20.4341659545898 19.9576663970947 20.0068340301514 19.6888332366943 20.8928337097168 21.3769989013672 21.804666519165 21.9085006713867 22.3738327026367 22.3698329925537
-3.4e+38 -3.4e+38 -3.4e+38 -3.4e+38 -3.4e+38 -3.4e+38 -3.4e+38 -3.4e+38 -3.4e+38 -3.4e+38 -3.4e+38 -3.4e+38 -3.4e+38 -3.4e+38 20.3090000152588 20.5243339538574 20.0014991760254 19.4406661987305 19.121166229248 18.2194995880127 18.4330005645752 17.1118335723877 15.9306659698486 18.1420001983643 20.3491668701172 22.7483329772949 23.7358322143555 24.1626663208008 24.4386672973633 23.7124996185303 23.1269989013672 22.7060012817383 21.6645011901855 20.7678337097168 20.6486663818359 20.5305004119873 20.4715003967285 20.2705001831055 19.8656673431396 19.9300003051758 19.9763336181641 19.7098331451416 19.5306663513184 21.3643341064453 22.0074996948242 22.2084999084473 22.8838329315186
-3.4e+38 -3.4e+38 -3.4e+38 -3.4e+38 -3.4e+38 -3.4e+38 -3.4e+38 -3.4e+38 -3.4e+38 -3.4e+38 -3.4e+38 -3.4e+38 -3.4e+38 -3.4e+38 -3.4e+38 -3.4e+38 19.558500289917 19.1806659698486 18.8388328552246 18.8268337249756 18.6550006866455 17.9963340759277 17.0968322753906 17.2976665496826 18.9288330078125 23.0286674499512 25.2296676635742 25.7481651306152 25.7439994812012 23.9496669769287 22.8613338470459 22.4755001068115 21.3320007324219 20.5018329620361 20.5261669158936 20.3379993438721 20.2849998474121 20.1371669769287 19.9103336334229 19.7226676940918 19.9198341369629 19.9563331604004 20.0623340606689 20.6606674194336 21.767333984375 22.541166305542 23.0233325958252
-3.4e+38 -3.4e+38 -3.4e+38 -3.4e+38 -3.4e+38 -3.4e+38 -3.4e+38 -3.4e+38 -3.4e+38 -3.4e+38 -3.4e+38 -3.4e+38 -3.4e+38 -3.4e+38 -3.4e+38 -3.4e+38 -3.4e+38 -3.4e+38 18.4718341827393 18.2161674499512 17.7608337402344 17.6976661682129 18.0223331451416 17.9750003814697 18.7136669158936 23.5901660919189 25.9524993896484 26.1726665496826 26.1686668395996 24.5136661529541 23.7005004882812 22.1481666564941 21.0725002288818 20.6553325653076 20.2606658935547 20.087833404541 20.0559997558594 19.8911666870117 19.9948329925537 19.5858345031738 19.6439990997314 18.6429996490479 20.3715000152588 21.3358345031738 22.0410003662109 22.6044998168945 23.1324996948242
-3.4e+38 -3.4e+38 -3.4e+38 -3.4e+38 -3.4e+38 -3.4e+38 -3.4e+38 -3.4e+38 -3.4e+38 -3.4e+38 -3.4e+38 -3.4e+38 -3.4e+38 -3.4e+38 -3.4e+38 -3.4e+38 -3.4e+38 -3.4e+38 -3.4e+38 -3.4e+38 17.7054996490479 17.7716674804688 18.7903327941895 18.0618343353271 19.6121673583984 23.8936672210693 26.3051662445068 26.3333320617676 26.2476673126221 25.2504997253418 23.4838333129883 21.8226661682129 20.8328323364258 20.3796672821045 20.132833480835 19.9806671142578 20.046667098999 20.251501083374 20.3833332061768 20.4703330993652 20.6411666870117 20.3299999237061 20.4720001220703 21.4108333587646 22.0611667633057 22.3770008087158 22.7819995880127
-3.4e+38 -3.4e+38 -3.4e+38 -3.4e+38 -3.4e+38 -3.4e+38 -3.4e+38 -3.4e+38 -3.4e+38 -3.4e+38 -3.4e+38 -3.4e+38 -3.4e+38 -3.4e+38 -3.4e+38 -3.4e+38 -3.4e+38 -3.4e+38 -3.4e+38 -3.4e+38 -3.4e+38 16.6774997711182 18.9508323669434 19.1966667175293 21.7115001678467 25.1354999542236 26.3286666870117 26.4125003814697 26.208833694458 25.1441669464111 23.1026668548584 21.8158340454102 20.8996658325195 20.1221675872803 20.0136661529541 19.9909992218018 19.9268341064453 20.7709999084473 20.7476673126221 21.2046661376953 20.978666305542 21.244499206543 20.6245002746582 21.9679985046387 22.4549999237061 22.6473331451416 22.9141654968262
