rasters/Libya_bio8.asc
NCOLS 190 
NROWS 164 
XLLCORNER 9.286543823 
YLLCORNER 19.496123685 
CELLSIZE 0.0834965562894737 
NODATA_value -3.4e+38 
[rows 60 to 79 of 164, columns 0 to 45 of 190]
-3.4e+38 -3.4e+38 -3.4e+38 -3.4e+38 -3.4e+38 -3.4e+38 -3.4e+38 13.5821666717529 13.5428333282471 13.573166847229 13.5851669311523 13.61549949646 13.529167175293 13.42799949646 13.4045000076294 13.4200000762939 13.4123334884644 13.3955001831055 13.3988332748413 13.4131669998169 13.3993339538574 13.3886661529541 13.3839998245239 13.3701667785645 13.3728332519531 13.4006662368774 13.4266662597656 13.4660005569458 13.5380001068115 13.6315002441406 13.7303333282471 13.8625001907349 13.9176664352417 13.9991664886475 14.0751667022705 14.0941667556763 14.1506671905518 14.1653337478638 14.3030004501343 14.4846668243408 14.3916664123535 14.2718334197998 14.2790002822876 14.0726671218872 13.8526668548584 13.7316665649414
-3.4e+38 -3.4e+38 -3.4e+38 -3.4e+38 -3.4e+38 -3.4e+38 -3.4e+38 13.7224998474121 13.6946668624878 13.7995004653931 13.7593326568604 13.7748327255249 13.808500289917 13.6075000762939 13.6086664199829 13.6378335952759 13.6313333511353 13.5538330078125 13.599666595459 13.5351667404175 13.5509996414185 13.5426664352417 13.5318336486816 13.5179996490479 13.4745006561279 13.4723329544067 13.5258331298828 13.5579996109009 13.5928335189819 13.6398334503174 13.7151660919189 13.8970003128052 13.9598331451416 14.0421667098999 14.109167098999 14.1458339691162 14.1955003738403 14.1716661453247 14.4326667785645 14.3715000152588 14.5138339996338 14.353666305542 14.1518335342407 14.0410003662109 13.9716663360596 13.7504997253418
-3.4e+38 -3.4e+38 -3.4e+38 -3.4e+38 -3.4e+38 -3.4e+38 -3.4e+38 -3.4e+38 13.7896671295166 13.8346662521362 13.8030004501343 13.8684997558594 14.0555000305176 14.0755004882812 13.9886665344238 13.8360004425049 13.6836671829224 13.8354997634888 13.8920001983643 13.8366661071777 13.8166666030884 13.7503337860107 13.7135000228882 13.6975002288818 13.6608333587646 13.6403331756592 13.6639995574951 13.684666633606 13.7108325958252 13.7369995117188 13.7798337936401 13.886833190918 13.9806661605835 14.0521669387817 14.1134996414185 14.1344995498657 14.1899995803833 14.2065000534058 14.6676664352417 14.6363334655762 14.397500038147 14.2945003509521 13.9803333282471 14.0053329467773 14.0211668014526 13.8723335266113
-3.4e+38 -3.4e+38 -3.4e+38 -3.4e+38 -3.4e+38 -3.4e+38 -3.4e+38 -3.4e+38 14.1906671524048 14.2744998931885 14.1169996261597 14.0846672058105 14.2416667938232 13.9886665344238 14.1009998321533 14.0801668167114 14.3431663513184 14.3266668319702 14.1978330612183 14.1361665725708 14.1159992218018 14.0481672286987 13.912166595459 13.8911666870117 13.8323335647583 13.8473329544067 13.8286666870117 13.8401670455933 13.8734998703003 13.8806667327881 13.8956670761108 13.9606666564941 13.9873332977295 14.0816669464111 14.1470003128052 14.1855001449585 14.2174997329712 14.2623329162598 14.6700000762939 14.8198328018188 14.3906669616699 14.2383337020874 14.0565004348755 13.9409999847412 14.0378332138062 13.9826669692993
-3.4e+38 -3.4e+38 -3.4e+38 -3.4e+38 -3.4e+38 -3.4e+38 -3.4e+38 -3.4e+38 14.5573329925537 14.4133329391479 14.3091659545898 14.2758331298828 14.2674999237061 14.3128337860107 14.5026664733887 14.7715005874634 14.5393333435059 14.2385005950928 14.195499420166 14.2165002822876 14.2166662216187 14.1048336029053 14.0574998855591 14.050666809082 14.0306663513184 14.0411672592163 13.9759998321533 14.0235004425049 14.056999206543 14.0396671295166 14.0008335113525 14.0498332977295 14.0606660842896 14.1018333435059 14.1773328781128 14.1890001296997 14.2910003662109 14.3221664428711 14.4983329772949 14.9549999237061 14.6940002441406 14.452166557312 14.3753337860107 14.1236667633057 14.0886669158936 14.1636667251587
-3.4e+38 -3.4e+38 -3.4e+38 -3.4e+38 -3.4e+38 -3.4e+38 -3.4e+38 -3.4e+38 14.5301666259766 14.4791669845581 14.4995002746582 14.5719995498657 14.4475002288818 14.5093336105347 14.5993328094482 14.444167137146 14.3430004119873 14.2306661605835 14.2154998779297 14.2801666259766 14.2903337478638 14.2414999008179 14.1759996414185 14.1501665115356 14.212833404541 14.2926664352417 14.2103328704834 14.2233333587646 14.1811666488647 14.143500328064 14.1273326873779 14.1363334655762 14.1359996795654 14.1546669006348 14.2239999771118 14.2405004501343 14.3435001373291 14.4209995269775 14.5006666183472 14.8050003051758 14.828332901001 14.7334995269775 14.6548337936401 14.5101661682129 14.3033332824707 14.2953338623047
-3.4e+38 -3.4e+38 -3.4e+38 -3.4e+38 -3.4e+38 -3.4e+38 -3.4e+38 14.5410003662109 14.5978336334229 14.6350002288818 14.6536664962769 14.7473335266113 14.6923332214355 14.7196664810181 14.8623332977295 14.7150001525879 14.4773330688477 14.3245000839233 14.3706665039062 14.3719997406006 14.3898334503174 14.3866662979126 14.441499710083 14.3806667327881 14.498833656311 14.4748334884644 14.5081663131714 14.4079999923706 14.3009996414185 14.2256660461426 14.2081661224365 14.2398338317871 14.2693338394165 14.2519998550415 14.2923336029053 14.3140001296997 14.3733329772949 14.502833366394 14.5456666946411 14.7065000534058 14.9778327941895 14.8626670837402 14.7628335952759 14.6833333969116 14.5711660385132 14.5441665649414
-3.4e+38 -3.4e+38 -3.4e+38 -3.4e+38 -3.4e+38 -3.4e+38 -3.4e+38 14.5866661071777 14.7360000610352 14.820333480835 14.8961668014526 15.0171670913696 14.996166229248 15.0296669006348 14.9049997329712 14.6700000762939 14.5081672668457 14.4313335418701 14.4385004043579 14.4365005493164 14.4569997787476 14.5361661911011 14.5448331832886 14.5115003585815 14.4863338470459 14.5541667938232 14.6001663208008 14.5566673278809 14.4090003967285 14.375 14.3163328170776 14.3618335723877 14.4156665802002 14.4139995574951 14.412166595459 14.4444999694824 14.5199995040894 14.6078338623047 14.5989999771118 14.6920003890991 15.0368337631226 15.0531663894653 14.8991661071777 14.8938331604004 15.0590000152588 14.9071664810181
-3.4e+38 -3.4e+38 -3.4e+38 -3.4e+38 -3.4e+38 -3.4e+38 14.664999961853 14.7328338623047 14.8333330154419 15.0705003738403 15.140832901001 15.1956672668457 15.1781663894653 14.9965000152588 14.7980003356934 14.6923332214355 14.5933332443237 14.5448331832886 14.5951671600342 14.587833404541 14.6464996337891 14.7523336410522 14.6966667175293 14.7398338317871 14.6901664733887 14.6638336181641 14.6028327941895 14.4811668395996 14.4095001220703 14.4463329315186 14.4744997024536 14.4951667785645 14.5483331680298 14.5716667175293 14.574333190918 14.6335000991821 14.6009998321533 14.6324996948242 14.6049995422363 14.6411666870117 14.7963333129883 14.8889999389648 14.9684991836548 15.1215000152588 15.4870004653931 15.3553333282471
-3.4e+38 -3.4e+38 -3.4e+38 -3.4e+38 -3.4e+38 -3.4e+38 14.8420000076294 14.9096670150757 15.0831670761108 15.2639999389648 15.3408327102661 15.333833694458 15.1778335571289 14.9873332977295 14.9058332443237 14.8970003128052 14.8143329620361 14.7115001678467 14.6625003814697 14.8070001602173 15.0116662979126 14.9341669082642 14.6393337249756 14.5571670532227 14.4768333435059 14.4758338928223 14.4739999771118 14.4541664123535 14.5153331756592 14.5165004730225 14.5679998397827 14.5633335113525 14.6284999847412 14.6335000991821 14.635666847229 14.6533336639404 14.6653327941895 14.644832611084 14.6461668014526 14.6263332366943 14.623833656311 14.6428337097168 14.6773328781128 14.7398328781128 15.0053329467773 15.1961669921875
-3.4e+38 -3.4e+38 -3.4e+38 -3.4e+38 -3.4e+38 -3.4e+38 15.1204996109009 15.2034997940063 15.2656669616699 15.3296661376953 15.3701667785645 15.3221664428711 15.1991672515869 15.0388336181641 14.9148330688477 15.0191669464111 14.9516668319702 14.885666847229 14.8221664428711 14.9831666946411 15.0571670532227 14.9365005493164 14.7668333053589 14.5218334197998 14.3575000762939 14.377833366394 14.4156665802002 14.4713335037231 14.5209999084473 14.566333770752 14.6186676025391 14.6405000686646 14.6638336181641 14.6680002212524 14.6326665878296 14.6490001678467 14.6653337478638 14.6611671447754 14.654167175293 14.6370010375977 14.6408338546753 14.6591672897339 14.6525001525879 14.6560001373291 14.6616668701172 14.6745004653931
-3.4e+38 -3.4e+38 -3.4e+38 -3.4e+38 -3.4e+38 -3.4e+38 15.0670003890991 15.2244997024536 15.4371662139893 15.4384994506836 15.5359992980957 15.4898328781128 15.1653327941895 15.1186666488647 14.9998331069946 15.0153331756592 14.9049997329712 14.9359998703003 14.9280004501343 15.0498332977295 14.9993333816528 14.8768329620361 14.7536668777466 14.6516666412354 14.4558334350586 14.4696664810181 14.5053339004517 14.5376672744751 14.6456661224365 14.7239999771118 14.668833732605 14.7071666717529 14.7366666793823 14.6893339157104 14.6596660614014 14.6506662368774 14.6608333587646 14.655499458313 14.6586666107178 14.6696662902832 14.6531667709351 14.6433334350586 14.6529998779297 14.6416664123535 14.6129999160767 14.6324996948242
-3.4e+38 -3.4e+38 -3.4e+38 -3.4e+38 -3.4e+38 -3.4e+38 15.1418333053589 15.2541666030884 15.4673328399658 15.5450000762939 15.5156669616699 15.3633337020874 15.2436666488647 15.1614999771118 15.0168342590332 15.0209999084473 14.9525003433228 14.9771671295166 14.9779996871948 14.8214998245239 14.7399997711182 14.7508335113525 14.668833732605 14.5973339080811 14.5526666641235 14.6016664505005 14.6176662445068 14.6253337860107 14.7271661758423 14.7209997177124 14.7090005874634 14.7278337478638 14.746166229248 14.7133331298828 14.7033338546753 14.6850004196167 14.6676664352417 14.6576662063599 14.644832611084 14.6893329620361 14.6861667633057 14.6641674041748 14.628999710083 14.6271667480469 14.5813331604004 14.6136665344238
-3.4e+38 -3.4e+38 -3.4e+38 -3.4e+38 -3.4e+38 -3.4e+38 15.1436672210693 15.2495002746582 15.416166305542 15.3780002593994 15.3809995651245 15.248833656311 15.25 15.1821670532227 15.1181669235229 15.0679998397827 14.9949998855591 15.0111665725708 15.0454998016357 14.9798336029053 14.69700050354 14.721999168396 14.6241664886475 14.5334997177124 14.5901660919189 14.6529998779297 14.7383327484131 14.7548332214355 14.7218332290649 14.7095003128052 14.7038335800171 14.7253332138062 14.7331666946411 14.7530002593994 14.7418336868286 14.720666885376 14.6973333358765 14.6725006103516 14.6414995193481 14.6388330459595 14.6398334503174 14.6020002365112 14.6240005493164 14.5961666107178 14.5778331756592 14.5911674499512
-3.4e+38 -3.4e+38 -3.4e+38 -3.4e+38 -3.4e+38 -3.4e+38 -3.4e+38 15.2236671447754 15.3348331451416 15.3846664428711 15.2671670913696 15.2166662216187 15.1525001525879 15.3443336486816 15.2028331756592 15.0708332061768 14.9623336791992 15.0931663513184 15.0559997558594 15.0494995117188 14.9379997253418 14.8173332214355 14.7618341445923 14.7073335647583 14.7684993743896 14.7766666412354 14.8601665496826 14.9020004272461 14.7738332748413 14.7414999008179 14.710000038147 14.7335004806519 14.7643337249756 14.7688331604004 14.7466669082642 14.7266664505005 14.676833152771 14.6760005950928 14.6521673202515 14.628999710083 14.595666885376 14.5819997787476 14.5563335418701 14.5729999542236 14.5815000534058 14.5573329925537
-3.4e+38 -3.4e+38 -3.4e+38 -3.4e+38 -3.4e+38 -3.4e+38 -3.4e+38 -3.4e+38 15.412166595459 15.2881669998169 15.195333480835 15.1001663208008 15.1295003890991 15.3463335037231 15.1538333892822 15.0796661376953 15.0249996185303 14.9638338088989 14.992000579834 15.1176662445068 15.1686668395996 14.996166229248 14.9519996643066 15.0299997329712 15.0283336639404 15.0183334350586 15.0326671600342 14.9791669845581 14.8343334197998 14.7971668243408 14.7493333816528 14.7811670303345 14.7463340759277 14.7173337936401 14.7596664428711 14.7598333358765 14.6735000610352 14.6813335418701 14.6660003662109 14.6560001373291 14.5795001983643 14.5388336181641 14.5475006103516 14.5535001754761 14.5486669540405 14.5048332214355
-3.4e+38 -3.4e+38 -3.4e+38 -3.4e+38 -3.4e+38 -3.4e+38 -3.4e+38 -3.4e+38 15.3334999084473 15.3494997024536 15.2906665802002 15.2561664581299 15.3293333053589 15.4503335952759 15.4099998474121 15.2503337860107 15.0650005340576 15.0346670150757 15.1479997634888 15.3236665725708 15.2610006332397 15.1428337097168 15.0520000457764 15.1363334655762 15.1173334121704 15.0021667480469 14.8649997711182 14.826000213623 14.80299949646 14.8299999237061 14.8373336791992 14.7790002822876 14.761833190918 14.7346668243408 14.7178335189819 14.695333480835 14.6951665878296 14.6841669082642 14.6873331069946 14.6521673202515 14.6021661758423 14.5283327102661 14.4965000152588 14.4898328781128 14.4429998397827 14.4955005645752
-3.4e+38 -3.4e+38 -3.4e+38 -3.4e+38 -3.4e+38 -3.4e+38 -3.4e+38 -3.4e+38 15.2589998245239 15.3331661224365 15.506667137146 15.5240001678467 15.6066665649414 15.6113328933716 15.6274995803833 15.3928337097168 15.1088333129883 15.210000038147 15.3281669616699 15.4704999923706 15.4314994812012 15.2185001373291 15.1400003433228 15.0721664428711 14.845666885376 14.8439998626709 14.7944993972778 14.7985000610352 14.8168334960938 14.8865003585815 14.8636665344238 14.7973327636719 14.7818336486816 14.7736663818359 14.7560005187988 14.75 14.7233333587646 14.6928339004517 14.6888332366943 14.7019996643066 14.7111663818359 14.6646671295166 14.6331672668457 14.602334022522 14.5404996871948 14.5804996490479
-3.4e+38 -3.4e+38 -3.4e+38 -3.4e+38 -3.4e+38 -3.4e+38 -3.4e+38 -3.4e+38 15.5060005187988 15.2721662521362 15.3969993591309 15.6189994812012 15.5526666641235 15.6280002593994 15.6276664733887 15.4226675033569 15.1196660995483 15.2808332443237 15.5273332595825 15.5593328475952 15.3448333740234 15.1786670684814 15.0391664505005 14.9484996795654 14.9811668395996 14.9010000228882 14.8533325195312 14.8090000152588 14.8489999771118 14.8768329620361 14.908332824707 14.8443336486816 14.8983335494995 14.9441661834717 14.9648332595825 14.984167098999 15.0171670913696 15.0173330307007 15.0783338546753 15.1093330383301 15.1936664581299 15.3125 15.1056671142578 14.9603328704834 14.8961658477783 14.8448333740234
-3.4e+38 -3.4e+38 -3.4e+38 -3.4e+38 -3.4e+38 -3.4e+38 -3.4e+38 15.7601661682129 15.8050003051758 15.4506664276123 15.3295001983643 15.5103330612183 15.5318336486816 15.4380006790161 15.4511671066284 15.3708333969116 15.2023334503174 15.267333984375 15.4549999237061 15.5328330993652 15.2923336029053 15.1234998703003 15.1166667938232 15.1870002746582 15.0708332061768 14.9770002365112 14.8949995040894 14.8981666564941 14.9228324890137 14.9466667175293 14.9583330154419 15.146333694458 15.2201671600342 15.260666847229 15.3201665878296 15.3964996337891 15.4108333587646 15.4861669540405 15.5753326416016 15.3436660766602 15.4724998474121 15.4781665802002 15.4230003356934 15.4941663742065 15.5373334884644 15.1578330993652
