rasters/Libya_bio10.asc
NCOLS 190 
NROWS 164 
XLLCORNER 9.286543823 
YLLCORNER 19.496123685 
CELLSIZE 0.0834965562894737 
NODATA_value -3.4e+38 
[rows 20 to 39 of 164, columns 46 to 91 of 190]
27.9711666107178 28.1311664581299 28.2840003967285 28.3606662750244 28.4429988861084 28.4811668395996 28.6508331298828 28.8051681518555 28.7993335723877 28.6674995422363 28.6136665344238 28.5935001373291 28.5206661224365 28.1708335876465 27.99049949646 28.0691661834717 27.9645004272461 27.6151657104492 27.2804985046387 27.0901679992676 26.9463348388672 26.7423324584961 26.6066665649414 26.5208320617676 26.5050010681152 26.6378326416016 26.7355003356934 26.8808326721191 26.9139995574951 26.6576919555664 -3.4e+38 -3.4e+38 -3.4e+38 -3.4e+38 -3.4e+38 -3.4e+38 -3.4e+38 -3.4e+38 -3.4e+38 -3.4e+38 -3.4e+38 -3.4e+38 -3.4e+38 -3.4e+38 -3.4e+38 -3.4e+38
28.4734992980957 28.5314998626709 28.6669998168945 28.8104991912842 28.882999420166 28.9926681518555 29.1316661834717 29.2164993286133 29.2281684875488 29.1183338165283 28.861499786377 28.716667175293 28.6498336791992 28.1988334655762 27.605167388916 27.4588317871094 27.3449993133545 27.2805004119873 27.1919994354248 27.0563335418701 26.9375 26.8226661682129 26.6178321838379 26.5003337860107 26.4508323669434 26.4633331298828 26.4348335266113 26.4611663818359 26.5745010375977 26.5410003662109 26.5433692932129 26.7756938934326 -3.4e+38 -3.4e+38 -3.4e+38 -3.4e+38 -3.4e+38 -3.4e+38 -3.4e+38 -3.4e+38 -3.4e+38 -3.4e+38 -3.4e+38 -3.4e+38 -3.4e+38 -3.4e+38
28.5111656188965 28.5769996643066 28.7705001831055 29.0935001373291 29.2209987640381 29.2443332672119 29.3269996643066 29.3473339080811 29.2670001983643 29.0715007781982 28.473165512085 28.2776660919189 28.1310005187988 27.9938335418701 27.6491661071777 27.5189990997314 27.3781661987305 27.2008323669434 27.1286659240723 27.0820007324219 26.8803329467773 26.7163333892822 26.5596675872803 26.3635005950928 26.3304996490479 26.2863330841064 26.2306671142578 26.2428340911865 26.337833404541 26.3901653289795 26.4793338775635 26.7415008544922 26.5557289123535 26.5161209106445 -3.4e+38 -3.4e+38 -3.4e+38 -3.4e+38 -3.4e+38 -3.4e+38 -3.4e+38 -3.4e+38 -3.4e+38 -3.4e+38 -3.4e+38 -3.4e+38
28.5860004425049 28.7175006866455 28.861665725708 29.1161670684814 29.1848335266113 29.1771659851074 29.2983322143555 29.093334197998 28.7638339996338 28.6826667785645 28.3134994506836 28.1306667327881 28.0791664123535 27.9630012512207 27.7708339691162 27.6963329315186 27.5666656494141 27.3020000457764 27.0926666259766 27.0416660308838 26.9685001373291 26.7395000457764 26.6175003051758 26.3986663818359 26.1998329162598 26.2046661376953 26.3038330078125 26.2799987792969 26.2821674346924 26.3618335723877 26.4263343811035 26.4918327331543 26.7110004425049 26.7616672515869 26.4958324432373 26.3728332519531 26.3619613647461 26.3247756958008 26.3251323699951 26.3291664123535 26.260555267334 26.162281036377 26.0627784729004 25.981782913208 -3.4e+38 -3.4e+38
28.6609992980957 28.7333335876465 28.7708339691162 29.019832611084 29.1595001220703 29.2264995574951 29.4033336639404 29.1923332214355 28.8104991912842 28.718334197998 28.6833343505859 28.3171672821045 28.2443332672119 28.1180000305176 27.9125003814697 27.8278331756592 27.7133331298828 27.5610008239746 27.2416667938232 27.0960006713867 27.0346660614014 26.8815002441406 26.7749996185303 26.6063346862793 26.3174991607666 26.28466796875 26.333833694458 26.3011665344238 26.2304992675781 26.3579998016357 26.4243335723877 26.5685005187988 26.5799999237061 26.4648342132568 26.4441661834717 26.3806667327881 26.3676662445068 26.2879981994629 26.2451667785645 26.2325000762939 26.2983322143555 26.2585010528564 26.1006660461426 26.0541667938232 26.019832611084 25.9808330535889
28.4461669921875 28.90016746521 28.9846668243408 29.0866661071777 29.1704998016357 29.2136669158936 29.3055000305176 29.2638339996338 28.90016746521 28.7426662445068 28.9150009155273 28.5413341522217 28.3448333740234 28.1436672210693 28.0241661071777 27.8850002288818 27.7836666107178 27.7418327331543 27.5296669006348 27.2748336791992 27.1264991760254 27.0561656951904 26.8821659088135 26.6946678161621 26.5250015258789 26.3613338470459 26.1886672973633 26.1766662597656 26.2269992828369 26.425500869751 26.548168182373 26.5590000152588 26.5644989013672 26.4858322143555 26.4231662750244 26.3626670837402 26.232666015625 26.1766662597656 26.1908340454102 26.1459999084473 26.1054992675781 26.1136665344238 26.0761661529541 25.9101676940918 25.877498626709 25.8973331451416
27.9400005340576 28.5551662445068 29.1478328704834 29.199333190918 29.3099994659424 29.3253326416016 29.345832824707 29.3175010681152 29.2011661529541 29.0559997558594 29.1568336486816 28.7133331298828 28.7229995727539 28.5116672515869 28.2679996490479 28.0321655273438 27.8523330688477 27.7430000305176 27.5686664581299 27.4093341827393 27.2770004272461 27.1599998474121 26.9559993743896 26.6538333892822 26.5003337860107 26.3071670532227 26.2554988861084 26.3096656799316 26.4366664886475 26.420166015625 26.4128341674805 26.4165000915527 26.4883346557617 26.4505004882812 26.413667678833 26.3861675262451 26.2426662445068 26.1356658935547 26.094165802002 26.0608329772949 26.0166664123535 25.9794998168945 25.8916664123535 25.7353324890137 25.6618328094482 25.679500579834
28.1866664886475 28.6313323974609 29.2136669158936 29.3066673278809 29.283332824707 29.2953338623047 29.5091667175293 29.4798336029053 29.4114990234375 29.2696666717529 29.3813323974609 29.1206665039062 28.8388328552246 28.4506664276123 28.0436668395996 27.8978328704834 27.8374996185303 27.6883335113525 27.5823345184326 27.4751663208008 27.3404998779297 27.2999992370605 26.9408340454102 26.5496654510498 26.628833770752 26.6738338470459 26.5769996643066 26.4766674041748 26.4270000457764 26.2741661071777 26.2611656188965 26.3344993591309 26.3479995727539 26.2828330993652 26.3256683349609 26.2836666107178 26.2423324584961 26.1586666107178 26.0806655883789 26.0214996337891 25.9278335571289 25.878833770752 25.7921657562256 25.6816673278809 25.6546669006348 25.6200008392334
28.71266746521 28.9591674804688 29.2408332824707 29.5516662597656 29.2830009460449 29.4593334197998 29.5821666717529 29.5764999389648 29.5053329467773 29.4736671447754 29.4165000915527 28.966833114624 28.4373340606689 28.2223339080811 28.041166305542 27.9641666412354 27.8431663513184 27.7803325653076 27.6126670837402 27.4384994506836 27.4125003814697 27.4233322143555 26.9481658935547 26.8208332061768 26.7875003814697 26.7433338165283 26.7526664733887 26.603666305542 26.4766654968262 26.3223323822021 26.3466663360596 26.3736667633057 26.1843338012695 26.0761661529541 26.1053333282471 26.1253337860107 26.1560001373291 26.1455001831055 26.0746669769287 26.0139999389648 25.9506664276123 25.849666595459 25.7795009613037 25.6673336029053 25.5871677398682 25.5224990844727
28.5628337860107 29.2351665496826 29.4594993591309 29.6723327636719 29.636833190918 29.5604991912842 29.575834274292 29.6486663818359 29.6781673431396 29.6266670227051 29.3038330078125 28.7376670837402 28.4365005493164 28.3193321228027 28.1445007324219 28.0725002288818 27.9816665649414 27.7674999237061 27.5496673583984 27.4423332214355 27.5125007629395 27.4290008544922 27.1361675262451 26.9711666107178 26.759334564209 26.6404991149902 26.8126659393311 26.6515007019043 26.5645008087158 26.5016670227051 26.3013343811035 26.1956672668457 26.1219997406006 26.0655002593994 25.9218330383301 26.0065002441406 26.0605010986328 26.0473327636719 26.038667678833 25.946834564209 25.9798336029053 25.8333339691162 25.7026672363281 25.6554985046387 25.6294994354248 25.492000579834
28.6825008392334 28.9481658935547 29.3333339691162 29.4001655578613 29.6569995880127 29.4831657409668 29.3071670532227 29.6013336181641 29.7183322906494 29.6525001525879 29.0256671905518 28.6180000305176 28.533166885376 28.3859996795654 28.130500793457 28.103666305542 27.9538326263428 27.6703338623047 27.5733337402344 27.6105003356934 27.6266670227051 27.3358345031738 27.2341651916504 26.990665435791 26.6821670532227 26.7154998779297 26.961332321167 26.7325000762939 26.5319995880127 26.4183330535889 26.3169994354248 26.1223335266113 26.0830001831055 26.0088348388672 25.9898338317871 25.9331665039062 25.9096660614014 25.9151668548584 25.905834197998 25.8481674194336 25.9344997406006 25.9488334655762 25.6674995422363 25.5998344421387 25.6156673431396 25.4260005950928
28.6363334655762 28.8286666870117 29.0481662750244 29.4483337402344 29.4133338928223 29.2293338775635 29.3791656494141 29.425666809082 29.6655006408691 29.7449989318848 29.0978336334229 28.6638336181641 28.4503326416016 28.2108345031738 28.1496677398682 27.9951667785645 27.7398338317871 27.4956665039062 27.5445003509521 27.6253337860107 27.6556663513184 27.4759998321533 27.3188343048096 27.1434993743896 26.8308334350586 26.8093338012695 26.9863319396973 26.9186668395996 26.6231670379639 26.2854995727539 26.363166809082 26.1326675415039 26.0258331298828 26.0633335113525 26.0271663665771 25.9580001831055 25.8961658477783 25.7756671905518 25.7406673431396 25.6768341064453 25.7514991760254 25.6961669921875 25.5025005340576 25.4186668395996 25.4268341064453 25.3773345947266
28.644832611084 28.8303337097168 29.1113338470459 29.3791656494141 29.2161674499512 29.3431663513184 29.3455009460449 29.0240001678467 29.2314987182617 29.4171676635742 29.1916656494141 28.6033325195312 28.3320007324219 28.291332244873 28.1203327178955 27.8073329925537 27.6001663208008 27.6603336334229 27.7498321533203 27.7536659240723 27.5380001068115 27.6481666564941 27.578332901001 27.2616672515869 27.1386680603027 26.9076652526855 26.9783325195312 27.0153331756592 26.8216667175293 26.3311672210693 26.2001667022705 26.2353324890137 26.0540008544922 25.9581661224365 25.9615001678467 26.0283336639404 26.045166015625 25.7061672210693 25.6315002441406 25.613000869751 25.5979995727539 25.5228328704834 25.4475002288818 25.3210010528564 25.2478332519531 25.2985000610352
28.7223339080811 28.8778343200684 28.9855003356934 29.1038341522217 29.316499710083 29.3681659698486 29.1228332519531 28.9203338623047 28.9788341522217 29.0736656188965 28.9231662750244 28.5943336486816 28.4750003814697 28.3899993896484 27.9724998474121 27.7395000457764 27.8623332977295 27.9651679992676 27.8055000305176 27.6231670379639 27.4004993438721 27.4951667785645 27.5738334655762 27.3505001068115 27.3093338012695 27.2856674194336 27.2024993896484 27.0698337554932 26.9936656951904 26.671667098999 26.1811676025391 26.2521667480469 26.2061672210693 25.9306659698486 25.9689998626709 26.0313339233398 26.1153335571289 25.6671676635742 25.5076656341553 25.5676670074463 25.4816665649414 25.3941669464111 25.4208335876465 25.3236656188965 25.1749992370605 25.2170009613037
28.7388343811035 28.7991676330566 28.8638324737549 29.0181655883789 29.1303329467773 29.1275005340576 29.0388336181641 28.8708324432373 28.845666885376 28.8438339233398 28.5581665039062 28.450834274292 28.3776664733887 28.3308334350586 27.9956665039062 28.1040000915527 28.0091667175293 27.8186664581299 27.5993328094482 27.4223327636719 27.2890014648438 27.3769989013672 27.4834995269775 27.5401668548584 27.5620002746582 27.4991664886475 27.3621673583984 27.1324996948242 26.9171657562256 26.9441680908203 26.3956661224365 26.1855010986328 26.3381652832031 25.9773330688477 25.8320007324219 25.998498916626 26.1215000152588 25.8843326568604 25.4108333587646 25.421667098999 25.5165004730225 25.5406665802002 25.4993324279785 25.3093338012695 25.1919994354248 25.1698341369629
28.7410011291504 28.7631664276123 28.7756652832031 28.8638324737549 28.925500869751 28.8900012969971 28.9020004272461 28.8546676635742 28.7086658477783 28.5850009918213 28.3083343505859 28.2469997406006 28.392333984375 28.2900009155273 28.2616672515869 28.2186660766602 27.9615001678467 27.5909996032715 27.4258346557617 27.2443332672119 27.3011665344238 27.446834564209 27.3251667022705 27.2556667327881 27.4376678466797 27.5440006256104 27.384334564209 27.2076663970947 26.9318332672119 26.96266746521 26.8221664428711 26.1783332824707 26.0536670684814 26.0669994354248 26.0093326568604 25.9629993438721 25.8886661529541 26.0406665802002 25.5298328399658 25.3691673278809 25.4608325958252 25.5200004577637 25.5323333740234 25.310001373291 25.2148342132568 25.1786670684814
28.736499786377 28.6941661834717 28.6931667327881 28.7695007324219 28.730167388916 28.6569995880127 28.6686668395996 28.7598323822021 28.5876655578613 28.4365005493164 28.2609996795654 28.2534999847412 28.2888336181641 28.3466663360596 28.3368339538574 27.9483337402344 27.8404998779297 27.6266670227051 27.3236675262451 27.2369995117188 27.3063316345215 27.3241653442383 27.189001083374 27.0698337554932 27.2134990692139 27.5336666107178 27.3719997406006 27.2970008850098 26.9548320770264 26.7903327941895 26.9375 26.4173336029053 26.0221672058105 25.9331665039062 25.9103336334229 25.8906669616699 25.8675003051758 25.9648323059082 25.8348331451416 25.4168338775635 25.3143329620361 25.2369995117188 25.2154998779297 25.3326663970947 25.3565006256104 25.220832824707
28.7338333129883 28.6356658935547 28.6375007629395 28.6735000610352 28.7040004730225 28.6166667938232 28.6053333282471 28.5908336639404 28.5273342132568 28.4554996490479 28.3341674804688 28.2690010070801 28.3485012054443 28.4381675720215 28.191333770752 27.6928329467773 27.5268325805664 27.4753322601318 27.2653331756592 27.3531665802002 27.382999420166 27.1351661682129 27.1061668395996 27.0725002288818 27.1341667175293 27.3891658782959 27.3276672363281 27.34983253479 26.9645004272461 26.8495006561279 26.9876670837402 26.6138324737549 26.0804996490479 26.1031665802002 26.0168342590332 25.8401679992676 25.8934993743896 25.913667678833 25.835334777832 25.5028324127197 25.3213329315186 25.3271675109863 25.0258331298828 25.1286659240723 25.3659992218018 25.3623332977295
28.7329998016357 28.6480007171631 28.6441669464111 28.6456661224365 28.6814994812012 28.6443328857422 28.6383323669434 28.5935001373291 28.5270004272461 28.3983345031738 28.2770004272461 28.3128337860107 28.4034996032715 28.4621658325195 27.9711666107178 27.6728324890137 27.5395011901855 27.3353328704834 27.4153327941895 27.4946670532227 27.2253341674805 26.9778327941895 26.9139995574951 26.9449996948242 27.0871658325195 27.219165802002 27.4370002746582 27.4589996337891 27.1876678466797 27.030834197998 27.2253341674805 26.9613342285156 26.2088317871094 25.7795009613037 25.757833480835 25.7029991149902 25.7749996185303 25.7766666412354 25.7408332824707 25.5913333892822 25.2606658935547 25.2454986572266 25.1526660919189 25.1051654815674 25.3566665649414 25.378999710083
28.7096672058105 28.6816673278809 28.638500213623 28.6035003662109 28.6319999694824 28.6245002746582 28.6585006713867 28.5926666259766 28.4930000305176 28.3626670837402 28.3251667022705 28.2630004882812 28.4428329467773 28.2770004272461 27.7490005493164 27.5639991760254 27.3843326568604 27.2748336791992 27.4098339080811 27.425666809082 27.0869998931885 26.8430004119873 26.7884998321533 26.8618335723877 27.0136661529541 27.1721668243408 27.367000579834 27.451000213623 27.4386672973633 27.2474994659424 27.2174987792969 27.0206680297852 26.6121673583984 26.1226654052734 25.7846660614014 25.5405006408691 25.5533332824707 25.6396675109863 25.6918334960938 25.6110000610352 25.3745002746582 25.1833324432373 25.3806667327881 25.2806663513184 25.3471660614014 25.3723335266113
