rasters/Libya_bio4.asc
NCOLS 190 
NROWS 164 
XLLCORNER 9.286543823 
YLLCORNER 19.496123685 
CELLSIZE 0.0834965562894737 
NODATA_value -3.4e+38 
[rows 63 to 83 of 164, columns 0 to 45 of 190]
-3.4e+38 -3.4e+38 -3.4e+38 -3.4e+38 -3.4e+38 -3.4e+38 -3.4e+38 -3.4e+38 817.873107910156 814.170654296875 814.817321777344 812.142578125 806.3759765625 802.183471679688 799.558837890625 794.677856445312 790.69921875 792.342834472656 790.92626953125 789.711730957031 786.563720703125 781.789794921875 779.731018066406 777.800109863281 776.267517089844 773.58935546875 772.758911132812 770.398498535156 766.871887207031 765.152099609375 763.936462402344 760.660583496094 760.244140625 758.579162597656 756.937866210938 755.470458984375 753.957824707031 753.043762207031 746.923217773438 736.030151367188 733.937194824219 733.100891113281 730.957763671875 727.2802734375 729.195251464844 725.015808105469
-3.4e+38 -3.4e+38 -3.4e+38 -3.4e+38 -3.4e+38 -3.4e+38 -3.4e+38 -3.4e+38 820.183349609375 819.8916015625 814.396301269531 809.840148925781 806.482299804688 805.338745117188 804.114013671875 802.307312011719 798.927307128906 795.934875488281 793.151184082031 790.1806640625 786.355590820312 781.564086914062 778.858276367188 777.594787597656 775.511901855469 772.992065429688 771.845581054688 768.282165527344 765.631225585938 764.305236816406 764.119384765625 760.606384277344 760.464416503906 759.159912109375 757.954650878906 757.066772460938 755.213745117188 753.989501953125 750.960571289062 740.294494628906 735.586120605469 732.845275878906 730.832824707031 728.217834472656 726.386352539062 724.123291015625
-3.4e+38 -3.4e+38 -3.4e+38 -3.4e+38 -3.4e+38 -3.4e+38 -3.4e+38 -3.4e+38 819.319396972656 820.155578613281 816.553833007812 812.6455078125 810.428466796875 807.043823242188 804.478454589844 801.919494628906 799.116943359375 796.791381835938 793.221923828125 789.946838378906 785.735778808594 779.655212402344 778.911682128906 776.807250976562 776.380554199219 773.623291015625 771.049682617188 768.431396484375 766.445678710938 764.889038085938 763.462890625 761.236450195312 760.720581054688 759.911010742188 758.500061035156 757.373229980469 756.220153808594 754.690979003906 752.274291992188 742.087646484375 737.395080566406 734.313720703125 731.353759765625 729.810974121094 727.518676757812 725.659606933594
-3.4e+38 -3.4e+38 -3.4e+38 -3.4e+38 -3.4e+38 -3.4e+38 -3.4e+38 822.330322265625 821.635314941406 819.972595214844 817.05078125 813.488159179688 810.3525390625 806.630676269531 802.713806152344 800.605407714844 798.38232421875 795.012634277344 791.88037109375 789.122802734375 784.763000488281 783.621643066406 781.327209472656 777.666687011719 776.040222167969 774.157897949219 771.378662109375 768.879821777344 765.793090820312 764.767517089844 764.869018554688 762.271850585938 760.969909667969 760.155700683594 758.853759765625 757.431213378906 756.380981445312 754.877563476562 753.14013671875 747.670959472656 738.5185546875 737.044128417969 732.694091796875 730.280151367188 728.064453125 725.773803710938
-3.4e+38 -3.4e+38 -3.4e+38 -3.4e+38 -3.4e+38 -3.4e+38 -3.4e+38 823.552001953125 822.328857421875 820.727111816406 818.203308105469 812.170715332031 809.316772460938 805.475952148438 803.5009765625 799.142578125 795.538940429688 793.283447265625 791.905456542969 788.143981933594 786.842224121094 786.802795410156 784.1318359375 781.076354980469 780.242492675781 776.122253417969 772.549255371094 768.061828613281 767.079528808594 766.370544433594 766.480407714844 763.890686035156 762.063354492188 760.37353515625 759.223999023438 757.662536621094 756.358642578125 755.510314941406 754.050720214844 749.979675292969 741.451110839844 737.363647460938 733.741027832031 731.372497558594 729.438293457031 726.489685058594
-3.4e+38 -3.4e+38 -3.4e+38 -3.4e+38 -3.4e+38 -3.4e+38 824.158264160156 823.451721191406 823.636169433594 820.264038085938 816.194458007812 811.989013671875 808.8955078125 807.332702636719 804.453247070312 799.822631835938 795.158569335938 792.389404296875 790.193786621094 787.335571289062 787.777099609375 784.505493164062 780.824279785156 778.116149902344 775.54248046875 772.809875488281 771.717956542969 770.800903320312 770.610534667969 770.18359375 769.3447265625 765.527648925781 764.300659179688 762.317810058594 760.499145507812 759.219482421875 758.111022949219 756.571838378906 754.794555664062 752.423156738281 747.068359375 743.534240722656 740.202087402344 737.280517578125 731.79736328125 730.106994628906
-3.4e+38 -3.4e+38 -3.4e+38 -3.4e+38 -3.4e+38 -3.4e+38 817.383544921875 819.729614257812 820.749267578125 817.895568847656 814.1162109375 811.130004882812 807.867614746094 804.684814453125 800.608215332031 796.166625976562 793.048950195312 790.358276367188 788.227233886719 787.023803710938 785.228637695312 781.142272949219 777.472534179688 773.941162109375 771.872619628906 769.624816894531 767.294982910156 765.88623046875 766.749816894531 770.092041015625 771.105712890625 766.419677734375 765.744506835938 763.563903808594 762.052001953125 760.469543457031 759.057250976562 757.142211914062 755.484069824219 754.149719238281 751.542846679688 748.874389648438 746.240112304688 742.824401855469 736.894470214844 732.590087890625
-3.4e+38 -3.4e+38 -3.4e+38 -3.4e+38 -3.4e+38 -3.4e+38 812.634826660156 813.466918945312 815.725158691406 815.629089355469 812.155700683594 808.406799316406 804.055236816406 798.978149414062 793.13671875 789.93310546875 788.987243652344 788.103820800781 787.497924804688 787.236267089844 785.922302246094 782.163635253906 778.219421386719 774.162963867188 771.142211914062 769.07958984375 765.984497070312 763.157592773438 762.6650390625 764.044067382812 768.523376464844 768.119262695312 767.074523925781 764.84814453125 762.783081054688 761.653991699219 760.014953613281 757.59912109375 755.63232421875 753.667236328125 752.089233398438 749.892272949219 747.768371582031 745.43798828125 741.914428710938 739.084167480469
-3.4e+38 -3.4e+38 -3.4e+38 -3.4e+38 -3.4e+38 -3.4e+38 810.61474609375 811.533081054688 810.691284179688 811.830139160156 807.05712890625 802.198913574219 797.781127929688 794.503662109375 790.54150390625 788.580932617188 787.187561035156 785.823425292969 785.389038085938 784.407897949219 782.017883300781 779.340270996094 778.02783203125 774.31103515625 771.760803222656 769.568786621094 766.132019042969 763.142761230469 761.661682128906 761.38818359375 767.411682128906 767.659606933594 766.549072265625 764.807800292969 763.600891113281 761.807067871094 760.581359863281 758.310607910156 756.270751953125 753.698364257812 752.270446777344 750.690307617188 748.578857421875 746.475708007812 743.442749023438 741.220947265625
-3.4e+38 -3.4e+38 -3.4e+38 -3.4e+38 -3.4e+38 -3.4e+38 809.308898925781 809.580932617188 806.865173339844 801.493835449219 798.657348632812 796.952026367188 795.833068847656 793.457275390625 789.502563476562 787.874145507812 786.615417480469 785.935668945312 787.443054199219 785.113647460938 781.469604492188 779.175842285156 776.56201171875 773.966064453125 772.493530273438 769.243896484375 766.092163085938 763.186218261719 762.409484863281 766.037536621094 768.736450195312 767.623046875 766.443542480469 765.137023925781 763.446716308594 762.160461425781 760.382568359375 758.367492675781 756.801208496094 754.028747558594 752.59130859375 751.050231933594 749.371276855469 747.091674804688 744.914245605469 742.393371582031
-3.4e+38 -3.4e+38 -3.4e+38 -3.4e+38 -3.4e+38 -3.4e+38 808.02392578125 807.786804199219 806.530700683594 802.077819824219 798.923583984375 796.985656738281 796.149230957031 793.0263671875 790.416015625 787.673278808594 786.037536621094 786.77197265625 790.043823242188 787.971862792969 781.961120605469 779.281799316406 777.477905273438 775.238403320312 772.769775390625 769.548828125 767.322021484375 766.217651367188 766.685241699219 768.734191894531 768.518737792969 766.698608398438 765.337219238281 764.373474121094 763.198181152344 761.032043457031 759.473449707031 758.219665527344 757.135192871094 755.214172363281 753.30078125 751.980224609375 749.928466796875 748.038452148438 745.31787109375 743.060791015625
-3.4e+38 -3.4e+38 -3.4e+38 -3.4e+38 -3.4e+38 -3.4e+38 -3.4e+38 807.739685058594 805.255004882812 803.452758789062 799.958251953125 796.913696289062 794.646911621094 793.193115234375 791.521850585938 787.367431640625 785.496826171875 786.448486328125 789.105529785156 789.489318847656 782.874084472656 781.316223144531 782.145263671875 778.43603515625 776.731994628906 773.099426269531 773.113342285156 771.774963378906 766.878356933594 766.976257324219 766.704223632812 765.734802246094 764.375549316406 763.050659179688 762.283935546875 760.712951660156 759.435241699219 757.798217773438 756.400207519531 754.828735351562 753.367614746094 752.135314941406 751.162414550781 748.652099609375 745.157287597656 744.139526367188
-3.4e+38 -3.4e+38 -3.4e+38 -3.4e+38 -3.4e+38 -3.4e+38 -3.4e+38 -3.4e+38 805.265991210938 802.57666015625 799.109191894531 796.054931640625 793.882141113281 792.874450683594 790.474792480469 787.025512695312 784.999694824219 785.856262207031 787.730346679688 790.466064453125 784.332092285156 781.754028320312 784.442443847656 782.804138183594 780.142028808594 777.31640625 774.619689941406 772.731567382812 768.73291015625 766.699523925781 766.511047363281 765.507019042969 764.13037109375 763.002624511719 760.785583496094 759.393249511719 758.539978027344 756.542541503906 755.144897460938 753.3525390625 752.605407714844 752.080871582031 750.448608398438 748.720886230469 745.883850097656 744.966491699219
-3.4e+38 -3.4e+38 -3.4e+38 -3.4e+38 -3.4e+38 -3.4e+38 -3.4e+38 -3.4e+38 803.590515136719 801.124938964844 797.313110351562 794.794860839844 793.924438476562 792.513732910156 790.257202148438 787.238830566406 786.422424316406 788.531372070312 791.237976074219 791.627258300781 787.776123046875 782.643249511719 783.685546875 782.401916503906 779.367797851562 776.197631835938 773.277282714844 772.048522949219 770.066284179688 769.512451171875 767.859375 765.7216796875 763.836120605469 762.366821289062 761.211853027344 759.546142578125 757.359191894531 756.3642578125 754.721130371094 753.156860351562 751.870178222656 751.682556152344 750.666015625 749.576477050781 748.022094726562 745.54638671875
-3.4e+38 -3.4e+38 -3.4e+38 -3.4e+38 -3.4e+38 -3.4e+38 -3.4e+38 -3.4e+38 801.306091308594 798.163330078125 798.24658203125 795.419189453125 793.460327148438 791.134033203125 790.512145996094 788.124328613281 788.409057617188 794.643310546875 793.853942871094 791.574279785156 788.542846679688 782.732788085938 781.929565429688 781.227783203125 777.268188476562 774.959289550781 773.217224121094 772.075866699219 771.73095703125 769.789916992188 768.220703125 765.507690429688 764.180786132812 762.817260742188 760.967895507812 759.190612792969 757.519470214844 755.720947265625 754.477661132812 752.897705078125 751.198608398438 750.124084472656 749.010803222656 748.500366210938 746.892822265625 745.688598632812
-3.4e+38 -3.4e+38 -3.4e+38 -3.4e+38 -3.4e+38 -3.4e+38 -3.4e+38 -3.4e+38 801.251831054688 797.18798828125 795.412841796875 795.117309570312 792.293273925781 790.164611816406 789.119384765625 788.326477050781 787.627624511719 792.340270996094 792.851989746094 791.897277832031 787.556030273438 783.769714355469 782.261779785156 780.515441894531 777.234680175781 776.294616699219 774.724304199219 773.2275390625 771.796630859375 770.011657714844 768.599914550781 765.20068359375 763.103637695312 761.21728515625 759.84130859375 758.549377441406 756.533630371094 754.250915527344 751.30908203125 748.339538574219 745.341430664062 743.629943847656 743.627197265625 744.808349609375 743.787658691406 742.706237792969
-3.4e+38 -3.4e+38 -3.4e+38 -3.4e+38 -3.4e+38 -3.4e+38 -3.4e+38 799.565185546875 798.740295410156 796.406127929688 795.38525390625 794.420227050781 791.724426269531 789.76611328125 788.791870117188 788.365051269531 789.0224609375 791.232177734375 791.83154296875 790.058837890625 786.688659667969 783.694396972656 781.502563476562 779.426330566406 777.800598144531 776.307739257812 774.838562011719 772.817504882812 771.274963378906 770.144104003906 767.962585449219 762.306701660156 760.642700195312 759.714050292969 757.055358886719 753.400939941406 752.771789550781 749.635375976562 746.626586914062 746.176452636719 743.350830078125 741.045532226562 738.857666015625 736.012512207031 736.342041015625 738.423889160156
-339999999999999996123846586046231871488.000000000000000 -3.4e+38 -3.4e+38 -3.4e+38 -3.4e+38 -3.4e+38 795.809936523438 795.011596679688 795.057373046875 794.72216796875 795.394958496094 794.223815917969 791.192260742188 790.024230957031 790.407653808594 789.764587402344 791.484497070312 792.073059082031 790.575988769531 788.164855957031 785.548095703125 782.8173828125 779.76123046875 779.815124511719 778.999084472656 776.973999023438 774.791442871094 773.719787597656 771.568786621094 768.686157226562 765.330810546875 759.783630371094 757.875 755.352355957031 752.246765136719 749.820983886719 749.018005371094 750.87646484375 752.201110839844 750.37841796875 748.860778808594 745.446899414062 743.183349609375 741.804504394531 739.611572265625 738.343505859375
-3.4e+38 -3.4e+38 -3.4e+38 801.26708984375 798.387451171875 797.002502441406 795.143005371094 793.229553222656 794.112426757812 794.157653808594 795.830993652344 795.516357421875 793.820190429688 791.968811035156 791.719787597656 790.591796875 790.18017578125 789.702819824219 788.367919921875 787.796447753906 784.81787109375 782.494201660156 780.052917480469 779.854858398438 779.060180664062 776.99169921875 774.517333984375 771.7919921875 768.306274414062 765.096557617188 761.872680664062 755.582458496094 753.326782226562 752.983276367188 756.465026855469 757.409423828125 756.187377929688 753.714172363281 750.9130859375 749.602722167969 747.825256347656 746.169860839844 743.640625 742.129699707031 739.053894042969 736.555847167969
-3.4e+38 -3.4e+38 801.204956054688 800.45849609375 796.882446289062 793.872009277344 794.056091308594 791.630737304688 792.495300292969 795.686401367188 795.724548339844 794.481201171875 793.309265136719 792.648376464844 791.08447265625 790.613708496094 789.825134277344 789.972717285156 789.582458496094 788.27734375 784.7958984375 782.545593261719 780.180480957031 779.151489257812 777.838012695312 774.037475585938 769.924133300781 767.010986328125 763.804077148438 761.029113769531 757.758239746094 758.894653320312 760.538696289062 761.019958496094 759.125061035156 757.041870117188 754.848876953125 752.406127929688 748.848815917969 747.523071289062 745.820129394531 743.941589355469 741.732604980469 740.10791015625 738.447937011719 737.2509765625
-3.4e+38 -3.4e+38 800.752258300781 801.806762695312 798.600769042969 794.779174804688 794.399230957031 791.906677246094 792.480407714844 792.587951660156 789.377685546875 790.157104492188 790.487670898438 790.79638671875 790.867431640625 789.877746582031 789.872375488281 789.81640625 790.003845214844 787.310424804688 784.396484375 781.855224609375 780.2373046875 777.692260742188 774.528625488281 770.15966796875 766.788879394531 763.673095703125 760.687866210938 758.935546875 760.907043457031 763.761474609375 761.277038574219 759.839233398438 757.912170410156 755.3994140625 753.217102050781 751.390319824219 748.710021972656 746.01708984375 744.349426269531 742.109069824219 740.48974609375 739.214904785156 738.668029785156 737.606384277344
