rasters/Libya_bio8.asc
NCOLS 190 
NROWS 164 
XLLCORNER 9.286543823 
YLLCORNER 19.496123685 
CELLSIZE 0.0834965562894737 
NODATA_value -3.4e+38 
[rows 40 to 59 of 164, columns 92 to 137 of 190]
12.1855001449585 11.886833190918 12.0058326721191 12.3256664276123 12.2078332901001 11.908332824707 11.5726671218872 11.6453332901001 11.918833732605 11.9878330230713 11.8316669464111 11.7561664581299 11.7083339691162 11.6598339080811 11.6798334121704 11.7161664962769 11.7018337249756 11.8800001144409 12.1203327178955 12.1088333129883 12.2778329849243 12.3986663818359 12.5381669998169 12.6523332595825 12.6718330383301 12.6304998397827 12.6575002670288 12.7736663818359 12.9829998016357 13.2143335342407 13.6304998397827 14.4111671447754 14.7631664276123 14.7931671142578 14.4703330993652 13.9104995727539 13.7018337249756 13.6698331832886 13.664999961853 13.6850004196167 13.7216663360596 13.7708330154419 13.8078327178955 13.8266668319702 13.9013338088989 13.9056663513184
12.0244998931885 12.0493335723877 11.8038330078125 12.1155004501343 12.0313329696655 12.0670003890991 11.6753330230713 11.4486665725708 11.5061664581299 11.5443334579468 11.6666669845581 11.6808338165283 11.6633338928223 11.5963335037231 11.537166595459 11.5733337402344 11.5851669311523 11.7659997940063 12.0199995040894 12.0261669158936 12.1086664199829 12.3304996490479 12.3234996795654 12.3819999694824 12.5570001602173 12.6363334655762 12.7193336486816 12.7778329849243 12.8316659927368 13 13.2788333892822 13.704833984375 14.3594999313354 14.7611665725708 14.4133329391479 13.9033336639404 13.768500328064 13.7501659393311 13.7436666488647 13.7509994506836 13.7813329696655 13.8063335418701 13.820499420166 13.8413333892822 13.8830003738403 13.8483333587646
11.6793327331543 12.0668334960938 12.2545003890991 12.3841667175293 12.2633333206177 12.166166305542 11.8648328781128 11.5345001220703 11.2098331451416 11.1706666946411 11.4075002670288 11.6291666030884 11.6213331222534 11.533166885376 11.436333656311 11.3873329162598 11.5001668930054 11.6801671981812 11.9484996795654 12.0775003433228 12.1599998474121 12.3345003128052 12.4176664352417 12.3286666870117 12.298999786377 12.4060001373291 12.5248327255249 12.7264995574951 12.8373327255249 12.9783334732056 13.1086664199829 13.3791666030884 13.7351665496826 13.8823328018188 13.8258333206177 13.7781667709351 13.7118330001831 13.698166847229 13.7181663513184 13.7720003128052 13.7783336639404 13.7661666870117 13.7638330459595 13.7926664352417 13.8155002593994 13.8400001525879
11.4998331069946 11.7273330688477 12.0904998779297 12.4215002059937 12.5384998321533 12.5915002822876 12.466833114624 12.1333332061768 11.4448337554932 11.1584997177124 11.239333152771 11.5160007476807 11.6346664428711 11.4611663818359 11.4066667556763 11.3850002288818 11.543999671936 11.8354997634888 12.1606664657593 12.1068334579468 12.1510000228882 12.3341665267944 12.4801664352417 12.4158334732056 12.3586673736572 12.4613332748413 12.5131664276123 12.6553325653076 12.7836666107178 12.8321666717529 12.8439998626709 12.9844999313354 13.2236671447754 13.4086666107178 13.5696668624878 13.6875 13.6778335571289 13.7351665496826 13.7696666717529 13.7521667480469 13.7481670379639 13.746166229248 13.7174997329712 13.7573328018188 13.791166305542 13.8216667175293
11.377833366394 11.5474996566772 11.8428335189819 12.2803335189819 12.5183334350586 12.716833114624 12.7130002975464 12.3140001296997 11.9423332214355 11.3465003967285 11.2221670150757 11.4473333358765 11.6090002059937 11.4991664886475 11.4038333892822 11.4576663970947 11.6035003662109 12.0343332290649 12.2418336868286 12.2814998626709 12.3958330154419 12.3158330917358 12.4501667022705 12.5949993133545 12.6545000076294 12.746166229248 12.8356666564941 12.6856670379639 12.7051668167114 12.7575006484985 12.768500328064 12.8684997558594 13.0054998397827 13.1815004348755 13.3348331451416 13.4766664505005 13.5903339385986 13.6821670532227 13.7461671829224 13.7864999771118 13.7941665649414 13.7671670913696 13.7508335113525 13.7328338623047 13.7395000457764 13.7785005569458
11.6338329315186 11.6611671447754 11.8348331451416 12.2041664123535 12.6110000610352 12.703332901001 12.7565002441406 12.5451669692993 12.2533330917358 11.8213329315186 11.3064994812012 11.5174999237061 11.5686664581299 11.6136665344238 11.3561668395996 11.3973331451416 11.6318340301514 12.0520000457764 12.3738327026367 12.5026664733887 12.6636667251587 12.7458333969116 12.8395004272461 12.9816665649414 13.0010004043579 13.0260000228882 13.164999961853 13.0661668777466 12.828332901001 12.6875 12.6631669998169 12.7841663360596 12.8971672058105 12.9943332672119 13.2215003967285 13.3404998779297 13.4350004196167 13.52649974823 13.5911674499512 13.6746673583984 13.7416667938232 13.7913331985474 13.8098335266113 13.8063335418701 13.8163328170776 13.8173332214355
11.8593330383301 11.8948335647583 12.0388336181641 12.2795000076294 12.4778337478638 12.6656665802002 12.8773326873779 12.5999994277954 12.1940002441406 12.0930004119873 11.4781665802002 11.4619998931885 11.5059995651245 11.6631660461426 11.405499458313 11.341833114624 11.5651664733887 11.9340000152588 12.231499671936 12.5248327255249 12.7721662521362 12.8540000915527 12.8369998931885 13.3326663970947 13.7775001525879 13.8064994812012 14.216667175293 14.2811660766602 13.8743333816528 13.4946670532227 12.7516670227051 12.7170000076294 12.7530002593994 12.9513330459595 13.0611667633057 13.3994998931885 14.0861663818359 13.6798334121704 13.4876661300659 13.539999961853 13.5830001831055 13.695499420166 13.7996664047241 13.8493337631226 13.8839998245239 13.9138336181641
12.1181669235229 12.2226667404175 12.3591661453247 12.5936670303345 12.7960004806519 12.8196668624878 12.8450002670288 12.8379993438721 12.2686672210693 12.0405006408691 11.5510005950928 11.4811668395996 11.5380001068115 11.6373329162598 11.6458330154419 11.5941667556763 11.7189998626709 11.8898334503174 12.206000328064 12.539834022522 12.8168334960938 13.1068334579468 13.3281669616699 13.3993330001831 13.6800003051758 13.761833190918 13.8938331604004 14.0009994506836 13.6709995269775 13.7065000534058 13.5646667480469 12.7969999313354 12.9518337249756 12.933666229248 12.9908332824707 13.3516664505005 14.0806674957275 14.3348331451416 13.6408338546753 13.4840002059937 13.4850006103516 13.5334997177124 13.6548337936401 13.7418327331543 13.8201665878296 15.1306667327881
12.1783332824707 12.131667137146 12.2695007324219 12.3968334197998 12.7011671066284 13.0473337173462 12.9231662750244 12.8039999008179 12.4131669998169 11.867166519165 11.4816665649414 11.3988332748413 11.5038328170776 11.6269998550415 11.6274995803833 11.7893333435059 11.9264993667603 11.9943332672119 12.2775001525879 12.752833366394 13.0796670913696 13.3443336486816 13.4341669082642 13.4036664962769 13.4891662597656 13.275333404541 13.2646675109863 13.2338333129883 13.1783332824707 13.1461668014526 13.1971664428711 13.4440002441406 13.7123336791992 13.478666305542 13.1386661529541 13.6071662902832 14.3213329315186 14.6418333053589 14.1645002365112 13.5071668624878 13.4238338470459 13.4379997253418 13.5325002670288 13.6269998550415 13.7116670608521 13.8103332519531
17.5930004119873 12.1909999847412 12.1608333587646 11.7138328552246 12.0303335189819 12.5778331756592 12.9716663360596 13.0305004119873 12.6976661682129 11.9611663818359 11.5041666030884 11.3341665267944 11.4659996032715 11.4949998855591 11.5488338470459 11.7693328857422 12.191333770752 12.3533334732056 12.4096670150757 12.6678333282471 12.9945001602173 13.367166519165 13.4383335113525 13.3486661911011 13.3035001754761 13.1693334579468 12.9953336715698 12.9673328399658 12.9288330078125 12.8555002212524 12.8379993438721 13.0328330993652 13.0235004425049 13.2423334121704 13.316333770752 13.7613334655762 13.9671669006348 14.0198335647583 13.9508333206177 13.5823335647583 13.3830003738403 13.4036664962769 13.4505004882812 13.5533332824707 13.6304998397827 13.7808332443237
12.0564994812012 12.2671670913696 12.1521663665771 11.7748336791992 11.5748338699341 11.9536666870117 12.6766662597656 12.9146671295166 12.5896673202515 12.5909996032715 11.6783332824707 11.3286666870117 11.34850025177 11.3841667175293 11.5591659545898 11.7858333587646 12.099666595459 12.3450002670288 12.6035003662109 12.7746667861938 13.0403337478638 13.3461666107178 13.3911666870117 13.2521667480469 13.2813329696655 13.1726665496826 12.9764995574951 12.9268321990967 12.8601665496826 12.7604999542236 12.7043333053589 12.8325004577637 12.9910001754761 13.1745004653931 13.2196664810181 13.3846664428711 13.7230005264282 13.5081663131714 13.5236663818359 13.5698337554932 13.3741664886475 13.4444999694824 13.5 13.559666633606 13.5819997787476 13.6378335952759
15.9541664123535 12.085165977478 15.9370002746582 11.8306665420532 15.2869997024536 11.9673328399658 12.5816669464111 12.8798332214355 12.877833366394 12.5600004196167 11.942666053772 11.484167098999 11.2773332595825 11.2891664505005 11.4379997253418 11.4930000305176 11.7848339080811 12.0978326797485 12.4051666259766 12.6094999313354 12.940333366394 13.2371664047241 13.3061666488647 13.3123340606689 13.4468326568604 13.3091669082642 13.050666809082 12.9821662902832 12.8836669921875 12.8366670608521 12.7541666030884 12.7154998779297 12.7151670455933 12.8404998779297 12.9720001220703 13.293999671936 13.4180002212524 13.3656663894653 13.2919998168945 13.2611665725708 13.3728332519531 13.4273328781128 13.4958333969116 13.5295000076294 13.5643339157104 13.6273336410522
15.7320003509521 15.7428331375122 15.8083333969116 15.5248336791992 15.4826669692993 12.033166885376 12.4990005493164 12.7534999847412 12.9630002975464 12.7718334197998 12.3889999389648 11.6005001068115 11.513500213623 11.3838338851929 11.3905000686646 11.4320001602173 11.4905004501343 11.7561664581299 12.1943330764771 12.4116668701172 12.7741670608521 13.0403337478638 13.3173332214355 13.6313333511353 13.6813335418701 13.323166847229 13.1013336181641 12.9905004501343 12.8901672363281 12.5913333892822 12.6225004196167 12.8205003738403 12.8518333435059 12.8133335113525 12.8645000457764 12.9866666793823 13.0693330764771 13.1275005340576 13.1353330612183 13.1409997940063 13.2133331298828 13.3021659851074 13.4423341751099 14.744833946228 14.8038339614868 14.872166633606
15.4429998397827 15.6505002975464 15.728666305542 15.4806671142578 11.9514999389648 16.0346660614014 16.0820007324219 12.8043336868286 13.0139999389648 12.8186664581299 12.7383337020874 11.735499382019 11.5574998855591 11.66100025177 11.6918334960938 11.6265001296997 11.5129995346069 11.6668329238892 11.9750003814697 12.3660001754761 12.5454998016357 12.8983335494995 13.2268333435059 13.4145002365112 13.4180002212524 13.2165002822876 13.0273332595825 12.9696664810181 12.9516668319702 12.6134996414185 12.0830001831055 12.3233337402344 12.5763330459595 12.6441669464111 12.96399974823 13.2030000686646 13.1099996566772 13.1406669616699 13.3924999237061 13.2501668930054 13.166166305542 13.1975002288818 13.3398332595825 13.4399995803833 13.5190000534058 13.5679998397827
15.0869998931885 15.3740005493164 15.5766668319702 15.457667350769 15.6521673202515 15.8520002365112 15.9608335494995 16.4586658477783 16.792667388916 12.797833442688 12.5863332748413 12.5751667022705 11.7403326034546 11.6793327331543 11.7866668701172 11.9151668548584 12.1050004959106 12.0415000915527 12.0451669692993 12.2880001068115 12.441499710083 12.6908330917358 13.0561666488647 13.3618335723877 13.3500003814697 13.1411666870117 12.9316663742065 12.9108333587646 12.8393335342407 12.9253330230713 12.5871667861938 12.1166667938232 12.1606664657593 12.238166809082 12.4969997406006 12.6353330612183 12.6218338012695 12.7988338470459 13.3004999160767 13.595666885376 13.335000038147 13.1991662979126 13.2469997406006 13.298999786377 13.470666885376 13.5950002670288
15.1453332901001 15.0896663665771 15.2583332061768 15.550666809082 15.6936664581299 15.8105001449585 16.130500793457 16.0926666259766 16.3408336639404 16.4928340911865 12.4011669158936 12.4053335189819 12.4001665115356 12.2403335571289 12.1906671524048 12.0853328704834 12.110333442688 12.3320007324219 12.3371667861938 12.4593334197998 12.5933332443237 12.728666305542 13.0666666030884 13.1865005493164 13.2023334503174 13.1335000991821 12.8673334121704 12.9230003356934 12.8406667709351 12.746000289917 12.9948329925537 12.9084997177124 12.4519996643066 12.5386667251587 13.1573333740234 12.6166667938232 12.4333333969116 12.6158332824707 12.864333152771 13.1905002593994 13.3584995269775 13.1801662445068 13.2521667480469 13.2864999771118 13.3634996414185 13.5311670303345
15.3689994812012 15.4158334732056 15.5605001449585 15.614333152771 15.6294994354248 15.8074998855591 15.7173337936401 15.6496667861938 15.9206666946411 16.1643333435059 16.2153339385986 16.1611671447754 16.2971668243408 12.5454998016357 12.667332649231 12.5061664581299 12.4233331680298 12.3645000457764 12.4281673431396 12.5694999694824 12.6266670227051 12.7131671905518 12.978666305542 13.0205001831055 13.0629997253418 13.0926666259766 12.9169998168945 12.8004999160767 12.7966661453247 12.7290000915527 12.7705001831055 12.9473333358765 13.3798332214355 13.5218334197998 13.5906667709351 13.5541667938232 12.8813333511353 12.6071672439575 13.688666343689 12.7416667938232 12.9063339233398 12.9686670303345 13.2734994888306 13.3760004043579 13.4219999313354 13.4966669082642
15.7496662139893 16.0233345031738 16.1026668548584 15.9099998474121 15.7508335113525 15.8383331298828 15.7173328399658 15.5156669616699 15.789999961853 15.8686666488647 15.9761667251587 16.1334991455078 16.1918334960938 16.3751659393311 12.5463333129883 12.462833404541 12.6448335647583 12.5816659927368 12.5625 12.4916667938232 12.4676666259766 12.53600025177 12.7756662368774 12.9298334121704 12.9198331832886 12.9460000991821 12.7758331298828 12.8184995651245 12.768666267395 12.7449998855591 12.7141666412354 12.7170000076294 12.8898334503174 13.1090002059937 13.3086671829224 13.3363332748413 13.2901668548584 12.7143335342407 12.52649974823 12.6245002746582 12.7454996109009 12.7823333740234 13.1571664810181 13.3701667785645 14.6879997253418 14.8120002746582
16.2173328399658 16.2663326263428 16.2373332977295 16.0065002441406 15.731499671936 15.8409996032715 15.9010000228882 15.8043336868286 15.816499710083 15.6483335494995 15.5821666717529 15.6865005493164 15.7141666412354 16.1563339233398 16.4891662597656 12.4828338623047 12.6651668548584 12.5634994506836 12.4243335723877 12.3813333511353 12.3126659393311 12.5033330917358 12.7031660079956 12.8738327026367 12.8559999465942 12.7480001449585 12.6861667633057 12.813666343689 12.7600002288818 12.7431669235229 12.6941661834717 12.7176666259766 12.819167137146 12.9586668014526 13.1269998550415 13.1678333282471 13.1668329238892 12.8533334732056 12.5971660614014 12.6231670379639 12.635666847229 12.7349996566772 12.9686670303345 14.5329999923706 14.7248334884644 14.8376665115356
16.3514995574951 16.357666015625 16.3486671447754 16.2224998474121 16.1101665496826 16.0930004119873 16.0551662445068 16.0388336181641 16.0731658935547 15.9426670074463 15.9931669235229 15.6808338165283 15.7568330764771 16.1453342437744 16.3659992218018 12.40149974823 12.385666847229 12.5241661071777 12.4483337402344 12.3494997024536 12.2221670150757 12.5193338394165 12.6776666641235 12.7449998855591 17.9181671142578 12.7043333053589 17.8718338012695 17.8881664276123 12.7200002670288 12.7428331375122 12.7259998321533 12.7440004348755 12.7919998168945 12.9151668548584 13.0511674880981 13.0761671066284 13.0694999694824 12.9276666641235 12.6494998931885 12.577166557312 12.6628332138062 12.7065000534058 13.9816665649414 14.3906669616699 14.7434997558594 14.8000001907349
