rasters/Libya_bio4.asc
NCOLS 190 
NROWS 164 
XLLCORNER 9.286543823 
YLLCORNER 19.496123685 
CELLSIZE 0.0834965562894737 
NODATA_value -3.4e+38 
[rows 21 to 41 of 164, columns 0 to 45 of 190]
-3.4e+38 -3.4e+38 -3.4e+38 -3.4e+38 -3.4e+38 -3.4e+38 -3.4e+38 -3.4e+38 -3.4e+38 -3.4e+38 -3.4e+38 678.719177246094 667.891906738281 658.04150390625 649.06298828125 644.434997558594 641.512573242188 642.50341796875 645.1279296875 648.65234375 650.037719726562 655.110168457031 660.163146972656 664.755187988281 667.934936523438 671.062194824219 675.475219726562 678.198364257812 680.031433105469 681.822570800781 686.173950195312 693.922241210938 696.165161132812 698.091735839844 699.633911132812 700.495971679688 701.436828613281 702.513061523438 704.850769042969 705.60302734375 707.231994628906 707.91943359375 707.933959960938 706.571166992188 702.339538574219 699.810607910156
-3.4e+38 -3.4e+38 -3.4e+38 -3.4e+38 -3.4e+38 -3.4e+38 -3.4e+38 -3.4e+38 -3.4e+38 -3.4e+38 -3.4e+38 673.837219238281 661.704040527344 649.516906738281 640.032470703125 633.491760253906 629.389770507812 629.119689941406 634.030456542969 636.98583984375 642.699035644531 649.189697265625 654.118957519531 658.27978515625 662.511169433594 667.300537109375 671.258483886719 674.28125 676.541748046875 680.389465332031 684.104858398438 690.904174804688 693.286376953125 695.431762695312 698.445617675781 700.674377441406 701.521484375 702.484313964844 705.033081054688 706.694641113281 708.130126953125 709.619140625 710.972595214844 708.51318359375 704.39013671875 700.669006347656
-3.4e+38 -3.4e+38 -3.4e+38 -3.4e+38 -3.4e+38 -3.4e+38 -3.4e+38 -3.4e+38 -3.4e+38 -3.4e+38 -3.4e+38 668.788940429688 655.079040527344 641.482116699219 630.666809082031 622.955200195312 618.986145019531 619.725280761719 624.706420898438 629.580078125 636.57080078125 642.730651855469 648.674743652344 654.045043945312 659.206665039062 663.94873046875 668.460815429688 672.255798339844 675.033203125 678.596008300781 682.59765625 688.08349609375 690.359680175781 693.166870117188 697.080139160156 699.465026855469 700.898315429688 701.869384765625 703.966430664062 706.20361328125 708.261962890625 708.901062011719 709.567016601562 706.161987304688 704.470458984375 700.7314453125
-3.4e+38 -3.4e+38 -3.4e+38 -3.4e+38 -3.4e+38 -3.4e+38 -3.4e+38 -3.4e+38 -3.4e+38 -3.4e+38 -3.4e+38 -3.4e+38 650.860717773438 635.721069335938 620.607604980469 609.72607421875 607.80224609375 612.523742675781 617.117553710938 623.783996582031 630.863952636719 637.444885253906 644.899841308594 651.303955078125 656.566589355469 661.665954589844 667.234619140625 672.270385742188 676.971618652344 680.918090820312 683.518920898438 687.339782714844 689.389038085938 692.014953613281 695.453918457031 698.338012695312 700.678100585938 702.883605957031 703.820922851562 704.981384277344 707.308776855469 709.282775878906 710.246948242188 709.306335449219 706.309204101562 701.546752929688
-3.4e+38 -3.4e+38 -3.4e+38 -3.4e+38 -3.4e+38 -3.4e+38 -3.4e+38 -3.4e+38 -3.4e+38 -3.4e+38 -3.4e+38 -3.4e+38 647.250671386719 631.740173339844 615.286682128906 601.595825195312 598.478332519531 605.018859863281 612.363586425781 620.275207519531 628.276611328125 635.231262207031 641.919189453125 649.071472167969 655.3505859375 659.911743164062 665.7724609375 672.055358886719 677.064575195312 681.110290527344 683.137573242188 687.768432617188 691.729919433594 694.95947265625 695.070556640625 698.926391601562 701.499206542969 703.879638671875 705.785034179688 707.636413574219 709.266174316406 712.168823242188 713.035766601562 712.908996582031 710.198608398438 706.999267578125
-3.4e+38 -3.4e+38 -3.4e+38 -3.4e+38 -3.4e+38 -3.4e+38 -3.4e+38 -3.4e+38 -3.4e+38 -3.4e+38 -3.4e+38 -3.4e+38 648.23291015625 632.682800292969 616.018920898438 602.066711425781 599.11083984375 606.155212402344 614.337707519531 621.817077636719 628.95166015625 637.124145507812 644.593383789062 649.620300292969 654.906066894531 660.729064941406 666.459106445312 671.669006347656 676.530090332031 681.499328613281 683.981262207031 690.713073730469 694.2490234375 696.491394042969 697.624938964844 697.845825195312 701.087097167969 704.170715332031 708.295471191406 710.764343261719 713.52294921875 712.467163085938 712.792846679688 712.429260253906 710.531860351562 708.56787109375
-3.4e+38 -3.4e+38 -3.4e+38 -3.4e+38 -3.4e+38 -3.4e+38 -3.4e+38 -3.4e+38 -3.4e+38 -3.4e+38 -3.4e+38 -3.4e+38 652.302551269531 636.822143554688 623.225402832031 613.896057128906 611.684936523438 613.212097167969 619.83447265625 628.303466796875 633.585571289062 641.337524414062 646.266784667969 650.776611328125 656.724182128906 662.497680664062 667.359191894531 671.890563964844 675.999633789062 680.153686523438 684.300048828125 692.264526367188 694.449584960938 698.077758789062 700.434204101562 701.524963378906 702.8134765625 706.529907226562 710.21923828125 712.011840820312 712.738891601562 712.27587890625 712.410888671875 711.440063476562 709.451599121094 708.859008789062
-3.4e+38 -3.4e+38 -3.4e+38 -3.4e+38 -3.4e+38 -3.4e+38 -3.4e+38 -3.4e+38 -3.4e+38 -3.4e+38 -3.4e+38 -3.4e+38 656.640808105469 643.664733886719 632.517517089844 624.248413085938 621.101989746094 622.996826171875 627.078063964844 634.317138671875 640.178039550781 644.983947753906 649.271789550781 652.66943359375 658.195190429688 663.3037109375 667.227722167969 672.396423339844 676.725219726562 680.41015625 683.601135253906 691.58740234375 695.881469726562 699.578918457031 702.478149414062 704.383117675781 706.400634765625 709.046508789062 709.938659667969 711.050354003906 712.28955078125 712.8798828125 712.391479492188 711.414855957031 710.746215820312 705.926086425781
-3.4e+38 -3.4e+38 -3.4e+38 -3.4e+38 -3.4e+38 -3.4e+38 -3.4e+38 -3.4e+38 -3.4e+38 -3.4e+38 -3.4e+38 677.129638671875 664.15185546875 652.220642089844 642.669555664062 635.299682617188 632.537658691406 633.943237304688 636.664001464844 639.946899414062 643.3515625 647.099914550781 652.324645996094 655.842895507812 659.803527832031 665.048645019531 669.472534179688 673.966674804688 677.830139160156 683.438415527344 686.605651855469 693.256591796875 694.827209472656 698.900146484375 701.914672851562 704.77392578125 707.8818359375 710.406677246094 711.108764648438 712.21484375 713.607604980469 713.75244140625 713.941467285156 712.779846191406 711.670593261719 708.957275390625
-3.4e+38 -3.4e+38 -3.4e+38 -3.4e+38 -3.4e+38 -3.4e+38 -3.4e+38 -3.4e+38 -3.4e+38 -3.4e+38 695.883666992188 683.5546875 671.529235839844 661.285522460938 652.555053710938 645.654846191406 642.03515625 642.745788574219 644.673767089844 645.667724609375 645.949951171875 650.120239257812 654.723510742188 659.343017578125 664.828186035156 669.698486328125 673.513610839844 677.010559082031 680.879089355469 684.785095214844 688.207153320312 692.630615234375 695.448120117188 699.555114746094 702.59228515625 705.300537109375 708.123107910156 710.721862792969 711.506225585938 713.668823242188 714.546264648438 715.546875 714.94287109375 714.078552246094 712.87353515625 710.252502441406
-3.4e+38 -3.4e+38 -3.4e+38 -3.4e+38 -3.4e+38 -3.4e+38 -3.4e+38 -3.4e+38 -3.4e+38 717.293701171875 702.740356445312 690.306823730469 679.5 669.719055175781 661.749450683594 655.771362304688 651.010681152344 650.195617675781 650.716857910156 651.392944335938 651.568054199219 654.059326171875 657.807250976562 664.881469726562 669.1376953125 672.932250976562 676.269836425781 680.001342773438 683.201477050781 686.396484375 690.189575195312 695.497497558594 698.716186523438 701.979919433594 703.556945800781 706.402587890625 709.803161621094 711.422058105469 712.706665039062 714.058044433594 714.293884277344 714.46337890625 714.683166503906 714.947143554688 713.564270019531 712.23046875
-3.4e+38 -3.4e+38 -3.4e+38 -3.4e+38 -3.4e+38 -3.4e+38 -3.4e+38 -3.4e+38 737.9892578125 724.739013671875 708.97265625 697.3818359375 687.259887695312 678.302978515625 671.202026367188 665.877136230469 662.471069335938 660.392639160156 659.059326171875 658.779418945312 659.853210449219 662.20263671875 665.045959472656 670.378173828125 673.119750976562 675.752136230469 678.754943847656 682.492370605469 684.805053710938 687.955749511719 690.605224609375 696.295837402344 700.330078125 703.989318847656 705.832763671875 707.777099609375 709.254638671875 709.598449707031 711.816589355469 714.053100585938 714.004943847656 714.249328613281 714.73583984375 715.109985351562 714.488830566406 713.979614257812
-3.4e+38 -3.4e+38 -3.4e+38 -3.4e+38 -3.4e+38 -3.4e+38 -3.4e+38 -3.4e+38 740.168823242188 730.651428222656 716.397155761719 705.687561035156 695.778869628906 687.017028808594 679.857727050781 674.630249023438 671.807434082031 668.426513671875 666.572814941406 666.416442871094 666.206237792969 668.959350585938 672.629028320312 674.859375 676.744140625 678.671997070312 680.812255859375 683.248107910156 687.213623046875 690.212890625 692.993103027344 699.249328613281 703.048828125 705.220703125 705.827026367188 707.880249023438 709.5166015625 711.8662109375 712.910949707031 713.930786132812 714.363647460938 715.078430175781 715.756652832031 716.107299804688 714.836242675781 714.041809082031
-3.4e+38 -3.4e+38 -3.4e+38 -3.4e+38 -3.4e+38 778.715637207031 767.133361816406 755.887756347656 743.697631835938 734.338134765625 725.609436035156 714.283996582031 704.559875488281 695.481262207031 687.907531738281 682.340270996094 678.1435546875 676.106018066406 674.848999023438 672.96337890625 672.501831054688 674.560974121094 677.2529296875 677.781860351562 679.491333007812 683.070373535156 685.184143066406 686.246887207031 690.660888671875 693.807312011719 696.357727050781 700.785095214844 703.557861328125 705.392150878906 706.500610351562 708.902221679688 711.405334472656 713.344848632812 713.826049804688 713.916870117188 714.541076660156 715.704895019531 715.609924316406 715.67578125 715.0458984375 714.180541992188
-3.4e+38 -3.4e+38 -3.4e+38 799.700866699219 790.916015625 780.541198730469 766.466186523438 755.063537597656 747.423034667969 738.44970703125 730.934936523438 719.413208007812 709.624206542969 701.334106445312 694.650512695312 689.419799804688 685.224548339844 682.870239257812 681.196044921875 680.358154296875 679.421447753906 679.692749023438 681.724853515625 682.509765625 683.188781738281 687.479187011719 690.663818359375 692.016418457031 694.031127929688 696.347106933594 699.212829589844 703.147277832031 705.62841796875 707.168884277344 709.183349609375 711.014343261719 712.214599609375 713.896240234375 714.654846191406 715.046569824219 714.75439453125 715.480773925781 715.327209472656 715.611572265625 715.871520996094 714.2265625
-3.4e+38 815.446472167969 811.48583984375 802.404113769531 795.464782714844 785.352783203125 772.165893554688 758.895812988281 747.939331054688 738.991455078125 731.247741699219 725.054504394531 717.973876953125 710.457824707031 702.976745605469 699.120971679688 695.381225585938 690.670471191406 687.233337402344 686.145690917969 685.890747070312 685.653381347656 686.069091796875 688.455078125 688.013793945312 691.600830078125 694.796813964844 696.078308105469 698.19189453125 699.402465820312 701.785766601562 705.900268554688 707.697998046875 709.519653320312 711.617919921875 712.575927734375 712.625854492188 713.354614257812 713.8623046875 714.876159667969 715.642028808594 716.196411132812 715.648620605469 715.952514648438 715.344055175781 714.085083007812
-3.4e+38 817.443664550781 813.495727539062 806.711791992188 798.783813476562 788.138427734375 777.125366210938 764.319580078125 749.581298828125 740.196044921875 735.623413085938 731.198852539062 721.877136230469 715.589721679688 710.314025878906 706.542724609375 703.46337890625 699.590637207031 695.510375976562 694.382873535156 692.179443359375 691.406677246094 691.158325195312 691.635131835938 692.826904296875 694.482116699219 696.866760253906 698.881896972656 702.212585449219 703.17431640625 704.979614257812 708.379821777344 710.039978027344 711.662475585938 713.024719238281 713.914794921875 714.44482421875 714.029602050781 714.869873046875 716.181091308594 716.681762695312 715.762145996094 715.763916015625 716.240539550781 715.455871582031 714.941772460938
-3.4e+38 -3.4e+38 812.051330566406 805.747924804688 796.2939453125 788.939758300781 781.395385742188 770.516540527344 755.823425292969 746.077270507812 742.449279785156 736.591613769531 728.3330078125 721.067138671875 716.225341796875 713.047668457031 709.332763671875 706.406494140625 701.953552246094 702.228637695312 701.513610839844 699.278442382812 697.026245117188 698.040466308594 699.496765136719 698.445922851562 700.887023925781 704.058959960938 706.276550292969 706.916076660156 708.584533691406 709.952026367188 711.454772949219 713.2626953125 714.524536132812 715.26513671875 716.193969726562 716.743041992188 716.559631347656 716.972595214844 717.3984375 716.986450195312 716.230041503906 716.623657226562 716.889343261719 716.212524414062
-3.4e+38 -3.4e+38 -3.4e+38 805.670104980469 796.831726074219 789.945922851562 784.348937988281 776.429992675781 762.363891601562 748.669921875 743.926452636719 739.621337890625 734.814147949219 726.549865722656 721.70751953125 719.139343261719 716.285827636719 712.552612304688 709.132202148438 707.035583496094 708.242858886719 707.762023925781 706.318298339844 704.833679199219 705.548828125 705.700805664062 707.874633789062 708.626403808594 708.492248535156 710.05615234375 711.022094726562 711.574157714844 713.184387207031 714.207214355469 715.870422363281 716.638427734375 717.029968261719 717.911682128906 718.189392089844 717.970520019531 718.643920898438 717.501037597656 716.897277832031 716.717651367188 716.233093261719 716.010070800781
-339999999999999996123846586046231871488.000000000000000 -3.4e+38 -3.4e+38 -3.4e+38 797.574157714844 791.003601074219 785.387023925781 779.186279296875 769.638793945312 757.599792480469 750.528747558594 744.450500488281 736.258972167969 731.256225585938 728.445739746094 725.316955566406 721.735656738281 717.865417480469 715.696960449219 713.360473632812 712.3310546875 711.710815429688 711.450866699219 710.957946777344 710.80322265625 710.729064941406 711.196044921875 711.56103515625 711.413024902344 711.976013183594 712.96484375 714.313049316406 715.678649902344 716.317443847656 717.210083007812 717.46337890625 718.509765625 718.723388671875 718.879028320312 718.541076660156 718.707885742188 718.156433105469 717.087951660156 716.040222167969 715.606994628906 715.678833007812
-3.4e+38 -3.4e+38 -3.4e+38 -3.4e+38 801.927551269531 794.606384277344 786.014282226562 779.006896972656 772.664306640625 765.048767089844 754.510559082031 747.523803710938 741.159973144531 739.325927734375 735.854736328125 733.094665527344 729.395385742188 723.703796386719 721.587158203125 719.83154296875 717.676574707031 716.096618652344 715.435668945312 714.852966308594 714.452819824219 713.941223144531 713.953491210938 714.669799804688 714.533935546875 714.70458984375 715.151306152344 717.15087890625 717.573059082031 717.877075195312 718.307739257812 719.072998046875 719.957092285156 719.586181640625 719.303527832031 719.543395996094 719.52197265625 718.919677734375 718.436706542969 716.777099609375 715.889343261719 714.500305175781
