rasters/Libya_bio4.asc
NCOLS 190 
NROWS 164 
XLLCORNER 9.286543823 
YLLCORNER 19.496123685 
CELLSIZE 0.0834965562894737 
NODATA_value -3.4e+38 
[rows 63 to 83 of 164, columns 46 to 91 of 190]
720.425659179688 718.749633789062 717.588195800781 715.927490234375 715.07421875 712.53173828125 707.56396484375 707.447448730469 707.357238769531 704.305541992188 703.080993652344 698.941528320312 694.858825683594 692.357177734375 690.211547851562 687.657287597656 685.407531738281 683.097229003906 679.755981445312 678.656799316406 679.11083984375 677.836059570312 676.299926757812 672.189758300781 669.953857421875 667.949645996094 663.410949707031 660.241821289062 659.115112304688 654.872741699219 652.063415527344 648.503295898438 650.884765625 649.182434082031 645.954223632812 642.925048828125 640.007141113281 636.901428222656 633.320556640625 633.994873046875 635.956420898438 636.940612792969 634.899841308594 632.558654785156 630.027587890625 628.33544921875
721.178833007812 720.354553222656 718.527099609375 716.870727539062 715.6552734375 712.84423828125 708.081665039062 707.405944824219 707.003356933594 704.570617675781 703.334533691406 699.275451660156 696.318298339844 694.316345214844 692.013244628906 688.528747558594 686.061950683594 683.407836914062 682.879272460938 683.855529785156 682.899291992188 681.007385253906 678.298828125 673.407287597656 671.197692871094 669.193664550781 666.749084472656 664.558776855469 660.662475585938 657.864074707031 653.585998535156 653.549194335938 654.370666503906 652.194885253906 649.225341796875 645.788818359375 641.86181640625 639.4296875 637.751708984375 641.519287109375 644.287170410156 642.939086914062 640.429443359375 638.238952636719 634.432922363281 633.659301757812
722.655456542969 721.803100585938 718.598449707031 716.958923339844 716.060363769531 713.929809570312 708.908203125 707.498046875 707.418518066406 704.451354980469 704.400329589844 703.849182128906 701.86279296875 700.388122558594 700.229125976562 696.900085449219 694.376586914062 692.856811523438 691.477172851562 690.252014160156 689.831726074219 688.974365234375 685.177062988281 676.112670898438 672.847290039062 671.879821777344 668.782775878906 664.3896484375 661.50830078125 660.021179199219 656.509094238281 658.250366210938 657.627380371094 654.552917480469 649.449035644531 648.080017089844 647.596069335938 645.322814941406 647.123352050781 651.363525390625 649.945617675781 647.381225585938 643.424011230469 641.595886230469 640.990905761719 639.842712402344
724.931579589844 721.913818359375 718.675048828125 718.310607910156 717.380554199219 716.046020507812 713.609741210938 712.475646972656 712.5322265625 710.33642578125 708.642272949219 707.095397949219 704.179565429688 703.651062011719 702.491882324219 701.908874511719 698.990661621094 698.036376953125 698.289672851562 696.419738769531 693.661560058594 690.130310058594 683.465515136719 680.719848632812 679.569030761719 676.443542480469 671.852478027344 664.443664550781 662.202026367188 662.089050292969 659.338745117188 659.439453125 659.815307617188 656.544250488281 654.583801269531 653.244384765625 651.951354980469 649.246948242188 653.267517089844 655.623107910156 654.904663085938 652.059997558594 649.049621582031 647.979187011719 646.334533691406 646.631591796875
724.910217285156 722.207336425781 720.638671875 721.232543945312 720.940612792969 719.105163574219 717.918701171875 715.680480957031 713.203430175781 711.897094726562 709.984436035156 710.275451660156 707.037475585938 703.151489257812 702.714477539062 703.406005859375 703.260986328125 701.915588378906 699.572570800781 697.298400878906 695.205871582031 688.937377929688 684.864807128906 683.787048339844 680.701110839844 676.77197265625 674.003723144531 670.558044433594 663.901550292969 662.928344726562 663.657836914062 660.268859863281 660.051452636719 656.386352539062 654.128723144531 653.307006835938 657.137878417969 654.572998046875 656.223266601562 656.789306640625 658.169616699219 656.885559082031 654.525695800781 652.018371582031 650.38525390625 651.468872070312
727.484069824219 725.894104003906 725.3017578125 723.872497558594 723.003295898438 722.6806640625 720.35400390625 718.096496582031 716.507995605469 715.263854980469 712.548767089844 712.934265136719 710.180786132812 704.005554199219 702.966125488281 705.421569824219 705.320922851562 701.837890625 699.273254394531 697.851989746094 693.868896484375 691.680297851562 689.185729980469 685.317016601562 681.440795898438 677.953247070312 675.300231933594 674.044067382812 668.746154785156 665.154907226562 666.129516601562 660.850769042969 659.503601074219 660.392028808594 662.591491699219 660.597412109375 658.891967773438 658.872924804688 657.815490722656 658.4365234375 658.86865234375 658.664855957031 657.979675292969 656.251953125 654.520446777344 654.791076660156
730.788696289062 729.725402832031 728.559997558594 727.179382324219 727.523071289062 727.361755371094 724.770629882812 723.4658203125 723.118774414062 719.095458984375 715.84228515625 712.384521484375 710.137023925781 707.508911132812 705.7724609375 708.421447753906 708.198181152344 705.670227050781 703.528259277344 699.901184082031 695.283935546875 693.669189453125 690.478881835938 685.490295410156 681.480529785156 678.272094726562 675.753356933594 675.185302734375 672.395874023438 667.438232421875 667.670166015625 665.077026367188 663.092224121094 663.182312011719 665.83544921875 666.308166503906 663.073486328125 661.985290527344 658.873046875 661.050903320312 662.969787597656 664.173095703125 664.054992675781 662.242980957031 659.054931640625 658.978515625
737.406494140625 735.251037597656 732.115905761719 730.187377929688 729.21044921875 727.881469726562 726.207946777344 725.091979980469 721.943237304688 718.453857421875 715.088928222656 713.729309082031 714.279052734375 714.754577636719 715.456237792969 715.826293945312 714.002685546875 709.912414550781 705.214050292969 702.865539550781 696.990478515625 692.046813964844 690.440368652344 686.560668945312 681.265441894531 677.365844726562 674.636535644531 674.230773925781 673.572631835938 669.847778320312 668.540893554688 669.2685546875 666.783813476562 668.315979003906 667.576599121094 668.299011230469 666.529052734375 664.779541015625 662.770629882812 664.113586425781 666.554565429688 666.395874023438 665.239074707031 666.148620605469 663.924377441406 663.594787597656
739.866271972656 738.099548339844 736.8828125 735.454650878906 733.793884277344 732.361694335938 730.735412597656 728.270874023438 725.293334960938 723.495971679688 722.398559570312 721.0166015625 720.940063476562 721.298583984375 721.047729492188 718.567138671875 713.112609863281 707.185607910156 703.078002929688 701.238525390625 697.005859375 693.836242675781 691.844787597656 687.648620605469 682.002746582031 678.624877929688 677.745727539062 677.652160644531 676.570129394531 671.903564453125 671.936401367188 672.528198242188 669.928955078125 670.834411621094 671.352294921875 671.6318359375 669.707702636719 668.35693359375 667.461303710938 665.714782714844 667.934204101562 669.869018554688 668.337097167969 667.957580566406 668.280517578125 667.142272949219
740.497802734375 739.066345214844 738.201904296875 736.817504882812 735.144958496094 733.666809082031 732.112426757812 730.366149902344 728.316833496094 727.415466308594 725.958068847656 725.277465820312 725.999633789062 724.773315429688 721.015319824219 713.562316894531 708.30712890625 707.881713867188 705.739501953125 701.863037109375 697.820739746094 696.747436523438 693.457580566406 689.213195800781 684.010131835938 682.668029785156 683.182922363281 681.620727539062 680.380249023438 675.346862792969 672.710266113281 675.069396972656 673.470275878906 673.23974609375 674.523376464844 674.564514160156 672.440368652344 670.831848144531 671.460571289062 671.52734375 671.33056640625 672.168273925781 671.91748046875 671.895690917969 670.607238769531 668.877807617188
741.461364746094 739.918273925781 738.78857421875 737.48828125 736.140563964844 734.863891601562 733.37890625 731.703918457031 730.315246582031 729.310913085938 728.131103515625 728.370544433594 728.102966308594 726.015258789062 718.530822753906 713.096374511719 710.238342285156 708.899780273438 705.835083007812 702.296875 699.812194824219 697.483764648438 695.304077148438 692.400695800781 687.7783203125 685.888732910156 685.924011230469 684.491577148438 683.29541015625 680.389404296875 675.467468261719 677.048950195312 676.843322753906 674.83251953125 674.21240234375 674.746704101562 674.383972167969 674.102233886719 674.609191894531 674.823669433594 674.375610351562 673.679443359375 673.623901367188 673.7998046875 671.496765136719 670.022155761719
743.129760742188 742.242248535156 740.46533203125 738.493286132812 736.989013671875 735.230590820312 734.071472167969 732.334655761719 731.456420898438 731.010009765625 730.119384765625 729.685363769531 729.684936523438 728.091247558594 722.152709960938 711.432922363281 709.532287597656 709.071411132812 705.825378417969 704.165161132812 701.190307617188 698.603576660156 696.390014648438 693.4814453125 690.609252929688 690.015869140625 688.621704101562 687.130187988281 685.580200195312 682.958435058594 677.904968261719 678.893920898438 679.901977539062 677.396667480469 676.385375976562 674.438354492188 672.4169921875 671.4638671875 674.2998046875 676.187805175781 676.798095703125 675.145874023438 674.531494140625 674.739501953125 672.471008300781 671.638610839844
743.688659667969 743.323120117188 742.842712402344 740.184875488281 738.130310058594 736.558776855469 735.001708984375 733.732360839844 732.931762695312 732.397766113281 730.948547363281 730.016418457031 727.853759765625 720.41796875 710.403137207031 709.061279296875 711.315002441406 709.530456542969 707.892822265625 706.087341308594 703.158874511719 701.131652832031 697.690673828125 695.406799316406 693.851196289062 692.180969238281 690.804809570312 689.414611816406 687.109680175781 684.644104003906 679.212097167969 679.366577148438 680.873229980469 680.03515625 677.673095703125 675.237670898438 674.863830566406 673.502502441406 671.337219238281 673.4150390625 675.6572265625 675.122863769531 674.415771484375 672.623901367188 674.029846191406 674.249877929688
744.190002441406 743.002380371094 742.398498535156 741.596008300781 739.342895507812 738.12548828125 735.953430175781 734.892578125 733.179931640625 731.261596679688 729.533813476562 725.993713378906 721.807739257812 718.551391601562 716.665893554688 715.128967285156 713.759521484375 710.794921875 709.925964355469 708.11328125 704.7890625 701.841857910156 698.864685058594 696.495788574219 694.638610839844 692.974182128906 691.476745605469 689.849914550781 688.208618164062 684.858764648438 682.687805175781 681.048400878906 680.978454589844 680.272583007812 679.770690917969 678.140625 676.517883300781 675.561462402344 674.838806152344 672.577453613281 670.197570800781 670.930969238281 670.21826171875 672.143615722656 672.084106445312 673.9951171875
744.693054199219 743.456298828125 742.724487304688 742.552062988281 739.77099609375 736.086364746094 733.360900878906 729.81982421875 728.038696289062 726.318542480469 724.353393554688 721.999206542969 721.239318847656 721.972534179688 720.200622558594 718.453369140625 714.604370117188 711.460510253906 709.9580078125 708.222351074219 705.429626464844 702.756896972656 699.715759277344 697.071716308594 694.618469238281 693.160034179688 691.494750976562 689.77490234375 687.190734863281 685.651916503906 685.015808105469 683.8486328125 682.274658203125 681.054260253906 679.163208007812 677.134216308594 675.400451660156 672.34619140625 672.495910644531 673.849365234375 671.772766113281 670.517150878906 668.237243652344 667.888549804688 667.384521484375 668.100891113281
743.280944824219 743.555725097656 743.112426757812 739.833251953125 734.104370117188 730.419921875 729.365112304688 728.356628417969 726.374633789062 724.375854492188 723.397766113281 722.448791503906 721.712707519531 721.127746582031 719.936340332031 718.238098144531 714.900268554688 712.386413574219 710.223327636719 707.694030761719 705.4873046875 703.147033691406 701.102661132812 698.544616699219 696.380920410156 695.426940917969 693.506225585938 691.7734375 689.855895996094 687.312438964844 685.8310546875 684.390197753906 683.712280273438 681.182495117188 678.377624511719 676.349182128906 674.625305175781 672.768371582031 671.43798828125 672.321472167969 671.309326171875 671.453979492188 670.563598632812 668.667541503906 667.903137207031 666.016479492188
737.137878417969 736.188171386719 734.612548828125 732.12158203125 730.739013671875 729.261474609375 728.003540039062 726.837951660156 725.494934082031 723.890258789062 722.995971679688 722.237243652344 721.306030273438 720.82568359375 718.968872070312 717.453491210938 715.288696289062 712.593017578125 710.227661132812 707.495666503906 705.527465820312 703.479553222656 701.690185546875 700.156127929688 697.966003417969 696.204833984375 694.900451660156 693.044189453125 691.248291015625 689.183654785156 686.831726074219 684.878723144531 683.406005859375 681.503967285156 679.279907226562 677.110107421875 675.216918945312 673.68896484375 672.765014648438 670.997741699219 669.571228027344 669.141845703125 671.402221679688 671.494445800781 670.516662597656 669.973876953125
736.062316894531 733.569091796875 731.925842285156 729.650939941406 729.086975097656 728.761108398438 728.134948730469 727.022888183594 725.433837890625 723.798461914062 722.497131347656 722.348266601562 721.55712890625 721.82666015625 720.489318847656 718.637634277344 715.633544921875 712.974060058594 710.169738769531 708.455871582031 706.561462402344 704.768005371094 703.001770019531 700.810668945312 698.846313476562 697.581115722656 696.060852050781 694.214721679688 692.458923339844 689.863037109375 688.821166992188 687.381652832031 685.0234375 682.722595214844 680.981872558594 679.465576171875 677.357604980469 674.928894042969 674.273559570312 674.647338867188 674.315490722656 672.042785644531 671.704956054688 672.024658203125 670.8076171875 670.569030761719
734.438903808594 731.971923828125 732.687255859375 731.755126953125 730.34619140625 730.9853515625 729.712768554688 727.495239257812 725.980529785156 724.302673339844 723.494384765625 722.858947753906 722.085510253906 721.22607421875 720.648376464844 718.551513671875 716.168395996094 713.670776367188 710.840942382812 709.395751953125 707.320922851562 704.978698730469 703.573547363281 701.953063964844 700.432800292969 698.901428222656 697.024047851562 694.711730957031 692.783935546875 690.701599121094 689.139953613281 689.6162109375 689.632629394531 688.10888671875 686.144775390625 683.621765136719 678.12939453125 675.747497558594 674.387023925781 674.171020507812 674.323181152344 673.889526367188 673.697448730469 673.784973144531 671.462158203125 669.987426757812
735.836364746094 734.380798339844 734.832824707031 733.716125488281 732.423461914062 732.308227539062 731.197387695312 728.233459472656 725.984008789062 724.095520019531 722.648986816406 722.586730957031 722.487243652344 721.248901367188 719.849670410156 718.650573730469 715.571899414062 713.857055664062 711.646301269531 710.141357421875 708.876892089844 706.935913085938 705.275512695312 703.454895019531 701.682678222656 699.709594726562 697.430725097656 695.856079101562 694.113830566406 692.385681152344 691.758117675781 691.709655761719 692.749450683594 690.656799316406 686.234436035156 682.064331054688 678.360229492188 677.696960449219 676.239196777344 675.293273925781 674.540283203125 675.059753417969 675.087951660156 673.310363769531 671.867736816406 671.204467773438
736.524291992188 736.045837402344 735.881164550781 734.917724609375 733.355834960938 732.722473144531 732.096557617188 728.997436523438 726.578979492188 725.02294921875 723.708251953125 722.530883789062 721.729736328125 721.397216796875 719.250122070312 718.558471679688 715.355590820312 712.589904785156 712.169799804688 710.881530761719 709.463745117188 707.556457519531 705.9775390625 704.515502929688 703.191772460938 701.542297363281 698.743408203125 696.178283691406 695.475524902344 695.399475097656 694.695190429688 693.253295898438 690.886657714844 686.591125488281 682.966186523438 680.2958984375 679.465148925781 678.245666503906 677.351989746094 675.922790527344 675.285400390625 675.873596191406 675.486389160156 673.957580566406 674.63720703125 672.392883300781
