rasters/Libya_bio10.asc
NCOLS 190 
NROWS 164 
XLLCORNER 9.286543823 
YLLCORNER 19.496123685 
CELLSIZE 0.0834965562894737 
NODATA_value -3.4e+38 
[rows 140 to 159 of 164, columns 138 to 183 of 190]
30.8326663970947 31.1603336334229 31.1781673431396 31.3323345184326 31.2281665802002 31.257833480835 31.2426662445068 31.1191654205322 31.0388336181641 31.0341663360596 31.1464996337891 31.3053321838379 31.4431667327881 31.3971672058105 31.2766666412354 31.0926666259766 30.8148345947266 30.6235008239746 30.5405006408691 30.4370002746582 30.486499786377 30.4713325500488 30.4615001678467 30.4953327178955 30.5631656646729 30.5340003967285 30.4623336791992 30.3641662597656 30.3583335876465 30.3756675720215 30.3738327026367 30.3498344421387 30.2119998931885 30.0126667022705 29.9466667175293 30.136833190918 30.2546672821045 30.3296661376953 30.4611663818359 30.4548320770264 30.4090003967285 30.6805000305176 31.048999786377 31.2755012512207 31.2713317871094 31.2061653137207
31.0026664733887 31.2239990234375 31.2165012359619 31.3605003356934 31.3993339538574 31.3018321990967 31.2058334350586 31.0633335113525 30.9993343353271 31.0526676177979 31.1523342132568 31.2498340606689 31.3256664276123 31.1636657714844 30.9020004272461 30.951000213623 30.7528343200684 30.5515003204346 30.424165725708 30.3333339691162 30.4376659393311 30.388500213623 30.2810001373291 30.2988338470459 30.4211654663086 30.3915004730225 30.3341674804688 30.3376655578613 30.3150005340576 30.3646659851074 30.3683338165283 30.2688331604004 30.0833320617676 29.9433326721191 29.7671680450439 29.9598331451416 30.1206665039062 30.1801681518555 30.2869987487793 30.4403343200684 30.4531669616699 30.6984996795654 31.2161674499512 31.2813339233398 31.13450050354 31.1445007324219
31.0368328094482 31.2729988098145 31.3983325958252 31.3856658935547 31.3354988098145 31.2536678314209 31.1363334655762 31.0128326416016 31.0065002441406 31.0931663513184 31.1025009155273 31.1623344421387 31.1348342895508 30.9489994049072 30.9566669464111 30.9876670837402 30.7896671295166 30.5774993896484 30.4978332519531 30.4561653137207 30.5036659240723 30.3781661987305 30.2299995422363 30.2068328857422 30.2720012664795 30.2781677246094 30.4006671905518 30.4811668395996 30.4553337097168 30.3729991912842 30.2623329162598 30.1433334350586 30.0106678009033 29.9021663665771 29.8356666564941 29.8483352661133 29.9683322906494 29.8141670227051 29.8998336791992 30.2024993896484 30.3938331604004 30.7401657104492 31.0258331298828 31.171667098999 31.1580009460449 31.0254993438721
31.091833114624 31.2105007171631 31.341833114624 31.326000213623 31.2760009765625 31.1776657104492 31.0446662902832 30.9751663208008 31.0366668701172 31.1878318786621 31.2283325195312 31.2281665802002 31.1101665496826 31.0946655273438 31.0943336486816 30.9233341217041 30.7045001983643 30.4733333587646 30.4156665802002 30.5483341217041 30.5795001983643 30.4794998168945 30.2644996643066 30.1809997558594 30.2248344421387 30.386833190918 30.554500579834 30.5558338165283 30.5736675262451 30.5448341369629 30.3956661224365 30.1818332672119 30.0604991912842 30.0086650848389 29.8800010681152 29.7496662139893 29.7846660614014 29.5325012207031 29.6573333740234 29.9696674346924 30.3531665802002 30.7368335723877 30.8208332061768 30.8478317260742 30.931999206543 30.8876667022705
31.3194999694824 31.2783336639404 31.2630004882812 31.2621669769287 31.2008323669434 31.0629997253418 30.8920001983643 30.9816665649414 31.1398334503174 31.2583332061768 31.2616672515869 31.1491661071777 31.0423316955566 31.0485000610352 30.9103317260742 30.7665004730225 30.8043327331543 30.7005004882812 30.7583332061768 30.7339992523193 30.5550003051758 30.3863334655762 30.2950000762939 30.2083339691162 30.2656669616699 30.3141670227051 30.4503345489502 30.4949989318848 30.5581665039062 30.566499710083 30.5578327178955 30.3695011138916 30.2303333282471 30.0774993896484 29.9130001068115 29.7514991760254 29.6068344116211 29.3314990997314 29.3981666564941 29.8110008239746 30.2963333129883 30.6996669769287 30.6735000610352 30.6270008087158 30.5641670227051 30.4148330688477
31.2203330993652 31.2830009460449 31.2299995422363 31.2081661224365 31.1079998016357 30.9133338928223 30.9271659851074 31.074499130249 31.2193336486816 31.2810001373291 31.2764987945557 31.1898345947266 31.0971660614014 30.8076667785645 30.7046661376953 30.8190002441406 30.7408332824707 30.7040004730225 30.6166667938232 30.4963340759277 30.4118328094482 30.4071655273438 30.3523330688477 30.4270000457764 30.4344997406006 30.4244995117188 30.4354991912842 30.5318336486816 30.5514984130859 30.5368328094482 30.5281658172607 30.4701671600342 30.3740005493164 30.1710014343262 30.031665802002 29.9425010681152 29.740665435791 29.3840007781982 29.2744998931885 29.6341667175293 30.1893329620361 30.3349990844727 30.2873344421387 30.2116661071777 30.2113342285156 30.1441669464111
-3.4e+38 -3.4e+38 31.1176662445068 31.1139984130859 31.0288333892822 31.015832901001 31.117000579834 31.2188339233398 31.2361679077148 31.1849994659424 31.1470012664795 31.0983333587646 31.0359992980957 30.8751659393311 30.6966667175293 30.7455005645752 30.7876663208008 30.7040004730225 30.6068325042725 30.5193347930908 30.4748344421387 30.4753341674805 30.5618324279785 30.6768321990967 30.6711654663086 30.6568336486816 30.5895004272461 30.5261669158936 30.4949989318848 30.4873332977295 30.4983329772949 30.5089988708496 30.4564990997314 30.3589992523193 30.2848320007324 30.2434997558594 30.0581665039062 29.6774997711182 29.5381660461426 29.8123340606689 30.0459995269775 29.8208332061768 29.673999786377 29.6508331298828 29.8571662902832 30.0531673431396
-3.4e+38 -3.4e+38 -3.4e+38 -3.4e+38 31.1165008544922 31.1446666717529 31.1876659393311 31.2186660766602 31.1951656341553 31.2055015563965 31.078332901001 30.8941669464111 31.0590000152588 30.9738330841064 30.7880001068115 30.7185001373291 30.5708332061768 30.4340000152588 30.3343334197998 30.4615001678467 30.6103343963623 30.6720008850098 30.7129993438721 30.7954998016357 30.7428321838379 30.5974998474121 30.4771671295166 30.4675006866455 30.4226665496826 30.429500579834 30.5043334960938 30.5583343505859 30.5863342285156 30.5188331604004 30.4038333892822 30.3344993591309 30.0504989624023 29.7876663208008 29.8261661529541 29.9408340454102 29.8704986572266 29.7735004425049 29.7164993286133 29.7133331298828 29.8444995880127 29.8680000305176
-3.4e+38 -3.4e+38 -3.4e+38 -3.4e+38 -3.4e+38 -3.4e+38 31.2196674346924 31.2318325042725 31.2336673736572 31.1744995117188 30.9934997558594 30.9363327026367 31.0380001068115 31.0895004272461 30.9986667633057 30.8601684570312 30.8031673431396 30.7193336486816 30.6354999542236 30.5739994049072 30.6455001831055 30.8696670532227 30.9023323059082 30.8068332672119 30.6959991455078 30.4613342285156 30.4188346862793 30.4034996032715 30.3520011901855 30.3708343505859 30.5148315429688 30.6158332824707 30.6730003356934 30.689998626709 30.6711654663086 30.5693340301514 30.0791664123535 29.9111671447754 29.9645004272461 29.8680000305176 29.8360004425049 29.8103332519531 29.8398342132568 29.7485008239746 29.5410003662109 29.5831661224365
-3.4e+38 -3.4e+38 -3.4e+38 -3.4e+38 -3.4e+38 -3.4e+38 -3.4e+38 -3.4e+38 31.1831665039062 31.1643333435059 31.0661659240723 31.0790004730225 31.1824989318848 31.2265014648438 31.0551662445068 30.9451656341553 30.8853340148926 30.8493328094482 30.8333339691162 30.8348331451416 31.0103340148926 31.1121673583984 30.9355010986328 30.7399997711182 30.5324993133545 30.4195003509521 30.3738327026367 30.3111667633057 30.292667388916 30.3225002288818 30.5445003509521 30.6650009155273 30.6763324737549 30.650333404541 30.6308326721191 30.4851665496826 30.0306663513184 29.9348335266113 29.9286670684814 29.8891677856445 29.7430000305176 29.6731662750244 29.5659999847412 29.480167388916 29.3994998931885 29.2544994354248
-3.4e+38 -3.4e+38 -3.4e+38 -3.4e+38 -3.4e+38 -3.4e+38 -3.4e+38 -3.4e+38 -3.4e+38 -3.4e+38 31.2721672058105 31.2775001525879 31.2903327941895 31.2066669464111 31.0401668548584 30.9438323974609 30.8511657714844 31.0536670684814 31.2405014038086 31.4203338623047 31.191499710083 30.9098320007324 30.7978343963623 30.6019992828369 30.4563331604004 30.3698329925537 30.3106670379639 30.2716674804688 30.3196678161621 30.4491672515869 30.5346660614014 30.3863334655762 30.4478340148926 30.3673343658447 30.2863330841064 30.248498916626 29.9908332824707 29.974666595459 30.0528335571289 29.9274997711182 29.7376670837402 29.5698337554932 29.4258346557617 29.2323322296143 29.2228336334229 29.204833984375
-3.4e+38 -3.4e+38 -3.4e+38 -3.4e+38 -3.4e+38 -3.4e+38 -3.4e+38 -3.4e+38 -3.4e+38 -3.4e+38 -3.4e+38 -3.4e+38 31.2406673431396 31.0265007019043 30.9781665802002 31.3398323059082 31.257833480835 31.1224994659424 31.1198329925537 30.9708347320557 30.9524993896484 30.9656658172607 30.6468334197998 30.4704990386963 30.3896675109863 30.3280010223389 30.2915000915527 30.248498916626 30.316499710083 30.4080009460449 30.3343334197998 30.25950050354 30.5069999694824 30.5779991149902 30.3698329925537 30.2006664276123 30.0926666259766 30.1533336639404 30.0698337554932 29.8796672821045 29.7770004272461 29.6831665039062 29.5718326568604 29.3291664123535 29.1431674957275 29.1459999084473
-3.4e+38 -3.4e+38 -3.4e+38 -3.4e+38 -3.4e+38 -3.4e+38 -3.4e+38 -3.4e+38 -3.4e+38 -3.4e+38 -3.4e+38 -3.4e+38 -3.4e+38 -3.4e+38 31.1906661987305 31.332332611084 31.0974998474121 30.9733333587646 31.0423336029053 31.1260013580322 31.1301670074463 30.7843341827393 30.511833190918 30.4061660766602 30.3388328552246 30.3020000457764 30.3213329315186 30.4778327941895 30.5648326873779 30.5190010070801 30.3326663970947 30.4166660308838 30.5913333892822 30.6206665039062 30.333833694458 30.2161674499512 30.1861667633057 30.1643333435059 30.0591659545898 29.9829998016357 29.9204998016357 29.7903327941895 29.6431674957275 29.4846668243408 29.3721675872803 29.2308349609375
-3.4e+38 -3.4e+38 -3.4e+38 -3.4e+38 -3.4e+38 -3.4e+38 -3.4e+38 -3.4e+38 -3.4e+38 -3.4e+38 -3.4e+38 -3.4e+38 -3.4e+38 -3.4e+38 -3.4e+38 -3.4e+38 31.1143341064453 31.1579990386963 30.9921684265137 30.7481670379639 30.6431655883789 30.5398330688477 30.4238338470459 30.3484992980957 30.3015003204346 30.3698329925537 30.6983337402344 30.8640003204346 30.6783332824707 30.5146675109863 30.384334564209 30.3808326721191 30.3594989776611 30.2746658325195 30.1208343505859 30.079833984375 30.1400012969971 30.1406669616699 30.1279983520508 30.1238327026367 30.0165004730225 29.9091682434082 29.8114986419678 29.6866664886475 29.5288333892822 29.2778339385986
-3.4e+38 -3.4e+38 -3.4e+38 -3.4e+38 -3.4e+38 -3.4e+38 -3.4e+38 -3.4e+38 -3.4e+38 -3.4e+38 -3.4e+38 -3.4e+38 -3.4e+38 -3.4e+38 -3.4e+38 -3.4e+38 -3.4e+38 -3.4e+38 30.8156661987305 30.6095008850098 30.4809989929199 30.4249992370605 30.353832244873 30.3358345031738 30.4048328399658 30.7781677246094 30.9624996185303 30.7985000610352 30.6615009307861 30.4580001831055 30.4106674194336 30.3563327789307 30.2355003356934 30.127498626709 30.0186653137207 30.0128326416016 30.0621681213379 30.122501373291 30.2180004119873 30.1946678161621 30.1075000762939 30.0161666870117 29.933500289917 29.7403335571289 29.4251670837402 29.2316665649414
-3.4e+38 -3.4e+38 -3.4e+38 -3.4e+38 -3.4e+38 -3.4e+38 -3.4e+38 -3.4e+38 -3.4e+38 -3.4e+38 -3.4e+38 -3.4e+38 -3.4e+38 -3.4e+38 -3.4e+38 -3.4e+38 -3.4e+38 -3.4e+38 -3.4e+38 -3.4e+38 30.4939994812012 30.3429985046387 30.3249988555908 30.445499420166 30.7893333435059 31.1268329620361 30.8396663665771 30.6319999694824 30.5491676330566 30.4441661834717 30.3134994506836 30.1748332977295 30.0126667022705 29.748498916626 29.7639999389648 29.8150005340576 29.9541664123535 30.1678333282471 30.2693328857422 30.2016677856445 30.1009998321533 30.0130004882812 29.9144992828369 29.5620002746582 29.3501663208008 29.2621669769287
-3.4e+38 -3.4e+38 -3.4e+38 -3.4e+38 -3.4e+38 -3.4e+38 -3.4e+38 -3.4e+38 -3.4e+38 -3.4e+38 -3.4e+38 -3.4e+38 -3.4e+38 -3.4e+38 -3.4e+38 -3.4e+38 -3.4e+38 -3.4e+38 -3.4e+38 -3.4e+38 -3.4e+38 -3.4e+38 30.3818340301514 30.7141666412354 30.9441661834717 30.683666229248 30.3096675872803 30.2808322906494 30.2049999237061 30.2519989013672 30.1040000915527 30.0361671447754 29.8698329925537 29.6376667022705 29.583667755127 29.7703342437744 29.9640007019043 30.1143321990967 30.2455005645752 30.2878341674805 30.0653343200684 29.9720001220703 29.6193332672119 29.496000289917 29.4033336639404 29.328498840332
-3.4e+38 -3.4e+38 -3.4e+38 -3.4e+38 -3.4e+38 -3.4e+38 -3.4e+38 -3.4e+38 -3.4e+38 -3.4e+38 -3.4e+38 -3.4e+38 -3.4e+38 -3.4e+38 -3.4e+38 -3.4e+38 -3.4e+38 -3.4e+38 -3.4e+38 -3.4e+38 -3.4e+38 -3.4e+38 -3.4e+38 -3.4e+38 -3.4e+38 30.1411666870117 30.0348320007324 29.9375 30.1100006103516 30.2075004577637 30.1604995727539 30.0523338317871 29.8343334197998 29.5471668243408 29.5221672058105 29.7870006561279 30.0576667785645 30.2328338623047 30.3834991455078 30.1089992523193 29.8118324279785 29.7174987792969 29.5676670074463 29.5963325500488 29.4963340759277 29.3035011291504
-3.4e+38 -3.4e+38 -3.4e+38 -3.4e+38 -3.4e+38 -3.4e+38 -3.4e+38 -3.4e+38 -3.4e+38 -3.4e+38 -3.4e+38 -3.4e+38 -3.4e+38 -3.4e+38 -3.4e+38 -3.4e+38 -3.4e+38 -3.4e+38 -3.4e+38 -3.4e+38 -3.4e+38 -3.4e+38 -3.4e+38 -3.4e+38 -3.4e+38 -3.4e+38 -3.4e+38 29.8384990692139 30.1149997711182 30.2546672821045 30.1841659545898 30.0650005340576 29.6838321685791 29.4576663970947 29.6723327636719 29.9458332061768 30.1771659851074 30.4298324584961 -3.4e+38 -3.4e+38 -3.4e+38 -3.4e+38 -3.4e+38 -3.4e+38 -3.4e+38 -3.4e+38
-3.4e+38 -3.4e+38 -3.4e+38 -3.4e+38 -3.4e+38 -3.4e+38 -3.4e+38 -3.4e+38 -3.4e+38 -3.4e+38 -3.4e+38 -3.4e+38 -3.4e+38 -3.4e+38 -3.4e+38 -3.4e+38 -3.4e+38 -3.4e+38 -3.4e+38 -3.4e+38 -3.4e+38 -3.4e+38 -3.4e+38 -3.4e+38 -3.4e+38 -3.4e+38 -3.4e+38 -3.4e+38 -3.4e+38 30.2894992828369 30.2543334960938 30.105167388916 29.7153339385986 29.566333770752 29.84716796875 30.1000003814697 30.3048343658447 30.341833114624 -3.4e+38 -3.4e+38 -3.4e+38 -3.4e+38 -3.4e+38 -3.4e+38 -3.4e+38 -3.4e+38
