rasters/Libya_bio4.asc
NCOLS 190 
NROWS 164 
XLLCORNER 9.286543823 
YLLCORNER 19.496123685 
CELLSIZE 0.0834965562894737 
NODATA_value -3.4e+38 
[rows 105 to 125 of 164, columns 92 to 137 of 190]
678.555725097656 678.257141113281 676.440673828125 674.278076171875 671.599243164062 670.3134765625 670.187927246094 671.610473632812 671.362670898438 670.496032714844 668.515014648438 666.455444335938 665.27880859375 665.617919921875 663.348937988281 663.193481445312 664.721130371094 665.791198730469 664.873657226562 665.676452636719 665.677673339844 662.666625976562 661.240844726562 660.84814453125 660.979919433594 662.96240234375 661.986633300781 659.937133789062 660.462951660156 663.930908203125 668.150451660156 670.493713378906 670.760986328125 672.931457519531 674.398620605469 675.409484863281 675.469482421875 676.135192871094 677.213195800781 676.042175292969 675.352783203125 675.253479003906 675.182434082031 675.900695800781 677.712036132812 678.02734375
678.225952148438 677.455505371094 674.479553222656 671.859802246094 670.350708007812 670.473876953125 671.173278808594 672.164672851562 671.742492675781 670.719604492188 668.794921875 666.445190429688 666.634033203125 666.228759765625 663.671447753906 664.753173828125 665.073364257812 664.538452148438 664.913818359375 665.041076660156 664.215148925781 662.909118652344 661.823181152344 662.724914550781 662.983215332031 663.885498046875 662.13720703125 659.396728515625 660.355041503906 664.860168457031 667.609802246094 669.687133789062 671.683715820312 673.714721679688 674.74755859375 675.111450195312 674.274597167969 676.013244628906 676.731994628906 677.811157226562 677.553771972656 674.772277832031 675.038024902344 676.233337402344 678.873046875 680.911437988281
676.626770019531 675.262512207031 672.997192382812 671.486938476562 670.632629394531 670.904113769531 671.632080078125 673.206726074219 671.383422851562 670.102111816406 668.59326171875 667.881286621094 668.008117675781 666.690307617188 665.506958007812 666.278015136719 666.264526367188 665.507080078125 664.920288085938 664.847106933594 665.2353515625 664.448425292969 664.540893554688 665.452087402344 665.669555664062 663.928405761719 662.565979003906 665.893859863281 666.983581542969 666.296264648438 667.794311523438 670.714965820312 672.790649414062 673.404174804688 674.60107421875 676.512145996094 677.36572265625 677.622192382812 677.662536621094 678.750183105469 677.339782714844 675.881713867188 676.307373046875 678.680114746094 680.050170898438 680.886474609375
674.818786621094 673.272277832031 672.021667480469 670.73046875 670.653259277344 671.366882324219 672.174194335938 672.05908203125 670.892517089844 670.142639160156 669.07177734375 669.330871582031 669.195434570312 667.773620605469 667.544738769531 667.775146484375 666.952880859375 665.693054199219 665.479858398438 665.881896972656 666.013244628906 666.221130371094 666.467651367188 666.42431640625 665.555969238281 664.343688964844 666.297180175781 668.735229492188 668.53955078125 666.366149902344 668.337707519531 671.183166503906 671.585632324219 673.285461425781 673.3115234375 674.879577636719 676.738220214844 677.567687988281 677.40478515625 676.852355957031 675.661437988281 675.341369628906 675.759582519531 678.322509765625 679.716247558594 679.946472167969
674.50830078125 671.981811523438 671.523620605469 671.441833496094 671.94140625 672.89697265625 673.106689453125 672.044982910156 671.507080078125 670.636474609375 669.600219726562 669.533813476562 669.550903320312 668.690856933594 668.214416503906 667.7841796875 667.444702148438 666.243957519531 665.572631835938 666.500854492188 667.340148925781 666.402954101562 667.034606933594 667.41943359375 667.005859375 666.890319824219 667.157897949219 668.678771972656 668.424743652344 668.310791015625 670.072204589844 669.460144042969 670.095336914062 671.543334960938 673.486022949219 675.046997070312 676.788635253906 677.460876464844 676.45458984375 676.022583007812 676.658996582031 676.363952636719 677.6083984375 679.099792480469 678.286987304688 678.565368652344
673.730712890625 672.782775878906 671.930541992188 672.47265625 673.689880371094 674.033386230469 673.060607910156 671.25634765625 670.425964355469 669.019958496094 668.3388671875 669.901184082031 669.553039550781 668.606750488281 668.587463378906 668.713317871094 667.426696777344 665.377807617188 666.461181640625 667.853698730469 668.069885253906 667.879699707031 668.838012695312 669.603515625 668.864868164062 669.557373046875 671.428771972656 671.601379394531 671.85791015625 672.231201171875 673.278503417969 672.68994140625 671.044311523438 672.227966308594 675.110778808594 676.208312988281 675.874938964844 675.440856933594 675.278625488281 675.820068359375 676.935241699219 675.519226074219 677.720520019531 677.600158691406 679.018615722656 678.711303710938
673.690490722656 673.279907226562 672.791564941406 674.12451171875 674.585510253906 674.079711914062 671.551086425781 669.084533691406 667.502685546875 667.009887695312 668.030822753906 670.848571777344 670.436645507812 670.235900878906 670.4658203125 669.553344726562 667.089660644531 668.397827148438 668.414245605469 669.969299316406 669.839904785156 669.967712402344 670.633239746094 672.272338867188 672.705078125 671.357482910156 673.469543457031 673.230346679688 672.848999023438 673.546936035156 673.619506835938 673.447998046875 673.513610839844 673.116088867188 674.666259765625 676.44970703125 675.293823242188 674.415405273438 675.294982910156 675.972045898438 676.355773925781 676.92822265625 676.795104980469 676.001281738281 677.346862792969 678.04443359375
674.70458984375 673.50732421875 674.298400878906 675.099914550781 674.240661621094 672.918029785156 669.333190917969 667.784057617188 666.924377441406 666.49609375 669.695007324219 671.2333984375 671.856567382812 671.235107421875 670.784973144531 668.839050292969 667.703308105469 669.610290527344 669.463256835938 671.535461425781 671.773559570312 671.048217773438 671.630432128906 673.168273925781 673.597106933594 673.559448242188 675.0556640625 674.719787597656 673.907104492188 673.937561035156 673.708862304688 674.268676757812 673.956787109375 673.274719238281 674.886779785156 676.830932617188 675.426025390625 674.893432617188 675.620849609375 675.678344726562 676.309753417969 676.768920898438 675.356750488281 675.347595214844 674.89599609375 674.956909179688
675.113342285156 674.632141113281 676.299621582031 676.098449707031 675.336181640625 671.178161621094 668.428344726562 667.169677734375 666.800659179688 667.429504394531 671.297668457031 671.392211914062 670.902770996094 671.221923828125 671.865234375 670.106567382812 668.438720703125 668.85498046875 670.45166015625 670.891296386719 671.166198730469 671.365417480469 673.217895507812 674.934936523438 676.120849609375 676.687622070312 675.684997558594 674.313537597656 673.718933105469 674.951354980469 675.648193359375 676.542846679688 676.232299804688 675.068725585938 676.073059082031 675.635314941406 674.624877929688 674.785278320312 676.713256835938 676.010803222656 676.827453613281 675.638916015625 674.94580078125 675.256896972656 675.063232421875 674.602966308594
675.368408203125 676.523742675781 677.268310546875 676.250305175781 675.269958496094 671.518005371094 667.499389648438 667.143249511719 666.597351074219 669.11572265625 671.582763671875 671.556274414062 671.960021972656 672.582946777344 672.683471679688 671.390869140625 669.399475097656 668.335266113281 670.421203613281 670.758666992188 670.736877441406 673.53515625 675.597229003906 675.489562988281 674.267822265625 674.813842773438 674.693298339844 674.024597167969 673.860107421875 675.320739746094 675.952331542969 677.920349121094 677.681884765625 677.050720214844 676.760681152344 676.17529296875 673.152404785156 672.764770507812 675.2578125 675.527465820312 675.800109863281 673.733093261719 673.98193359375 674.748229980469 673.535400390625 672.36279296875
677.543395996094 678.946044921875 678.017211914062 676.317321777344 675.788818359375 672.779968261719 667.950256347656 667.187133789062 667.343200683594 671.5341796875 672.729248046875 672.95458984375 672.970703125 674.021423339844 673.193542480469 672.06640625 669.952270507812 669.42724609375 670.697631835938 670.390441894531 670.087951660156 672.329040527344 675.297485351562 676.038269042969 673.613891601562 671.364013671875 672.200256347656 673.13916015625 672.540466308594 673.77001953125 676.671752929688 677.616271972656 677.60498046875 675.529846191406 676.372253417969 675.550537109375 672.063781738281 671.451721191406 673.782592773438 673.82666015625 674.238037109375 673.590026855469 673.691345214844 673.004943847656 672.552734375 673.003356933594
681.281005859375 680.308654785156 678.515502929688 676.797912597656 675.462219238281 674.837768554688 669.650024414062 666.984558105469 669.868469238281 673.313232421875 674.491821289062 674.021118164062 673.690124511719 674.738159179688 674.34912109375 672.324829101562 670.430908203125 670.484375 670.684326171875 670.194946289062 670.165893554688 670.797607421875 672.090576171875 673.057250976562 672.834716796875 670.714050292969 670.326110839844 671.64794921875 672.65625 673.378540039062 675.110656738281 676.139587402344 675.608764648438 674.601806640625 672.858032226562 673.435180664062 672.194152832031 670.583740234375 672.446838378906 672.430603027344 674.2880859375 674.142028808594 673.9072265625 671.592712402344 670.328735351562 671.649230957031
682.675231933594 679.984680175781 677.167358398438 674.416931152344 672.553894042969 673.357177734375 670.598815917969 668.231872558594 671.946166992188 673.899780273438 675.10205078125 674.883544921875 675.064819335938 675.1796875 673.837341308594 671.923828125 671.428344726562 672.389404296875 672.097290039062 671.476379394531 670.553039550781 670.338806152344 671.643676757812 670.896301269531 672.614990234375 670.845092773438 669.889953613281 669.712707519531 671.534118652344 672.3564453125 671.840759277344 672.098571777344 672.732971191406 671.494079589844 671.360107421875 671.419494628906 670.846984863281 670.962768554688 673.126708984375 671.478454589844 673.1484375 673.186157226562 673.511657714844 673.02099609375 670.332641601562 671.614318847656
680.209350585938 675.456787109375 672.900085449219 671.191101074219 669.131591796875 670.92138671875 672.059936523438 672.107666015625 673.343322753906 675.504272460938 675.260925292969 674.791809082031 676.081787109375 675.108947753906 674.691223144531 675.262634277344 673.275512695312 670.586242675781 669.4921875 669.110290527344 668.8828125 669.747619628906 668.05029296875 667.3310546875 670.13232421875 667.744995117188 666.217102050781 665.624328613281 667.766784667969 667.960327148438 668.393798828125 668.932312011719 670.531005859375 669.0478515625 670.843139648438 670.996459960938 669.975891113281 671.69287109375 671.464294433594 671.085632324219 671.994506835938 671.252746582031 669.580688476562 670.399169921875 671.318725585938 670.366149902344
675.149169921875 673.084411621094 671.5537109375 670.104858398438 668.644653320312 670.957641601562 673.3359375 673.316040039062 673.314453125 675.717163085938 674.895202636719 674.659301757812 676.166625976562 675.306213378906 675.486328125 676.765258789062 674.725646972656 670.493469238281 667.550476074219 667.822998046875 668.788513183594 669.763549804688 666.385131835938 665.394836425781 665.895935058594 666.680114746094 666.071594238281 665.629455566406 665.193420410156 666.60546875 667.312133789062 667.474792480469 667.2490234375 670.292663574219 670.087463378906 670.820739746094 669.632141113281 670.07470703125 668.909240722656 667.835144042969 669.717346191406 669.008422851562 666.583557128906 667.501403808594 669.293762207031 669.0078125
673.942077636719 672.709045410156 671.19384765625 669.810180664062 669.144470214844 671.666564941406 673.0908203125 673.220275878906 674.303833007812 675.794677734375 675.006286621094 675.5302734375 675.89794921875 675.011169433594 675.5859375 677.004516601562 675.126403808594 670.211181640625 666.601196289062 666.364318847656 668.009765625 667.961730957031 665.427612304688 664.204406738281 665.034790039062 664.779296875 664.893859863281 665.565551757812 666.25341796875 667.566650390625 666.262451171875 666.099243164062 665.333618164062 668.22021484375 667.480895996094 666.689025878906 666.795471191406 668.225402832031 668.335510253906 667.749450683594 669.453125 670.433898925781 667.66064453125 666.135437011719 668.880249023438 669.799011230469
673.591247558594 673.098693847656 671.503784179688 670.247741699219 670.736938476562 672.953430175781 673.264831542969 673.46923828125 676.014221191406 676.301147460938 675.208801269531 676.474975585938 675.428100585938 675.05322265625 673.267272949219 675.837585449219 675.484008789062 671.704406738281 666.073181152344 664.161926269531 665.245727539062 666.869384765625 665.387084960938 662.382385253906 661.483703613281 661.529846191406 662.345642089844 663.997375488281 665.283020019531 666.443664550781 666.2392578125 664.336303710938 665.978393554688 669.363464355469 665.575744628906 663.745666503906 664.824157714844 667.918518066406 668.0185546875 667.216430664062 671.005432128906 670.629089355469 669.9345703125 668.81689453125 669.187194824219 668.454040527344
673.325256347656 673.614868164062 671.365783691406 670.534240722656 671.356750488281 672.508117675781 672.42529296875 675.051818847656 677.713623046875 676.360290527344 676.185241699219 677.119445800781 675.369140625 675.078125 672.933837890625 674.667419433594 673.704284667969 672.190734863281 667.216857910156 662.860595703125 662.688659667969 662.378723144531 663.38330078125 661.592590332031 658.449951171875 657.668701171875 660.544067382812 664.016418457031 665.028381347656 665.500671386719 664.798828125 662.472595214844 665.801818847656 667.563720703125 666.274597167969 662.995300292969 663.858154296875 666.610473632812 666.542175292969 665.781066894531 670.634765625 668.677307128906 669.08203125 669.539672851562 668.396118164062 667.22998046875
-3.4e+38 -3.4e+38 671.638427734375 671.074279785156 670.799987792969 672.007507324219 673.5595703125 677.495666503906 678.707946777344 676.572326660156 676.286376953125 676.28466796875 675.57177734375 674.897277832031 671.576904296875 673.675964355469 672.976318359375 671.992004394531 666.887878417969 664.101196289062 661.480712890625 659.300537109375 660.386108398438 659.938842773438 656.899047851562 659.22314453125 659.881103515625 660.070068359375 663.39501953125 664.262756347656 662.047607421875 661.75 664.753173828125 669.339538574219 666.624328613281 661.510498046875 662.057739257812 665.292175292969 667.137573242188 666.863708496094 668.720092773438 667.107238769531 667.506896972656 667.022766113281 667.003784179688 666.226684570312
-3.4e+38 -3.4e+38 -3.4e+38 -3.4e+38 670.286071777344 671.600219726562 674.905212402344 680.384033203125 679.441284179688 676.637451171875 674.359497070312 673.411743164062 674.125122070312 674.78466796875 671.155456542969 671.195190429688 670.062072753906 669.059326171875 667.719970703125 664.708801269531 661.523559570312 654.107727050781 654.800842285156 655.209655761719 655.536437988281 655.989685058594 656.776000976562 658.877685546875 660.867492675781 662.379699707031 660.283447265625 660.332275390625 662.340698242188 665.945495605469 664.752014160156 661.352111816406 660.450500488281 664.434936523438 664.820251464844 665.070922851562 667.753173828125 666.401489257812 666.0283203125 663.083801269531 664.737365722656 664.866333007812
-3.4e+38 -3.4e+38 -3.4e+38 -3.4e+38 -3.4e+38 -3.4e+38 675.783142089844 680.824340820312 679.967651367188 675.3525390625 670.980102539062 670.528381347656 671.1484375 672.341369628906 672.198059082031 667.54833984375 668.571350097656 668.254089355469 667.4326171875 665.992370605469 663.714172363281 659.223693847656 654.266174316406 651.741333007812 652.747253417969 653.456298828125 655.242858886719 656.792785644531 658.599670410156 658.047668457031 657.95947265625 658.772033691406 658.767517089844 661.330139160156 661.886901855469 661.625244140625 660.784484863281 664.061767578125 662.995910644531 664.933166503906 666.798034667969 666.237915039062 663.750793457031 663.172485351562 663.454650878906 664.329650878906
