rasters/Libya_bio10.asc
NCOLS 190 
NROWS 164 
XLLCORNER 9.286543823 
YLLCORNER 19.496123685 
CELLSIZE 0.0834965562894737 
NODATA_value -3.4e+38 
[rows 100 to 119 of 164, columns 138 to 183 of 190]
30.1963329315186 30.2668342590332 30.3616676330566 30.4026660919189 30.5091667175293 30.5666675567627 30.5240001678467 30.4829998016357 30.4570007324219 30.433666229248 30.4524993896484 30.6224994659424 30.5716667175293 30.5335006713867 30.496166229248 30.4565010070801 30.4203338623047 30.4278335571289 30.4476680755615 30.4584999084473 30.4810009002686 30.4934997558594 30.4449996948242 30.4656658172607 30.5439987182617 30.6226654052734 30.667667388916 30.7288341522217 30.7238330841064 30.6563339233398 30.7343330383301 30.7905006408691 30.8413352966309 30.8430004119873 30.8798332214355 30.9860000610352 31.0148334503174 31.1609992980957 31.1201667785645 30.9023323059082 30.7651672363281 30.6768341064453 30.4788341522217 30.5270004272461 30.5979995727539 30.556999206543
30.1353340148926 30.1936664581299 30.3185005187988 30.3999996185303 30.4556674957275 30.4825000762939 30.4785003662109 30.4111671447754 30.4073333740234 30.4379997253418 30.6053333282471 30.5481662750244 30.457332611084 30.3946666717529 30.3910007476807 30.3935012817383 30.3758335113525 30.3851661682129 30.3936672210693 30.4463329315186 30.5276679992676 30.4391670227051 30.4056663513184 30.445499420166 30.4006671905518 30.4566669464111 30.5475006103516 30.6215000152588 30.5699996948242 30.5558338165283 30.7994995117188 30.7779998779297 30.8213348388672 30.8505001068115 30.9063339233398 31.0388336181641 31.1363334655762 31.2834987640381 31.1354999542236 30.9383335113525 30.7323341369629 30.576000213623 30.533332824707 30.6133346557617 30.6428337097168 30.613166809082
30.1138324737549 30.2070007324219 30.3024997711182 30.3531665802002 30.4010009765625 30.4080009460449 30.4168338775635 30.3850002288818 30.5021667480469 30.5820007324219 30.5628337860107 30.4118328094482 30.3326663970947 30.353832244873 30.3446674346924 30.3311672210693 30.3196678161621 30.3334999084473 30.3578338623047 30.507833480835 30.5271663665771 30.4514999389648 30.4578323364258 30.5854988098145 30.5551662445068 30.5090007781982 30.5709991455078 30.7058334350586 30.7735004425049 30.7798347473145 30.7973327636719 30.83766746521 30.9421672821045 31.0065002441406 31.0748329162598 31.1946659088135 31.2641658782959 31.1984996795654 31.0243339538574 31.0846672058105 30.8645000457764 30.6688327789307 30.7408332824707 30.6919994354248 30.5405006408691 30.4836654663086
30.4204998016357 30.4441680908203 30.3233337402344 30.4218330383301 30.4496669769287 30.3873329162598 30.3918342590332 30.3618335723877 30.505500793457 30.6193332672119 30.4756660461426 30.2950000762939 30.3376655578613 30.3015003204346 30.2719993591309 30.2623329162598 30.2765007019043 30.2944984436035 30.4190006256104 30.5394992828369 30.4036674499512 30.5041656494141 30.4589996337891 30.5436668395996 30.6261672973633 30.720832824707 30.8150005340576 30.9248332977295 30.9699993133545 30.9988327026367 31.0883331298828 31.1044998168945 31.070499420166 31.1555004119873 31.2273330688477 31.3334999084473 31.3269996643066 31.148832321167 31.1793327331543 31.2000007629395 31.0946674346924 30.9356651306152 30.9459991455078 30.8269996643066 30.6160011291504 30.5488338470459
30.4426670074463 30.5146675109863 30.545166015625 30.6875 30.4554996490479 30.382999420166 30.3808326721191 30.5324993133545 30.625 30.5951671600342 30.4321670532227 30.2941665649414 30.3210010528564 30.279333114624 30.2133331298828 30.2043323516846 30.2174987792969 30.2703323364258 30.5526657104492 30.4246654510498 30.4270000457764 30.4751663208008 30.5520000457764 30.6245002746582 30.7061653137207 30.9021663665771 31.0211658477783 31.107666015625 31.2406673431396 31.2480010986328 31.2399997711182 31.2531661987305 31.2270011901855 31.1638336181641 31.1983337402344 31.1748332977295 31.0616664886475 30.804666519165 30.7203330993652 30.7275009155273 30.857666015625 30.8759994506836 30.9553337097168 30.9206657409668 30.7328338623047 30.6505012512207
30.5219993591309 30.6403331756592 30.7043323516846 30.6299991607666 30.4901676177979 30.3891658782959 30.3659992218018 30.53466796875 30.6006660461426 30.6156673431396 30.5139999389648 30.3236656188965 30.2930011749268 30.3558349609375 30.3365001678467 30.1609992980957 30.1741676330566 30.4831657409668 30.5808334350586 30.2026672363281 30.171667098999 30.2771663665771 30.5139999389648 30.4951667785645 30.578332901001 30.6191673278809 30.8343334197998 31.0758323669434 31.2536659240723 31.17799949646 31.1098327636719 31.1318340301514 31.1590003967285 31.1408348083496 31.0713348388672 30.9309997558594 30.8723335266113 30.6319999694824 30.4195003509521 30.4428329467773 30.6113338470459 30.6356658935547 30.7395000457764 30.867000579834 30.7480010986328 30.7266674041748
30.4700012207031 30.5321674346924 30.5343341827393 30.4945011138916 30.4633331298828 30.3994998931885 30.3918342590332 30.4815006256104 30.5419998168945 30.623498916626 30.4016666412354 30.2770004272461 30.2803344726562 30.7546672821045 30.7863330841064 30.2188339233398 30.2185001373291 30.4306659698486 30.3374996185303 30.0370006561279 30.0338325500488 30.2256660461426 30.4123344421387 30.57200050354 30.804666519165 30.8548336029053 30.9274997711182 31.0645008087158 31.0165004730225 30.9365005493164 30.9393329620361 30.9475002288818 30.9955005645752 30.9806671142578 30.9046669006348 30.720666885376 30.7591667175293 30.5965003967285 30.3616676330566 30.3148326873779 30.4394989013672 30.5516662597656 30.6003341674805 30.7898330688477 30.8708343505859 30.8353328704834
30.5156669616699 30.5886650085449 30.5776672363281 30.4808330535889 30.4271659851074 30.4011669158936 30.3848323822021 30.4031658172607 30.4435005187988 30.4420013427734 30.2198333740234 30.2250003814697 30.2606658935547 30.5688323974609 30.6811676025391 30.2548332214355 30.1233329772949 30.0461654663086 30.0321674346924 29.9829998016357 29.896333694458 30.1928329467773 30.6283340454102 30.8661670684814 30.9475002288818 30.8566665649414 30.8141670227051 31.0056667327881 31.1271667480469 31.3318328857422 31.075834274292 30.9828338623047 30.9230003356934 30.7823333740234 30.8393325805664 30.7343330383301 30.7770004272461 30.7483329772949 30.5584983825684 30.396167755127 30.4006652832031 30.5605010986328 30.5820007324219 30.7641658782959 30.966833114624 30.8784999847412
30.4986667633057 30.7094993591309 30.7164993286133 30.5088348388672 30.4141674041748 30.3936672210693 30.3503341674805 30.3018321990967 30.3126678466797 30.203332901001 30.1731662750244 30.1725006103516 30.2248344421387 30.3331680297852 30.3229999542236 29.9936656951904 29.8776664733887 29.9648342132568 30.0383338928223 30.0365009307861 30.4734992980957 30.7625007629395 30.8214988708496 30.8803329467773 30.8489990234375 30.7506675720215 30.7954998016357 30.973165512085 31.1116676330566 31.1896667480469 30.9541664123535 30.8349990844727 30.8238334655762 30.5923347473145 30.595666885376 30.7759990692139 30.7784996032715 30.7348327636719 30.7465000152588 30.6844997406006 30.3328342437744 30.5813331604004 30.6551666259766 30.7576656341553 30.9273338317871 30.9780006408691
30.511999130249 30.65283203125 30.7084999084473 30.4949989318848 30.3955001831055 30.3506660461426 30.3080005645752 30.2186660766602 30.1634998321533 30.1171646118164 30.1148319244385 30.1113319396973 30.1511669158936 30.1853332519531 30.1749992370605 30.0526657104492 29.7838325500488 29.9663333892822 30.1043338775635 30.2679996490479 30.5510005950928 30.646333694458 30.6133327484131 30.6324996948242 30.6995010375977 30.7876663208008 30.9400005340576 31.0525016784668 30.966833114624 30.9978332519531 31.0238342285156 30.8751659393311 30.8698329925537 30.7631664276123 30.6630001068115 30.7035007476807 30.5574989318848 30.5786666870117 30.6771659851074 30.6521663665771 30.4308319091797 30.5348339080811 30.6911659240723 30.7859992980957 30.966667175293 31.0819988250732
30.5844993591309 30.7986660003662 30.7223320007324 30.4508323669434 30.3433322906494 30.2486667633057 30.24049949646 30.1439990997314 30.0568332672119 30.0289993286133 30.0436668395996 30.0260009765625 30.015832901001 29.8803329467773 30.1300010681152 29.9524993896484 29.8913345336914 30.0226669311523 30.4049987792969 30.4173336029053 30.5319995880127 30.6649990081787 30.6044998168945 30.6198329925537 30.7866668701172 30.9451675415039 30.9868316650391 30.8123340606689 30.7516670227051 30.9074993133545 30.9273338317871 30.8653335571289 30.875 30.8391666412354 30.7845001220703 30.650333404541 30.5636672973633 30.5166664123535 30.4876670837402 30.3824996948242 30.3016662597656 30.5203342437744 30.7771682739258 30.8219985961914 30.8956680297852 30.9563331604004
30.4578342437744 30.6196670532227 30.5103340148926 30.3738327026367 30.2255001068115 30.1658325195312 30.1136665344238 30.0083332061768 29.9338340759277 29.9029998779297 29.950834274292 29.9466667175293 29.7916660308838 29.7211666107178 30.1743335723877 30.2663326263428 30.3915004730225 30.4554996490479 30.5984992980957 30.5389995574951 30.5168342590332 30.5348339080811 30.5463333129883 30.6638336181641 30.8024997711182 30.7639999389648 30.6826667785645 30.6424999237061 30.63450050354 30.7670001983643 30.795166015625 30.8068332672119 30.753833770752 30.6889991760254 30.7028331756592 30.6168327331543 30.6351661682129 30.531665802002 30.416166305542 30.3308334350586 30.3226661682129 30.5880012512207 30.8198337554932 30.8381671905518 31.0571670532227 30.9196662902832
30.6135005950928 30.630500793457 30.4249992370605 30.3349990844727 30.1578330993652 30.0605010986328 30.0144996643066 29.8959999084473 29.7996673583984 29.816499710083 29.8635005950928 29.9456672668457 30.0246658325195 30.0659999847412 30.1831665039062 30.2431678771973 30.3998336791992 30.4168338775635 30.3566665649414 30.3355007171631 30.3991661071777 30.5093326568604 30.545166015625 30.6660003662109 30.6860008239746 30.5278339385986 30.466667175293 30.5628337860107 30.6096649169922 30.7250003814697 30.7388343811035 30.7700004577637 30.7201671600342 30.6800003051758 30.6603336334229 30.5843334197998 30.529333114624 30.4613342285156 30.3796672821045 30.5109996795654 30.5725002288818 30.7216663360596 30.9141674041748 31.0126667022705 31.1780014038086 30.8624992370605
30.6251659393311 30.521167755127 30.4528331756592 30.4101676940918 30.2609996795654 30.0909996032715 30.1428337097168 30.0494995117188 29.9204998016357 29.9726657867432 29.6364994049072 29.6683330535889 30.2021675109863 30.4401664733887 30.5531673431396 30.3269996643066 30.3460006713867 30.4189987182617 30.384334564209 30.3388328552246 30.4248332977295 30.558500289917 30.5951671600342 30.7285003662109 30.6988334655762 30.5276660919189 30.3864994049072 30.4471664428711 30.5756664276123 30.734001159668 30.7430000305176 30.7089996337891 30.5515003204346 30.5394992828369 30.4726657867432 30.375 30.3856658935547 30.3716659545898 30.2771663665771 30.4855003356934 30.7369995117188 30.7466659545898 30.8253326416016 30.9016666412354 30.9244995117188 30.7903327941895
30.4983329772949 30.451831817627 30.4568328857422 30.5533332824707 30.4576663970947 30.3981666564941 30.4013328552246 30.5691680908203 30.5321674346924 30.1468334197998 29.5745010375977 29.6248321533203 30.1380004882812 30.7076663970947 30.7998332977295 30.6266670227051 30.4431667327881 30.3881664276123 30.3851661682129 30.4363327026367 30.5131664276123 30.6041660308838 30.6971664428711 30.7328338623047 30.679666519165 30.5361671447754 30.3554992675781 30.3503341674805 30.5255012512207 30.7343330383301 30.6619987487793 30.5645008087158 30.3941669464111 30.3321666717529 30.4179992675781 30.3693332672119 30.4323348999023 30.3444995880127 30.2441673278809 30.4768333435059 30.6725006103516 30.7455005645752 30.7740001678467 30.8053321838379 30.6743335723877 30.6556663513184
30.3753337860107 30.3783340454102 30.4541664123535 30.367166519165 30.308666229248 30.1450004577637 30.2043342590332 30.4101657867432 30.6421661376953 29.8695011138916 29.6056671142578 29.7558326721191 30.0626678466797 30.5018329620361 30.5483341217041 30.4076671600342 30.3816661834717 30.3334999084473 30.3686676025391 30.3986663818359 30.4174995422363 30.6281661987305 30.7263336181641 30.7124996185303 30.6916656494141 30.5440006256104 30.3430004119873 30.226001739502 30.3806667327881 30.7105007171631 30.6863327026367 30.5323333740234 30.4204998016357 30.2118339538574 30.1750011444092 30.2935009002686 30.4033336639404 30.3628330230713 30.3116664886475 30.4401664733887 30.6175003051758 30.8751678466797 30.7601661682129 30.6035003662109 30.5491676330566 30.5443325042725
30.2888336181641 30.3123340606689 30.3281669616699 30.349666595459 30.326000213623 30.5445003509521 30.6655006408691 30.8058338165283 30.8221664428711 30.2216663360596 29.8023338317871 29.8541660308838 29.9518337249756 30.1865005493164 30.4571666717529 30.5369987487793 30.5774993896484 30.605167388916 30.5398330688477 30.4518337249756 30.4351673126221 30.6303329467773 30.6646671295166 30.6829986572266 30.7873344421387 30.6966667175293 30.4263324737549 30.2453327178955 30.3111667633057 30.6658325195312 30.7329998016357 30.4728336334229 30.4888343811035 30.4386672973633 30.2508335113525 30.2298336029053 30.3903331756592 30.3951663970947 30.2823333740234 30.3586673736572 30.5276660919189 30.7244987487793 30.66233253479 30.5961666107178 30.6413326263428 30.6490001678467
30.3356666564941 30.1615009307861 30.1713333129883 30.3453330993652 30.6896667480469 30.8819999694824 30.8506660461426 30.8969993591309 30.9186668395996 30.4326667785645 29.9459991455078 29.921667098999 29.9689998626709 30.2213325500488 30.9969997406006 31.0723342895508 31.0045013427734 30.9178333282471 30.728666305542 30.5948333740234 30.5858325958252 30.6585006713867 30.6303329467773 30.6505012512207 30.6648330688477 30.6986675262451 30.5 30.3888339996338 30.4878330230713 30.6261672973633 30.7581672668457 30.5520000457764 30.5161666870117 30.545166015625 30.4090003967285 30.515998840332 30.6996669769287 30.4556674957275 30.3904991149902 30.361499786377 30.4633331298828 30.6280002593994 30.6318321228027 30.5126667022705 30.5381660461426 30.7676677703857
30.1176662445068 30.0120010375977 30.0813331604004 30.4208335876465 30.9638328552246 31.0911674499512 30.929666519165 31.0500011444092 31.1003341674805 30.7821674346924 30.2781658172607 30.1580009460449 30.2541675567627 30.7480010986328 31.0541667938232 30.996166229248 30.9833335876465 30.8381671905518 30.6773338317871 30.6354999542236 30.6351661682129 30.535665512085 30.558666229248 30.7471656799316 30.6599998474121 30.4903335571289 30.3218326568604 30.2728328704834 30.3586673736572 30.5218334197998 30.7041664123535 30.6961669921875 30.5566673278809 30.4871673583984 30.5330009460449 30.6053352355957 30.716667175293 30.7841663360596 30.718334197998 30.6276664733887 30.6011657714844 30.6759986877441 30.6143341064453 30.462833404541 30.3521671295166 30.4791660308838
30.0808334350586 30.1521663665771 30.2193336486816 30.4838333129883 30.8894996643066 31.3026676177979 31.3166675567627 31.4273338317871 31.4685001373291 31.25 30.9629993438721 30.8151664733887 30.8775005340576 30.9020004272461 30.8041667938232 30.7644996643066 30.726167678833 30.5568332672119 30.4853343963623 30.5448341369629 30.6024990081787 30.5030002593994 30.4650001525879 30.5656661987305 30.591667175293 30.4288330078125 30.2071666717529 30.1103324890137 30.2468338012695 30.4148330688477 30.5491676330566 30.7345008850098 30.6674995422363 30.5836658477783 30.5464992523193 30.4220008850098 30.6064987182617 30.873664855957 30.8549995422363 30.7281665802002 30.7661666870117 30.8575000762939 30.7239990234375 30.4701652526855 30.5359992980957 30.3873329162598
