rasters/Libya_bio10.asc
NCOLS 190 
NROWS 164 
XLLCORNER 9.286543823 
YLLCORNER 19.496123685 
CELLSIZE 0.0834965562894737 
NODATA_value -3.4e+38 
[rows 100 to 119 of 164, columns 46 to 91 of 190]
30.5753326416016 30.5813331604004 30.5900001525879 30.595666885376 30.6410007476807 30.6963348388672 30.7296676635742 30.7721672058105 30.8476676940918 30.9066677093506 30.906665802002 30.8839988708496 30.8636665344238 30.8938331604004 30.9425010681152 31.1281661987305 31.3771667480469 31.0459995269775 30.7779998779297 30.574333190918 30.4183330535889 30.3033332824707 30.2058334350586 30.1011657714844 29.9723320007324 30.1496658325195 30.3104991912842 30.2700004577637 30.3158321380615 30.2828330993652 30.3863334655762 30.6340007781982 30.5930004119873 30.6551666259766 30.5854988098145 30.4226665496826 30.2625007629395 30.0128345489502 30.0413341522217 30.1638336181641 30.0673332214355 29.9316673278809 29.9125003814697 29.8975009918213 29.9080009460449 29.8878345489502
30.5868339538574 30.6035003662109 30.6233329772949 30.6403331756592 30.7100009918213 30.7775001525879 30.8756656646729 30.8540000915527 30.9013328552246 30.9213333129883 30.8821659088135 30.8776664733887 30.8913326263428 30.9280014038086 30.9868335723877 31.1823329925537 31.2950000762939 31.0815010070801 30.8778343200684 30.6268329620361 30.378999710083 30.3684997558594 30.4396667480469 30.3936653137207 30.3246669769287 30.405834197998 30.3978328704834 30.232666015625 30.2038326263428 30.3526668548584 30.5445003509521 30.7346668243408 30.671501159668 30.6418323516846 30.3979988098145 30.4460010528564 30.136999130249 29.9939994812012 30.0413341522217 30.1811656951904 30.022834777832 29.9546661376953 29.9326667785645 29.9190006256104 29.9173336029053 29.8483333587646
30.6168327331543 30.628833770752 30.6450004577637 30.6743335723877 30.7438335418701 30.7915000915527 30.8528327941895 30.8836669921875 30.9285011291504 30.9088325500488 30.8968334197998 30.9271659851074 30.9561672210693 30.984167098999 31.0670013427734 31.2298336029053 31.1878337860107 31.0696678161621 30.9358329772949 30.7013339996338 30.4440002441406 30.3866653442383 30.4973335266113 30.5413341522217 30.6321659088135 30.533166885376 30.3598327636719 30.2351665496826 30.3470001220703 30.5113334655762 30.6560001373291 30.6896667480469 30.7036666870117 30.621166229248 30.2714996337891 30.2591667175293 30.1014995574951 29.9698333740234 29.9678325653076 30.005500793457 29.9931659698486 29.9823341369629 29.9896678924561 29.9998340606689 29.9396667480469 29.9108333587646
30.6604995727539 30.6681671142578 30.6763343811035 30.7055015563965 30.7893333435059 30.8438339233398 30.8876667022705 30.9143333435059 30.9344997406006 30.9326667785645 30.943000793457 31.003833770752 31.0266666412354 31.079833984375 31.2413330078125 31.2303333282471 31.1919994354248 31.066499710083 30.9505004882812 30.8500003814697 30.8145008087158 30.7568321228027 30.6429996490479 30.5965003967285 30.61549949646 30.5736675262451 30.4108333587646 30.3383331298828 30.6105003356934 30.7373332977295 30.6979999542236 30.6251659393311 30.621166229248 30.406665802002 29.9563331604004 29.7119998931885 29.6245002746582 29.6370010375977 29.8460006713867 29.9600009918213 30.0073337554932 30.0485000610352 30.0623340606689 30.0165004730225 29.9696674346924 29.9848327636719
30.6856651306152 30.6891670227051 30.7053337097168 30.7688331604004 30.8279991149902 30.8858337402344 30.9048328399658 30.9288330078125 30.9685001373291 31.007833480835 31.0628337860107 31.1186676025391 31.1648330688477 31.2956657409668 31.3641662597656 31.2185001373291 31.1160011291504 31.0043334960938 31.1046676635742 31.1660003662109 31.1843338012695 31.3455009460449 31.1381664276123 30.878999710083 30.7439994812012 30.5096664428711 30.4646663665771 30.5201683044434 30.6593322753906 30.6281661987305 30.5989990234375 30.5555000305176 30.3811664581299 29.9285011291504 29.4790000915527 29.4228324890137 29.5598335266113 29.8736667633057 30.0191669464111 30.0074996948242 30.0475006103516 30.0471668243408 30.0558338165283 30.0410003662109 30.0651664733887 30.1193332672119
30.7126655578613 30.718334197998 30.771333694458 30.798999786377 30.875 30.9098339080811 30.9375 30.9818344116211 31.033166885376 31.0896663665771 31.136833190918 31.1969985961914 31.3381671905518 31.5068340301514 31.2896671295166 31.2554988861084 31.1650009155273 31.0795001983643 31.3745002746582 31.5625 31.5898342132568 31.4056663513184 31.1614990234375 30.8261661529541 30.6865005493164 30.6504993438721 30.861665725708 30.780834197998 30.654167175293 30.7139987945557 30.634334564209 30.4963340759277 30.1973342895508 29.5808334350586 29.3861675262451 29.5136661529541 29.8110008239746 30.0459995269775 30.0275001525879 30.0386657714844 30.0620002746582 30.0373344421387 30.0343322753906 30.095666885376 30.1516666412354 30.2005004882812
30.7251663208008 30.7638339996338 30.8129997253418 30.8454990386963 30.9196662902832 30.970666885376 31.0165004730225 31.0670013427734 31.105167388916 31.1576671600342 31.2201652526855 31.228666305542 31.4070014953613 31.6118335723877 31.405834197998 31.2978324890137 31.3516674041748 31.316333770752 31.7331676483154 31.7030010223389 31.5278339385986 31.3526668548584 31.1866664886475 31.054500579834 30.9049987792969 31.0671672821045 31.1639995574951 31.1078338623047 31.0391674041748 30.7654991149902 30.5468330383301 30.4326667785645 29.8563327789307 29.4344997406006 29.4941673278809 29.6768321990967 29.8903331756592 30.0641670227051 30.0419998168945 30.1163330078125 30.121000289917 30.0970001220703 30.0974998474121 30.1248340606689 30.1630001068115 30.2078323364258
30.7656650543213 30.8053340911865 30.8586673736572 30.9128341674805 30.984167098999 31.0389995574951 31.0799999237061 31.1256675720215 31.183666229248 31.2264995574951 31.2689990997314 31.3286666870117 31.4681663513184 31.568000793457 31.5738334655762 31.4698333740234 31.4895000457764 31.6983337402344 31.696834564209 31.4790000915527 31.2541675567627 31.2200012207031 31.2783336639404 31.2270011901855 31.27783203125 31.3351669311523 31.3048324584961 31.3436660766602 31.1226673126221 30.875 30.2439994812012 30.1386661529541 29.5708332061768 29.4578323364258 29.6226654052734 29.8459987640381 30.05299949646 30.0666656494141 30.0738334655762 30.1858329772949 30.1746654510498 30.1346664428711 30.1153335571289 30.1275005340576 30.1393337249756 30.1851673126221
30.8246669769287 30.8856658935547 30.9303340911865 30.966667175293 31.0394992828369 31.1059989929199 31.1513328552246 31.2119998931885 31.2724990844727 31.3273334503174 31.392333984375 31.470666885376 31.5513343811035 31.5536651611328 31.490665435791 31.5041675567627 31.5974998474121 31.8360004425049 31.6308326721191 31.5955009460449 31.2213344573975 31.2598342895508 31.2413330078125 31.2758331298828 31.5701675415039 31.6860008239746 31.5300006866455 31.2848339080811 30.8966674804688 30.7253341674805 29.859001159668 29.6110000610352 29.4360008239746 29.5046672821045 29.7741661071777 29.9211673736572 30.0364990234375 30.0656661987305 30.1251678466797 30.1586666107178 30.1316661834717 30.144832611084 30.1065006256104 30.1346664428711 30.1354999542236 30.0913333892822
30.9133338928223 30.946834564209 30.9858322143555 31.0401668548584 31.1243343353271 31.1989994049072 31.2556667327881 31.3081665039062 31.3836669921875 31.4436664581299 31.5174999237061 31.5960006713867 31.6700000762939 31.6451663970947 31.5949993133545 31.66233253479 31.7688331604004 31.7278327941895 31.6370010375977 31.5149993896484 31.2465000152588 31.355167388916 31.2776660919189 31.5651664733887 31.7623329162598 31.6513328552246 31.423999786377 30.9976673126221 30.6440010070801 30.9630012512207 30.1105003356934 29.4381675720215 29.3899993896484 29.5716667175293 29.7596664428711 29.9366664886475 30.0401668548584 30.0919990539551 30.1456661224365 30.1678333282471 30.1451663970947 30.1299991607666 30.0904998779297 30.0656661987305 30.0176677703857 30.0046672821045
30.9645004272461 31.0115013122559 31.0581665039062 31.1124992370605 31.1956672668457 31.2749996185303 31.3379993438721 31.4051666259766 31.4763336181641 31.5454998016357 31.5991668701172 31.6681671142578 31.6881675720215 31.5655002593994 31.507999420166 31.6498336791992 31.7473335266113 31.6770000457764 31.6334991455078 31.461332321167 31.3400001525879 31.2810001373291 31.3791656494141 31.7876663208008 31.7735004425049 31.4426670074463 31.1088333129883 30.8033332824707 30.650333404541 30.9353332519531 30.636833190918 29.7266674041748 29.4519996643066 29.5903339385986 29.8216667175293 29.9899997711182 30.0496654510498 30.0901679992676 30.138500213623 30.1539993286133 30.1245002746582 30.0659999847412 29.9874992370605 29.9599990844727 29.9663333892822 29.9543342590332
31.0481662750244 31.1014995574951 31.1525001525879 31.2023334503174 31.2968330383301 31.3881664276123 31.4536666870117 31.5016670227051 31.5613327026367 31.5960006713867 31.6658325195312 31.6718330383301 31.6161670684814 31.5798320770264 31.6028327941895 31.7818336486816 31.7953338623047 31.6235008239746 31.4556655883789 31.3444995880127 31.4123344421387 31.1479988098145 31.5699996948242 31.8349990844727 31.8878345489502 30.9441661834717 30.700834274292 30.5013332366943 30.605167388916 30.7313327789307 30.6485004425049 30.4136657714844 29.6731662750244 29.6231651306152 29.8551654815674 30.0356674194336 30.0550003051758 30.0478324890137 30.0561656951904 30.0378322601318 29.978832244873 29.9203338623047 29.8863334655762 29.9108333587646 29.9306678771973 29.9523334503174
31.1070003509521 31.1830005645752 31.247501373291 31.3035011291504 31.4261665344238 31.4889984130859 31.5343322753906 31.5583343505859 31.6083335876465 31.6469993591309 31.6461658477783 31.6938323974609 31.5551681518555 31.4440002441406 31.5889987945557 31.7608337402344 31.7714996337891 31.5130004882812 31.2280006408691 31.2971668243408 31.3540000915527 31.3225002288818 31.6239986419678 31.7648334503174 31.7726669311523 30.8383331298828 30.341833114624 30.3918342590332 30.4715003967285 30.5613327026367 30.4505004882812 30.4181671142578 30.2411670684814 29.7504997253418 29.8880004882812 30.0323333740234 29.9756660461426 29.9965000152588 30.0189990997314 29.9370002746582 29.8776664733887 29.8273334503174 29.8656673431396 29.9355010986328 29.921667098999 29.9806671142578
31.1878337860107 31.2480010986328 31.3080005645752 31.3921661376953 31.509334564209 31.5363330841064 31.5651664733887 31.5963325500488 31.5871658325195 31.578332901001 31.5494995117188 31.591667175293 31.5423336029053 31.5388336181641 31.6228332519531 31.7056655883789 31.6259994506836 31.4423332214355 31.2478332519531 31.255500793457 31.363166809082 31.6550006866455 31.7145004272461 31.6230010986328 31.7331676483154 30.8344993591309 30.1218338012695 30.2423343658447 30.4073333740234 30.4843330383301 30.3041648864746 30.1996669769287 30.4521675109863 30.113166809082 29.8738327026367 29.9611663818359 29.8945007324219 29.9625015258789 29.9501667022705 29.8448333740234 29.8889999389648 29.7996673583984 29.8261661529541 29.8703346252441 29.9323348999023 30.0221672058105
31.2374992370605 31.3059997558594 31.4050006866455 31.4676666259766 31.57200050354 31.6111679077148 31.6281661987305 31.6441650390625 31.5675010681152 31.5136680603027 31.5021667480469 31.5051670074463 31.4558334350586 31.515832901001 31.5646667480469 31.6183338165283 31.5060005187988 31.3738327026367 31.3256664276123 31.3606662750244 31.6248321533203 31.6873340606689 31.6218338012695 31.4611663818359 31.4348335266113 30.1651668548584 29.912166595459 30.0594997406006 30.2546653747559 30.3216667175293 30.1684989929199 29.997501373291 30.2236671447754 30.1875 29.8889999389648 29.8688335418701 29.9383335113525 29.9150009155273 29.8293342590332 29.8056678771973 29.9061660766602 29.9443321228027 29.8916664123535 29.8950004577637 29.9851665496826 30.0926666259766
31.3108329772949 31.3903331756592 31.4091663360596 31.4965000152588 31.603832244873 31.6336669921875 31.6609992980957 31.6618328094482 31.5564994812012 31.4618339538574 31.5153331756592 31.488166809082 31.5606670379639 31.5931663513184 31.3655014038086 31.3293342590332 31.337833404541 31.2796669006348 31.4448337554932 31.6520004272461 31.6546669006348 31.7278327941895 31.4314994812012 31.3640003204346 30.8848342895508 29.8311672210693 29.7596664428711 29.9651660919189 30.1341667175293 30.1778335571289 30.1618328094482 30.0294990539551 30.2185001373291 30.2840003967285 30.0776672363281 30.0578346252441 29.9635009765625 29.8250007629395 29.7369995117188 29.7798328399658 29.9091663360596 29.9301662445068 29.9766674041748 30.0125007629395 30.0656661987305 30.2121658325195
31.3621673583984 31.3791675567627 31.4635009765625 31.5659999847412 31.6096668243408 31.6450004577637 31.6563320159912 31.6173324584961 31.5686664581299 31.5375003814697 31.5965003967285 31.8784999847412 31.7830009460449 31.58766746521 31.3066673278809 31.2519989013672 31.4951667785645 31.4570007324219 31.6344985961914 31.734001159668 31.6411666870117 31.5354995727539 31.3835010528564 31.2259998321533 30.5914993286133 29.6830005645752 29.6135005950928 29.829833984375 29.9848327636719 30.0553340911865 30.0661659240723 30.122501373291 30.2210006713867 30.2056674957275 30.1536674499512 30.1166667938232 29.9344997406006 29.7633323669434 29.6924991607666 29.8196659088135 29.8888339996338 29.8796672821045 30.0403327941895 30.1498336791992 30.2463340759277 30.4290008544922
31.3513336181641 31.478832244873 31.5778331756592 31.5826663970947 31.6370010375977 31.6556663513184 31.6399993896484 31.6240005493164 31.5523338317871 31.517333984375 31.5238342285156 32.0746650695801 31.8708343505859 31.4221668243408 31.4734992980957 31.5871658325195 31.845832824707 31.7978324890137 31.7761669158936 31.7913341522217 31.5729999542236 31.4188327789307 31.2649993896484 30.859167098999 30.3033332824707 29.5091667175293 29.4425010681152 29.6926670074463 29.8600006103516 29.8841667175293 29.9225006103516 30.046501159668 -3.4e+38 -3.4e+38 -3.4e+38 -3.4e+38 30.0729999542236 29.798999786377 29.8188343048096 30.0386657714844 30.1281661987305 30.121166229248 30.2496681213379 30.3193321228027 30.3991661071777 30.5673332214355
31.4753322601318 31.6140003204346 31.6709995269775 31.6686668395996 31.6743335723877 31.6571674346924 31.5883331298828 31.5811672210693 31.5691661834717 31.6123332977295 31.8559989929199 31.7241668701172 31.5403327941895 31.5016670227051 31.5825004577637 31.6551666259766 31.8090000152588 31.7763328552246 31.855167388916 31.7414989471436 31.4288330078125 31.220832824707 30.9718322753906 30.5968322753906 29.9895000457764 29.361499786377 29.2790012359619 29.6284999847412 29.6818332672119 29.765998840332 -3.4e+38 -3.4e+38 -3.4e+38 -3.4e+38 -3.4e+38 -3.4e+38 -3.4e+38 -3.4e+38 30.1001663208008 30.1778335571289 30.2315006256104 30.2509994506836 30.3123340606689 30.40016746521 30.558666229248 30.6833324432373
-3.4e+38 -3.4e+38 31.8443336486816 31.7081661224365 31.6436672210693 31.6254997253418 31.5311660766602 31.5389995574951 31.4669990539551 31.3768329620361 31.3268337249756 31.4244995117188 31.4833335876465 31.4528331756592 31.462833404541 31.9165000915527 32.1091690063477 31.9191665649414 31.8773326873779 31.6868324279785 31.216667175293 30.941499710083 30.5873336791992 30.136833190918 29.4566669464111 29.1849994659424 29.1161670684814 -3.4e+38 -3.4e+38 -3.4e+38 -3.4e+38 -3.4e+38 -3.4e+38 -3.4e+38 -3.4e+38 -3.4e+38 -3.4e+38 -3.4e+38 -3.4e+38 -3.4e+38 30.273832321167 30.3176670074463 30.3971672058105 30.5326671600342 30.7508335113525 30.7398338317871
