rasters/Libya_bio8.asc
NCOLS 190 
NROWS 164 
XLLCORNER 9.286543823 
YLLCORNER 19.496123685 
CELLSIZE 0.0834965562894737 
NODATA_value -3.4e+38 
[rows 60 to 79 of 164, columns 92 to 137 of 190]
16.2271671295166 16.3040008544922 16.3500003814697 16.2638339996338 16.2091674804688 16.2193336486816 16.2201671600342 16.1886672973633 16.2433338165283 16.4781665802002 16.4980010986328 16.2591667175293 15.8129997253418 15.9561672210693 16.1013336181641 16.246000289917 16.3351669311523 12.3463335037231 12.4451665878296 12.4025001525879 12.2596664428711 12.4589996337891 12.5904998779297 12.5939998626709 12.5796670913696 12.610333442688 12.6758327484131 12.6963329315186 12.683500289917 12.7344999313354 12.8205003738403 12.7813339233398 12.7521667480469 12.8361663818359 12.9844999313354 13.0413331985474 13.0784997940063 13.1134996414185 12.7974996566772 12.7003326416016 13.8858337402344 13.8818330764771 13.9361667633057 14.3651666641235 14.6969995498657 14.8409996032715
16.0983333587646 16.2026653289795 16.283332824707 16.265832901001 16.2170009613037 16.2723331451416 16.2856674194336 16.3248329162598 16.2806663513184 16.2765007019043 16.3156661987305 16.0125007629395 15.8760004043579 15.7670001983643 15.9794998168945 16.1163330078125 16.1776657104492 12.2631664276123 12.4633331298828 12.4821662902832 12.1834993362427 12.4576663970947 12.4028339385986 12.4984998703003 12.4541664123535 12.5493335723877 12.6189994812012 12.6671667098999 12.7001667022705 12.8466663360596 12.8036670684814 12.7656669616699 12.7811660766602 12.7961664199829 12.9731664657593 13.0226669311523 13.0363340377808 14.4198331832886 14.4641666412354 14.191333770752 13.9091663360596 13.9368333816528 14.0588331222534 14.3051662445068 14.6871662139893 14.8833332061768
15.9755001068115 16.0951671600342 16.2111663818359 16.2473335266113 16.2291660308838 16.2910003662109 16.304666519165 16.376501083374 16.4134998321533 16.310998916626 16.316499710083 16.2281665802002 16.1121654510498 15.985333442688 15.7884998321533 16.0559997558594 16.3361663818359 16.5493335723877 16.8133335113525 12.4621667861938 12.2916669845581 12.458833694458 12.41100025177 12.4835004806519 12.4828338623047 12.5774993896484 12.6233329772949 12.7154998779297 12.7068328857422 12.7995004653931 12.8319997787476 12.797833442688 12.8083333969116 12.8193330764771 12.9486665725708 14.1808338165283 14.2158336639404 14.3185005187988 14.6563329696655 14.6951665878296 14.5386667251587 14.4495000839233 14.3015003204346 14.3866662979126 14.8015003204346 14.904333114624
15.8166666030884 15.8148336410522 15.9104995727539 16.0399990081787 16.1356658935547 16.2141666412354 16.3401660919189 16.3838329315186 16.3599987030029 16.3618335723877 16.3500003814697 16.3686656951904 16.4955005645752 16.2438335418701 16.0176658630371 16.0123329162598 16.292667388916 16.853666305542 17.0336666107178 16.7963333129883 16.7558326721191 13.6758337020874 13.6805000305176 13.6228332519531 13.6400003433228 13.6976661682129 13.7568330764771 13.8319997787476 13.8365001678467 13.9183340072632 14.0853328704834 14.0818328857422 14.0989999771118 14.0556669235229 14.1180000305176 14.1798334121704 14.2388334274292 14.2653331756592 14.4008331298828 14.6211671829224 14.835000038147 14.8398332595825 14.6590003967285 14.8288335800171 14.9551668167114 15.0126667022705
15.6044998168945 15.5284996032715 15.5676670074463 15.7183332443237 15.8433332443237 15.9246664047241 16.2416667938232 16.3633327484131 16.3173332214355 16.3815002441406 16.3343334197998 16.5345001220703 16.7523326873779 16.4891662597656 16.2866668701172 16.0921669006348 16.3873329162598 16.921501159668 16.8479995727539 16.8706665039062 16.8091659545898 16.7390003204346 13.7211666107178 13.7586669921875 13.708833694458 13.7331666946411 13.7988338470459 13.8228330612183 13.9160003662109 13.9435005187988 14.0876665115356 14.1231660842896 14.1164999008179 14.0886669158936 14.1715002059937 14.1828336715698 14.2694997787476 14.3064994812012 14.3811664581299 14.529333114624 14.6495008468628 14.7818336486816 14.9723329544067 15.0131664276123 15.0194997787476 15.076000213623
15.4543333053589 15.4168338775635 15.3636665344238 15.4303331375122 15.6203327178955 15.7738332748413 15.9763336181641 16.1138324737549 16.3365001678467 16.4228324890137 16.5618343353271 16.7403335571289 16.8686676025391 16.6688327789307 16.458833694458 16.3851661682129 16.7869987487793 16.9274997711182 16.7303333282471 16.9273338317871 16.8673343658447 16.7368335723877 16.7678337097168 16.875 13.7910003662109 13.7691669464111 13.8193330764771 13.8874998092651 13.956000328064 13.9736661911011 14.099666595459 14.1674995422363 14.1836671829224 14.143500328064 14.2136669158936 14.247166633606 14.3140001296997 14.3423328399658 14.4123334884644 14.5196666717529 14.630500793457 14.7849998474121 14.8661661148071 14.9246664047241 14.9816665649414 15.1086664199829
15.2981672286987 15.2455005645752 15.164834022522 15.2320003509521 15.2026662826538 15.492166519165 15.8326663970947 16.0650005340576 16.2656669616699 16.4468326568604 16.6263332366943 16.746166229248 16.8041667938232 16.9006671905518 16.9171676635742 16.9963340759277 17.2361660003662 17.1743335723877 16.9191665649414 17.0310001373291 16.9263324737549 16.7585010528564 16.8368339538574 16.9283332824707 16.9624996185303 17.0235004425049 13.9211664199829 13.9148330688477 13.9646663665771 14.0326671600342 14.1215000152588 14.2203340530396 14.1569995880127 14.1844997406006 14.2480001449585 14.2711668014526 14.3411664962769 14.3909997940063 14.4604997634888 14.5343332290649 14.6160001754761 14.7293338775635 14.8356666564941 14.8824996948242 14.9215002059937 15.0921669006348
15.2001667022705 14.8931665420532 14.7556667327881 15.0216665267944 15.2136669158936 15.3731670379639 15.6359996795654 15.8681669235229 16.1551666259766 16.3519992828369 16.5393333435059 16.7726669311523 16.9169998168945 17.0991668701172 17.2000007629395 17.4283332824707 17.4721660614014 17.3891658782959 17.1485004425049 17.1128330230713 17.0566673278809 16.9545001983643 16.9496669769287 17.007999420166 17.0148334503174 17.1364994049072 17.1778335571289 17.1843338012695 14.0126667022705 14.0816669464111 14.1998338699341 14.2443332672119 14.2033338546753 14.2030000686646 14.2518329620361 14.3171663284302 14.4048337936401 14.4394998550415 14.5018339157104 14.5768337249756 14.6233329772949 14.7173337936401 14.8056659698486 14.8514995574951 14.8956661224365 15.0139999389648
15.2476663589478 14.8804998397827 14.7840003967285 14.9856662750244 15.1618328094482 15.4104995727539 15.6498336791992 15.8698329925537 16.1158332824707 16.3683338165283 16.52516746521 16.7221660614014 16.9206657409668 17.1488342285156 17.2385005950928 17.4406661987305 17.3528327941895 17.1674995422363 17.0971660614014 17.1298332214355 17.0778331756592 17.138334274292 17.0319995880127 17.025333404541 17.1263332366943 17.1806678771973 17.2213325500488 17.2311668395996 17.3368339538574 17.3864994049072 17.4236660003662 17.476167678833 14.2183332443237 17.5101661682129 17.603666305542 14.3728332519531 14.460000038147 14.4471664428711 14.5240001678467 14.5909996032715 14.6431665420532 18.074333190918 13.4301662445068 13.4593334197998 13.5076665878296 18.3356666564941
15.3803329467773 14.9488334655762 14.7816667556763 15.0363330841064 15.2303333282471 15.518500328064 15.7220001220703 15.8850002288818 16.1205005645752 16.3426666259766 16.5764999389648 16.828332901001 17.0728340148926 17.2609996795654 17.3751659393311 17.5001659393311 17.375 17.2565002441406 17.1608333587646 17.1604995727539 17.1773338317871 17.1911659240723 17.1401672363281 17.103666305542 17.1873340606689 17.2558326721191 17.2978343963623 17.341667175293 17.4496669769287 17.4391670227051 17.4751663208008 17.5396671295166 17.5353336334229 17.5758323669434 17.6696662902832 17.7028331756592 14.4393339157104 14.4809999465942 17.8905010223389 17.9761657714844 18.0475006103516 18.1238327026367 18.1601676940918 18.183500289917 18.2553329467773 18.4051666259766
19.4868335723877 15.2743330001831 14.9451665878296 15.0974998474121 15.3090000152588 15.4411668777466 19.3621673583984 15.7813329696655 16.0668334960938 16.3589992523193 16.6233329772949 16.8893337249756 17.2194995880127 17.3933334350586 17.5706672668457 17.6508331298828 17.6346664428711 17.429500579834 17.2458343505859 17.2325000762939 17.238000869751 17.2259998321533 17.2918319702148 17.2521667480469 17.2298336029053 17.3098335266113 17.332332611084 17.4344997406006 17.4934997558594 17.4836673736572 17.566499710083 17.5893325805664 17.6618328094482 17.646167755127 17.7121658325195 17.74049949646 17.7916660308838 17.8728332519531 17.9461669921875 18.0329990386963 18.0816669464111 18.179666519165 18.1998329162598 18.2316665649414 22.449333190918 22.6499996185303
19.7070007324219 19.4511661529541 15.2183332443237 15.0798330307007 15.1439990997314 15.3178329467773 19.4863338470459 15.9086666107178 16.1749992370605 16.5256671905518 16.8213329315186 17.0458335876465 17.3098335266113 17.4243335723877 17.6048336029053 17.7200012207031 17.6841659545898 17.4874992370605 17.4181671142578 17.5101661682129 17.4321670532227 17.3348331451416 17.3356666564941 17.3291664123535 17.3026676177979 17.3666667938232 17.429666519165 17.4939994812012 17.5398330688477 17.6336669921875 17.6560001373291 17.7040004730225 17.7234992980957 17.7278327941895 17.759334564209 17.810001373291 17.8438339233398 17.9111671447754 17.9836673736572 18.0566673278809 18.1366672515869 22.3503341674805 22.3718338012695 22.4073333740234 22.5869998931885 22.7841663360596
19.9225006103516 19.7023334503174 19.3589992523193 19.1283340454102 19.1241664886475 19.3383331298828 19.6141662597656 16.1555004119873 16.3745002746582 16.5761661529541 16.7996673583984 20.8931674957275 17.3460006713867 17.513334274292 17.6615009307861 17.7901668548584 17.8470001220703 17.8246669769287 17.7870006561279 17.8491668701172 17.7026672363281 17.4691677093506 17.3800010681152 17.3686656951904 17.4181671142578 17.4266662597656 17.5200004577637 17.5188331604004 17.6223335266113 17.699499130249 17.7385005950928 17.7674999237061 17.7835006713867 17.7959995269775 17.8309993743896 17.8836669921875 17.9004993438721 17.9736671447754 18.0478324890137 18.1286659240723 22.2843322753906 22.5146675109863 22.5241661071777 22.5726680755615 22.7223339080811 22.9099998474121
16.1490001678467 15.9136667251587 19.6750011444092 19.5388336181641 19.3913326263428 19.525333404541 15.9036664962769 16.2563323974609 16.5171661376953 16.7393341064453 20.8138332366943 17.1801662445068 17.4015007019043 17.5729999542236 17.7423343658447 17.849666595459 17.9098339080811 17.8145008087158 17.6373329162598 17.6908340454102 17.6639995574951 17.5189990997314 17.4860000610352 17.5041675567627 17.5636672973633 17.558666229248 17.5925006866455 17.6180000305176 17.7503337860107 17.7986679077148 17.8129997253418 17.8129997253418 17.8623332977295 17.8726673126221 17.9274997711182 17.9608345031738 17.9823341369629 18.0441665649414 22.1660003662109 22.2620010375977 22.4151668548584 22.5740013122559 22.5826663970947 22.6595001220703 22.8211669921875 22.9906673431396
16.4438343048096 16.2164993286133 15.8979997634888 19.7630004882812 19.6923332214355 15.8383331298828 16.0961666107178 16.3621673583984 16.6006660461426 20.720666885376 21.0376663208008 17.3486671447754 17.5208339691162 17.7503337860107 17.8479995727539 17.7898330688477 17.7336673736572 17.7329998016357 17.6746673583984 17.6458339691162 17.6663341522217 17.6643333435059 17.6683330535889 17.6879997253418 17.7143325805664 17.6968326568604 17.6580009460449 17.6940002441406 17.8530006408691 17.8733329772949 17.9104995727539 17.9018325805664 17.9195003509521 17.9686660766602 18.029333114624 18.0136661529541 18.0583324432373 22.1630001068115 22.2425003051758 22.3594989776611 22.482666015625 22.595666885376 22.6658325195312 22.7544994354248 22.8873329162598 22.9988346099854
20.6306667327881 16.6083335876465 16.3383331298828 16.1198329925537 16.1068325042725 16.0384998321533 16.2213344573975 16.5088329315186 20.6235008239746 20.9128341674805 21.1790008544922 17.4764995574951 17.6723327636719 17.8285007476807 17.9008331298828 17.730167388916 17.7194995880127 17.6550006866455 17.6504993438721 17.6761665344238 17.7536659240723 17.7521667480469 17.753833770752 17.7893333435059 17.8209991455078 17.7971668243408 17.6893329620361 17.7523326873779 17.8531665802002 17.9001655578613 21.8858337402344 21.9178333282471 21.9948329925537 22.117000579834 22.117166519165 22.0986652374268 22.183666229248 22.2665004730225 22.3211669921875 22.4563331604004 22.5556659698486 22.6738338470459 22.7749996185303 22.82200050354 22.9381656646729 23.0174999237061
20.9099998474121 20.8516674041748 20.7014999389648 20.4965000152588 20.4981670379639 20.3873329162598 20.5243339538574 20.8028335571289 20.9330005645752 21.1854991912842 17.5186672210693 17.6949996948242 17.8071670532227 17.8741664886475 17.6618328094482 17.6148338317871 17.625 17.6418342590332 17.6666660308838 17.6923332214355 17.7678337097168 17.7835006713867 17.8343334197998 17.9190006256104 17.9519996643066 17.9465007781982 17.8611660003662 17.8213329315186 21.816333770752 21.9221668243408 21.9409999847412 21.9916667938232 22.1311664581299 22.2140007019043 22.1746673583984 22.1940002441406 22.2638339996338 22.3280010223389 22.4034996032715 22.5305004119873 22.6630001068115 22.7458343505859 22.8369998931885 22.8838329315186 22.9934997558594 18.8395004272461
20.7714996337891 21.0231666564941 21.0020008087158 20.8770008087158 20.917667388916 20.92799949646 21.0081672668457 21.2158336639404 21.3134994506836 17.5821666717529 17.7316665649414 17.886833190918 17.9518337249756 17.8898334503174 17.6943340301514 17.6973342895508 17.6940002441406 17.6856670379639 17.7136669158936 17.7676677703857 17.8061676025391 17.8681678771973 17.9471664428711 18.0543327331543 22.0026664733887 21.9955005645752 21.8728332519531 21.769832611084 21.9244995117188 22.0248336791992 22.0653324127197 22.1363334655762 22.2550010681152 22.2823333740234 22.2626667022705 22.3316669464111 22.3400001525879 22.4161682128906 22.5470008850098 22.6966667175293 22.8064994812012 22.8404998779297 22.9409999847412 22.9846668243408 23.0644989013672 18.890832901001
20.9270000457764 21.0218334197998 21.1089992523193 21.154333114624 21.1343326568604 21.1415004730225 21.3383331298828 21.4313335418701 17.6925010681152 17.8218326568604 17.9928321838379 18.0260009765625 18.0659999847412 17.986665725708 17.832332611084 17.9080009460449 17.988166809082 17.8594989776611 17.9048328399658 17.9139995574951 17.9741668701172 22.0576667785645 22.0468330383301 22.0219993591309 22.025333404541 22.0160007476807 21.9064998626709 21.8999996185303 22.0516662597656 22.1159992218018 22.1674995422363 22.2633323669434 22.3344993591309 22.3151664733887 22.3549995422363 22.4048328399658 22.4419994354248 22.5431671142578 22.6848335266113 22.8173332214355 22.8824996948242 18.7456665039062 18.8201675415039 18.8263339996338 18.8728332519531 18.9153327941895
17.1341667175293 20.9640007019043 21.292667388916 21.3793334960938 21.4278335571289 21.34983253479 17.5693340301514 17.863000869751 17.9799995422363 18.1666660308838 18.3703327178955 18.4793338775635 18.3706665039062 18.1865005493164 18.175666809082 18.1356658935547 21.9481658935547 22.0463333129883 22.1989994049072 22.2861671447754 22.3641662597656 22.3236675262451 22.1669998168945 22.132999420166 22.1501655578613 22.1091651916504 22.0184993743896 21.9926662445068 22.138500213623 22.1903324127197 22.2898330688477 22.3776664733887 22.3698329925537 22.3784999847412 22.4549999237061 22.4701671600342 22.5348339080811 22.6528339385986 22.7973327636719 22.9096660614014 18.7544994354248 18.855167388916 18.9213333129883 18.8881664276123 18.9069995880127 18.9531669616699
