rasters/Libya_bio8.asc
NCOLS 190 
NROWS 164 
XLLCORNER 9.286543823 
YLLCORNER 19.496123685 
CELLSIZE 0.0834965562894737 
NODATA_value -3.4e+38 
[rows 40 to 59 of 164, columns 0 to 45 of 190]
-339999999999999996123846586046231871488.000000000000000 -3.4e+38 -3.4e+38 -3.4e+38 13.610333442688 13.5143327713013 13.4709997177124 13.452000617981 13.3503332138062 13.4954996109009 13.4098329544067 13.2813329696655 13.1943330764771 13.2663335800171 13.2221670150757 13.0450000762939 12.8453330993652 12.4028339385986 12.1456670761108 12.0375003814697 11.9631662368774 11.9130001068115 11.9160003662109 11.8588333129883 11.8345003128052 11.8776664733887 11.9626665115356 11.9411668777466 11.9574995040894 12.0389995574951 12.0646667480469 12.0611667633057 12.1911668777466 12.2784996032715 12.3426666259766 12.2608337402344 12.2148332595825 12.2276668548584 12.2731666564941 12.2898330688477 12.3396663665771 12.3634996414185 12.4691667556763 12.5566663742065 12.6101665496826 12.6005001068115
-3.4e+38 -3.4e+38 -3.4e+38 -3.4e+38 13.5051670074463 13.3766670227051 13.4046669006348 13.4068336486816 13.2819995880127 13.261833190918 13.3289995193481 13.1583337783813 13.1960000991821 13.183500289917 12.9611663818359 12.4501667022705 12.4835004806519 12.4488334655762 12.1855001449585 12.0659999847412 12.013500213623 11.9119997024536 11.9274997711182 11.9083337783813 11.8703336715698 11.9103336334229 11.940333366394 11.9563331604004 11.9575004577637 11.9850006103516 11.9890003204346 12.2156667709351 12.2655000686646 12.2791662216187 12.2343330383301 12.2108335494995 12.2978324890137 12.3263330459595 12.2853336334229 12.2936668395996 12.3414993286133 12.3929996490479 12.4984998703003 12.6026668548584 12.6308336257935 12.6196670532227
-3.4e+38 -3.4e+38 -3.4e+38 -3.4e+38 -3.4e+38 13.2628335952759 13.2613334655762 13.3500003814697 13.3401670455933 13.2586669921875 13.2906665802002 13.2186660766602 13.1999998092651 13.0190000534058 12.429500579834 12.2378330230713 12.1806659698486 12.1569995880127 12.1523332595825 12.1304998397827 12.0754995346069 12.1056661605835 12.0635004043579 12.03600025177 12.011833190918 12.0121669769287 12.0060005187988 12.0384998321533 12.0131664276123 12.0183334350586 12.0491666793823 12.1984996795654 12.2279996871948 12.1828336715698 12.1750001907349 12.1483335494995 12.2311668395996 12.3223333358765 12.34850025177 12.4060001373291 12.4530000686646 12.4953336715698 12.5458335876465 12.6325006484985 12.6628332138062 12.6855001449585
-3.4e+38 -3.4e+38 -3.4e+38 -3.4e+38 -3.4e+38 13.0718336105347 12.9758329391479 13.2019996643066 13.2504997253418 13.1844997406006 13.1934995651245 13.1683330535889 12.8876667022705 12.4583330154419 12.2483329772949 12.2189998626709 12.168999671936 12.1191673278809 12.1096668243408 12.1079998016357 12.1576671600342 12.1136665344238 12.0788335800171 12.0854997634888 12.0848331451416 12.0868330001831 12.0791664123535 12.0129995346069 12.0100002288818 12.007833480835 12.0361671447754 12.1558332443237 12.0860004425049 12.1246671676636 12.1611661911011 12.1663331985474 12.2129993438721 12.244499206543 12.3338327407837 12.3781671524048 12.4326667785645 12.497166633606 12.5286674499512 12.6195001602173 12.6695003509521 12.6975002288818
-3.4e+38 -3.4e+38 -3.4e+38 -3.4e+38 -3.4e+38 -3.4e+38 12.8854999542236 12.8546667098999 12.9021663665771 12.7351665496826 12.6696662902832 12.6063327789307 12.3861665725708 12.3051662445068 12.2751665115356 12.1964998245239 12.1789999008179 12.1578330993652 12.0924997329712 12.0705003738403 12.136833190918 12.0885000228882 12.0710000991821 12.054666519165 12.0633335113525 12.0916662216187 12.1149997711182 12.0763330459595 12.0376663208008 12.0769996643066 12.0766668319702 12.1145000457764 12.1041669845581 12.0946664810181 12.1401662826538 12.16100025177 12.1943330764771 12.238166809082 12.3234996795654 12.3751668930054 12.4230003356934 12.4383335113525 12.4838333129883 12.5410003662109 12.5741672515869 12.5681667327881
-3.4e+38 -3.4e+38 -3.4e+38 -3.4e+38 -3.4e+38 -3.4e+38 13.0171670913696 12.8099994659424 12.7574996948242 12.6406669616699 12.6258325576782 12.5188331604004 12.4604997634888 12.4086666107178 12.2971668243408 12.1943330764771 12.1518335342407 12.1241664886475 12.0606670379639 12.099666595459 12.0986671447754 12.0821666717529 12.0974998474121 12.0993328094482 12.1388330459595 12.1161670684814 12.0936670303345 12.1059999465942 12.0795001983643 12.0763330459595 12.1184997558594 12.0928335189819 12.0696668624878 12.0928335189819 12.1311664581299 12.1715002059937 12.2228336334229 12.2484998703003 12.300666809082 12.328332901001 12.363000869751 12.3999996185303 12.5034999847412 12.5301666259766 12.5456666946411 12.5813331604004
-3.4e+38 -3.4e+38 -3.4e+38 -3.4e+38 -3.4e+38 -3.4e+38 12.8728332519531 12.798999786377 12.7434997558594 12.7243337631226 12.6598329544067 12.5676670074463 12.5553331375122 12.5316667556763 12.3605003356934 12.2601671218872 12.1898326873779 12.1076669692993 12.1145000457764 12.0858335494995 12.0804996490479 12.1018333435059 12.1199998855591 12.1409997940063 12.1185007095337 12.1853332519531 12.1508331298828 12.1573333740234 12.1486673355103 12.1018333435059 12.127833366394 12.0998334884644 12.0983333587646 12.1021671295166 12.1596670150757 12.1924991607666 12.2238330841064 12.2641668319702 12.293999671936 12.3284997940063 12.3598337173462 12.4259996414185 12.5328330993652 12.6303329467773 12.5909996032715 12.6296663284302
-3.4e+38 -3.4e+38 -3.4e+38 -3.4e+38 -3.4e+38 -3.4e+38 -3.4e+38 12.7663335800171 12.727499961853 12.6638336181641 12.6281671524048 12.5736665725708 12.5348329544067 12.5403337478638 12.4781665802002 12.364333152771 12.2300004959106 12.0625 12.0838327407837 12.054666519165 12.058666229248 12.0951662063599 12.1273336410522 12.1493339538574 12.1494998931885 12.1431665420532 12.1688327789307 12.208833694458 12.2071666717529 12.168999671936 12.1525001525879 12.1478328704834 12.1838331222534 12.1826667785645 12.1908330917358 12.2146663665771 12.2453336715698 12.291166305542 12.3168334960938 12.3380002975464 12.3941669464111 12.4568338394165 12.510666847229 12.638500213623 12.6563329696655 12.6491661071777
-3.4e+38 -3.4e+38 -3.4e+38 -3.4e+38 -3.4e+38 -3.4e+38 -3.4e+38 12.7270002365112 12.7458333969116 12.617166519165 12.5156669616699 12.4873332977295 12.4464998245239 12.4440002441406 12.4103336334229 12.4038333892822 12.272500038147 12.0808334350586 12.0555000305176 12.0428333282471 12.0908336639404 12.1093330383301 12.0513334274292 12.0278329849243 12.0796670913696 12.0825004577637 12.0966663360596 12.15149974823 12.1829996109009 12.2054996490479 12.1918334960938 12.2296667098999 12.2403335571289 12.260666847229 12.2996664047241 12.316333770752 12.3503332138062 12.3754997253418 12.3708333969116 12.3753337860107 12.4318332672119 12.46399974823 12.5351667404175 12.5874996185303 12.6333332061768 12.7080001831055
-3.4e+38 -3.4e+38 -3.4e+38 -3.4e+38 -3.4e+38 -3.4e+38 -3.4e+38 12.6704998016357 12.6920003890991 12.4925003051758 12.2318334579468 12.4503335952759 12.4523334503174 12.3990001678467 12.3058338165283 12.2961673736572 12.292332649231 12.1658334732056 12.246166229248 12.2845001220703 12.2355003356934 12.1428337097168 12.0766668319702 12.0069999694824 11.9871664047241 12.1066665649414 12.1188335418701 12.1175003051758 12.1684999465942 12.2066669464111 12.2158336639404 12.2801666259766 12.2994995117188 12.30299949646 12.3304996490479 12.3681669235229 12.4128332138062 12.4571666717529 12.4400005340576 12.460000038147 12.5103330612183 12.53600025177 12.5865001678467 12.6156663894653 12.6723337173462 12.7511672973633
-3.4e+38 -3.4e+38 -3.4e+38 -3.4e+38 -3.4e+38 -3.4e+38 -3.4e+38 12.5763330459595 12.5608329772949 12.5461664199829 12.3311672210693 12.360333442688 12.3763332366943 12.3406667709351 12.2621669769287 12.2241668701172 12.2736663818359 12.2803335189819 12.3030004501343 12.2811670303345 12.3193330764771 12.2919998168945 12.2031669616699 12.0483331680298 12.0784997940063 12.2580003738403 12.3206672668457 12.4098329544067 12.4219999313354 12.2453327178955 12.1816663742065 12.2366666793823 12.3115005493164 12.3280000686646 12.3656663894653 12.4131660461426 12.4674997329712 12.5151672363281 12.506667137146 12.5049991607666 12.5430002212524 12.6000003814697 12.646333694458 12.6658334732056 12.716833114624 12.7778339385986
-3.4e+38 -3.4e+38 -3.4e+38 -3.4e+38 -3.4e+38 -3.4e+38 -3.4e+38 12.4678325653076 12.4855003356934 12.4834995269775 12.3893337249756 12.3870000839233 12.4513330459595 12.452166557312 12.3706665039062 12.3059997558594 12.3438329696655 12.4330005645752 12.4075002670288 12.2229995727539 12.2186660766602 12.2118330001831 12.2714996337891 12.3076667785645 12.382833480835 12.3819999694824 12.3883333206177 12.4313335418701 12.341833114624 12.1614999771118 12.1186666488647 12.2458333969116 12.388500213623 12.4479999542236 12.4779996871948 12.5553331375122 12.5681667327881 12.6046667098999 12.6324996948242 12.610333442688 12.6651668548584 12.7001667022705 12.7173337936401 12.7448329925537 12.7563333511353 12.7940006256104
-3.4e+38 -3.4e+38 -3.4e+38 -3.4e+38 -3.4e+38 -3.4e+38 -3.4e+38 12.3773336410522 12.3641662597656 12.3915004730225 12.3838338851929 12.4794998168945 12.5501661300659 12.5331659317017 12.5419998168945 12.4860000610352 12.4663333892822 12.5196666717529 12.5243330001831 12.3078327178955 12.2334995269775 12.3369998931885 12.4233331680298 12.739333152771 12.9368333816528 12.9254999160767 12.6243333816528 12.4691667556763 12.3528337478638 12.2674999237061 12.1916666030884 12.326000213623 12.5750007629395 12.8376665115356 12.8876667022705 12.9118337631226 12.8629999160767 12.7946662902832 12.900333404541 12.8058338165283 12.7971668243408 12.8181667327881 12.816333770752 12.8561668395996 12.8719997406006 12.8751659393311
-3.4e+38 -3.4e+38 -3.4e+38 -3.4e+38 -3.4e+38 -3.4e+38 -3.4e+38 12.4939994812012 12.4728336334229 12.5363330841064 12.5389995574951 12.5766668319702 12.5193328857422 12.5108337402344 12.7154998779297 12.7441663742065 12.7971668243408 12.7650003433228 12.8599996566772 12.801833152771 12.6326665878296 12.6771669387817 12.875 13.0801668167114 13.1909999847412 13.3443326950073 13.2886667251587 13.0986661911011 12.4799995422363 12.3531665802002 12.5941667556763 13.0483331680298 13.0609998703003 13.1513328552246 13.1830005645752 13.0833330154419 12.9606666564941 12.9523334503174 13.0129995346069 12.9963331222534 12.9619998931885 12.9461669921875 12.9831666946411 13.0290002822876 13.0221662521362 13.015832901001
-3.4e+38 -3.4e+38 -3.4e+38 -3.4e+38 -3.4e+38 -3.4e+38 -3.4e+38 12.5705003738403 12.5936670303345 12.7118330001831 12.757833480835 12.5454998016357 12.551833152771 12.6403331756592 12.77649974823 12.8763332366943 12.8718328475952 12.7876672744751 12.896333694458 12.9696664810181 12.9323329925537 12.962833404541 12.8509998321533 12.9771661758423 13.0349998474121 13.1001663208008 13.2376670837402 13.3081665039062 13.3865003585815 13.4855003356934 13.5303335189819 13.5093336105347 13.5911664962769 13.7453336715698 13.5136661529541 13.0648336410522 12.9380006790161 13.0725002288818 13.1491670608521 13.2073335647583 13.1440000534058 13.1083335876465 13.1926670074463 13.2545003890991 13.2616662979126 13.1363334655762
-3.4e+38 -3.4e+38 -3.4e+38 -3.4e+38 -3.4e+38 -3.4e+38 -3.4e+38 12.7536668777466 12.8448333740234 12.863166809082 12.8448333740234 12.6578330993652 12.5648336410522 12.599666595459 12.6998329162598 12.7348337173462 12.7816667556763 12.8438339233398 12.9029998779297 12.9254999160767 12.9394998550415 12.9621667861938 12.9650001525879 13.0194997787476 13.0246667861938 13.0665006637573 13.1986665725708 13.356499671936 13.5339994430542 13.6238327026367 13.6456661224365 14.0590000152588 14.3083333969116 14.3918333053589 14.077166557312 13.4548330307007 13.9406661987305 14.1955003738403 14.0389995574951 13.8289995193481 13.40149974823 13.3441667556763 13.4219999313354 13.3568334579468 13.3050003051758 13.2568330764771
-3.4e+38 -3.4e+38 -3.4e+38 -3.4e+38 -3.4e+38 -3.4e+38 -3.4e+38 13.0766668319702 12.9119997024536 12.8246660232544 12.7408332824707 12.7124996185303 12.6826667785645 12.7081670761108 12.8675003051758 12.8476667404175 12.8809995651245 12.9715003967285 13.0056667327881 12.9900007247925 12.9261665344238 12.9165000915527 12.9578332901001 12.9563331604004 13.0094995498657 13.114333152771 13.2243328094482 13.3316669464111 13.4218330383301 13.4835004806519 13.7656660079956 14.4578332901001 14.4396667480469 14.492000579834 14.5803337097168 14.6595001220703 14.6428337097168 14.4626665115356 14.7436666488647 14.9075002670288 14.6243333816528 13.9146661758423 13.6283340454102 13.4451665878296 13.2875003814697 13.2469997406006
-3.4e+38 -3.4e+38 -3.4e+38 -3.4e+38 -3.4e+38 -3.4e+38 -3.4e+38 13.0193338394165 12.9619998931885 13.0351667404175 12.9768333435059 13.014500617981 12.9636669158936 12.9796667098999 12.9876670837402 12.9748334884644 13.1330003738403 13.0984992980957 13.0883331298828 13.0593338012695 13.0190000534058 13.0198335647583 13.0223331451416 13.0388336181641 13.0626668930054 13.1638336181641 13.2968330383301 13.404167175293 13.5093336105347 13.5746669769287 13.6773328781128 14.0495004653931 14.1059999465942 14.2318334579468 14.4356670379639 14.5924997329712 14.6613330841064 14.5623331069946 14.614333152771 14.8068332672119 14.8058338165283 14.7301664352417 14.2306671142578 13.8620004653931 13.5523338317871 13.5795001983643
-3.4e+38 -3.4e+38 -3.4e+38 -3.4e+38 -3.4e+38 -3.4e+38 13.2201671600342 13.2531671524048 13.2498340606689 13.199333190918 13.2834997177124 13.2786674499512 13.191499710083 13.2130002975464 13.1948328018188 13.1684999465942 13.2594995498657 13.1878337860107 13.1660003662109 13.1686668395996 13.1416664123535 13.127833366394 13.1059999465942 13.1176671981812 13.143500328064 13.188666343689 13.3461666107178 13.4811668395996 13.595666885376 13.6324996948242 13.6643333435059 13.7384996414185 13.8406667709351 13.9418334960938 14.0144996643066 14.0871667861938 14.1409997940063 14.2521667480469 14.360333442688 14.6001672744751 14.5173330307007 14.2218332290649 14.1243333816528 14.0426664352417 13.8336668014526 13.698166847229
-3.4e+38 -3.4e+38 -3.4e+38 -3.4e+38 -3.4e+38 -3.4e+38 -3.4e+38 13.4446668624878 13.4468326568604 13.423999786377 13.4681663513184 13.4743328094482 13.3926668167114 13.3528337478638 13.3363332748413 13.2484998703003 13.2211666107178 13.253999710083 13.308500289917 13.2829999923706 13.2504997253418 13.2531671524048 13.2209997177124 13.2293329238892 13.246166229248 13.2728328704834 13.3408336639404 13.4446668624878 13.558666229248 13.6641664505005 13.7161674499512 13.77649974823 13.8269996643066 13.9023332595825 13.9703330993652 14 14.0336666107178 14.1440000534058 14.3078327178955 14.6016664505005 14.2466669082642 14.0648336410522 14.1169996261597 14.00950050354 13.8216667175293 13.7236661911011
