rasters/Mali_SNDPPT_M_sl2_250m_ll.asc
NCOLS 198 
NROWS 178 
XLLCORNER -12.264130412 
YLLCORNER 10.140054014 
CELLSIZE 0.0833321619545454 
NODATA_value -9999 
[rows 125 to 149 of 178, columns 0 to 55 of 198]
57.5505617977534 43 43.2752808988761 41.4494382022466 39.9494382022466 44.7752808988765 43 42.6011235955064 59.2752808988767 53.9999999999996 50.0505617977534 56.5280898876437 47.0505617977534 43.2752808988767 61.7752808988773 47.5 44.0505617977526 45.7752808988763 39.6516853932602 43.6235955056165 39.3258426966301 40.8483146067398 39.7752808988767 45.2752808988767 46.0000000000005 44.0505617977534 45.0505617977533 53.5 53.2977528089864 55.3764044943839 60.5730337078631 52.0505617977539 58.3483146067398 57.4494382022466 73.6741573033699 68.5 74.0505617977542 69.7752808988767 62.2752808988772 61.3764044943835 61.398876404494 65.5000000000001 58.5 60.2752808988762 73.8764044943835 65.6011235955068 52.8988764044932 57.2752808988767 62.2247191011226 66.7247191011233 71.4494382022449 70.4494382022466 70.1741573033698 60.2247191011232 52.2247191011236 59.6741573033699
55.7865168539339 47.7134831460661 39.1966292134836 39.6966292134835 37.9101123595496 40 48.0168539325826 42.5898876404508 51.2134831460661 61.9101123595493 65.106741573033 53.3033707865165 46.7865168539339 41.1966292134835 52.3595505618024 46.1966292134835 34.4101123595494 40.1404494381981 38.6966292134835 43.6629213483182 43.4101123595496 42.3033707865165 40.3932584269669 45.106741573033 47.3932584269671 49.0898876404504 36.5000000000009 54.7865168539339 55.393258426967 44 51.3033707865165 54.8033707865164 54.7865168539339 48.5898876404504 65.393258426967 62.8764044943843 58.1966292134831 61.2134831460661 50.2134831460668 55.106741573033 58.3033707865176 66.7134831460652 52.9101123595496 52.8033707865169 68.5898876404504 67.893258426967 62.6966292134835 54.5168539325826 57.0898876404503 70.9831460674174 66.9101123595474 58.9101123595496 65.8932584269667 68.3202247190998 59.3033707865175 69.393258426967
-9999 -9999 41.8258426966295 41.6629213483144 43.9943820224716 44.5000000000003 52.8314606741572 47.8314606741568 45 54.0056179775273 43.8314606741572 55.6741573033712 45.8314606741572 46.5 43.8426966292136 43.1741573033712 33.3426966292134 33.3314606741583 34.5056179775284 36.6797752808996 37.1685393258428 37.5 36.1629213483144 36.8258426966288 36.6629213483144 34.6685393258428 48.005617977529 52 53.1741573033712 56.1629213483147 48.5056179775284 44.8426966292147 44.6629213483144 37.4999999999987 44.3314606741572 65.5 55.0112359550574 56.1685393258428 58.3370786516867 57.1516853932576 45.0112359550565 45.1685393258408 43.1685393258428 50.1797752808993 50.8370786516856 45.4943820224716 56.342696629214 52.4943820224716 59.1741573033719 60.342696629214 62.4943820224685 68.8314606741572 69.8370786516855 56.494382022471 57.825842696629 56
-9999 -9999 43.9999999999991 45.2808988764053 46.5 48.1404494382024 46.6404494382027 43.4213483146073 44.6404494382027 39.4382022471913 45.5 46.7191011235947 44.421348314608 42.8764044943787 46.5000000000002 39.078651685392 29.359550561797 39.3595505617967 34.3595505617973 33.5 40.5617977528107 38.7808988764053 35.5 40.1404494382027 37.2808988764053 41.2977528089867 43.280898876407 48.3595505617973 43.7808988764053 39.2808988764053 45.0617977528107 39.3595505617979 40.7191011235947 44.780898876406 38.3595505617973 48.8595505617973 46.0617977528093 44.578651685392 46.7191011235959 51.421348314608 43.4213483146081 40.7977528089878 40.2808988764053 46.359550561798 46.3595505617973 46.6404494382027 52.1404494382027 56.1404494382027 56.3595505617976 65.078651685392 59.1404494382029 53.7808988764053 56.3595505617975 54.4213483146079 51.1404494382027 58.078651685392
-9999 -9999 -9999 36.9494382022461 44.9494382022461 42.5505617977546 45.2865168539307 44.938202247192 47.6123595505615 50.9999999999993 39.5 45.4494382022461 49.6123595505615 41.1123595505615 48.2247191011229 38.7247191011231 31.8876404494384 33.6123595505613 35.1629213483154 38.5617977528077 38.2247191011231 33 44 32.7752808988769 37.5000000000002 42.8876404494385 48 43.0617977528077 46.1123595505615 47.4494382022444 42.7752808988769 35.8876404494392 33.1123595505615 36.2752808988772 38.1123595505615 45.6123595505615 45.9494382022436 44.5 42.8876404494383 43.5 42.1123595505608 39.887640449436 40.6741573033692 42.1629213483161 45.2752808988769 47.2752808988769 47.2752808988769 52.8876404494385 50.6629213483155 49.3876404494385 51.4999999999991 57.7247191011231 58.8876404494389 71.7640449438228 56.8876404494385 56.0505617977539
-9999 -9999 -9999 42.1685393258425 38.9213483146063 49.4213483146036 44.6685393258425 49.4157303370801 48.9157303370787 40.6685393258431 42.5 43.662921348315 52.1685393258425 42 42.6685393258431 39.3314606741575 29.584269662921 43.9157303370772 34.7471910112362 38.4101123595512 39.4101123595512 38 38.3314606741575 41.4157303370787 37.7528089887633 45.2528089887638 47 41.8426966292126 42.9157303370787 43.415730337078 43.4157303370787 34.3314606741564 37.7471910112362 37.1685393258425 35.3314606741575 40.6685393258425 43.0786516853927 41.0842696629213 39.505617977529 39.4157303370787 41.1685393258417 42.4157303370795 45.3314606741575 44.7471910112344 42.5 45.9157303370787 48.6685393258425 49.5 53.9157303370788 49.5898876404488 55.1629213483155 51.662921348315 53.6629213483149 53.9157303370791 57.0842696629213 62.9157303370787
-9999 -9999 -9999 41.1685393258417 40.3314606741583 36.0561797752808 41.2808988764028 40.4438202247198 48 44.1685393258416 36.0561797752806 47.8314606741583 49.3876404494389 44.8314606741583 52.6067415730361 44.7752808988778 35.9438202247179 37.5561797752796 35.0561797752805 33.2752808988778 37.1123595505611 39.1685393258417 36.9438202247194 42.4438202247194 37.4438202247199 40.5561797752806 44.6685393258422 41.0561797752805 41.6123595505611 34.224719101122 36.3314606741583 32.6685393258422 35.5561797752806 38.5000000000004 34.3876404494389 37.1685393258417 38.9438202247211 38 42.5561797752798 40 41.2191011235969 38.2808988764029 39.4438202247194 42.3314606741576 44.5 49 47.8314606741583 51.3876404494389 43 46.2752808988778 54.3314606741576 49 51.5000000000002 46.6123595505613 68.3314606741585 62.5
-9999 -9999 -9999 48.4157303370792 45.1966292134818 45.6685393258424 43.387640449439 40.9999999999983 42.0842696629208 50.0842696629199 49.4157303370792 45.612359550561 43.3033707865182 46.1685393258415 45.5000000000004 39 37.6910112359565 40.9438202247179 41.387640449439 33.612359550561 37.5 40 36.387640449439 43.0561797752805 33.9719101123597 38.5280898876402 42.6404494382021 42.4719101123598 38.5 45.4999999999992 37.3595505617987 36.9719101123597 37.5280898876403 39.9157303370801 44.5280898876403 45.3314606741585 47.0280898876419 39.5 38.3876404494381 39.0561797752805 42.5000000000004 38.5280898876426 41.6404494382013 40.9438202247196 42 45.5561797752805 52.6685393258415 49.887640449439 50.9438202247194 66 68.0280898876418 68.5 59.0561797752796 54.6404494382019 66.9438202247191 68.5280898876402
-9999 -9999 -9999 -9999 37.5 38.5000000000009 38.5 44.5000000000013 51.5 44.0000000000009 43 46 49 41 43.4999999999996 41.5 46.4999999999996 43.0000000000017 43 36 39 40.5 44.5 38.5 39 41 38.4999999999991 36.5 42.5 40.0000000000017 37 35.5000000000013 36 42 45.5 47.5 46 44.5 42.5000000000026 42 42 43.5000000000026 42.5 44.9999999999983 43 41 52.5 48 46.4999999999996 54.5 52.0000000000017 66 63.4999999999998 65.0000000000004 64.4999999999994 58
-9999 -9999 -9999 41.4719101123597 37.9719101123597 39.0280898876403 39.5561797752806 46 45.4719101123597 43.640449438201 45.5 59.4719101123597 40.5842696629208 41.9438202247194 43.5842696629204 38.5 48.4719101123602 42.5842696629215 45.5561797752806 43.5561797752806 36.0561797752806 35.0842696629208 39.5561797752806 34.6404494382014 37.5280898876407 40.4438202247194 42.387640449438 39.9438202247194 43.5842696629208 43.5280898876394 30.6123595505611 37.5561797752827 33.5280898876403 42.556179775281 41.0280898876403 42.4157303370792 44.4438202247186 45.4438202247194 42.0842696629209 39.9719101123597 41.0000000000008 45.4999999999992 46.9719101123597 43.140449438203 44.4438202247194 50.6685393258416 49.0280898876403 53.8314606741583 53.640449438201 51.9157303370792 56.4719101123605 59.3595505617986 65.9719101123593 65.4438202247197 58.5280898876405 61.8876404494389
-9999 -9999 43.5000000000004 35.943820224719 39.2247191011239 39.7752808988746 48.387640449438 47.7808988764053 41.056179775281 51.0561797752818 49.3932584269669 51.443820224719 57.556179775281 43.5 41.2752808988766 42.2808988764049 41.6123595505616 42 44 39.943820224719 46.6685393258429 44.2247191011239 38.5 34.612359550562 43.8314606741585 39.3314606741571 40.500000000001 39.7808988764049 38.056179775281 40.5505617977504 39.112359550562 42.2247191011239 43 46.556179775282 43.2808988764049 45.556179775281 48.8314606741554 44.612359550562 47.5561797752817 40.887640449438 43.8876404494379 47.3876404494402 44.443820224719 45.4999999999993 44.443820224719 49.556179775281 55.5 52.5 48.7247191011243 51.7752808988761 58.4999999999976 57.056179775281 62.056179775281 66.887640449438 57.5561797752808 61.112359550562
-9999 -9999 -9999 44.5842696629216 40.5 47.247191011233 49.4943820224703 43.5842696629213 44.7528089887648 46.3370786516866 46.3370786516864 41.6685393258432 44.3314606741568 59.4943820224703 48.4943820224688 46.6629213483135 46.4999999999972 35.7471910112339 44.5 47.5 42.5 40.7471910112352 45.1741573033729 45 42.5000000000004 33.0842696629216 42.9157303370782 35 40.3370786516864 43.1685393258435 43.0842696629216 35.7471910112352 43.8314606741568 45.0842696629231 46.4101123595487 49 46.2471910112325 44.3314606741568 46.5842696629223 51.6685393258432 46.4157303370787 41.9101123595508 45.7528089887648 47.1629213483141 44.4157303370784 53.3314606741568 44.3314606741568 46 52.4157303370779 56.9157303370784 60.0842696629215 66.8314606741568 60.5000000000003 64.0842696629216 55.4999999999998 65.7471910112352
-9999 -9999 -9999 -9999 43.8876404494381 45.2247191011233 43.1123595505619 45.0000000000007 42.3370786516856 46.449438202247 44.0505617977525 42 46.8258426966288 48.9382022471907 46.3876404494388 45.0505617977525 44.5000000000004 45.6123595505612 45.2247191011237 48.8876404494381 40.9382022471907 40.7752808988763 38.4382022471907 41 36.3370786516857 41.2247191011237 43.3876404494375 40.6629213483144 40.6123595505619 41.3988764044954 45 44.3370786516855 45.2247191011237 49.3876404494387 49.5 46.7134831460669 49.1123595505628 49.6741573033712 46.1123595505617 48.1629213483144 48.2752808988767 42.6123595505625 49 44 47.3370786516856 49.7752808988763 44.7247191011237 53 61.1011235955053 51.1123595505619 62.3988764044954 64.6123595505619 66.3876404494379 53.3876404494379 55.8876404494385 53.5617977528093
-9999 -9999 -9999 -9999 54.2808988764051 43.5617977528119 48.4213483146076 46.8426966292138 45.2808988764051 39.0617977528106 45.5786516853924 43.2191011235949 46.7808988764051 46.5786516853924 42.0000000000008 44.6573033707847 42.3595505617978 45.7977528089862 44 47.4382022471898 45.0786516853924 41.8595505617975 43 42.9382022471898 41.8595505617973 45.9831460674178 38.9999999999995 39.7808988764051 42.6404494382025 43.4999999999996 44.9213483146076 47.5168539325816 52.2808988764051 48.4213483146078 52.7977528089873 47 47.9831460674188 47.5 48.1404494382028 45 46.4213483146075 49.1573033707889 49.2977528089873 48.4999999999996 50.2808988764051 41.3595505617975 49 48.6404494382025 52.5000000000002 52.1404494382025 56.061797752811 48.6404494382025 56.2191011235956 53.5955056179747 43.0786516853925 56
-9999 -9999 -9999 -9999 -9999 45.5000000000003 -9999 -9999 44.3314606741572 43.1685393258427 41.9943820224716 43.6629213483144 44.8370786516856 45.5 45.6573033707869 39 43.8314606741573 42.8258426966291 49 48.6685393258428 49.9943820224716 43.6629213483144 42.8314606741572 40.5 43.9943820224713 40.5 41.8370786516847 45.1685393258428 46.6629213483144 44.9999999999983 44.8258426966288 44.6685393258428 56.1685393258428 51.3370786516867 53.5 51.8314606741572 56.3370786516856 48.6685393258428 45.8370786516847 40.3370786516856 49.6685393258434 45.5000000000009 50.3370786516856 46.8426966292109 47.4887640449432 49 46.6685393258428 55.8258426966288 53.162921348314 49.0168539325852 51.5000000000009 44 57.3202247191014 59.0112359550566 48.3370786516856 49.4943820224716
-9999 -9999 -9999 -9999 -9999 -9999 -9999 -9999 45.7134831460688 42.6067415730344 42.4101123595516 39.3033707865172 45.3033707865172 40.5 39.5898876404475 36.7865168539312 44.696629213483 44.9101123595521 49.2696629213451 41.5898876404484 48.1067415730344 45.8764044943795 45.5898876404484 43.6966292134828 44.696629213483 38.3932584269656 39.1067415730353 49.6966292134828 47.3033707865172 43.3033707865211 50.1067415730344 46.196629213483 52.1966292134828 55.8033707865162 56.5 54.1067415730344 53.1966292134831 51.1966292134828 50.3033707865194 47.5 47.6966292134836 46.3033707865167 43.6966292134828 46 41.7134831460688 52.7865168539312 55.6235955056205 52.1067415730344 51.6067415730344 45.1966292134828 45.5898876404497 48.7134831460688 44.1966292134826 41.9999999999994 52.3932584269656 64.8370786516893
-9999 -9999 -9999 -9999 -9999 -9999 -9999 -9999 -9999 41.1741573033711 42.1011235955043 40.9494382022478 40.2247191011239 40.5 42 39.1011235955043 42.4999999999996 42.3988764044967 51.8258426966282 45.7247191011239 42.8258426966282 48.3258426966282 -9999 -9999 43.5 41.9494382022478 48.7247191011261 49.3764044943804 47.4494382022478 44.5505617977504 41.2752808988761 48.8988764044965 51.7247191011239 55.6235955056194 54.2752808988761 49.4494382022478 52.3764044943809 46.1235955056196 45.4494382022469 49 48.5000000000004 47.2247191011228 47.4494382022478 45.4494382022478 46.0505617977522 49.3258426966282 58.5 47.2752808988761 44.6235955056194 44.0505617977522 42.3258426966296 46.7752808988761 43.724719101124 38.6741573033723 53.1741573033719 56.5
-9999 -9999 -9999 -9999 -9999 -9999 -9999 -9999 -9999 42.7471910112356 47.9831460674148 41.5112359550568 53.2471910112358 42.2471910112358 42.7471910112356 44.7528089887642 44.7640449438212 45.7528089887646 47.5 43.2471910112358 42.9943820224716 45.5 -9999 -9999 40.4943820224725 46.7528089887642 54.2640449438223 53.0056179775284 53 47.7303370786485 48.7415730337074 51.5112359550559 50.5112359550568 50.5112359550564 59.2471910112358 52.7528089887642 49.2528089887663 42.7528089887642 51.0112359550559 43.764044943821 46.747191011236 53.0000000000017 48.9887640449432 45.2471910112354 51.2528089887642 45.4887640449432 39.9943820224716 46.9943820224716 48.7584269662924 44.5 46.0000000000008 46.7415730337074 37.7415730337075 40.2471910112359 53.7752808988768 54.7471910112358
-9999 -9999 -9999 -9999 -9999 -9999 -9999 -9999 -9999 -9999 49.9382022471902 42.7808988764049 45.8764044943804 42.6573033707853 43.342696629215 40.4382022471902 45.4382022471907 43.9999999999981 40.4382022471902 40.7808988764049 40.3426966292147 42.7191011235951 -9999 -9999 38.9382022471898 47.5617977528098 47.7191011235954 57.3146067415706 47.3764044943804 46.3764044943805 50.7808988764049 52.4382022471906 53.6235955056196 44.8146067415692 48.2808988764049 52.1573033707853 43.8426966292142 46.3146067415706 47.1516853932646 45 48.8426966292137 49.3146067415713 49.2191011235951 49.7808988764043 47.5617977528098 44.5617977528098 39.5 38.0617977528098 51.4325842696686 41.4382022471902 52.5000000000001 46.5 52.4382022471903 45.280898876405 46.7808988764048 49
-9999 -9999 -9999 -9999 -9999 -9999 -9999 -9999 -9999 -9999 -9999 41.0730337078652 47.5 36.3089887640449 45.691011235955 42.1179775280898 42.219101123596 51.0449438202242 44.8820224719102 43.6179775280898 41 42.0449438202246 38.6179775280898 45.5589887640449 44 41.1910112359551 46.2640449438212 45.0449438202246 44.1910112359551 47.8820224719093 45.5730337078652 51 49.3089887640449 43.1910112359544 45.6910112359551 47.5730337078652 49.0000000000021 45.1179775280898 45.5000000000009 48.1910112359551 51.500000000001 48.3089887640444 50.3089887640449 50.5730337078643 46.9550561797754 44.8820224719102 44 40.3089887640449 39.5000000000001 39.7640449438203 44.4999999999998 46.6910112359551 47.4269662921346 42.0730337078651 45.1910112359548 56
-9999 -9999 -9999 -9999 -9999 -9999 -9999 -9999 -9999 -9999 44.3258426966288 42.6516853932576 45.3483146067424 42.9775280898864 44.1629213483143 46.1629213483144 42.8370786516869 40.4999999999997 43.6629213483144 41.8370786516856 42.8370786516856 42 42.1741573033712 43.4887640449432 45.1853932584298 47.185393258428 46.0000000000012 54.6741573033712 49.5 53.5224719101144 48.6741573033712 48.6629213483153 45.0112359550568 48.662921348315 46.8370786516856 47.8370786516856 43.6629213483138 43.1741573033712 41.3370786516879 44.8258426966288 47.3370786516853 42.1629213483158 44.9887640449432 42.1629213483147 42.9887640449432 46.1629213483144 48.314606741572 46.1741573033712 43.3370786516845 41.3258426966288 51.4887640449429 52.1741573033712 51.8146067415721 50.1292134831446 50.8146067415725 52.5112359550568
-9999 -9999 -9999 -9999 -9999 -9999 -9999 -9999 -9999 -9999 41.7303370786517 37.7696629213483 39.7303370786517 42.0955056179775 41.634831460674 42.7696629213483 42.0000000000006 42.4999999999991 41.1348314606741 43.7303370786517 43.4606741573034 42.1348314606741 41.3651685393258 42.4044943820225 44.3651685393255 46.6348314606741 47.2696629213478 49.5955056179775 47.2303370786517 38.5000000000004 49.8089887640449 47.1348314606743 42.2696629213483 43.2303370786515 47.4044943820224 44.2303370786517 41.5955056179786 46.8651685393258 45.8089887640437 42.9044943820225 37.6348314606747 40.4438202247184 41.5 44.6348314606748 46.1348314606741 44.9044943820225 40.2696629213483 52.4606741573034 49.2303370786521 52.0955056179775 47.3089887640428 51.3651685393259 56.9999999999997 46.8651685393258 53.4044943820225 45.5
-9999 -9999 -9999 -9999 -9999 -9999 -9999 -9999 -9999 -9999 40.3202247191004 41.8932584269665 40 41.8932584269665 37.1067415730353 36.7865168539331 40.8932584269664 43.1067415730333 43.1797752808996 42.7134831460669 43.6067415730335 41.4662921348326 46 41.3932584269665 41.5730337078665 41.5337078651674 49.4269662921373 46.5 50.1067415730335 44.7134831460651 42.2471910112343 44.7865168539339 39.6067415730335 46.3595505617992 42.4269662921339 41.6067415730335 47.7471910112301 45.3932584269665 42.9999999999979 35.286516853933 42.6067415730338 42 39.3202247191004 43.5000000000012 42.6067415730335 42.6067415730335 42.5730337078661 48.1067415730335 48.2134831460685 49.7528089887657 52.2865168539326 57.5 54.4269662921338 55.7134831460668 54.6067415730333 49.2134831460669
-9999 -9999 -9999 -9999 -9999 -9999 -9999 -9999 -9999 -9999 41.1573033707857 43.8426966292143 40 41.4719101123572 43.1573033707857 43.1573033707857 32.0786516853935 40.6573033707849 41.0786516853929 40.5786516853929 42.4213483146071 41.9213483146071 40.9719101123572 42.8426966292143 41.5000000000006 40.5 43.078651685393 42 42.8426966292143 42.5280898876423 37.5 42 41.5 40.7640449438215 40.8426966292143 40.6573033707857 41.8426966292128 38.0786516853929 45.8426966292157 40.5 42.7359550561789 45.7640449438216 42.9213483146071 41.0505617977505 42.8426966292143 43.5 47.1067415730357 42.4719101123572 44.5786516853925 47.1573033707857 59.0000000000017 53.4213483146071 55.9999999999992 57.657303370786 59.3426966292145 48.7921348314642
-9999 -9999 -9999 -9999 -9999 -9999 -9999 -9999 -9999 -9999 45 43.2977528089897 40.8988764044948 41.8988764044948 40.8988764044949 46.7977528089897 43 44.8483146067422 42.3988764044948 39.0505617977526 32.5505617977526 40.1011235955052 42.8483146067422 41.9494382022474 45.9494382022466 42.8988764044948 41.499999999999 40.8988764044948 41.6011235955052 39.8988764044948 42.5505617977526 38.6011235955055 42.6516853932578 37.4494382022479 36.5505617977526 43.6516853932577 34.9494382022475 43 39.0505617977527 38.3988764044948 38.1011235955077 43.5505617977551 43.5505617977526 43.4494382022467 41.5 49.2977528089897 44.6516853932577 45.6011235955052 45.3988764044952 46.4494382022474 41 49.9494382022474 55.5505617977528 50.2528089887629 49.1011235955051 47.6011235955052
