rasters/Mali_bio12.asc
NCOLS 198 
NROWS 178 
XLLCORNER -12.264130412 
YLLCORNER 10.140054014 
CELLSIZE 0.0833321619545454 
NODATA_value -3.4e+38 
[rows 34 to 67 of 178, columns 77 to 153 of 198]
13 13 13 13 13 13 13 13 14 14 14 14 13 13 13 14 13 14 12 12 12 12 14 15 15 15 15 15 15 15 15 15 15 15 15 15 15 16 16 16 16 17 18 18 18 19 19 19 19 19 19 20 20 22 22 22 22 22 22 23 24 24 23 26 26 -3.4e+38 -3.4e+38 -3.4e+38 -3.4e+38 -3.4e+38 -3.4e+38 -3.4e+38 -3.4e+38 -3.4e+38 -3.4e+38 -3.4e+38 -3.4e+38
15 15 14 14 13 13 14 14 14 14 14 15 15 14 14 14 14 15 15 16 16 16 15 15 15 15 15 15 15 15 15 15 15 15 15 16 16 16 16 17 18 19 19 19 19 19 20 20 20 20 20 22 22 22 22 22 22 22 23 23 24 25 26 27 26 28 -3.4e+38 -3.4e+38 -3.4e+38 -3.4e+38 -3.4e+38 -3.4e+38 -3.4e+38 -3.4e+38 -3.4e+38 -3.4e+38 -3.4e+38
15 14 14 14 14 14 14 15 15 15 15 15 16 16 16 16 16 16 16 16 16 16 16 15 15 16 16 15 15 16 15 15 15 15 16 16 16 17 17 19 19 19 19 19 19 19 20 20 20 21 22 22 22 22 22 22 23 23 24 24 25 25 27 27 27 28 29 30 -3.4e+38 -3.4e+38 -3.4e+38 -3.4e+38 -3.4e+38 -3.4e+38 -3.4e+38 -3.4e+38 -3.4e+38
16 15 14 14 14 14 15 15 16 16 16 16 16 16 16 16 16 16 16 16 16 16 16 16 16 16 17 16 16 16 16 16 16 16 16 17 17 18 19 19 19 19 19 19 19 20 20 21 21 22 22 22 22 23 23 23 24 24 25 26 25 26 27 27 28 29 29 30 30 30 -3.4e+38 -3.4e+38 -3.4e+38 -3.4e+38 -3.4e+38 -3.4e+38 -3.4e+38
16 16 16 15 14 15 16 18 17 17 16 16 16 16 16 16 16 16 16 16 16 17 17 17 17 17 17 17 17 17 17 17 17 17 17 17 18 19 19 19 19 19 19 20 21 21 21 21 22 22 22 22 23 23 23 24 25 26 26 27 26 27 27 28 29 29 30 30 31 32 31 -3.4e+38 -3.4e+38 -3.4e+38 -3.4e+38 -3.4e+38 -3.4e+38
16 16 16 16 16 15 16 17 18 17 17 17 16 17 17 17 17 17 17 17 17 17 17 17 17 17 17 17 17 17 17 17 17 17 18 19 19 19 19 19 19 20 21 21 21 21 22 22 22 23 23 23 23 23 24 26 26 26 28 28 27 27 29 29 31 32 32 31 32 32 32 34 34 -3.4e+38 -3.4e+38 -3.4e+38 -3.4e+38
16 17 16 16 16 16 17 19 19 18 18 18 18 18 18 18 17 17 17 17 17 17 17 17 17 17 17 17 17 17 17 18 18 18 19 19 19 19 19 20 20 20 21 21 22 22 23 23 23 24 24 24 23 24 27 27 27 27 27 28 28 29 30 30 30 32 32 31 31 34 34 34 34 34 -3.4e+38 -3.4e+38 -3.4e+38
17 17 17 17 16 17 18 19 18 18 18 18 18 18 18 18 18 18 18 18 18 18 18 18 18 18 18 19 18 18 18 18 18 19 19 19 20 21 21 21 22 22 22 23 23 24 24 24 24 24 25 25 27 27 27 27 27 29 29 29 29 30 30 30 31 31 32 32 34 35 36 36 36 36 35 35 -3.4e+38
18 17 17 17 18 18 18 19 19 18 18 18 18 18 18 18 18 18 18 18 18 18 18 18 18 18 19 19 19 19 19 19 20 20 20 21 21 21 21 21 22 22 23 24 24 24 24 25 25 25 26 27 27 27 27 29 29 30 30 30 30 30 31 31 31 33 33 33 34 36 36 36 36 35 38 38 37
19 18 18 18 18 18 18 19 18 18 18 18 18 18 18 18 18 18 18 18 18 18 19 19 19 19 19 19 19 19 19 20 20 20 21 21 21 21 21 21 21 23 24 24 24 25 25 25 26 26 27 27 27 27 28 30 30 30 31 31 31 31 32 34 34 34 34 35 35 36 37 38 38 39 38 38 38
19 19 19 18 18 20 18 19 19 18 18 18 19 19 19 18 18 19 19 19 19 19 19 19 19 19 19 19 19 19 19 20 21 21 21 21 21 21 22 22 23 24 24 25 25 26 25 26 26 27 27 27 28 28 30 30 30 31 31 31 32 33 34 34 34 34 37 36 38 39 39 39 41 41 40 40 40
20 21 20 19 20 20 20 19 19 19 19 19 19 19 19 19 19 19 19 19 19 19 19 19 19 19 20 20 20 21 21 21 21 21 21 21 21 22 22 23 24 25 25 26 26 26 26 27 27 27 28 28 28 29 30 31 31 31 33 33 34 33 34 35 36 36 39 37 39 39 40 42 42 42 43 43 44
20 20 20 20 20 20 20 19 19 19 19 19 19 19 19 19 19 19 19 19 19 19 19 21 20 22 21 20 22 22 21 22 22 21 22 22 22 23 24 24 25 25 26 26 26 26 27 27 28 28 28 28 29 29 31 31 32 33 34 34 34 34 34 36 37 37 38 40 40 39 42 42 43 43 43 45 46
21 21 20 20 20 20 20 20 20 20 20 20 21 21 20 20 20 21 20 22 20 21 22 21 22 22 21 22 22 22 23 23 24 24 24 23 25 24 25 27 26 27 27 26 27 27 28 28 28 28 28 29 29 32 31 32 34 34 34 35 35 36 36 37 37 38 39 39 41 41 42 44 44 46 46 46 46
20 20 20 20 20 21 21 20 20 20 20 20 22 22 21 21 21 22 22 22 22 22 22 22 22 23 23 24 24 24 24 24 24 24 25 25 24 26 27 28 27 27 27 29 29 29 29 29 29 29 30 31 32 32 32 33 34 34 34 36 37 37 38 39 39 39 39 41 42 43 43 44 46 46 49 50 47
22 22 22 22 21 21 22 22 21 21 21 21 21 21 22 22 23 23 23 23 23 22 22 23 23 23 24 24 25 25 25 25 25 25 26 27 28 27 27 27 27 28 28 29 29 29 29 29 31 31 31 31 32 32 34 34 34 37 37 37 37 40 39 39 40 41 40 42 43 43 44 46 47 49 51 49 48
23 22 22 23 23 22 22 23 21 22 21 21 21 23 23 23 23 23 23 23 25 25 25 24 25 25 25 25 24 25 25 25 26 27 27 28 28 28 28 28 28 28 29 29 29 30 30 31 31 31 31 31 34 34 34 37 37 38 39 39 40 40 40 40 42 42 42 43 44 45 47 48 49 53 53 51 50
23 24 24 23 23 23 24 24 23 23 23 23 24 24 24 24 24 25 25 25 25 25 25 25 25 25 25 25 25 25 27 27 27 27 28 28 28 28 29 29 30 29 29 29 30 30 31 31 32 32 34 34 35 35 36 38 38 39 40 40 41 40 40 42 42 43 44 44 45 46 51 51 50 52 51 51 52
23 25 25 25 25 25 25 24 23 24 26 26 26 26 26 26 26 26 26 26 26 26 26 26 25 25 25 26 27 29 29 29 28 27 28 28 29 30 29 30 30 31 31 31 31 31 33 33 33 35 35 35 36 38 38 39 40 40 41 41 41 42 42 42 43 44 45 48 50 50 51 53 52 52 53 53 53
25 25 25 25 25 25 25 25 25 25 25 26 26 26 26 26 26 26 26 26 26 26 26 27 27 27 27 27 29 29 29 29 29 30 31 31 30 30 30 31 32 32 31 31 32 33 33 33 34 36 37 37 38 38 39 40 40 41 41 42 42 43 43 44 44 45 47 48 49 52 51 51 53 53 53 54 55
25 25 25 25 25 25 25 25 25 26 25 26 26 26 26 26 26 26 27 26 26 27 27 28 28 28 29 29 29 29 29 29 30 31 31 31 31 30 31 32 32 32 32 33 33 33 33 35 37 37 38 39 39 39 40 40 41 42 43 43 43 44 44 44 47 47 49 49 52 51 55 54 54 57 55 58 60
27 27 27 26 26 26 26 26 27 27 27 27 27 27 27 27 27 27 27 27 27 29 28 28 28 29 29 29 29 29 30 31 31 31 31 31 32 31 32 32 32 33 33 33 33 34 36 37 37 39 39 39 40 40 41 42 42 43 43 44 44 45 46 47 47 48 50 51 51 53 57 58 58 59 59 60 62
28 28 28 28 28 27 27 27 28 28 28 27 27 28 28 28 27 28 28 28 28 29 30 29 29 29 29 29 30 30 31 31 31 31 32 32 32 33 32 32 33 33 34 34 35 36 37 37 38 39 39 40 41 41 41 43 44 43 45 47 47 46 46 46 47 50 51 52 54 57 58 59 60 61 61 62 63
28 28 28 28 29 29 29 28 28 29 28 28 28 28 28 29 29 30 30 29 30 30 31 31 31 30 31 31 31 31 32 31 31 32 32 33 34 33 32 33 33 35 35 36 37 37 37 38 39 40 42 42 42 44 44 44 45 47 47 49 49 49 49 49 51 51 53 53 56 58 61 62 62 62 63 64 64
30 29 29 29 29 29 29 29 29 30 30 31 31 31 30 31 30 30 30 30 30 31 31 31 31 31 31 31 31 32 33 33 32 33 33 33 34 35 35 35 35 37 36 36 38 38 38 39 41 42 42 42 44 45 46 46 46 47 48 49 51 49 51 51 51 53 54 56 57 60 60 63 64 63 63 63 66
30 30 30 30 30 30 29 29 30 32 32 32 32 34 32 31 32 32 31 30 30 31 31 31 31 31 31 33 33 33 33 33 33 33 34 35 35 36 35 37 37 37 37 37 39 38 40 41 42 42 43 44 45 46 47 47 47 48 49 51 50 51 52 54 54 55 57 59 59 59 62 64 65 64 66 66 66
33 34 32 32 31 31 32 33 34 34 34 34 34 34 34 33 34 34 33 34 35 34 34 33 32 33 33 33 33 33 33 33 33 34 35 36 36 37 38 38 37 37 39 40 40 41 41 41 43 43 44 46 46 47 47 48 49 49 51 50 50 53 54 55 57 57 59 60 60 62 65 66 66 66 66 67 68
36 36 37 34 34 34 36 35 33 33 34 33 34 34 34 33 34 34 34 35 34 34 34 34 34 34 34 34 34 33 33 34 34 36 36 37 37 38 38 38 38 39 39 40 40 42 42 43 43 45 46 46 48 49 50 49 49 49 51 50 54 54 57 57 59 61 60 61 62 63 66 66 67 68 68 68 70
37 37 37 37 36 36 36 36 37 37 38 37 37 36 36 36 36 36 35 36 37 34 34 34 34 34 35 35 35 36 36 35 36 38 38 38 38 39 40 40 38 39 41 42 42 42 44 44 44 46 46 48 49 50 51 51 49 50 50 53 55 57 57 60 63 62 62 62 65 66 69 69 68 70 70 71 72
39 39 39 38 37 37 37 37 38 38 38 38 37 37 37 38 37 37 38 37 37 36 35 35 35 35 35 35 36 37 37 36 38 38 38 38 40 40 40 41 41 40 41 42 43 46 46 46 46 47 49 49 50 51 51 52 52 54 53 54 56 58 60 63 64 65 65 65 67 70 70 70 72 72 73 73 73
40 40 40 40 40 40 40 38 39 38 39 38 38 38 38 38 39 40 38 38 37 36 35 35 36 37 37 37 38 38 38 38 38 38 38 40 40 40 40 42 41 41 43 44 46 46 46 47 47 49 49 50 51 52 53 53 54 55 55 56 58 61 63 64 66 66 69 70 70 72 72 72 72 73 74 74 75
41 41 41 41 41 41 42 42 42 41 41 40 40 38 38 39 39 39 39 39 39 38 39 39 39 39 39 39 39 40 39 38 38 38 39 40 40 41 42 42 41 44 45 45 47 47 47 48 49 49 51 52 52 54 54 55 55 55 56 59 61 62 63 66 68 68 69 70 72 72 72 73 74 74 75 76 77
44 44 42 41 41 41 44 42 42 41 41 42 42 40 40 41 41 42 42 42 42 41 40 39 39 39 39 39 40 40 39 39 40 40 41 41 42 43 43 44 46 45 45 47 47 49 49 49 51 51 52 54 55 56 56 56 57 59 59 61 62 63 66 68 69 69 70 72 74 75 74 74 75 77 77 78 78
45 45 44 44 44 44 45 44 44 43 43 43 42 43 44 44 44 43 42 42 42 42 42 42 42 42 41 41 42 41 41 41 40 41 42 42 43 44 45 46 46 46 47 47 50 50 52 52 52 53 55 55 56 56 56 58 59 61 61 63 63 66 68 69 69 70 72 74 74 76 76 77 77 77 78 78 78
