rasters/Mali_SNDPPT_M_sl2_250m_ll.asc
NCOLS 198 
NROWS 178 
XLLCORNER -12.264130412 
YLLCORNER 10.140054014 
CELLSIZE 0.0833321619545454 
NODATA_value -9999 
[rows 50 to 74 of 178, columns 112 to 167 of 198]
96 94.1685393258436 96.3370786516867 96.1685393258435 97 97.3314606741566 96.8314606741566 97.1685393258434 97 98 97.3370786516867 96.8258426966264 98.1685393258434 99.3314606741561 99.3314606741566 98.1573033707833 94.3370786516867 95 99.0056179775302 98.8314606741566 94 88.1629213483133 89.5000000000013 97.6685393258434 96.3314606741566 96.1685393258431 96.6629213483132 88.3314606741563 89 91.1685393258434 88.3314606741566 86.3370786516867 94 94.5 89.6685393258431 90.3370786516867 97 92.6685393258428 98 96 94.5056179775301 97.3370786516867 98 91 97.6629213483133 98.1573033707832 94.9887640449395 95 93.5 -9999 -9999 -9999 -9999 -9999 -9999 -9999
96 97.5000000000006 97 97.1966292134826 99.0898876404484 100 97.6966292134828 95.5 98 98.3033707865172 96.5000000000001 96 94.3932584269656 95.6067415730338 95.6966292134828 93.196629213483 96.3932584269656 100 95.1067415730343 96.6067415730345 97.4999999999998 96.8033707865172 96.6966292134825 95.6966292134828 90.3033707865172 98 78.1966292134828 77.8932584269643 81.3932584269656 85.3932584269656 92.8033707865172 94.1966292134828 90.4999999999998 91.5 86.0898876404498 97.8033707865172 95.5898876404484 97.3932584269649 98 95.0898876404486 97.5 95.3932584269656 95.3932584269656 92.6966292134828 96 96.3932584269656 92.4999999999999 95.5 97 89.6966292134833 95.3932584269656 -9999 -9999 -9999 -9999 -9999
98.7247191011231 94 96.2247191011231 97 97.3988764044923 98.2247191011231 96.7752808988769 95 97 96.5 95.2247191011229 96 96 95.7752808988773 100 95.7247191011237 98 94.5505617977539 96 91.0505617977537 94.9494382022462 96.2247191011231 95.1741573033686 94.5 96.1011235955077 81.2247191011227 80.9494382022461 88.9999999999996 84.1011235955077 92.7752808988769 87.1011235955077 95.7752808988769 95 96.2752808988769 95 93 93.1235955056153 91.5000000000001 93.2752808988769 91 88.7752808988769 90.2752808988769 91.4494382022461 96.2247191011231 96.7752808988771 95.5 97.7247191011228 96.9494382022461 98.7752808988769 97.5505617977539 95.2247191011231 95.3764044943857 95.5505617977539 -9999 -9999 -9999
98.5 95.2471910112363 96.5056179775267 96.4943820224733 98 96.4943820224733 97.4943820224733 99 96 96 96.2415730337093 97.2471910112367 96.7471910112366 95.752808988763 96.5 93.7415730337102 98.5 99.2471910112367 96.2471910112366 98.7528089887633 98.5000000000009 97.5056179775267 98.4943820224729 73.7528089887634 72.4831460674199 86.5000000000009 90.2471910112367 88.2528089887648 93.0056179775267 89.5056179775267 89.2471910112367 93.74157303371 90.0000000000008 72.25842696629 77.2471910112373 68.7471910112367 93.7528089887633 87.7471910112362 92.24157303371 85.2528089887631 88.5 90.24157303371 94.2471910112362 96.25842696629 94.9887640449466 97.2471910112366 98 93.7471910112367 98.24157303371 79.7584269662896 93 95.7415730337102 98 96 98.9887640449466 -9999
97.5 99.0617977528096 96 98 98.5 96 97.7808988764045 96.2191011235955 95.438202247191 97.2191011235955 97.2191011235954 97.9999999999999 96.7808988764045 94.561797752809 98.438202247191 98.2808988764042 99 98.5 99.7808988764044 98.7808988764046 99 89 91.7808988764047 61.6235955056179 65.7191011235955 87.2808988764042 90 89.2808988764047 89 93.7808988764045 90.561797752809 82.1235955056179 77.4999999999999 92.5 89.561797752809 93.9662921348313 94.5617977528089 94.2808988764032 98.2191011235955 87.3426966292123 93.7191011235955 93.7808988764045 94.719101123596 92.7191011235955 91.5000000000004 94.438202247191 94.9382022471911 92 78 93.3764044943784 81.3483146067418 94.7191011235961 97.1235955056179 94 99 -9999
98 97.5000000000006 96.8089887640448 96.1910112359554 97 98.3089887640447 97 97 98.6179775280895 97.3820224719105 95.6910112359552 97.3089887640448 99 97 97.0730337078657 97.4999999999999 97.8089887640448 99 97 93.1460674157316 93.8089887640444 93.0730337078657 79.8089887640437 68.1460674157315 72 73.808988764044 85.3820224719105 96.6179775280895 96.3089887640448 95.6179775280895 89.5 87.1910112359552 85.0000000000007 88.6179775280895 86.3820224719105 74.8820224719105 94.6179775280895 98.6179775280895 92 94.8820224719106 91.6910112359553 95.3089887640448 84.8089887640444 92.9269662921343 84.8820224719097 75.6179775280895 73.7640449438226 77.9269662921343 95.3820224719105 81.7640449438206 77.264044943821 94.528089887642 87.8370786516867 79.0730337078657 94.1910112359539 94.5000000000001
94.8258426966299 98.1741573033703 96.837078651685 95.8258426966298 95 97.837078651685 93.662921348315 97.3258426966299 97.67415730337 95.6516853932599 97.3370786516847 96.6741573033701 94 96.3370786516845 96.837078651685 96.6741573033701 95.662921348315 93.8258426966299 94 97.6741573033701 95.3370786516845 94.662921348315 94.1629213483148 87.337078651685 94.5 73.151685393259 69.5112359550551 87.3258426966299 91 76.337078651685 79.9775280898898 92.3258426966299 88.3258426966299 91.662921348315 89.4999999999996 87.3146067415748 93.162921348315 95 96.8258426966299 97.6629213483147 88.0224719101102 83.8146067415748 86.8483146067404 88.837078651685 95.3370786516847 78.8258426966299 95.4887640449451 72.1404494382048 68.337078651685 67.8258426966319 94.662921348315 96.3258426966299 96.837078651685 94.6516853932599 92.3146067415743 98
96.2696629213477 96.134831460674 97.2696629213477 96 94.6348314606738 94.1348314606739 95.6348314606738 96.3651685393261 96.7303370786535 96.1348314606738 97 94 93.6348314606739 98.1348314606736 97 97.6348314606735 98.3651685393262 97 100 97 97.1348314606741 92.6348314606738 91.6348314606741 88.2696629213477 90.7696629213477 74.8651685393264 88.1348314606738 74.7303370786527 94.6348314606738 83.4044943820215 72.7303370786523 88.3483146067384 88 92.2696629213477 93.865168539326 76.1741573033692 94.5 96 94.2696629213477 95.7303370786525 80.4044943820215 88 85.1348314606736 94 88.4606741573046 78.6348314606738 88.6348314606732 72.3651685393261 69.5 69.7303370786511 92 98 83.2696629213477 78.7303370786523 95.2696629213447 97.0955056179785
96.1067415730336 96.3932584269669 93.3932584269664 95.8932584269665 92.1067415730336 93.7865168539329 95.3932584269664 96.1067415730336 98.3932584269671 95.7134831460671 93.5000000000002 94.6067415730335 95.5 96 98 98.1067415730335 97.3932584269664 93.0337078651678 93.1067415730335 95.3932584269664 89.8932584269666 91.3932584269664 90.5000000000002 85.3932584269664 76.4213483146042 93.2134831460671 88.9269662921343 71.5337078651674 90.1067415730335 89.8932584269664 87.0730337078657 80.9269662921343 92 92 87.8932584269665 95 93.8202247191007 96 90.3202247191007 89.0000000000002 86.2134831460671 89.1797752808993 85.286516853932 79.7865168539329 75.6404494382007 77.1404494382014 57.0000000000008 71 79 69.2134831460644 88.7865168539329 89.8202247190993 90 91.5 86.606741573038 90.1797752808992
94.9213483146067 94.5000000000006 92.8146067415732 94.7359550561795 94.7359550561798 94.5786516853933 94 96.8426966292134 94.4999999999991 93.6573033707866 95.3426966292131 93 95.3426966292134 96.0786516853932 94.1573033707866 90.8426966292134 89.7359550561798 91.1573033707866 94.5786516853932 94.8426966292134 93.4213483146077 91.0786516853933 93.9213483146066 91.5 88.5 81.8707865168551 85.1853932584268 83.2078651685392 73.0786516853933 85.6067415730336 81.2921348314604 94.5786516853933 89 87.5786516853933 90.4213483146071 90.050561797753 94.5786516853933 95.9213483146068 92.4213483146067 89.8146067415728 89.5786516853933 93 94.4999999999994 84.3370786516859 78.3932584269664 81.4213483146067 81.7640449438212 95.8426966292134 93 69.5786516853926 77.9719101123597 97 79.1067415730336 90.5786516853933 89.8426966292134 82.0786516853936
93.4494382022478 95 92.1516853932565 93.4494382022474 96 92.9494382022478 94.8988764044957 96 95.4999999999991 93.5505617977522 94.7977528089913 97.4494382022477 98.1011235955043 99 98 91.0505617977513 90.1011235955043 93.1011235955043 96 96.5000000000001 97.0505617977523 93.0505617977522 92.5505617977518 91.1516853932565 73.0505617977522 69.8988764044972 78.5617977527953 71.4999999999989 90.2977528089914 74.4494382022478 87.1516853932565 91.4943820224784 88.0505617977522 88.6516853932565 89.949438202247 95.3988764044957 93.5 96.1011235955028 76.0056179775216 90.4494382022475 88.0505617977522 86.7977528089914 77.9494382022479 73.6011235955043 92.5505617977526 96.0505617977522 78.3426966292264 73.8988764044957 88.2022471910086 69.5000000000008 75.5505617977522 80.9494382022481 93.5 77.5 69.9999999999998 72.8539325842652
93 92.0898876404475 92 94.5000000000004 92.0449438202238 93.0224719101119 94.9775280898881 93.4101123595525 91.5449438202229 93.9550561797762 94.4550561797767 98 99 96.4999999999992 97.0224719101119 95.4999999999996 100 98 100 97.4999999999999 97.5224719101127 95.9775280898881 90.5000000000004 76.4101123595525 65.5 91.0224719101119 92.9775280898881 86.9325842696643 63.0898876404475 97.9101123595525 92.9550561797762 78.4325842696644 84.5674157303416 94.4775280898881 96.5224719101123 99.5224719101119 99.9550561797762 90.9775280898881 85.9550561797762 91 87.0449438202238 95.4775280898881 89.5674157303347 83.8426966292168 92.0224719101119 83.7022471910069 90.0449438202238 92.4550561797762 93.9775280898881 87.5449438202279 72.5224719101119 83.0674157303364 64.9325842696644 89.3876404494406 76.0449438202237 80.1123595505592
92 94.0056179775284 92.0112359550568 90.505617977528 92.0056179775284 92 90.5056179775284 93 93.0112359550568 92.528089887642 98.4999999999996 92.9943820224716 94.528089887642 97.4943820224709 98.4943820224716 99.9887640449432 96 100 100 95.4943820224717 94.4999999999991 91.5056179775284 93 85.5 89.0112359550568 90.4999999999991 92 91 95.5 93.0112359550568 87.0505617977556 76.5056179775284 93.4943820224708 79.9943820224716 76.505617977528 99 94.0056179775284 86.4999999999975 97.4831460674148 90.5056179775288 92.9943820224716 93.0056179775284 91.4887640449424 83.5505617977556 93.0112359550568 93.5224719101136 92.5056179775289 86.5112359550568 77.5056179775284 68.5056179775326 72.4775280898864 55.5112359550572 90.4943820224716 86.4606741573012 91.9887640449432 90.5000000000001
92 92.9325842696643 91.0674157303356 91 93.5 92.5337078651678 91 94 93.9999999999999 94 95.0674157303356 93.0337078651678 98 98.3988764044958 98.5 99 96.0674157303356 94 98 94.4999999999999 93.6011235955042 92.9662921348322 95.8988764044966 94.0337078651678 92.5337078651678 92 97.5337078651678 94 94.3651685393287 96.5337078651678 92.9325842696643 93.9662921348322 79.3988764044973 89.2977528089931 95.6011235955031 96.9662921348322 93.6685393258391 94.5674157303347 95.9325842696643 99.9325842696644 92.4662921348322 94.9325842696643 92.4325842696636 92 91.0337078651678 88.8988764044965 74.5337078651674 85.6348314606713 55.0674157303356 59.4662921348314 60.7022471910069 93.9325842696643 96.7977528089931 95.5337078651678 93.067415730334 94.8988764044967
93 92.7471910112363 91.5 93.1235955056178 94.438202247191 93.5 91 90.3707865168537 91.5617977528082 92 94.938202247191 94.4999999999999 96.0617977528089 96 97 91.0617977528089 94 96.1235955056179 96.0000000000002 92.1235955056177 97 97 95.9382022471911 96.938202247191 94 93.4999999999991 91 89.252808988763 93.3146067415732 96 96.5 92.8764044943821 90.4999999999992 93.938202247191 76.4382022471907 97.938202247191 93.561797752809 90.8764044943821 91.5 95 91 90.5617977528089 75.6235955056173 79.1910112359552 95 90.438202247191 77.0000000000018 85.7471910112358 57 59.7471910112367 59.7471910112358 94.5000000000004 96.0617977528089 99.561797752809 97 94.4382022471911
92.4101123595508 96.4101123595511 94.4101123595508 93.4101123595518 94.1797752808985 90 91.9494382022461 91.4101123595508 90 90.7303370786523 93 94.5898876404493 93.4101123595508 96.5000000000007 97 97.9101123595509 95 98.0898876404492 98.0898876404492 98.4101123595509 99.4101123595501 97.5898876404492 97.4999999999996 96.5898876404492 94.6797752808985 97.9999999999997 92.9101123595508 88.0898876404491 59.1404494382031 95.5 94 89.9101123595508 95 94.4101123595508 98.5898876404496 93.1797752808985 92.1797752808985 97.5898876404485 90.5898876404492 93.9101123595507 91.4101123595508 90.5 81.8595505617946 84.0786516853907 92.589887640449 93.1797752808984 90.9999999999992 86.0898876404492 57.2696629213477 74.1910112359551 72 94.0000000000008 84.7696629213477 95.9101123595508 92.4101123595501 91.7303370786523
94.1179775280895 93.3820224719113 90.1179775280895 93.1179775280894 93.1179775280895 93.3820224719105 93 93.6179775280895 92.117977528088 91.1179775280895 92.6179775280898 94 95.6179775280895 96.528089887642 94.764044943821 99 96.3820224719105 99.3820224719105 98.264044943821 99.3820224719104 97.4719101123554 97 98.8820224719104 97 89.6179775280895 92.2359550561786 92.5 78.0280898876416 86.3258426966265 92.6460674157315 84.235955056179 81.1179775280895 78.0280898876416 92.8820224719105 96.7640449438201 95.5 89.8820224719105 89.8820224719107 92.028089887642 91.235955056179 93 94.8820224719105 81.6179775280905 75.028089887642 91.3539325842686 78.7977528089845 77.9438202247134 75.943820224716 58.1179775280895 58.3820224719111 71.735955056179 90.1179775280896 81.735955056179 86.264044943821 90.0280898876424 89.1179775280895
93.3539325842702 90.6460674157298 93.3539325842702 92.8539325842701 92.1460674157298 92.6460674157298 93.3539325842702 93.2078651685404 95.8539325842705 95.8539325842702 92.7078651685404 94.7921348314593 95.7078651685405 94.6460674157303 96 97.6460674157295 97 97.3539325842702 95.6460674157299 98.0617977528107 98 98 98.6460674157301 97 96.7921348314595 95.4999999999996 92.6460674157298 91.5617977528105 90.7078651685404 76.7696629213511 85.8539325842702 63.4325842696746 92.3539325842696 91.3539325842702 96 95 89 94.5617977528104 90 90.1460674157297 90.5 91.5 89.6460674157299 91 89.4382022471892 89.1460674157298 75.7078651685402 83.7078651685404 75.9382022471893 77.6460674157287 70.2078651685404 79.0617977528103 78.7078651685404 97.5 93 90.2921348314597
94.3483146067401 91.8258426966302 93.6741573033701 93.8258426966298 91.0224719101102 95 92.8258426966299 93 94.1741573033698 94 91 96 97 95.6516853932599 96.6741573033701 96 96.8258426966299 99 100 99.6516853932599 99.5000000000009 97.3483146067401 97.6741573033698 93.3483146067401 94.5 92 93 86.5224719101103 91.1067415730395 78.4775280898898 73.1741573033701 73.8258426966299 93.8258426966302 90 93.6966292134802 92.3258426966299 93 92.9999999999983 91.1741573033701 89.52247191011 89.6741573033701 90.3258426966299 89.6741573033706 92.6741573033701 90.8258426966298 90.4775280898898 91.1516853932594 90.9775280898898 87 84.6292134831463 59.1741573033701 80.8483146067397 77.1741573033701 87.6966292134802 80.6516853932588 81.5
93 93.7977528089891 94 92.8932584269662 94.7022471910112 93.7022471910112 94.7022471910112 94 92.0955056179778 97.2977528089888 95.7977528089886 94 96.7977528089888 97.7977528089891 94.7977528089888 94 92.7977528089888 98.2022471910112 100 99 96.0000000000014 98 97 96 94.2022471910112 93.4044943820224 89.5 84.6067415730337 80.7865168539329 77.7022471910112 82.9044943820224 83 93.2134831460671 91.0112359550559 93.7977528089891 92.2022471910112 95.5955056179776 93 91.2022471910112 90.2977528089886 87.8089887640448 89.0955056179776 90 88.0112359550559 90.1067415730333 83.5955056179776 88.9887640449439 82.2977528089888 75 71.4999999999991 68.5955056179776 77.5955056179768 78.9887640449441 86.7977528089888 75.3202247191039 80.5000000000001
94.5 95.1910112359547 93.7696629213485 90.9999999999995 92.5393258426971 91.5 92.2303370786515 92.7696629213485 97.269662921349 95.2696629213485 96.7696629213492 93 95.5393258426971 96 94.5 94 100 99.2303370786515 99.5393258426971 96.9606741573029 98 96 93.0393258426971 94.8089887640456 91.2303370786515 93 89.5393258426971 93.7303370786517 90.7303370786515 90.7696629213485 92.0786516853941 81.7696629213485 94.691011235954 91.7696629213485 92.5393258426971 92.5 91.8483146067427 91 92.2303370786515 90.5393258426975 89.2696629213485 92.9213483146059 87.5393258426971 90.5 91.1516853932575 75.7696629213485 91.2303370786517 84.3876404494397 71.8483146067427 80.1179775280904 82.9606741573029 85.7303370786512 93.4213483146059 86.5 88.460674157302 91.6516853932574
91.7584269662926 92.2415730337071 91.5 94 91.2415730337074 92 92.2584269662926 94 96.241573033707 93 94 95 91.7584269662926 92 98.7584269662926 100 98.7584269662926 97.7415730337074 97.4831460674148 95.7584269662926 96.2921348314625 95 92.2247191011224 91.4831460674148 93.4831460674148 70.5000000000009 96.5168539325852 95.7415730337072 93.2752808988778 88.7752808988778 91.0168539325852 90.4831460674148 91.2415730337078 91 91.5000000000004 89.7584269662926 92 89.7584269662922 94.5168539325852 95.2584269662924 94.7752808988778 95.5 92.483146067414 88.0168539325852 87.2584269662924 92.2415730337074 83.9831460674153 72.2415730337074 78.2752808988778 75.775280898879 83.7584269662926 82.6573033707817 90.4831460674148 93.7415730337074 91.4999999999991 90.7415730337074
89.2134831460671 92.7134831460673 91 93.9999999999996 92 94.0730337078657 91 94 90.7134831460676 92.5 92 92.7865168539329 91.2865168539329 93.2865168539324 98.7134831460671 99 99 97.5730337078657 100 98.2134831460672 85.5730337078657 95.7191011235972 91.3595505617988 83.5 92 74.8539325842675 91.5 98.2865168539326 91.7865168539329 90.7134831460671 90.7865168539329 90.2865168539329 89.7865168539332 91.5 92.3595505617988 83 94.1404494382014 94 95.7134831460671 94.5000000000004 93.3595505617986 91.8595505617986 86.7865168539325 89.5730337078657 90.5000000000004 89.8595505617986 75.2865168539336 56.9887640449398 96 86.0730337078649 76.5730337078657 71.6404494382021 83.8595505617986 92.1460674157315 88.9269662921351 90.0730337078658
94 91.1853932584275 93.4438202247169 91.1292134831447 91.8146067415723 91.3146067415723 89.8707865168554 92.1292134831446 93.6853932584272 91.1292134831446 92.7584269662893 93.8146067415722 91.3146067415723 96 98 99 93.3146067415723 94.3707865168554 83.4999999999999 83.4999999999999 98 96.6853932584277 95.8146067415721 95.5 95.3707865168554 94.3707865168554 92 94 91.3707865168554 91.5 91 90.5 90.3146067415728 91.9438202247169 95.4438202247164 91.1853932584277 81.8146067415723 94 94.6853932584277 95.685393258428 85.6853932584277 93.6292134831446 85.5561797752822 89.7415730337108 90.5000000000001 92 89.9101123595592 73.5561797752831 98.0730337078615 89.3707865168571 86.1292134831446 91.8146067415721 89.8707865168554 89.8146067415723 91.5000000000009 77.814606741572
91.8426966292143 89.6292134831438 93.3707865168571 91.8146067415713 90.8426966292143 92.8146067415715 89.1573033707857 90.1573033707857 90.4999999999991 90 89.9999999999994 92.2134831460711 94 97.1573033707855 92.9719101123572 95.1853932584281 92.6853932584286 95.0280898876428 96.1573033707857 96 93.9999999999994 95.8426966292143 95.8426966292144 95.5 96.3426966292143 94.157303370786 92.3426966292143 88.6573033707852 87.6292134831429 81.4719101123572 92.5 91 92 92.3146067415715 87.6573033707857 86 77.5 92.842696629214 93.6853932584286 92 87.1292134831429 87.6573033707857 87.8426966292128 93.3426966292143 77.3426966292137 99.0280898876428 93.1573033707859 89.5 91.6573033707857 90.6573033707863 94.5 90.7865168539287 88 89.8426966292143 92.8707865168568 91.1573033707857
