rasters/Mali_bio12.asc
NCOLS 198 
NROWS 178 
XLLCORNER -12.264130412 
YLLCORNER 10.140054014 
CELLSIZE 0.0833321619545454 
NODATA_value -3.4e+38 
[rows 102 to 135 of 178, columns 0 to 76 of 198]
-3.4e+38 -3.4e+38 -3.4e+38 -3.4e+38 -3.4e+38 -3.4e+38 -3.4e+38 -3.4e+38 -3.4e+38 -3.4e+38 -3.4e+38 -3.4e+38 -3.4e+38 -3.4e+38 -3.4e+38 -3.4e+38 -3.4e+38 -3.4e+38 -3.4e+38 -3.4e+38 -3.4e+38 -3.4e+38 -3.4e+38 -3.4e+38 -3.4e+38 -3.4e+38 -3.4e+38 -3.4e+38 -3.4e+38 -3.4e+38 -3.4e+38 -3.4e+38 -3.4e+38 -3.4e+38 -3.4e+38 -3.4e+38 -3.4e+38 -3.4e+38 -3.4e+38 -3.4e+38 -3.4e+38 -3.4e+38 -3.4e+38 -3.4e+38 -3.4e+38 -3.4e+38 -3.4e+38 -3.4e+38 -3.4e+38 -3.4e+38 -3.4e+38 -3.4e+38 -3.4e+38 -3.4e+38 -3.4e+38 -3.4e+38 -3.4e+38 -3.4e+38 -3.4e+38 -3.4e+38 -3.4e+38 -3.4e+38 -3.4e+38 -3.4e+38 -3.4e+38 -3.4e+38 -3.4e+38 -3.4e+38 -3.4e+38 -3.4e+38 -3.4e+38 -3.4e+38 -3.4e+38 -3.4e+38 -3.4e+38 -3.4e+38 -3.4e+38
-3.4e+38 -3.4e+38 -3.4e+38 -3.4e+38 -3.4e+38 -3.4e+38 -3.4e+38 -3.4e+38 -3.4e+38 -3.4e+38 -3.4e+38 -3.4e+38 -3.4e+38 -3.4e+38 -3.4e+38 -3.4e+38 -3.4e+38 -3.4e+38 -3.4e+38 -3.4e+38 -3.4e+38 -3.4e+38 -3.4e+38 -3.4e+38 -3.4e+38 -3.4e+38 -3.4e+38 -3.4e+38 -3.4e+38 -3.4e+38 -3.4e+38 -3.4e+38 -3.4e+38 -3.4e+38 -3.4e+38 -3.4e+38 -3.4e+38 -3.4e+38 -3.4e+38 -3.4e+38 -3.4e+38 -3.4e+38 -3.4e+38 -3.4e+38 -3.4e+38 -3.4e+38 -3.4e+38 -3.4e+38 -3.4e+38 -3.4e+38 -3.4e+38 -3.4e+38 -3.4e+38 -3.4e+38 -3.4e+38 -3.4e+38 -3.4e+38 -3.4e+38 -3.4e+38 -3.4e+38 -3.4e+38 -3.4e+38 -3.4e+38 -3.4e+38 -3.4e+38 -3.4e+38 -3.4e+38 -3.4e+38 -3.4e+38 -3.4e+38 -3.4e+38 -3.4e+38 -3.4e+38 -3.4e+38 -3.4e+38 -3.4e+38 -3.4e+38
-3.4e+38 -3.4e+38 -3.4e+38 -3.4e+38 -3.4e+38 -3.4e+38 -3.4e+38 -3.4e+38 -3.4e+38 -3.4e+38 -3.4e+38 -3.4e+38 -3.4e+38 -3.4e+38 -3.4e+38 -3.4e+38 -3.4e+38 -3.4e+38 -3.4e+38 -3.4e+38 -3.4e+38 -3.4e+38 -3.4e+38 -3.4e+38 -3.4e+38 -3.4e+38 -3.4e+38 -3.4e+38 -3.4e+38 -3.4e+38 -3.4e+38 -3.4e+38 -3.4e+38 -3.4e+38 -3.4e+38 -3.4e+38 -3.4e+38 -3.4e+38 -3.4e+38 -3.4e+38 -3.4e+38 -3.4e+38 -3.4e+38 -3.4e+38 -3.4e+38 -3.4e+38 -3.4e+38 -3.4e+38 -3.4e+38 -3.4e+38 -3.4e+38 -3.4e+38 -3.4e+38 -3.4e+38 -3.4e+38 -3.4e+38 -3.4e+38 -3.4e+38 -3.4e+38 -3.4e+38 -3.4e+38 -3.4e+38 -3.4e+38 -3.4e+38 -3.4e+38 -3.4e+38 -3.4e+38 -3.4e+38 -3.4e+38 -3.4e+38 -3.4e+38 -3.4e+38 -3.4e+38 -3.4e+38 -3.4e+38 -3.4e+38 -3.4e+38
-3.4e+38 -3.4e+38 -3.4e+38 -3.4e+38 -3.4e+38 -3.4e+38 -3.4e+38 -3.4e+38 -3.4e+38 -3.4e+38 -3.4e+38 -3.4e+38 -3.4e+38 -3.4e+38 -3.4e+38 -3.4e+38 -3.4e+38 -3.4e+38 -3.4e+38 -3.4e+38 -3.4e+38 -3.4e+38 -3.4e+38 -3.4e+38 -3.4e+38 -3.4e+38 -3.4e+38 -3.4e+38 -3.4e+38 -3.4e+38 -3.4e+38 -3.4e+38 -3.4e+38 -3.4e+38 -3.4e+38 -3.4e+38 -3.4e+38 -3.4e+38 -3.4e+38 -3.4e+38 -3.4e+38 -3.4e+38 -3.4e+38 -3.4e+38 -3.4e+38 -3.4e+38 -3.4e+38 -3.4e+38 -3.4e+38 -3.4e+38 -3.4e+38 -3.4e+38 -3.4e+38 -3.4e+38 -3.4e+38 -3.4e+38 -3.4e+38 -3.4e+38 -3.4e+38 -3.4e+38 -3.4e+38 -3.4e+38 -3.4e+38 -3.4e+38 -3.4e+38 -3.4e+38 -3.4e+38 -3.4e+38 -3.4e+38 -3.4e+38 -3.4e+38 -3.4e+38 -3.4e+38 -3.4e+38 -3.4e+38 -3.4e+38 -3.4e+38
-3.4e+38 -3.4e+38 -3.4e+38 -3.4e+38 -3.4e+38 -3.4e+38 -3.4e+38 -3.4e+38 -3.4e+38 -3.4e+38 -3.4e+38 -3.4e+38 -3.4e+38 -3.4e+38 -3.4e+38 -3.4e+38 -3.4e+38 -3.4e+38 -3.4e+38 -3.4e+38 -3.4e+38 -3.4e+38 -3.4e+38 -3.4e+38 -3.4e+38 -3.4e+38 -3.4e+38 -3.4e+38 -3.4e+38 -3.4e+38 -3.4e+38 -3.4e+38 -3.4e+38 -3.4e+38 -3.4e+38 -3.4e+38 -3.4e+38 -3.4e+38 -3.4e+38 -3.4e+38 -3.4e+38 -3.4e+38 -3.4e+38 -3.4e+38 -3.4e+38 -3.4e+38 -3.4e+38 -3.4e+38 -3.4e+38 -3.4e+38 -3.4e+38 -3.4e+38 -3.4e+38 -3.4e+38 -3.4e+38 -3.4e+38 -3.4e+38 -3.4e+38 -3.4e+38 -3.4e+38 -3.4e+38 -3.4e+38 -3.4e+38 -3.4e+38 -3.4e+38 -3.4e+38 -3.4e+38 -3.4e+38 -3.4e+38 -3.4e+38 -3.4e+38 -3.4e+38 -3.4e+38 -3.4e+38 -3.4e+38 -3.4e+38 -3.4e+38
-3.4e+38 -3.4e+38 -3.4e+38 -3.4e+38 -3.4e+38 -3.4e+38 -3.4e+38 -3.4e+38 -3.4e+38 -3.4e+38 -3.4e+38 -3.4e+38 -3.4e+38 -3.4e+38 -3.4e+38 -3.4e+38 -3.4e+38 -3.4e+38 -3.4e+38 -3.4e+38 -3.4e+38 -3.4e+38 -3.4e+38 -3.4e+38 -3.4e+38 -3.4e+38 -3.4e+38 -3.4e+38 -3.4e+38 -3.4e+38 -3.4e+38 -3.4e+38 -3.4e+38 -3.4e+38 -3.4e+38 -3.4e+38 -3.4e+38 -3.4e+38 -3.4e+38 -3.4e+38 -3.4e+38 -3.4e+38 -3.4e+38 -3.4e+38 -3.4e+38 -3.4e+38 -3.4e+38 -3.4e+38 -3.4e+38 -3.4e+38 -3.4e+38 -3.4e+38 -3.4e+38 -3.4e+38 -3.4e+38 -3.4e+38 -3.4e+38 -3.4e+38 -3.4e+38 -3.4e+38 -3.4e+38 -3.4e+38 -3.4e+38 -3.4e+38 -3.4e+38 -3.4e+38 -3.4e+38 -3.4e+38 -3.4e+38 -3.4e+38 -3.4e+38 -3.4e+38 -3.4e+38 -3.4e+38 -3.4e+38 -3.4e+38 -3.4e+38
-3.4e+38 -3.4e+38 -3.4e+38 -3.4e+38 -3.4e+38 -3.4e+38 -3.4e+38 -3.4e+38 -3.4e+38 -3.4e+38 -3.4e+38 -3.4e+38 -3.4e+38 -3.4e+38 -3.4e+38 -3.4e+38 -3.4e+38 -3.4e+38 -3.4e+38 -3.4e+38 -3.4e+38 -3.4e+38 -3.4e+38 -3.4e+38 -3.4e+38 -3.4e+38 -3.4e+38 -3.4e+38 -3.4e+38 -3.4e+38 -3.4e+38 -3.4e+38 -3.4e+38 -3.4e+38 -3.4e+38 -3.4e+38 -3.4e+38 -3.4e+38 -3.4e+38 -3.4e+38 -3.4e+38 -3.4e+38 -3.4e+38 -3.4e+38 -3.4e+38 -3.4e+38 -3.4e+38 -3.4e+38 -3.4e+38 -3.4e+38 -3.4e+38 -3.4e+38 -3.4e+38 -3.4e+38 -3.4e+38 -3.4e+38 -3.4e+38 -3.4e+38 -3.4e+38 -3.4e+38 -3.4e+38 -3.4e+38 -3.4e+38 -3.4e+38 -3.4e+38 -3.4e+38 -3.4e+38 -3.4e+38 -3.4e+38 -3.4e+38 -3.4e+38 -3.4e+38 -3.4e+38 -3.4e+38 -3.4e+38 -3.4e+38 -3.4e+38
-3.4e+38 -3.4e+38 -3.4e+38 -3.4e+38 -3.4e+38 -3.4e+38 -3.4e+38 -3.4e+38 -3.4e+38 -3.4e+38 -3.4e+38 -3.4e+38 -3.4e+38 -3.4e+38 -3.4e+38 -3.4e+38 -3.4e+38 -3.4e+38 -3.4e+38 -3.4e+38 -3.4e+38 -3.4e+38 -3.4e+38 -3.4e+38 -3.4e+38 -3.4e+38 -3.4e+38 -3.4e+38 -3.4e+38 -3.4e+38 -3.4e+38 -3.4e+38 -3.4e+38 -3.4e+38 -3.4e+38 -3.4e+38 -3.4e+38 -3.4e+38 -3.4e+38 -3.4e+38 -3.4e+38 -3.4e+38 -3.4e+38 -3.4e+38 -3.4e+38 -3.4e+38 -3.4e+38 -3.4e+38 -3.4e+38 -3.4e+38 -3.4e+38 -3.4e+38 -3.4e+38 -3.4e+38 -3.4e+38 -3.4e+38 -3.4e+38 -3.4e+38 -3.4e+38 -3.4e+38 -3.4e+38 -3.4e+38 -3.4e+38 -3.4e+38 -3.4e+38 -3.4e+38 -3.4e+38 -3.4e+38 -3.4e+38 -3.4e+38 -3.4e+38 -3.4e+38 -3.4e+38 -3.4e+38 -3.4e+38 -3.4e+38 -3.4e+38
-3.4e+38 -3.4e+38 -3.4e+38 -3.4e+38 -3.4e+38 -3.4e+38 -3.4e+38 -3.4e+38 -3.4e+38 -3.4e+38 -3.4e+38 -3.4e+38 -3.4e+38 -3.4e+38 -3.4e+38 -3.4e+38 -3.4e+38 -3.4e+38 -3.4e+38 -3.4e+38 -3.4e+38 -3.4e+38 -3.4e+38 -3.4e+38 -3.4e+38 -3.4e+38 -3.4e+38 -3.4e+38 -3.4e+38 -3.4e+38 -3.4e+38 -3.4e+38 -3.4e+38 -3.4e+38 -3.4e+38 -3.4e+38 -3.4e+38 -3.4e+38 -3.4e+38 -3.4e+38 -3.4e+38 -3.4e+38 -3.4e+38 -3.4e+38 -3.4e+38 -3.4e+38 -3.4e+38 -3.4e+38 -3.4e+38 -3.4e+38 -3.4e+38 -3.4e+38 -3.4e+38 -3.4e+38 -3.4e+38 -3.4e+38 -3.4e+38 -3.4e+38 -3.4e+38 -3.4e+38 -3.4e+38 -3.4e+38 -3.4e+38 -3.4e+38 -3.4e+38 -3.4e+38 -3.4e+38 -3.4e+38 -3.4e+38 -3.4e+38 -3.4e+38 -3.4e+38 -3.4e+38 -3.4e+38 -3.4e+38 -3.4e+38 -3.4e+38
-3.4e+38 -3.4e+38 -3.4e+38 -3.4e+38 -3.4e+38 -3.4e+38 -3.4e+38 -3.4e+38 -3.4e+38 -3.4e+38 -3.4e+38 -3.4e+38 -3.4e+38 -3.4e+38 -3.4e+38 -3.4e+38 -3.4e+38 -3.4e+38 -3.4e+38 -3.4e+38 -3.4e+38 -3.4e+38 -3.4e+38 -3.4e+38 -3.4e+38 -3.4e+38 -3.4e+38 -3.4e+38 -3.4e+38 -3.4e+38 -3.4e+38 -3.4e+38 -3.4e+38 -3.4e+38 -3.4e+38 -3.4e+38 -3.4e+38 -3.4e+38 -3.4e+38 -3.4e+38 -3.4e+38 -3.4e+38 -3.4e+38 -3.4e+38 -3.4e+38 -3.4e+38 -3.4e+38 -3.4e+38 -3.4e+38 -3.4e+38 -3.4e+38 -3.4e+38 -3.4e+38 -3.4e+38 -3.4e+38 -3.4e+38 -3.4e+38 -3.4e+38 -3.4e+38 -3.4e+38 -3.4e+38 -3.4e+38 -3.4e+38 -3.4e+38 -3.4e+38 -3.4e+38 -3.4e+38 -3.4e+38 -3.4e+38 -3.4e+38 -3.4e+38 -3.4e+38 -3.4e+38 -3.4e+38 -3.4e+38 -3.4e+38 -3.4e+38
-3.4e+38 -3.4e+38 -3.4e+38 -3.4e+38 -3.4e+38 -3.4e+38 -3.4e+38 -3.4e+38 -3.4e+38 350 -3.4e+38 -3.4e+38 -3.4e+38 -3.4e+38 -3.4e+38 -3.4e+38 -3.4e+38 -3.4e+38 -3.4e+38 -3.4e+38 -3.4e+38 -3.4e+38 -3.4e+38 -3.4e+38 -3.4e+38 -3.4e+38 -3.4e+38 -3.4e+38 -3.4e+38 -3.4e+38 -3.4e+38 -3.4e+38 -3.4e+38 -3.4e+38 330 -3.4e+38 -3.4e+38 -3.4e+38 -3.4e+38 -3.4e+38 -3.4e+38 -3.4e+38 -3.4e+38 -3.4e+38 -3.4e+38 -3.4e+38 -3.4e+38 -3.4e+38 -3.4e+38 -3.4e+38 -3.4e+38 -3.4e+38 -3.4e+38 -3.4e+38 -3.4e+38 -3.4e+38 -3.4e+38 -3.4e+38 -3.4e+38 -3.4e+38 -3.4e+38 -3.4e+38 -3.4e+38 -3.4e+38 -3.4e+38 -3.4e+38 -3.4e+38 -3.4e+38 -3.4e+38 -3.4e+38 -3.4e+38 -3.4e+38 -3.4e+38 -3.4e+38 -3.4e+38 -3.4e+38 -3.4e+38
-3.4e+38 -3.4e+38 -3.4e+38 -3.4e+38 -3.4e+38 -3.4e+38 -3.4e+38 -3.4e+38 362 367 368 -3.4e+38 -3.4e+38 -3.4e+38 -3.4e+38 -3.4e+38 -3.4e+38 -3.4e+38 -3.4e+38 -3.4e+38 -3.4e+38 -3.4e+38 -3.4e+38 -3.4e+38 -3.4e+38 -3.4e+38 -3.4e+38 -3.4e+38 -3.4e+38 -3.4e+38 -3.4e+38 -3.4e+38 -3.4e+38 -3.4e+38 348 -3.4e+38 -3.4e+38 -3.4e+38 -3.4e+38 -3.4e+38 -3.4e+38 -3.4e+38 -3.4e+38 -3.4e+38 -3.4e+38 -3.4e+38 -3.4e+38 -3.4e+38 -3.4e+38 -3.4e+38 -3.4e+38 -3.4e+38 -3.4e+38 -3.4e+38 -3.4e+38 -3.4e+38 -3.4e+38 -3.4e+38 -3.4e+38 -3.4e+38 -3.4e+38 -3.4e+38 -3.4e+38 -3.4e+38 -3.4e+38 -3.4e+38 -3.4e+38 -3.4e+38 -3.4e+38 -3.4e+38 -3.4e+38 -3.4e+38 -3.4e+38 -3.4e+38 -3.4e+38 -3.4e+38 -3.4e+38
-3.4e+38 -3.4e+38 -3.4e+38 -3.4e+38 -3.4e+38 -3.4e+38 378 382 382 384 385 -3.4e+38 -3.4e+38 -3.4e+38 -3.4e+38 -3.4e+38 -3.4e+38 -3.4e+38 -3.4e+38 -3.4e+38 -3.4e+38 -3.4e+38 -3.4e+38 -3.4e+38 -3.4e+38 -3.4e+38 -3.4e+38 -3.4e+38 -3.4e+38 -3.4e+38 -3.4e+38 -3.4e+38 -3.4e+38 -3.4e+38 363 364 359 360 356 354 358 354 351 346 343 336 329 323 321 323 323 321 319 316 315 311 307 304 302 296 296 294 296 294 295 293 294 297 295 295 293 295 296 297 299 298 303
-3.4e+38 -3.4e+38 -3.4e+38 -3.4e+38 -3.4e+38 -3.4e+38 397 397 399 403 403 406 406 -3.4e+38 -3.4e+38 -3.4e+38 -3.4e+38 -3.4e+38 398 396 395 397 391 388 388 -3.4e+38 -3.4e+38 386 -3.4e+38 381 379 379 378 380 379 383 379 375 373 372 369 369 365 362 359 353 348 343 339 335 335 333 332 330 327 323 319 314 308 304 304 305 303 304 305 306 306 305 303 302 302 302 303 304 307 311 313
-3.4e+38 -3.4e+38 -3.4e+38 -3.4e+38 -3.4e+38 409 410 411 414 419 422 425 425 432 -3.4e+38 -3.4e+38 -3.4e+38 420 419 414 416 413 416 415 414 412 413 413 409 401 403 402 401 402 402 403 402 396 393 389 388 384 382 379 378 369 363 359 353 350 349 349 349 345 341 334 329 324 315 310 309 310 313 312 314 316 315 314 315 313 312 314 316 317 320 320 321
-3.4e+38 -3.4e+38 -3.4e+38 -3.4e+38 -3.4e+38 428 430 433 437 439 444 446 450 452 449 -3.4e+38 -3.4e+38 439 435 434 434 437 440 440 439 439 438 437 433 426 429 428 429 423 422 422 424 418 411 408 406 403 400 397 392 384 377 372 370 367 365 365 363 357 355 349 341 334 324 314 316 319 319 319 324 323 324 323 325 324 324 327 326 327 326 325 329
-3.4e+38 -3.4e+38 -3.4e+38 -3.4e+38 -3.4e+38 450 447 448 451 458 463 466 468 472 469 465 459 460 454 455 454 460 463 462 465 464 460 460 457 456 452 452 452 447 441 441 440 435 430 433 425 419 415 412 407 401 395 389 386 380 379 380 376 376 373 366 358 347 338 327 328 329 328 331 332 331 332 332 333 337 337 338 338 336 337 340 338
-3.4e+38 -3.4e+38 -3.4e+38 -3.4e+38 -3.4e+38 465 466 465 467 471 484 490 492 493 491 487 483 483 480 481 482 480 485 486 489 490 487 483 480 477 472 470 467 463 464 459 455 449 446 443 441 435 430 425 423 416 410 407 402 398 396 396 392 392 390 383 373 364 353 343 338 338 338 340 340 342 342 343 343 346 350 351 351 352 352 352 350
-339999999999999996123846586046231871488.000000000000000 -3.4e+38 -3.4e+38 -3.4e+38 -3.4e+38 486 485 479 479 491 503 515 518 515 511 508 509 503 503 507 519 517 512 514 519 517 513 509 503 498 494 491 485 482 478 476 473 467 463 460 455 449 447 442 439 434 427 422 415 412 409 408 408 405 405 396 385 374 365 357 352 351 351 353 353 355 354 353 355 358 361 362 362 364 365 370 365
-3.4e+38 -3.4e+38 -3.4e+38 -3.4e+38 -3.4e+38 508 506 503 505 514 526 537 544 536 532 530 525 526 527 531 544 550 550 549 548 545 536 529 525 520 516 510 506 503 499 494 491 484 483 481 475 465 464 457 455 450 446 437 432 428 425 421 419 416 411 404 394 386 378 370 367 365 364 365 365 366 365 368 370 370 374 377 375 374 369 368 374
-3.4e+38 -3.4e+38 -3.4e+38 532 531 528 528 528 530 537 542 554 556 552 548 548 546 551 557 567 574 581 585 588 584 575 566 557 549 546 536 533 532 527 522 515 508 504 504 498 492 485 478 475 473 467 460 455 446 442 437 435 430 426 419 413 406 397 388 383 379 379 377 377 379 380 380 382 384 385 385 389 389 386 381 387 389
550 552 553 553 556 557 554 552 550 554 561 567 568 570 562 567 567 573 583 583 594 602 615 623 613 607 594 585 575 571 561 555 553 546 540 534 528 525 521 515 510 503 497 496 490 482 474 471 464 457 455 450 441 435 430 420 413 409 403 398 395 393 391 390 392 391 394 396 399 398 400 404 406 402 397 405 404
-3.4e+38 571 569 576 583 583 579 576 571 574 575 578 581 586 579 582 580 586 594 607 618 628 638 638 632 624 612 600 593 588 583 578 576 566 561 556 549 544 543 536 529 522 516 513 504 495 490 486 480 475 468 464 456 447 439 432 427 420 416 413 410 406 406 404 406 408 407 409 413 415 417 420 422 423 417 421 420
593 587 589 593 597 602 600 598 590 589 591 593 595 596 596 596 596 604 610 620 631 639 649 652 648 641 632 621 614 608 603 600 597 591 584 576 569 563 557 552 547 539 532 528 520 514 509 505 499 494 488 478 471 462 453 445 439 432 428 426 421 420 419 420 422 422 422 423 424 431 434 437 439 444 437 434 434
611 608 611 615 618 620 620 613 613 609 607 606 608 611 612 616 626 634 638 636 647 655 662 664 663 660 650 638 635 629 626 620 614 611 607 599 588 583 576 570 564 559 551 547 544 534 530 523 516 513 503 494 485 476 470 462 454 451 443 438 436 437 434 437 438 437 438 440 442 446 448 453 459 461 455 450 454
-3.4e+38 629 632 638 642 642 645 647 642 634 629 626 626 627 630 633 644 658 661 664 668 670 676 679 678 672 662 656 654 652 646 639 636 631 627 619 611 602 597 589 584 575 572 566 560 556 549 542 537 529 518 509 501 492 482 475 467 460 456 455 454 451 450 450 450 452 452 455 457 460 466 469 478 479 474 470 476
-3.4e+38 -3.4e+38 656 658 667 668 677 680 663 663 653 646 647 649 651 652 668 682 681 679 683 687 690 691 690 683 676 673 675 671 666 661 656 650 647 639 631 625 615 611 605 597 592 587 582 576 569 562 555 543 536 525 516 508 500 491 485 478 477 473 470 465 465 464 465 464 467 469 473 478 481 487 493 496 491 494 500
-3.4e+38 -3.4e+38 -3.4e+38 681 687 693 702 706 708 703 693 674 672 674 678 672 690 696 699 705 707 709 709 707 700 694 689 689 687 687 683 677 674 669 666 657 648 645 637 630 627 616 609 605 599 595 590 579 571 561 553 544 536 525 517 512 508 497 492 487 484 480 476 478 478 479 481 484 488 491 497 504 510 513 509 516 522
-3.4e+38 -3.4e+38 -3.4e+38 704 707 715 723 728 731 728 713 698 696 693 691 694 702 705 711 714 719 720 721 724 717 705 702 704 707 706 700 696 692 689 685 676 668 665 659 652 647 639 630 625 620 614 606 597 589 580 572 564 553 543 536 531 525 518 509 503 498 494 493 492 493 493 496 499 504 508 513 520 525 529 527 542 543
-3.4e+38 -3.4e+38 -3.4e+38 725 729 736 744 747 749 738 728 720 711 710 715 717 711 715 724 732 738 739 736 739 734 721 717 719 720 718 718 714 712 708 699 694 686 682 678 672 666 660 655 645 641 632 625 618 609 602 592 581 571 560 554 547 540 534 525 518 513 508 507 508 505 508 509 514 517 520 525 535 542 541 548 562 563
-3.4e+38 -3.4e+38 -3.4e+38 741 744 752 761 763 766 758 747 743 730 730 733 725 722 724 738 748 752 755 754 753 747 732 731 732 736 730 730 731 732 722 716 710 705 701 699 691 687 682 678 669 658 651 647 640 633 624 613 602 591 581 575 564 555 547 538 533 527 525 526 521 522 522 525 528 530 535 542 551 552 556 567 583 587
-3.4e+38 -3.4e+38 -3.4e+38 758 766 773 779 778 779 775 764 757 754 755 745 740 739 741 744 759 768 773 772 769 755 743 742 750 745 745 748 753 751 738 729 728 726 726 722 715 714 707 699 691 683 676 669 662 653 644 635 624 612 601 591 580 569 558 553 547 545 543 541 540 537 537 543 543 545 552 557 564 568 574 588 605 613
-3.4e+38 -3.4e+38 -3.4e+38 775 783 787 790 790 789 792 785 779 775 768 765 758 763 760 757 775 790 771 770 773 758 753 755 759 756 762 770 761 760 749 743 743 744 743 746 740 733 730 726 717 708 700 693 683 672 664 654 642 630 617 605 594 587 579 571 567 562 557 554 553 554 554 554 558 562 566 571 575 582 596 614 628 643
-3.4e+38 -3.4e+38 786 794 798 801 800 797 798 805 802 802 796 789 783 780 779 779 779 778 778 780 783 796 771 768 768 768 769 767 765 765 765 763 764 760 764 764 764 761 756 756 755 745 733 726 717 704 694 682 673 661 648 634 622 613 605 598 589 585 576 572 570 567 566 566 567 572 575 581 585 586 596 605 642 666 684
