rasters/Mali_bio8.asc
NCOLS 198 
NROWS 178 
XLLCORNER -12.264130412 
YLLCORNER 10.140054014 
CELLSIZE 0.0833321619545454 
NODATA_value -3.4e+38 
[rows 66 to 87 of 178, columns 102 to 152 of 198]
34.4408340454102 34.3894996643066 34.3759994506836 34.3763313293457 34.3598327636719 34.335334777832 34.3058319091797 34.2680015563965 34.2413330078125 34.2709999084473 34.2556686401367 34.2374992370605 34.1958351135254 34.1655006408691 34.1743354797363 34.1361656188965 34.1116676330566 34.083667755127 34.0221672058105 33.9761657714844 33.9698333740234 33.9451675415039 33.912166595459 33.9274978637695 33.8846664428711 33.7171669006348 33.7133331298828 33.7788352966309 33.8248329162598 33.9198341369629 33.938835144043 33.9211654663086 33.9333343505859 33.9233322143555 33.8786659240723 33.8116645812988 33.8843307495117 33.7908325195312 33.6103324890137 33.5665016174316 33.695499420166 33.7276649475098 33.6865005493164 33.5208358764648 33.4043350219727 33.6216659545898 33.7741661071777 33.8498306274414 33.7809982299805 33.8991661071777 33.9690017700195
34.3818321228027 34.3373336791992 34.3148345947266 34.2828330993652 34.2661666870117 34.2648315429688 34.2550010681152 34.2425003051758 34.201000213623 34.1906661987305 34.1969985961914 34.1813354492188 34.0883331298828 34.0296669006348 34.0898323059082 34.0628318786621 34.0416679382324 34.013500213623 33.9773330688477 33.9203338623047 33.878002166748 33.8390007019043 33.7805023193359 33.7573318481445 33.7826652526855 33.7319984436035 33.6828346252441 33.7280006408691 33.8476676940918 33.8544998168945 33.8873329162598 33.8525009155273 33.7869987487793 33.772834777832 33.7526664733887 33.7238349914551 33.6851654052734 33.6586685180664 33.6268348693848 33.6451683044434 33.6476669311523 33.5699996948242 33.5408325195312 33.4918327331543 33.3860015869141 33.5581665039062 33.6803321838379 33.8066673278809 33.8343315124512 33.8730010986328 33.9373321533203
34.3199996948242 34.2621688842773 34.227668762207 34.2056655883789 34.177001953125 34.1748352050781 34.1978340148926 34.214168548584 34.1935005187988 34.1743316650391 34.1383323669434 34.0986671447754 34.0776672363281 34.0773315429688 34.0616683959961 34.0309982299805 34.0128326416016 33.9876670837402 33.9546661376953 33.958667755127 33.8175010681152 33.7286682128906 33.7371673583984 33.7173347473145 33.7055015563965 33.7195014953613 33.6848335266113 33.6683349609375 33.7168350219727 33.6548347473145 33.6273345947266 33.5443344116211 33.5105018615723 33.5244979858398 33.5 33.5245018005371 33.5390014648438 33.6101684570312 33.6508331298828 33.5646667480469 33.5276679992676 33.4770011901855 33.4246673583984 33.408332824707 33.3431663513184 33.5063323974609 33.5666656494141 33.642333984375 33.7558326721191 33.8326644897461 33.8880004882812
34.3083343505859 34.2529983520508 34.2138328552246 34.2075004577637 34.2016677856445 34.1798324584961 34.1886672973633 34.1953353881836 34.1730003356934 34.1381683349609 34.0986671447754 34.0694999694824 34.0338325500488 34.0281677246094 34.0248336791992 33.9565010070801 33.9091682434082 33.9130020141602 33.9203338623047 33.8851661682129 33.7543334960938 33.6761665344238 33.6563339233398 33.6268310546875 33.6285018920898 33.6456680297852 33.5919990539551 33.5283355712891 33.4389991760254 33.4898338317871 33.5260009765625 33.4186668395996 33.4153327941895 33.4715003967285 33.5161666870117 33.6083335876465 33.5401649475098 33.5636672973633 33.4338340759277 33.3661651611328 33.3194999694824 33.3035011291504 33.2220001220703 33.2941665649414 33.3421669006348 33.4406661987305 33.490665435791 33.5771675109863 33.6813354492188 33.7690010070801 33.8359985351562
34.2911682128906 34.2311668395996 34.2569999694824 34.2485008239746 34.2050018310547 34.1703338623047 34.1601676940918 34.1496658325195 34.0918312072754 34.0439987182617 34.0045013427734 33.9428329467773 33.9051666259766 33.8881683349609 33.8686676025391 33.8255004882812 33.8185005187988 33.8313331604004 33.7960014343262 33.727165222168 33.6396675109863 33.5943336486816 33.5883331298828 33.583667755127 33.6381683349609 33.6036682128906 33.4729995727539 33.389331817627 33.3376655578613 33.4023323059082 33.4290008544922 33.3608322143555 33.3513336181641 33.3984985351562 33.6063346862793 33.6048316955566 33.5276679992676 33.3525009155273 33.1920013427734 33.2231674194336 33.2661666870117 33.228832244873 33.2201690673828 33.1944999694824 33.3185005187988 33.3946647644043 33.3981666564941 33.4780006408691 33.5320014953613 33.6486663818359 33.808666229248
34.2586669921875 34.2206687927246 34.2188339233398 34.1889991760254 34.1660003662109 34.1548347473145 34.1186676025391 34.0473327636719 33.9948348999023 33.9456672668457 33.896167755127 33.857666015625 33.8120002746582 33.7636680603027 33.7216682434082 33.732666015625 33.7578353881836 33.7438354492188 33.7446670532227 33.6578330993652 33.6004981994629 33.6018333435059 33.5723342895508 33.5751647949219 33.5810012817383 33.4738311767578 33.3779983520508 33.3021659851074 33.2431678771973 33.253833770752 33.3624992370605 33.3813323974609 33.4241676330566 33.4539985656738 33.5098342895508 33.5050010681152 33.2229995727539 33.1614990234375 33.196834564209 33.2076683044434 33.0776672363281 33.1036682128906 33.1498336791992 33.1366653442383 33.2184982299805 33.3446655273438 33.2975006103516 33.4038314819336 33.425666809082 33.4793319702148 33.5830001831055
34.1515007019043 34.1661682128906 34.1668319702148 34.1601676940918 34.0999984741211 34.0203323364258 33.985668182373 33.951000213623 33.9346656799316 33.8833351135254 33.8291664123535 33.7383346557617 33.7141647338867 33.707332611084 33.6665000915527 33.647834777832 33.673168182373 33.6720008850098 33.6273345947266 33.6155014038086 33.6121673583984 33.5696678161621 33.5206680297852 33.4654998779297 33.4208335876465 33.3629989624023 33.3274993896484 33.2583351135254 33.1573333740234 33.2578315734863 33.2638359069824 33.2628326416016 33.3723335266113 33.3901672363281 33.3919982910156 33.3276672363281 33.0620002746582 32.9661674499512 32.9401664733887 32.9145011901855 32.8966674804688 32.9118347167969 32.9793319702148 33.076000213623 33.1743316650391 33.2141647338867 33.2929992675781 33.371166229248 33.3411674499512 33.3460006713867 33.502498626709
34.0608329772949 34.095832824707 34.09716796875 34.0448341369629 34.0236663818359 33.9736671447754 33.9271659851074 33.865665435791 33.8501663208008 33.8043327331543 33.7443351745605 33.6856651306152 33.6459999084473 33.6459999084473 33.6291656494141 33.585334777832 33.5349998474121 33.4956665039062 33.5191650390625 33.5388336181641 33.5185012817383 33.4409980773926 33.3988342285156 33.3393325805664 33.3041648864746 33.3083343505859 33.3014984130859 33.2008323669434 33.1184997558594 33.1534996032715 33.1324996948242 33.070499420166 33.038501739502 33.0289993286133 33.0098342895508 33.119499206543 33.1119995117188 32.9236679077148 32.8121681213379 32.7880020141602 32.7783317565918 32.8296661376953 32.9529991149902 33.0473327636719 33.1189994812012 33.0961685180664 33.2456665039062 33.2425003051758 33.3118324279785 33.3016662597656 33.6573333740234
33.9366683959961 33.9686660766602 34.0014991760254 33.9759979248047 33.9476661682129 33.9069976806641 33.8661651611328 33.8256683349609 33.8098335266113 33.757999420166 33.6773338317871 33.6100006103516 33.5874977111816 33.582332611084 33.5541648864746 33.5248336791992 33.457332611084 33.4090003967285 33.4409980773926 33.4210014343262 33.3824996948242 33.3643341064453 33.3465003967285 33.3043327331543 33.3116645812988 33.2641677856445 33.1983337402344 33.1129989624023 33.0098342895508 32.9580001831055 32.8946685791016 32.8444976806641 32.8531646728516 32.8509979248047 32.8158340454102 32.8088340759277 32.8611679077148 32.8919982910156 32.9203338623047 32.7709999084473 32.72216796875 32.7966690063477 32.8596649169922 33.0416679382324 33.0826683044434 33.0378341674805 33.3450012207031 33.1118316650391 33.2179985046387 33.3240013122559 33.6166687011719
33.8390007019043 33.8386688232422 33.8608322143555 33.8196678161621 33.7998352050781 33.7613334655762 33.7055015563965 33.6938323974609 33.6768341064453 33.6191673278809 33.5673332214355 33.5341682434082 33.5138320922852 33.5191650390625 33.4888343811035 33.4328308105469 33.3778305053711 33.3556671142578 33.3876647949219 33.3870010375977 33.3591651916504 33.292667388916 33.2303314208984 33.1616668701172 33.1356658935547 33.0388336181641 32.9884986877441 32.9414978027344 32.8540000915527 32.8079986572266 32.7754974365234 32.7509994506836 32.7331657409668 32.7568321228027 32.9181671142578 33.1016654968262 32.9118347167969 32.7993316650391 32.7164993286133 32.6549987792969 32.7051658630371 32.7588348388672 32.8544998168945 33.0699996948242 32.9321670532227 32.9765014648438 33.1521682739258 33.0195007324219 33.156665802002 33.2291679382324 33.3964996337891
33.7620010375977 33.7586669921875 33.7610015869141 33.7285003662109 33.7013320922852 33.6453323364258 33.5961685180664 33.5568313598633 33.5309982299805 33.4874992370605 33.4715003967285 33.4618339538574 33.4678344726562 33.4293327331543 33.3806648254395 33.3515014648438 33.3245010375977 33.3306655883789 33.3639984130859 33.3779983520508 33.2648315429688 33.1476669311523 33.0444984436035 32.97216796875 32.900333404541 32.8704986572266 32.8400001525879 32.8066673278809 32.7968330383301 32.7531661987305 32.8050003051758 32.7121658325195 32.6386680603027 32.6491661071777 32.6494979858398 32.6261672973633 32.6373329162598 32.7481651306152 32.6510009765625 32.5656661987305 32.6228332519531 32.7574996948242 32.9211654663086 33.0429992675781 32.9658317565918 33.0151672363281 33.3139991760254 33.0275001525879 33.0856666564941 33.2294998168945 33.3470001220703
33.6323318481445 33.650333404541 33.6590003967285 33.6348342895508 33.5999984741211 33.5424995422363 33.486499786377 33.4441680908203 33.4313354492188 33.4158325195312 33.4075012207031 33.4243316650391 33.397834777832 33.3476676940918 33.2955017089844 33.2934989929199 33.2853355407715 33.2584991455078 33.1981658935547 33.1180000305176 32.9671669006348 32.9118347167969 32.8629989624023 32.8301658630371 32.8356666564941 32.8371658325195 32.8176651000977 32.8226661682129 32.7476654052734 32.6718330383301 32.6243324279785 32.5735015869141 32.548999786377 32.5810012817383 32.5820007324219 32.6043319702148 32.6713333129883 32.5726661682129 32.5286674499512 32.5458335876465 32.6231689453125 32.7130012512207 32.8956680297852 33.0138320922852 32.9326667785645 32.9783325195312 33.1370010375977 32.9584999084473 33.0541687011719 33.2768325805664 33.3653335571289
33.5574989318848 33.5859985351562 33.5501670837402 33.5273323059082 33.4636650085449 33.4334983825684 33.4085006713867 33.397834777832 33.4145011901855 33.3903350830078 33.3508338928223 33.3253326416016 33.3016662597656 33.2693328857422 33.2226676940918 33.199333190918 33.1551666259766 33.1155014038086 33.050666809082 32.9621658325195 32.8833312988281 32.8875007629395 32.8571662902832 32.8499984741211 32.843334197998 32.798168182373 32.7493324279785 32.728832244873 32.6631660461426 32.6128311157227 32.5748329162598 32.5438346862793 32.4941673278809 32.5380020141602 32.5673332214355 32.572998046875 32.4908332824707 32.468334197998 32.4198341369629 32.5191650390625 32.6291656494141 32.7064971923828 32.8338317871094 33.0821685791016 32.9464988708496 32.8356666564941 32.8486671447754 32.9090003967285 33.0525016784668 33.3556671142578 33.4383316040039
33.4418334960938 33.4291648864746 33.4213333129883 33.3860015869141 33.3558349609375 33.3720016479492 33.3813323974609 33.3391647338867 33.3231658935547 33.2666664123535 33.2236671447754 33.1920013427734 33.1746673583984 33.105167388916 33.0890007019043 33.0904998779297 33.0553321838379 33.0276679992676 32.974666595459 32.8990020751953 32.8846664428711 32.8728332519531 32.8121681213379 32.7431678771973 32.7215003967285 32.6753349304199 32.6435012817383 32.6333351135254 32.6100006103516 32.5596656799316 32.5279998779297 32.4928321838379 32.4861679077148 32.492000579834 32.4768333435059 32.4223327636719 32.4238319396973 32.369499206543 32.3815002441406 32.4888343811035 32.5475006103516 32.65283203125 32.9954986572266 33.1035003662109 32.9565010070801 32.7366676330566 32.8841667175293 32.8618354797363 32.9824981689453 33.2556686401367 33.4650001525879
33.27783203125 33.2784996032715 33.2616653442383 33.2566680908203 33.3256683349609 33.326000213623 33.2503318786621 33.1684989929199 33.1240005493164 33.0723342895508 33.0518341064453 33.0779991149902 33.1058349609375 33.0676651000977 33.0234985351562 33.0258331298828 32.9883346557617 32.947998046875 32.8821678161621 32.8036651611328 32.7566680908203 32.7000007629395 32.6494979858398 32.6184997558594 32.6085014343262 32.5553321838379 32.5174980163574 32.5154991149902 32.4635009765625 32.4363327026367 32.4418334960938 32.4071655273438 32.3963317871094 32.3888320922852 32.2848320007324 32.3343353271484 32.3373336791992 32.3096656799316 32.3498344421387 32.4220008850098 32.5018348693848 32.6216659545898 32.8626670837402 32.8813323974609 32.7031669616699 32.6563339233398 32.835334777832 32.7386665344238 32.9099998474121 33.1258316040039 33.3559989929199
33.1575012207031 33.1626663208008 33.1776657104492 33.1834983825684 33.1998329162598 33.1171684265137 33.0383338928223 32.9954986572266 32.9850006103516 32.9748344421387 32.9793319702148 33.0443344116211 33.0110015869141 32.9511642456055 32.9090003967285 32.9196662902832 32.8823318481445 32.8448333740234 32.7193336486816 32.6453323364258 32.6138343811035 32.5868339538574 32.5503349304199 32.502498626709 32.4818344116211 32.4443321228027 32.4463348388672 32.4293327331543 32.4141654968262 32.3979988098145 32.3535003662109 32.3306655883789 32.3318328857422 32.2351684570312 32.2683334350586 32.3380012512207 32.2675018310547 32.2391662597656 32.2453346252441 32.3271675109863 32.4251670837402 32.4729995727539 32.7613334655762 32.8466682434082 32.6759986877441 32.6491661071777 32.8246688842773 32.7041664123535 32.9458351135254 33.0275001525879 33.2239990234375
33.0275001525879 33.0578308105469 33.0613327026367 33.0289993286133 33.0078315734863 32.9701652526855 32.9363327026367 32.9156646728516 32.8981666564941 32.876335144043 32.8836669921875 32.8689994812012 32.8375015258789 32.7955017089844 32.8116683959961 32.8779983520508 32.7713317871094 32.7318344116211 32.5553321838379 32.5008316040039 32.4900016784668 32.5168342590332 32.507999420166 32.4444999694824 32.3776664733887 32.3508338928223 32.3423347473145 32.3385009765625 32.3144989013672 32.2976684570312 32.2685012817383 32.2741661071777 32.2653350830078 32.2205009460449 32.2625007629395 32.1991653442383 32.2135009765625 32.248664855957 32.1833343505859 32.218334197998 32.3053321838379 32.4701690673828 32.7869987487793 32.8796653747559 32.7576675415039 32.742000579834 32.8245010375977 32.677001953125 32.7423324584961 32.8595008850098 33.0981674194336
32.8779983520508 32.873664855957 32.857666015625 32.8435020446777 32.8428344726562 32.8095016479492 32.7644996643066 32.753833770752 32.7743339538574 32.7498321533203 32.7323341369629 32.6940002441406 32.6943321228027 32.6949996948242 32.6896667480469 32.7308349609375 32.7465019226074 32.6421661376953 32.4570007324219 32.4286651611328 32.4026679992676 32.4169998168945 32.4063339233398 32.3853340148926 32.3359985351562 32.2765007019043 32.2476654052734 32.2275009155273 32.2008323669434 32.2006683349609 32.1511650085449 32.1310005187988 32.1360015869141 32.1319999694824 32.1469993591309 32.1706657409668 32.1991653442383 32.1791648864746 32.1445007324219 32.1148338317871 32.220832824707 32.3116683959961 32.6204986572266 32.8569984436035 32.798999786377 32.5673332214355 32.5826683044434 32.5693321228027 32.6665000915527 32.7985000610352 33.0778350830078
32.6793327331543 32.6949996948242 32.7006683349609 32.7011680603027 32.673168182373 32.6358337402344 32.6081657409668 32.6598320007324 32.6573333740234 32.6315002441406 32.5968322753906 32.6041679382324 32.6150016784668 32.6100006103516 32.6058349609375 32.6259994506836 32.6188316345215 32.5265007019043 32.3974990844727 32.3933334350586 32.4116668701172 32.3870010375977 32.337833404541 32.3231658935547 32.2859992980957 32.2408332824707 32.1959991455078 32.1333351135254 32.1086654663086 32.1139984130859 32.0431671142578 32.0261650085449 32.0454978942871 32.0676651000977 32.1238327026367 32.1360015869141 32.1218338012695 32.0973320007324 32.0776672363281 32.0791664123535 32.1733322143555 32.2151641845703 32.4638328552246 32.7830009460449 32.8120002746582 32.583667755127 32.5706672668457 32.5208320617676 32.5928344726562 32.806999206543 33.0601654052734
32.5564994812012 32.5811653137207 32.5634994506836 32.5688323974609 32.5331649780273 32.5320014953613 32.5166664123535 32.550666809082 32.5643348693848 32.5736656188965 32.5643348693848 32.5561676025391 32.5593338012695 32.567497253418 32.5786666870117 32.5543327331543 32.5359992980957 32.4656677246094 32.3764991760254 32.3344993591309 32.3429985046387 32.2856674194336 32.276668548584 32.2703323364258 32.2276649475098 32.1961669921875 32.1259994506836 32.0776672363281 32.0398330688477 31.9965000152588 31.9596672058105 31.9798316955566 31.9723339080811 31.9893321990967 32.0083351135254 32.0136680603027 32.0336647033691 32.0116653442383 32.0176658630371 32.0483322143555 32.0928344726562 32.1043319702148 32.4081649780273 32.7350006103516 32.6278343200684 32.6336669921875 32.6366653442383 32.5929985046387 32.6013336181641 32.8206672668457 32.7666664123535
32.4311676025391 32.4469985961914 32.4596672058105 32.4551658630371 32.4226684570312 32.4335021972656 32.4321670532227 32.4783325195312 32.4850006103516 32.4848327636719 32.477165222168 32.4879989624023 32.5158348083496 32.5016670227051 32.5021667480469 32.4626655578613 32.4505004882812 32.349666595459 32.2746658325195 32.2760009765625 32.2386665344238 32.1949996948242 32.1759986877441 32.1813354492188 32.1776657104492 32.1318321228027 32.0793342590332 32.0446662902832 31.9538345336914 31.892333984375 31.8836669921875 31.8941669464111 31.8641662597656 31.8451671600342 31.8946685791016 31.9376678466797 31.9564990997314 31.9675006866455 31.984167098999 32.0084991455078 31.9381675720215 31.9485015869141 32.3419990539551 32.5988349914551 32.6496658325195 32.5696678161621 32.5961685180664 32.563835144043 32.6966667175293 32.7098350524902 32.5480003356934
32.3255004882812 32.3479995727539 32.3720016479492 32.3886680603027 32.3821678161621 32.3636665344238 32.3400001525879 32.3655014038086 32.3786659240723 32.3924980163574 32.3573341369629 32.3933334350586 32.4141654968262 32.4015007019043 32.3684997558594 32.3216667175293 32.2830009460449 32.2224998474121 32.2290000915527 32.2163314819336 32.1531677246094 32.0828323364258 32.0936660766602 32.082332611084 32.0416679382324 32.0128326416016 31.9314994812012 31.8813343048096 31.816333770752 31.7651672363281 31.7683334350586 31.7848339080811 31.7583332061768 31.7721672058105 31.8199996948242 31.8981666564941 31.8934993743896 31.8581657409668 31.8544998168945 31.851167678833 31.8688335418701 31.8895015716553 32.1315002441406 32.4051666259766 32.5909996032715 32.4860000610352 32.3478317260742 32.5181655883789 32.5466651916504 32.5906677246094 32.6006660461426
