rasters/Mali_CLYPPT_M_sl2_250m_ll.asc
NCOLS 198 
NROWS 178 
XLLCORNER -12.264130412 
YLLCORNER 10.140054014 
CELLSIZE 0.0833321619545454 
NODATA_value -9999 
[rows 130 to 155 of 178, columns 59 to 117 of 198]
18.5000000000006 22.9157303370788 19.2471910112359 14.5 11.5 20.584269662921 20.0786516853932 14.5000000000001 19 23.4157303370787 22.5842696629213 24.6685393258423 20.6629213483146 24.4157303370786 13.162921348315 27.6685393258425 16.5842696629213 12.2528089887637 13.0842696629211 6.49999999999986 8.75280898876377 9.91573033707874 13.4999999999987 22.0786516853944 24.8370786516848 26.4157303370786 25.5 18.3314606741575 21.5842696629216 23.0842696629213 26.1685393258422 28.1685393258425 25.0842696629213 31.2415730337087 18.9157303370794 22.1685393258425 31.7471910112363 24.3370786516862 18.3314606741575 16.0842696629213 14.4157303370787 12.9157303370788 12.8314606741575 8 9.58426966292073 8.08426966292126 6.33146067415749 8 9.41573033707874 9.16853932584252 8.08426966292126 19.0842696629219 9.75280898876377 18.7528089887638 19.0842696629214 -9999 -9999 -9999 -9999
15.1179775280855 16.8876404494393 17.5000000000003 19.5 20.3876404494389 20.1123595505611 16.2247191011226 14.1123595505611 24.1123595505611 18.3314606741583 24.5 21.5617977528051 14.9438202247201 12.7808988764026 17.1685393258417 31.9438202247194 14.1123595505611 13.1123595505611 14.4438202247193 9.55617977528074 10.5 14.5 17.0000000000009 14.5561797752808 26 27.1629213483161 24.5561797752806 23 18.0561797752797 18.4438202247193 31.55617977528 26.9438202247194 30.9438202247194 29.8876404494389 19 17.887640449438 30.6685393258407 11.1685393258412 16.1685393258417 13.831460674159 9.05617977528055 13.0561797752806 12.6123595505611 10.4438202247194 7.99999999999886 6.44382022471945 8.11235955056111 6.44382022471945 7.5 7.11235955056281 8.66292134831668 9.50000000000043 17.5561797752806 19.5 -9999 -9999 -9999 -9999 -9999
23.4157303370798 19.9719101123597 20 21.9719101123597 23 21.9438202247195 19.9719101123598 13.4438202247193 21.5280898876403 24.4157303370792 21.9719101123597 15.8314606741593 15 13.5280898876405 22.4157303370792 32.5280898876403 16.0842696629208 10.0561797752805 10.1404494382017 12.112359550561 27.0280898876402 29.4157303370792 15.6123595505606 14.9999999999996 15.0561797752801 19.4999999999998 23.5561797752805 14.5 17.1404494382004 18.0561797752805 12 26.0280898876398 24.4438202247195 15.5842696629208 25.9719101123597 25.9438202247199 29.0561797752805 20.0280898876402 15 13.4999999999996 13.5280898876403 18.5000000000002 12 6.5 6 7.94382022471949 6.05617977528051 6.94382022471949 7.02808988764025 7.50000000000076 20.5 16.5000000000004 18.5 16.5280898876403 -9999 -9999 -9999 -9999 -9999
17.4999999999994 18.5000000000002 16 17 14 11 18.9999999999996 15 16.5 19.5 14.5 14 14.4999999999998 13.0000000000009 31 14.5 11.5 13 20 28 -9999 16.5 15.4999999999996 19.4999999999994 18.5000000000006 14.0000000000004 10 16.5 13.4999999999996 17 21.5000000000002 30.5000000000002 31 29.5 19.0000000000009 18 20.5000000000002 15.5000000000009 12.5 14.0000000000009 13.5 13.4999999999998 12 11.5 7.99999999999872 8 7 8 7.5 22.5000000000009 17.5 18.4999999999996 20.5 -9999 -9999 -9999 -9999 -9999 -9999
17.5561797752825 16.9438202247194 11.9719101123589 18.5280898876403 12.9438202247194 13 12.4438202247192 16.5842696629206 17 15.9438202247194 12.8876404494389 11.4438202247196 17.5561797752807 21.0561797752805 13.0280898876403 13.4438202247194 12.9719101123597 13.3876404494387 28.0280898876403 23 18 14.3876404494389 14.112359550562 12.9719101123597 14.0561797752802 23.9719101123585 16.9438202247194 17.9719101123597 17.4999999999996 23.4999999999994 31.7752808988782 29.5280898876405 29.0280898876403 19.5561797752806 16.5280898876406 16 16.0280898876399 18.4438202247202 16.0561797752806 16.8876404494389 16.9438202247194 12.943820224719 11.5842696629208 10.5280898876403 12.9438202247194 9.02808988764028 10.5 8.52808988764028 18.3876404494389 17.0561797752822 21.0842696629208 20.0280898876403 15.5280898876403 -9999 -9999 -9999 -9999 -9999 -9999
10.9438202247201 16.2191011235953 18.831460674158 18.056179775281 19.7191011235951 21.0505617977523 14 15.7752808988761 13.5 15.443820224719 17.1629213483141 13.6123595505614 25.3314606741573 22.8876404494377 11.887640449438 12.056179775281 -9999 26.5000000000002 29.168539325843 20.3370786516863 12.612359550562 11 10.9999999999992 17.3314606741572 15 14.4438202247188 11.5 11.887640449438 13.5000000000012 18.6123595505622 19.4999999999998 26.3876404494379 17.5 18.056179775281 25.2752808988756 19.6123595505618 15.4438202247192 19.1067415730324 15.556179775281 16.5505617977522 20 16.2752808988759 11.887640449438 11.443820224719 12.4438202247196 10.887640449438 23.612359550562 22.2752808988761 20.387640449438 -9999 18.556179775281 20.3876404494391 19.612359550562 -9999 -9999 -9999 -9999 -9999 -9999
14.4999999999996 19.4999999999998 15.4157303370787 19 18.5 18.5000000000002 20.6685393258434 13.4999999999999 15.5056179775297 14.9213483146081 18.6629213483135 20.1685393258432 22.668539325843 15.247191011235 25.4157303370784 12.8370786516864 17.4101123595487 26.6629213483136 10.9999999999997 17.4999999999999 13.1685393258432 14.8314606741568 19.0000000000009 15.9157303370784 14.4157303370782 7.66292134831334 12.2528089887648 12.7528089887648 19.4999999999996 19.4157303370782 18.8314606741571 19.1685393258432 17 35.0842696629216 16.00561797753 19.5000000000006 15.1685393258436 14.5842696629237 17.4943820224703 15.9999999999991 17.7471910112352 12.9157303370784 8.83146067415678 11.9157303370784 8.50000000000042 25.8314606741568 23.6573033707839 22.5842696629216 28.5842696629216 -9999 -9999 -9999 -9999 -9999 -9999 -9999 -9999 -9999 -9999
14.4999999999994 16.0000000000007 17.3876404494385 14.3370786516856 15.5 13.5505617977529 15.1629213483149 11.3370786516855 18.3258426966288 20.3876404494381 18.7752808988763 22.7247191011232 13.1123595505615 12.6123595505625 12.1123595505619 12.7752808988763 10 13.7752808988759 15.9382022471907 12.1629213483143 15.6629213483144 15.8876404494381 14.6011235955043 14.3876404494383 15.1123595505625 13.5112359550555 15.1123595505619 15.1629213483144 19.2247191011224 21.0505617977522 21 26.7752808988772 20.6629213483144 20.3370786516856 20.6123595505615 19.2752808988765 13.5617977528094 17.2752808988767 15 14.0617977528086 17.1123595505619 14.2752808988762 12.4494382022475 9.38764044943813 23.8876404494406 23.5 30.7247191011237 31.1123595505619 29.1629213483144 -9999 -9999 -9999 -9999 -9999 -9999 -9999 -9999 -9999 -9999
14.1573033707847 13.8595505617976 15.9999999999985 16 13.1404494382025 9.42134831460715 21.7191011235946 20.6573033707851 14.3595505617975 10.7191011235949 30.1404494382025 15.5000000000003 -9999 16.2808988764053 11.8595505617975 13.1404494382025 11.6404494382025 15.1404494382026 13.9382022471899 13.1404494382025 13.5 15.1404494382025 14.140449438203 16.3426966292152 16.4213483146077 15.0786516853919 20.7191011235949 17.2191011235949 20 23.7977528089876 19.7191011235941 19.3595505617974 19.7191011235949 23.5 18.1404494382029 15.0617977528103 17.3426966292152 20.7808988764059 12.8595505617975 19.7191011235949 -9999 10.7808988764052 12.1404494382025 13.2808988764051 21.859550561798 25.7808988764051 30.4213483146076 32.6404494382025 30.3595505617975 -9999 -9999 -9999 -9999 -9999 -9999 -9999 -9999 -9999 -9999
16.6741573033712 18.8202247191003 16.1685393258421 22.3314606741572 12.5056179775284 21.3146067415717 -9999 22.0000000000006 15.3258426966288 20.0056179775284 27.9831460674148 19.6573033707866 12.0056179775284 13.5000000000002 13.3370786516856 12.657303370786 10.1741573033712 10.9999999999997 16.3314606741575 13.8370786516855 15.0056179775284 18.3370786516856 16.6685393258434 18.1741573033713 15.8370786516859 18.1573033707859 18.1629213483144 18.1629213483144 22.1797752809003 23.1685393258436 21.3370786516856 16.8314606741574 14.8370786516856 19.8258426966288 22.0056179775281 21.6741573033713 25.3258426966288 18.8314606741569 17.9943820224716 -9999 -9999 -9999 14.1685393258428 13.6685393258428 25.9887640449441 26 31.8258426966288 20.6685393258428 30.4943820224716 -9999 -9999 -9999 -9999 -9999 -9999 -9999 -9999 -9999 -9999
22.5000000000006 17.2865168539315 23.0000000000005 16.9101123595516 18.2134831460688 16.8932584269658 12.8033707865171 12.6966292134825 12 13.5 9.30337078651721 16.0898876404489 21.6235955056199 16.983146067414 12.3932584269656 17.6067415730344 18.1966292134828 18.6966292134824 17.0898876404482 18.8033707865176 15.3033707865172 20.3932584269656 17.803370786517 29.606741573034 20.4101123595513 17.8202247191031 14.5 21.6067415730344 17.8932584269648 18.6067415730344 27.3033707865173 27.1966292134827 20.6966292134828 18.0898876404484 21.3764044943783 16.8033707865174 26.8033707865171 12.0000000000007 -9999 -9999 -9999 -9999 -9999 -9999 27.4999999999986 27.2134831460688 32.0898876404484 -9999 -9999 -9999 -9999 -9999 -9999 -9999 -9999 -9999 -9999 -9999 -9999
12.7752808988764 22.7752808988764 22 11.6011235955043 10.3988764044957 16.6741573033719 11.0505617977519 15.275280898876 16.5224719101153 12.3258426966282 16.7022471910086 14.4494382022477 12.3258426966286 16.6741573033712 20.4494382022478 19.1011235955043 21.7247191011239 12.7247191011238 13.2247191011244 27.4269662921325 13.9494382022478 35.7752808988761 15.5000000000004 15.3258426966283 21.1011235955041 27 18.4494382022478 12.3988764044957 16.9494382022474 25.7471910112377 15.9494382022482 17.5505617977522 20.7247191011239 13.5 22.1235955056203 19.724719101124 22.6741573033719 -9999 -9999 -9999 -9999 -9999 -9999 -9999 -9999 35 34.3258426966282 -9999 -9999 -9999 -9999 -9999 -9999 -9999 -9999 -9999 -9999 -9999 -9999
16.48876404494 13.7471910112359 15.2471910112356 14.2471910112358 14.7584269662926 9.49999999999979 13.7471910112359 15.4943820224716 11.7584269662926 18.9943820224716 12.0224719101136 14.2471910112357 13.9943820224718 14.5 11.7528089887642 17.2584269662926 11.9887640449432 16.7303370786499 10.5056179775282 15.2528089887643 16.7584269662926 10.7528089887642 17.2415730337081 16.2752808988775 13.2359550561785 12.7584269662923 19.5 16.7696629213494 13.7528089887636 12.9943820224714 16.7528089887643 16.7584269662923 15.2471910112358 19.7528089887642 23.4943820224707 14.7528089887641 -9999 -9999 -9999 -9999 -9999 -9999 -9999 -9999 -9999 -9999 -9999 -9999 -9999 -9999 -9999 -9999 -9999 -9999 -9999 -9999 -9999 -9999 -9999
17.4999999999999 19.3764044943806 14.2191011235953 16.5617977528098 14.2191011235951 14.1573033707852 9.84269662921416 10.7808988764046 12 12.8426966292147 15.7808988764049 19.9382022471902 13.2808988764048 16.4382022471902 12.9044943820245 16.2808988764049 17.4382022471902 15.8426966292149 13.719101123595 14.157303370785 12.1235955056196 16.1853932584294 14.2808988764055 8.99999999999976 10.5617977528102 16.1573033707852 13.6573033707853 15.8764044943804 17.1573033707855 13.0617977528098 16.7191011235948 19.0000000000007 18.7808988764049 16.2808988764049 13.1235955056201 21.4382022471904 14.7808988764046 -9999 -9999 -9999 -9999 -9999 -9999 -9999 -9999 -9999 -9999 -9999 -9999 -9999 -9999 -9999 -9999 -9999 -9999 -9999 -9999 -9999 -9999
15.0730337078669 20 14.5000000000001 11.1179775280898 13.8089887640449 13.5000000000002 11.691011235955 11.808988764045 15.6910112359551 13.8089887640449 19.2640449438203 13 11.8089887640448 13 11 12.5 12.7640449438203 11.5 12.88202247191 13.691011235955 12.6910112359551 17.5 8.8820224719106 13.1179775280899 29.191011235955 16.3370786516855 16.1910112359551 13.9269662921347 11.3089887640452 13 13.9269662921355 20.2359550561795 14.1460674157305 17.6179775280898 22.3089887640446 18.5730337078652 16.3820224719097 -9999 -9999 -9999 -9999 -9999 -9999 -9999 -9999 -9999 -9999 -9999 -9999 -9999 -9999 -9999 -9999 -9999 -9999 -9999 -9999 -9999 -9999
20.1741573033705 16.1629213483145 16.9775280898856 13.9887640449432 12.5112359550568 10.8258426966285 17.3258426966291 11.1741573033714 10.1629213483144 16 16.5224719101136 12 20.1853932584273 14.6516853932578 9.82584269662881 9 9.01123595505678 7.48876404494329 11.1741573033707 11.488764044943 14.1629213483144 11 12.3033707865158 11.5000000000002 14.8258426966286 13.3033707865152 12.8370786516856 11.5 19.4999999999999 16.8258426966283 20.3370786516856 19.1629213483149 15.1741573033712 13.4775280898864 17.9887640449429 19.825842696629 20.6741573033709 18.9999999999983 -9999 -9999 -9999 -9999 -9999 -9999 -9999 -9999 -9999 -9999 -9999 -9999 -9999 -9999 -9999 -9999 -9999 -9999 -9999 -9999 -9999
17.7303370786539 15.3651685393257 13.3651685393259 15.8651685393258 15 14.6348314606743 13.3651685393261 7.86516853932591 12.1348314606741 16.8651685393258 11.7696629213483 12.9999999999997 11.8651685393262 13.8651685393258 10.3651685393258 10.2303370786517 9 13.1348314606743 12.365168539326 9.63483146067442 13.1348314606742 11.2303370786517 13.4999999999993 11 11.634831460674 19.7303370786517 12.3651685393258 15.9606741573034 9.86516853932488 11.9999999999996 18.7303370786516 12.7696629213481 15.9044943820225 21 11.960674157304 20.9999999999999 20.8651685393259 -9999 -9999 -9999 -9999 -9999 -9999 -9999 -9999 -9999 -9999 -9999 -9999 -9999 -9999 -9999 -9999 -9999 -9999 -9999 -9999 -9999 -9999
13.606741573033 15.2865168539333 13.1067415730329 13.5337078651674 17.8932584269665 13.1067415730334 14.6797752808996 10.5337078651677 11.5 12.8932584269665 14.2134831460669 17.6067415730341 11.9999999999999 14.3932584269667 12 11.3932584269665 10.6797752808996 10.7134831460672 13.2865168539328 11.4269662921339 13.1797752808996 12.6067415730335 9.14044943820108 9.78651685393339 12.7865168539331 12.926966292134 13.3932584269665 10.2865168539331 13.1067415730334 10.7865168539331 18.8595505617985 15.8932584269668 12.2865168539331 21.5337078651674 -9999 -9999 -9999 -9999 -9999 -9999 -9999 -9999 -9999 -9999 -9999 -9999 -9999 -9999 -9999 -9999 -9999 -9999 -9999 -9999 -9999 -9999 -9999 -9999 -9999
15.1573033707844 17.5786516853935 18.2359550561778 14.3932584269643 16.3426966292143 10.0786516853928 17.4213483146074 13.9999999999996 15.7640449438214 17.6573033707857 13.4213483146071 18.578651685393 19.2359550561782 15 12.2640449438214 9.5 11.5786516853929 12.5786516853926 10.3426966292144 11.1573033707857 9 10.6573033707857 9.15730337078572 12.0786516853929 13.5505617977501 11.6853932584285 13 11.6573033707857 11.9999999999999 11.578651685393 13.578651685393 19.578651685393 23 18.0280898876428 21.2359550561785 -9999 -9999 -9999 -9999 -9999 -9999 -9999 -9999 -9999 -9999 -9999 -9999 -9999 -9999 -9999 -9999 -9999 -9999 -9999 -9999 -9999 -9999 -9999 -9999
13.9999999999989 16.8483146067426 19.5505617977513 16.5 18.3483146067422 14.6011235955046 21.0449438202266 15.5505617977528 14.7471910112371 16.1516853932578 12.9494382022474 14.1011235955051 17.5505617977524 15.1011235955052 15.7022471910103 10.0505617977526 12.2977528089897 8.55056179775282 9.99999999999996 12.7471910112374 15.1011235955052 10.4494382022474 11.8988764044948 9.89887640449483 9.80337078651567 9.44943820224765 12.6011235955052 17.9044943820207 16.3483146067419 12.2528089887629 17.7528089887631 14.6011235955054 15.3988764044948 18.4494382022474 20.1516853932578 -9999 -9999 -9999 -9999 -9999 -9999 -9999 -9999 -9999 -9999 -9999 -9999 -9999 -9999 -9999 -9999 -9999 -9999 -9999 -9999 -9999 -9999 -9999 -9999
20.4550561797769 17.9550561797762 19.9550561797763 19 16.9550561797762 12.9550561797766 14.5898876404473 14 13.5224719101119 17.4550561797762 15.9550561797762 14.9550561797762 12.0898876404471 15.5224719101117 12.5449438202238 12.0224719101119 12 12.544943820224 11.9775280898881 10 9.95505617977624 11.9550561797762 18.4101123595529 14 14.5224719101121 16.4775280898879 12.4775280898881 15.4550561797762 13.0449438202238 12.5674157303358 18.4775280898879 17.0224719101114 15.5224719101119 23.9325842696644 18.9999999999992 -9999 -9999 -9999 -9999 -9999 -9999 -9999 -9999 -9999 -9999 -9999 -9999 -9999 -9999 -9999 -9999 -9999 -9999 -9999 -9999 -9999 -9999 -9999 -9999
21 19.5112359550553 22.0112359550551 15.5112359550551 15.9943820224725 12.4943820224727 13.0112359550547 15.4999999999998 13.0112359550551 12.9831460674174 14.9775280898898 15.5056179775273 19.4831460674176 18.5168539325824 18 19.4887640449449 10 9 11.4887640449451 9.00561797752754 10.0056179775275 11.4887640449449 10.4887640449453 15.4887640449447 11 10.9943820224725 9.51123595505509 13.5112359550551 13.9831460674174 10.4999999999998 15.4999999999998 14 16.9831460674174 18.4887640449449 18 -9999 -9999 -9999 -9999 -9999 -9999 -9999 -9999 -9999 -9999 -9999 -9999 -9999 -9999 -9999 -9999 -9999 -9999 -9999 -9999 -9999 -9999 -9999 -9999
17.5337078651693 18.5000000000002 18.4325842696631 18.4325842696627 18.101123595506 18.9999999999996 19.9325842696627 16.5000000000002 18.4662921348313 11.601123595506 19.4662921348313 18.3988764044938 27.4662921348315 26.1348314606755 25.0674157303373 16 15.1348314606747 15.601123595505 14.9662921348313 12.6011235955062 8.06741573033735 11 13.3651685393257 10.4999999999998 11.3988764044938 14.4662921348315 10.601123595506 12.4662921348313 10.432584269663 12.0337078651687 12.4662921348315 13.9325842696627 13.1348314606747 13.0337078651687 -9999 -9999 -9999 -9999 -9999 -9999 -9999 -9999 -9999 -9999 -9999 -9999 -9999 -9999 -9999 -9999 -9999 -9999 -9999 -9999 -9999 -9999 -9999 -9999 -9999
17.5000000000006 17.6235955056177 17.1853932584268 19.1853932584268 18.938202247191 16.061797752809 11.8764044943825 14.4999999999998 20.5617977528089 15.4382022471911 18.2528089887642 18.8146067415728 15.2528089887644 13.0617977528093 17.0617977528089 15 19.8764044943821 19.9382022471911 23.4999999999998 15.4382022471912 14.938202247191 10.0617977528089 11.0617977528096 12.5617977528088 11.5617977528088 13.876404494382 9.93820224719105 11.8146067415731 11.5617977528086 11.9382022471915 13.6853932584275 14.938202247191 13.938202247191 -9999 -9999 -9999 -9999 -9999 -9999 -9999 -9999 -9999 -9999 -9999 -9999 -9999 -9999 -9999 -9999 -9999 -9999 -9999 -9999 -9999 -9999 -9999 -9999 -9999 -9999
18.3202247191013 18.91011235955 19.4606741573019 18 18.6797752808993 15.9101123595504 14.6797752808995 15.1797752808993 17.3202247191007 17 16.9101123595503 14.7696629213487 21.9101123595504 15.730337078651 16.9101123595503 27.5 17.8202247191007 17.5898876404495 18.7696629213484 17.2303370786512 18.3595505617986 15.5 14.4999999999997 14.2696629213486 12.5000000000002 11.0898876404496 14.1797752808993 17.230337078651 8.41011235954984 11.730337078651 14 17.4999999999998 -9999 -9999 -9999 -9999 -9999 -9999 -9999 -9999 -9999 -9999 -9999 -9999 -9999 -9999 -9999 -9999 -9999 -9999 -9999 -9999 -9999 -9999 -9999 -9999 -9999 -9999 -9999
17.6179775280893 20.1179775280899 19.3820224719098 20.8820224719102 18.6460674157305 17.7359550561802 15.8539325842697 17.8820224719101 17.6179775280898 17.1179775280898 15.5 15.2359550561796 19.6460674157306 17.8820224719102 15.7640449438203 17.0280898876407 28.1460674157305 18.1460674157304 17.4999999999995 19.5 14.5 12.2359550561797 17.8820224719103 21.7359550561794 18.7359550561796 13.8820224719101 17.3820224719102 17.3539325842695 16.3820224719105 13.3539325842699 15.2359550561797 -9999 -9999 -9999 -9999 -9999 -9999 -9999 -9999 -9999 -9999 -9999 -9999 -9999 -9999 -9999 -9999 -9999 -9999 -9999 -9999 -9999 -9999 -9999 -9999 -9999 -9999 -9999 -9999
