rasters/Mali_SNDPPT_M_sl2_250m_ll.asc
NCOLS 198 
NROWS 178 
XLLCORNER -12.264130412 
YLLCORNER 10.140054014 
CELLSIZE 0.0833321619545454 
NODATA_value -9999 
[rows 75 to 99 of 178, columns 56 to 111 of 198]
-9999 -9999 -9999 -9999 -9999 -9999 -9999 -9999 -9999 -9999 -9999 -9999 -9999 -9999 -9999 -9999 -9999 -9999 -9999 -9999 -9999 91 92 89.3707865168539 92.8707865168539 92.129213483146 91 91.2584269662922 91 91.3707865168539 90.2584269662921 92.2584269662921 93.3707865168538 89.3707865168538 88.1292134831464 90.6292134831461 89.8876404494382 91.129213483146 94 93.2584269662918 91.6292134831454 92.3876404494382 92.1460674157307 89.2584269662921 91 91.3707865168539 88.8876404494382 88.8707865168538 93.1123595505618 91.8707865168539 91 91.8539325842696 91.6292134831454 93.7415730337079 92.2584269662928 94.1123595505618
-9999 -9999 -9999 -9999 -9999 -9999 -9999 -9999 -9999 -9999 -9999 -9999 -9999 -9999 -9999 -9999 -9999 -9999 -9999 -9999 -9999 93 90.7022471910118 90.2022471910117 92.1011235955058 92.2022471910117 90.8988764044939 91.2977528089884 90.6011235955057 90.5 90.3988764044941 92.7977528089878 91.0955056179765 91.1011235955058 88.8988764044942 89.1011235955058 88.3988764044941 89.7977528089876 83.5000000000001 94 94.2022471910117 91.3988764044941 90.7977528089883 91 90.3988764044943 92.1011235955058 91.3033707865175 91.3988764044946 92.1011235955058 93 92.4044943820234 92.5 92.3988764044935 91.2022471910117 90.6011235955055 93.8988764044941
-9999 -9999 -9999 -9999 -9999 -9999 -9999 -9999 -9999 -9999 -9999 -9999 -9999 -9999 -9999 -9999 -9999 -9999 -9999 -9999 -9999 90.4269662921341 92 91 92 89.5730337078652 89 87.4269662921346 90.5730337078654 91.5730337078656 91.9269662921344 91.8539325842688 91.1460674157316 89.1460674157313 87.353932584269 85.7191011235969 88.0730337078656 89.0000000000007 88.5730337078654 90.9269662921344 90.9999999999985 87 90.5730337078653 92 92 93 92.2921348314625 90.4999999999994 92.9269662921344 93.9269662921344 91.9269662921344 94.3539325842688 92.5000000000009 92.6348314606719 90.4269662921348 91
-9999 -9999 -9999 -9999 -9999 -9999 -9999 -9999 -9999 -9999 -9999 -9999 -9999 -9999 -9999 -9999 -9999 -9999 -9999 -9999 -9999 90.0898876404525 91.9101123595475 93 89.4550561797738 91.0898876404525 89.0449438202263 88.9550561797738 88 89.4550561797738 91.9550561797737 85.820224719095 90.4550561797736 90.9101123595471 89.5898876404527 89.4550561797738 88 91.9101123595474 90.8202247190954 85.5000000000002 88.4999999999959 90.9550561797737 93.8651685393213 91 89.1348314606788 92.8651685393213 90.9550561797737 93.0449438202263 91.0898876404525 96 91 91.0898876404525 91.1348314606786 91.9550561797737 91 91.5898876404525
-9999 -9999 -9999 -9999 -9999 -9999 -9999 -9999 -9999 -9999 -9999 -9999 -9999 -9999 -9999 -9999 -9999 -9999 -9999 -9999 -9999 91.0168539325843 91.9494382022471 92.9831460674157 91.5 89.5000000000004 89.4831460674159 90.5000000000002 89.4831460674155 90 91.9325842696628 87.1348314606745 91.4662921348316 90.0337078651682 87.0168539325839 88.0505617977529 89.0168539325843 89.9494382022471 89.5168539325841 87.4831460674159 93.9494382022471 91.5505617977529 94 94.9662921348314 90.5337078651684 92.0337078651686 88.0168539325843 91 91.5168539325843 92.5168539325843 91.0168539325843 93.4831460674157 92.4831460674149 93.9831460674157 89.4999999999996 91
-9999 -9999 -9999 -9999 -9999 -9999 -9999 -9999 -9999 -9999 -9999 -9999 -9999 -9999 -9999 -9999 -9999 -9999 -9999 -9999 -9999 90.4887640449438 91.0112359550559 90.9325842696644 89.5112359550559 89 89.011235955056 89.0224719101119 88.988764044944 82.5 84.5112359550559 89.0224719101119 88.4887640449443 89.0000000000004 89.9775280898881 89.5 89.5112359550559 88.5112359550555 87.9775280898881 87.5112359550558 87.988764044944 89.4550561797762 94.5337078651682 92.4887640449441 93.0000000000004 89.4775280898881 90.488764044944 92 92 93.9550561797762 93 90.988764044944 93.0112359550576 91.0337078651678 89 85.5
-9999 -9999 -9999 -9999 -9999 -9999 -9999 -9999 -9999 -9999 -9999 -9999 -9999 -9999 -9999 -9999 -9999 -9999 -9999 -9999 -9999 92.4999999999998 92.8820224719114 91.9606741573038 89.0786516853924 83.2359550561771 83.5393258426964 83.9606741573038 87.5786516853923 88.0393258426962 82 89.4999999999996 89.0393258426966 89.0393258426962 88.8033707865188 90.4606741573038 89.5786516853924 90 90.460674157304 88 84.0393258426964 93.4606741573038 91.9213483146076 90.0393258426962 89.9213483146076 89.5393258426962 91 91.4606741573044 93 90 93.8820224719113 90.3033707865189 88.9606741573039 88.5786516853924 87.4213483146072 86.9606741573038
-9999 -9999 -9999 -9999 -9999 -9999 -9999 -9999 -9999 -9999 -9999 -9999 -9999 -9999 -9999 -9999 -9999 -9999 -9999 -9999 -9999 -9999 80.0674157303373 80.202247191012 82.2303370786506 84 82.7977528089884 82.4325842696628 82.8651685393253 80.9325842696626 81 82.3651685393249 87.6348314606745 87.5674157303375 84.9325842696627 91.6629213483133 89 89.1348314606738 84.5674157303372 86.5000000000002 86 88.4325842696626 89.1348314606754 88.6348314606747 89.4325842696628 86.702247191012 90.7303370786506 90.0674157303374 91.6348314606747 89.797752808988 87.4325842696626 88.5674157303373 87.7303370786508 88 84.9044943820251 88.797752808988
-9999 -9999 -9999 -9999 -9999 -9999 -9999 -9999 -9999 -9999 -9999 -9999 -9999 -9999 -9999 -9999 -9999 -9999 -9999 -9999 -9999 -9999 74 80.5955056179776 79.0955056179776 75.9044943820224 80.5955056179778 75.0955056179781 76.7134831460671 74.3089887640448 77 86.4999999999997 86.5955056179775 85.1910112359553 82.0955056179776 86.9044943820224 83 85.4044943820227 83.7865168539327 85.9044943820223 83.5000000000009 85.3089887640448 85.1685393258437 88 86.5955056179774 88.8820224719105 89.7134831460671 88.1910112359552 88.1910112359552 88.0955056179776 90 87.5955056179776 84.6910112359561 87 87.4044943820227 89.5
-9999 -9999 -9999 -9999 -9999 -9999 -9999 -9999 -9999 -9999 -9999 -9999 -9999 -9999 -9999 -9999 -9999 -9999 -9999 -9999 -9999 -9999 75.9999999999999 74.8764044943821 71 78.2471910112364 83.4999999999998 76.6235955056181 75.9999999999997 80.2528089887642 75.2528089887642 77.7415730337082 79.2528089887644 87.1292134831464 83.6235955056177 87.0056179775284 87 84.4999999999998 84.0000000000004 85.123595505618 85.7471910112367 84.5056179775284 86.6235955056184 87.2528089887642 87.9999999999997 85.6235955056179 86.6179775280895 87.4999999999994 86 87 89.1348314606747 88.8707865168537 85.2471910112358 86.1235955056179 88.876404494382 85.6235955056179
-9999 -9999 -9999 -9999 -9999 -9999 -9999 -9999 -9999 -9999 -9999 -9999 -9999 -9999 -9999 -9999 -9999 -9999 -9999 -9999 -9999 -9999 76.0000000000006 78.348314606741 78.348314606741 77.6966292134825 77.6516853932592 80.4831460674097 82.4550561797775 78.651685393259 78.151685393259 79.3483146067407 85.3033707865179 86.1067415730361 85.3033707865182 84.848314606741 85 86.6516853932591 86.3483146067411 85.4101123595541 86.8483146067407 85.348314606741 84.8483146067417 83.348314606741 84.1516853932588 84.0449438202229 88.348314606741 82.8483146067408 86.848314606741 86.3033707865181 83 87 85.1516853932588 83.9550561797771 86.1516853932589 92.2415730337049
-9999 -9999 -9999 -9999 -9999 -9999 -9999 -9999 -9999 -9999 -9999 -9999 -9999 -9999 -9999 -9999 -9999 -9999 -9999 -9999 -9999 -9999 83.6404494382011 79.2808988764028 80.4606741573021 77.7808988764026 76.6404494382014 81.2415730337047 82.6011235955038 82 78.6404494382014 83 84.9606741573026 80.8595505617979 84.5000000000002 85.9606741573021 85.8202247191007 85.3595505617986 85 85.4999999999999 84.0393258426985 82.5 84 81.8595505617986 83.3202247191006 83.3595505617986 85.6797752808993 87.5000000000006 85.5 85.6797752808993 84 86.8202247191007 84.6797752808998 86 85.8595505617994 87.8202247191007
-9999 -9999 -9999 -9999 -9999 -9999 -9999 -9999 -9999 -9999 -9999 -9999 -9999 -9999 -9999 -9999 -9999 -9999 -9999 -9999 -9999 -9999 75.6235955056178 79.5 78.2921348314608 82.0842696629216 77.2078651685393 79.4157303370786 78.4157303370785 81.1235955056177 83.7078651685392 85.207865168539 84.9157303370783 85.3314606741571 84.7078651685391 81 82.5842696629215 83.415730337078 82.9157303370783 83.7921348314609 84.2078651685389 79.6235955056177 83 87.8764044943823 87.8764044943822 86.3764044943823 85.1685393258431 82.7078651685391 81.7078651685392 85.7921348314608 90.5 93 85.4999999999991 84.5393258426961 87 87.5842696629215
-9999 -9999 -9999 -9999 -9999 -9999 -9999 -9999 -9999 -9999 -9999 -9999 -9999 -9999 -9999 -9999 -9999 -9999 -9999 -9999 -9999 -9999 76.2640449438196 81.5280898876394 77.2921348314591 78.9719101123602 81.0000000000004 75 81 75.7921348314591 83.2640449438197 83.2640449438199 80.2359550561798 84.26404494382 84.5 81.4157303370819 81 81.2359550561805 82 84.4999999999998 81.4719101123614 84 83.5280898876394 83 83.4438202247215 86.5 87.2359550561803 87.0000000000007 85.7640449438197 87 87.7640449438197 88.7640449438197 86.7640449438192 88.6797752809016 84.7640449438195 85.4719101123606
-9999 -9999 -9999 -9999 -9999 -9999 -9999 -9999 -9999 -9999 -9999 -9999 -9999 -9999 -9999 -9999 -9999 -9999 -9999 -9999 -9999 -9999 77.7359550561796 78 80.7078651685384 80.7640449438207 73.7359550561791 75.2359550561794 77.2640449438204 78 79.7640449438205 83 82 82.9719101123589 83.0280898876409 81.2359550561795 80.5561797752821 79.2359550561796 83.2359550561794 83 85.5280898876419 84.1797752808973 83 81.7640449438205 85.2359550561793 84.7640449438205 84 87 88.2640449438206 87.7078651685384 88.2359550561795 86.2640449438205 82.0561797752814 82.5 82.7359550561797 86.4719101123589
-9999 -9999 -9999 -9999 -9999 -9999 -9999 -9999 -9999 -9999 -9999 -9999 -9999 -9999 -9999 -9999 -9999 -9999 -9999 -9999 -9999 -9999 74.7078651685394 74.7921348314608 76.3764044943823 76.2078651685399 75.9157303370784 81.5000000000004 76.7921348314607 79.2078651685392 77.3764044943823 80.707865168539 83.8764044943829 78 82.1685393258431 83.6235955056177 83.4157303370785 84.9157303370789 83.8764044943824 84.7921348314605 85 83.4157303370785 87.084269662922 81.9157303370784 83.7078651685394 86.7078651685392 88.2921348314608 88.7078651685389 85.0393258426961 83.7078651685392 85.0842696629215 88 85.5000000000008 83.8314606741569 84.707865168539 87.2921348314608
-9999 -9999 -9999 -9999 -9999 -9999 -9999 -9999 -9999 -9999 -9999 -9999 -9999 -9999 -9999 -9999 -9999 -9999 -9999 -9999 -9999 -9999 -9999 75.359550561798 73.601123595505 70.1797752808983 75.8202247191011 72.9606741573026 73.4999999999998 81.179775280899 75.460674157303 80.3202247191013 83.1797752808989 86.4999999999999 80.8595505617978 82.820224719101 84.320224719101 85.6404494382026 84.8202247191009 86.9606741573031 85 85 85.6797752808987 85.539325842697 86.6797752808989 87.179775280899 84.640449438202 84.6797752808986 87.320224719101 86.741573033707 88.179775280899 85.679775280899 85.8202247191007 84.359550561798 86.1404494382019 85.039325842697
-9999 -9999 -9999 -9999 -9999 -9999 -9999 -9999 -9999 -9999 -9999 -9999 -9999 -9999 -9999 -9999 -9999 -9999 -9999 -9999 -9999 -9999 -9999 79.5 75.3483146067412 71.8483146067405 74.3033707865173 74.8483146067412 76.3932584269649 77.1516853932588 81.5449438202237 84.7415730337047 81.3033707865175 87.6067415730351 84.3033707865174 84.8483146067412 85.5 84.5449438202238 83.3033707865171 85.6516853932589 86.3483146067406 86 87.1516853932586 86.3033707865175 88 88.1966292134825 88.4550561797763 88.0000000000009 85.4550561797763 87.3483146067412 84.5 82.3483146067412 89.0000000000012 89.1966292134825 86.7415730337053 86.6966292134825
-9999 -9999 -9999 -9999 -9999 -9999 -9999 -9999 -9999 -9999 -9999 -9999 -9999 -9999 -9999 -9999 -9999 -9999 -9999 -9999 -9999 -9999 -9999 73.5056179775292 76 78.2528089887642 75.741573033706 77.6235955056175 78.8764044943824 81 86.2471910112354 87.2528089887648 84.2471910112351 83.6235955056175 83.9943820224707 80.6235955056177 82.8707865168531 83.3764044943826 85.8764044943816 83 83 84.2471910112354 87.6292134831475 86.2528089887646 87.6235955056175 87.1235955056177 89.2471910112354 90 84.7359550561769 86.8764044943823 90 85 85.4943820224712 85.2471910112354 85.5056179775293 84.3764044943823
-9999 -9999 -9999 -9999 -9999 -9999 -9999 -9999 -9999 -9999 -9999 -9999 -9999 -9999 -9999 -9999 -9999 -9999 -9999 -9999 -9999 -9999 -9999 76.8089887640448 75.9044943820224 76.2134831460676 77.8089887640448 76.4775280898893 82.8089887640448 80.4269662921343 83.9044943820224 85.2134831460668 83.5000000000002 84.9999999999997 85 81.2865168539329 82.0955056179776 81.4999999999997 83.5000000000001 81.5955056179775 84.691011235953 81.5730337078657 82.6910112359557 84.8089887640447 85.8089887640451 87.4269662921342 89.8089887640447 85.1910112359552 89.1910112359552 88.5955056179776 87.8089887640448 89.6910112359552 88.9775280898874 86.8820224719105 87.286516853933 86
-9999 -9999 -9999 -9999 -9999 -9999 -9999 -9999 -9999 -9999 -9999 -9999 -9999 -9999 -9999 -9999 -9999 -9999 -9999 -9999 -9999 -9999 -9999 77.2696629213494 80.0674157303374 74.5955056179759 80.8651685393253 81.0955056179761 79.4325842696629 80 84.0674157303373 82.5000000000004 83 81.0674157303374 81.5674157303372 81.5 80.9325842696627 80.0674157303374 84.2977528089877 84.3651685393255 81.4999999999989 81.9325842696627 85.7977528089872 88.5674157303373 88.3651685393258 87.0674157303373 85.5 86 88.0674157303373 88.202247191012 89.9325842696626 89.4325842696626 90.8651685393253 84.5674157303373 87.2303370786502 85.3651685393253
-9999 -9999 -9999 -9999 -9999 -9999 -9999 -9999 -9999 -9999 -9999 -9999 -9999 -9999 -9999 -9999 -9999 -9999 -9999 -9999 -9999 -9999 -9999 79.9606741573038 80 79.5393258426966 79.3820224719111 84.8820224719117 80.9213483146071 84.9606741573038 81.5786516853924 82.9606741573029 84.3033707865187 82.539325842696 81.4999999999998 78.5393258426962 77.9606741573038 81.421348314607 82 80.5786516853923 85.9606741573037 85.9606741573038 86.0786516853917 88.8426966292151 87.4999999999998 84.9213483146075 81.8820224719114 87.578651685393 85.5 87.5 89.0393258426962 88.3426966292151 88.5393258426954 88.5 86.3820224719118 87.4606741573038
-9999 -9999 -9999 -9999 -9999 -9999 -9999 -9999 -9999 -9999 -9999 -9999 -9999 -9999 -9999 -9999 -9999 -9999 -9999 -9999 -9999 -9999 -9999 83.0449438202238 81.9662921348322 82.5112359550555 80.9887640449437 81.9887640449445 81.0337078651678 84.9775280898881 85.9887640449441 85.9775280898881 82.0224719101119 80 77.9662921348326 79.5 80.3988764044965 82.0112359550559 85.4887640449434 84.5000000000002 84.4550561797737 86.9775280898881 86.4550561797766 81.4662921348322 78.4887640449438 61.6123595505594 74.3651685393287 53.5112359550566 72.0337078651678 91.0224719101119 87.9887640449441 84.0112359550559 86.0112359550559 87.0337078651678 81.9550561797762 82.5
-9999 -9999 -9999 -9999 -9999 -9999 -9999 -9999 -9999 -9999 -9999 -9999 -9999 -9999 -9999 -9999 -9999 -9999 -9999 -9999 -9999 -9999 -9999 81 80 78.4662921348309 81.5337078651688 79.0337078651694 83.4494382022473 81.5674157303372 80 78.5505617977525 76.533707865168 82 79.4999999999998 82 78.9157303370785 77 81.4831460674155 81.9494382022471 83.8988764044942 81.5505617977529 73.9494382022471 46.5 48.9831460674161 55 79.4325842696628 71.6179775280907 85 85.4662921348314 84.5 84.9831460674157 83.5168539325851 83.5505617977529 81.5337078651682 77.5
-9999 -9999 -9999 -9999 -9999 -9999 -9999 -9999 -9999 -9999 -9999 -9999 -9999 -9999 -9999 -9999 -9999 -9999 -9999 -9999 -9999 -9999 -9999 78.2247191011269 80.9550561797746 80.9101123595485 78.955056179775 79.4550561797748 78.9999999999997 82.5 83.5449438202254 80.0449438202254 79.6348314606764 79 83.9101123595497 80.3651685393238 77.8202247190984 78.4999999999996 77.4999999999998 79.4550561797752 74.6797752809009 47.5898876404508 54.4494382022537 64.6292134831555 82.9550561797746 88.1348314606762 60.0898876404508 88.0449438202255 84.4157303370699 85.5449438202254 83.4550561797746 83 77.9101123595494 75.8651685393238 73.4606741572953 49.1348314606762
