rasters/Mali_bio10.asc
NCOLS 198 
NROWS 178 
XLLCORNER -12.264130412 
YLLCORNER 10.140054014 
CELLSIZE 0.0833321619545454 
NODATA_value -3.4e+38 
[rows 110 to 131 of 178, columns 102 to 152 of 198]
31.6903324127197 31.6669998168945 31.8858337402344 32.0639991760254 32.1931686401367 32.2156677246094 32.3671684265137 32.6118354797363 32.6718330383301 32.7678337097168 32.8201675415039 32.8440017700195 32.9669990539551 33.0039978027344 33.068000793457 33.1511650085449 33.2070007324219 33.259334564209 33.3125 33.3488311767578 33.3718338012695 33.4794998168945 33.5608329772949 33.5981674194336 33.5748329162598 33.6533317565918 33.7368316650391 33.734001159668 33.6941680908203 33.6533317565918 33.7859992980957 33.7519989013672 33.6193313598633 33.4633331298828 33.4415016174316 33.4165000915527 33.4618339538574 33.5876655578613 33.6139984130859 33.5068321228027 33.3801651000977 33.3618316650391 33.3743324279785 33.3051681518555 33.1681671142578 33.1628341674805 33.1881675720215 33.130500793457 32.9830017089844 32.8990020751953 32.9118347167969
31.7816677093506 31.8090000152588 31.9285011291504 32.0883331298828 32.1846656799316 31.9050006866455 31.9286670684814 32.3600006103516 32.5948333740234 32.696834564209 32.7748336791992 32.8706665039062 32.8998336791992 32.8709983825684 32.9700012207031 33.1531677246094 33.2396659851074 33.3198318481445 33.3761672973633 33.3603324890137 33.3366661071777 33.5226669311523 33.6728324890137 33.6918334960938 33.7158317565918 33.7638320922852 33.8295021057129 33.9218330383301 33.9090003967285 33.857666015625 33.7806663513184 33.7311668395996 33.6071662902832 33.4780006408691 33.3650016784668 33.3176689147949 33.355167388916 33.4731674194336 33.5523338317871 33.5053329467773 33.4375 33.3413314819336 33.3451652526855 33.2091674804688 33.1780014038086 33.103832244873 33.0453338623047 33.0789985656738 32.9814987182617 32.8211669921875 32.615665435791
31.8681659698486 31.8878326416016 31.9956665039062 32.1569976806641 32.190502166748 32.1350021362305 32.2063331604004 32.4571685791016 32.6549987792969 32.7228317260742 32.8153343200684 32.9855003356934 32.9669990539551 32.9444999694824 33.076000213623 33.0849990844727 33.1291656494141 33.2200012207031 33.2971649169922 33.3834991455078 33.4596672058105 33.6146659851074 33.7096672058105 33.7259979248047 33.8418350219727 33.882999420166 33.9528350830078 33.9598350524902 33.8836669921875 33.8255004882812 33.7299995422363 33.6336669921875 33.6315002441406 33.5214996337891 33.4758338928223 33.3250007629395 33.2270011901855 33.3079986572266 33.4781684875488 33.4981689453125 33.4411659240723 33.3228340148926 33.2923316955566 33.2768325805664 33.2389984130859 33.2070007324219 33.1199989318848 32.997501373291 32.8803329467773 32.8503341674805 32.634334564209
31.7234992980957 31.7714996337891 31.83766746521 31.973165512085 32.1118316650391 32.2196655273438 32.3035011291504 32.4638328552246 32.609001159668 32.7286682128906 32.7299995422363 32.8736686706543 32.9601669311523 32.9341659545898 32.9651679992676 33.1209983825684 33.2308349609375 33.3571662902832 33.3629989624023 33.4213333129883 33.5738334655762 33.7176666259766 33.8904991149902 33.9781646728516 34.0311660766602 34.0621643066406 34.0681686401367 33.9766654968262 33.8728332519531 33.8598327636719 33.7451667785645 33.6525001525879 33.6855010986328 33.5750007629395 33.4953346252441 33.400333404541 33.1333312988281 33.1665000915527 33.2685012817383 33.2905006408691 33.3096656799316 33.2135009765625 33.1943359375 33.1910018920898 33.2023315429688 33.154167175293 33.0548324584961 32.894832611084 32.7644996643066 32.7195014953613 32.570499420166
31.7676658630371 31.7866668701172 31.7443332672119 31.8591651916504 32.0351676940918 32.1824989318848 32.313835144043 32.3518333435059 32.4221649169922 32.486499786377 32.6059989929199 32.7448348999023 32.848331451416 32.9109992980957 32.9963340759277 33.1300010681152 33.2873344421387 33.3663330078125 33.4463310241699 33.5354995727539 33.6546669006348 33.7919998168945 33.8660011291504 33.9743347167969 33.9938316345215 34.058666229248 34.0226669311523 33.9156684875488 33.8046684265137 33.7910003662109 33.8121681213379 33.7231674194336 33.6221656799316 33.5410003662109 33.4375 33.3731651306152 33.1298332214355 33.1568336486816 33.0753326416016 33.0843353271484 33.2231674194336 33.1911659240723 33.1196670532227 33.0723342895508 33.0721664428711 33.0279998779297 32.9868316650391 32.8813323974609 32.6963348388672 32.5180015563965 32.4701652526855
31.757999420166 31.8513336181641 31.9091663360596 32.0058326721191 32.2763328552246 32.3698348999023 32.4411659240723 32.5146675109863 32.5218353271484 32.5311660766602 32.599666595459 32.7231674194336 32.845832824707 32.9238319396973 33.0084991455078 33.1783332824707 33.2223320007324 33.2760009765625 33.3953323364258 33.5574989318848 33.7108345031738 33.8029975891113 33.8436660766602 33.9753341674805 33.9306678771973 34.0321655273438 34.0639991760254 33.9198341369629 33.7265014648438 33.7994995117188 33.8994979858398 33.8296661376953 33.701831817627 33.5946655273438 33.5881652832031 33.4635009765625 33.3105010986328 33.1668319702148 32.9971656799316 32.96533203125 33.0069999694824 33.0536689758301 33.0406684875488 33.0381660461426 32.9571685791016 32.8953323364258 32.8088340759277 32.8033332824707 32.6506652832031 32.4505004882812 32.4241676330566
31.6333332061768 31.83766746521 31.8929996490479 31.9389991760254 32.2611656188965 32.4081649780273 32.3508338928223 32.341667175293 32.4946670532227 32.5833320617676 32.7223320007324 32.8001670837402 32.8530006408691 32.9608345031738 33.0685005187988 33.1315002441406 33.2649993896484 33.3563346862793 33.4398345947266 33.5068321228027 33.6689987182617 33.855167388916 33.9044990539551 34.0540008544922 33.8598327636719 33.9814987182617 34.1163330078125 33.9513320922852 33.9678344726562 33.9481658935547 33.9130020141602 33.7638320922852 33.6813354492188 33.6581649780273 33.6404991149902 33.5470008850098 33.4966659545898 33.4171676635742 33.2256660461426 33.0693321228027 32.9565010070801 32.8904991149902 32.8661689758301 32.9680023193359 32.8781661987305 32.8525009155273 32.7173347473145 32.6286659240723 32.5056686401367 32.4688339233398 32.4371681213379
31.7164993286133 31.6766662597656 31.8523330688477 32.0089988708496 32.1411666870117 32.2599983215332 32.2196655273438 32.1773338317871 32.3756675720215 32.4469985961914 32.4555015563965 31.4370002746582 31.5648326873779 32.0421676635742 31.5854988098145 31.4851665496826 32.6800003051758 33.2734985351562 33.3603324890137 33.5359992980957 33.7211647033691 33.8698348999023 33.989501953125 34.0354995727539 34.123664855957 34.1776657104492 34.0758323669434 34.0246658325195 34.0003318786621 33.9698333740234 33.7669982910156 33.647834777832 33.611499786377 33.6198348999023 33.563835144043 33.4285011291504 33.3983345031738 33.3474998474121 33.2226676940918 33.143669128418 32.9916687011719 32.8423347473145 32.7821655273438 32.8223342895508 32.8076667785645 32.7248344421387 32.6428337097168 32.4816665649414 32.2813339233398 32.3113327026367 32.4276657104492
31.7066669464111 31.6999988555908 32.0431671142578 32.109001159668 32.1413345336914 32.1293334960938 32.029167175293 32.0688323974609 32.1933326721191 32.1749992370605 30.1716651916504 30.0656661987305 30.8098335266113 31.9271678924561 32.296501159668 32.5921669006348 33.0696678161621 33.0213317871094 33.0368347167969 33.3041648864746 33.4080009460449 33.6711654663086 33.8120002746582 33.90283203125 33.7906646728516 34.053165435791 34.0166664123535 33.9090003967285 33.7905006408691 33.7740020751953 33.6626663208008 33.6691665649414 33.6468315124512 33.632999420166 33.550666809082 33.4816665649414 33.4226684570312 33.3131675720215 33.2143325805664 33.0846672058105 32.9823341369629 32.9123344421387 32.8203315734863 32.7541656494141 32.611499786377 32.5948333740234 32.5040016174316 32.5299987792969 32.421501159668 32.3018341064453 32.2750015258789
31.9333343505859 32.0976676940918 32.1093330383301 31.7905006408691 31.6389999389648 31.0995006561279 31.3041667938232 31.6216659545898 31.9489994049072 32.1103324890137 31.808666229248 32.0773315429688 32.462833404541 32.6773338317871 32.8836669921875 32.8754997253418 33.042667388916 33.2328338623047 33.1613311767578 33.5151672363281 33.326831817627 33.6430015563965 33.7551689147949 33.8161659240723 33.8283348083496 33.8668327331543 33.8456649780273 33.8170013427734 33.8629989624023 33.8246650695801 33.6809997558594 33.699333190918 33.7221641540527 33.6616668701172 33.521167755127 33.4080009460449 -3.4e+38 -3.4e+38 -3.4e+38 -3.4e+38 33.1110000610352 -3.4e+38 -3.4e+38 32.985164642334 32.8120002746582 32.6060028076172 32.4560012817383 32.4684982299805 32.4106674194336 32.195499420166 32.1616668701172
32.0270004272461 32.0741653442383 32.0849990844727 32.0908317565918 31.0566673278809 30.1106662750244 30.2315006256104 31.0405006408691 31.474666595459 31.4146671295166 32.0838317871094 32.3371658325195 32.4664993286133 32.6344985961914 32.8055000305176 32.9370002746582 33.2211647033691 33.1793327331543 33.1838340759277 33.4006690979004 33.5256652832031 33.4449996948242 33.5340003967285 33.6681671142578 33.6763343811035 33.6463317871094 33.6841659545898 33.8151664733887 33.843334197998 33.695499420166 33.6293334960938 33.5928344726562 33.6108322143555 33.5815010070801 -3.4e+38 -3.4e+38 -3.4e+38 -3.4e+38 -3.4e+38 -3.4e+38 -3.4e+38 -3.4e+38 -3.4e+38 -3.4e+38 -3.4e+38 -3.4e+38 32.5861663818359 32.5314979553223 -3.4e+38 -3.4e+38 -3.4e+38
31.7876663208008 31.9333343505859 31.4168319702148 30.4188327789307 30.0369987487793 30.1466655731201 30.4053325653076 30.6786670684814 30.5221672058105 31.2861671447754 31.8838329315186 32.2488327026367 32.3894996643066 32.5863342285156 32.7488327026367 32.8033332824707 32.9918327331543 33.025333404541 32.998664855957 33.0950012207031 33.2603340148926 33.3358345031738 33.445499420166 33.5646667480469 33.5214996337891 33.5176658630371 33.654167175293 33.7106666564941 33.6246643066406 33.4604988098145 33.4435005187988 33.4654998779297 33.4370002746582 -3.4e+38 -3.4e+38 -3.4e+38 -3.4e+38 -3.4e+38 -3.4e+38 -3.4e+38 -3.4e+38 -3.4e+38 -3.4e+38 -3.4e+38 -3.4e+38 -3.4e+38 -3.4e+38 -3.4e+38 -3.4e+38 -3.4e+38 -3.4e+38
30.531665802002 30.2726669311523 30.2116661071777 30.1451663970947 30.1143341064453 30.1401672363281 30.1341667175293 30.1371669769287 30.5200004577637 31.5100002288818 32.0468330383301 32.2658309936523 32.3811683654785 32.5644989013672 32.6578330993652 32.7661666870117 32.8303337097168 32.9091682434082 33.029167175293 33.1199989318848 33.2215003967285 33.2883338928223 33.3930015563965 33.4428329467773 33.4368324279785 33.5345001220703 33.632999420166 33.5255012512207 33.3855018615723 33.2924995422363 33.3176689147949 33.2886657714844 -3.4e+38 -3.4e+38 -3.4e+38 -3.4e+38 -3.4e+38 -3.4e+38 -3.4e+38 -3.4e+38 -3.4e+38 -3.4e+38 -3.4e+38 -3.4e+38 -3.4e+38 -3.4e+38 -3.4e+38 -3.4e+38 -3.4e+38 -3.4e+38 -3.4e+38
30.7906665802002 30.7049999237061 30.4211673736572 30.2948341369629 30.2106666564941 30.1193332672119 30.0036659240723 30.25950050354 31.4235000610352 31.7828330993652 32.1245002746582 32.2466659545898 32.3409996032715 32.5036659240723 32.610668182373 32.6986656188965 32.8064994812012 32.9091682434082 32.9858322143555 33.0008354187012 33.0825004577637 33.1398315429688 33.1863327026367 33.2526664733887 33.300666809082 33.3754997253418 33.4018325805664 33.3245010375977 33.3240013122559 -3.4e+38 -3.4e+38 -3.4e+38 -3.4e+38 -3.4e+38 -3.4e+38 -3.4e+38 -3.4e+38 -3.4e+38 -3.4e+38 -3.4e+38 -3.4e+38 -3.4e+38 -3.4e+38 -3.4e+38 -3.4e+38 -3.4e+38 -3.4e+38 -3.4e+38 -3.4e+38 -3.4e+38 -3.4e+38
31.1284999847412 30.656665802002 30.5594997406006 30.3798332214355 30.125 30.0084991455078 30.4153327941895 31.4409999847412 31.7700004577637 31.9974994659424 32.1003341674805 32.2788352966309 32.3131675720215 32.4238357543945 32.5336685180664 32.6186676025391 32.7236671447754 32.7319984436035 32.7504997253418 32.8691673278809 32.9513320922852 32.9626655578613 33.0623321533203 33.1848335266113 33.2610015869141 33.1973342895508 33.1544990539551 -3.4e+38 -3.4e+38 -3.4e+38 -3.4e+38 -3.4e+38 -3.4e+38 -3.4e+38 -3.4e+38 -3.4e+38 -3.4e+38 -3.4e+38 -3.4e+38 -3.4e+38 -3.4e+38 -3.4e+38 -3.4e+38 -3.4e+38 -3.4e+38 -3.4e+38 -3.4e+38 -3.4e+38 -3.4e+38 -3.4e+38 -3.4e+38
30.8013343811035 30.6233329772949 30.4843330383301 30.3153343200684 30.0869998931885 30.2493343353271 31.1564998626709 31.5896663665771 31.8255004882812 31.9848327636719 32.0493316650391 32.1793327331543 32.2835006713867 32.3733329772949 32.4314994812012 32.4868316650391 32.583667755127 32.6306686401367 32.6721649169922 32.739501953125 32.8395004272461 32.8860015869141 32.889331817627 32.9283332824707 32.9618339538574 32.9705009460449 -3.4e+38 -3.4e+38 -3.4e+38 -3.4e+38 -3.4e+38 -3.4e+38 -3.4e+38 -3.4e+38 -3.4e+38 -3.4e+38 -3.4e+38 -3.4e+38 -3.4e+38 -3.4e+38 -3.4e+38 -3.4e+38 -3.4e+38 -3.4e+38 -3.4e+38 -3.4e+38 -3.4e+38 -3.4e+38 -3.4e+38 -3.4e+38 -3.4e+38
30.7775001525879 30.7391662597656 30.5053329467773 30.4243335723877 30.2065010070801 30.7931671142578 31.4358329772949 31.6291675567627 31.7536659240723 31.9074993133545 32.0023345947266 32.1136665344238 32.1336669921875 32.2298355102539 32.3528327941895 32.4006652832031 32.4656677246094 32.4763336181641 32.5378341674805 32.5913314819336 32.6408348083496 -3.4e+38 -3.4e+38 -3.4e+38 -3.4e+38 -3.4e+38 -3.4e+38 -3.4e+38 -3.4e+38 -3.4e+38 -3.4e+38 -3.4e+38 -3.4e+38 -3.4e+38 -3.4e+38 -3.4e+38 -3.4e+38 -3.4e+38 -3.4e+38 -3.4e+38 -3.4e+38 -3.4e+38 -3.4e+38 -3.4e+38 -3.4e+38 -3.4e+38 -3.4e+38 -3.4e+38 -3.4e+38 -3.4e+38 -3.4e+38
30.920166015625 30.7656669616699 30.5653343200684 30.3255004882812 30.5500011444092 31.3276672363281 31.5354995727539 31.6141662597656 31.6933326721191 31.7471656799316 31.8871669769287 32.0416679382324 32.0886650085449 32.1413345336914 32.2281646728516 32.2750015258789 32.3330001831055 32.3714981079102 32.3806686401367 32.5126686096191 32.5381660461426 -3.4e+38 -3.4e+38 -3.4e+38 -3.4e+38 -3.4e+38 -3.4e+38 -3.4e+38 -3.4e+38 -3.4e+38 -3.4e+38 -3.4e+38 -3.4e+38 -3.4e+38 -3.4e+38 -3.4e+38 -3.4e+38 -3.4e+38 -3.4e+38 -3.4e+38 -3.4e+38 -3.4e+38 -3.4e+38 -3.4e+38 -3.4e+38 -3.4e+38 -3.4e+38 -3.4e+38 -3.4e+38 -3.4e+38 -3.4e+38
30.8308334350586 30.5590000152588 30.2709999084473 30.2521667480469 31.1639995574951 31.4899997711182 31.5383338928223 31.5938339233398 31.6645011901855 31.7154998779297 31.8838329315186 31.9734992980957 32.0206680297852 32.1308326721191 32.1633338928223 32.1783332824707 32.2308349609375 32.2138328552246 32.1596641540527 32.3523330688477 32.4263343811035 -3.4e+38 -3.4e+38 -3.4e+38 -3.4e+38 -3.4e+38 -3.4e+38 -3.4e+38 -3.4e+38 -3.4e+38 -3.4e+38 -3.4e+38 -3.4e+38 -3.4e+38 -3.4e+38 -3.4e+38 -3.4e+38 -3.4e+38 -3.4e+38 -3.4e+38 -3.4e+38 -3.4e+38 -3.4e+38 -3.4e+38 -3.4e+38 -3.4e+38 -3.4e+38 -3.4e+38 -3.4e+38 -3.4e+38 -3.4e+38
30.4423332214355 30.3325004577637 30.3663330078125 31.0520000457764 31.4091663360596 31.474666595459 31.5556659698486 31.5603332519531 31.6648330688477 31.7878341674805 31.8793334960938 31.9388332366943 31.9781665802002 32.0188331604004 -3.4e+38 -3.4e+38 -3.4e+38 -3.4e+38 31.9244995117188 32.1370010375977 32.2125015258789 -3.4e+38 -3.4e+38 -3.4e+38 -3.4e+38 -3.4e+38 -3.4e+38 -3.4e+38 -3.4e+38 -3.4e+38 -3.4e+38 -3.4e+38 -3.4e+38 -3.4e+38 -3.4e+38 -3.4e+38 -3.4e+38 -3.4e+38 -3.4e+38 -3.4e+38 -3.4e+38 -3.4e+38 -3.4e+38 -3.4e+38 -3.4e+38 -3.4e+38 -3.4e+38 -3.4e+38 -3.4e+38 -3.4e+38 -3.4e+38
30.611499786377 30.8813323974609 31.208667755127 31.3476657867432 31.3998336791992 31.4528331756592 31.5778331756592 31.6483325958252 31.7584991455078 31.7964992523193 31.8439998626709 31.8891677856445 31.921667098999 -3.4e+38 -3.4e+38 -3.4e+38 -3.4e+38 -3.4e+38 -3.4e+38 -3.4e+38 -3.4e+38 -3.4e+38 -3.4e+38 -3.4e+38 -3.4e+38 -3.4e+38 -3.4e+38 -3.4e+38 -3.4e+38 -3.4e+38 -3.4e+38 -3.4e+38 -3.4e+38 -3.4e+38 -3.4e+38 -3.4e+38 -3.4e+38 -3.4e+38 -3.4e+38 -3.4e+38 -3.4e+38 -3.4e+38 -3.4e+38 -3.4e+38 -3.4e+38 -3.4e+38 -3.4e+38 -3.4e+38 -3.4e+38 -3.4e+38 -3.4e+38
30.8028335571289 31.1504993438721 31.3231658935547 31.3560009002686 31.404333114624 31.4635009765625 31.6100006103516 31.761833190918 31.7678337097168 31.7999992370605 31.8595008850098 -3.4e+38 -3.4e+38 -3.4e+38 -3.4e+38 -3.4e+38 -3.4e+38 -3.4e+38 -3.4e+38 -3.4e+38 -3.4e+38 -3.4e+38 -3.4e+38 -3.4e+38 -3.4e+38 -3.4e+38 -3.4e+38 -3.4e+38 -3.4e+38 -3.4e+38 -3.4e+38 -3.4e+38 -3.4e+38 -3.4e+38 -3.4e+38 -3.4e+38 -3.4e+38 -3.4e+38 -3.4e+38 -3.4e+38 -3.4e+38 -3.4e+38 -3.4e+38 -3.4e+38 -3.4e+38 -3.4e+38 -3.4e+38 -3.4e+38 -3.4e+38 -3.4e+38 -3.4e+38
