rasters/Mali_bio8.asc
NCOLS 198 
NROWS 178 
XLLCORNER -12.264130412 
YLLCORNER 10.140054014 
CELLSIZE 0.0833321619545454 
NODATA_value -3.4e+38 
[rows 44 to 65 of 178, columns 102 to 152 of 198]
35.7163352966309 35.6609992980957 35.6078338623047 35.5726661682129 35.5293350219727 35.4668350219727 35.4098320007324 35.4034996032715 35.3291664123535 35.3074989318848 35.3778343200684 35.4054985046387 35.3619995117188 35.3638343811035 35.3515014648438 35.3701667785645 35.3946685791016 35.3893356323242 35.3888359069824 35.3873329162598 35.3941650390625 35.3728332519531 35.328498840332 35.314998626709 35.3409996032715 35.3141670227051 35.2770004272461 35.1959991455078 35.1544990539551 34.9650001525879 34.8481674194336 34.9199981689453 34.8564987182617 34.8136672973633 34.7733345031738 34.7980003356934 34.9314994812012 34.9168319702148 34.8505020141602 34.7201652526855 34.7053337097168 34.5736656188965 34.5323333740234 34.3498344421387 34.2031669616699 34.2316665649414 34.2569999694824 34.22216796875 34.2049980163574 34.2473335266113 34.1848335266113
35.6853332519531 35.658332824707 35.6043319702148 35.548999786377 35.4846687316895 35.4254989624023 35.3643341064453 35.3046646118164 35.2770004272461 35.3098335266113 35.3613319396973 35.3434982299805 35.2975006103516 35.295166015625 35.3658332824707 35.4206657409668 35.4193344116211 35.4101676940918 35.414665222168 35.4038314819336 35.3806686401367 35.3574981689453 35.3231658935547 35.2691650390625 35.2776679992676 35.3199996948242 35.1811676025391 35.2033348083496 35.1655006408691 35.0130004882812 34.952335357666 34.8790016174316 34.8016662597656 34.7755012512207 34.7691650390625 34.8738327026367 35.1623344421387 35.0455017089844 34.7610015869141 34.6391677856445 34.6483345031738 34.4334983825684 34.6553344726562 34.3616638183594 34.2663345336914 34.2535018920898 34.2666664123535 34.2578353881836 34.1331672668457 34.0830001831055 33.9763336181641
35.6456680297852 35.5956649780273 35.5318336486816 35.4773330688477 35.4361686706543 35.3596649169922 35.285831451416 35.2283325195312 35.2411651611328 35.2895011901855 35.3115005493164 35.2636642456055 35.2135009765625 35.2261657714844 35.3115005493164 35.3518333435059 35.372501373291 35.3810005187988 35.4263343811035 35.494499206543 35.4313316345215 35.3194999694824 35.2560005187988 35.2281646728516 35.2330017089844 35.2254981994629 35.1144981384277 35.1151657104492 35.3851661682129 35.1468315124512 35.0283317565918 34.8646659851074 34.8021659851074 34.7709999084473 34.7721672058105 34.8619995117188 35.2526664733887 35.1609992980957 35.0375022888184 34.8611679077148 34.8591651916504 34.7116661071777 34.3395004272461 34.4323348999023 34.4845008850098 34.3366661071777 34.2648315429688 34.2573318481445 34.109001159668 34.087833404541 33.9060020446777
35.5523338317871 35.522834777832 35.492000579834 35.4580001831055 35.3851661682129 35.3359985351562 35.3091659545898 35.2535018920898 35.2616653442383 35.2980003356934 35.3126678466797 35.2744979858398 35.2014999389648 35.1588325500488 35.1258316040039 35.1366653442383 35.1688346862793 35.2501678466797 35.2080001831055 35.2313346862793 35.4119987487793 35.4235000610352 35.3131675720215 35.2423324584961 35.1845016479492 35.1944999694824 35.2366676330566 35.1425018310547 35.1963348388672 35.2118339538574 34.9565010070801 34.8478317260742 34.8138313293457 34.8206672668457 34.7806663513184 34.7726669311523 34.8588333129883 34.9178314208984 34.8026657104492 34.7636680603027 34.6266670227051 34.4729995727539 34.4015007019043 34.5771675109863 34.5993347167969 34.4408340454102 34.2688331604004 34.2388343811035 34.1453323364258 34.0643310546875 33.8738327026367
35.4679985046387 35.4608345031738 35.4306678771973 35.400333404541 35.361499786377 35.3181648254395 35.2980003356934 35.2548332214355 35.2323341369629 35.2398338317871 35.2485008239746 35.2358322143555 35.2089996337891 35.1645011901855 35.1126670837402 35.1053352355957 35.0963325500488 35.0861663818359 35.0525016784668 35.0424995422363 35.0559997558594 35.1414985656738 35.1711654663086 35.1738319396973 35.1453323364258 35.1488342285156 35.1678314208984 35.0986671447754 35.1404991149902 35.2075004577637 35.1790008544922 34.9855003356934 34.7569999694824 34.8105010986328 34.7948341369629 34.8166656494141 34.7646675109863 34.7220001220703 34.771167755127 34.9126663208008 34.6848335266113 34.6356658935547 34.5801658630371 34.4188346862793 34.3899993896484 34.4393310546875 34.3395004272461 34.2278327941895 34.1559982299805 33.9778327941895 33.8033332824707
35.4126663208008 35.3846664428711 35.3548355102539 35.3605003356934 35.3338317871094 35.3041648864746 35.2653350830078 35.2241668701172 35.1961669921875 35.1870002746582 35.1683349609375 35.1748352050781 35.1785011291504 35.1546669006348 35.1533317565918 35.1311683654785 35.1263313293457 35.1093330383301 35.0791664123535 35.0496673583984 35.031665802002 35.0563316345215 35.0778350830078 35.0340003967285 35.1003341674805 35.1983337402344 35.1206665039062 35.0186653137207 35.0219993591309 35.0948333740234 35.1728324890137 34.9673347473145 34.8136672973633 34.7071647644043 34.7280006408691 34.7029991149902 34.5955009460449 34.6684989929199 34.704833984375 34.6809997558594 34.7573318481445 34.6753311157227 34.574333190918 34.5233306884766 34.310001373291 34.2835006713867 34.353832244873 34.2733345031738 34.2001647949219 33.9933319091797 33.9093322753906
35.386833190918 35.3578338623047 35.3326683044434 35.3206672668457 35.3051681518555 35.2848320007324 35.2431678771973 35.173999786377 35.1463317871094 35.1580009460449 35.1721649169922 35.164665222168 35.173168182373 35.1703338623047 35.1193313598633 35.0818328857422 35.0634994506836 35.0501670837402 35.0261650085449 35.015998840332 34.9663314819336 35.0243339538574 35.0831680297852 35.0968322753906 35.099666595459 35.0876655578613 35.0213317871094 34.931999206543 34.9288330078125 35.0143356323242 34.9814987182617 34.9486656188965 34.7696685791016 34.6533355712891 34.6684989929199 34.5828323364258 34.5890007019043 34.7154998779297 34.6555023193359 34.6123313903809 34.670166015625 34.6183319091797 34.4759979248047 34.5053329467773 34.489501953125 34.2415008544922 34.261833190918 34.2383346557617 34.059497833252 34.1061668395996 34.0799980163574
35.3395004272461 35.3088340759277 35.3071670532227 35.283332824707 35.2363319396973 35.2130012512207 35.1678352355957 35.0950012207031 35.0841674804688 35.1119995117188 35.1341667175293 35.1606674194336 35.1356658935547 35.0686645507812 35.003833770752 34.989501953125 34.9831657409668 34.9934997558594 34.9878349304199 34.9966659545898 34.9604988098145 35.0376663208008 35.025333404541 35.1355018615723 35.0711669921875 34.9464988708496 34.8849983215332 34.829833984375 34.8078346252441 34.8463325500488 34.9046669006348 34.8221664428711 34.6619987487793 34.5858345031738 34.6316680908203 34.5476684570312 34.6896667480469 34.9288330078125 34.7101669311523 34.6411666870117 34.560001373291 34.4968338012695 34.4736671447754 34.4301681518555 34.3969993591309 34.261833190918 34.1976661682129 34.2066650390625 34.0811653137207 34.1504974365234 34.1494979858398
35.2924995422363 35.2473335266113 35.2576675415039 35.232666015625 35.1700019836426 35.1365013122559 35.0861663818359 35.0323333740234 35.0271682739258 35.0538330078125 35.0494995117188 35.0535011291504 35.0181655883789 34.9853324890137 34.9713325500488 34.9483337402344 34.9333343505859 34.9264984130859 34.9241676330566 34.9106674194336 34.9166679382324 34.9025001525879 34.8759994506836 34.9298324584961 34.9528350830078 34.8881683349609 34.826000213623 34.7826690673828 34.8011665344238 34.7591667175293 34.6766662597656 34.6204986572266 34.5745010375977 34.5533332824707 34.5788345336914 34.6421661376953 34.531665802002 34.6370010375977 34.5868339538574 34.5508346557617 34.5364990234375 34.4283332824707 34.3383331298828 34.2869987487793 34.3248329162598 34.3738327026367 34.3143348693848 34.2596664428711 34.2041664123535 34.1773338317871 34.2353324890137
35.2336654663086 35.1883316040039 35.1723327636719 35.1310005187988 35.0921669006348 35.048168182373 35.0046653747559 34.9596672058105 34.9669990539551 34.9845008850098 34.9524993896484 34.9705009460449 34.9593353271484 34.9611663818359 34.9254989624023 34.8818321228027 34.8676681518555 34.882999420166 34.8935012817383 34.8564987182617 34.8736686706543 34.8841667175293 34.8754997253418 34.8815002441406 34.8958320617676 34.8580017089844 34.7924995422363 34.6870002746582 34.6199989318848 34.6378326416016 34.5993347167969 34.5543327331543 34.6248321533203 34.8271675109863 34.7518310546875 34.5180015563965 34.5581665039062 34.4803314208984 34.5141677856445 34.4426651000977 34.4386672973633 34.4464988708496 34.4228324890137 34.4423332214355 34.4106674194336 34.4124984741211 34.3813323974609 34.3411674499512 34.2721672058105 34.2809982299805 34.3011665344238
35.1515007019043 35.1096649169922 35.0926666259766 35.0676651000977 35.0336685180664 34.9953346252441 34.9570007324219 34.9296684265137 34.9216690063477 34.9158325195312 34.9326667785645 34.9340019226074 34.9080009460449 34.8786659240723 34.841667175293 34.8263320922852 34.8436660766602 34.8681678771973 34.882999420166 34.8528327941895 34.8668327331543 34.8595008850098 34.8183326721191 34.7734985351562 34.7206649780273 34.6643333435059 34.6068344116211 34.5303344726562 34.5914993286133 34.6091651916504 34.6696662902832 34.759334564209 34.7490005493164 34.7820014953613 34.7986679077148 34.5448341369629 34.4888343811035 34.4544982910156 34.453498840332 34.3646659851074 34.3445014953613 34.4288330078125 34.4641647338867 34.4263343811035 34.4506683349609 34.2563323974609 34.2363319396973 34.2898330688477 34.2005004882812 34.2948341369629 34.2438316345215
35.106330871582 35.0713310241699 35.0540008544922 35.0321655273438 34.9918327331543 34.964168548584 34.9438323974609 34.9326667785645 34.915168762207 34.8976669311523 34.8920021057129 34.8758316040039 34.8301658630371 34.7836685180664 34.7731666564941 34.7649993896484 34.7859992980957 34.7948341369629 34.7804985046387 34.775333404541 34.7775001525879 34.7563323974609 34.7068328857422 34.6251678466797 34.5724983215332 34.5338325500488 34.5071678161621 34.5131683349609 34.5890007019043 34.6006660461426 34.6156692504883 34.7443313598633 34.8201675415039 34.8444976806641 34.7541656494141 34.6668319702148 34.5504989624023 34.4029998779297 34.4088325500488 34.4766654968262 34.461498260498 34.4223327636719 34.3808326721191 34.3633346557617 34.3286666870117 34.1636657714844 34.1245002746582 34.1421661376953 34.1313323974609 34.255500793457 34.2569999694824
35.056999206543 35.0458335876465 35.0025024414062 34.9553337097168 34.9381675720215 34.9210014343262 34.9080009460449 34.8866653442383 34.8778343200684 34.8693351745605 34.818000793457 34.8048324584961 34.7861671447754 34.7594985961914 34.7616653442383 34.7443313598633 34.7084999084473 34.6768341064453 34.6500015258789 34.6809997558594 34.6873321533203 34.6655006408691 34.5984992980957 34.5083351135254 34.4611663818359 34.453498840332 34.432502746582 34.4543342590332 34.4698333740234 34.4983329772949 34.5149993896484 34.5668334960938 34.6628341674805 34.7201652526855 34.5821685791016 34.6518325805664 34.6888313293457 34.3726654052734 34.3380012512207 34.4926681518555 34.5378341674805 34.341667175293 34.3269996643066 34.2104988098145 34.2056655883789 34.1088333129883 34.0071678161621 34.0185012817383 34.1228332519531 34.2688331604004 34.2794990539551
34.9868354797363 34.9968338012695 34.9646682739258 34.9095001220703 34.8946647644043 34.878833770752 34.8616676330566 34.8419990539551 34.8359985351562 34.8238334655762 34.7746658325195 34.742000579834 34.7646675109863 34.747501373291 34.6998329162598 34.6775016784668 34.6510009765625 34.6468315124512 34.6386680603027 34.6534996032715 34.6491661071777 34.6511650085449 34.5476684570312 34.4220008850098 34.3686676025391 34.376335144043 34.3974990844727 34.3941688537598 34.3886680603027 34.3986663818359 34.454833984375 34.5781669616699 34.6226654052734 34.7434997558594 34.5053329467773 34.558666229248 34.510498046875 34.4193344116211 34.3385009765625 34.3375015258789 34.4291648864746 34.2333335876465 34.2281684875488 34.1433334350586 34.1113357543945 34.0636672973633 33.9145011901855 33.9443321228027 34.1129989624023 34.2473335266113 34.3148345947266
34.9583320617676 34.9594993591309 34.9196662902832 34.8636665344238 34.8278350830078 34.8133316040039 34.8105010986328 34.7735023498535 34.7561683654785 34.740665435791 34.6833343505859 34.7320022583008 34.7263336181641 34.6921653747559 34.6463317871094 34.644832611084 34.610668182373 34.5970001220703 34.5998344421387 34.6071662902832 34.6401672363281 34.7089996337891 34.4845008850098 34.3616676330566 34.298168182373 34.3225021362305 34.4249992370605 34.4356651306152 34.3586654663086 34.3628349304199 34.550666809082 34.7056655883789 34.7481689453125 34.7938346862793 34.4863319396973 34.3595008850098 34.4481658935547 34.4481658935547 34.3499984741211 34.3746643066406 34.2953338623047 34.2583351135254 34.1256675720215 34.1334991455078 34.1100006103516 33.9841651916504 33.9893341064453 33.9696655273438 34.1413345336914 34.2495002746582 34.3278312683105
34.8641662597656 34.852668762207 34.8456649780273 34.7876663208008 34.7514991760254 34.7350006103516 34.7205009460449 34.6964988708496 34.6694984436035 34.6496658325195 34.6611671447754 34.7171669006348 34.6944999694824 34.648998260498 34.6113319396973 34.5793342590332 34.5499992370605 34.556999206543 34.5740013122559 34.5771675109863 34.6121673583984 34.6259994506836 34.4034996032715 34.2983322143555 34.3294982910156 34.3889999389648 34.4360008239746 34.3608322143555 34.3153343200684 34.3693351745605 34.4913330078125 34.6771659851074 34.7223320007324 34.7008323669434 34.5816650390625 34.5023345947266 34.5069999694824 34.4973335266113 34.4546661376953 34.4433326721191 34.367000579834 34.2388343811035 34.1184997558594 34.1348342895508 34.1203346252441 34.0349998474121 33.9589996337891 33.9290008544922 34.1196670532227 34.2459983825684 34.3226661682129
34.7938346862793 34.7859992980957 34.768669128418 34.7131652832031 34.708667755127 34.673168182373 34.6529998779297 34.6451683044434 34.6525001525879 34.6456680297852 34.6694984436035 34.6653327941895 34.6241683959961 34.594165802002 34.5438346862793 34.4974975585938 34.4701652526855 34.4838333129883 34.5191650390625 34.5436668395996 34.553165435791 34.4858322143555 34.34716796875 34.3223342895508 34.3558349609375 34.3569984436035 34.3178329467773 34.3023338317871 34.2451667785645 34.2663345336914 34.4335021972656 34.5901679992676 34.605167388916 34.5521659851074 34.650333404541 34.5736656188965 34.3588333129883 34.3125 34.3733329772949 34.3836669921875 34.3225021362305 34.2826652526855 34.1868324279785 34.2481651306152 34.1631660461426 33.9388313293457 33.9143333435059 34.0303344726562 34.150333404541 34.1655006408691 34.2626686096191
34.772834777832 34.7581672668457 34.7366676330566 34.664665222168 34.6466674804688 34.6301651000977 34.5895004272461 34.5793342590332 34.5943336486816 34.5974998474121 34.5805015563965 34.5698318481445 34.5403327941895 34.5083351135254 34.4980010986328 34.4313354492188 34.398998260498 34.431999206543 34.4775009155273 34.5141677856445 34.5639991760254 34.3564987182617 34.2536659240723 34.2721672058105 34.3011665344238 34.3076667785645 34.2849998474121 34.2358322143555 34.1570014953613 34.155834197998 34.3170013427734 34.6001663208008 34.6133346557617 34.6103324890137 34.6588325500488 34.5690002441406 34.4820022583008 34.3188323974609 34.0815010070801 34.0921669006348 34.0726661682129 34.3011665344238 34.272834777832 34.1493339538574 33.9850006103516 33.7353324890137 33.8520011901855 34.0229988098145 34.0563316345215 34.1110000610352 34.1894989013672
34.6800003051758 34.6515007019043 34.6074981689453 34.5778350830078 34.5960006713867 34.5771675109863 34.5555000305176 34.5381660461426 34.537166595459 34.4905014038086 34.4643325805664 34.478832244873 34.5101661682129 34.501335144043 34.4503326416016 34.3964996337891 34.3969993591309 34.3955001831055 34.4023323059082 34.4528350830078 34.4583320617676 34.4188346862793 34.431999206543 34.3279991149902 34.2663307189941 34.2831649780273 34.231330871582 34.1240005493164 34.0654983520508 34.068000793457 34.1873321533203 34.3349990844727 34.4980010986328 34.6484985351562 34.5940017700195 34.4268341064453 34.3079986572266 34.201000213623 33.8476676940918 33.718334197998 33.9301681518555 34.1590003967285 34.1660003662109 34.1860008239746 33.9533348083496 33.7081680297852 33.8246650695801 34.0345001220703 33.8718338012695 34.0815010070801 34.1430015563965
34.5763320922852 34.5578346252441 34.5216674804688 34.5136680603027 34.511833190918 34.5103340148926 34.5174980163574 34.5123329162598 34.4838333129883 34.4495010375977 34.4401664733887 34.4593353271484 34.4546661376953 34.415168762207 34.3680000305176 34.3811645507812 34.3393325805664 34.3223342895508 34.3101654052734 34.318000793457 34.2783317565918 34.314998626709 34.3836669921875 34.3139991760254 34.2308349609375 34.2729988098145 34.1241683959961 34.0424995422363 34.0163345336914 34.0919990539551 34.1118316650391 34.1459999084473 34.154167175293 34.3605003356934 34.5389976501465 34.3921661376953 33.9863319396973 33.8650016784668 33.7275009155273 33.6543312072754 33.7613334655762 33.7763328552246 33.9238319396973 33.9481658935547 33.7146682739258 33.6949996948242 33.8531646728516 33.8026657104492 33.6226654052734 33.8409996032715 34.0883331298828
34.5053329467773 34.47216796875 34.4511642456055 34.4440002441406 34.4398345947266 34.4353332519531 34.4425010681152 34.4544982910156 34.4199981689453 34.3746681213379 34.3361663818359 34.3313331604004 34.295166015625 34.2946662902832 34.3178329467773 34.3056678771973 34.3113327026367 34.2983322143555 34.2441673278809 34.2119979858398 34.1783332824707 34.1736679077148 34.1383323669434 34.1213340759277 34.0686683654785 34.1520004272461 34.0101661682129 33.9211654663086 33.9678344726562 34.0151672363281 34.0401649475098 34.029167175293 34.0141677856445 34.1581649780273 34.2398338317871 34.0485000610352 33.791332244873 33.7583351135254 33.7468338012695 33.6636657714844 33.6985015869141 33.7514991760254 33.8470001220703 33.6753349304199 33.5579986572266 33.6049995422363 33.7465019226074 33.7278327941895 33.6774978637695 33.8400001525879 34.1158332824707
34.462833404541 34.4138336181641 34.3886680603027 34.3684997558594 34.3753318786621 34.4010009765625 34.4166679382324 34.3779983520508 34.3440017700195 34.2911682128906 34.2631683349609 34.2503318786621 34.2308349609375 34.2390022277832 34.251335144043 34.2270011901855 34.2161674499512 34.1961669921875 34.1141662597656 34.0709991455078 34.0711669921875 34.0763320922852 34.0226669311523 33.9743347167969 33.884334564209 33.8593330383301 33.8173332214355 33.8653335571289 33.9158325195312 33.9308319091797 33.9415016174316 33.9466667175293 33.9490013122559 34.0218315124512 34.0833320617676 33.9108352661133 33.8338317871094 33.7708320617676 33.6216659545898 33.6404991149902 33.6571655273438 33.7910003662109 33.7993316650391 33.5391654968262 33.457332611084 33.5929985046387 33.7256660461426 33.6995010375977 33.7298316955566 33.9286651611328 34.0446662902832
