rasters/Mali_CLYPPT_M_sl2_250m_ll.asc
NCOLS 198 
NROWS 178 
XLLCORNER -12.264130412 
YLLCORNER 10.140054014 
CELLSIZE 0.0833321619545454 
NODATA_value -9999 
[rows 104 to 129 of 178, columns 59 to 117 of 198]
-9999 -9999 -9999 -9999 -9999 -9999 -9999 -9999 -9999 -9999 -9999 -9999 -9999 -9999 -9999 -9999 -9999 -9999 -9999 -9999 -9999 -9999 -9999 -9999 13.1292134831453 15.2415730337098 6.87078651685478 17.3707865168548 9 9.94382022471797 6.55617977528224 7.31460674157248 15.9269662921369 17.8707865168548 13.5000000000007 19.9438202247181 12.4999999999998 15.1853932584281 13.6853932584274 11.8146067415725 5.68539325842739 29.6292134831454 17 10.6292134831452 6.92696629213623 24.2977528089917 22.7022471910083 31.1292134831452 37.0730337078631 26.5000000000009 26.3146067415726 12.5000000000004 12 8.62921348314523 13.1853932584272 14.6292134831452 11.5561797752829 13.6292134831452 11.5
-9999 -9999 -9999 -9999 -9999 -9999 -9999 -9999 -9999 -9999 -9999 -9999 -9999 -9999 -9999 -9999 -9999 -9999 -9999 -9999 -9999 -9999 -9999 -9999 18.432584269662 16.5000000000002 7.42696629213523 10.2134831460676 9.7865168539322 16.5000000000002 10.5000000000002 13.5730337078643 10.7134831460676 14.2134831460676 9.21348314606829 22.7865168539323 24.2865168539323 12.9325842696606 9 7.0730337078647 20.5056179775267 33.7134831460676 16.5674157303381 11 9 11.7134831460676 23.5730337078648 26.0786516853914 34.9269662921352 24.3595505617958 9.92696629213523 17.2808988764078 9.5 6.21348314606762 6.49999999999991 8.64606741572953 8 7.14044943820285 7.5
-9999 -9999 -9999 -9999 -9999 -9999 -9999 -9999 -9999 -9999 -9999 -9999 -9999 -9999 -9999 -9999 -9999 -9999 -9999 -9999 -9999 -9999 -9999 15.7584269662921 15 18 14.3258426966294 12.7415730337078 18.207865168539 16.2752808988766 15.4999999999998 10.5168539325839 9.24157303370785 20.7584269662922 7.75842696629236 18.0168539325837 21.7415730337077 17.2584269662909 16.2247191011235 12.2584269662924 4.77528089887646 8.74157303370774 27.0168539325843 24.0505617977529 31.7247191011232 24.7584269662922 24.7247191011235 18.3314606741569 22.4494382022471 31.2247191011274 27.0730337078648 14.8988764044937 23.1011235955058 7.98314606741569 6.24157303370816 8.48314606741569 5.24157303370764 25.2078651685392 9.01685393258431
-9999 -9999 -9999 -9999 -9999 -9999 -9999 -9999 -9999 -9999 -9999 -9999 -9999 -9999 -9999 -9999 -9999 -9999 -9999 -9999 -9999 -9999 -9999 10.1910112359533 17.269662921349 11.2696629213488 14 13.0786516853957 15.2696629213492 13.4606741573021 7.5786516853955 11.9606741573019 14.9606741573021 15.4213483146043 19.0393258426982 17.730337078651 16.9606741573021 9 35.3483146067446 9 7.73033707865107 15.0393258426974 16.3089887640468 28.1573033707914 26.348314606745 29.5786516853957 10.5393258426979 14.6966292134893 27.4662921348382 19.3483146067434 24.5393258426979 16.1910112359526 10.9213483146043 13.5393258426979 24.9606741573022 10.3089887640468 5.53932584269786 5.23033707865107 13.5
-9999 -9999 -9999 -9999 -9999 -9999 -9999 -9999 -9999 -9999 -9999 -9999 -9999 -9999 -9999 -9999 -9999 -9999 -9999 -9999 -9999 -9999 -9999 15 15.5955056179776 14.9044943820226 13.4044943820224 15.0955056179776 12.2977528089891 12 15.1910112359554 8.59550561797763 17.7022471910112 18.9044943820224 10.0000000000003 7.20224719101127 8.20224719101127 6.20224719101084 12.7134831460671 7.29775280898856 25 21.7022471910115 34.1910112359553 23.6179775280895 13.0112359550577 35.2134831460671 18.6573033707874 16.1910112359552 15 6.50000000000085 7.40449438202238 10.4044943820227 5.90449438202238 2 5.60674157303331 5.69101123595525 32.3932584269659 9.70224719101119 14.9044943820224
-9999 -9999 -9999 -9999 -9999 -9999 -9999 -9999 -9999 -9999 -9999 -9999 -9999 -9999 -9999 -9999 -9999 -9999 -9999 -9999 -9999 -9999 -9999 12.8258426966293 13.3258426966294 15.3483146067408 18 7.82584269662951 8.67415730337076 11.8033707865184 15.3033707865181 20.1966292134817 18.5449438202229 15.2808988764066 7.9999999999997 12.651685393259 32.8258426966294 32.6516853932607 20.651685393259 32.9550561797774 25.3258426966295 33.7359550561838 26.8258426966295 32.6741573033705 25.8707865168518 32.2191011235934 30.6910112359608 10.6741573033705 18.9382022471868 26.4999999999997 11.651685393259 18.9550561797757 35.1741573033705 37.5 9.04494382022246 38.651685393259 13.0000000000023 12.848314606741 10.3258426966295
-9999 -9999 -9999 -9999 -9999 -9999 -9999 -9999 -9999 -9999 -9999 -9999 -9999 -9999 -9999 -9999 -9999 -9999 -9999 -9999 -9999 -9999 -9999 10.1460674157306 14 7.29213483146084 8.76966292134683 11 9.14606741573076 7.14606741573057 10.5000000000001 12.1235955056162 22 19.3595505618046 8.85393258426949 10.6460674157308 24.5842696629228 34.6460674157317 24.7921348314613 12.7078651685381 33.5842696629225 33.2921348314621 24.8539325842694 31.6460674157306 12.1685393258442 37.0393258426937 35.2921348314613 25.0449438202289 10.6685393258451 5.70786516853873 5 4 4.35393258426937 3.14606741573063 3.64606741573109 11 9.70786516853873 7.70786516853873 12.6460674157306
-9999 -9999 -9999 -9999 -9999 -9999 -9999 -9999 -9999 -9999 -9999 -9999 -9999 -9999 -9999 -9999 -9999 -9999 -9999 -9999 -9999 -9999 10.2640449438204 13.0000000000004 17.5898876404493 14.6179775280901 7.85393258426979 11 15.91011235955 21.2640449438196 8.14606741573027 11.3539325842697 17.7359550561799 17.848314606741 22.3820224719104 33.7359550561798 32.2359550561794 36.6460674157304 34.6179775280899 30.7977528089898 26.0674157303382 11.2359550561799 22.3258426966295 29.5337078651691 25.7921348314611 23 12.9719101123597 25.8539325842698 17.8258426966295 8.73595505617901 4.70786516853958 12 11.1179775280899 10.3820224719101 18.9438202247185 13.7640449438201 7.88202247191102 7 15.2359550561799
-9999 -9999 -9999 -9999 -9999 -9999 -9999 -9999 -9999 -9999 -9999 -9999 -9999 -9999 -9999 -9999 -9999 -9999 -9999 -9999 -9999 -9999 7.91011235955092 8.91011235955081 14.9101123595508 18.9101123595512 18.5898876404491 20.1797752808983 12.6797752808979 27.3707865168563 16.7303370786527 24.2696629213476 9.76966292134745 17.7471910112288 12.550561797755 23.5505617977549 26.0112359550576 29.4494382022442 26.9101123595508 27.859550561796 16.6292134831441 10.8202247191017 13.7303370786525 22 36.5898876404484 18.4494382022458 10.3595505617966 11.1797752808983 6.08988764044915 7.7303370786527 8.41011235955085 11.9101123595509 7.8202247191017 13.1797752808983 14.3595505617956 14.5898876404491 10.8202247191008 17.6797752808983 15.5898876404491
-9999 -9999 -9999 -9999 -9999 -9999 -9999 -9999 -9999 -9999 -9999 -9999 -9999 -9999 -9999 -9999 -9999 -9999 -9999 -9999 -9999 -9999 10.8146067415747 12.1853932584258 13.6235955056172 16.7528089887669 21.9382022471915 23.1292134831492 24 17.685393258426 22.7528089887664 19.5674157303407 8.56179775280847 21.6292134831492 25.3820224719169 32.2471910112339 26.5617977528083 39.7528089887693 16.8595505617864 22.6853932584248 17.1348314606814 11.3146067415744 12 8.8651685393186 28.016853932596 9.12359550561694 29.0617977528085 8.87640449438306 9.12359550561694 9.30898876404225 10.1853932584254 16 17.4382022471915 15.5617977528085 9.87640449438306 16.1235955056169 10.6235955056173 12.4382022471915 17.1292134831492
9.50000000000064 20.8651685393254 35.7022471910132 21.1685393258432 15.0674157303373 9.60112359550613 11.0337078651686 15.0674157303369 8.93258426966271 11.7696629213492 18.4662921348314 15.4662921348308 20.5337078651684 22.5337078651681 16.6011235955059 15.0337078651686 17.3988764044941 20.9325842696627 16.5000000000002 14.4999999999998 17.8651685393254 16.5 17.3988764044936 22.5337078651688 21.7022471910121 20.9999999999996 20.1685393258432 26.0674157303373 25.0337078651679 23.5000000000002 22.5000000000002 26.3314606741574 27.7640449438195 20.1011235955059 29.7640449438193 23.5674157303371 36.4269662921321 35.3314606741544 37.3988764044941 35.5674157303369 26.6685393258432 34.668539325843 32.2303370786508 21.7584269662898 9.86516853932542 12.3651685393254 14.7640449438195 10.4662921348314 8.89887640449406 13.4999999999991 8.06741573033729 15.5000000000004 9.93258426966271 9.20224719101187 10.1348314606746 8.73595505618051 15.1348314606746 15.5 12
7.50561797752733 11.9719101123606 10.005617977528 10.494382022472 10.0393258426958 14.4719101123604 8.51123595505572 14.9775280898877 15.4831460674161 18.9550561797763 14.494382022472 27 27.4999999999998 18.4999999999994 27.005617977528 28.4831460674161 22.4831460674161 20.0112359550564 22 20 13.0505617977517 14.9775280898881 6.03370786516779 15.994382022472 26.4775280898879 22.5056179775282 15.5337078651678 20.0112359550559 19.9831460674152 21.4831460674167 16.0393258426958 10.4775280898883 22.4382022471924 13.9831460674161 24.5056179775284 15.0337078651678 37.0056179775275 36.4887640449449 23.9662921348322 31.4550561797767 36.4887640449441 30.4887640449443 34.994382022472 19.994382022472 13.5056179775286 9 10.9887640449441 36.4887640449441 23.9775280898881 41.9999999999983 32.0224719101119 19.0168539325847 22 19 20.4999999999994 28.5112359550559 15.9775280898881 9 16.505617977528
8.49999999999936 14.0449438202254 13.5224719101139 23.1179775280839 8 10.0224719101127 9.43258426966166 17.4775280898871 14.6123595505636 17 17.0898876404509 28.3651685393235 24.8202247190987 22.5000000000002 32.4550561797746 19.8202247190983 32.0224719101127 26.4325842696617 24.0224719101123 30.8876404494373 14.0224719101127 7.02247191011271 18.4999999999996 9.08988764045086 16.5449438202265 20.7022471910138 20.4550561797746 20 25.0898876404509 19.5449438202256 24.0000000000004 22.5224719101129 24.5 14.4775280898873 31.1797752809025 35.8876404494365 29.0224719101127 37.1797752809019 32.3876404494364 36.9101123595467 35.4101123595491 15.5224719101121 31.842696629211 15.0449438202254 15.5674157303388 15.0449438202254 15.9550561797746 13.0674157303381 22.5674157303381 20.022471910111 19.0224719101127 21.5224719101123 21.4325842696619 16.4550561797746 19.4550561797752 11.5898876404509 27.9550561797737 17.5 30.9775280898873
6.60112359550658 11.0505617977529 14.5505617977533 16.3988764044941 17.6011235955059 13.6011235955061 24.1460674157291 16.1011235955059 16 22.050561797753 19.7977528089881 30.1516853932589 18 23.9494382022471 33.1011235955059 28.449438202247 28.050561797753 20.5505617977528 16.1516853932589 20.3988764044943 17.1966292134822 6.39887640449407 17.3988764044944 8.94943820224748 14.1011235955056 17.6011235955061 20.5 24.2977528089881 8.89887640449406 15 23.949438202247 19.1011235955064 30.550561797753 38.5 25.4438202247174 34.5505617977527 30.7528089887655 36.6011235955051 29.1011235955059 28.6011235955063 31.949438202247 31.1516853932589 16.949438202247 16.050561797753 10.8033707865183 10.7977528089881 13.8483146067411 22 18.050561797753 19.8483146067412 15.6516853932589 17.6516853932585 17 22 24.7528089887655 22.8483146067411 18.6516853932585 24.449438202247 20.6011235955059
6.34269662921227 9.34269662921335 14.4999999999996 14.8932584269682 17.6573033707873 18.0786516853933 18.235955056181 19.5000000000001 18.2640449438191 26.7921348314572 22.5786516853936 23.235955056181 27.2921348314576 23.5000000000003 23.1573033707873 22.9213483146064 26.4213483146063 22.5000000000001 21.6853932584254 20.7359550561811 18.2640449438191 13.2359550561809 27.1067415730298 22.5280898876386 21.8426966292123 18.1292134831494 22.5280898876381 16.2359550561809 22.5786516853943 19.921348314606 16.2640449438192 33.6573033707876 35.1853932584254 36.3426966292127 32.8426966292127 29.8426966292131 30.4999999999998 33.0280898876347 26.7640449438191 31.9999999999999 34.8426966292127 18.685393258425 14.5786516853936 16.8426966292127 13.6573033707867 15.0786516853936 15.5 15.4213483146064 15.1573033707873 13.4999999999991 14.7359550561809 16.3426966292123 15.6573033707873 25.0786516853936 16.4999999999994 22.8426966292127 15.764044943819 17.5 19
20.4999999999994 12 15.4999999999998 20.7134831460687 17.7134831460687 18.6067415730346 21.3932584269655 15.4999999999994 17.5 21.8932584269657 24.5 18 20.1797752808975 17.4999999999998 18.5 16.6067415730343 25.359550561794 19.5000000000002 19.5730337078624 20.6797752808972 17.5 17 17.2134831460687 21.0000000000008 31.3932584269659 25.6797752808971 20.5 20.3932584269657 21.6067415730347 20.5000000000001 38.9999999999996 32.1067415730343 31.7865168539313 31.2134831460687 25.6797752808971 28.2134831460682 30.640449438206 24.6797752808995 22.0337078651716 25.8932584269663 25 37.8932584269652 15.8932584269657 19.3932584269657 19.1067415730345 21 17.2134831460687 13.6067415730343 24.3932584269657 21.4999999999991 24.7865168539313 16.6797752808969 8 10.7865168539313 15.5730337078627 14.5 17.9662921348287 20.179775280897 17.6067415730343
20.0000000000009 21.0393258426953 18.2696629213475 11 12.9044943820215 17.7303370786523 16.1348314606745 21.7696629213482 24.0955056179785 15.7696629213477 23.4606741573046 16.6348314606737 18.0000000000004 19 19.3651685393262 19.2696629213477 15.1348314606738 18.634831460674 17.8651685393261 18.7696629213475 21.4438202247169 20.5 22.4999999999998 23.3651685393257 19.0955056179781 21.0955056179789 19.8651685393262 20.9438202247169 21.500000000001 19.3258426966307 34.7696629213479 32.7303370786519 30 29.5393258426954 32.4044943820208 29.6741573033691 26.3876404494331 20.5000000000009 26.8651685393262 29.3258426966301 27.8651685393262 19.1348314606738 16.8651685393262 22.2696629213477 21.5955056179787 20.5 20 19.5 18.3651685393262 15 19.1348314606738 15.3651685393261 16.7303370786523 13.7303370786523 11.0955056179802 18.8651685393262 16.6741573033693 17.3651685393262 20.7303370786523
22.3258426966291 26.1629213483146 28 16.8258426966291 7.66292134831454 16.3146067415726 14.8146067415728 22.4775280898871 21.8370786516855 26.3370786516855 24.1629213483145 17.9887640449432 19.5112359550566 17.4887640449431 21.8370786516855 31.0112359550564 26.3370786516855 20.6629213483141 16.0112359550562 18.1629213483145 15.6741573033709 20 19.8370786516853 19.8258426966289 22.325842696629 19.8146067415725 19.8146067415727 10.1404494382018 22.5000000000004 19.5112359550562 35.1741573033706 30.8483146067416 29.8370786516855 29.5112359550564 30.1629213483141 28.5112359550564 34.5224719101128 25.6516853932565 32.3146067415727 34.0000000000034 25.1404494382018 20.4999999999998 17.5112359550564 16.9887640449436 21.3370786516863 23.6629213483145 16.0112359550564 16.1629213483145 25.1741573033709 22.3258426966291 16.1741573033709 22.1629213483138 11.8370786516855 15.3258426966291 18.4999999999994 16.6741573033709 10.1629213483138 34.3370786516855 22.6629213483145
28.1910112359542 24.0449438202239 27.8820224719109 22.5 15.3820224719105 21.2640449438212 22.9269662921344 24.7808988764034 21.735955056179 15 16.8820224719105 23.8820224719103 18.6179775280892 18.6910112359554 21.264044943821 24.3820224719105 17.8820224719105 19.0000000000004 17.1179775280893 16.9269662921341 17.6179775280895 16.5730337078657 20.3820224719105 16.3820224719111 22.5000000000002 19.0000000000002 11.3820224719105 15.9269662921343 18.0000000000002 28.6910112359555 27.4550561797764 32.6910112359552 24 29.3089887640447 30.4999999999996 28.3089887640444 30.1179775280889 27.6910112359547 33.235955056179 25.0449438202239 27.6910112359552 16.6179775280896 19.3089887640447 16 18.8820224719111 19.5 18.3089887640448 22 17.9269662921343 17.8089887640444 15.3089887640448 18.1910112359554 17.1910112359552 25.9269662921343 18.5730337078663 11.8089887640448 16.6910112359555 16.6910112359552 13.3820224719105
25.1853932584269 26.6235955056184 24.5000000000004 23.2191011235955 16 19.1235955056179 16.5 19.5955056179782 16.8426966292134 19.2808988764045 17.7191011235955 20.0617977528087 28.7191011235953 18.6573033707862 18.2808988764045 25.3426966292134 26.6573033707866 20.5617977528088 17.1573033707871 15.5000000000002 18.9382022471911 16.2191011235955 22.3146067415727 16.719101123596 18.1235955056185 17.5617977528094 14.7191011235955 16.7191011235955 15.7808988764043 34.4999999999996 31.9382022471913 21.4382022471912 31 29.7191011235955 26.5617977528086 31.6235955056181 23.4044943820223 32.4382022471911 30.3426966292134 15.2808988764056 22.2191011235955 17.8426966292134 16.5 19.7191011235955 14.5000000000006 14.1573033707866 15.1235955056179 15.4382022471911 14 16.5617977528099 17 12.3426966292123 15 25.1235955056179 19.7808988764048 23.3426966292134 27.0617977528106 21.7191011235955 21.7808988764045
13.505617977528 14.7359550561802 23.2471910112362 26.752808988764 24.005617977528 11 18.7584269662918 21.4999999999998 26.5112359550559 14.505617977528 15.752808988764 20.5112359550557 25.2471910112359 15.7584269662923 15.005617977528 18.505617977528 17.9887640449441 25.994382022472 23.2752808988755 17.494382022472 15.747191011236 15.505617977528 20.0000000000004 20.5112359550564 16.7528089887637 19.5000000000002 11.752808988764 19.505617977528 14.4943820224729 31.0000000000002 27.4943820224714 30.0000000000002 31.252808988764 27.994382022472 30.7584269662922 26.9999999999996 25.0112359550559 22.7471910112347 32.494382022472 11.7471910112358 12.752808988764 16.7528089887641 15.747191011236 18.247191011236 15.505617977528 17.252808988764 13.252808988764 12.5 17.005617977528 16.994382022472 10.994382022472 8.75280898876377 22.005617977528 15.252808988764 24.7584269662916 19.005617977528 22.4999999999996 11.494382022472 16
24.724719101123 27.4494382022466 23.7247191011227 25.5 23.2752808988767 17.7247191011228 23.3258426966302 20.1741573033698 22.8988764044932 25.2752808988767 18.5505617977534 24.3764044943834 17.5505617977534 16.8258426966303 19.8258426966301 28.0505617977534 23.5505617977534 26.3483146067407 16.7247191011234 18.2247191011234 18.2752808988767 18.5 18.3258426966303 18.7247191011232 14.7752808988766 16.2752808988768 20.4494382022466 17 28.8764044943838 25.2247191011236 24.6011235955066 30 30.4494382022466 29.7752808988767 25.8988764044924 27.601123595507 26.5505617977534 21.7247191011247 19.3258426966301 15.8764044943833 16.9494382022466 16.1741573033698 17.8988764044932 15 14.5000000000006 15.5 16 13.7752808988767 17.2752808988767 14.7977528089828 12.7752808988767 6.67415730336972 12.2752808988767 11.0505617977534 10.3258426966298 15.6741573033699 10.4999999999996 16.5 14.7247191011233
22.1966292134832 21.6966292134834 21.1067415730331 22.893258426967 21 15.4999999999997 19.893258426967 24.1067415730333 24.1235955056157 16.6966292134835 20.4101123595496 23.1235955056154 18.5 19.4101123595499 16.4101123595496 21.393258426967 23.5730337078678 22.6067415730328 15.4999999999992 15.6966292134835 17.606741573033 15.3033707865165 15.606741573033 17.6966292134833 17.5898876404509 15.3033707865167 12.6797752809009 16.7134831460661 14.6067415730325 28.1067415730328 31 27.0168539325827 27.1966292134835 27.6966292134835 30.1966292134828 23.6966292134834 22.0000000000004 37.3033707865164 29.106741573033 15.3033707865163 15.1966292134835 16.6067415730333 16.3033707865165 16.3202247190991 16.8033707865163 13.106741573033 12 14 18.8033707865165 10.8932584269682 7.60674157303305 11.0000000000005 8.19662921348348 10.1966292134835 10.3033707865156 19.606741573033 18.6235955056153 22.6966292134835 16.7865168539339
11.1685393258426 19 16.8426966292138 22.1685393258428 19 18.3314606741573 16.9887640449432 24.0000000000003 21.1741573033712 20.1741573033712 16.6741573033712 26.3370786516859 16.8314606741574 17.4999999999998 14 22.6685393258428 33.1629213483144 14.5112359550574 17.3314606741573 17.3258426966285 7.8314606741572 13.3314606741572 15.4943820224709 11.8314606741573 14.6741573033715 14.8370786516858 13.842696629214 25.0056179775284 18.6685393258425 23.4943820224717 33.4943820224717 26.3370786516855 26.1685393258428 27.1629213483144 25.5000000000004 21.168539325843 25.0000000000004 29.1685393258425 22.1629213483144 15.4999999999996 13.1629213483144 18.3370786516856 15.3258426966288 16.9943820224716 11.6629213483123 15.5 15 14.3314606741572 7.5 6.33146067415777 6.83707865168559 8.16292134831483 8.00561797752839 9 15.6573033707856 20 23.6685393258417 19.9943820224716 21.5
14.8595505617972 16.0000000000003 21.2808988764053 20.2191011235947 19.7022471910133 19.3595505617972 18.921348314608 11.7808988764052 16.0617977528107 18 22.7808988764053 22.359550561798 22.2191011235945 19.3595505617976 12.6404494382027 28.4831460674187 29.2191011235947 15.8595505617967 14.8595505617977 15.4213483146081 12.2808988764053 10.1404494382027 15.7808988764051 9.78089887640511 18.3595505617972 16 16.7977528089867 24.2808988764053 22.3595505617962 25.8426966292164 32.6404494382025 32.0000000000005 29.157303370784 24.2191011235947 23.9999999999994 24.9213483146085 26.6404494382029 24.6404494382038 21 19.2808988764059 15.8595505617973 16.4213483146078 11.6404494382027 16.7191011235947 14.2977528089865 13.2191011235947 12.2808988764053 11.8595505617973 6 5.78089887640495 7.14044943820266 5.1404494382034 8.07865168539201 17.5 15 20.2808988764053 22.0000000000002 15 -9999
23.2752808988763 16.174157303369 14.0617977528082 24 22.5 14.5000000000002 22.8876404494385 21.2247191011227 15.7752808988769 20.2247191011231 26.0505617977539 25.5617977528076 23.3370786516847 15.3876404494385 10.7247191011231 24.8876404494385 20.3876404494385 15.3876404494387 18.6123595505618 8 9.72471910112307 9 9.11235955056163 15.4999999999998 16.9999999999999 21.2247191011234 22.8370786516846 22.3876404494385 30.3876404494379 24.3258426966311 23.2752808988775 30.1123595505623 23.8876404494385 33 21.5000000000004 21.3876404494383 28.0617977528073 20.7752808988783 17.6123595505615 14.6629213483148 13.7247191011231 12.6123595505617 12.5 13.6741573033692 11.612359550562 11.8876404494385 7.11235955056153 8.5 9.38764044943847 7.22471910112345 7.5 8.27528089887736 20.6629213483154 19.7247191011231 22.5000000000006 22 15.9999999999998 -9999 -9999
