rasters/Mali_bio12.asc
NCOLS 198 
NROWS 178 
XLLCORNER -12.264130412 
YLLCORNER 10.140054014 
CELLSIZE 0.0833321619545454 
NODATA_value -3.4e+38 
[rows 102 to 135 of 178, columns 77 to 153 of 198]
-3.4e+38 -3.4e+38 -3.4e+38 193 194 192 192 193 192 191 190 190 188 187 188 188 187 185 185 183 183 185 184 184 184 198 190 191 195 200 206 212 217 220 216 208 203 199 195 192 190 187 184 182 181 182 180 178 177 178 178 176 176 177 173 176 179 174 177 177 176 174 171 169 170 167 166 166 164 164 164 164 166 167 168 168 169
-3.4e+38 -3.4e+38 -3.4e+38 -3.4e+38 -3.4e+38 201 202 202 200 199 199 198 199 194 195 194 195 193 192 193 193 193 193 190 190 192 195 199 201 208 215 225 238 236 227 221 214 208 205 200 198 194 194 193 190 189 189 185 184 185 185 185 184 182 179 181 184 185 184 182 181 181 178 177 175 171 171 171 172 170 168 168 168 170 173 174 174
-3.4e+38 -3.4e+38 -3.4e+38 -3.4e+38 -3.4e+38 -3.4e+38 209 209 207 208 208 209 207 204 203 205 205 204 201 201 200 199 200 193 198 188 198 204 207 214 222 230 241 240 236 228 220 217 213 210 207 204 202 201 199 198 195 196 194 194 195 194 192 192 188 188 192 192 191 188 187 186 185 182 181 178 176 175 178 182 173 175 176 177 178 180 179
-3.4e+38 -3.4e+38 -3.4e+38 -3.4e+38 -3.4e+38 -3.4e+38 218 217 218 217 216 216 215 214 214 211 211 210 209 209 207 206 206 198 209 200 206 210 214 221 226 233 241 241 237 233 228 224 222 226 221 214 212 212 211 210 206 204 205 202 204 202 203 201 198 192 196 197 198 192 191 191 188 187 185 183 179 178 178 180 180 182 181 181 184 184 184
-3.4e+38 -3.4e+38 -3.4e+38 -3.4e+38 -3.4e+38 227 228 227 224 225 224 223 224 223 220 220 220 216 218 219 217 216 216 214 208 209 212 215 221 226 231 237 240 244 240 239 236 235 243 236 226 224 223 219 219 219 215 212 213 214 216 213 210 208 206 201 201 202 201 198 198 195 195 193 190 187 184 182 183 185 191 188 186 185 188 188 189
-3.4e+38 -3.4e+38 -3.4e+38 -3.4e+38 -3.4e+38 237 237 237 236 236 236 233 234 231 232 228 230 230 226 227 225 227 226 223 221 221 222 226 228 232 237 242 244 245 257 255 254 260 251 237 235 232 231 231 228 230 226 220 224 224 221 218 217 215 211 211 209 208 206 208 204 202 201 199 196 193 188 188 190 190 193 199 195 194 193 196 196
-3.4e+38 -3.4e+38 -3.4e+38 -3.4e+38 -3.4e+38 246 245 245 245 244 242 241 237 237 242 241 239 237 236 237 235 240 238 237 232 230 232 232 235 238 243 246 248 250 252 252 261 260 256 245 244 243 240 240 239 238 235 234 235 233 228 227 226 223 221 221 220 219 216 214 215 213 207 203 201 198 197 194 193 194 197 196 198 200 202 204 202
-3.4e+38 -3.4e+38 -3.4e+38 -3.4e+38 -3.4e+38 257 256 257 256 251 249 247 245 245 246 247 247 248 246 246 250 250 250 247 243 241 241 241 251 261 266 267 265 273 275 282 270 278 262 258 255 252 250 249 246 245 243 243 243 240 240 237 235 233 229 228 230 228 226 225 222 221 216 213 210 207 204 206 204 202 205 204 207 209 211 211 212
-3.4e+38 -3.4e+38 -3.4e+38 -3.4e+38 -3.4e+38 270 268 267 262 262 259 257 253 259 262 261 255 252 254 257 257 262 261 256 253 252 256 256 256 258 267 267 281 280 280 275 270 266 264 264 264 262 261 259 258 256 257 254 257 253 250 247 243 241 237 241 239 240 239 234 229 227 225 222 220 217 215 214 213 213 211 212 215 217 218 219 219
-3.4e+38 -3.4e+38 -3.4e+38 -3.4e+38 285 281 277 274 272 268 265 278 281 278 277 271 265 262 276 275 268 271 266 267 265 265 263 265 266 269 284 275 276 275 275 272 274 275 276 276 276 276 273 276 274 270 268 263 261 262 260 258 254 253 252 253 246 247 249 245 240 236 231 231 230 226 225 222 223 224 224 223 222 224 227 231 225
-3.4e+38 -3.4e+38 -3.4e+38 -3.4e+38 294 289 286 279 276 275 275 281 277 274 269 269 268 276 273 276 278 282 275 277 276 277 276 276 276 277 282 283 284 284 286 285 285 287 289 290 291 288 284 281 278 281 278 277 274 270 271 271 266 266 264 263 260 257 256 250 249 245 245 238 236 235 233 230 231 229 228 230 231 232 232 242 234
-3.4e+38 -3.4e+38 -3.4e+38 -3.4e+38 301 296 291 286 286 282 279 280 278 277 277 277 276 280 285 289 286 293 287 285 287 286 286 289 289 290 294 294 296 298 299 301 299 298 300 300 297 294 292 290 289 288 284 287 287 286 284 282 279 278 273 270 267 264 263 260 254 253 248 245 243 242 240 238 238 236 237 238 238 239 240 240 240
304 306 308 309 306 304 298 293 292 288 286 285 285 284 283 286 288 289 292 300 297 304 293 293 296 295 299 302 303 304 306 308 312 317 316 318 316 315 314 312 310 306 305 300 300 299 297 295 292 295 296 289 286 280 278 274 274 270 267 265 262 263 256 254 252 250 246 245 245 244 245 244 245 246 247 247 245
315 315 315 314 312 309 305 301 297 296 293 293 292 293 293 295 298 296 298 302 309 305 306 307 307 314 316 317 316 317 322 326 324 330 337 338 330 326 331 327 321 319 316 314 310 309 307 307 303 303 301 294 290 288 283 281 279 277 276 274 275 274 271 267 263 260 257 255 255 256 254 255 253 255 255 255 252
322 321 322 318 316 316 311 309 305 300 299 298 299 298 301 304 304 301 303 305 311 312 326 322 324 330 335 336 337 336 339 352 343 343 348 353 349 346 342 338 331 331 328 325 322 320 319 317 313 315 308 303 303 296 294 292 290 288 287 284 279 280 279 278 276 273 269 267 263 263 260 261 259 258 265 260 260
330 329 327 324 322 320 317 315 311 308 307 306 304 306 307 309 311 308 306 312 321 321 339 340 345 345 349 347 349 350 353 364 360 363 370 367 369 366 360 363 365 345 340 337 334 332 329 326 324 318 317 313 311 309 304 304 301 298 294 293 291 288 283 286 283 282 280 276 273 270 268 268 267 265 265 263 264
337 336 335 331 327 326 325 320 319 316 312 310 310 313 314 315 315 319 322 331 337 340 349 345 358 361 360 358 360 365 365 376 378 381 384 396 396 391 377 368 362 358 353 351 347 342 337 337 333 331 329 326 323 319 314 312 309 306 303 300 299 296 293 291 292 290 291 286 283 280 277 274 274 275 273 272 274
350 350 345 341 341 336 331 326 326 322 322 320 319 318 319 321 325 331 336 347 351 356 355 364 369 370 368 371 377 380 391 391 395 397 401 397 397 391 385 378 371 367 364 360 353 350 344 343 340 339 334 331 328 324 321 321 319 313 312 312 307 -3.4e+38 -3.4e+38 -3.4e+38 -3.4e+38 295 -3.4e+38 -3.4e+38 293 292 291 286 281 280 283 280 279
363 358 355 352 346 341 336 335 333 332 330 327 326 324 330 334 337 343 353 357 363 368 372 376 382 381 383 385 386 399 410 418 414 411 417 415 408 405 394 389 383 374 372 367 362 359 353 352 348 346 343 341 339 335 334 331 328 325 323 -3.4e+38 -3.4e+38 -3.4e+38 -3.4e+38 -3.4e+38 -3.4e+38 -3.4e+38 -3.4e+38 -3.4e+38 -3.4e+38 -3.4e+38 -3.4e+38 292 291 -3.4e+38 -3.4e+38 -3.4e+38 -3.4e+38
373 371 369 362 357 350 347 341 344 344 341 338 336 339 342 346 350 353 362 370 375 387 383 385 388 390 393 400 417 425 426 426 423 425 429 426 419 414 403 401 398 389 383 380 374 369 366 364 360 356 354 351 348 346 344 340 340 338 -3.4e+38 -3.4e+38 -3.4e+38 -3.4e+38 -3.4e+38 -3.4e+38 -3.4e+38 -3.4e+38 -3.4e+38 -3.4e+38 -3.4e+38 -3.4e+38 -3.4e+38 -3.4e+38 -3.4e+38 -3.4e+38 -3.4e+38 -3.4e+38 -3.4e+38
388 387 384 377 371 367 357 356 357 358 358 356 354 354 358 360 361 366 374 380 389 396 393 397 397 411 417 423 428 434 442 441 442 436 433 430 426 420 414 409 402 396 390 386 380 375 372 368 364 362 361 358 358 354 352 352 353 -3.4e+38 -3.4e+38 -3.4e+38 -3.4e+38 -3.4e+38 -3.4e+38 -3.4e+38 -3.4e+38 -3.4e+38 -3.4e+38 -3.4e+38 -3.4e+38 -3.4e+38 -3.4e+38 -3.4e+38 -3.4e+38 -3.4e+38 -3.4e+38 -3.4e+38 -3.4e+38
404 402 399 391 387 382 375 372 373 375 376 373 370 371 372 373 374 379 388 392 410 403 406 406 411 415 422 433 436 443 450 450 448 439 440 435 432 428 422 415 411 404 396 394 388 383 381 379 377 374 371 369 367 362 -3.4e+38 -3.4e+38 -3.4e+38 -3.4e+38 -3.4e+38 -3.4e+38 -3.4e+38 -3.4e+38 -3.4e+38 -3.4e+38 -3.4e+38 -3.4e+38 -3.4e+38 -3.4e+38 -3.4e+38 -3.4e+38 -3.4e+38 -3.4e+38 -3.4e+38 -3.4e+38 -3.4e+38 -3.4e+38 -3.4e+38
418 417 414 408 404 400 396 393 392 394 395 392 389 389 389 388 390 392 403 409 411 413 415 418 422 426 439 441 445 455 456 453 444 444 442 440 438 433 429 424 419 414 408 403 400 396 395 389 383 381 377 375 -3.4e+38 -3.4e+38 -3.4e+38 -3.4e+38 -3.4e+38 -3.4e+38 -3.4e+38 -3.4e+38 -3.4e+38 -3.4e+38 -3.4e+38 -3.4e+38 -3.4e+38 -3.4e+38 -3.4e+38 -3.4e+38 -3.4e+38 -3.4e+38 -3.4e+38 -3.4e+38 -3.4e+38 -3.4e+38 -3.4e+38 -3.4e+38 -3.4e+38
438 435 429 424 420 417 416 413 413 415 414 413 411 408 405 405 406 410 414 424 418 424 424 426 432 441 449 453 458 462 461 452 451 449 449 448 443 439 437 432 427 423 417 415 410 404 400 397 394 392 390 -3.4e+38 -3.4e+38 -3.4e+38 -3.4e+38 -3.4e+38 -3.4e+38 -3.4e+38 -3.4e+38 -3.4e+38 -3.4e+38 -3.4e+38 -3.4e+38 -3.4e+38 -3.4e+38 -3.4e+38 -3.4e+38 -3.4e+38 -3.4e+38 -3.4e+38 -3.4e+38 -3.4e+38 -3.4e+38 -3.4e+38 -3.4e+38 -3.4e+38 -3.4e+38
457 452 447 441 438 435 431 432 430 434 443 439 431 425 421 418 420 424 431 439 425 434 437 441 443 450 453 460 463 471 464 458 459 458 458 453 451 448 447 442 436 432 428 423 418 413 -3.4e+38 -3.4e+38 -3.4e+38 -3.4e+38 -3.4e+38 -3.4e+38 -3.4e+38 -3.4e+38 -3.4e+38 -3.4e+38 -3.4e+38 -3.4e+38 -3.4e+38 -3.4e+38 -3.4e+38 -3.4e+38 -3.4e+38 -3.4e+38 -3.4e+38 -3.4e+38 -3.4e+38 -3.4e+38 -3.4e+38 -3.4e+38 -3.4e+38 -3.4e+38 -3.4e+38 -3.4e+38 -3.4e+38 -3.4e+38 -3.4e+38
477 471 467 460 455 449 448 446 448 448 457 454 445 441 436 435 434 442 435 441 436 443 451 455 455 458 461 466 473 476 469 469 466 466 468 464 462 458 455 448 444 440 435 432 427 425 -3.4e+38 -3.4e+38 -3.4e+38 -3.4e+38 -3.4e+38 -3.4e+38 -3.4e+38 -3.4e+38 -3.4e+38 -3.4e+38 -3.4e+38 -3.4e+38 -3.4e+38 -3.4e+38 -3.4e+38 -3.4e+38 -3.4e+38 -3.4e+38 -3.4e+38 -3.4e+38 -3.4e+38 -3.4e+38 -3.4e+38 -3.4e+38 -3.4e+38 -3.4e+38 -3.4e+38 -3.4e+38 -3.4e+38 -3.4e+38 -3.4e+38
499 491 485 477 471 466 462 464 462 461 462 461 457 454 454 457 457 453 449 454 450 456 459 465 470 474 479 481 487 480 479 476 475 474 475 474 470 466 464 461 455 449 445 444 438 434 -3.4e+38 -3.4e+38 -3.4e+38 -3.4e+38 -3.4e+38 -3.4e+38 -3.4e+38 -3.4e+38 -3.4e+38 -3.4e+38 -3.4e+38 -3.4e+38 -3.4e+38 -3.4e+38 -3.4e+38 -3.4e+38 -3.4e+38 -3.4e+38 -3.4e+38 -3.4e+38 -3.4e+38 -3.4e+38 -3.4e+38 -3.4e+38 -3.4e+38 -3.4e+38 -3.4e+38 -3.4e+38 -3.4e+38 -3.4e+38 -3.4e+38
517 514 503 495 487 482 477 475 475 473 472 475 476 475 471 463 465 460 461 462 470 466 474 483 487 493 496 496 495 494 487 487 487 485 483 481 476 474 473 -3.4e+38 -3.4e+38 -3.4e+38 -3.4e+38 455 446 442 -3.4e+38 -3.4e+38 -3.4e+38 -3.4e+38 -3.4e+38 -3.4e+38 -3.4e+38 -3.4e+38 -3.4e+38 -3.4e+38 -3.4e+38 -3.4e+38 -3.4e+38 -3.4e+38 -3.4e+38 -3.4e+38 -3.4e+38 -3.4e+38 -3.4e+38 -3.4e+38 -3.4e+38 -3.4e+38 -3.4e+38 -3.4e+38 -3.4e+38 -3.4e+38 -3.4e+38 -3.4e+38 -3.4e+38 -3.4e+38 -3.4e+38
537 531 525 514 503 494 489 487 494 499 493 488 485 483 481 477 477 476 473 482 475 481 490 496 504 504 504 509 507 502 498 498 495 494 492 489 485 484 -3.4e+38 -3.4e+38 -3.4e+38 -3.4e+38 -3.4e+38 -3.4e+38 -3.4e+38 -3.4e+38 -3.4e+38 -3.4e+38 -3.4e+38 -3.4e+38 -3.4e+38 -3.4e+38 -3.4e+38 -3.4e+38 -3.4e+38 -3.4e+38 -3.4e+38 -3.4e+38 -3.4e+38 -3.4e+38 -3.4e+38 -3.4e+38 -3.4e+38 -3.4e+38 -3.4e+38 -3.4e+38 -3.4e+38 -3.4e+38 -3.4e+38 -3.4e+38 -3.4e+38 -3.4e+38 -3.4e+38 -3.4e+38 -3.4e+38 -3.4e+38 -3.4e+38
559 553 545 531 516 505 501 502 503 504 503 502 502 498 495 492 495 493 488 492 493 499 506 512 511 516 516 520 520 514 513 507 504 501 502 498 -3.4e+38 -3.4e+38 -3.4e+38 -3.4e+38 -3.4e+38 -3.4e+38 -3.4e+38 -3.4e+38 -3.4e+38 -3.4e+38 -3.4e+38 -3.4e+38 -3.4e+38 -3.4e+38 -3.4e+38 -3.4e+38 -3.4e+38 -3.4e+38 -3.4e+38 -3.4e+38 -3.4e+38 -3.4e+38 -3.4e+38 -3.4e+38 -3.4e+38 -3.4e+38 -3.4e+38 -3.4e+38 -3.4e+38 -3.4e+38 -3.4e+38 -3.4e+38 -3.4e+38 -3.4e+38 -3.4e+38 -3.4e+38 -3.4e+38 -3.4e+38 -3.4e+38 -3.4e+38 -3.4e+38
587 578 563 552 541 528 524 524 522 523 521 521 519 515 514 513 516 515 508 509 512 517 522 524 525 527 528 529 530 528 523 517 513 510 509 507 -3.4e+38 -3.4e+38 -3.4e+38 -3.4e+38 -3.4e+38 -3.4e+38 -3.4e+38 -3.4e+38 -3.4e+38 -3.4e+38 -3.4e+38 -3.4e+38 -3.4e+38 -3.4e+38 -3.4e+38 -3.4e+38 -3.4e+38 -3.4e+38 -3.4e+38 -3.4e+38 -3.4e+38 -3.4e+38 -3.4e+38 -3.4e+38 -3.4e+38 -3.4e+38 -3.4e+38 -3.4e+38 -3.4e+38 -3.4e+38 -3.4e+38 -3.4e+38 -3.4e+38 -3.4e+38 -3.4e+38 -3.4e+38 -3.4e+38 -3.4e+38 -3.4e+38 -3.4e+38 -3.4e+38
615 611 609 596 570 556 551 547 545 543 541 539 536 530 529 547 539 528 526 528 529 529 532 537 540 538 541 541 541 537 536 528 523 521 517 -3.4e+38 -3.4e+38 -3.4e+38 -3.4e+38 -3.4e+38 -3.4e+38 -3.4e+38 -3.4e+38 -3.4e+38 -3.4e+38 -3.4e+38 -3.4e+38 -3.4e+38 -3.4e+38 -3.4e+38 -3.4e+38 -3.4e+38 -3.4e+38 -3.4e+38 -3.4e+38 -3.4e+38 -3.4e+38 -3.4e+38 -3.4e+38 -3.4e+38 -3.4e+38 -3.4e+38 -3.4e+38 -3.4e+38 -3.4e+38 -3.4e+38 -3.4e+38 -3.4e+38 -3.4e+38 -3.4e+38 -3.4e+38 -3.4e+38 -3.4e+38 -3.4e+38 -3.4e+38 -3.4e+38 -3.4e+38
646 663 647 632 613 595 581 572 569 566 562 558 551 551 551 564 555 551 551 546 545 547 550 552 554 551 552 553 550 547 543 536 533 526 526 -3.4e+38 -3.4e+38 -3.4e+38 -3.4e+38 -3.4e+38 -3.4e+38 -3.4e+38 -3.4e+38 -3.4e+38 -3.4e+38 -3.4e+38 -3.4e+38 -3.4e+38 -3.4e+38 -3.4e+38 -3.4e+38 -3.4e+38 -3.4e+38 -3.4e+38 -3.4e+38 -3.4e+38 -3.4e+38 -3.4e+38 -3.4e+38 -3.4e+38 -3.4e+38 -3.4e+38 -3.4e+38 -3.4e+38 -3.4e+38 -3.4e+38 -3.4e+38 -3.4e+38 -3.4e+38 -3.4e+38 -3.4e+38 -3.4e+38 -3.4e+38 -3.4e+38 -3.4e+38 -3.4e+38 -3.4e+38
701 702 693 675 652 630 613 598 589 586 580 574 573 570 576 593 576 572 572 565 562 566 572 574 571 567 567 566 563 556 554 549 543 537 536 -3.4e+38 -3.4e+38 -3.4e+38 -3.4e+38 -3.4e+38 -3.4e+38 -3.4e+38 -3.4e+38 -3.4e+38 -3.4e+38 -3.4e+38 -3.4e+38 -3.4e+38 -3.4e+38 -3.4e+38 -3.4e+38 -3.4e+38 -3.4e+38 -3.4e+38 -3.4e+38 -3.4e+38 -3.4e+38 -3.4e+38 -3.4e+38 -3.4e+38 -3.4e+38 -3.4e+38 -3.4e+38 -3.4e+38 -3.4e+38 -3.4e+38 -3.4e+38 -3.4e+38 -3.4e+38 -3.4e+38 -3.4e+38 -3.4e+38 -3.4e+38 -3.4e+38 -3.4e+38 -3.4e+38 -3.4e+38
