rasters/Mali_CLYPPT_M_sl2_250m_ll.asc
NCOLS 198 
NROWS 178 
XLLCORNER -12.264130412 
YLLCORNER 10.140054014 
CELLSIZE 0.0833321619545454 
NODATA_value -9999 
[rows 78 to 103 of 178, columns 59 to 117 of 198]
-9999 -9999 -9999 -9999 -9999 -9999 -9999 -9999 -9999 -9999 -9999 -9999 -9999 -9999 -9999 -9999 -9999 -9999 9 8.08988764045248 7 10.5 7.91011235954752 9.95505617977374 10.0449438202263 7.45505617977395 9.54494382022624 7.04494382022624 10.0898876404525 8.54494382022644 8.08988764045287 9.4101123595473 9.54494382022624 11 7.08988764045256 8.0898876404521 9 8.00000000000155 7.04494382022624 5.13483146067869 7.04494382022624 8.86516853932125 6.04494382022624 8 6 6.95505617977376 4 8 6.45505617977376 7.41011235954837 6 7.91011235954752 5.54494382022624 7 6.50000000000052 6.95505617977376 9 5.45505617977376 9
-9999 -9999 -9999 -9999 -9999 -9999 -9999 -9999 -9999 -9999 -9999 -9999 -9999 -9999 -9999 -9999 -9999 -9999 8.9831460674157 8.03370786516862 7 7 9 9.5168539325841 8.01685393258432 9.5168539325845 10 7.53370786516862 9.93258426966277 8.01685393258432 8.96629213483178 8.50000000000018 9.98314606741569 9.5 9.05056179775291 10.4831460674159 10.5168539325841 6 6.48314606741569 5 4 8.46629213483158 5.98314606741569 9.98314606741569 6.01685393258429 6.48314606741569 6.48314606741569 7.5 6.5 7 5 9.01685393258429 6.48314606741569 6 7.00000000000124 8.5 7.4831460674161 7 8
-9999 -9999 -9999 -9999 -9999 -9999 -9999 -9999 -9999 -9999 -9999 -9999 -9999 -9999 -9999 -9999 -9999 -9999 9.01123595505594 8.98876404494407 6.04494382022376 9.5 10.0112359550559 9.48876404494385 9.97752808988812 9.01123595505594 16.4887640449441 14 9.48876404494447 10.5224719101117 9.51123595505573 9.01123595505594 9.48876404494406 8.02247191011188 9.50000000000043 11.0112359550559 11.4887640449443 10 7.03370786516782 4.46629213483176 6.48876404494406 5.4999999999998 9.01123595505594 8.51123595505594 7 6 6.02247191011188 6 8 6.48876404494323 6.97752808988812 8.98876404494405 12.5 11.5112359550559 15.4775280898939 9.1123595505594 10.0224719101119 11.5561797752797 9.02247191011188
-9999 -9999 -9999 -9999 -9999 -9999 -9999 -9999 -9999 -9999 -9999 -9999 -9999 -9999 -9999 -9999 -9999 -9999 7.50000000000021 7.11797752808864 8.03932584269622 10.4606741573038 15.7640449438229 14.9213483146076 15.1179775280887 11.9606741573038 10 17 9.50000000000043 9.46067415730362 10.9606741573038 9.1966292134812 8.53932584269622 8.96067415730378 9 8.53932584269599 10 13.8426966292151 5 6.61797752808904 8.5 9.0393258426962 7.53932584269622 7 6.53932584269563 5.5 9 5.15730337078487 9.53932584269622 9 8.5 11.5000000000004 11.0393258426962 11.9606741573038 8.46067415730319 7.5 11 11 8.07865168539243
-9999 -9999 -9999 -9999 -9999 -9999 -9999 -9999 -9999 -9999 -9999 -9999 -9999 -9999 -9999 -9999 -9999 -9999 -9999 19.0674157303374 18.4325842696627 16.7696629213494 15 16.067415730337 16 16.5674157303375 18.1348314606747 16.1348314606747 15 9.43258426966284 10.9325842696627 9.06741573033732 6.63483146067469 9.43258426966265 8.43258426966302 9 11 11.9325842696628 10 9.43258426966229 9.5 9.56741573033716 10.797752808988 9 9 7.36516853932531 8.70224719101204 11.1348314606747 11 10.0674157303375 8.93258426966265 10.8651685393246 9.20224719101204 8.13483146067469 8.29775280898741 10.3651685393253 7.86516853932531 8.20224719101204 6.13483146067469
-9999 -9999 -9999 -9999 -9999 -9999 -9999 -9999 -9999 -9999 -9999 -9999 -9999 -9999 -9999 -9999 -9999 -9999 -9999 19.1910112359552 18 20 19 18.4044943820222 19.0955056179776 20.8089887640448 19.5955056179776 19 11.6910112359555 12.5000000000001 11.8089887640448 12 11.0955056179776 12.3089887640448 13.5955056179773 13.2134831460673 11.5000000000002 13.4999999999991 12 9.40449438202203 10.8089887640448 11 9.30898876404475 9.40449438202238 8.80898876404475 9 9.5 9 9.90449438202238 9.90449438202116 10 8.19101123595525 8.40449438202238 10.9044943820224 9.49999999999936 10.5 8 8.90449438202238 9.5
-9999 -9999 -9999 -9999 -9999 -9999 -9999 -9999 -9999 -9999 -9999 -9999 -9999 -9999 -9999 -9999 -9999 -9999 -9999 18 18.6235955056179 21.5 15.7528089887636 13.8764044943825 18.6235955056177 18.5000000000002 18.8764044943821 20.8764044943821 18.8820224719095 17.6235955056177 10.4943820224717 12.3764044943823 11.1235955056179 12 13.5000000000002 14.1235955056175 11.876404494382 11.2528089887633 11.8764044943821 11.3764044943816 9.7471910112358 10.3764044943823 10.3764044943821 11.1292134831463 10.5000000000006 10.6235955056179 10.1235955056179 9.1235955056179 8.3764044943821 8.2471910112358 9 7.37640449438263 9.5 9 9.37640449438258 10 9.62359550561758 11.3764044943821 7.5
-9999 -9999 -9999 -9999 -9999 -9999 -9999 -9999 -9999 -9999 -9999 -9999 -9999 -9999 -9999 -9999 -9999 -9999 -9999 13.6966292134819 14.6966292134819 14.651685393259 15 15 14.5168539325903 14.0449438202231 20.4382022471868 19.151685393259 18.8483146067408 11 10.8932584269638 11.6966292134818 12 12 11.1966292134818 10.6516853932589 12.3483146067411 10.4550561797773 12 11.6516853932587 13 12.6516853932592 12.9550561797771 9.5 12.1516853932592 10.151685393259 10.848314606741 11.1966292134819 9 9.65168539325844 10.6966292134819 8.8483146067411 5.65168539325903 6 6.84831460674116 7.69662921348194 6.34831460674127 7.39325842696388 9.15168539325903
-9999 -9999 -9999 -9999 -9999 -9999 -9999 -9999 -9999 -9999 -9999 -9999 -9999 -9999 -9999 -9999 -9999 -9999 -9999 14.6797752808994 13.6797752808993 13.5 14.6404494382014 15.5000000000002 14.8595505617984 14.7191011235972 15 19 15 13.8595505617984 18.101123595504 12 11.8595505617986 12.1797752808993 11.9606741573018 12.6404494382014 11.4999999999999 12.3202247191001 13.6797752808993 13 14.5 13.6797752808994 12.8202247191007 10.1404494382014 9.49999999999936 10.5 11 11 9.32022471910069 10.8595505617984 9.17977528089931 8.82022471910054 6.53932584269792 7.96067415730208 10.6404494382014 4.35955056179862 5.82022471910054 8 6.64044943820138
-9999 -9999 -9999 -9999 -9999 -9999 -9999 -9999 -9999 -9999 -9999 -9999 -9999 -9999 -9999 -9999 -9999 -9999 -9999 15.7921348314607 14 15.4157303370785 13.4157303370785 14.5842696629215 15.5000000000002 14.5842696629215 13.8764044943823 13.2921348314608 11.5842696629215 13.0842696629215 11.7078651685394 11.4157303370782 12.5 13.7078651685392 14.292134831461 13.5 13 11.2921348314603 13.7078651685392 14 8.41573033707846 10.2078651685393 10.4157303370785 11.1235955056177 12.0000000000005 13.2921348314608 10.2078651685392 6.5 4 7.70786516853873 9.37640449438231 6.29213483146102 7.12359550561769 7.29213483146077 5.7921348314605 8 8 4.79213483146077 8
-9999 -9999 -9999 -9999 -9999 -9999 -9999 -9999 -9999 -9999 -9999 -9999 -9999 -9999 -9999 -9999 -9999 -9999 -9999 14.9999999999996 12.7359550561803 14.9438202247212 14.9719101123606 15.5000000000002 15.7359550561802 14 14.9719101123606 14.2640449438197 13.7359550561801 13.9719101123609 12 12.2359550561802 12.5280898876394 13 13 12 11 14 12 11.7359550561805 13 12.292134831459 10.2640449438197 9 9.49999999999936 10.5 10 8.23595505618031 9.47191011236062 8.00000000000009 5.79213483145906 9.76404494381949 8.23595505618031 7.73595505618031 7 5.26404494381969 6.76404494381949 4 5
-9999 -9999 -9999 -9999 -9999 -9999 -9999 -9999 -9999 -9999 -9999 -9999 -9999 -9999 -9999 -9999 -9999 -9999 -9999 14.5 14 13.0280898876411 13.2359550561793 15.2640449438209 16.7359550561793 14.7359550561796 14.7640449438205 13.7359550561795 13.7640449438203 13.5000000000002 12.556179775282 12.4719101123589 12.7640449438205 13.9719101123589 12.5280898876411 12 13 10.2359550561782 12.7640449438205 13 13.4719101123589 10 10 10.5 9.97191011235828 8.73595505617946 10.0280898876411 9.5 9.73595505617946 12.9719101123589 11.7640449438205 11.2359550561788 6.76404494382054 5.52808988764108 6 6.23595505617946 7 4 4.23595505617946
-9999 -9999 -9999 -9999 -9999 -9999 -9999 -9999 -9999 -9999 -9999 -9999 -9999 -9999 -9999 -9999 -9999 -9999 -9999 15.2921348314606 17.2921348314608 14.7078651685392 15.3764044943816 17.2921348314605 14.2921348314606 14 15.5 17 13.7921348314609 14.4999999999998 14.7078651685394 12.4157303370785 11.7921348314608 12.5842696629215 11.0842696629211 12 11.5000000000002 11.7078651685387 12.2078651685392 10.2921348314605 11.8764044943823 12.2921348314606 10 10 9.29213483146114 10.3764044943823 12 10.7078651685392 8.5 8.29213483146027 10.1685393258431 8.12359550561794 9 8.79213483146077 7.58426966292154 12 7.66853932584386 4.29213483146077 4
-9999 -9999 -9999 -9999 -9999 -9999 -9999 -9999 -9999 -9999 -9999 -9999 -9999 -9999 -9999 -9999 -9999 -9999 -9999 -9999 17.140449438202 16.898876404495 18.8595505617981 16 16.7191011235963 15.3202247191009 14 13.719101123596 14.3202247191007 12.640449438202 9.99999999999985 13 12.820224719101 11.679775280899 11.6797752808987 11.5393258426971 11 13 11.320224719101 10.3202247191013 10.640449438202 9.82022471910092 9.320224719101 12.039325842697 12 10 9.719101123596 8 9.679775280899 9.17977528089931 10 9.49999999999957 8.640449438202 10.820224719101 5.82022471910123 7 8.17977528089885 7.820224719101 9
-9999 -9999 -9999 -9999 -9999 -9999 -9999 -9999 -9999 -9999 -9999 -9999 -9999 -9999 -9999 -9999 -9999 -9999 -9999 -9999 14.1516853932588 17.6516853932588 17.696629213483 17.0000000000003 16.8483146067413 15.4550561797764 14 11.8033707865175 11.1067415730364 12 10 12.044943820224 11.3483146067412 10.5 13 14.0449438202238 12.3483146067411 10.3483146067418 10 9.50000000000017 10 10 9.15168539325877 8.69662921348246 9.15168539325897 10.6966292134825 10.6516853932588 9.5 12.6516853932588 7.15168539325903 7.5 7.95505617977721 8.65168539325877 7.69662921348246 7.65168539325922 9.54494382022368 8 8.15168539325877 8.65168539325877
-9999 -9999 -9999 -9999 -9999 -9999 -9999 -9999 -9999 -9999 -9999 -9999 -9999 -9999 -9999 -9999 -9999 -9999 -9999 -9999 16.3764044943823 16.3764044943823 13.8707865168534 16.1292134831469 14.7528089887646 13.8764044943823 14 9.75280898876462 9.12359550561779 10.2528089887647 12 11.8764044943823 14.2528089887646 13.3764044943823 12.4999999999996 10.5000000000005 11.8764044943824 12 11.7528089887646 8.37078651685318 9.37078651685307 9 10.3764044943823 8 8.37640449438183 11.3820224719116 9.12359550561769 7 8 7.8764044943821 7.24719101123538 9 9 7.62359550561769 10.3764044943841 8.62921348314693 8.62921348314704 7.37640449438231 9.75280898876462
-9999 -9999 -9999 -9999 -9999 -9999 -9999 -9999 -9999 -9999 -9999 -9999 -9999 -9999 -9999 -9999 -9999 -9999 -9999 -9999 15.3820224719105 12.8820224719105 15.2865168539326 14.0955056179777 14.7134831460667 14 13.7865168539329 12.5 10.7865168539332 11.4999999999998 10.4044943820226 10.4044943820222 12 13.5955056179776 10.5000000000003 9.49999999999987 11 9.90449438202392 12.3089887640448 12.4999999999996 10.5 9.59550561797745 9.3820224719105 7.59550561797762 9.9044943820225 8.90449438202238 7.59550561797762 10 6.5 7.50000000000085 8.30898876404475 7.90449438202229 8.59550561797762 7.28651685393287 8.61797752808999 10.1910112359552 9.11797752808993 10.5955056179776 10.9044943820224
-9999 -9999 -9999 -9999 -9999 -9999 -9999 -9999 -9999 -9999 -9999 -9999 -9999 -9999 -9999 -9999 -9999 -9999 -9999 -9999 13.797752808988 12.7696629213494 15.7022471910124 13.0674157303373 12.7696629213492 12.5674157303372 12 11.797752808988 12 10 11.5000000000002 9.93258426966268 9.43258426966265 11.5 10.9325842696626 9.56741573033716 8.70224719101186 11.0674157303375 12.1348314606747 8.56741573033772 7.93258426966265 7.13483146067432 8 11.4325842696627 10.0674157303373 8.43258426966265 8 7.43258426966265 8.13483146067469 7 10.5674157303373 7.76966292134981 9.06741573033735 7.26966292134939 13.797752808988 8.36516853932531 9.13483146067469 8.86516853932531 8.93258426966265
-9999 -9999 -9999 -9999 -9999 -9999 -9999 -9999 -9999 -9999 -9999 -9999 -9999 -9999 -9999 -9999 -9999 -9999 -9999 -9999 13.5393258426962 12.4606741573038 12.9213483146068 13.5393258426964 8.11797752808864 11.5393258426964 10.5 10.9213483146076 11.5393258426966 9.61797752808846 10.460674157304 11 12 10.5 9.50000000000056 11 12.460674157304 8.539325842697 8 8.50000000000043 7.53932584269622 6.0393258426962 9.57865168539244 9.11797752808865 7.96067415730383 10.9606741573038 8 9.5 7.19662921348109 8.92134831460914 8.96067415730378 8.53932584269582 9.5 12.5 12.4213483146082 11 8.61797752808826 7.46067415730378 9.53932584269622
-9999 -9999 -9999 -9999 -9999 -9999 -9999 -9999 -9999 -9999 -9999 -9999 -9999 -9999 -9999 -9999 -9999 -9999 -9999 -9999 11.9775280898881 10.5337078651678 11.5000000000004 10.5000000000002 10 12.4887640449443 9.53370786516782 9 8.01123595505595 8.01123595505594 11 13.5112359550557 10.0224719101119 10.0561797752797 10 10 9.51123595505573 9.03370786516951 7.01123595505594 7.02247191011188 10 10.5224719101121 18.4662921348322 14.5786516853916 23.4999999999994 14.9887640449441 6 8.5 10.9887640449441 10.5000000000009 10.9887640449441 14 11.0112359550559 15.5224719101119 11.9887640449441 12.0112359550559 9.97752808988812 11 8.51123595505594
-9999 -9999 -9999 -9999 -9999 -9999 -9999 -9999 -9999 -9999 -9999 -9999 -9999 -9999 -9999 -9999 -9999 -9999 -9999 -9999 11.9662921348314 11.9662921348314 13.5168539325847 11.4999999999998 10.4831460674146 8.567415730337 9.46629213483138 11 11.4831460674161 13.4831460674159 9.0168539325843 12.9831460674157 10.5 10.5505617977529 10.9831460674149 9.51685393258453 10.5168539325845 8.06741573033723 9.48314606741569 11.5337078651682 28.5 26 27.0168539325843 10.0505617977529 15.4494382022465 9.48314606741569 9.51685393258431 10.5 10.5 10.5168539325835 11.4662921348314 12.4494382022475 14.9831460674157 10.5168539325843 13 10.0168539325843 10 19.0674157303372 -9999
-9999 -9999 -9999 -9999 -9999 -9999 -9999 -9999 -9999 -9999 -9999 -9999 -9999 -9999 -9999 -9999 -9999 -9999 -9999 -9999 12.4101123595492 9.95505617977461 11.044943820226 10.4550561797744 11.5449438202252 9.45505617977481 7.91011235954922 10.4550561797746 10.0449438202253 10.9550561797746 12 8.99999999999961 8.58988764045078 10.0449438202254 8.58988764045121 11.9550561797746 11.044943820225 12.3651685393246 21.5898876404508 19.7303370786476 13.2752808988731 9.99999999999961 6.04494382022539 22.8651685393238 6.49999999999936 10.3146067415777 9.45505617977461 10.0449438202254 9.04494382022539 10.9550561797745 14 16.3595505618024 32.275280898873 26.4044943820285 35.2696629213501 25.9101123595492 22.0449438202254 34.6853932584223 10.1348314606762
-9999 -9999 -9999 -9999 -9999 -9999 -9999 -9999 -9999 -9999 -9999 -9999 -9999 -9999 -9999 -9999 -9999 -9999 -9999 -9999 -9999 9.35393258426876 9 9.92696629213399 9.92696629213405 10 11 10.5730337078656 10 12.3539325842686 11.5730337078654 9.64606741573139 11.5 11.3539325842688 12.9269662921337 13.7808988764028 12 12.5730337078649 15.5 14.0730337078656 12.1460674157312 9.94943820225332 10.5 10.4269662921344 11.4999999999992 9.07303370786562 11.4269662921344 10.3539325842688 25.3426966292094 35.7191011235976 36.9269662921344 33.6460674157317 10.6460674157312 23.4382022471937 15.2191011235968 12.7808988764031 10 10 8.71910112359686
-9999 -9999 -9999 -9999 -9999 -9999 -9999 -9999 -9999 -9999 -9999 -9999 -9999 -9999 -9999 -9999 -9999 -9999 -9999 -9999 -9999 9.2022471910117 10.4157303370819 10.4999999999998 12.6011235955057 9.70224719101157 12 12.3988764044942 9.30337078651746 8.7977528089883 11.8988764044941 11.7977528089883 12.5 11.1011235955059 11 7.00000000000009 8.7977528089883 14.101123595506 18.2022471910117 19.7022471910119 17.3988764044941 8.7977528089883 6.7977528089883 8.60112359550585 4.60112359550636 9.89887640449415 28.1011235955058 35 25.7977528089883 30.3988764044918 33.5 27.4044943820225 10.3033707865175 12.8988764044941 12.3988764044936 9.39887640449415 7.89887640449424 8.60112359550585 8.2977528089883
-9999 -9999 -9999 -9999 -9999 -9999 -9999 -9999 -9999 -9999 -9999 -9999 -9999 -9999 -9999 -9999 -9999 -9999 -9999 -9999 -9999 -9999 14.8539325842648 10.258426966294 9.51685393258783 9.88764044944095 12.6123595505592 8.25842696629386 9.35393258426546 11.3707865168532 7.74157303370614 9.87078651685302 10.1123595505592 10.5 6.87078651685318 8.12921348314688 16.5000000000002 16.129213483148 25.5 21.3539325842657 13.8539325842654 11.1460674157344 9.12921348314693 28.4831460674123 8.25842696629481 12.7415730337061 13 21.2584269662939 25.6123595505592 34.6460674157327 34.2584269662939 11.5000000000004 11.6292134831469 8.5 9.62921348314773 6.87078651685307 8.62921348314661 6.48314606741228 8.24157303370614
-9999 -9999 -9999 -9999 -9999 -9999 -9999 -9999 -9999 -9999 -9999 -9999 -9999 -9999 -9999 -9999 -9999 -9999 -9999 -9999 -9999 -9999 -9999 11.056179775282 12.3707865168545 11.1573033707864 10.1573033707863 9.62921348314523 11.3146067415726 11.2134831460681 7.02808988764152 9.34269662921355 15.1853932584274 8.84269662921369 5.84269662921356 6.15730337078637 21.6853932584275 20.5000000000009 14.1853932584274 16.3426966292123 5.97191011235892 7.18539325842747 7.65730337078631 10.6853932584274 7.12921348314586 25.1573033707863 12.6853932584274 35.0280898876411 36.0561797752822 37.0280898876427 14.8146067415726 12.8146067415728 12.8146067415726 8.47191011235892 8.50000000000064 7.84269662921369 5.84269662921383 7.68539325842739 7
