rasters/Mali_bio10.asc
NCOLS 198 
NROWS 178 
XLLCORNER -12.264130412 
YLLCORNER 10.140054014 
CELLSIZE 0.0833321619545454 
NODATA_value -3.4e+38 
[rows 110 to 131 of 178, columns 51 to 101 of 198]
-3.4e+38 -3.4e+38 -3.4e+38 -3.4e+38 -3.4e+38 -3.4e+38 -3.4e+38 -3.4e+38 -3.4e+38 -3.4e+38 -3.4e+38 -3.4e+38 -3.4e+38 -3.4e+38 -3.4e+38 -3.4e+38 -3.4e+38 -3.4e+38 -3.4e+38 -3.4e+38 -3.4e+38 -3.4e+38 -3.4e+38 -3.4e+38 -3.4e+38 -3.4e+38 -3.4e+38 -3.4e+38 -3.4e+38 -3.4e+38 -3.4e+38 32.885498046875 32.9044990539551 32.7693328857422 32.8238334655762 32.8461647033691 32.8649978637695 32.8370018005371 33.0398330688477 32.7876663208008 32.7748336791992 32.5040016174316 32.6356658935547 32.605167388916 32.3673324584961 32.0766677856445 32.0229988098145 31.913667678833 31.8451671600342 31.7568340301514 31.701000213623
-3.4e+38 -3.4e+38 -3.4e+38 -3.4e+38 -3.4e+38 -3.4e+38 -3.4e+38 -3.4e+38 -3.4e+38 -3.4e+38 -3.4e+38 -3.4e+38 -3.4e+38 -3.4e+38 -3.4e+38 -3.4e+38 -3.4e+38 -3.4e+38 -3.4e+38 -3.4e+38 -3.4e+38 -3.4e+38 -3.4e+38 -3.4e+38 -3.4e+38 -3.4e+38 -3.4e+38 -3.4e+38 -3.4e+38 -3.4e+38 32.9441680908203 32.9165000915527 32.9804992675781 32.9418334960938 32.9726676940918 33.0201683044434 32.9676666259766 32.9363327026367 33.0351676940918 32.837833404541 32.8036651611328 32.7961654663086 32.7151679992676 32.5783348083496 32.3173332214355 32.164665222168 32.0803337097168 31.9511661529541 31.8573341369629 31.7905006408691 31.7805004119873
-3.4e+38 -3.4e+38 -3.4e+38 -3.4e+38 -3.4e+38 -3.4e+38 -3.4e+38 -3.4e+38 -3.4e+38 -3.4e+38 -3.4e+38 -3.4e+38 -3.4e+38 -3.4e+38 -3.4e+38 -3.4e+38 -3.4e+38 -3.4e+38 -3.4e+38 -3.4e+38 -3.4e+38 -3.4e+38 -3.4e+38 -3.4e+38 -3.4e+38 -3.4e+38 -3.4e+38 -3.4e+38 -3.4e+38 -3.4e+38 33.1308326721191 33.050666809082 33.0634994506836 33.1591644287109 33.1296653747559 33.0636672973633 33.002498626709 32.9208335876465 32.9169998168945 32.8709983825684 32.8078346252441 32.8083343505859 32.7011680603027 32.5408325195312 32.4013328552246 32.227165222168 32.1296653747559 31.9928321838379 31.8916664123535 31.7730007171631 31.7851657867432
-3.4e+38 -3.4e+38 -3.4e+38 -3.4e+38 -3.4e+38 -3.4e+38 -3.4e+38 -3.4e+38 -3.4e+38 -3.4e+38 -3.4e+38 -3.4e+38 -3.4e+38 -3.4e+38 -3.4e+38 -3.4e+38 -3.4e+38 -3.4e+38 -3.4e+38 -3.4e+38 -3.4e+38 -3.4e+38 -3.4e+38 -3.4e+38 -3.4e+38 -3.4e+38 -3.4e+38 -3.4e+38 -3.4e+38 -3.4e+38 33.2213325500488 33.1718330383301 33.1189994812012 33.1228332519531 33.0896682739258 33.0519981384277 32.962833404541 32.9616661071777 32.9700012207031 32.9134979248047 32.8683319091797 32.8365020751953 32.7466659545898 32.6365013122559 32.3994979858398 32.2603340148926 32.1388320922852 32.0753326416016 31.9648323059082 31.7550010681152 31.7431659698486
33.1241683959961 33.1875 33.2131652832031 33.2426681518555 33.2884979248047 33.3369979858398 33.380500793457 33.371166229248 33.396167755127 33.469165802002 33.5330009460449 33.5605010986328 33.5568313598633 33.4611663818359 33.4926681518555 33.4205017089844 33.0901679992676 33.1833343505859 33.2089996337891 33.210334777832 33.0991668701172 33.0751647949219 33.053165435791 33.1416664123535 33.1273345947266 33.1264991760254 33.1308326721191 33.2056655883789 33.2238311767578 33.2116661071777 33.1958312988281 33.1661682128906 33.0874977111816 33.0536651611328 33.0318336486816 33.0221672058105 32.9690017700195 32.9488334655762 32.9358329772949 32.9141654968262 32.8904991149902 32.8951683044434 32.8574981689453 32.7668342590332 32.4363327026367 32.332332611084 32.2138328552246 32.050666809082 31.7379989624023 31.6019992828369 31.6824989318848
33.1003341674805 33.1709976196289 33.1638336181641 33.1989974975586 33.3246650695801 33.3678321838379 33.276668548584 33.3279991149902 33.4889984130859 33.397834777832 33.2598342895508 33.1604995727539 33.1346664428711 33.1046676635742 33.1391677856445 33.0315017700195 33.0221672058105 33.1469993591309 33.1324996948242 33.2136688232422 33.136833190918 33.0393333435059 33.0180015563965 33.1696662902832 33.1693344116211 33.1656684875488 33.1953315734863 33.2648315429688 33.2258338928223 33.1974983215332 33.1529998779297 33.0703353881836 33.0183334350586 33.0276679992676 32.9803314208984 32.9903335571289 32.9594993591309 32.9276657104492 32.9158325195312 32.9546661376953 32.9029998779297 32.9469985961914 32.8833312988281 32.7236671447754 32.3651657104492 32.1911659240723 32.0661659240723 31.9216651916504 31.7266674041748 31.5793323516846 31.6011657714844
32.764331817627 32.9348335266113 33.0844993591309 33.2439994812012 33.3199996948242 33.2083320617676 33.0546684265137 33.083667755127 33.1679992675781 33.2005004882812 33.1276664733887 32.9679985046387 32.966667175293 32.936164855957 32.9851684570312 33.0636672973633 33.0771675109863 33.1186676025391 33.1781692504883 33.1868362426758 33.1018333435059 33.0820007324219 33.058666229248 33.125 33.1698341369629 33.2088317871094 33.2724990844727 33.1956672668457 33.107666015625 33.0691680908203 33.0693321228027 32.9763336181641 32.9403343200684 32.9223327636719 32.9254989624023 33.0106658935547 33.0009994506836 32.9638328552246 32.9690017700195 33.025333404541 33.0113334655762 33.0446662902832 32.9580001831055 32.6376647949219 32.1413345336914 31.7486667633057 31.5555000305176 31.3256664276123 31.4766654968262 31.5821666717529 31.2425003051758
32.6953353881836 32.9274978637695 32.9495010375977 32.9931678771973 33.0893325805664 33.1091651916504 33.0461654663086 32.9866676330566 33.1056671142578 33.0478324890137 32.9168319702148 32.9816665649414 32.9958343505859 32.9283332824707 32.9623336791992 32.9505004882812 33.1508331298828 33.1746673583984 33.260498046875 33.2563323974609 33.0931663513184 32.9571685791016 32.897834777832 32.9333343505859 33.0636672973633 33.2126655578613 33.2251663208008 33.2431678771973 33.134334564209 32.9848327636719 33.0330009460449 32.9475021362305 32.9835014343262 32.9288330078125 32.9481658935547 32.978832244873 32.9313354492188 33.0040016174316 32.9916687011719 33.0041656494141 33.0514984130859 32.9411659240723 32.7256660461426 32.3993339538574 31.9956665039062 31.6639995574951 31.734167098999 31.466833114624 31.4104995727539 31.7080001831055 31.8700008392334
32.6273345947266 32.8740005493164 32.8219985961914 32.787166595459 32.8273315429688 32.8120002746582 32.8238334655762 32.7968330383301 32.8888320922852 32.8839988708496 32.8636665344238 32.9174995422363 32.8861656188965 32.9276657104492 33.0400009155273 33.0419998168945 33.2161674499512 33.1491661071777 33.041332244873 33.0176658630371 33.0709991455078 33.1498336791992 33.0141677856445 33.0601654052734 33.2201652526855 33.2408332824707 33.2588348388672 33.2616653442383 33.1708335876465 33.0431671142578 33.0540008544922 33.0266647338867 32.9681663513184 32.951831817627 32.9001655578613 32.8626670837402 32.9266662597656 32.9516677856445 32.8998336791992 32.8741683959961 32.7345008850098 32.4770011901855 32.2709999084473 32.1833343505859 32.1053352355957 32.0633316040039 31.8593330383301 31.6140003204346 31.4743328094482 31.6708335876465 31.8810005187988
32.6381683349609 32.8443336486816 32.6971664428711 32.5986671447754 32.6143341064453 32.5648345947266 32.5403327941895 32.5994987487793 32.7608337402344 32.8470001220703 32.8981666564941 32.9225006103516 32.9145011901855 32.8873329162598 32.9900016784668 32.9879989624023 32.9251670837402 32.9011650085449 32.8643341064453 32.7828330993652 32.9104995727539 33.0978317260742 33.1678314208984 33.113166809082 32.9998321533203 32.9601669311523 33.0076675415039 33.0034980773926 32.9360008239746 32.9044990539551 32.835334777832 32.9186668395996 32.9076652526855 32.9133338928223 32.8151664733887 32.8494987487793 32.9075012207031 32.8310012817383 32.5966682434082 32.417667388916 32.2121658325195 32.1673316955566 32.117000579834 32.0530014038086 32.0839996337891 32.1303329467773 32.0113334655762 31.8435001373291 31.5454998016357 31.6263332366943 31.9311676025391
32.609001159668 32.6564979553223 32.6261672973633 32.5373344421387 32.533332824707 32.5205001831055 32.4851684570312 32.5723342895508 32.7516670227051 32.8463325500488 32.8789978027344 32.7415008544922 32.658332824707 32.6484985351562 32.6421661376953 32.8228340148926 32.8299980163574 32.8911666870117 32.9656677246094 32.908332824707 32.9721641540527 33.1144981384277 33.1404991149902 32.8723335266113 32.8103332519531 32.8341674804688 32.8349990844727 32.8126678466797 32.7905006408691 32.7760009765625 32.8064994812012 32.8338317871094 32.8330001831055 32.8339996337891 32.7861671447754 32.7811660766602 32.8296661376953 32.7473335266113 32.4036674499512 32.2205009460449 31.945333480835 32.0735015869141 32.1618347167969 32.0556678771973 32.0309982299805 32.064998626709 31.9563331604004 31.7998332977295 31.542667388916 31.6805000305176 31.8628330230713
32.486499786377 32.3955001831055 32.5011672973633 32.4463348388672 32.3931655883789 32.3931655883789 32.3516654968262 32.4755020141602 32.602165222168 32.6936645507812 32.6763343811035 32.5139999389648 32.503833770752 32.5444984436035 32.6348342895508 32.882999420166 32.9070014953613 33.0008316040039 33.0991668701172 32.9913330078125 33.0566673278809 33.0683326721191 32.9608345031738 32.3836669921875 32.514331817627 32.8915023803711 32.8803329467773 32.8605003356934 32.8375015258789 32.8288345336914 32.8139991760254 32.791332244873 32.7338333129883 32.7415008544922 32.7150001525879 32.6681671142578 32.7143325805664 32.613166809082 32.2906684875488 31.9401664733887 31.9838333129883 32.0844993591309 32.1173324584961 31.9763336181641 31.9694995880127 31.9811668395996 31.8281669616699 31.6480007171631 31.6614990234375 31.9101676940918 31.5939998626709
32.4613342285156 32.3956680297852 32.4616661071777 32.4311676025391 32.332332611084 32.313835144043 32.3334999084473 32.3955001831055 32.4449996948242 32.5003318786621 32.5366668701172 32.5048332214355 32.4044990539551 32.5773315429688 32.7071647644043 32.8263320922852 32.9168319702148 32.8935012817383 32.8861656188965 32.8655014038086 33.0120010375977 33.0060005187988 32.8653335571289 32.3979988098145 32.7143325805664 32.9113311767578 32.8588333129883 32.7929992675781 32.7856674194336 32.7648315429688 32.7066650390625 32.5844993591309 32.6049995422363 32.6098327636719 32.5763320922852 32.5376663208008 32.5603332519531 32.417667388916 31.9650001525879 31.7876663208008 32.0125007629395 32.0386657714844 31.9626655578613 31.9078330993652 31.8865013122559 31.8628330230713 31.7115001678467 31.6726665496826 31.7991676330566 31.8688335418701 31.3484992980957
32.273998260498 32.2733345031738 32.3764991760254 32.3611679077148 32.2685012817383 32.2578353881836 32.1973342895508 32.1758346557617 32.155834197998 32.2028350830078 32.2848320007324 32.3499984741211 32.3296661376953 32.4686660766602 32.5546684265137 32.7096672058105 32.727668762207 32.6698341369629 32.7586669921875 32.9123344421387 33.0491676330566 33.0579986572266 32.8225021362305 32.434497833252 32.8395004272461 32.8588333129883 32.7743339538574 32.7169990539551 32.6901664733887 32.6483345031738 32.5593338012695 32.4841651916504 32.4931678771973 32.4981651306152 32.4829978942871 32.4329986572266 32.4298324584961 32.2571678161621 32.0131645202637 31.9551677703857 32.0289993286133 31.9341659545898 31.8764991760254 31.820333480835 31.8209991455078 31.7290000915527 31.6881656646729 31.7488327026367 31.849666595459 31.7229995727539 31.1306667327881
32.030834197998 31.9513320922852 32.1129989624023 32.1889991760254 32.0708351135254 31.8873348236084 31.8313331604004 31.746000289917 31.7175006866455 31.7480010986328 32.046501159668 32.1078338623047 32.1563339233398 32.2001686096191 32.3704986572266 32.5781669616699 32.7019996643066 32.6721649169922 32.8166656494141 32.985164642334 33.0480003356934 33.030834197998 32.9418334960938 32.481330871582 32.6108322143555 32.5523338317871 32.5670013427734 32.6835021972656 32.6466674804688 32.5431671142578 32.447998046875 32.4106674194336 32.3518333435059 32.3720016479492 32.3466682434082 32.306999206543 32.223331451416 32.1030006408691 31.9069995880127 31.9741668701172 32.0598335266113 31.9619998931885 31.8016662597656 31.78733253479 31.7656669616699 31.6306667327881 31.7159996032715 31.755500793457 31.7864990234375 31.7236671447754 31.3791656494141
31.9408340454102 31.8268337249756 31.7963333129883 31.8110008239746 31.728666305542 31.6093330383301 31.4305000305176 31.3438339233398 31.3819999694824 31.654333114624 31.7755012512207 31.9208335876465 32.0639991760254 32.1046676635742 32.2719993591309 32.4275016784668 32.5935020446777 32.7013320922852 32.7726669311523 32.8853340148926 32.9716682434082 32.9846687316895 32.9221649169922 32.3661651611328 32.0783348083496 32.2374992370605 32.5541687011719 32.6071662902832 32.5439987182617 32.4606666564941 32.3509979248047 32.2775001525879 32.2156677246094 32.1963348388672 32.1835021972656 32.1671676635742 32.1078338623047 31.9300003051758 31.7985000610352 31.8966674804688 31.9274997711182 31.849666595459 31.7609996795654 31.7093334197998 31.6951675415039 31.5909996032715 31.7736663818359 31.7369995117188 31.5983333587646 31.5100002288818 31.32200050354
31.7730007171631 31.7366676330566 31.6226673126221 31.4974994659424 31.3781661987305 31.2706661224365 31.1149997711182 31.1738338470459 31.4274997711182 31.4818325042725 31.5424995422363 31.8075008392334 31.9488334655762 31.953332901001 32.0946655273438 32.3276672363281 32.5163345336914 32.671501159668 32.7358322143555 32.8344993591309 32.9266662597656 32.9253349304199 32.8580017089844 32.1189994812012 31.6363334655762 32.0251655578613 32.5536651611328 32.5436668395996 32.4018325805664 32.3139991760254 32.2070007324219 32.1110000610352 32.0870018005371 32.0250015258789 31.994499206543 32.0376663208008 31.9963340759277 31.7549991607666 31.7548332214355 31.8414993286133 31.8505001068115 31.8065013885498 31.7263336181641 31.5953330993652 31.5041656494141 31.488166809082 31.6625003814697 31.6459999084473 31.5034999847412 31.388334274292 31.2568340301514
31.6201667785645 31.6028327941895 31.5136661529541 31.4268341064453 31.3775005340576 31.2983322143555 31.2471675872803 31.1428337097168 31.1564998626709 31.1868324279785 31.4223327636719 31.7021675109863 31.9109992980957 31.8758335113525 32.0116653442383 32.228832244873 32.4545021057129 32.6248321533203 32.6936645507812 32.6711654663086 32.7746658325195 32.8426666259766 32.8158340454102 32.1520004272461 31.5591678619385 32.1171646118164 32.5123329162598 32.3821678161621 32.2234992980957 32.1313323974609 32.0216674804688 31.9298324584961 31.8646659851074 31.8836669921875 31.8870010375977 31.9806671142578 31.882833480835 31.7180004119873 31.7658348083496 31.7758331298828 31.7036666870117 31.6778335571289 31.5543327331543 31.4709987640381 31.3439998626709 31.3600006103516 31.5221672058105 31.6019992828369 31.382833480835 31.3191680908203 31.1695003509521
31.5031661987305 31.4514999389648 31.4500007629395 31.3024997711182 31.2338333129883 31.0540008544922 31.0538330078125 30.8780002593994 30.9899997711182 31.0708332061768 31.473165512085 31.6824989318848 31.7883338928223 31.7339992523193 31.9163341522217 32.0208320617676 32.2453346252441 32.478832244873 32.530834197998 32.6284980773926 32.7535018920898 32.7561645507812 32.6996650695801 31.8051662445068 31.6614990234375 32.2615013122559 32.2943344116211 32.158332824707 31.9948329925537 31.896333694458 31.7806663513184 31.6998329162598 31.7186660766602 31.7901668548584 31.8240013122559 31.7849998474121 31.6618328094482 31.6595001220703 31.671501159668 31.6501655578613 31.5260009765625 31.4926662445068 31.3871650695801 31.3864994049072 31.3395004272461 31.3059997558594 31.4566669464111 31.5686664581299 31.4108333587646 31.1284999847412 30.8624992370605
31.1293334960938 31.0555000305176 31.2863349914551 31.1284999847412 30.78733253479 30.7490005493164 30.8771667480469 30.8903331756592 30.9333324432373 31.1024990081787 31.4236660003662 31.6248340606689 31.6296653747559 31.6840000152588 31.8706665039062 32.0216674804688 32.1494979858398 32.3535003662109 32.610164642334 32.6425018310547 32.65966796875 32.6351661682129 32.4903335571289 31.5896663665771 31.6933326721191 32.1319999694824 32.0716667175293 31.8330001831055 31.6744995117188 31.5669994354248 31.4638328552246 31.533166885376 31.6079998016357 31.6433334350586 31.6374988555908 31.5880012512207 31.5056667327881 31.4441661834717 31.4458332061768 31.4821662902832 31.4196662902832 31.3404998779297 31.2518329620361 31.3356666564941 31.3103332519531 31.3040008544922 31.4785003662109 31.4146671295166 31.1031665802002 30.7633323669434 30.5813331604004
30.8013324737549 30.933500289917 31.0073337554932 30.904167175293 30.587833404541 30.5843334197998 30.6283340454102 30.7463340759277 30.8563346862793 31.1095008850098 31.3209991455078 31.4871673583984 31.5535011291504 31.6213340759277 31.7503337860107 31.851167678833 31.9669990539551 32.197998046875 32.4143333435059 32.468334197998 32.4896659851074 32.4701652526855 32.1683349609375 31.6496677398682 31.9640007019043 31.9759979248047 31.8388328552246 31.5578327178955 31.3618335723877 31.2399997711182 31.2326679229736 31.3718338012695 31.425666809082 31.3600006103516 31.4026660919189 31.3533325195312 31.3286666870117 31.3686676025391 31.3428344726562 31.3613319396973 31.2876663208008 31.1759986877441 31.2623329162598 31.3780002593994 31.2993335723877 31.2589988708496 31.378999710083 31.1264991760254 30.8566665649414 30.5685005187988 30.3166675567627
30.7325000762939 30.7823333740234 30.78733253479 30.5949993133545 30.4988327026367 30.5913333892822 30.6079998016357 30.666166305542 30.9491672515869 31.1070003509521 31.2124996185303 31.2884998321533 31.4386672973633 31.570499420166 31.689001083374 31.712833404541 31.8396663665771 32.0503349304199 32.2041664123535 32.2106666564941 32.1623344421387 32.1264991760254 31.6253337860107 31.703332901001 31.855167388916 31.7323341369629 31.5263328552246 31.3115005493164 31.0510005950928 30.7633323669434 30.7609996795654 30.8911666870117 31.0014991760254 31.0358333587646 31.2498321533203 31.3155002593994 31.2814998626709 31.2985000610352 31.3408336639404 31.1510009765625 31.1276664733887 31.1221675872803 31.3406677246094 31.371000289917 31.3059997558594 31.3601665496826 31.2713317871094 31.0058326721191 30.7490005493164 30.5241661071777 30.6478328704834
