rasters/Mali_bio12.asc
NCOLS 198 
NROWS 178 
XLLCORNER -12.264130412 
YLLCORNER 10.140054014 
CELLSIZE 0.0833321619545454 
NODATA_value -3.4e+38 
[rows 136 to 169 of 178, columns 0 to 76 of 198]
-3.4e+38 -3.4e+38 802 805 811 810 806 808 811 820 821 819 817 812 808 801 799 801 798 799 798 797 797 796 789 778 780 779 777 775 781 781 779 777 778 779 781 782 786 787 785 784 782 769 757 748 740 730 718 705 689 677 664 654 643 633 627 615 605 598 592 589 584 582 583 581 584 585 587 591 596 599 611 623 656 674 699
-3.4e+38 -3.4e+38 -3.4e+38 820 821 822 823 824 825 828 847 843 843 839 827 825 822 819 819 818 818 822 822 819 814 800 792 788 784 788 792 791 792 787 790 793 798 799 803 813 816 814 803 793 781 773 764 751 738 723 713 698 689 677 663 656 646 635 624 616 610 606 600 598 597 595 597 598 600 601 611 616 620 645 667 691 718
-3.4e+38 -3.4e+38 -3.4e+38 -3.4e+38 836 837 834 834 837 843 856 870 865 858 851 846 845 841 842 841 843 836 838 837 840 817 811 808 799 801 805 808 802 803 804 801 812 819 826 834 845 839 830 821 807 793 786 773 760 748 736 723 712 699 684 674 664 652 642 634 624 619 615 611 608 608 610 609 612 615 621 635 642 653 675 699 724
-3.4e+38 -3.4e+38 -3.4e+38 -3.4e+38 855 853 -3.4e+38 845 853 863 868 887 890 880 875 870 868 865 865 865 865 857 853 853 850 837 832 828 826 814 816 816 816 813 810 811 824 832 844 852 862 859 854 842 829 818 810 798 785 771 759 745 733 717 703 692 683 671 658 648 640 631 625 622 625 621 623 628 635 644 648 649 652 664 682 706 725
-3.4e+38 -3.4e+38 -3.4e+38 -3.4e+38 -3.4e+38 -3.4e+38 -3.4e+38 -3.4e+38 874 883 890 897 906 906 901 895 891 890 888 887 885 882 876 872 868 860 860 851 846 836 834 831 828 827 820 825 834 846 855 864 872 877 871 859 848 845 838 826 810 794 779 765 748 735 722 713 702 691 678 666 656 647 638 641 633 630 633 640 644 649 656 660 670 682 693 710 726
-3.4e+38 -3.4e+38 -3.4e+38 -3.4e+38 -3.4e+38 -3.4e+38 -3.4e+38 -3.4e+38 901 912 918 919 927 935 932 928 919 912 912 911 909 898 886 886 886 881 882 872 863 862 850 846 843 842 834 840 850 860 869 878 885 889 884 873 865 867 863 852 834 815 798 786 770 755 743 731 719 705 695 683 674 664 663 650 645 644 644 649 655 664 670 676 685 693 703 724 737
-3.4e+38 -3.4e+38 -3.4e+38 -3.4e+38 -3.4e+38 -3.4e+38 -3.4e+38 -3.4e+38 -3.4e+38 934 942 946 958 964 962 954 946 940 938 938 933 925 900 906 897 897 897 890 884 876 869 870 866 865 860 859 866 875 881 887 895 897 893 887 885 882 882 871 853 835 822 805 793 778 766 755 742 727 713 703 697 685 673 664 657 656 658 662 666 675 682 689 697 707 725 734 746
-3.4e+38 -3.4e+38 -3.4e+38 -3.4e+38 -3.4e+38 -3.4e+38 -3.4e+38 -3.4e+38 -3.4e+38 -3.4e+38 968 976 981 993 992 982 978 968 960 962 961 946 923 926 917 913 908 905 900 892 888 889 890 890 881 878 883 885 887 901 905 904 902 895 896 895 891 884 872 852 839 824 807 795 781 771 761 745 734 726 713 700 690 681 671 668 673 677 680 687 697 704 719 729 736 744 756
-3.4e+38 -3.4e+38 -3.4e+38 -3.4e+38 -3.4e+38 -3.4e+38 -3.4e+38 -3.4e+38 -3.4e+38 -3.4e+38 996 1003 1008 1021 1017 1012 1008 997 988 979 980 972 944 941 939 930 924 922 920 910 906 903 901 898 898 894 893 897 899 906 911 909 907 903 900 901 897 892 882 869 851 834 818 806 795 791 778 769 755 744 730 721 712 701 694 689 689 692 698 703 711 720 729 739 746 757 767
-3.4e+38 -3.4e+38 -3.4e+38 -3.4e+38 -3.4e+38 -3.4e+38 -3.4e+38 -3.4e+38 -3.4e+38 -3.4e+38 1023 1031 1041 1047 1044 1042 1033 1024 1010 996 991 987 974 962 954 949 944 940 938 931 923 916 909 908 909 906 903 908 918 924 916 917 915 909 911 907 904 898 890 876 860 847 834 822 815 803 799 783 772 764 752 743 732 722 713 709 708 710 712 717 724 734 743 752 763 771 778
-3.4e+38 -3.4e+38 -3.4e+38 -3.4e+38 -3.4e+38 -3.4e+38 -3.4e+38 -3.4e+38 -3.4e+38 -3.4e+38 1044 1057 1064 1068 1066 1066 1058 1047 1031 1018 1010 1007 995 981 973 966 961 957 957 949 943 935 925 920 916 914 911 914 917 929 932 926 926 920 918 915 909 906 899 886 876 860 850 837 820 814 801 794 787 778 769 758 749 740 731 727 728 728 728 732 741 752 753 768 775 784 796
-3.4e+38 -3.4e+38 -3.4e+38 -3.4e+38 -3.4e+38 -3.4e+38 -3.4e+38 -3.4e+38 -3.4e+38 -3.4e+38 1065 1074 1080 1083 1088 1084 1077 1067 1051 1043 1037 1025 1016 1000 990 985 981 972 969 964 961 950 944 933 930 923 924 926 929 931 938 945 933 929 927 925 921 916 909 897 887 872 856 843 832 821 809 807 802 793 787 775 766 757 748 738 740 741 744 753 755 760 766 780 792 800 813
-3.4e+38 -3.4e+38 -3.4e+38 -3.4e+38 -3.4e+38 -3.4e+38 -3.4e+38 -3.4e+38 -3.4e+38 -3.4e+38 1084 1091 1093 1093 1096 1093 1091 1078 1070 1058 1055 1052 1035 1021 1010 1008 1002 991 985 985 976 967 961 949 941 939 937 940 939 949 949 945 943 943 938 934 930 923 917 906 889 887 867 847 845 834 825 820 817 811 803 795 781 772 763 755 752 754 762 764 767 775 780 794 806 816 824
-3.4e+38 -3.4e+38 -3.4e+38 -3.4e+38 -3.4e+38 -3.4e+38 -3.4e+38 -3.4e+38 -3.4e+38 1102 1102 1102 1104 1106 1106 1104 1101 1094 1085 1076 1072 1059 1047 1032 1025 1020 1018 1010 1004 1005 996 984 973 970 961 952 949 947 951 965 970 967 958 954 945 945 944 937 920 900 892 887 878 869 862 852 846 843 841 832 825 813 800 791 782 773 770 770 774 781 785 790 795 803 813 820 831
-3.4e+38 -3.4e+38 -3.4e+38 -3.4e+38 -3.4e+38 -3.4e+38 -3.4e+38 -3.4e+38 -3.4e+38 -3.4e+38 1116 1114 1115 1114 1114 1112 1110 1107 1102 1094 1084 1073 1063 1052 1045 1044 1039 1026 1034 1032 1017 1004 995 982 -3.4e+38 -3.4e+38 -3.4e+38 967 969 977 976 981 978 963 961 952 950 941 921 901 898 894 891 884 875 870 869 866 858 849 842 830 823 814 805 799 793 792 792 799 803 808 811 817 822 830 836
-3.4e+38 -3.4e+38 -3.4e+38 -3.4e+38 -3.4e+38 -3.4e+38 -3.4e+38 -3.4e+38 -3.4e+38 -3.4e+38 1133 1129 1125 1123 1122 1120 1120 1122 1120 1113 1108 1089 1076 1068 1069 1071 1060 1047 1052 1046 1032 1019 1012 1002 995 -3.4e+38 -3.4e+38 -3.4e+38 -3.4e+38 993 999 997 990 976 964 954 954 939 924 909 909 906 903 897 892 892 892 890 885 874 865 856 850 839 832 825 815 817 814 816 825 826 825 829 834 840 843
-3.4e+38 -3.4e+38 -3.4e+38 -3.4e+38 -3.4e+38 -3.4e+38 -3.4e+38 -3.4e+38 -3.4e+38 -3.4e+38 1149 1145 1138 1133 1131 1131 1134 1136 1131 1131 1120 1103 1092 1084 1082 1087 1077 1065 1059 1051 1044 1046 1038 1021 1012 -3.4e+38 -3.4e+38 -3.4e+38 -3.4e+38 999 1004 1014 1006 979 968 960 952 942 931 921 917 916 911 907 910 912 912 910 907 902 892 880 874 863 855 847 843 839 834 836 842 844 849 847 843 845 849
-3.4e+38 -3.4e+38 -3.4e+38 -3.4e+38 -3.4e+38 -3.4e+38 -3.4e+38 -3.4e+38 -3.4e+38 1170 1165 1160 1153 1149 1146 -3.4e+38 1143 1148 1147 1137 1129 1121 1108 1100 1094 1095 1091 1081 1079 1074 1064 1057 1046 -3.4e+38 -3.4e+38 -3.4e+38 -3.4e+38 -3.4e+38 -3.4e+38 1001 999 1010 1004 987 982 972 961 951 939 932 931 929 928 926 925 930 932 934 934 930 919 905 894 887 879 871 869 863 860 856 860 867 867 867 863 859 858
-3.4e+38 -3.4e+38 -3.4e+38 -3.4e+38 -3.4e+38 -3.4e+38 -3.4e+38 -3.4e+38 -3.4e+38 -3.4e+38 1181 1181 1175 1165 -3.4e+38 -3.4e+38 -3.4e+38 1161 1157 1155 1139 1130 -3.4e+38 -3.4e+38 -3.4e+38 -3.4e+38 -3.4e+38 1101 1108 1098 1088 -3.4e+38 -3.4e+38 -3.4e+38 -3.4e+38 -3.4e+38 -3.4e+38 -3.4e+38 -3.4e+38 -3.4e+38 1016 1012 1007 1000 992 988 975 963 959 946 941 938 939 937 941 941 945 952 955 954 941 924 918 903 902 895 886 884 880 882 882 881 885 883 886 882 878
-3.4e+38 -3.4e+38 -3.4e+38 -3.4e+38 -3.4e+38 -3.4e+38 -3.4e+38 -3.4e+38 -3.4e+38 -3.4e+38 -3.4e+38 1197 1191 -3.4e+38 -3.4e+38 -3.4e+38 -3.4e+38 1184 1165 1167 1152 -3.4e+38 -3.4e+38 -3.4e+38 -3.4e+38 -3.4e+38 -3.4e+38 -3.4e+38 -3.4e+38 1114 -3.4e+38 -3.4e+38 -3.4e+38 -3.4e+38 -3.4e+38 -3.4e+38 -3.4e+38 -3.4e+38 -3.4e+38 -3.4e+38 1031 1027 1021 1014 1008 999 988 977 972 963 955 951 948 951 954 957 961 968 974 970 957 943 935 926 916 916 908 902 904 908 901 901 902 902 903 903 894
-3.4e+38 -3.4e+38 -3.4e+38 -3.4e+38 -3.4e+38 -3.4e+38 -3.4e+38 -3.4e+38 -3.4e+38 -3.4e+38 -3.4e+38 -3.4e+38 -3.4e+38 -3.4e+38 -3.4e+38 -3.4e+38 -3.4e+38 -3.4e+38 1185 1173 -3.4e+38 -3.4e+38 -3.4e+38 -3.4e+38 -3.4e+38 -3.4e+38 -3.4e+38 -3.4e+38 -3.4e+38 -3.4e+38 -3.4e+38 -3.4e+38 -3.4e+38 -3.4e+38 -3.4e+38 -3.4e+38 -3.4e+38 -3.4e+38 -3.4e+38 -3.4e+38 -3.4e+38 1043 1035 1033 1027 1017 1005 997 985 979 971 966 962 962 966 969 974 982 985 979 968 957 952 944 937 938 933 927 926 924 922 923 923 917 919 920 914
-3.4e+38 -3.4e+38 -3.4e+38 -3.4e+38 -3.4e+38 -3.4e+38 -3.4e+38 -3.4e+38 -3.4e+38 -3.4e+38 -3.4e+38 -3.4e+38 -3.4e+38 -3.4e+38 -3.4e+38 -3.4e+38 -3.4e+38 -3.4e+38 -3.4e+38 -3.4e+38 -3.4e+38 -3.4e+38 -3.4e+38 -3.4e+38 -3.4e+38 -3.4e+38 -3.4e+38 -3.4e+38 -3.4e+38 -3.4e+38 -3.4e+38 -3.4e+38 -3.4e+38 -3.4e+38 -3.4e+38 -3.4e+38 -3.4e+38 -3.4e+38 -3.4e+38 -3.4e+38 -3.4e+38 1063 1055 1046 1038 1025 1021 1012 999 994 987 984 979 980 983 988 989 994 993 989 980 969 968 959 955 952 950 944 942 940 945 947 947 940 939 941 937
-3.4e+38 -3.4e+38 -3.4e+38 -3.4e+38 -3.4e+38 -3.4e+38 -3.4e+38 -3.4e+38 -3.4e+38 -3.4e+38 -3.4e+38 -3.4e+38 -3.4e+38 -3.4e+38 -3.4e+38 -3.4e+38 -3.4e+38 -3.4e+38 -3.4e+38 -3.4e+38 -3.4e+38 -3.4e+38 -3.4e+38 -3.4e+38 -3.4e+38 -3.4e+38 -3.4e+38 -3.4e+38 -3.4e+38 -3.4e+38 -3.4e+38 -3.4e+38 -3.4e+38 -3.4e+38 -3.4e+38 -3.4e+38 -3.4e+38 -3.4e+38 -3.4e+38 -3.4e+38 -3.4e+38 1082 1072 1059 1048 1043 1035 1028 1015 1008 1003 1003 1000 999 1000 1000 1003 1003 1000 996 987 979 979 973 966 962 959 959 961 962 975 976 967 965 957 953 951
-3.4e+38 -3.4e+38 -3.4e+38 -3.4e+38 -3.4e+38 -3.4e+38 -3.4e+38 -3.4e+38 -3.4e+38 -3.4e+38 -3.4e+38 -3.4e+38 -3.4e+38 -3.4e+38 -3.4e+38 -3.4e+38 -3.4e+38 -3.4e+38 -3.4e+38 -3.4e+38 -3.4e+38 -3.4e+38 -3.4e+38 -3.4e+38 -3.4e+38 -3.4e+38 -3.4e+38 -3.4e+38 -3.4e+38 -3.4e+38 -3.4e+38 -3.4e+38 -3.4e+38 -3.4e+38 -3.4e+38 -3.4e+38 -3.4e+38 -3.4e+38 -3.4e+38 -3.4e+38 -3.4e+38 1099 1084 1072 1066 1056 1049 1037 1027 1024 1019 1022 1015 1012 1015 1016 1016 1011 1011 1003 994 986 985 977 974 974 973 973 978 987 998 998 994 990 983 974 970
-339999999999999996123846586046231871488.000000000000000 -3.4e+38 -3.4e+38 -3.4e+38 -3.4e+38 -3.4e+38 -3.4e+38 -3.4e+38 -3.4e+38 -3.4e+38 -3.4e+38 -3.4e+38 -3.4e+38 -3.4e+38 -3.4e+38 -3.4e+38 -3.4e+38 -3.4e+38 -3.4e+38 -3.4e+38 -3.4e+38 -3.4e+38 -3.4e+38 -3.4e+38 -3.4e+38 -3.4e+38 -3.4e+38 -3.4e+38 -3.4e+38 -3.4e+38 -3.4e+38 -3.4e+38 -3.4e+38 -3.4e+38 -3.4e+38 -3.4e+38 -3.4e+38 -3.4e+38 -3.4e+38 -3.4e+38 -3.4e+38 -3.4e+38 1105 1090 1078 1067 1062 1052 1040 1038 1036 1036 1031 1031 1030 1032 1031 1027 1020 1014 1008 996 995 991 983 980 984 985 990 1004 1017 1010 1011 1009 1009 1002 992
-3.4e+38 -3.4e+38 -3.4e+38 -3.4e+38 -3.4e+38 -3.4e+38 -3.4e+38 -3.4e+38 -3.4e+38 -3.4e+38 -3.4e+38 -3.4e+38 -3.4e+38 -3.4e+38 -3.4e+38 -3.4e+38 -3.4e+38 -3.4e+38 -3.4e+38 -3.4e+38 -3.4e+38 -3.4e+38 -3.4e+38 -3.4e+38 -3.4e+38 -3.4e+38 -3.4e+38 -3.4e+38 -3.4e+38 -3.4e+38 -3.4e+38 -3.4e+38 -3.4e+38 -3.4e+38 -3.4e+38 -3.4e+38 -3.4e+38 -3.4e+38 -3.4e+38 -3.4e+38 -3.4e+38 -3.4e+38 -3.4e+38 1107 1093 1084 1077 1059 1055 1057 1052 1049 1047 1043 1043 1047 1044 1038 1032 1025 1019 1008 1003 994 990 989 991 997 1005 1020 1027 1028 1030 1029 1032 1028 1028
-3.4e+38 -3.4e+38 -3.4e+38 -3.4e+38 -3.4e+38 -3.4e+38 -3.4e+38 -3.4e+38 -3.4e+38 -3.4e+38 -3.4e+38 -3.4e+38 -3.4e+38 -3.4e+38 -3.4e+38 -3.4e+38 -3.4e+38 -3.4e+38 -3.4e+38 -3.4e+38 -3.4e+38 -3.4e+38 -3.4e+38 -3.4e+38 -3.4e+38 -3.4e+38 -3.4e+38 -3.4e+38 -3.4e+38 -3.4e+38 -3.4e+38 -3.4e+38 -3.4e+38 -3.4e+38 -3.4e+38 -3.4e+38 -3.4e+38 -3.4e+38 -3.4e+38 -3.4e+38 -3.4e+38 -3.4e+38 -3.4e+38 -3.4e+38 -3.4e+38 1100 1091 1070 1070 1066 1065 1064 1063 1059 1059 1059 1061 1057 1046 1038 1027 1020 1011 1002 995 995 1004 1010 1017 1029 1041 1043 1046 1048 1050 1052 1053
-3.4e+38 -3.4e+38 -3.4e+38 -3.4e+38 -3.4e+38 -3.4e+38 -3.4e+38 -3.4e+38 -3.4e+38 -3.4e+38 -3.4e+38 -3.4e+38 -3.4e+38 -3.4e+38 -3.4e+38 -3.4e+38 -3.4e+38 -3.4e+38 -3.4e+38 -3.4e+38 -3.4e+38 -3.4e+38 -3.4e+38 -3.4e+38 -3.4e+38 -3.4e+38 -3.4e+38 -3.4e+38 -3.4e+38 -3.4e+38 -3.4e+38 -3.4e+38 -3.4e+38 -3.4e+38 -3.4e+38 -3.4e+38 -3.4e+38 -3.4e+38 -3.4e+38 -3.4e+38 -3.4e+38 -3.4e+38 -3.4e+38 -3.4e+38 -3.4e+38 -3.4e+38 1101 1092 1082 1084 1079 1080 1076 1074 1075 1074 1075 1069 1056 1048 1040 1031 1021 1013 1006 1005 1008 1017 1025 1040 1048 1054 1060 1062 1076 1075 1077
-3.4e+38 -3.4e+38 -3.4e+38 -3.4e+38 -3.4e+38 -3.4e+38 -3.4e+38 -3.4e+38 -3.4e+38 -3.4e+38 -3.4e+38 -3.4e+38 -3.4e+38 -3.4e+38 -3.4e+38 -3.4e+38 -3.4e+38 -3.4e+38 -3.4e+38 -3.4e+38 -3.4e+38 -3.4e+38 -3.4e+38 -3.4e+38 -3.4e+38 -3.4e+38 -3.4e+38 -3.4e+38 -3.4e+38 -3.4e+38 -3.4e+38 -3.4e+38 -3.4e+38 -3.4e+38 -3.4e+38 -3.4e+38 -3.4e+38 -3.4e+38 -3.4e+38 -3.4e+38 -3.4e+38 -3.4e+38 -3.4e+38 -3.4e+38 -3.4e+38 -3.4e+38 1119 1109 1092 1096 1093 1090 1090 1091 1087 1085 1083 1080 1072 1060 1053 1044 1034 1022 1017 1017 1021 1027 1033 1040 1053 1060 1068 1080 1088 1090 1091
-3.4e+38 -3.4e+38 -3.4e+38 -3.4e+38 -3.4e+38 -3.4e+38 -3.4e+38 -3.4e+38 -3.4e+38 -3.4e+38 -3.4e+38 -3.4e+38 -3.4e+38 -3.4e+38 -3.4e+38 -3.4e+38 -3.4e+38 -3.4e+38 -3.4e+38 -3.4e+38 -3.4e+38 -3.4e+38 -3.4e+38 -3.4e+38 -3.4e+38 -3.4e+38 -3.4e+38 -3.4e+38 -3.4e+38 -3.4e+38 -3.4e+38 -3.4e+38 -3.4e+38 -3.4e+38 -3.4e+38 -3.4e+38 -3.4e+38 -3.4e+38 -3.4e+38 -3.4e+38 -3.4e+38 -3.4e+38 -3.4e+38 -3.4e+38 1167 1158 1143 1124 1113 1114 1107 1113 1120 1107 1102 1100 1098 1093 1084 1072 1061 1058 1043 1034 1031 1029 1031 1038 1039 1049 1060 1069 1077 1095 1102 1106 1115
-3.4e+38 -3.4e+38 -3.4e+38 -3.4e+38 -3.4e+38 -3.4e+38 -3.4e+38 -3.4e+38 -3.4e+38 -3.4e+38 -3.4e+38 -3.4e+38 -3.4e+38 -3.4e+38 -3.4e+38 -3.4e+38 -3.4e+38 -3.4e+38 -3.4e+38 -3.4e+38 -3.4e+38 -3.4e+38 -3.4e+38 -3.4e+38 -3.4e+38 -3.4e+38 -3.4e+38 -3.4e+38 -3.4e+38 -3.4e+38 -3.4e+38 -3.4e+38 -3.4e+38 -3.4e+38 -3.4e+38 -3.4e+38 -3.4e+38 -3.4e+38 -3.4e+38 -3.4e+38 -3.4e+38 -3.4e+38 -3.4e+38 -3.4e+38 1193 1177 1166 1151 1136 1134 1132 1128 1124 1117 1114 1111 1111 1108 1097 1085 1074 1069 1056 1043 1038 1037 1039 1044 1053 1058 1067 1076 1086 1096 1110 1120 1134
-3.4e+38 -3.4e+38 -3.4e+38 -3.4e+38 -3.4e+38 -3.4e+38 -3.4e+38 -3.4e+38 -3.4e+38 -3.4e+38 -3.4e+38 -3.4e+38 -3.4e+38 -3.4e+38 -3.4e+38 -3.4e+38 -3.4e+38 -3.4e+38 -3.4e+38 -3.4e+38 -3.4e+38 -3.4e+38 -3.4e+38 -3.4e+38 -3.4e+38 -3.4e+38 -3.4e+38 -3.4e+38 -3.4e+38 -3.4e+38 -3.4e+38 -3.4e+38 -3.4e+38 -3.4e+38 -3.4e+38 -3.4e+38 -3.4e+38 -3.4e+38 -3.4e+38 -3.4e+38 -3.4e+38 -3.4e+38 -3.4e+38 1228 1217 -3.4e+38 -3.4e+38 1177 1163 1156 1149 1144 1139 1134 1127 1129 1126 1123 1111 1101 1093 1079 1069 1061 1051 1056 1052 1057 1061 1063 1073 1081 1092 1104 1118 1117 1133
-3.4e+38 -3.4e+38 -3.4e+38 -3.4e+38 -3.4e+38 -3.4e+38 -3.4e+38 -3.4e+38 -3.4e+38 -3.4e+38 -3.4e+38 -3.4e+38 -3.4e+38 -3.4e+38 -3.4e+38 -3.4e+38 -3.4e+38 -3.4e+38 -3.4e+38 -3.4e+38 -3.4e+38 -3.4e+38 -3.4e+38 -3.4e+38 -3.4e+38 -3.4e+38 -3.4e+38 -3.4e+38 -3.4e+38 -3.4e+38 -3.4e+38 -3.4e+38 -3.4e+38 -3.4e+38 -3.4e+38 -3.4e+38 -3.4e+38 -3.4e+38 -3.4e+38 -3.4e+38 -3.4e+38 -3.4e+38 -3.4e+38 -3.4e+38 -3.4e+38 -3.4e+38 -3.4e+38 1206 1193 1183 1177 1169 1156 1151 1151 1140 1139 1140 1130 1116 1104 1093 1080 1070 1083 1074 1065 1073 1065 1072 1082 1088 1099 1115 1111 1117 1128
-3.4e+38 -3.4e+38 -3.4e+38 -3.4e+38 -3.4e+38 -3.4e+38 -3.4e+38 -3.4e+38 -3.4e+38 -3.4e+38 -3.4e+38 -3.4e+38 -3.4e+38 -3.4e+38 -3.4e+38 -3.4e+38 -3.4e+38 -3.4e+38 -3.4e+38 -3.4e+38 -3.4e+38 -3.4e+38 -3.4e+38 -3.4e+38 -3.4e+38 -3.4e+38 -3.4e+38 -3.4e+38 -3.4e+38 -3.4e+38 -3.4e+38 -3.4e+38 -3.4e+38 -3.4e+38 -3.4e+38 -3.4e+38 -3.4e+38 -3.4e+38 -3.4e+38 -3.4e+38 -3.4e+38 -3.4e+38 -3.4e+38 -3.4e+38 -3.4e+38 -3.4e+38 -3.4e+38 1238 1227 1211 1203 1192 1180 1171 1176 1164 1169 1166 1144 1136 1121 1110 1090 1087 1096 1077 1085 1080 1094 1082 1089 1095 1100 1108 1111 1114 1114
