rasters/Mali_SNDPPT_M_sl2_250m_ll.asc
NCOLS 198 
NROWS 178 
XLLCORNER -12.264130412 
YLLCORNER 10.140054014 
CELLSIZE 0.0833321619545454 
NODATA_value -9999 
[rows 150 to 174 of 178, columns 56 to 111 of 198]
57.2977528089931 51.9550561797755 45.9775280898881 47.567415730335 49.5449438202236 45.5898876404471 51.0224719101119 53 55.0674157303348 54 56.4101123595523 58.4775280898881 51.5898876404475 54.0898876404475 56.5224719101117 56.4101123595527 54.9325842696648 56.5 61 56.5224719101119 57.8651685393283 57.4999999999998 60.4775280898883 60.5 58.9775280898881 55.5898876404471 59.0449438202238 60.4550561797761 57.9550561797762 60.0674157303356 58.0449438202238 57.955056179777 62.4101123595527 55.5000000000002 56.9775280898885 58.4325842696644 51.5674157303356 54.9550561797771 -9999 -9999 -9999 -9999 -9999 -9999 -9999 -9999 -9999 -9999 -9999 -9999 -9999 -9999 -9999 -9999 -9999 -9999
47.5224719101102 49.0056179775284 52.5112359550549 46 44.4999999999998 47.5000000000004 54.5 53.0056179775275 55.9999999999996 56.9831460674182 51.5056179775278 58.9831460674174 56.5056179775275 49.5056179775275 56.9550561797797 48.5280898876379 47.5000000000002 50.9887640449449 50.4943820224725 65.0056179775275 64.47752808989 58 62 60.9943820224725 61.0112359550551 61.9887640449449 57.5224719101104 63 61.5056179775273 58.9943820224725 58.4775280898898 60.5056179775271 60.5112359550553 57.5056179775278 57.9831460674169 53.5168539325826 54.5056179775275 55.9775280898907 -9999 -9999 -9999 -9999 -9999 -9999 -9999 -9999 -9999 -9999 -9999 -9999 -9999 -9999 -9999 -9999 -9999 -9999
49.5337078651687 49.4325842696631 50.1011235955056 51.4662921348307 51.0000000000004 49.0674157303373 53.601123595506 51.5 51.5000000000002 50.5674157303379 50.5337078651684 49.6685393258434 53.8651685393253 52.8651685393253 54.5674157303371 42.1011235955056 41.8651685393241 46.297752808988 52.4662921348313 49.898876404494 51.9662921348317 58.4662921348311 54.966292134831 57.4662921348313 59.9662921348313 61.6348314606743 61.5674157303375 62.1685393258438 57.5674157303367 62.0337078651687 60.0337078651687 62.1348314606747 60.4999999999998 62.9999999999996 55.1348314606747 57.8314606741566 63 -9999 -9999 -9999 -9999 -9999 -9999 -9999 -9999 -9999 -9999 -9999 -9999 -9999 -9999 -9999 -9999 -9999 -9999 -9999
53.5056179775284 54.4382022471907 49.9999999999996 50.0617977528102 50.3146067415734 53.0000000000001 51.3146067415731 51.1853932584268 50.4382022471913 53.4382022471912 57.2528089887644 46.061797752809 50.6235955056179 48.4943820224716 49.0000000000004 51.4999999999997 52.314606741573 51 50.6292134831463 48.5 46.3146067415733 44.5617977528095 48.1853932584268 50.3707865168537 62.3764044943821 55.9382022471905 55.5000000000002 60.5617977528091 60.808988764045 65.438202247191 62.5617977528089 59.5000000000004 56.8764044943821 57.3764044943815 55.5000000000002 61.1853932584268 -9999 -9999 -9999 -9999 -9999 -9999 -9999 -9999 -9999 -9999 -9999 -9999 -9999 -9999 -9999 -9999 -9999 -9999 -9999 -9999
53.4101123595504 48.9494382022479 48.8202247191011 52.1797752808993 53.820224719101 51.0898876404499 54.6797752808993 52.1797752808993 52.1797752808992 53.8202247191007 48.0898876404495 50.9101123595503 55.5898876404496 52.0898876404497 52.6404494382019 44.589887640449 55.5000000000003 51.5 40.5 55.3202247191007 50.3202247191009 49.3202247191012 49.7696629213488 47.3202247191007 55.4606741573021 56.8202247191007 49.8202247191003 54.4101123595505 56.5898876404499 57.6404494382014 50.8595505617986 62.5000000000013 60.4494382022487 56.9101123595504 50.6797752808996 -9999 -9999 -9999 -9999 -9999 -9999 -9999 -9999 -9999 -9999 -9999 -9999 -9999 -9999 -9999 -9999 -9999 -9999 -9999 -9999 -9999
46.3820224719102 53.02808988764 53.6741573033712 52.6179775280903 54.2640449438205 49.9719101123595 51.5 48.0898876404491 49.14606741573 51.9101123595509 52.3820224719103 52.6179775280898 52.6179775280898 54.5280898876407 53.6460674157306 51.3539325842695 50.6179775280897 55.0898876404491 52.5617977528085 44.5 52.61797752809 51.8539325842697 47.6460674157306 48.7359550561797 57.0280898876407 51 45.2640449438201 54.8539325842697 56.2640449438207 49.6460674157305 51.5561797752814 52.7359550561801 58.9101123595505 55.2640449438205 -9999 -9999 -9999 -9999 -9999 -9999 -9999 -9999 -9999 -9999 -9999 -9999 -9999 -9999 -9999 -9999 -9999 -9999 -9999 -9999 -9999 -9999
52.5617977528085 50.0617977528076 52.4999999999998 53.5000000000003 50.853932584269 50.4382022471908 50.7696629213474 51.292134831461 48.1460674157302 52.0000000000001 52.9382022471918 52.4775280898864 53.292134831461 49.9382022471915 49.5000000000005 51 48.4999999999999 48.584269662922 55.3539325842695 51.7303370786525 43.7078651685398 49.584269662922 46.3539325842695 49.792134831461 48.3764044943831 51.769662921348 47.8539325842699 46.4999999999998 49.415730337078 -9999 -9999 -9999 -9999 -9999 -9999 -9999 -9999 -9999 -9999 -9999 -9999 -9999 -9999 -9999 -9999 -9999 -9999 -9999 -9999 -9999 -9999 -9999 -9999 -9999 -9999 -9999
52.0449438202271 45.0000000000006 50.1741573033706 49.1741573033714 54.3033707865152 58.6966292134847 48.1741573033712 55 50.0224719101134 59.1741573033711 52.3707865168562 55.8033707865152 53.6516853932576 49.5 51.1741573033711 50.0224719101134 53.6516853932576 52 50.9775280898864 58.6741573033712 51.2808988764018 53.0224719101137 53.5000000000002 54.3483146067424 49.3258426966288 45.1966292134849 54.674157303371 50.8258426966286 -9999 -9999 -9999 -9999 -9999 -9999 -9999 -9999 -9999 -9999 -9999 -9999 -9999 -9999 -9999 -9999 -9999 -9999 -9999 -9999 -9999 -9999 -9999 -9999 -9999 -9999 -9999 -9999
53.6067415730343 53.3089887640458 52.797752808988 43.9999999999992 56.4044943820235 47.5955056179771 50 53.2977528089886 54.202247191012 57.6910112359544 52.6067415730342 55.4044943820229 50.0955056179771 49.6910112359542 49.5955056179767 54.0000000000003 51.2977528089888 52 48 53.7022471910114 57.5000000000002 58.7977528089881 53.2977528089887 51.7022471910114 56.0112359550572 51.0842696629191 52.7134831460689 51.4999999999998 -9999 -9999 -9999 -9999 -9999 -9999 -9999 -9999 -9999 -9999 -9999 -9999 -9999 -9999 -9999 -9999 -9999 -9999 -9999 -9999 -9999 -9999 -9999 -9999 -9999 -9999 -9999 -9999
52.1910112359557 51.2303370786508 49.0393258426958 58.0786516853931 54.578651685392 52.3820224719126 54.7696629213481 54.5393258426962 54.269662921348 50.0000000000002 58.960674157304 54.7303370786519 52.9213483146076 52.5 50.1910112359558 53.7696629213478 59.15168539326 46.5393258426962 55.0786516853924 54.1910112359557 51.2303370786516 50.730337078652 53.230337078652 53.2303370786519 44.4213483146076 52.8089887640446 53.9999999999998 54.7696629213482 -9999 -9999 -9999 -9999 -9999 -9999 -9999 -9999 -9999 -9999 -9999 -9999 -9999 -9999 -9999 -9999 -9999 -9999 -9999 -9999 -9999 -9999 -9999 -9999 -9999 -9999 -9999 -9999
53.550561797753 56.775280898878 53.7921348314603 56.7584269662938 53.741573033708 49.7921348314606 53.5168539325843 54.7584269662922 54.9999999999998 47.7584269662929 47.9494382022476 55.9831460674157 50.7247191011235 52.2752808988765 51.2584269662925 55.5168539325845 50.2415730337079 56.8089887640452 50.0337078651687 54.1741573033705 53.4831460674159 50.0000000000002 46.5337078651682 48.6741573033705 46.0168539325843 54.2415730337072 49.5 46.2752808988762 -9999 -9999 -9999 -9999 -9999 -9999 -9999 -9999 -9999 -9999 -9999 -9999 -9999 -9999 -9999 -9999 -9999 -9999 -9999 -9999 -9999 -9999 -9999 -9999 -9999 -9999 -9999 -9999
56 54.0730337078648 51.5786516853966 56.6460674157316 59.1404494382011 53.6404494382003 56.3595505617986 55 52.4325842696647 56.1404494382011 52.9325842696642 48.7865168539329 50.2134831460671 55.6460674157315 51.073033707866 57.2134831460672 58.2134831460673 52.6460674157315 51.5 49.9325842696643 53.3539325842683 46.7865168539328 57.9999999999998 55 48.4213483146042 52.5000000000008 55.073033707866 53.3539325842685 -9999 -9999 -9999 -9999 -9999 -9999 -9999 -9999 -9999 -9999 -9999 -9999 -9999 -9999 -9999 -9999 -9999 -9999 -9999 -9999 -9999 -9999 -9999 -9999 -9999 -9999 -9999 -9999
53.3146067415731 57.2584269662929 50.741573033707 56.1853932584266 54.1292134831461 57.5730337078657 61.6292134831463 59.6292134831463 58.8146067415732 58.8876404494389 57.1292134831461 54.6292134831463 54 52.9438202247194 55.9999999999997 51.5000000000002 57.3876404494388 60.5 60.2584269662926 54 54.8314606741585 57.0730337078656 57.1853932584269 58 50.1853932584268 56.612359550561 59.4438202247194 58.4438202247195 53.44382022472 -9999 -9999 -9999 -9999 -9999 -9999 -9999 -9999 -9999 -9999 -9999 -9999 -9999 -9999 -9999 -9999 -9999 -9999 -9999 -9999 -9999 -9999 -9999 -9999 -9999 -9999 -9999
52.8707865168525 56.8146067415736 54.8426966292131 56.9999999999996 59 57.7584269662948 59.1573033707869 62.8146067415737 58.6292134831472 57 56.6292134831479 53.0280898876394 56.1853932584263 59 56.1573033707868 50.3426966292137 61.0280898876396 55.5280898876394 63.9719101123606 62 57.370786516852 53.5000000000001 52.8146067415734 54.1573033707869 47.5 54.8146067415733 55 58.8707865168523 -9999 -9999 -9999 -9999 -9999 -9999 -9999 -9999 -9999 -9999 -9999 -9999 -9999 -9999 -9999 -9999 -9999 -9999 -9999 -9999 -9999 -9999 -9999 -9999 -9999 -9999 -9999 -9999
58.6292134831458 57.9999999999994 58.6292134831456 56.2584269662915 55.2584269662914 56.6123595505622 63.2584269662915 59.8539325842712 60.7415730337085 54.2415730337083 56.3707865168541 54.6292134831458 46 51.2415730337085 55.6292134831455 51.7584269662916 56.2584269662915 49.7415730337085 55.8707865168542 59.6292134831457 55.9999999999997 56.2584269662919 58.387640449437 54.5 59 55.3876404494372 58.3707865168544 58.1292134831465 -9999 -9999 -9999 -9999 -9999 -9999 -9999 -9999 -9999 -9999 -9999 -9999 -9999 -9999 -9999 -9999 -9999 -9999 -9999 -9999 -9999 -9999 -9999 -9999 -9999 -9999 -9999 -9999
55.4943820224725 58.7022471910119 60.2977528089884 54.6011235955042 59.4044943820217 58.601123595505 59.3988764044945 57.8988764044945 57.1011235955055 57.3033707865166 53.3988764044943 52.8988764044945 53.4943820224725 53.797752808989 56.5000000000004 55.6011235955057 60.8988764044942 62.6910112359559 54.297752808989 52.3033707865165 54.3033707865169 54.8988764044944 62.6966292134839 59.202247191011 58.702247191011 55.4999999999996 54.6966292134831 -9999 -9999 -9999 -9999 -9999 -9999 -9999 -9999 -9999 -9999 -9999 -9999 -9999 -9999 -9999 -9999 -9999 -9999 -9999 -9999 -9999 -9999 -9999 -9999 -9999 -9999 -9999 -9999 -9999
51.7191011235945 56.35393258427 58.5730337078646 56.4269662921346 58.2808988764058 61.0617977528112 61.4157303370814 59.8539325842703 57.438202247189 51.2191011235945 51.7808988764062 58.8539325842703 58.0730337078648 48.7808988764055 55.4269662921341 58.5730337078646 58.0730337078656 54.7191011235945 51.6460674157297 52 48.6348314606759 55.79213483146 65.0000000000003 57.0730337078648 57.0730337078648 60.5730337078652 60.4269662921354 -9999 -9999 -9999 -9999 -9999 -9999 -9999 -9999 -9999 -9999 -9999 -9999 -9999 -9999 -9999 -9999 -9999 -9999 -9999 -9999 -9999 -9999 -9999 -9999 -9999 -9999 -9999 -9999 -9999
59.3651685393262 54.9550561797762 54.5000000000002 58.5898876404498 59.4550561797756 60.775280898877 54.0449438202246 62.5898876404492 53.5449438202243 56.3651685393264 57.9550561797754 60.9101123595508 57.3202247191015 52.0449438202246 57.5000000000002 44.8651685393262 57.7247191011233 59.0449438202246 56 57.1348314606738 54.0449438202246 46 54.5898876404491 60.0898876404492 62.5449438202246 -9999 -9999 -9999 -9999 -9999 -9999 -9999 -9999 -9999 -9999 -9999 -9999 -9999 -9999 -9999 -9999 -9999 -9999 -9999 -9999 -9999 -9999 -9999 -9999 -9999 -9999 -9999 -9999 -9999 -9999 -9999
53.5 58.9999999999991 59.9325842696644 59 54.4831460674167 62.4494382022479 61.9325842696644 57.4662921348322 58.966292134833 59.9662921348322 56.6011235955037 57.5168539325839 53.4494382022483 54.9662921348322 61.0505617977517 60.5337078651676 58.5674157303354 59.9662921348322 57.6348314606713 58.9494382022483 59.5000000000002 56.0168539325843 56.9325842696648 56.5505617977517 57 65.5168539325844 -9999 -9999 -9999 -9999 -9999 -9999 -9999 -9999 -9999 -9999 -9999 -9999 -9999 -9999 -9999 -9999 -9999 -9999 -9999 -9999 -9999 -9999 -9999 -9999 -9999 -9999 -9999 -9999 -9999 -9999
54.4550561797746 60 56.0224719101123 58.4887640449443 63.4775280898875 58.4662921348297 56.0337078651691 63.4775280898873 58.0561797752814 59.5224719101125 54.5337078651689 53.5112359550563 59.9662921348309 57.5112359550564 63 64.4325842696616 58.5224719101125 55 55.5 50.1235955056199 57.5449438202256 58.0112359550563 55.5112359550562 59.0561797752818 53.5 60.0337078651691 -9999 -9999 -9999 -9999 -9999 -9999 -9999 -9999 -9999 -9999 -9999 -9999 -9999 -9999 -9999 -9999 -9999 -9999 -9999 -9999 -9999 -9999 -9999 -9999 -9999 -9999 -9999 -9999 -9999 -9999
52.8426966292118 57.5786516853944 53.8820224719093 56.3033707865155 59.5000000000002 59 55.1573033707881 59.460674157303 55.5786516853939 55.4213483146053 57.4213483146061 56.7752808988793 61.7359550561822 58.4213483146059 61.4606741573032 55.1179775280915 53.0786516853945 57.6573033707881 61.0786516853941 58.8033707865148 61.4213483146061 59.5786516853938 61.264044943818 55.6179775280911 62.9213483146059 47.5393258426966 -9999 -9999 -9999 -9999 -9999 -9999 -9999 -9999 -9999 -9999 -9999 -9999 -9999 -9999 -9999 -9999 -9999 -9999 -9999 -9999 -9999 -9999 -9999 -9999 -9999 -9999 -9999 -9999 -9999 -9999
60.7696629213477 46.0955056179788 57.5674157303368 56.4325842696636 56.9044943820209 55.7303370786516 60.0674157303369 60.2303370786523 59.4999999999999 61.8651685393266 54.7022471910113 53.2696629213477 55.1348314606738 59.4325842696631 -9999 -9999 54.5674157303367 61.2022471910108 55.8651685393262 54.5674157303369 64.3651685393263 53.3651685393264 52.5955056179789 58.2696629213477 61.4044943820215 -9999 -9999 -9999 -9999 -9999 -9999 -9999 -9999 -9999 -9999 -9999 -9999 -9999 -9999 -9999 -9999 -9999 -9999 -9999 -9999 -9999 -9999 -9999 -9999 -9999 -9999 -9999 -9999 -9999 -9999 -9999
59.6179775280895 54.8820224719108 55.0955056179784 58.6179775280887 55.904494382022 61 56.7865168539329 62.5 61.0224719101116 57.6685393258434 58.5955056179778 -9999 60.1179775280895 58.5 -9999 -9999 54.308988764045 60.7865168539329 58.6910112359553 62.1910112359552 59.0955056179777 61.5000000000001 63.0224719101116 61.5955056179776 64.5955056179776 60.668539325843 -9999 -9999 -9999 -9999 -9999 -9999 -9999 -9999 -9999 -9999 -9999 -9999 -9999 -9999 -9999 -9999 -9999 -9999 -9999 -9999 -9999 -9999 -9999 -9999 -9999 -9999 -9999 -9999 -9999 -9999
58.129213483145 55.2471910112367 59.6235955056184 60.7471910112363 64.0056179775268 58.7471910112371 58.8764044943817 60.8651685393283 64.3764044943818 56.8764044943817 56.8707865168545 -9999 -9999 -9999 -9999 -9999 56.3764044943811 56.1123595505649 60 60.6348314606717 62.6179775280918 59.4999999999998 60.3764044943815 62.7528089887633 63.2528089887633 -9999 -9999 -9999 -9999 -9999 -9999 -9999 -9999 -9999 -9999 -9999 -9999 -9999 -9999 -9999 -9999 -9999 -9999 -9999 -9999 -9999 -9999 -9999 -9999 -9999 -9999 -9999 -9999 -9999 -9999 -9999
57.3932584269656 -9999 55.5898876404489 60.4999999999994 59.803370786517 56.3033707865166 58.6067415730344 64.1516853932586 59.4831460674137 58.4999999999997 56 -9999 -9999 -9999 -9999 -9999 -9999 57.4550561797758 58.1966292134828 56.8033707865172 61.1348314606723 57.8483146067413 56.5000000000004 -9999 -9999 -9999 -9999 -9999 -9999 -9999 -9999 -9999 -9999 -9999 -9999 -9999 -9999 -9999 -9999 -9999 -9999 -9999 -9999 -9999 -9999 -9999 -9999 -9999 -9999 -9999 -9999 -9999 -9999 -9999 -9999 -9999
