rasters/Mali_bio10.asc
NCOLS 198 
NROWS 178 
XLLCORNER -12.264130412 
YLLCORNER 10.140054014 
CELLSIZE 0.0833321619545454 
NODATA_value -3.4e+38 
[rows 0 to 21 of 178, columns 51 to 101 of 198]
-3.4e+38 -3.4e+38 -3.4e+38 -3.4e+38 -3.4e+38 -3.4e+38 -3.4e+38 -3.4e+38 -3.4e+38 -3.4e+38 -3.4e+38 -3.4e+38 -3.4e+38 -3.4e+38 -3.4e+38 -3.4e+38 -3.4e+38 36.3643341064453 36.2638320922852 36.1608352661133 36.4061660766602 36.6493339538574 36.5833320617676 36.5838317871094 36.6668319702148 36.8148345947266 37.0089988708496 37.272834777832 37.3306655883789 37.0911674499512 37.0660018920898 37.2093315124512 37.3834991455078 37.4026679992676 37.3525009155273 37.635498046875 37.9145011901855 37.9913330078125 38.1341667175293 -3.4e+38 -3.4e+38 -3.4e+38 -3.4e+38 -3.4e+38 -3.4e+38 -3.4e+38 -3.4e+38 -3.4e+38 -3.4e+38 -3.4e+38 -3.4e+38
-3.4e+38 -3.4e+38 -3.4e+38 -3.4e+38 -3.4e+38 -3.4e+38 -3.4e+38 -3.4e+38 -3.4e+38 -3.4e+38 -3.4e+38 -3.4e+38 -3.4e+38 -3.4e+38 -3.4e+38 -3.4e+38 -3.4e+38 36.3235015869141 36.5060005187988 36.5589981079102 36.7036666870117 36.5673332214355 36.5664978027344 36.5821685791016 36.6996650695801 36.9261665344238 37.1238327026367 37.2324981689453 37.3321685791016 37.4305000305176 37.5164985656738 37.6228332519531 37.7379989624023 37.6611671447754 37.5443344116211 37.6308326721191 37.8426666259766 37.9436683654785 38.0843315124512 38.1394996643066 -3.4e+38 -3.4e+38 -3.4e+38 -3.4e+38 -3.4e+38 -3.4e+38 -3.4e+38 -3.4e+38 -3.4e+38 -3.4e+38 -3.4e+38
-3.4e+38 -3.4e+38 -3.4e+38 -3.4e+38 -3.4e+38 -3.4e+38 -3.4e+38 -3.4e+38 -3.4e+38 -3.4e+38 -3.4e+38 -3.4e+38 -3.4e+38 -3.4e+38 -3.4e+38 -3.4e+38 -3.4e+38 36.3704986572266 36.7023315429688 36.9151649475098 36.5351676940918 36.5293350219727 36.6613349914551 36.6453323364258 36.7558326721191 36.9098320007324 37.0831680297852 37.3348350524902 37.6066665649414 37.714168548584 37.8105010986328 37.9334983825684 37.8931655883789 37.7729988098145 37.6640014648438 37.6969985961914 37.9659996032715 37.9233322143555 38.1088333129883 38.1326675415039 37.9411659240723 37.8110008239746 -3.4e+38 -3.4e+38 -3.4e+38 -3.4e+38 -3.4e+38 -3.4e+38 -3.4e+38 -3.4e+38 -3.4e+38
-3.4e+38 -3.4e+38 -3.4e+38 -3.4e+38 -3.4e+38 -3.4e+38 -3.4e+38 -3.4e+38 -3.4e+38 -3.4e+38 -3.4e+38 -3.4e+38 -3.4e+38 -3.4e+38 -3.4e+38 -3.4e+38 -3.4e+38 36.5773315429688 36.7866668701172 36.594165802002 36.5201683044434 36.5796661376953 36.6258354187012 36.5595016479492 36.6963348388672 36.976001739502 37.4495010375977 37.5988349914551 37.7676658630371 37.9148330688477 38.0196685791016 38.066333770752 38.0268325805664 38.0221672058105 37.8988342285156 37.8658332824707 38.1868324279785 38.1851654052734 38.1339988708496 37.9101676940918 38.0564994812012 37.9218330383301 37.9688339233398 -3.4e+38 -3.4e+38 -3.4e+38 -3.4e+38 -3.4e+38 -3.4e+38 -3.4e+38 -3.4e+38
-3.4e+38 -3.4e+38 -3.4e+38 -3.4e+38 -3.4e+38 -3.4e+38 -3.4e+38 -3.4e+38 -3.4e+38 -3.4e+38 -3.4e+38 -3.4e+38 -3.4e+38 -3.4e+38 -3.4e+38 -3.4e+38 -3.4e+38 36.6711654663086 36.8605003356934 36.5688323974609 36.4656677246094 36.5288314819336 36.6351661682129 36.8815002441406 37.1866645812988 37.3913345336914 37.5721664428711 37.8028335571289 37.9055023193359 37.9733352661133 38.0653343200684 38.1006660461426 38.0053329467773 38.207332611084 38.1473350524902 38.1628341674805 38.3014984130859 38.0934982299805 37.9584999084473 37.9724998474121 38.019832611084 37.9169998168945 37.7758331298828 37.6848335266113 37.5773315429688 -3.4e+38 -3.4e+38 -3.4e+38 -3.4e+38 -3.4e+38 -3.4e+38
-3.4e+38 -3.4e+38 -3.4e+38 -3.4e+38 -3.4e+38 -3.4e+38 -3.4e+38 -3.4e+38 -3.4e+38 -3.4e+38 -3.4e+38 -3.4e+38 -3.4e+38 -3.4e+38 -3.4e+38 -3.4e+38 -3.4e+38 -3.4e+38 36.5120010375977 36.3395004272461 36.3796691894531 36.6376686096191 36.9438323974609 37.1698341369629 37.4995002746582 37.6651649475098 37.6903343200684 37.6286659240723 37.8984985351562 38.0475006103516 38.1466674804688 38.2006683349609 38.0909996032715 38.4106674194336 38.1706657409668 38.3838348388672 38.3686676025391 37.9811668395996 37.8901672363281 37.7828330993652 37.6816673278809 37.6403350830078 37.5955009460449 37.5053329467773 37.4368324279785 37.446834564209 -3.4e+38 -3.4e+38 -3.4e+38 -3.4e+38 -3.4e+38
-3.4e+38 -3.4e+38 -3.4e+38 -3.4e+38 -3.4e+38 -3.4e+38 -3.4e+38 -3.4e+38 -3.4e+38 -3.4e+38 -3.4e+38 -3.4e+38 -3.4e+38 -3.4e+38 -3.4e+38 -3.4e+38 -3.4e+38 -3.4e+38 36.3880004882812 36.5538330078125 36.8675003051758 37.1386680603027 37.2358322143555 37.3241653442383 37.4766654968262 37.5536651611328 37.6301651000977 37.7124977111816 37.9589996337891 38.0846672058105 38.2605018615723 38.140998840332 38.1969985961914 38.2056655883789 38.0183334350586 37.9794998168945 37.8525009155273 37.6728324890137 37.5863342285156 37.5138320922852 37.4766654968262 37.4616661071777 37.433666229248 37.3673324584961 37.3493347167969 37.4173316955566 37.4918327331543 37.5851669311523 -3.4e+38 -3.4e+38 -3.4e+38
-3.4e+38 -3.4e+38 -3.4e+38 -3.4e+38 -3.4e+38 -3.4e+38 -3.4e+38 -3.4e+38 -3.4e+38 -3.4e+38 -3.4e+38 -3.4e+38 -3.4e+38 -3.4e+38 -3.4e+38 -3.4e+38 -3.4e+38 -3.4e+38 36.7088317871094 36.9608345031738 37.1428337097168 37.1928329467773 37.2379989624023 37.3113327026367 37.3908348083496 37.4711685180664 37.5578346252441 37.5559997558594 37.6496658325195 37.9078330993652 37.9751663208008 37.9375 37.857666015625 37.800666809082 37.6706657409668 37.5708312988281 37.5341644287109 37.4678344726562 37.4401664733887 37.3946685791016 37.3815002441406 37.3701667785645 37.3331642150879 37.3443336486816 37.3608322143555 37.4043350219727 37.5651664733887 37.6025009155273 37.5273323059082 37.5341682434082 -3.4e+38
-3.4e+38 -3.4e+38 -3.4e+38 -3.4e+38 -3.4e+38 -3.4e+38 -3.4e+38 -3.4e+38 -3.4e+38 -3.4e+38 -3.4e+38 -3.4e+38 -3.4e+38 -3.4e+38 -3.4e+38 -3.4e+38 -3.4e+38 -3.4e+38 36.9819984436035 37.0846672058105 37.1665000915527 37.2148323059082 37.3935012817383 37.2718315124512 37.1196670532227 37.2145004272461 37.3533325195312 37.4068336486816 37.5838317871094 37.8003349304199 37.7603340148926 37.7291679382324 37.6658325195312 37.5454978942871 37.4689979553223 37.4174995422363 37.3976669311523 37.3740005493164 37.3531646728516 37.3381690979004 37.3349990844727 37.333667755127 37.3310012817383 37.3655014038086 37.3968315124512 37.441333770752 37.5946655273438 37.519832611084 37.4971656799316 37.4821662902832 37.2651672363281
-3.4e+38 -3.4e+38 -3.4e+38 -3.4e+38 -3.4e+38 -3.4e+38 -3.4e+38 -3.4e+38 -3.4e+38 -3.4e+38 -3.4e+38 -3.4e+38 -3.4e+38 -3.4e+38 -3.4e+38 -3.4e+38 -3.4e+38 -3.4e+38 36.8940010070801 37.0224990844727 37.156665802002 37.2265014648438 37.2933349609375 37.2721672058105 37.0618324279785 36.9568328857422 37.0626678466797 37.4220008850098 37.6660003662109 37.7628326416016 37.6744995117188 37.6078338623047 37.4508323669434 37.3486671447754 37.2968330383301 37.263500213623 37.3141670227051 37.3079986572266 37.2840003967285 37.3213348388672 37.3338317871094 37.2946662902832 37.2971649169922 37.3533325195312 37.4490013122559 37.4734992980957 37.5688323974609 37.4114990234375 37.485668182373 37.5470008850098 37.2220001220703
-3.4e+38 -3.4e+38 -3.4e+38 -3.4e+38 -3.4e+38 -3.4e+38 -3.4e+38 -3.4e+38 -3.4e+38 -3.4e+38 -3.4e+38 -3.4e+38 -3.4e+38 -3.4e+38 -3.4e+38 -3.4e+38 -3.4e+38 -3.4e+38 37.210334777832 37.2454986572266 37.1661682128906 37.0801658630371 37.0223350524902 37.103832244873 37.2123336791992 37.1376647949219 37.3016662597656 37.5251655578613 37.5863342285156 37.6006660461426 37.4778327941895 37.4126663208008 37.3306655883789 37.2783355712891 37.1513328552246 37.1110000610352 37.1759986877441 37.1720008850098 37.196834564209 37.291332244873 37.321834564209 37.2045021057129 37.210334777832 37.2654991149902 37.3906669616699 37.4088325500488 37.3484992980957 37.3671684265137 37.5153312683105 37.3598327636719 37.1588325500488
-3.4e+38 -3.4e+38 -3.4e+38 -3.4e+38 -3.4e+38 -3.4e+38 -3.4e+38 -3.4e+38 -3.4e+38 -3.4e+38 -3.4e+38 -3.4e+38 -3.4e+38 -3.4e+38 -3.4e+38 -3.4e+38 -3.4e+38 -3.4e+38 37.2543334960938 37.2873344421387 37.1889991760254 36.9993324279785 37.0968322753906 37.0914993286133 37.1100006103516 37.2550010681152 37.496166229248 37.4971656799316 37.436164855957 37.3194999694824 37.2713317871094 37.2136650085449 37.2216644287109 37.2350006103516 37.1100006103516 37.0439987182617 36.9609985351562 36.9668350219727 37.0071640014648 36.9931678771973 36.9475021362305 36.982666015625 37.0756683349609 37.1963348388672 37.2583351135254 37.1931686401367 37.1791648864746 37.3066673278809 37.3341674804688 37.0838317871094 37.1406669616699
-3.4e+38 -3.4e+38 -3.4e+38 -3.4e+38 -3.4e+38 -3.4e+38 -3.4e+38 -3.4e+38 -3.4e+38 -3.4e+38 -3.4e+38 -3.4e+38 -3.4e+38 -3.4e+38 -3.4e+38 -3.4e+38 -3.4e+38 -3.4e+38 37.2266693115234 37.363166809082 37.2430000305176 37.0978317260742 37.1593322753906 37.0668334960938 37.0696678161621 37.2438316345215 37.3256645202637 37.3159980773926 37.2519989013672 37.0330009460449 36.9706649780273 36.9588317871094 36.9174995422363 36.8300018310547 36.8584976196289 36.8938331604004 36.6888313293457 36.7678337097168 36.856330871582 36.7731666564941 36.7771682739258 36.8401679992676 36.8720016479492 36.9403343200684 37.0035018920898 36.9531669616699 37.0053329467773 37.1883316040039 37.1404991149902 37.0236663818359 37.070499420166
-3.4e+38 -3.4e+38 -3.4e+38 -3.4e+38 -3.4e+38 -3.4e+38 -3.4e+38 -3.4e+38 -3.4e+38 -3.4e+38 -3.4e+38 -3.4e+38 -3.4e+38 -3.4e+38 -3.4e+38 -3.4e+38 -3.4e+38 -3.4e+38 37.1964988708496 37.2601661682129 37.0488319396973 36.912166595459 36.9983329772949 37.0723342895508 37.0040016174316 36.9208335876465 36.824333190918 36.7224998474121 36.6604995727539 36.6356658935547 36.6311645507812 36.5961647033691 36.5965003967285 36.5493316650391 36.5613327026367 36.6074981689453 36.594165802002 36.6921653747559 36.7796669006348 36.8030014038086 36.8240013122559 36.9506683349609 36.8886642456055 36.8573341369629 36.9056663513184 36.939998626709 37.0089988708496 37.0035018920898 37.0665016174316 37.1408309936523 37.0125007629395
-3.4e+38 -3.4e+38 -3.4e+38 -3.4e+38 -3.4e+38 -3.4e+38 -3.4e+38 -3.4e+38 -3.4e+38 -3.4e+38 -3.4e+38 -3.4e+38 -3.4e+38 -3.4e+38 -3.4e+38 -3.4e+38 -3.4e+38 -3.4e+38 -3.4e+38 37.0400009155273 37.1316680908203 37.1311683654785 37.0244979858398 36.873664855957 36.7233352661133 36.6628341674805 36.4853324890137 36.5101661682129 36.5900001525879 36.5796661376953 36.5494995117188 36.5733337402344 36.5970001220703 36.6268348693848 36.6491661071777 36.6549987792969 36.6935005187988 36.7873344421387 36.8634986877441 36.9449996948242 37.1186676025391 37.1798324584961 36.9205017089844 36.9355010986328 37.0499992370605 37.0368309020996 37.0045013427734 36.9556655883789 37.0175018310547 37.2478332519531 37.1653327941895
-3.4e+38 -3.4e+38 -3.4e+38 -3.4e+38 -3.4e+38 -3.4e+38 -3.4e+38 -3.4e+38 -3.4e+38 -3.4e+38 -3.4e+38 -3.4e+38 -3.4e+38 -3.4e+38 -3.4e+38 -3.4e+38 -3.4e+38 -3.4e+38 -3.4e+38 37.1551666259766 37.0328330993652 36.9174995422363 36.7203330993652 36.5616683959961 36.5453338623047 36.6526641845703 36.53466796875 36.5741653442383 36.5683326721191 36.5973320007324 36.6413345336914 36.7211647033691 36.7533340454102 36.7903327941895 36.833667755127 36.849666595459 36.9631652832031 37.1058349609375 37.1306648254395 37.2188339233398 37.3683319091797 37.2779998779297 37.0854988098145 37.0336685180664 37.2078323364258 37.2393341064453 37.1188316345215 37.1053314208984 37.3116683959961 37.4048347473145 37.3483352661133
-3.4e+38 -3.4e+38 -3.4e+38 -3.4e+38 -3.4e+38 -3.4e+38 -3.4e+38 -3.4e+38 -3.4e+38 -3.4e+38 -3.4e+38 -3.4e+38 -3.4e+38 -3.4e+38 -3.4e+38 -3.4e+38 -3.4e+38 -3.4e+38 -3.4e+38 36.8751678466797 36.710334777832 36.5813331604004 36.6559982299805 36.666332244873 36.5616683959961 36.5209999084473 36.5450019836426 36.6281661987305 36.6548347473145 36.7206649780273 36.8769989013672 36.9521675109863 36.9650001525879 36.9968338012695 37.0909996032715 37.0783348083496 37.1976661682129 37.3253326416016 37.326831817627 37.3106651306152 37.2998352050781 37.2089996337891 37.1356658935547 37.1404991149902 37.3351669311523 37.3838348388672 37.3334999084473 37.1986656188965 37.2724990844727 37.3213348388672 37.2453346252441
-3.4e+38 -3.4e+38 -3.4e+38 -3.4e+38 -3.4e+38 -3.4e+38 -3.4e+38 -3.4e+38 -3.4e+38 -3.4e+38 -3.4e+38 -3.4e+38 -3.4e+38 -3.4e+38 -3.4e+38 -3.4e+38 -3.4e+38 -3.4e+38 -3.4e+38 36.5473327636719 36.5354995727539 36.5326690673828 36.646167755127 36.6044998168945 36.5016670227051 36.5508346557617 36.6199989318848 36.6146659851074 36.7826652526855 36.913501739502 36.9851684570312 37.0626678466797 37.1411666870117 37.1074981689453 37.0376663208008 37.1103324890137 37.1824989318848 37.2789993286133 37.3091659545898 37.2108345031738 37.0468330383301 36.9566650390625 37.0795021057129 37.3129997253418 37.3371658325195 37.1623344421387 37.1493339538574 37.2734985351562 37.345832824707 37.3268356323242 37.2746658325195
-3.4e+38 -3.4e+38 -3.4e+38 -3.4e+38 -3.4e+38 -3.4e+38 -3.4e+38 -3.4e+38 -3.4e+38 -3.4e+38 -3.4e+38 -3.4e+38 -3.4e+38 -3.4e+38 -3.4e+38 -3.4e+38 -3.4e+38 -3.4e+38 -3.4e+38 36.4406661987305 36.476001739502 36.4871673583984 36.560001373291 36.5255012512207 36.5478324890137 36.5989990234375 36.6949996948242 36.6980018615723 36.8041687011719 36.8365020751953 36.8636665344238 36.9228324890137 36.9786682128906 37.0213317871094 37.0626678466797 37.0963325500488 37.1279983520508 37.0368347167969 37.0774993896484 37.0434989929199 37.0553359985352 37.1066665649414 37.3028335571289 37.2046661376953 37.1049995422363 37.1563339233398 37.2598342895508 37.3310012817383 37.3936653137207 37.3513336181641 37.3250007629395
-3.4e+38 -3.4e+38 -3.4e+38 -3.4e+38 -3.4e+38 -3.4e+38 -3.4e+38 -3.4e+38 -3.4e+38 -3.4e+38 -3.4e+38 -3.4e+38 -3.4e+38 -3.4e+38 -3.4e+38 -3.4e+38 -3.4e+38 -3.4e+38 -3.4e+38 36.3629989624023 36.3908348083496 36.4555015563965 36.4516677856445 36.4898338317871 36.5071678161621 36.5156669616699 36.5871658325195 36.632999420166 36.6585006713867 36.6921691894531 36.7343330383301 36.7345008850098 36.84716796875 36.9695014953613 37.1491661071777 37.183666229248 37.0318336486816 37.1471672058105 37.2328338623047 37.2384986877441 37.34716796875 37.2581672668457 37.2133331298828 37.1484985351562 37.2459983825684 37.2804985046387 37.3383331298828 37.3251647949219 37.352165222168 37.3391647338867 37.3754997253418
-3.4e+38 -3.4e+38 -3.4e+38 -3.4e+38 -3.4e+38 -3.4e+38 -3.4e+38 -3.4e+38 -3.4e+38 -3.4e+38 -3.4e+38 -3.4e+38 -3.4e+38 -3.4e+38 -3.4e+38 -3.4e+38 -3.4e+38 -3.4e+38 -3.4e+38 36.3723335266113 36.4799995422363 36.5336685180664 36.6018333435059 36.6891670227051 36.7210006713867 36.727165222168 36.719165802002 36.6698341369629 36.7143325805664 36.8339996337891 36.8401679992676 36.8540000915527 36.984001159668 37.0603332519531 37.1588325500488 37.1686668395996 37.1228332519531 37.1510009765625 37.0778312683105 37.0951652526855 37.1204986572266 37.2056655883789 37.2504997253418 37.2251663208008 37.3255004882812 37.397834777832 37.3761672973633 37.3050003051758 37.3873329162598 37.2678337097168 37.28466796875
-3.4e+38 -3.4e+38 -3.4e+38 -3.4e+38 -3.4e+38 -3.4e+38 -3.4e+38 -3.4e+38 -3.4e+38 -3.4e+38 -3.4e+38 -3.4e+38 -3.4e+38 -3.4e+38 -3.4e+38 -3.4e+38 -3.4e+38 -3.4e+38 -3.4e+38 36.522331237793 36.4931678771973 36.5806655883789 36.7068328857422 36.8639984130859 36.994499206543 36.8671646118164 36.7883338928223 36.7519989013672 36.9023323059082 36.9375 36.8320007324219 36.9563331604004 36.9458351135254 36.9829978942871 36.9365005493164 36.9174995422363 36.8624992370605 36.9786682128906 37.0866661071777 37.1468315124512 37.0188331604004 36.9626655578613 37.0121650695801 36.9804992675781 37.0094985961914 37.0660018920898 37.0398330688477 37.0895004272461 37.1841659545898 36.7594985961914 36.9863319396973
