rasters/Mali_bio10.asc
NCOLS 198 
NROWS 178 
XLLCORNER -12.264130412 
YLLCORNER 10.140054014 
CELLSIZE 0.0833321619545454 
NODATA_value -3.4e+38 
[rows 22 to 43 of 178, columns 51 to 101 of 198]
-3.4e+38 -3.4e+38 -3.4e+38 -3.4e+38 -3.4e+38 -3.4e+38 -3.4e+38 -3.4e+38 -3.4e+38 -3.4e+38 -3.4e+38 -3.4e+38 -3.4e+38 -3.4e+38 -3.4e+38 -3.4e+38 -3.4e+38 -3.4e+38 -3.4e+38 -3.4e+38 36.5764999389648 36.7565002441406 36.6699981689453 36.914665222168 37.0133323669434 36.9136657714844 36.9123344421387 36.9088325500488 36.9716682434082 36.985668182373 36.9856643676758 36.9850006103516 36.9446678161621 36.8898315429688 36.9736671447754 36.9029998779297 36.9346656799316 36.9323348999023 36.9401664733887 37.0728340148926 37.0373344421387 36.9038314819336 37.0364990234375 37.0683326721191 36.9983329772949 36.9441680908203 36.8639984130859 36.9571685791016 36.9160003662109 36.7434997558594 36.7491683959961
-3.4e+38 -3.4e+38 -3.4e+38 -3.4e+38 -3.4e+38 -3.4e+38 -3.4e+38 -3.4e+38 -3.4e+38 -3.4e+38 -3.4e+38 -3.4e+38 -3.4e+38 -3.4e+38 -3.4e+38 -3.4e+38 -3.4e+38 -3.4e+38 -3.4e+38 -3.4e+38 36.6311645507812 36.816333770752 36.8886680603027 36.9583320617676 36.8681678771973 36.8409996032715 36.9243316650391 36.9850006103516 36.9001655578613 36.990665435791 36.9618339538574 36.8986663818359 36.8633346557617 36.9046669006348 36.986499786377 36.9420013427734 36.9710006713867 36.9939994812012 36.9276657104492 36.8856658935547 36.8566665649414 36.8819999694824 36.9398345947266 36.9818344116211 37.0741653442383 36.8853340148926 36.8935012817383 36.9616661071777 37.0019989013672 36.8950004577637 36.8648338317871
-3.4e+38 -3.4e+38 -3.4e+38 -3.4e+38 -3.4e+38 -3.4e+38 -3.4e+38 -3.4e+38 -3.4e+38 -3.4e+38 -3.4e+38 -3.4e+38 -3.4e+38 -3.4e+38 -3.4e+38 -3.4e+38 -3.4e+38 -3.4e+38 -3.4e+38 -3.4e+38 36.7258338928223 36.8424987792969 36.8481674194336 36.8375015258789 36.8333320617676 36.886833190918 36.8134994506836 36.7918319702148 36.811164855957 36.9934997558594 37.0830001831055 37.0868339538574 37.2408332824707 37.3574981689453 37.344165802002 37.202335357666 37.2188339233398 37.2543334960938 37.2471656799316 37.3153343200684 37.2941665649414 37.2098350524902 37.1421661376953 37.1323318481445 37.1943321228027 37.0786666870117 36.9001655578613 36.9816665649414 37.2490005493164 37.3008346557617 37.2643356323242
-3.4e+38 -3.4e+38 -3.4e+38 -3.4e+38 -3.4e+38 -3.4e+38 -3.4e+38 -3.4e+38 -3.4e+38 -3.4e+38 -3.4e+38 -3.4e+38 -3.4e+38 -3.4e+38 -3.4e+38 -3.4e+38 -3.4e+38 -3.4e+38 -3.4e+38 -3.4e+38 36.7436676025391 36.7818336486816 36.7558326721191 36.7939987182617 36.8424987792969 36.8453330993652 36.6964988708496 36.7531661987305 36.9491653442383 37.2068328857422 37.208667755127 37.2098350524902 37.2900009155273 37.2075004577637 37.3125 37.3654975891113 37.3918342590332 37.1520004272461 37.1700019836426 37.371166229248 37.550666809082 37.5494995117188 37.4131660461426 37.4326667785645 37.5470008850098 37.4271659851074 37.2835006713867 37.0678329467773 36.9916648864746 37.1196670532227 37.3758316040039
-3.4e+38 -3.4e+38 -3.4e+38 -3.4e+38 -3.4e+38 -3.4e+38 -3.4e+38 -3.4e+38 -3.4e+38 -3.4e+38 -3.4e+38 -3.4e+38 -3.4e+38 -3.4e+38 -3.4e+38 -3.4e+38 -3.4e+38 -3.4e+38 -3.4e+38 -3.4e+38 36.6378326416016 36.6398315429688 36.6788330078125 36.7328338623047 36.8553314208984 36.7560005187988 36.7740020751953 36.9410018920898 37.1068344116211 37.1571655273438 37.1186676025391 37.0741653442383 37.1476669311523 37.2458343505859 37.3401679992676 37.2556648254395 37.1084976196289 37.0536651611328 37.09033203125 37.2495002746582 37.4814987182617 37.6443328857422 37.7464981079102 37.6940002441406 37.7888336181641 37.7146682739258 37.6718330383301 37.4440002441406 37.2044982910156 37.0483322143555 36.9911651611328
-3.4e+38 -3.4e+38 -3.4e+38 -3.4e+38 -3.4e+38 -3.4e+38 -3.4e+38 -3.4e+38 -3.4e+38 -3.4e+38 -3.4e+38 -3.4e+38 -3.4e+38 -3.4e+38 -3.4e+38 -3.4e+38 -3.4e+38 -3.4e+38 -3.4e+38 -3.4e+38 36.5185012817383 36.530834197998 36.5178337097168 36.5719985961914 36.677001953125 36.7881660461426 36.8730010986328 36.9818344116211 37.1101684570312 37.1081657409668 37.1181678771973 37.1703338623047 37.2733345031738 37.276668548584 37.1585006713867 37.1656684875488 37.2506675720215 37.3559989929199 37.4221649169922 37.446834564209 37.5584983825684 37.609001159668 37.6555023193359 37.7285003662109 37.9451675415039 38.0643348693848 38.0861663818359 37.9723320007324 37.663501739502 37.2383346557617 37.1906661987305
-3.4e+38 -3.4e+38 -3.4e+38 -3.4e+38 -3.4e+38 -3.4e+38 -3.4e+38 -3.4e+38 -3.4e+38 -3.4e+38 -3.4e+38 -3.4e+38 -3.4e+38 -3.4e+38 -3.4e+38 -3.4e+38 -3.4e+38 -3.4e+38 -3.4e+38 -3.4e+38 36.4560012817383 36.4438323974609 36.4505004882812 36.560001373291 36.703498840332 36.7311668395996 36.8154983520508 36.9431648254395 36.9971656799316 37.0190010070801 37.1350021362305 37.1598358154297 37.1413345336914 37.2190017700195 37.3050003051758 37.4018325805664 37.3636665344238 37.4118347167969 37.4383354187012 37.5315017700195 37.5676651000977 37.6403350830078 37.7384986877441 37.8264999389648 37.8714981079102 37.9258346557617 38.111499786377 38.2664985656738 37.9078330993652 37.6571655273438 37.917667388916
-3.4e+38 -3.4e+38 -3.4e+38 -3.4e+38 -3.4e+38 -3.4e+38 -3.4e+38 -3.4e+38 -3.4e+38 -3.4e+38 -3.4e+38 -3.4e+38 -3.4e+38 -3.4e+38 -3.4e+38 -3.4e+38 -3.4e+38 -3.4e+38 -3.4e+38 -3.4e+38 36.4188346862793 36.445499420166 36.4723320007324 36.5683326721191 36.7278327941895 36.7485008239746 36.7975006103516 36.8343315124512 36.8061676025391 36.8875007629395 37.0431671142578 37.2024993896484 37.3299980163574 37.3769989013672 37.3844985961914 37.3853340148926 37.3771667480469 37.4134979248047 37.5388336181641 37.6036682128906 37.6073341369629 37.6641654968262 37.7078323364258 37.7076644897461 37.7741661071777 37.8759994506836 37.9431648254395 38.0548324584961 38.1553344726562 38.2431678771973 38.2053337097168
-3.4e+38 -3.4e+38 -3.4e+38 -3.4e+38 -3.4e+38 -3.4e+38 -3.4e+38 -3.4e+38 -3.4e+38 -3.4e+38 -3.4e+38 -3.4e+38 -3.4e+38 -3.4e+38 -3.4e+38 -3.4e+38 -3.4e+38 -3.4e+38 -3.4e+38 -3.4e+38 36.4260025024414 36.4884986877441 36.548168182373 36.6121673583984 36.6303329467773 36.6698341369629 36.7125015258789 36.7220001220703 36.8165016174316 36.9526672363281 37.1318321228027 37.1943321228027 37.2560005187988 37.3118324279785 37.343334197998 37.394832611084 37.4446678161621 37.5153312683105 37.5953330993652 37.6334991455078 37.6818313598633 37.6923332214355 37.6658325195312 37.6328353881836 37.709831237793 37.8098335266113 37.844165802002 37.8913345336914 37.9931678771973 38.1793327331543 38.2169990539551
-3.4e+38 -3.4e+38 -3.4e+38 -3.4e+38 -3.4e+38 -3.4e+38 -3.4e+38 -3.4e+38 -3.4e+38 -3.4e+38 -3.4e+38 -3.4e+38 -3.4e+38 -3.4e+38 -3.4e+38 -3.4e+38 -3.4e+38 -3.4e+38 -3.4e+38 -3.4e+38 -3.4e+38 36.505500793457 36.5349998474121 36.5585021972656 36.5696678161621 36.606330871582 36.6863327026367 36.7496643066406 36.824333190918 36.9373321533203 37.0701675415039 37.1380004882812 37.167667388916 37.2425003051758 37.2848358154297 37.34716796875 37.4363327026367 37.4995002746582 37.5196647644043 37.5973320007324 37.6546669006348 37.6269989013672 37.6333351135254 37.6281661987305 37.6311645507812 37.6486663818359 37.6935005187988 37.8105010986328 37.9080009460449 37.957332611084 38.0386657714844
-3.4e+38 -3.4e+38 -3.4e+38 -3.4e+38 -3.4e+38 -3.4e+38 -3.4e+38 -3.4e+38 -3.4e+38 -3.4e+38 -3.4e+38 -3.4e+38 -3.4e+38 -3.4e+38 -3.4e+38 -3.4e+38 -3.4e+38 -3.4e+38 -3.4e+38 -3.4e+38 -3.4e+38 36.4818344116211 36.4925003051758 36.5066680908203 36.5418319702148 36.6036643981934 36.6585006713867 36.664665222168 36.7071647644043 36.7669982910156 36.9189987182617 37.0088348388672 37.0953330993652 37.1158332824707 37.1928329467773 37.2744979858398 37.3745002746582 37.3818321228027 37.436164855957 37.507999420166 37.5525016784668 37.529167175293 37.545166015625 37.5470008850098 37.5471649169922 37.5605010986328 37.6315002441406 37.7383346557617 37.8128318786621 37.7933349609375 37.7676658630371
-3.4e+38 -3.4e+38 -3.4e+38 -3.4e+38 -3.4e+38 -3.4e+38 -3.4e+38 -3.4e+38 -3.4e+38 -3.4e+38 -3.4e+38 -3.4e+38 -3.4e+38 -3.4e+38 -3.4e+38 -3.4e+38 -3.4e+38 -3.4e+38 -3.4e+38 -3.4e+38 -3.4e+38 36.4173355102539 36.4580001831055 36.4646682739258 36.4916648864746 36.5171661376953 36.561164855957 36.5711669921875 36.6129989624023 36.6940002441406 36.7994995117188 37.0065002441406 37.0723342895508 36.9889984130859 36.9678344726562 36.9995002746582 37.0445022583008 37.2223358154297 37.3269996643066 37.3844985961914 37.4398345947266 37.4438323974609 37.4339981079102 37.4473342895508 37.4566650390625 37.4925003051758 37.4861679077148 37.6303329467773 37.6856689453125 37.5386657714844 37.6746673583984
-3.4e+38 -3.4e+38 -3.4e+38 -3.4e+38 -3.4e+38 -3.4e+38 -3.4e+38 -3.4e+38 -3.4e+38 -3.4e+38 -3.4e+38 -3.4e+38 -3.4e+38 -3.4e+38 -3.4e+38 -3.4e+38 -3.4e+38 -3.4e+38 -3.4e+38 -3.4e+38 -3.4e+38 36.3506660461426 36.3828353881836 36.3636665344238 36.3838348388672 36.4383316040039 36.4991683959961 36.5653343200684 36.6033325195312 36.6816673278809 36.9403343200684 37.1716651916504 37.1083335876465 36.9211654663086 36.7270011901855 36.7690010070801 36.7756652832031 37.0183334350586 37.15966796875 37.2548332214355 37.3308334350586 37.3608322143555 37.3274993896484 37.3971672058105 37.3759994506836 37.4005012512207 37.5004997253418 37.6283340454102 37.6518325805664 37.6679992675781 37.71533203125
-3.4e+38 -3.4e+38 -3.4e+38 -3.4e+38 -3.4e+38 -3.4e+38 -3.4e+38 -3.4e+38 -3.4e+38 -3.4e+38 -3.4e+38 -3.4e+38 -3.4e+38 -3.4e+38 -3.4e+38 -3.4e+38 -3.4e+38 -3.4e+38 -3.4e+38 -3.4e+38 -3.4e+38 36.2480010986328 36.2736663818359 36.3016662597656 36.3181648254395 36.3908348083496 36.4645004272461 36.5405006408691 36.6425018310547 36.8436660766602 37.1511650085449 37.1831665039062 37.0050010681152 36.8098335266113 36.7779998779297 36.8358345031738 36.7799987792969 36.831169128418 36.9731674194336 37.0961685180664 37.1231651306152 37.1450004577637 37.2026672363281 37.2615013122559 37.2143325805664 37.2178344726562 37.3808326721191 37.5113334655762 37.515998840332 37.6053314208984 37.6928329467773
-3.4e+38 -3.4e+38 -3.4e+38 -3.4e+38 -3.4e+38 -3.4e+38 -3.4e+38 -3.4e+38 -3.4e+38 -3.4e+38 -3.4e+38 -3.4e+38 -3.4e+38 -3.4e+38 -3.4e+38 -3.4e+38 -3.4e+38 -3.4e+38 -3.4e+38 -3.4e+38 -3.4e+38 36.1826667785645 36.2514991760254 36.3055000305176 36.3349990844727 36.4150009155273 36.5691680908203 36.8056678771973 36.9063339233398 37.0706672668457 37.195499420166 37.1146659851074 36.9921646118164 36.7709999084473 36.6981658935547 36.7388343811035 36.7276649475098 36.730167388916 36.8213348388672 36.9123344421387 36.824333190918 36.9794998168945 37.0690002441406 37.0244979858398 36.9351654052734 37.094165802002 37.3408355712891 37.3363342285156 37.3593330383301 37.4911651611328 37.4883346557617
-3.4e+38 -3.4e+38 -3.4e+38 -3.4e+38 -3.4e+38 -3.4e+38 -3.4e+38 -3.4e+38 -3.4e+38 -3.4e+38 -3.4e+38 -3.4e+38 -3.4e+38 -3.4e+38 -3.4e+38 -3.4e+38 -3.4e+38 -3.4e+38 -3.4e+38 -3.4e+38 -3.4e+38 36.259334564209 36.3279991149902 36.4314994812012 36.5723342895508 36.6908340454102 36.7784996032715 36.8853340148926 36.9886665344238 37.1510009765625 37.1413345336914 37.0348320007324 36.9431686401367 36.6725006103516 36.6073341369629 36.6455001831055 36.6276664733887 36.6753349304199 36.734001159668 36.7071647644043 36.7036666870117 36.8643341064453 36.7318344116211 36.7821655273438 36.7548332214355 36.9901657104492 37.039665222168 37.0069999694824 37.183666229248 37.2309989929199 37.2483329772949
-3.4e+38 -3.4e+38 -3.4e+38 -3.4e+38 -3.4e+38 -3.4e+38 -3.4e+38 -3.4e+38 -3.4e+38 -3.4e+38 -3.4e+38 -3.4e+38 -3.4e+38 -3.4e+38 -3.4e+38 -3.4e+38 -3.4e+38 -3.4e+38 -3.4e+38 -3.4e+38 -3.4e+38 36.389331817627 36.5200004577637 36.6534996032715 36.6614990234375 36.6624984741211 36.748664855957 36.877498626709 37.0521659851074 37.2224998474121 37.1336669921875 36.9814987182617 36.8308334350586 36.6128349304199 36.6088333129883 36.6628341674805 36.6665000915527 36.6628341674805 36.6568336486816 36.6178321838379 36.5783348083496 36.6445007324219 36.5869979858398 36.6361656188965 36.7089996337891 36.7825012207031 36.7626686096191 36.8395004272461 36.8821678161621 36.7466659545898 36.6969985961914
-3.4e+38 -3.4e+38 -3.4e+38 -3.4e+38 -3.4e+38 -3.4e+38 -3.4e+38 -3.4e+38 -3.4e+38 -3.4e+38 -3.4e+38 -3.4e+38 -3.4e+38 -3.4e+38 -3.4e+38 -3.4e+38 -3.4e+38 -3.4e+38 -3.4e+38 -3.4e+38 -3.4e+38 36.4181671142578 36.5991668701172 36.7181663513184 36.7223320007324 36.6445007324219 36.6248321533203 36.7705001831055 36.9576683044434 37.0478324890137 37.105167388916 36.9761657714844 36.8661651611328 36.6736679077148 36.6683349609375 36.72216796875 36.7223320007324 36.7285003662109 36.9228324890137 36.7490005493164 36.6059989929199 36.6199989318848 36.6141662597656 36.6571655273438 36.7123336791992 36.7911682128906 36.9491653442383 36.9814987182617 36.8166656494141 36.6656646728516 36.611499786377
-3.4e+38 -3.4e+38 -3.4e+38 -3.4e+38 -3.4e+38 -3.4e+38 -3.4e+38 -3.4e+38 -3.4e+38 -3.4e+38 -3.4e+38 -3.4e+38 -3.4e+38 -3.4e+38 -3.4e+38 -3.4e+38 -3.4e+38 -3.4e+38 -3.4e+38 -3.4e+38 -3.4e+38 -3.4e+38 36.5626678466797 36.7275009155273 36.8271675109863 36.8274993896484 36.7799987792969 36.8128318786621 36.9010009765625 36.9140014648438 36.9878349304199 36.998664855957 36.8684997558594 36.6573333740234 36.7003326416016 36.8166656494141 36.8913345336914 36.9379997253418 36.9973335266113 36.8730010986328 36.7478332519531 36.6230010986328 36.6404991149902 36.6513328552246 36.6865005493164 36.757999420166 36.8793334960938 36.8128318786621 36.6953353881836 36.619499206543 36.6061668395996
-3.4e+38 -3.4e+38 -3.4e+38 -3.4e+38 -3.4e+38 -3.4e+38 -3.4e+38 -3.4e+38 -3.4e+38 -3.4e+38 -3.4e+38 -3.4e+38 -3.4e+38 -3.4e+38 -3.4e+38 -3.4e+38 -3.4e+38 -3.4e+38 -3.4e+38 -3.4e+38 -3.4e+38 -3.4e+38 36.5731658935547 36.6641693115234 36.8096656799316 36.8693313598633 36.8866653442383 36.8971672058105 36.8815002441406 36.8573341369629 36.9790000915527 36.9903335571289 36.7998352050781 36.6126670837402 36.8283348083496 36.9783325195312 37.0453338623047 36.9878311157227 36.7783355712891 36.7425003051758 36.7374992370605 36.5986671447754 36.6418342590332 36.6710014343262 36.662166595459 36.6628341674805 36.6483345031738 36.6388320922852 36.6215019226074 36.6201667785645 36.6173324584961
-3.4e+38 -3.4e+38 -3.4e+38 -3.4e+38 -3.4e+38 -3.4e+38 -3.4e+38 -3.4e+38 -3.4e+38 -3.4e+38 -3.4e+38 -3.4e+38 -3.4e+38 -3.4e+38 -3.4e+38 -3.4e+38 -3.4e+38 -3.4e+38 -3.4e+38 -3.4e+38 -3.4e+38 -3.4e+38 36.4580001831055 36.5585021972656 36.6310005187988 36.7318344116211 36.8456687927246 36.8413314819336 36.8465003967285 36.8881683349609 36.9799995422363 36.9251670837402 36.701000213623 36.5725021362305 36.7056655883789 36.7961654663086 36.8518333435059 36.8074989318848 36.683666229248 36.6103324890137 36.6088333129883 36.6334991455078 36.6571655273438 36.6918334960938 36.6816673278809 36.6808319091797 36.6571655273438 36.6471672058105 36.6543350219727 36.6321678161621 36.622501373291
-3.4e+38 -3.4e+38 -3.4e+38 -3.4e+38 -3.4e+38 -3.4e+38 -3.4e+38 -3.4e+38 -3.4e+38 -3.4e+38 -3.4e+38 -3.4e+38 -3.4e+38 -3.4e+38 -3.4e+38 -3.4e+38 -3.4e+38 -3.4e+38 -3.4e+38 -3.4e+38 -3.4e+38 -3.4e+38 36.3286666870117 36.4598350524902 36.570499420166 36.603832244873 36.6518325805664 36.7251663208008 36.783332824707 36.904167175293 36.9926681518555 36.8915023803711 36.6536674499512 36.6020011901855 36.6645011901855 36.6829986572266 36.6609992980957 36.5576667785645 36.5275001525879 36.5491676330566 36.5820007324219 36.6403350830078 36.6573333740234 36.6623344421387 36.6450004577637 36.6209983825684 36.6213340759277 36.6306686401367 36.639331817627 36.6333351135254 36.6110000610352
