rasters/Mali_bio8.asc
NCOLS 198 
NROWS 178 
XLLCORNER -12.264130412 
YLLCORNER 10.140054014 
CELLSIZE 0.0833321619545454 
NODATA_value -3.4e+38 
[rows 110 to 131 of 178, columns 0 to 50 of 198]
-3.4e+38 -3.4e+38 -3.4e+38 -3.4e+38 -3.4e+38 -3.4e+38 -3.4e+38 -3.4e+38 -3.4e+38 -3.4e+38 -3.4e+38 -3.4e+38 -3.4e+38 -3.4e+38 -3.4e+38 -3.4e+38 -3.4e+38 -3.4e+38 -3.4e+38 -3.4e+38 -3.4e+38 -3.4e+38 -3.4e+38 -3.4e+38 -3.4e+38 -3.4e+38 -3.4e+38 -3.4e+38 -3.4e+38 -3.4e+38 -3.4e+38 -3.4e+38 -3.4e+38 -3.4e+38 -3.4e+38 -3.4e+38 -3.4e+38 -3.4e+38 -3.4e+38 -3.4e+38 -3.4e+38 -3.4e+38 -3.4e+38 -3.4e+38 -3.4e+38 -3.4e+38 -3.4e+38 -3.4e+38 -3.4e+38 -3.4e+38 -3.4e+38
-3.4e+38 -3.4e+38 -3.4e+38 -3.4e+38 -3.4e+38 -3.4e+38 -3.4e+38 -3.4e+38 -3.4e+38 -3.4e+38 -3.4e+38 -3.4e+38 -3.4e+38 -3.4e+38 -3.4e+38 -3.4e+38 -3.4e+38 -3.4e+38 -3.4e+38 -3.4e+38 -3.4e+38 -3.4e+38 -3.4e+38 -3.4e+38 -3.4e+38 -3.4e+38 -3.4e+38 -3.4e+38 -3.4e+38 -3.4e+38 -3.4e+38 -3.4e+38 -3.4e+38 -3.4e+38 -3.4e+38 -3.4e+38 -3.4e+38 -3.4e+38 -3.4e+38 -3.4e+38 -3.4e+38 -3.4e+38 -3.4e+38 -3.4e+38 -3.4e+38 -3.4e+38 -3.4e+38 -3.4e+38 -3.4e+38 -3.4e+38 -3.4e+38
-3.4e+38 -3.4e+38 -3.4e+38 -3.4e+38 -3.4e+38 -3.4e+38 -3.4e+38 -3.4e+38 -3.4e+38 29.9855003356934 -3.4e+38 -3.4e+38 -3.4e+38 -3.4e+38 -3.4e+38 -3.4e+38 -3.4e+38 -3.4e+38 -3.4e+38 -3.4e+38 -3.4e+38 -3.4e+38 -3.4e+38 -3.4e+38 -3.4e+38 -3.4e+38 -3.4e+38 -3.4e+38 -3.4e+38 -3.4e+38 -3.4e+38 -3.4e+38 -3.4e+38 -3.4e+38 29.7581672668457 -3.4e+38 -3.4e+38 -3.4e+38 -3.4e+38 -3.4e+38 -3.4e+38 -3.4e+38 -3.4e+38 -3.4e+38 -3.4e+38 -3.4e+38 -3.4e+38 -3.4e+38 -3.4e+38 -3.4e+38 -3.4e+38
-3.4e+38 -3.4e+38 -3.4e+38 -3.4e+38 -3.4e+38 -3.4e+38 -3.4e+38 -3.4e+38 29.6315002441406 29.6393337249756 29.4610004425049 -3.4e+38 -3.4e+38 -3.4e+38 -3.4e+38 -3.4e+38 -3.4e+38 -3.4e+38 -3.4e+38 -3.4e+38 -3.4e+38 -3.4e+38 -3.4e+38 -3.4e+38 -3.4e+38 -3.4e+38 -3.4e+38 -3.4e+38 -3.4e+38 -3.4e+38 -3.4e+38 -3.4e+38 -3.4e+38 -3.4e+38 29.6580009460449 -3.4e+38 -3.4e+38 -3.4e+38 -3.4e+38 -3.4e+38 -3.4e+38 -3.4e+38 -3.4e+38 -3.4e+38 -3.4e+38 -3.4e+38 -3.4e+38 -3.4e+38 -3.4e+38 -3.4e+38 -3.4e+38
-3.4e+38 -3.4e+38 -3.4e+38 -3.4e+38 -3.4e+38 -3.4e+38 29.5406665802002 29.6299991607666 29.6238327026367 29.6825008392334 29.3696670532227 -3.4e+38 -3.4e+38 -3.4e+38 -3.4e+38 -3.4e+38 -3.4e+38 -3.4e+38 -3.4e+38 -3.4e+38 -3.4e+38 -3.4e+38 -3.4e+38 -3.4e+38 -3.4e+38 -3.4e+38 -3.4e+38 -3.4e+38 -3.4e+38 -3.4e+38 -3.4e+38 -3.4e+38 -3.4e+38 -3.4e+38 29.429666519165 29.25 29.1879997253418 29.1191673278809 29.1226673126221 29.1844997406006 29.1613330841064 29.033166885376 29.0144996643066 28.9284992218018 29.0011672973633 29.0231666564941 29.0424995422363 29.0446662902832 28.9511661529541 28.8678340911865 28.9109992980957
-3.4e+38 -3.4e+38 -3.4e+38 -3.4e+38 -3.4e+38 -3.4e+38 29.4825000762939 29.4971656799316 29.5468330383301 29.6198329925537 29.2210006713867 28.8781661987305 28.8921661376953 -3.4e+38 -3.4e+38 -3.4e+38 -3.4e+38 -3.4e+38 28.9625015258789 29.0953350067139 29.17799949646 29.3683319091797 29.2256660461426 28.9125003814697 28.9978332519531 -3.4e+38 -3.4e+38 28.8283348083496 -3.4e+38 28.9235000610352 28.8881664276123 28.9400005340576 29.0073337554932 29.0566673278809 29.1035003662109 29.0779991149902 28.9831657409668 28.9783325195312 28.9426670074463 28.8746662139893 28.8608341217041 28.861499786377 28.8933334350586 28.7656669616699 28.7101669311523 28.7308330535889 28.7495002746582 28.6614990234375 28.6203327178955 28.7560005187988 28.8544998168945
-3.4e+38 -3.4e+38 -3.4e+38 -3.4e+38 -3.4e+38 29.1821670532227 29.134334564209 29.0926666259766 29.1245002746582 29.1706676483154 28.8764991760254 28.7803325653076 28.8486671447754 28.6246662139893 -3.4e+38 -3.4e+38 -3.4e+38 28.996166229248 29.1494998931885 29.4069995880127 29.4874992370605 29.0793323516846 28.5296669006348 28.5818328857422 28.7141666412354 28.6800003051758 28.6206665039062 28.7455005645752 28.5616664886475 28.6538333892822 28.7758331298828 28.8753337860107 28.904333114624 29.0013332366943 29.0953330993652 28.8993339538574 28.7071666717529 28.6378326416016 28.6793346405029 28.6788330078125 28.6331672668457 28.6459999084473 28.6513328552246 28.5923328399658 28.4398345947266 28.4286670684814 28.4928321838379 28.4031677246094 28.5919990539551 28.6628341674805 28.6106662750244
-3.4e+38 -3.4e+38 -3.4e+38 -3.4e+38 -3.4e+38 29.1983337402344 29.1024990081787 29.0920009613037 28.9308338165283 28.6731662750244 28.601167678833 28.644832611084 28.6908340454102 28.5613327026367 28.730167388916 -3.4e+38 -3.4e+38 29.0485000610352 29.049165725708 29.121000289917 29.2398319244385 28.3768329620361 28.0581665039062 28.3724994659424 28.4204998016357 28.2888336181641 28.3881664276123 28.5788345336914 28.5174999237061 28.6046676635742 28.7360000610352 28.9393329620361 28.9348335266113 28.8246669769287 29.1001663208008 29.0111656188965 28.6319999694824 28.3859996795654 28.4210014343262 28.416332244873 28.371166229248 28.3806667327881 28.4096660614014 28.3991680145264 28.2409992218018 28.28733253479 28.3306655883789 28.3648338317871 28.4198341369629 28.4843330383301 28.4145011901855
-3.4e+38 -3.4e+38 -3.4e+38 -3.4e+38 -3.4e+38 29.1333332061768 28.9499988555908 28.9449996948242 28.9661674499512 28.4311656951904 28.2331657409668 28.4064998626709 28.5764999389648 28.7013320922852 28.8595008850098 29.0120010375977 28.9724998474121 28.9651660919189 28.8850002288818 28.8219985961914 28.7654991149902 28.1053333282471 27.9693336486816 28.3859996795654 28.378999710083 28.3396663665771 28.3713340759277 28.466667175293 28.3279991149902 28.2058334350586 28.2498340606689 28.3971672058105 28.4816665649414 28.4356670379639 28.6611671447754 28.8409996032715 28.6264991760254 28.2819995880127 28.2366676330566 28.1608333587646 28.076000213623 28.1998329162598 28.1601657867432 28.1791667938232 28.1000003814697 28.1213340759277 28.0828323364258 28.191333770752 28.2536678314209 28.3145008087158 28.279167175293
-3.4e+38 -3.4e+38 -3.4e+38 -3.4e+38 -3.4e+38 28.9516658782959 29.0181655883789 28.9721660614014 28.9230003356934 28.6548328399658 28.1159992218018 28.2003345489502 28.3309993743896 28.7014999389648 28.7338333129883 28.8643341064453 28.8728332519531 28.8649997711182 28.8356666564941 28.8268337249756 28.2530002593994 28.183666229248 28.029333114624 28.3223342895508 28.2290000915527 28.2865009307861 28.2241668701172 28.2229995727539 28.0631675720215 27.9933338165283 28.0455017089844 28.1706657409668 28.3411674499512 28.300666809082 28.2819995880127 28.2798328399658 28.1418323516846 28.0536670684814 27.9973335266113 27.9473342895508 28.0235004425049 28.1081657409668 27.9863319396973 27.9848327636719 27.9563331604004 27.9703330993652 27.924165725708 28.0149993896484 28.0626659393311 28.136999130249 28.2216663360596
-339999999999999996123846586046231871488.000000000000000 -3.4e+38 -3.4e+38 -3.4e+38 -3.4e+38 28.9519996643066 28.9331665039062 28.7948341369629 28.6719989776611 28.574333190918 28.2486667633057 28.1008338928223 28.2506675720215 28.5588340759277 28.7115001678467 28.7630004882812 28.8219985961914 28.6709995269775 28.4939994812012 28.3161659240723 27.3661670684814 27.5068321228027 27.8716659545898 28.1998329162598 27.9990005493164 27.9085006713867 27.9641666412354 27.929500579834 27.8751659393311 27.923999786377 27.9401664733887 27.9236660003662 27.8939990997314 27.9570007324219 27.9556655883789 27.9856662750244 27.9268341064453 27.8610000610352 27.8341674804688 27.8071670532227 27.8831672668457 27.8889999389648 27.8558330535889 27.9139995574951 27.859001159668 27.8858337402344 27.8946666717529 28.0123329162598 28.0048332214355 28.0125007629395 28.033166885376
-3.4e+38 -3.4e+38 -3.4e+38 -3.4e+38 -3.4e+38 28.7748336791992 28.6861667633057 28.603666305542 28.4406661987305 28.246166229248 28.2091674804688 28.1461658477783 28.4034996032715 28.4873332977295 28.6061668395996 28.7256660461426 28.6674995422363 28.5605010986328 28.4349994659424 28.2628326416016 27.2729988098145 27.1875 27.5536670684814 27.795166015625 27.878999710083 27.8806667327881 27.844165802002 27.8281669616699 27.8094997406006 27.8276672363281 27.7711658477783 27.7528343200684 27.6915016174316 27.7231674194336 27.7814998626709 27.8175010681152 27.7449989318848 27.7268333435059 27.6291656494141 27.6376667022705 27.7651672363281 27.808666229248 27.781665802002 27.7941665649414 27.7718334197998 27.8093338012695 27.820499420166 27.8500003814697 27.8301658630371 27.8731670379639 27.9046669006348
-3.4e+38 -3.4e+38 -3.4e+38 28.4933338165283 28.4573345184326 28.4195003509521 28.4581680297852 28.4126663208008 28.2425003051758 28.2133331298828 28.2773342132568 28.0758323669434 28.2326679229736 28.3624992370605 28.5874996185303 28.7290000915527 28.5131664276123 28.3024997711182 27.7939987182617 27.3388328552246 27.1231670379639 27.1723327636719 27.3821678161621 27.4654998779297 27.5326671600342 27.5625 27.5755004882812 27.5578346252441 27.6140003204346 27.6079998016357 27.5995006561279 27.6441669464111 27.6678333282471 27.5938339233398 27.4990005493164 27.4608345031738 27.5746669769287 27.5645008087158 27.4724998474121 27.5776672363281 27.6511669158936 27.6658325195312 27.6806678771973 27.6401672363281 27.6105003356934 27.662166595459 27.7250003814697 27.6961669921875 27.7239990234375 27.769832611084 27.8251667022705
28.1615009307861 28.2591667175293 28.238166809082 28.2574996948242 28.1770000457764 28.2443332672119 28.2788333892822 28.3423328399658 28.3686676025391 28.2503337860107 28.32200050354 28.2481670379639 28.2043342590332 28.4571666717529 28.5873336791992 28.8053340911865 28.5043334960938 28.0928344726562 27.3486671447754 27.4120006561279 27.2719993591309 27.1193332672119 27.0785007476807 27.2921676635742 27.2414989471436 27.2163333892822 27.333833694458 27.3233337402344 27.3916664123535 27.445499420166 27.4531669616699 27.4693336486816 27.5336666107178 27.3950004577637 27.2343330383301 27.2548332214355 27.4028339385986 27.3933334350586 27.4153327941895 27.4916667938232 27.5154991149902 27.5716667175293 27.5144996643066 27.3816661834717 27.4673328399658 27.5826663970947 27.6259994506836 27.5984992980957 27.6413326263428 27.7321662902832 27.700834274292
-3.4e+38 27.9505004882812 27.753999710083 27.9568328857422 28.0113334655762 28.1246662139893 28.216667175293 28.3848342895508 28.3311672210693 28.5048332214355 28.470666885376 28.3881664276123 28.4506664276123 28.5903339385986 28.5480003356934 28.6070003509521 28.2656669616699 27.988166809082 27.828498840332 27.2011661529541 26.9906673431396 26.9228324890137 27.1505012512207 27.1736660003662 26.8964996337891 26.8194999694824 27.1208343505859 27.2298336029053 27.2835006713867 27.3513336181641 27.3291664123535 27.1800003051758 27.1508331298828 27.2433338165283 27.28733253479 27.2438335418701 27.3663330078125 27.3985004425049 27.4134998321533 27.4610004425049 27.4440002441406 27.5074996948242 27.4598331451416 27.3424987792969 27.4561672210693 27.5615005493164 27.5170001983643 27.5416660308838 27.6191673278809 27.6066665649414 27.579833984375
27.8286666870117 27.6556663513184 27.6310005187988 27.6814994812012 27.7623329162598 27.8629989624023 27.9828338623047 28.2343330383301 28.3234996795654 28.6183338165283 28.6573333740234 28.5803337097168 28.4526672363281 28.3858337402344 28.3386669158936 28.2706661224365 28.0083332061768 27.7644996643066 27.6183338165283 27.2814998626709 27.208667755127 27.1436672210693 27.0323333740234 27.09716796875 26.9481658935547 26.6986656188965 26.9244995117188 27.2311668395996 27.2674999237061 27.2841682434082 27.3115005493164 27.1089992523193 26.957332611084 27.066333770752 27.2063331604004 27.2981662750244 27.324333190918 27.3148326873779 27.320333480835 27.3779983520508 27.4226665496826 27.4409999847412 27.421667098999 27.433666229248 27.4300003051758 27.3916664123535 27.3306674957275 27.3844985961914 27.4270000457764 27.4298343658447 27.4293327331543
27.8304996490479 27.5761661529541 27.42799949646 27.4686660766602 27.6181678771973 27.6824989318848 27.7724990844727 27.9813346862793 28.320499420166 28.5903339385986 28.6783332824707 28.4778327941895 28.3586654663086 28.3096656799316 28.2238330841064 28.0696678161621 27.4298324584961 27.0226669311523 26.9798336029053 27.3178329467773 27.2405014038086 27.0591659545898 27.0463333129883 27.0399990081787 26.9820003509521 26.7458343505859 26.9524993896484 27.2548332214355 27.1133327484131 27.0375003814697 26.9758338928223 26.8596668243408 26.9511661529541 26.9368324279785 27.054666519165 27.1156673431396 27.1168327331543 27.1336669921875 27.1983337402344 27.242000579834 27.303165435791 27.2588329315186 27.2356662750244 27.2049999237061 27.1949996948242 27.1424999237061 27.1079998016357 27.1459999084473 27.1468334197998 27.244499206543 27.2428340911865
-3.4e+38 27.4923343658447 27.3876667022705 27.3610000610352 27.4755001068115 27.5098342895508 27.5263328552246 27.3985004425049 27.7686672210693 27.996166229248 28.1933326721191 28.257999420166 28.1246681213379 28.1096668243408 28.0658340454102 27.9764995574951 27.3548336029053 26.6445007324219 26.594165802002 26.8376655578613 27.0748329162598 26.9316673278809 26.8358345031738 26.7546672821045 26.7275009155273 26.6844997406006 27.1671676635742 27.2970008850098 27.0718326568604 26.8696670532227 26.7765007019043 26.9051666259766 27.1238327026367 26.8826675415039 26.900333404541 26.9681663513184 26.9759998321533 27.0841674804688 27.1428337097168 27.2063331604004 27.1218338012695 27.0056667327881 26.9261665344238 26.954833984375 27.0069999694824 26.9218330383301 26.8395004272461 26.8194999694824 26.867000579834 27.0233325958252 27.1483325958252
-3.4e+38 -3.4e+38 27.3886661529541 27.3311653137207 27.2276668548584 27.3686676025391 27.0951671600342 26.9895000457764 27.5866661071777 27.4243335723877 27.6718330383301 28.1609992980957 28.0616664886475 27.9191665649414 27.9348335266113 27.9143333435059 27.0815010070801 26.7263336181641 26.7021675109863 26.8341655731201 26.9523334503174 26.9633331298828 26.8368339538574 26.6933326721191 26.5450000762939 26.8215007781982 27.2781677246094 27.2346668243408 27.193000793457 27.0926666259766 26.9231662750244 26.9638328552246 27.1673336029053 26.8806667327881 26.8641662597656 26.9303340911865 26.7968330383301 26.8959999084473 27.0193328857422 27.0763320922852 27.0311660766602 27.0279998779297 26.9178333282471 26.7923336029053 26.8373336791992 26.7824993133545 26.6886672973633 26.6706657409668 26.6311664581299 26.7055015563965 26.9046669006348
-3.4e+38 -3.4e+38 -3.4e+38 27.2513332366943 27.2501659393311 27.117000579834 27.0069999694824 27.0646667480469 26.8951663970947 26.7478332519531 26.8028335571289 27.7433338165283 28.0208320617676 27.7814998626709 27.7845001220703 27.6334991455078 27.1223335266113 26.4463329315186 26.408166885376 26.4636669158936 26.4971675872803 26.6354999542236 26.4001655578613 26.3521671295166 26.6546669006348 27.1254997253418 27.3111667633057 27.1823329925537 27.0716667175293 26.916166305542 26.9629993438721 26.9233341217041 26.9903335571289 26.8994998931885 26.8134994506836 26.8766670227051 26.8083343505859 26.8246669769287 26.9531669616699 26.9753341674805 26.8999996185303 26.9356670379639 26.9396667480469 26.7919998168945 26.7884998321533 26.6961669921875 26.5723342895508 26.6849994659424 26.613166809082 26.564001083374 26.6875
-3.4e+38 -3.4e+38 -3.4e+38 27.0831661224365 27.1121654510498 27.1121654510498 27.0741672515869 26.9273338317871 26.6551666259766 26.6323337554932 26.9664993286133 27.5423336029053 27.696834564209 27.3999996185303 27.4958343505859 27.3393325805664 27.1968326568604 26.8111667633057 26.5170001983643 26.4848327636719 26.4218330383301 26.3606662750244 26.2453327178955 26.1350002288818 26.468334197998 27.0691661834717 27.280834197998 27.2040004730225 26.9488334655762 26.8924999237061 26.9233341217041 26.9036674499512 26.900333404541 26.7936668395996 26.7536659240723 26.7670001983643 26.8430004119873 26.8248329162598 26.8466663360596 26.9196662902832 26.8391666412354 26.8993339538574 26.9303321838379 26.8290004730225 26.7294998168945 26.654333114624 26.7544994354248 26.6198329925537 26.5973339080811 26.6060009002686 26.5214996337891
-3.4e+38 -3.4e+38 -3.4e+38 27.0208339691162 26.9575004577637 26.9540004730225 27.0799999237061 26.7988338470459 26.5671672821045 26.9131660461426 27.1576671600342 27.4976654052734 27.820499420166 27.6630001068115 27.1418342590332 27.0343341827393 27.2625007629395 27.0734996795654 26.6224994659424 26.4726657867432 26.1616668701172 26.1433334350586 26.3141670227051 26.1713333129883 26.2621669769287 27.1086673736572 27.212833404541 26.9798336029053 26.7830009460449 26.8699989318848 26.867166519165 26.9020004272461 26.8446655273438 26.7621669769287 26.8610000610352 26.8759994506836 26.8279991149902 26.7693328857422 26.8543319702148 26.804500579834 26.7716674804688 26.7616672515869 26.7315006256104 26.7019996643066 26.5750007629395 26.6823329925537 26.654333114624 26.5976676940918 26.5438346862793 26.5741653442383 26.5200004577637
