rasters/Mali_CLYPPT_M_sl2_250m_ll.asc
NCOLS 198 
NROWS 178 
XLLCORNER -12.264130412 
YLLCORNER 10.140054014 
CELLSIZE 0.0833321619545454 
NODATA_value -9999 
[rows 104 to 129 of 178, columns 118 to 176 of 198]
7 8 7.00000000000063 10.3146067415726 6.68539325842712 26.8707865168547 20.3146067415726 23.7584269662903 18.0561797752822 9.12921348314565 9.5 8.62921348314523 13.5955056179833 20.1292134831451 21.5561797752818 21.5 15.6853932584277 15.8707865168548 17.3146067415726 16.3146067415749 16.2584269662905 18.0561797752827 21.9438202247178 19.3146067415726 14.6853932584274 13.6853932584274 8.18539325842813 4 34 17.3707865168548 15.8707865168548 17.4999999999998 21.9662921348382 17.0561797752827 15.7584269662904 18.6292134831452 26.3146067415704 26.6292134831452 17.7415730337104 18.3707865168548 14.2022471910089 16.4438202247178 25.8707865168548 17.1853932584294 14.9438202247178 17.2584269662907 16 20 12.2584269662887 21.0561797752822 24.129213483144 23.7584269662904 12.387640449436 11.6853932584274 18.5 8.50000000000022 18.8146067415726 23.3146067415723 20.8146067415726
8.07303370786476 10.4269662921352 17.0730337078649 18.4269662921352 6.92696629213517 7.42696629213523 6.42696629213523 12.0730337078647 15.9213483146086 9.07303370786434 12.4269662921352 15.0674157303381 12.640449438203 7.57303370786477 29.4999999999972 15.9943820224733 19.5730337078656 17.0786516853914 8.28651685393238 17.1404494382033 16.7865168539324 12.7865168539329 12 5.5 6.78651685393238 13.8595505617971 12.2865168539319 8.71348314606762 13.859550561797 19.0730337078648 11.2078651685409 12.9269662921361 13.5112359550534 14.8539325842701 19.4269662921352 15.8595505617971 17.9269662921351 20 25.426966292135 30.5 27.6460674157281 22.7865168539324 33.5 33.9269662921361 25.4269662921352 25.4382022471886 23 19.2808988764057 17.2865168539319 16.2134831460678 16.646067415729 17.7134831460676 19 28.3539325842705 22.6404494382028 8.92696629213463 19.9269662921352 21.3595505617965 20.9325842696619
14.2584269662922 9 7 6 5.74157303370763 14.7078651685392 24.7921348314608 8.48314606741497 14.7584269662922 13.7921348314631 9 9.74157303370784 10.9494382022474 10.4831460674157 10.7584269662917 8.96629213483138 21.2584269662919 9.51685393258431 9.5 9 15.2584269662922 15.7415730337081 10 8.25842696629215 11.5505617977529 8.5 11.2584269662917 9.5 5.48314606741569 15.2415730337078 14.0168539325843 14.5168539325843 15.7584269662922 19.2415730337072 34.4831460674157 25.7247191011235 25.2584269662917 28.2584269662922 31.5168539325843 19.2415730337078 18.7247191011252 28.5505617977529 29.5168539325843 32.775280898876 31.2584269662922 29.0000000000004 27.4831460674157 27.1348314606745 29.7415730337083 20.5000000000001 30.4325842696628 19.5337078651686 13.5337078651689 10.0674157303372 6.25842696629215 8.77528089887602 5.98314606741569 9.75842696629195 16.5168539325843
10.9213483146043 10.7303370786511 7.49999999999993 11.0393258426979 10.573033707859 8.50000000000011 14.2303370786511 10.2696629213485 7.5 6.03932584269828 14.0393258426979 14.7696629213489 12.230337078651 7.80898876404672 6.30898876404547 7.73033707865107 14.2303370786513 9.76966292134893 8 8.49999999999915 16 13.808988764047 17.4606741573021 14.5 14.5393258426979 14.2696629213489 10.4606741573021 7 13.2303370786509 11.9213483146043 36 15.6179775280928 6.76966292134893 18.4606741573021 26.6123595505575 23.7303370786511 30.2696629213502 19.1910112359532 24.9606741573017 35.2303370786511 18.4606741573031 12.6179775280936 14 19.4269662921408 18.2696629213489 13.6910112359534 16.2696629213489 19.5393258426979 24.1516853932517 13.6516853932555 13.5393258426979 11.6516853932554 5.26966292134846 3.53932584269786 4.5 5.03932584269871 6.03932584269785 10.6123595505581 13.8876404494425
6.40449438202238 14.7977528089888 10.4887640449446 11.2977528089888 7.29775280898856 9.40449438202246 12.7977528089888 12.4044943820224 11.5 8.59550561797762 18.6067415730336 18.6067415730336 14.2977528089889 10.0955056179777 13.2022471910105 7.79775280898881 8 16.9044943820224 14.2022471910112 16.4999999999991 11.8932584269664 14.9999999999995 11.7022471910112 10.3089887640448 17 5.79775280898881 13.6067415730339 14.7022471910112 8.0955056179772 6.70224719101119 14.0955056179776 27.4999999999991 5.79775280898881 7 16.8089887640448 20.4887640449441 18.1067415730341 22.3932584269664 33.0955056179775 16.2022471910112 17.0955056179771 17.2022471910112 15.4044943820224 13.9044943820229 13.1067415730336 27.691011235955 24.6797752808993 23.1910112359552 20.2977528089886 21.0955056179775 7.09550561797816 5.39325842696644 7.79775280898894 4 5.79775280898881 3.49999999999984 4.70224719101119 20.1910112359549 19.4044943820224
13.6741573033705 13.5 15 12.1741573033705 12.1741573033709 15.8258426966297 6 14.3258426966295 11.3033707865181 5.65168539325848 6.32584269662951 6.84831460674097 5.65168539325903 29.3258426966296 6.65168539326014 6 9.65168539325903 12.8707865168524 20.6741573033705 14.651685393259 14.1741573033705 9.82584269662937 10.4775280898885 5.34831460674097 6.67415730337049 35 6.49999999999916 7.17415730337048 10.3033707865192 6.17415730337048 5.17415730337048 5 12.8258426966295 8.15168539325946 11 20.848314606741 33.4999999999991 21.6292134831476 21.348314606741 31.8033707865181 13.5000000000001 7.5 15.848314606741 14.674157303371 11.848314606741 14.5224719101113 22.8033707865181 18.3033707865181 19.1741573033702 6.67415730337041 3.67415730337014 9.43820224718679 7.34831460674033 5 5.30337078651806 9.82584269663092 5 9 16.5
8.5 6 5.58426966292254 4 7.64606741573033 8 10.1460674157306 8.58426966292297 8.14606741573063 14.0842696629193 7 5.4382022471919 11.0000000000001 10 8.35393258426997 12.2921348314613 7.35393258426967 18.5 16.5617977528081 17.2078651685379 8.64606741573063 20.0617977528078 21.3539325842694 22.4382022471919 10.5 21.4157303370775 13.7471910112311 6.14606741573063 7.85393258426949 5.85393258426937 6.14606741573063 5.29213483146127 3.64606741573063 33.6460674157312 7.64606741573063 13.1235955056162 21.4999999999991 18.9382022471919 10.2303370786531 15.7921348314613 11.1460674157312 18.6460674157306 27.2921348314613 20.8539325842674 14.1460674157306 15.0617977528078 13.9382022471919 31 24.1235955056155 22.5617977528081 28.4382022471921 8.14606741573063 7.58426966292216 6.70786516853873 4 6 6.35393258426936 4 5.35393258426937
19.3820224719101 14.2078651685396 8.50000000000045 8.61797752808993 8 12.3539325842698 15.6179775280899 12 6 6.23595505617986 6.5 9.76404494382014 10.1179775280899 10.0280898876407 7.9999999999987 13.1797752808993 13.2640449438206 11.3820224719101 16 15.8820224719099 7.32584269662952 7.61797752809026 20.8820224719101 18.7640449438201 11.2640449438201 15.6741573033705 18.264044943818 19.1460674157302 18.5000000000002 11.5561797752806 5.88202247191007 7.0000000000004 5.38202247191007 5.6179775280896 40.2359550561799 8.26404494382014 7 16.7640449438201 26.4662921348308 21.7359550561799 13.7640449438201 28.0898876404497 17.6179775280899 30.7640449438214 15.0617977528094 18.1460674157297 21.7640449438201 18.5 21.1460674157296 29.4999999999999 13.1179775280904 6.61797752808993 11.1179775280899 8.76404494382014 5.61797752808993 6.64606741573131 5.76404494382014 3.61797752808961 4.88202247191007
13.5898876404491 9.08988764044915 7.1797752808997 6.26966292134745 7 8.49999999999989 9.58988764044915 7.91011235955098 7.6797752808983 9.50000000000043 9 13.5 7.49999999999989 8.32022471910181 12.5000000000009 8.58988764044915 14.2696629213474 7.58988764044915 11.9101123595508 9.49999999999915 11.1797752808983 10 8.1797752808983 18.6797752808983 17.8089887640424 18.4101123595508 20 24.2303370786525 20 21.6797752808983 5.91011235955085 5.0898876404493 14.0898876404492 14.9606741573054 19.0898876404491 24 19.0898876404493 16.0393258426949 17.2303370786529 5.41011235955085 6.58988764044876 7 11.1404494382034 15.7696629213468 4.08988764044915 13.7303370786515 18.5898876404491 7.37078651685594 13.6011235955093 12.1797752808989 9.23033707865299 9.91011235955085 8.67977528089851 4 8.41011235955085 7.41011235955015 5.08988764044915 6.4101123595512 3.6797752808983
13.1235955056169 12.4382022471915 5.0561797752755 7.12359550561694 11.2528089887649 12.6853932584255 11.1235955056169 13.8764044943827 14.6853932584254 19.0000000000009 10.7528089887661 8.12359550561694 13.5617977528084 12.9382022471911 17.5617977528107 11.3764044943831 13.3764044943836 6.62359550561694 10.4382022471915 10.5000000000009 7.87640449438306 6.06179775280767 8.12359550561694 27.2640449438306 11.5674157303407 9.56179775280847 5.50000000000084 11.1910112359576 17.808988764042 19.6853932584254 19.6292134831492 15.4382022471923 7 12.1853932584255 7.06179775280847 -9999 19.5617977528092 11.3146067415746 5.93820224719233 7.5 11.8089887640411 14.5617977528085 13.8764044943831 20.4325842696594 21.5617977528085 17.8707865168513 16.2528089887661 8.5 5.43820224719057 17.8764044943831 9.37640449438359 7.12359550561694 6.56179775280819 7.06179775280847 9 6.87640449438306 6.12359550561694 4.50000000000043 5.87640449438306
11.5337078651686 16.4662921348314 11.0674157303373 4.5 7.49999999999963 9.53370786516894 8 7.53370786516795 4.53370786516864 6.634831460675 7.56741573033729 7.5 7.06741573033749 10.398876404494 6.93258426966271 11.4325842696627 10 10 9.06741573033729 9.23595505618057 7.53370786516864 5.10112359550511 6.43258426966271 7.29775280898813 11.3988764044941 12.5 5.9662921348313 11.5337078651686 10.5337078651683 13.9662921348314 23.0674157303373 21.9662921348329 19.5337078651686 6.93258426966271 9.53370786516864 14.0337078651686 11.4662921348286 7.53370786516864 13.0337078651712 18.6011235955059 17.0674157303373 15.0337078651686 17.0337078651686 16.4662921348323 14.5337078651686 16.9325842696619 17.1685393258432 9 12.6011235955051 7.06741573033709 9.43258426966225 4.53370786516864 4.60112359550564 7.56741573033729 7.5 7.0674157303374 5.03370786516864 4 11
14.0280898876398 14.0112359550559 8.57303370786271 10.5224719101119 9.97752808988728 17.4550561797762 13.4887640449441 14.0337078651678 15.0112359550559 16.005617977528 14 7 13.966292134832 14.5056179775279 32.5056179775271 18.9887640449441 7.00561797752797 30.9831460674161 19.0112359550559 17.4831460674169 15.4887640449441 12.9831460674161 10.005617977528 8.99438202247203 9 13 5.01123595505595 23.9831460674161 11.5280898876394 19.994382022472 16.0112359550559 17.5056179775271 11.0393258426958 10.9887640449466 14.5 13.005617977528 14.005617977528 10 5.00561797752881 20.9325842696644 14.9887640449441 18.5112359550559 14.505617977528 13.994382022472 14.5168539325839 8.00561797752796 12.9550561797763 12.494382022472 13.5056179775288 13.9775280898881 9.05056179775168 5 5.99999999999999 6.5 6 8.99438202247036 5.5 8.51123595505551 7
18.5674157303381 19.5674157303381 16.5224719101118 24.0449438202254 20.0224719101127 15.0449438202254 22.6123595505636 16.5898876404516 16.9101123595491 15.5000000000005 6 11.5224719101127 28.7022471910145 14.0449438202254 15.0224719101128 17.5224719101127 19.0224719101127 18.0449438202254 20.3651685393237 21.4999999999992 23.5224719101127 18.5449438202259 16.1797752809017 20.9325842696619 11.5 24.4550561797746 14.5898876404517 16.4550561797746 14.0449438202245 10.7247191011271 20.0449438202254 15.0674157303365 20.9550561797746 17.5000000000004 9.52247191011271 14.5 7.95505617977457 13.0224719101127 5.47752808988688 10.5 16.8876404494364 8 10.6123595505636 12.5224719101102 9.43258426966186 -9999 -9999 -9999 -9999 -9999 -9999 -9999 -9999 -9999 -9999 -9999 -9999 -9999 -9999
17.050561797753 20.5 22.3483146067417 9.55056179775297 18.3483146067406 19.8988764044941 18 21.9494382022471 19.2022471910119 15.1011235955066 7 17.5 15.7022471910117 15.7022471910117 19.3988764044947 11.1516853932589 16.8483146067411 20.2977528089881 23.2022471910119 22.3483146067386 17.3033707865178 22.949438202247 17.050561797753 18.1516853932589 19.3033707865178 9.94943820224703 14.1516853932623 15 17.8483146067411 11.8988764044941 28.6460674157292 17.3483146067417 4.55056179775297 16.8089887640436 18 19.6011235955059 10.7528089887654 31.5 19.4999999999997 15.5 8.1011235955068 18.5 11.2022471910119 -9999 -9999 -9999 -9999 -9999 -9999 -9999 -9999 -9999 -9999 -9999 -9999 -9999 -9999 -9999 -9999
24.3707865168508 17 14.5505617977571 23.3932584269682 20.421348314605 20 17.7640449438191 19.0786516853935 17.3426966292127 21.0786516853937 19.9213483146064 20.8426966292127 18.0786516853938 11 18.7359550561802 18.4213483146064 19.421348314606 20.6853932584254 21 20.5000000000009 19.9213483146064 20.0786516853944 18.3426966292127 15.8426966292127 12.0280898876381 9.15730337078729 8.34269662921355 15.4213483146064 16.9213483146057 17.6853932584254 32.9494382022445 10.8426966292141 17.2134831460635 18.8426966292127 16.6853932584254 11.0786516853936 4.42134831460734 6.5 5.73595505618058 8.76404494381906 11.7640449438174 16.8426966292127 -9999 -9999 -9999 -9999 -9999 -9999 -9999 -9999 -9999 -9999 -9999 -9999 -9999 -9999 -9999 -9999 -9999
18.7865168539313 19.820224719103 20.2134831460683 18.2865168539313 24.6067415730347 19.7471910112403 25.4269662921373 28 19.3932584269657 15.5000000000004 16.1067415730343 18.8932584269657 18.3932584269658 21.6797752808972 13.2134831460673 15 17.3202247191029 20.6067415730343 17.7865168539313 -9999 -9999 -9999 -9999 -9999 26 -9999 -9999 -9999 27.2865168539309 19.0730337078627 19.1067415730343 12.7865168539313 18.679775280897 18.9662921348279 13.5 13.1067415730343 3.50000000000122 8.53370786517163 5.21348314606865 13.0337078651716 8.74719101123977 -9999 -9999 -9999 -9999 -9999 -9999 -9999 -9999 -9999 -9999 -9999 -9999 -9999 -9999 -9999 -9999 -9999 -9999
19.9044943820215 23.2696629213477 23.9606741573084 20.7696629213477 16.9044943820212 13.5 18.2696629213477 19.039325842695 17.2696629213477 14 14.3651685393262 17 14.3651685393261 13.8651685393261 14.0393258426958 17.5955056179785 17.134831460674 22.8651685393262 -9999 -9999 -9999 -9999 -9999 -9999 -9999 -9999 -9999 -9999 -9999 -9999 -9999 18.825842696631 -9999 -9999 -9999 -9999 -9999 -9999 -9999 -9999 -9999 -9999 -9999 -9999 -9999 -9999 -9999 -9999 -9999 -9999 -9999 -9999 -9999 -9999 -9999 -9999 -9999 -9999 -9999
23.5112359550564 22.8258426966291 14.151685393259 8.66292134831454 16.8483146067414 19.1629213483144 16.8370786516855 24.5000000000002 11.8595505617982 13.3258426966297 20.3370786516855 15.3258426966291 16.0112359550565 9 17.8033707865138 18.6179775280891 19.3370786516866 -9999 -9999 -9999 -9999 -9999 -9999 -9999 -9999 -9999 -9999 -9999 -9999 -9999 -9999 -9999 -9999 -9999 -9999 -9999 -9999 -9999 -9999 -9999 -9999 -9999 -9999 -9999 -9999 -9999 -9999 -9999 -9999 -9999 -9999 -9999 -9999 -9999 -9999 -9999 -9999 -9999 -9999
18 20.5 18.8089887640451 17.6910112359552 19.3820224719113 29.3089887640448 19.1910112359552 17.6179775280901 17.3089887640448 20.1179775280894 20.8370786516867 19.3089887640447 12.1910112359551 6 19.7808988764039 -9999 -9999 -9999 -9999 -9999 -9999 -9999 -9999 -9999 -9999 -9999 -9999 -9999 -9999 -9999 -9999 -9999 -9999 -9999 -9999 -9999 -9999 -9999 -9999 -9999 -9999 -9999 -9999 -9999 -9999 -9999 -9999 -9999 -9999 -9999 -9999 -9999 -9999 -9999 -9999 -9999 -9999 -9999 -9999
19 16 17.7191011235943 16.7191011235955 15.2191011235962 13.2191011235956 15.4044943820224 6.28089887640406 9 9.4662921348297 20 19.9382022471911 20 -9999 -9999 -9999 -9999 -9999 -9999 -9999 -9999 -9999 -9999 -9999 -9999 -9999 -9999 -9999 -9999 -9999 -9999 -9999 -9999 -9999 -9999 -9999 -9999 -9999 -9999 -9999 -9999 -9999 -9999 -9999 -9999 -9999 -9999 -9999 -9999 -9999 -9999 -9999 -9999 -9999 -9999 -9999 -9999 -9999 -9999
16 12 11.9719101123602 21.2359550561801 20.2528089887633 18.758426966292 18.494382022472 32.994382022472 21.4775280898881 17.4943820224725 18.505617977528 -9999 -9999 -9999 -9999 -9999 -9999 -9999 -9999 -9999 -9999 -9999 -9999 -9999 -9999 -9999 -9999 -9999 -9999 -9999 -9999 -9999 -9999 -9999 -9999 -9999 -9999 -9999 -9999 -9999 -9999 -9999 -9999 -9999 -9999 -9999 -9999 -9999 -9999 -9999 -9999 -9999 -9999 -9999 -9999 -9999 -9999 -9999 -9999
11.2752808988767 14.8258426966301 17.6741573033686 15.0505617977534 21.2752808988761 20.7752808988766 16.5 18.7752808988779 17.0505617977534 -9999 -9999 -9999 -9999 -9999 -9999 -9999 -9999 -9999 -9999 -9999 -9999 -9999 -9999 -9999 -9999 -9999 -9999 -9999 -9999 -9999 -9999 -9999 -9999 -9999 -9999 -9999 -9999 -9999 -9999 -9999 -9999 -9999 -9999 -9999 -9999 -9999 -9999 -9999 -9999 -9999 -9999 -9999 -9999 -9999 -9999 -9999 -9999 -9999 -9999
19.3033707865165 19.2134831460661 15.6235955056153 14.4101123595496 16.0898876404502 -9999 -9999 -9999 -9999 -9999 -9999 -9999 -9999 -9999 -9999 -9999 -9999 -9999 -9999 -9999 -9999 -9999 -9999 -9999 -9999 -9999 -9999 -9999 -9999 -9999 -9999 -9999 -9999 -9999 -9999 -9999 -9999 -9999 -9999 -9999 -9999 -9999 -9999 -9999 -9999 -9999 -9999 -9999 -9999 -9999 -9999 -9999 -9999 -9999 -9999 -9999 -9999 -9999 -9999
10.3370786516856 19.5 17.5056179775287 17.1685393258428 23.6629213483124 -9999 -9999 -9999 -9999 -9999 -9999 -9999 -9999 -9999 -9999 -9999 -9999 -9999 -9999 -9999 -9999 -9999 -9999 -9999 -9999 -9999 -9999 -9999 -9999 -9999 -9999 -9999 -9999 -9999 -9999 -9999 -9999 -9999 -9999 -9999 -9999 -9999 -9999 -9999 -9999 -9999 -9999 -9999 -9999 -9999 -9999 -9999 -9999 -9999 -9999 -9999 -9999 -9999 -9999
16.2808988764053 15.2191011235947 15.3595505617979 13.421348314608 14.9213483146072 -9999 -9999 -9999 -9999 -9999 -9999 -9999 -9999 -9999 -9999 -9999 -9999 -9999 -9999 -9999 -9999 -9999 -9999 -9999 -9999 -9999 -9999 -9999 -9999 -9999 -9999 -9999 -9999 -9999 -9999 -9999 -9999 -9999 -9999 -9999 -9999 -9999 -9999 -9999 -9999 -9999 -9999 -9999 -9999 -9999 -9999 -9999 -9999 -9999 -9999 -9999 -9999 -9999 -9999
-9999 -9999 13 7.5 6.38764044943814 -9999 -9999 -9999 -9999 -9999 -9999 -9999 -9999 -9999 -9999 -9999 -9999 -9999 -9999 -9999 -9999 -9999 -9999 -9999 -9999 -9999 -9999 -9999 -9999 -9999 -9999 -9999 -9999 -9999 -9999 -9999 -9999 -9999 -9999 -9999 -9999 -9999 -9999 -9999 -9999 -9999 -9999 -9999 -9999 -9999 -9999 -9999 -9999 -9999 -9999 -9999 -9999 -9999 -9999
