rasters/Mali_bio8.asc
NCOLS 198 
NROWS 178 
XLLCORNER -12.264130412 
YLLCORNER 10.140054014 
CELLSIZE 0.0833321619545454 
NODATA_value -3.4e+38 
[rows 132 to 153 of 178, columns 51 to 101 of 198]
26.2038326263428 26.2544994354248 26.2441654205322 26.2411670684814 26.3009986877441 26.4443340301514 26.4949989318848 26.4851665496826 26.5271682739258 26.6525001525879 26.6938343048096 26.5265007019043 26.6631660461426 26.8703327178955 27.0265007019043 27.1413345336914 27.1319999694824 27.4000015258789 27.5659999847412 27.6504993438721 27.7413330078125 27.6326675415039 27.3026676177979 27.3969993591309 27.4848327636719 27.3776664733887 27.2303333282471 27.0160007476807 26.7118320465088 26.6006660461426 26.8304996490479 27.0391674041748 27.2248344421387 27.4388332366943 27.5286655426025 27.5521659851074 27.5 27.4318332672119 27.3898334503174 27.4203338623047 27.4341678619385 27.4851665496826 27.4398345947266 27.36549949646 27.4423332214355 27.5345001220703 27.3540000915527 26.8998336791992 26.6896667480469 26.2423324584961 26.3325004577637
26.2980003356934 26.1831665039062 26.1394996643066 26.2921676635742 26.4324989318848 26.4513339996338 26.4566669464111 26.4346675872803 26.4773330688477 26.5406665802002 26.4981670379639 26.3689994812012 26.6254997253418 26.8481674194336 26.9799995422363 27.1381664276123 27.2411670684814 27.3509998321533 27.4738330841064 27.6148319244385 27.6933326721191 27.4974994659424 27.2105007171631 27.3391666412354 27.2786655426025 27.1531658172607 26.9401664733887 26.7098331451416 26.5575008392334 26.6921672821045 26.9739990234375 27.0731678009033 27.1338329315186 27.3216667175293 27.3586673736572 27.3760013580322 27.40016746521 27.4020004272461 27.382999420166 27.3020000457764 27.2686672210693 27.400333404541 27.3689994812012 27.2220001220703 27.4370002746582 27.4291667938232 27.1646671295166 27.007999420166 26.7483329772949 26.1591663360596 26.0434989929199
26.1075000762939 26.0795001983643 26.2591667175293 26.3726654052734 26.3920001983643 26.4151668548584 26.3034992218018 26.2819995880127 26.2000007629395 26.2805004119873 26.3969993591309 26.2679996490479 26.4743328094482 26.683666229248 26.7806663513184 26.99049949646 27.1781673431396 27.3533325195312 27.3933334350586 27.4909992218018 27.6205005645752 27.5833320617676 27.4838333129883 27.3473339080811 27.1141662597656 27.0148334503174 26.8453330993652 26.7721672058105 26.7294998168945 26.699333190918 26.7794990539551 26.8953323364258 27.0536670684814 27.257833480835 27.3773345947266 27.4276657104492 27.4171676635742 27.3436660766602 27.2883338928223 27.2746658325195 27.3500003814697 27.4508323669434 27.3391666412354 27.2683334350586 27.2266674041748 27.045166015625 26.9898338317871 27.0128326416016 26.6558322906494 26.3020000457764 26.1813316345215
26.1175003051758 26.1873340606689 26.2779998779297 26.2383327484131 26.1516666412354 26.1318321228027 26.1079998016357 26.0903339385986 26.0053329467773 26.1198329925537 26.2655010223389 26.1888332366943 26.4166679382324 26.654333114624 26.7428340911865 26.8976669311523 27.1066665649414 27.2241668701172 27.2758331298828 27.3873329162598 27.4596672058105 27.601167678833 27.5223331451416 27.2756652832031 27.1791667938232 27.1280002593994 26.941333770752 26.7299995422363 26.6095008850098 26.6163330078125 26.7964992523193 26.9501667022705 27.1024990081787 27.1501655578613 27.1711654663086 27.1726665496826 27.2668342590332 27.3034992218018 27.3463325500488 27.371166229248 27.3563327789307 27.4565010070801 27.3436660766602 27.3313331604004 27.1603336334229 26.9991664886475 27.0153331756592 26.8365001678467 26.4370002746582 26.078332901001 26.4288330078125
26.4230003356934 26.341667175293 26.2801666259766 26.1608333587646 26.046501159668 25.9535007476807 25.9565010070801 25.9770011901855 25.9025001525879 25.982666015625 26.0458335876465 26.2089996337891 26.408166885376 26.5615005493164 26.6486663818359 26.8040008544922 26.9651679992676 26.9985008239746 27.1173343658447 27.2705001831055 27.3156661987305 27.4888324737549 27.2836666107178 27.2346668243408 27.2011661529541 27.0121669769287 26.8176670074463 26.6893329620361 26.6414985656738 26.7171669006348 26.8688335418701 26.9203338623047 26.9458332061768 26.9576663970947 27.0273323059082 27.1391658782959 27.2738342285156 27.316499710083 27.4146671295166 27.3678340911865 27.3856658935547 27.3390007019043 27.337833404541 27.3638343811035 27.0988330841064 27.0646667480469 26.9694995880127 26.6778335571289 26.2188339233398 26.0598335266113 26.8603324890137
26.378833770752 26.306999206543 26.1414985656738 26.0953330993652 26.0493335723877 25.8974990844727 26.0313339233398 26.0313339233398 25.9551677703857 26.054666519165 26.1683330535889 26.3373336791992 26.4521675109863 26.5688323974609 26.6928329467773 26.8401660919189 26.9173336029053 26.9361667633057 27.0248336791992 27.1143341064453 27.2266674041748 27.2544994354248 27.1628341674805 27.3211669921875 27.1821670532227 27.0196666717529 26.9208335876465 26.7901668548584 26.724666595459 26.8174991607666 26.8841667175293 26.8668327331543 26.8836669921875 26.9441661834717 27.0179996490479 27.1493339538574 27.2116661071777 27.2853336334229 27.3658332824707 27.3613338470459 27.3858337402344 27.3786678314209 27.3645000457764 27.2560005187988 27.0278339385986 26.992166519165 26.9794998168945 26.7063331604004 26.3040008544922 26.6809997558594 27.0205001831055
26.083667755127 26.2059993743896 26.2504997253418 26.2281665802002 25.9763336181641 25.8600006103516 26.0136661529541 26.2133331298828 26.2963333129883 26.3384990692139 26.375 26.4554996490479 26.5668334960938 26.6923332214355 26.7233333587646 26.8079986572266 26.7666664123535 26.9098339080811 27.0241661071777 27.0799999237061 27.1886672973633 27.2686672210693 27.2199993133545 27.2183322906494 27.117000579834 27.0209999084473 26.9443340301514 26.8369998931885 26.8310012817383 26.8419990539551 26.8315010070801 26.8838329315186 26.9316673278809 27.048999786377 27.0826663970947 27.078498840332 27.0811672210693 27.2213325500488 27.3390007019043 27.3096656799316 27.3461666107178 27.3850002288818 27.3035011291504 27.1658325195312 27.0036659240723 26.796667098999 26.8391666412354 26.6093330383301 -3.4e+38 27.0231666564941 27.1534996032715
26.0160007476807 26.2509994506836 26.2641677856445 26.2584991455078 26.0979995727539 26.1536674499512 26.2409992218018 26.3524990081787 26.4018325805664 26.404333114624 26.4383335113525 26.4635009765625 26.5731658935547 26.6128330230713 26.6321678161621 26.7213344573975 26.8103332519531 26.9471664428711 27.0155010223389 27.0796661376953 27.2000007629395 27.3689994812012 27.3509998321533 27.1828327178955 27.1229991912842 27.0193328857422 26.9398326873779 26.8991661071777 26.8726673126221 26.9276676177979 26.8736667633057 26.8020000457764 26.8636665344238 26.9536666870117 27.0148334503174 27.1335010528564 27.1761665344238 27.1513328552246 27.2019996643066 27.2216663360596 27.2358341217041 27.251501083374 27.1798324584961 27.0521659851074 26.8866672515869 26.6553344726562 26.5694999694824 -3.4e+38 -3.4e+38 27.0713348388672 27.1693325042725
26.0698337554932 26.2810001373291 26.2886657714844 26.2503337860107 26.1891670227051 26.3191661834717 26.2773323059082 26.2875003814697 26.3486671447754 26.4039993286133 26.4203338623047 26.3661670684814 26.5699996948242 26.5883331298828 26.6396656036377 26.6013317108154 26.6381664276123 26.7141666412354 26.8391666412354 26.996000289917 27.0639991760254 27.1931667327881 27.2078323364258 27.1526660919189 27.0830001831055 26.8696670532227 26.8708343505859 26.9224987030029 26.9056663513184 26.82200050354 26.7600002288818 26.7688331604004 26.841833114624 26.9516658782959 27.0229988098145 27.1413326263428 27.1298332214355 27.1006660461426 27.1408348083496 27.2019996643066 27.1761665344238 27.1735000610352 27.1746673583984 27.0676670074463 26.7686653137207 26.5655002593994 -3.4e+38 -3.4e+38 -3.4e+38 -3.4e+38 -3.4e+38
26.1496658325195 26.1933326721191 26.2201671600342 26.2708320617676 26.3601665496826 26.3706665039062 26.3136672973633 26.3015003204346 26.3288326263428 26.3431663513184 26.4475002288818 26.44700050354 26.4436664581299 26.4868335723877 26.6319999694824 26.6983337402344 26.6871662139893 26.7881660461426 26.8560009002686 26.924165725708 27.0306663513184 27.0944995880127 27.1658325195312 27.1099987030029 27.0076656341553 26.8656673431396 26.7826671600342 26.8003330230713 26.878833770752 26.8240013122559 26.8468341827393 26.8803329467773 26.8269996643066 26.8386669158936 26.8564987182617 26.9451656341553 27.0126667022705 27.0944995880127 27.1576671600342 27.1925010681152 27.1556663513184 27.0811672210693 27.058500289917 26.9506664276123 26.7654991149902 -3.4e+38 -3.4e+38 -3.4e+38 -3.4e+38 -3.4e+38 -3.4e+38
26.1413326263428 26.1851654052734 26.2220001220703 26.3251667022705 26.363166809082 26.3619995117188 26.3721656799316 26.2438335418701 26.380500793457 26.4098320007324 26.2900009155273 26.2546672821045 26.1561660766602 26.4223327636719 26.6089992523193 26.6208343505859 26.576000213623 26.574333190918 26.7158336639404 26.8161659240723 26.888500213623 26.9396667480469 27.0676670074463 27.0098323822021 26.9570007324219 26.8986663818359 26.8518333435059 26.8228340148926 26.780834197998 26.7334995269775 26.7863330841064 26.7528324127197 26.791166305542 26.8361663818359 26.9074993133545 26.9396667480469 26.9538345336914 27.0634994506836 27.146333694458 27.1691665649414 27.2106666564941 27.128833770752 27.105167388916 26.99049949646 -3.4e+38 -3.4e+38 -3.4e+38 -3.4e+38 -3.4e+38 -3.4e+38 -3.4e+38
26.1106662750244 26.2980003356934 26.3088340759277 26.3751659393311 26.3443336486816 26.2869987487793 26.2686672210693 26.3823337554932 26.3716659545898 26.2534999847412 26.0904998779297 26.0100002288818 26.0816669464111 26.2604999542236 26.4623336791992 26.4549999237061 26.4971675872803 26.5065002441406 26.6141662597656 26.7449989318848 26.8356666564941 26.8589992523193 26.9109992980957 26.853832244873 26.7851657867432 26.7589988708496 26.7138328552246 26.7561664581299 26.7846660614014 26.8131656646729 26.7823333740234 26.7371673583984 26.7454986572266 26.7145004272461 26.8234996795654 26.8198318481445 26.841833114624 26.9206657409668 27.1046676635742 27.1203346252441 27.0683326721191 27.0761661529541 27.0558338165283 26.878833770752 -3.4e+38 -3.4e+38 -3.4e+38 -3.4e+38 -3.4e+38 -3.4e+38 -3.4e+38
26.1988334655762 26.3150005340576 26.3196659088135 26.1893329620361 26.1714992523193 26.4160003662109 26.4518337249756 26.318000793457 25.9125003814697 26.0306663513184 25.9558334350586 25.9565010070801 26.1236667633057 26.2843322753906 26.4698333740234 26.4885005950928 26.4238338470459 26.4396667480469 26.5016670227051 26.6736660003662 26.6831665039062 26.603666305542 26.6128330230713 26.6161670684814 26.6203327178955 26.6401672363281 26.7159996032715 26.7948322296143 26.7928333282471 26.8540000915527 26.7664985656738 26.7314987182617 26.7983322143555 26.7581672668457 26.720666885376 26.6536674499512 26.720666885376 26.867166519165 26.9958324432373 27.0483341217041 26.9293327331543 26.9521675109863 26.9409999847412 26.7178344726562 26.6903324127197 -3.4e+38 -3.4e+38 -3.4e+38 -3.4e+38 -3.4e+38 -3.4e+38
26.3268337249756 26.3121662139893 26.1276664733887 26.113000869751 26.4104995727539 26.6471672058105 26.1110000610352 26.0089988708496 25.8803329467773 25.9715003967285 25.9211673736572 26.003999710083 26.1364994049072 26.2696666717529 26.2481670379639 26.2368335723877 26.2743339538574 26.1936664581299 26.3558330535889 26.5834999084473 26.5939998626709 26.42799949646 26.3215007781982 26.5336666107178 26.5886669158936 26.5336685180664 26.6151676177979 26.7080001831055 26.7591667175293 26.7581672668457 26.6908340454102 26.6778335571289 26.7261657714844 26.699499130249 26.6378326416016 26.6759986877441 26.7976665496826 26.890998840332 26.9203338623047 26.9305000305176 26.8806667327881 26.8194999694824 26.7220001220703 26.4621658325195 26.5326671600342 -3.4e+38 -3.4e+38 -3.4e+38 -3.4e+38 -3.4e+38 -3.4e+38
26.171667098999 26.1649990081787 25.9484996795654 26.4231662750244 26.4068336486816 26.3306655883789 26.0790004730225 26.0069999694824 26.1801681518555 26.1725006103516 26.2548332214355 26.3106670379639 26.5401668548584 26.3870010375977 26.2191677093506 26.2296676635742 26.3225002288818 26.3293342590332 26.4566669464111 26.5813331604004 26.6245002746582 26.5066680908203 26.4718341827393 26.5558338165283 26.5493335723877 26.5421676635742 26.5900001525879 26.662166595459 26.7250003814697 26.6886672973633 26.6259994506836 26.630500793457 26.6630001068115 26.640832901001 26.6884994506836 26.7281665802002 26.7154998779297 26.7530002593994 26.744499206543 26.8120002746582 26.7783336639404 26.7826671600342 26.6443328857422 26.4029998779297 26.6726665496826 -3.4e+38 -3.4e+38 -3.4e+38 -3.4e+38 -3.4e+38 -3.4e+38
26.3618335723877 26.3473339080811 26.2810001373291 26.4554996490479 26.2385005950928 26.175666809082 26.1494998931885 26.1843338012695 26.2908325195312 26.3330001831055 26.3824996948242 26.4305000305176 26.4763336181641 26.384334564209 26.2725009918213 26.3386669158936 26.4720001220703 26.5741672515869 26.5779991149902 26.4834995269775 26.4398326873779 26.4626655578613 26.4815006256104 26.496000289917 26.4680004119873 26.4423332214355 26.4686660766602 26.6100006103516 26.6941661834717 26.6303329467773 26.5973339080811 26.6060009002686 26.6613330841064 26.6709995269775 26.6778335571289 26.7100009918213 26.6224994659424 26.6103324890137 26.7236671447754 26.7596664428711 26.7296657562256 26.7414989471436 -3.4e+38 -3.4e+38 -3.4e+38 -3.4e+38 -3.4e+38 -3.4e+38 -3.4e+38 -3.4e+38 -3.4e+38
26.9208335876465 26.5438327789307 26.5126667022705 26.3886661529541 26.1966667175293 26.2163333892822 26.2376670837402 26.2059993743896 26.2905006408691 26.3484992980957 26.4519996643066 26.4988327026367 26.4069995880127 26.367000579834 26.4528331756592 26.4794998168945 26.4938335418701 26.6471672058105 26.5650005340576 26.5111656188965 26.3518333435059 26.3366661071777 26.3943328857422 26.3636665344238 26.3228340148926 26.2639999389648 26.34983253479 26.5200004577637 26.5406665802002 26.5364990234375 26.5205001831055 26.5606670379639 26.6273326873779 26.6146659851074 26.6609992980957 26.6511669158936 26.5611667633057 26.6399993896484 26.6791667938232 26.6591663360596 26.625 26.5634994506836 26.2641658782959 -3.4e+38 -3.4e+38 -3.4e+38 -3.4e+38 -3.4e+38 -3.4e+38 -3.4e+38 -3.4e+38
26.5069999694824 26.4461669921875 26.2991676330566 26.2718334197998 26.2264995574951 26.2363338470459 26.2501659393311 26.3331661224365 26.3854999542236 26.4418334960938 26.4611663818359 26.4428329467773 26.4693336486816 26.458833694458 26.5325012207031 26.6021671295166 26.5606670379639 26.5328330993652 26.4559993743896 26.5556659698486 26.5329990386963 26.369499206543 26.4098339080811 26.38450050354 26.2418327331543 26.1506671905518 26.2856674194336 26.3834991455078 26.3999996185303 26.4278335571289 26.3816661834717 26.4626655578613 26.5708332061768 26.5776672363281 26.5988330841064 26.6251659393311 26.5418319702148 26.5439987182617 26.49049949646 26.4145011901855 26.375 26.3423328399658 26.0084991455078 -3.4e+38 -3.4e+38 -3.4e+38 -3.4e+38 -3.4e+38 -3.4e+38 -3.4e+38 -3.4e+38
26.2946662902832 26.2558326721191 26.171667098999 26.2006664276123 26.3341674804688 26.2800006866455 26.3476657867432 26.3470001220703 26.3094997406006 26.2928333282471 26.4055004119873 26.40016746521 26.3920001983643 26.4265003204346 26.4635009765625 26.4916667938232 26.5396671295166 26.5473327636719 26.5454998016357 26.5551662445068 26.4946670532227 26.4151668548584 26.3835010528564 26.3369998931885 26.2458343505859 26.2006664276123 26.1673336029053 26.1963329315186 26.1938323974609 26.2478332519531 26.3586673736572 26.3929996490479 26.5130004882812 26.5261669158936 26.4753322601318 26.5429992675781 26.4723339080811 26.3736667633057 26.332332611084 26.1505012512207 26.1173324584961 26.011999130249 25.9144992828369 -3.4e+38 -3.4e+38 -3.4e+38 -3.4e+38 -3.4e+38 -3.4e+38 -3.4e+38 -3.4e+38
26.1494998931885 26.0288333892822 26.02783203125 26.1336669921875 26.2453327178955 26.199333190918 26.2504997253418 26.2164993286133 26.2590007781982 26.2303333282471 26.3929996490479 26.3505001068115 26.24049949646 26.2560005187988 26.2501678466797 26.3684997558594 26.4193325042725 26.5088329315186 26.5764999389648 26.3438339233398 26.3321666717529 26.3834991455078 26.4330005645752 26.4713325500488 26.3053321838379 26.2433338165283 26.1233329772949 26.0478324890137 26.0014991760254 26.0179996490479 26.3278331756592 26.3191680908203 26.3603324890137 26.3150005340576 26.4513339996338 26.4333324432373 26.2654991149902 26.0808334350586 26.0498332977295 25.9565010070801 25.9790000915527 25.8994998931885 25.7385005950928 -3.4e+38 -3.4e+38 -3.4e+38 -3.4e+38 -3.4e+38 -3.4e+38 -3.4e+38 -3.4e+38
26.0174999237061 25.9766674041748 25.9898338317871 26.0354995727539 26.0725002288818 26.1054992675781 26.1145000457764 26.1988334655762 26.2958335876465 26.1201667785645 26.3024997711182 26.2854995727539 26.140832901001 26.2583332061768 26.3521671295166 26.3645000457764 26.4099998474121 26.4471664428711 26.5208320617676 26.4209995269775 26.253999710083 26.0006675720215 26.1323337554932 26.4020004272461 26.328332901001 26.3474998474121 26.2566661834717 26.1735000610352 26.2136669158936 26.0655002593994 26.0050010681152 26.0991668701172 26.1679992675781 26.1340007781982 26.2441673278809 26.2779998779297 26.1455001831055 26.0186672210693 25.9963340759277 26.1818332672119 26.2923336029053 25.92799949646 -3.4e+38 -3.4e+38 -3.4e+38 -3.4e+38 -3.4e+38 -3.4e+38 -3.4e+38 -3.4e+38 -3.4e+38
25.9191665649414 25.8841667175293 25.9023323059082 25.9181671142578 26.0141677856445 25.9829998016357 26.1568336486816 26.1651668548584 26.0926666259766 26.0669994354248 26.1971664428711 26.2334995269775 26.0925006866455 26.1493339538574 26.2551670074463 26.328332901001 26.4326667785645 26.4233322143555 26.4133338928223 26.4488334655762 26.3320007324219 26.224666595459 26.1640014648438 26.2104988098145 26.3215007781982 26.3643341064453 26.3563327789307 26.3543338775635 26.4136657714844 26.295166015625 26.1580009460449 26.1341667175293 26.1549987792969 26.1691665649414 26.1653327941895 26.1446666717529 26.2446670532227 26.1616668701172 26.3484992980957 26.3986663818359 26.1926670074463 -3.4e+38 -3.4e+38 -3.4e+38 -3.4e+38 -3.4e+38 -3.4e+38 -3.4e+38 -3.4e+38 -3.4e+38 -3.4e+38
