rasters/Mauritania_bio4.asc
NCOLS 147 
NROWS 151 
XLLCORNER -17.077428344 
YLLCORNER 14.734398972 
CELLSIZE 0.0833728927006803 
NODATA_value -3.4e+38 
[rows 21 to 41 of 151, columns 96 to 143 of 147]
696.320190429688 700.816040039062 702.508483886719 706.495422363281 711.373229980469 716.433898925781 720.776184082031 724.923461914062 728.060180664062 730.229553222656 733.633483886719 737.291748046875 740.416320800781 742.639404296875 745.539916992188 748.143432617188 749.34716796875 752.95361328125 757.784057617188 759.512268066406 761.680908203125 764.581787109375 767.288757324219 769.05322265625 771.525939941406 775.233825683594 778.388610839844 780.341796875 783.802001953125 786.314880371094 787.403503417969 789.557922363281 790.688049316406 792.761901855469 794.325378417969 798.768676757812 800.626098632812 801.295532226562 801.721313476562 802.783264160156 804.18896484375 806.268432617188 -3.4e+38 -3.4e+38 -3.4e+38 -3.4e+38 -3.4e+38 -3.4e+38
696.784362792969 699.4609375 702.374877929688 706.768188476562 711.126098632812 715.077270507812 720.181457519531 724.268493652344 727.924560546875 730.469787597656 733.091918945312 736.643127441406 738.513610839844 741.3828125 744.383117675781 749.102844238281 750.755310058594 752.321350097656 755.314025878906 757.848937988281 759.985778808594 762.282592773438 765.542724609375 767.847900390625 771.422058105469 774.251892089844 775.046081542969 777.705932617188 780.70703125 782.726318359375 786.159240722656 787.938537597656 789.670227050781 791.418090820312 793.000915527344 796.2998046875 798.424682617188 798.030822753906 798.260925292969 800.083129882812 803.000671386719 803.984436035156 805.571166992188 807.77783203125 -3.4e+38 -3.4e+38 -3.4e+38 -3.4e+38
695.897705078125 697.616394042969 701.779418945312 705.474243164062 709.661560058594 713.02197265625 717.211120605469 721.994750976562 726.888610839844 730.994750976562 732.760192871094 735.38037109375 738.820373535156 740.969177246094 743.396911621094 747.756958007812 750.887390136719 752.411987304688 754.318664550781 756.328735351562 758.406799316406 760.483093261719 764.409362792969 767.789489746094 770.566467285156 771.211853027344 773.883666992188 775.9609375 777.805603027344 779.956481933594 782.050170898438 785.566589355469 788.674438476562 790.304016113281 792.069030761719 793.919311523438 794.747497558594 794.677062988281 797.359741210938 798.827880859375 801.290161132812 803.113037109375 802.492004394531 806.802429199219 809.195007324219 -3.4e+38 -3.4e+38 -3.4e+38
693.912719726562 696.689331054688 701.298156738281 704.720397949219 708.085693359375 711.322814941406 715.033020019531 719.687133789062 725.249755859375 730.112854003906 732.281982421875 734.773132324219 738.816589355469 740.362182617188 742.507263183594 744.892639160156 748.694580078125 752.318969726562 755.515563964844 758.530944824219 759.308227539062 760.789672851562 762.517700195312 765.242370605469 769.334411621094 769.869995117188 772.937072753906 774.199157714844 775.525634765625 778.785095214844 780.143432617188 783.444519042969 788.065490722656 789.700744628906 790.660827636719 791.781494140625 791.816040039062 793.703369140625 795.345153808594 797.807678222656 799.708679199219 800.660095214844 802.001220703125 807.058349609375 808.9462890625 810.748718261719 812.524475097656 -3.4e+38
692.116638183594 695.338439941406 700.123901367188 703.758605957031 707.099548339844 709.778503417969 714.003479003906 718.898498535156 723.92431640625 727.931762695312 731.845520019531 734.692321777344 737.922302246094 741.239624023438 743.671020507812 745.433898925781 747.765686035156 752.190551757812 756.038513183594 758.076538085938 759.760375976562 761.190734863281 762.302612304688 763.255187988281 765.648803710938 767.371704101562 770.393676757812 771.803100585938 772.31884765625 775.973815917969 778.848754882812 781.919128417969 786.049987792969 788.41015625 788.856018066406 789.140014648438 790.723449707031 791.938354492188 794.254699707031 795.869018554688 797.802673339844 799.646667480469 804.647399902344 806.830627441406 807.874633789062 806.982971191406 807.243103027344 811.845581054688
692.371765136719 695.220703125 697.656188964844 701.806396484375 706.328918457031 709.666687011719 713.38037109375 717.730285644531 721.466430664062 727.105651855469 730.831176757812 733.6962890625 736.328186035156 739.126220703125 741.809020996094 744.522338867188 747.260559082031 750.190185546875 753.680480957031 755.473510742188 758.233093261719 760.4921875 761.983642578125 764.29541015625 764.652709960938 765.564758300781 768.102905273438 769.944274902344 771.324890136719 773.757507324219 777.037414550781 780.332336425781 783.999816894531 785.227600097656 785.788879394531 787.194396972656 788.409301757812 790.953247070312 793.943725585938 794.890014648438 797.478393554688 802.283142089844 802.664428710938 803.421630859375 805.248840332031 806.0986328125 808.041015625 808.677612304688
691.292602539062 695.123901367188 696.595336914062 700.347412109375 703.5419921875 708.893127441406 712.270812988281 715.97021484375 720.453979492188 725.658447265625 729.053588867188 732.116638183594 734.713256835938 737.606750488281 739.719116210938 743.320739746094 746.912292480469 749.440124511719 751.970275878906 753.708557128906 757.265197753906 759.21337890625 760.624084472656 762.439392089844 764.194396972656 765.623229980469 767.162231445312 768.724914550781 769.3994140625 771.291564941406 -3.4e+38 -3.4e+38 -3.4e+38 -3.4e+38 -3.4e+38 -3.4e+38 -3.4e+38 -3.4e+38 -3.4e+38 -3.4e+38 -3.4e+38 -3.4e+38 -3.4e+38 -3.4e+38 -3.4e+38 -3.4e+38 -3.4e+38 -3.4e+38
690.078491210938 694.069885253906 697.179016113281 700.835754394531 704.716613769531 708.764587402344 711.507873535156 715.326538085938 719.172912597656 721.135559082031 725.80126953125 729.576171875 733.111328125 737.529663085938 740.354858398438 742.85400390625 745.493591308594 748.631530761719 750.197937011719 752.922058105469 755.167907714844 757.432678222656 757.609680175781 759.281677246094 763.060852050781 765.679504394531 767.346557617188 768.424743652344 768.817443847656 769.875610351562 -3.4e+38 -3.4e+38 -3.4e+38 -3.4e+38 -3.4e+38 -3.4e+38 -3.4e+38 -3.4e+38 -3.4e+38 -3.4e+38 -3.4e+38 -3.4e+38 -3.4e+38 -3.4e+38 -3.4e+38 -3.4e+38 -3.4e+38 -3.4e+38
690.078491210938 694.069885253906 697.179016113281 700.835754394531 704.716613769531 708.764587402344 711.507873535156 715.326538085938 719.172912597656 721.135559082031 725.80126953125 729.576171875 733.111328125 737.529663085938 740.354858398438 742.85400390625 745.493591308594 748.631530761719 750.197937011719 752.922058105469 755.167907714844 757.432678222656 757.609680175781 759.281677246094 763.060852050781 765.679504394531 767.346557617188 768.424743652344 768.817443847656 769.875610351562 -3.4e+38 -3.4e+38 -3.4e+38 -3.4e+38 -3.4e+38 -3.4e+38 -3.4e+38 -3.4e+38 -3.4e+38 -3.4e+38 -3.4e+38 -3.4e+38 -3.4e+38 -3.4e+38 -3.4e+38 -3.4e+38 -3.4e+38 -3.4e+38
690.053588867188 694.504760742188 698.305603027344 701.823425292969 705.231689453125 708.139404296875 710.297668457031 714.705200195312 717.493530273438 719.685180664062 724.678955078125 728.573974609375 732.206115722656 736.904418945312 739.5078125 742.635070800781 745.309020996094 747.024291992188 749.532043457031 752.685852050781 754.309020996094 755.830139160156 756.767333984375 757.503112792969 761.584899902344 764.769714355469 767.522338867188 768.809265136719 769.211791992188 770.556274414062 -3.4e+38 -3.4e+38 -3.4e+38 -3.4e+38 -3.4e+38 -3.4e+38 -3.4e+38 -3.4e+38 -3.4e+38 -3.4e+38 -3.4e+38 -3.4e+38 -3.4e+38 -3.4e+38 -3.4e+38 -3.4e+38 -3.4e+38 -3.4e+38
688.988464355469 693.123718261719 698.246520996094 701.372985839844 704.591003417969 706.880554199219 709.548217773438 713.194274902344 715.887939453125 719.133728027344 723.742309570312 727.164733886719 730.751586914062 734.843017578125 737.73486328125 741.179321289062 743.478454589844 745.531005859375 749.127319335938 751.544189453125 752.588562011719 753.972717285156 754.94189453125 755.352600097656 758.919921875 762.743774414062 766.129516601562 768.253112792969 770.224243164062 771.39111328125 -3.4e+38 -3.4e+38 -3.4e+38 -3.4e+38 -3.4e+38 -3.4e+38 -3.4e+38 -3.4e+38 -3.4e+38 -3.4e+38 -3.4e+38 -3.4e+38 -3.4e+38 -3.4e+38 -3.4e+38 -3.4e+38 -3.4e+38 -3.4e+38
688.225524902344 691.605102539062 695.214233398438 698.663940429688 702.270874023438 705.714172363281 709.081787109375 711.378784179688 714.412292480469 718.064147949219 722.331115722656 726.105224609375 729.602844238281 732.84765625 735.497192382812 739.095581054688 741.798828125 744.8740234375 747.8916015625 749.311401367188 750.725280761719 752.860534667969 753.922058105469 755.120788574219 757.795532226562 759.727661132812 763.222290039062 766.440063476562 768.73095703125 769.833557128906 -3.4e+38 -3.4e+38 -3.4e+38 -3.4e+38 -3.4e+38 -3.4e+38 -3.4e+38 -3.4e+38 -3.4e+38 -3.4e+38 -3.4e+38 -3.4e+38 -3.4e+38 -3.4e+38 -3.4e+38 -3.4e+38 -3.4e+38 -3.4e+38
686.979187011719 690.342224121094 695.022338867188 698.443908691406 701.382995605469 705.779235839844 708.808227539062 710.110717773438 712.79833984375 716.632141113281 720.516967773438 724.613159179688 727.698425292969 730.473937988281 734.414001464844 737.0869140625 740.797912597656 743.329711914062 745.061279296875 747.1875 748.516479492188 751.718872070312 753.447692871094 754.932922363281 758.257507324219 759.281311035156 760.544555664062 762.868041992188 764.685363769531 767.232788085938 767.697814941406 -3.4e+38 -3.4e+38 -3.4e+38 -3.4e+38 -3.4e+38 -3.4e+38 -3.4e+38 -3.4e+38 -3.4e+38 -3.4e+38 -3.4e+38 -3.4e+38 -3.4e+38 -3.4e+38 -3.4e+38 -3.4e+38 -3.4e+38
686.819396972656 690.115417480469 693.401977539062 696.345642089844 699.992431640625 704.086486816406 707.049438476562 708.638366699219 712.599975585938 716.272827148438 719.964599609375 722.530029296875 724.954467773438 728.82763671875 732.010864257812 734.6435546875 737.646667480469 740.016052246094 741.7939453125 743.645874023438 745.721008300781 748.888610839844 751.591735839844 752.146606445312 754.803955078125 756.458190917969 758.241455078125 760.881103515625 762.658264160156 764.0771484375 764.982116699219 -3.4e+38 -3.4e+38 -3.4e+38 -3.4e+38 -3.4e+38 -3.4e+38 -3.4e+38 -3.4e+38 -3.4e+38 -3.4e+38 -3.4e+38 -3.4e+38 -3.4e+38 -3.4e+38 -3.4e+38 -3.4e+38 -3.4e+38
686.03466796875 689.427612304688 691.745666503906 694.429016113281 698.755493164062 703.089111328125 706.069641113281 708.172485351562 712.151672363281 715.169555664062 718.438903808594 720.240051269531 723.240417480469 727.297424316406 730.551513671875 733.237365722656 735.843994140625 737.944030761719 739.604187011719 741.115783691406 742.21533203125 745.152954101562 747.830261230469 749.970947265625 751.991577148438 754.68994140625 758.11669921875 759.224731445312 759.780456542969 761.706420898438 765.687561035156 -3.4e+38 -3.4e+38 -3.4e+38 -3.4e+38 -3.4e+38 -3.4e+38 -3.4e+38 -3.4e+38 -3.4e+38 -3.4e+38 -3.4e+38 -3.4e+38 -3.4e+38 -3.4e+38 -3.4e+38 -3.4e+38 -3.4e+38
684.476928710938 688.808715820312 692.559326171875 694.511657714844 697.738586425781 702.620727539062 705.361145019531 707.692016601562 711.648803710938 713.378479003906 715.449768066406 718.564453125 721.434997558594 725.911376953125 729.174499511719 731.936584472656 734.125122070312 736.971313476562 737.868286132812 738.863525390625 739.713745117188 741.730346679688 744.258666992188 747.978393554688 750.755859375 753.413391113281 754.338012695312 755.10693359375 756.472412109375 760.639953613281 765.906005859375 -3.4e+38 -3.4e+38 -3.4e+38 -3.4e+38 -3.4e+38 -3.4e+38 -3.4e+38 -3.4e+38 -3.4e+38 -3.4e+38 -3.4e+38 -3.4e+38 -3.4e+38 -3.4e+38 -3.4e+38 -3.4e+38 -3.4e+38
682.851501464844 686.940612792969 690.859619140625 693.546020507812 696.938049316406 699.959228515625 702.01953125 706.176452636719 709.844909667969 710.399475097656 712.331237792969 717.04736328125 721.564636230469 724.0400390625 726.861145019531 730.235961914062 732.384826660156 734.759765625 736.769592285156 737.339965820312 738.526184082031 739.914123535156 742.131958007812 746.563720703125 748.751098632812 749.593322753906 750.656433105469 753.452392578125 757.044677734375 760.764465332031 763.391174316406 -3.4e+38 -3.4e+38 -3.4e+38 -3.4e+38 -3.4e+38 -3.4e+38 -3.4e+38 -3.4e+38 -3.4e+38 -3.4e+38 -3.4e+38 -3.4e+38 -3.4e+38 -3.4e+38 -3.4e+38 -3.4e+38 -3.4e+38
682.16748046875 686.407836914062 689.6611328125 692.073852539062 695.855712890625 698.39306640625 699.879516601562 704.095092773438 707.765258789062 709.39013671875 711.938537597656 716.145263671875 720.652282714844 723.400207519531 725.148864746094 727.175231933594 731.079162597656 733.810852050781 735.567321777344 735.092407226562 736.067687988281 738.079772949219 742.119873046875 744.009582519531 744.130432128906 745.221984863281 749.533813476562 751.620056152344 756.226745605469 758.222106933594 759.429260253906 -3.4e+38 -3.4e+38 -3.4e+38 -3.4e+38 -3.4e+38 -3.4e+38 -3.4e+38 -3.4e+38 -3.4e+38 -3.4e+38 -3.4e+38 -3.4e+38 -3.4e+38 -3.4e+38 -3.4e+38 -3.4e+38 -3.4e+38
679.679504394531 683.860473632812 687.747009277344 690.989624023438 694.018188476562 696.924438476562 699.255187988281 703.179077148438 706.626220703125 709.147705078125 711.460815429688 715.377014160156 718.780639648438 721.529418945312 723.312622070312 724.9521484375 727.141296386719 731.320678710938 734.287109375 734.355285644531 733.524169921875 737.498840332031 739.899597167969 739.440979003906 741.167724609375 744.175598144531 748.579711914062 752.032897949219 753.906982421875 758.017395019531 760.832641601562 -3.4e+38 -3.4e+38 -3.4e+38 -3.4e+38 -3.4e+38 -3.4e+38 -3.4e+38 -3.4e+38 -3.4e+38 -3.4e+38 -3.4e+38 -3.4e+38 -3.4e+38 -3.4e+38 -3.4e+38 -3.4e+38 -3.4e+38
677.086059570312 681.230224609375 685.946044921875 688.678955078125 692.251342773438 695.922424316406 699.032531738281 702.987609863281 706.418518066406 708.086975097656 709.260437011719 712.662048339844 715.716003417969 718.914245605469 721.645812988281 723.390563964844 725.200256347656 728.699401855469 729.980407714844 731.133483886719 733.939270019531 735.681762695312 736.006774902344 739.486755371094 743.1640625 747.732788085938 749.1396484375 751.379821777344 753.483642578125 757.381530761719 759.204345703125 -3.4e+38 -3.4e+38 -3.4e+38 -3.4e+38 -3.4e+38 -3.4e+38 -3.4e+38 -3.4e+38 -3.4e+38 -3.4e+38 -3.4e+38 -3.4e+38 -3.4e+38 -3.4e+38 -3.4e+38 -3.4e+38 -3.4e+38
676.205017089844 679.019592285156 684.3525390625 687.455322265625 690.750854492188 694.30224609375 697.06982421875 699.647094726562 702.871704101562 705.751586914062 706.946044921875 709.83837890625 712.93212890625 716.171569824219 719.540283203125 722.085754394531 724.77294921875 727.362548828125 729.903381347656 731.061645507812 731.854248046875 733.303161621094 736.531860351562 740.638488769531 744.158020019531 746.4033203125 747.561096191406 748.718017578125 751.5673828125 754.259155273438 756.838439941406 -3.4e+38 -3.4e+38 -3.4e+38 -3.4e+38 -3.4e+38 -3.4e+38 -3.4e+38 -3.4e+38 -3.4e+38 -3.4e+38 -3.4e+38 -3.4e+38 -3.4e+38 -3.4e+38 -3.4e+38 -3.4e+38 -3.4e+38
