rasters/Mauritania_bio4.asc
NCOLS 147 
NROWS 151 
XLLCORNER -17.077428344 
YLLCORNER 14.734398972 
CELLSIZE 0.0833728927006803 
NODATA_value -3.4e+38 
[rows 42 to 62 of 151, columns 48 to 95 of 147]
-3.4e+38 -3.4e+38 -3.4e+38 -3.4e+38 -3.4e+38 -3.4e+38 -3.4e+38 -3.4e+38 -3.4e+38 -3.4e+38 -3.4e+38 -3.4e+38 -3.4e+38 559.608337402344 564.797424316406 569.444519042969 573.321105957031 578.130065917969 582.3818359375 586.3857421875 590.125793457031 593.753723144531 597.806823730469 600.210327148438 603.9638671875 607.25048828125 611.591430664062 615.0224609375 617.277099609375 620.69873046875 624.606567382812 627.472045898438 630.935302734375 633.895751953125 637.937683105469 640.264038085938 643.890991210938 648.067321777344 649.301147460938 650.755981445312 653.262023925781 656.672729492188 659.778686523438 662.852294921875 665.373657226562 668.820190429688 671.578979492188 673.561157226562
-3.4e+38 -3.4e+38 -3.4e+38 -3.4e+38 -3.4e+38 -3.4e+38 -3.4e+38 -3.4e+38 -3.4e+38 -3.4e+38 -3.4e+38 -3.4e+38 -3.4e+38 561.401245117188 566.397766113281 570.512573242188 574.713928222656 578.698120117188 582.457092285156 586.471496582031 590.445251464844 594.367492675781 597.250366210938 599.363342285156 602.673828125 607.304138183594 611.148193359375 614.369750976562 617.800598144531 620.240905761719 625.692443847656 629.476257324219 632.154846191406 634.632873535156 637.633666992188 639.747375488281 641.924682617188 644.547790527344 649.271545410156 651.135070800781 652.464660644531 656.102355957031 660.196411132812 662.872741699219 665.163940429688 666.984436035156 669.123291015625 670.857116699219
-3.4e+38 -3.4e+38 -3.4e+38 -3.4e+38 -3.4e+38 -3.4e+38 -3.4e+38 -3.4e+38 -3.4e+38 -3.4e+38 -3.4e+38 -3.4e+38 -3.4e+38 562.740966796875 567.104064941406 571.277709960938 574.59619140625 578.086120605469 581.980224609375 586.279113769531 589.873657226562 593.759704589844 597.12646484375 599.903686523438 603.820678710938 608.234497070312 611.672302246094 614.532958984375 617.865417480469 620.536315917969 624.618469238281 627.855712890625 631.937377929688 634.726867675781 636.086120605469 638.622192382812 641.579467773438 644.464538574219 648.991394042969 649.129577636719 650.621154785156 654.078002929688 658.258361816406 661.733764648438 663.642395019531 665.413879394531 666.8408203125 669.920837402344
-3.4e+38 -3.4e+38 -3.4e+38 -3.4e+38 -3.4e+38 -3.4e+38 -3.4e+38 -3.4e+38 -3.4e+38 -3.4e+38 -3.4e+38 -3.4e+38 -3.4e+38 561.595703125 566.372619628906 570.916687011719 574.942565917969 578.641967773438 582.513854980469 586.224609375 589.388122558594 593.259643554688 597.392333984375 600.322143554688 602.942687988281 606.80810546875 610.768371582031 613.803100585938 615.647155761719 618.920593261719 623.278686523438 627.1357421875 631.748840332031 634.203491210938 635.555419921875 637.564636230469 640.109619140625 644.059326171875 645.541381835938 647.656188964844 650.866271972656 652.081665039062 655.599853515625 660.054931640625 661.841613769531 664.298217773438 666.460571289062 668.544372558594
-3.4e+38 -3.4e+38 -3.4e+38 -3.4e+38 -3.4e+38 -3.4e+38 -3.4e+38 -3.4e+38 -3.4e+38 -3.4e+38 -3.4e+38 -3.4e+38 -3.4e+38 561.234985351562 565.947082519531 570.683715820312 575.169555664062 578.824401855469 583.235046386719 586.631591796875 590.292785644531 593.507751464844 597.315124511719 601.402709960938 602.720642089844 606.275207519531 609.883972167969 612.852416992188 615.745788574219 618.994140625 622.925903320312 628.14404296875 631.222778320312 633.953247070312 634.822265625 636.940612792969 639.242553710938 642.730041503906 645.431945800781 647.564086914062 649.858215332031 650.922729492188 654.062744140625 659.018371582031 661.598815917969 664.066345214844 665.735229492188 666.962158203125
-3.4e+38 -3.4e+38 -3.4e+38 -3.4e+38 -3.4e+38 -3.4e+38 -3.4e+38 -3.4e+38 -3.4e+38 -3.4e+38 546.616516113281 551.291381835938 556.743713378906 560.827514648438 565.651733398438 571.153991699219 575.318054199219 578.700988769531 582.267944335938 586.688415527344 589.438293457031 592.432983398438 597.02294921875 600.671875 602.745300292969 606.380859375 609.675109863281 612.649291992188 615.815246582031 618.217041015625 622.632019042969 626.519348144531 629.501586914062 631.862365722656 633.796997070312 637.301635742188 639.344604492188 641.577026367188 644.307312011719 647.060424804688 649.273376464844 651.032531738281 653.281982421875 658.05615234375 661.466674804688 663.399353027344 663.91162109375 666.615234375
-3.4e+38 -3.4e+38 -3.4e+38 -3.4e+38 -3.4e+38 -3.4e+38 -3.4e+38 531.817626953125 537.939025878906 542.249816894531 545.448852539062 549.581665039062 557.408081054688 563.483520507812 567.906494140625 571.142456054688 573.388488769531 577.773132324219 582.364135742188 586.624084472656 589.091430664062 592.631958007812 596.938293457031 600.51513671875 602.93896484375 606.098205566406 609.129638671875 612.148681640625 615.096496582031 617.842590332031 621.7607421875 625.337524414062 627.897277832031 630.625610351562 633.984741210938 637.369750976562 639.104370117188 640.534057617188 643.598022460938 646.093811035156 648.893859863281 651.206909179688 653.028869628906 656.734619140625 660.533935546875 661.894653320312 663.559020996094 665.741149902344
-3.4e+38 -3.4e+38 -3.4e+38 -3.4e+38 522.540344238281 525.886413574219 528.443054199219 532.971252441406 536.545776367188 539.8544921875 547.508361816406 552.125671386719 558.131469726562 562.177612304688 569.497253417969 573.616577148438 577.486450195312 580.841918945312 584.887939453125 587.043395996094 590.336242675781 593.529052734375 596.8173828125 600.738830566406 603.280090332031 606.155700683594 608.833740234375 612.06494140625 614.195739746094 617.591125488281 620.601745605469 624.1630859375 626.175476074219 630.036499023438 633.081176757812 636.443725585938 639.605285644531 641.073913574219 643.279907226562 645.6943359375 649.816223144531 651.813537597656 653.290405273438 656.349060058594 658.894958496094 660.970764160156 663.67822265625 665.197570800781
-3.4e+38 -3.4e+38 -3.4e+38 520.901428222656 525.328796386719 527.915466308594 531.003173828125 534.819274902344 538.348571777344 543.401123046875 547.858642578125 553.105590820312 559.69873046875 567.507080078125 572.136047363281 575.476684570312 579.275817871094 583.496704101562 587.137817382812 588.430419921875 591.458984375 594.287658691406 597.380798339844 600.542846679688 604.171569824219 607.022766113281 609.658752441406 611.531921386719 613.408996582031 616.899841308594 619.816101074219 623.33447265625 626.426452636719 629.427551269531 631.693969726562 636.038696289062 639.520263671875 642.031066894531 642.921691894531 644.895324707031 648.397521972656 651.395874023438 652.99267578125 656.349243164062 658.588134765625 660.819885253906 662.66259765625 665.146240234375
-3.4e+38 511.352355957031 517.136474609375 521.734924316406 526.272583007812 530.655944824219 534.689392089844 537.881042480469 541.338500976562 545.008422851562 549.484313964844 554.735168457031 561.339538574219 565.743835449219 570.527770996094 575.348510742188 579.245544433594 583.571655273438 586.435546875 588.680725097656 591.70263671875 594.606018066406 597.789001464844 600.501892089844 603.822387695312 607.316589355469 609.161193847656 612.185363769531 614.616333007812 617.696228027344 620.060485839844 623.17578125 625.826721191406 627.6748046875 631.361328125 634.862365722656 638.600158691406 640.928466796875 642.796020507812 644.582336425781 646.994262695312 649.896484375 651.722961425781 656.00390625 658.391906738281 659.853088378906 661.828979492188 664.611511230469
505.751007080078 510.753997802734 516.189208984375 518.506958007812 526.060668945312 532.417297363281 536.986328125 542.217468261719 546.180297851562 550.0322265625 552.240844726562 552.522766113281 557.075134277344 563.287780761719 567.984924316406 574.538452148438 579.524108886719 583.032592773438 585.4599609375 586.648010253906 589.389831542969 593.348510742188 598.351745605469 602.30322265625 604.805236816406 607.230529785156 610.600280761719 612.983337402344 615.830749511719 618.1259765625 620.220520019531 621.993225097656 625.413146972656 628.371276855469 631.781555175781 634.098937988281 637.945129394531 640.7255859375 642.601318359375 644.545959472656 646.766845703125 649.083618164062 651.319763183594 655.006652832031 657.678466796875 658.600280761719 660.136962890625 662.419494628906
507.431243896484 514.126586914062 515.311767578125 518.156799316406 527.56494140625 535.538818359375 540.418395996094 544.649536132812 544.36962890625 547.502502441406 551.895263671875 556.516235351562 559.531433105469 563.739196777344 570.904968261719 577.178161621094 581.289428710938 583.149230957031 585.339172363281 584.607299804688 584.547241210938 588.338256835938 595.931213378906 601.025024414062 604.3564453125 606.321716308594 609.727844238281 612.651306152344 615.686950683594 618.266052246094 620.360656738281 621.159301757812 625.812133789062 629.010192871094 630.959167480469 634.278930664062 637.522521972656 639.764404296875 642.381652832031 643.342346191406 646.34375 649.006042480469 651.258972167969 654.317504882812 656.673095703125 657.580261230469 658.936584472656 661.854858398438
507.899322509766 512.450561523438 513.495788574219 521.298583984375 529.081665039062 535.181091308594 540.410766601562 544.177795410156 547.127868652344 550.628295898438 553.803161621094 560.327026367188 566.737060546875 572.487915039062 577.201477050781 580.83935546875 583.621154785156 585.4453125 587.074584960938 586.598083496094 587.215515136719 589.820495605469 594.405334472656 598.619750976562 602.730773925781 606.405517578125 609.38037109375 611.566467285156 614.994995117188 617.120300292969 619.929931640625 622.140625 625.024108886719 626.722351074219 629.379333496094 632.648132324219 635.341369628906 638.250793457031 640.612609863281 641.887084960938 644.799133300781 647.205322265625 649.49365234375 653.052856445312 655.501770019531 656.970947265625 658.429992675781 660.335266113281
509.994354248047 509.586395263672 509.921478271484 515.72509765625 517.4873046875 524.425048828125 535.418701171875 537.530090332031 546.048583984375 551.745422363281 556.463623046875 565.237915039062 570.885986328125 573.706481933594 575.959167480469 580.773620605469 582.513732910156 582.910522460938 584.868347167969 587.728210449219 591.062561035156 594.559753417969 598.253845214844 601.052978515625 603.998474121094 606.228271484375 607.143188476562 609.406372070312 613.001892089844 615.966369628906 618.491149902344 621.040344238281 623.280578613281 625.398193359375 627.74267578125 630.15234375 633.302429199219 636.387939453125 638.321838378906 640.218017578125 642.054443359375 643.8837890625 648.407958984375 651.751525878906 655.196655273438 656.58935546875 657.883239746094 659.801696777344
511.602416992188 512.869323730469 516.294616699219 518.327819824219 520.410217285156 528.244140625 536.162963867188 538.007568359375 544.413757324219 551.708557128906 560.38037109375 566.276794433594 569.796630859375 572.954040527344 575.477294921875 578.282653808594 579.88525390625 580.937805175781 582.196411132812 583.430603027344 586.848937988281 590.967590332031 597.2373046875 600.551879882812 603.65625 606.673645019531 608.398864746094 610.840698242188 614.247253417969 615.903442382812 618.016723632812 620.705261230469 624.025512695312 626.364318847656 629.122497558594 630.91796875 633.949829101562 636.858520507812 638.706665039062 640.291442871094 642.915222167969 646.94580078125 649.792907714844 652.301452636719 654.034240722656 655.73876953125 657.250793457031 659.736206054688
513.618286132812 516.588745117188 520.700927734375 525.275634765625 533.076843261719 541.5224609375 544.906066894531 543.493713378906 544.2265625 554.189575195312 561.997680664062 566.274841308594 569.675598144531 571.949401855469 573.962890625 571.4287109375 572.34912109375 577.006103515625 581.401306152344 582.997924804688 587.249145507812 591.917846679688 596.257141113281 598.214050292969 601.791442871094 605.596069335938 608.334350585938 611.867492675781 614.250366210938 616.091430664062 617.84228515625 619.292053222656 622.799987792969 626.801879882812 629.758056640625 632.334655761719 635.582214355469 636.844604492188 638.998352050781 641.26708984375 644.112060546875 646.714904785156 648.172241210938 652.413879394531 653.810791015625 654.528625488281 655.822631835938 658.705749511719
515.955627441406 519.458862304688 523.552124023438 530.097412109375 538.548828125 548.008544921875 550.496459960938 548.988525390625 552.525085449219 559.603637695312 563.885192871094 567.434631347656 569.75927734375 569.843017578125 568.529418945312 572.632995605469 578.718505859375 583.1513671875 586.901550292969 591.266174316406 595.618713378906 598.509155273438 600.12451171875 603.103576660156 606.306945800781 609.048095703125 611.9140625 614.321899414062 615.636413574219 618.061157226562 620.181640625 622.595031738281 625.255432128906 628.578002929688 630.477172851562 632.616516113281 634.482849121094 635.85693359375 637.912536621094 640.770324707031 643.498962402344 645.873657226562 647.375061035156 650.261840820312 652.163879394531 653.634338378906 656.056396484375 658.882873535156
517.843566894531 522.546142578125 527.723693847656 534.586303710938 543.156799316406 549.444091796875 550.971984863281 552.41259765625 557.252807617188 560.40966796875 563.067260742188 566.716247558594 569.252258300781 570.682739257812 575.28857421875 579.703918457031 583.108459472656 585.912353515625 589.805541992188 593.111145019531 597.063659667969 599.735961914062 602.3349609375 605.301330566406 607.918029785156 610.497680664062 612.983703613281 614.7451171875 615.519165039062 617.636108398438 619.866027832031 622.033630371094 623.978576660156 626.442016601562 628.617004394531 630.958679199219 632.673889160156 636.203063964844 638.899658203125 641.326049804688 643.234191894531 645.663879394531 647.299621582031 648.119689941406 650.002319335938 652.669311523438 655.061889648438 658.290222167969
519.844909667969 526.183837890625 533.051147460938 539.064697265625 545.666931152344 551.422607421875 552.623474121094 555.517333984375 557.561340332031 559.146606445312 562.01416015625 566.376098632812 570.015014648438 573.875305175781 578.247741699219 581.193725585938 583.457641601562 583.8955078125 584.103149414062 585.964599609375 589.101257324219 592.409301757812 596.687255859375 600.443115234375 604.160522460938 607.420227050781 610.260864257812 612.174621582031 614.511291503906 617.1240234375 619.336669921875 621.421875 624.0029296875 625.876098632812 629.189453125 631.774291992188 634.855712890625 636.419616699219 637.717346191406 640.326416015625 643.084899902344 644.89208984375 646.608581542969 648.060974121094 650.030029296875 652.3505859375 654.218811035156 656.874816894531
520.056030273438 528.726623535156 535.702270507812 541.104919433594 545.30908203125 548.700622558594 552.050415039062 554.990600585938 556.642883300781 556.967224121094 560.756591796875 564.7548828125 566.038635253906 568.866821289062 572.940979003906 576.956970214844 579.73681640625 580.392395019531 583.524108886719 589.685852050781 593.842590332031 598.584533691406 602.143859863281 604.444213867188 606.594543457031 608.122985839844 610.306518554688 612.552429199219 615.241882324219 617.51953125 618.894409179688 620.645935058594 623.357788085938 626.2197265625 628.836242675781 631.190307617188 633.565307617188 635.306396484375 637.0732421875 639.439880371094 642.550842285156 644.195983886719 645.952026367188 646.882019042969 648.338500976562 650.941589355469 653.009582519531 655.523742675781
522.390014648438 530.841857910156 536.282470703125 539.626647949219 542.562561035156 549.031433105469 553.233520507812 555.662109375 553.773620605469 555.840454101562 559.117248535156 557.53173828125 560.471557617188 567.68701171875 574.564086914062 581.59033203125 585.214416503906 588.001159667969 591.16552734375 594.273986816406 597.052062988281 599.903198242188 602.98828125 605.18798828125 607.040161132812 609.329833984375 611.610290527344 613.692321777344 615.859375 617.791564941406 619.44921875 620.9970703125 623.924438476562 626.730285644531 627.773742675781 629.332885742188 631.820678710938 634.123718261719 635.782348632812 639.272827148438 641.849182128906 642.961120605469 644.956237792969 645.552368164062 646.728149414062 650.198791503906 651.636108398438 653.705322265625
