rasters/Mauritania_bio8.asc
NCOLS 147 
NROWS 151 
XLLCORNER -17.077428344 
YLLCORNER 14.734398972 
CELLSIZE 0.0833728927006803 
NODATA_value -3.4e+38 
[rows 63 to 83 of 151, columns 0 to 46 of 147]
-3.4e+38 -3.4e+38 -3.4e+38 -3.4e+38 -3.4e+38 -3.4e+38 -3.4e+38 -3.4e+38 -3.4e+38 -3.4e+38 -3.4e+38 -3.4e+38 -3.4e+38 -3.4e+38 -3.4e+38 -3.4e+38 -3.4e+38 -3.4e+38 -3.4e+38 -3.4e+38 -3.4e+38 -3.4e+38 -3.4e+38 -3.4e+38 -3.4e+38 -3.4e+38 -3.4e+38 -3.4e+38 -3.4e+38 -3.4e+38 -3.4e+38 -3.4e+38 -3.4e+38 -3.4e+38 -3.4e+38 -3.4e+38 -3.4e+38 -3.4e+38 -3.4e+38 -3.4e+38 -3.4e+38 -3.4e+38 -3.4e+38 -3.4e+38 -3.4e+38 -3.4e+38 -3.4e+38
-3.4e+38 -3.4e+38 -3.4e+38 -3.4e+38 -3.4e+38 -3.4e+38 -3.4e+38 -3.4e+38 -3.4e+38 -3.4e+38 -3.4e+38 -3.4e+38 -3.4e+38 -3.4e+38 -3.4e+38 -3.4e+38 -3.4e+38 -3.4e+38 -3.4e+38 -3.4e+38 -3.4e+38 -3.4e+38 -3.4e+38 -3.4e+38 -3.4e+38 -3.4e+38 -3.4e+38 -3.4e+38 -3.4e+38 -3.4e+38 -3.4e+38 -3.4e+38 -3.4e+38 -3.4e+38 -3.4e+38 -3.4e+38 -3.4e+38 -3.4e+38 -3.4e+38 -3.4e+38 -3.4e+38 -3.4e+38 -3.4e+38 -3.4e+38 -3.4e+38 -3.4e+38 -3.4e+38
-3.4e+38 -3.4e+38 -3.4e+38 -3.4e+38 -3.4e+38 -3.4e+38 -3.4e+38 -3.4e+38 -3.4e+38 -3.4e+38 -3.4e+38 -3.4e+38 -3.4e+38 -3.4e+38 -3.4e+38 -3.4e+38 -3.4e+38 -3.4e+38 -3.4e+38 -3.4e+38 -3.4e+38 -3.4e+38 -3.4e+38 -3.4e+38 -3.4e+38 -3.4e+38 -3.4e+38 -3.4e+38 -3.4e+38 -3.4e+38 -3.4e+38 -3.4e+38 -3.4e+38 -3.4e+38 -3.4e+38 -3.4e+38 -3.4e+38 -3.4e+38 -3.4e+38 -3.4e+38 -3.4e+38 -3.4e+38 -3.4e+38 -3.4e+38 -3.4e+38 -3.4e+38 -3.4e+38
-3.4e+38 -3.4e+38 -3.4e+38 -3.4e+38 -3.4e+38 -3.4e+38 -3.4e+38 -3.4e+38 -3.4e+38 -3.4e+38 -3.4e+38 -3.4e+38 -3.4e+38 -3.4e+38 -3.4e+38 -3.4e+38 -3.4e+38 -3.4e+38 -3.4e+38 -3.4e+38 -3.4e+38 -3.4e+38 -3.4e+38 -3.4e+38 -3.4e+38 -3.4e+38 -3.4e+38 -3.4e+38 -3.4e+38 -3.4e+38 -3.4e+38 -3.4e+38 -3.4e+38 -3.4e+38 -3.4e+38 -3.4e+38 -3.4e+38 -3.4e+38 -3.4e+38 -3.4e+38 -3.4e+38 -3.4e+38 -3.4e+38 -3.4e+38 -3.4e+38 -3.4e+38 -3.4e+38
-3.4e+38 -3.4e+38 -3.4e+38 -3.4e+38 -3.4e+38 -3.4e+38 -3.4e+38 -3.4e+38 -3.4e+38 -3.4e+38 -3.4e+38 -3.4e+38 -3.4e+38 -3.4e+38 -3.4e+38 -3.4e+38 -3.4e+38 -3.4e+38 -3.4e+38 -3.4e+38 -3.4e+38 -3.4e+38 -3.4e+38 -3.4e+38 -3.4e+38 -3.4e+38 -3.4e+38 -3.4e+38 -3.4e+38 -3.4e+38 -3.4e+38 -3.4e+38 -3.4e+38 -3.4e+38 -3.4e+38 -3.4e+38 -3.4e+38 -3.4e+38 -3.4e+38 -3.4e+38 -3.4e+38 -3.4e+38 -3.4e+38 -3.4e+38 -3.4e+38 -3.4e+38 -3.4e+38
-3.4e+38 -3.4e+38 -3.4e+38 -3.4e+38 -3.4e+38 -3.4e+38 -3.4e+38 -3.4e+38 -3.4e+38 -3.4e+38 -3.4e+38 -3.4e+38 -3.4e+38 -3.4e+38 -3.4e+38 -3.4e+38 -3.4e+38 -3.4e+38 -3.4e+38 -3.4e+38 -3.4e+38 -3.4e+38 -3.4e+38 -3.4e+38 -3.4e+38 -3.4e+38 -3.4e+38 -3.4e+38 -3.4e+38 -3.4e+38 -3.4e+38 -3.4e+38 -3.4e+38 -3.4e+38 -3.4e+38 -3.4e+38 -3.4e+38 -3.4e+38 -3.4e+38 -3.4e+38 -3.4e+38 -3.4e+38 -3.4e+38 -3.4e+38 -3.4e+38 -3.4e+38 -3.4e+38
-3.4e+38 -3.4e+38 -3.4e+38 -3.4e+38 -3.4e+38 -3.4e+38 -3.4e+38 -3.4e+38 -3.4e+38 -3.4e+38 -3.4e+38 -3.4e+38 -3.4e+38 -3.4e+38 -3.4e+38 -3.4e+38 -3.4e+38 -3.4e+38 -3.4e+38 -3.4e+38 -3.4e+38 -3.4e+38 -3.4e+38 -3.4e+38 -3.4e+38 -3.4e+38 -3.4e+38 -3.4e+38 -3.4e+38 -3.4e+38 -3.4e+38 -3.4e+38 -3.4e+38 -3.4e+38 -3.4e+38 -3.4e+38 -3.4e+38 -3.4e+38 -3.4e+38 -3.4e+38 -3.4e+38 -3.4e+38 -3.4e+38 -3.4e+38 -3.4e+38 -3.4e+38 -3.4e+38
-3.4e+38 -3.4e+38 -3.4e+38 -3.4e+38 -3.4e+38 -3.4e+38 -3.4e+38 -3.4e+38 -3.4e+38 -3.4e+38 -3.4e+38 -3.4e+38 -3.4e+38 -3.4e+38 -3.4e+38 -3.4e+38 -3.4e+38 -3.4e+38 -3.4e+38 -3.4e+38 -3.4e+38 -3.4e+38 -3.4e+38 -3.4e+38 -3.4e+38 -3.4e+38 -3.4e+38 -3.4e+38 -3.4e+38 -3.4e+38 -3.4e+38 -3.4e+38 -3.4e+38 -3.4e+38 -3.4e+38 -3.4e+38 -3.4e+38 -3.4e+38 -3.4e+38 -3.4e+38 -3.4e+38 -3.4e+38 -3.4e+38 -3.4e+38 -3.4e+38 -3.4e+38 -3.4e+38
-3.4e+38 -3.4e+38 -3.4e+38 -3.4e+38 -3.4e+38 -3.4e+38 -3.4e+38 -3.4e+38 -3.4e+38 -3.4e+38 -3.4e+38 -3.4e+38 -3.4e+38 -3.4e+38 -3.4e+38 -3.4e+38 -3.4e+38 -3.4e+38 -3.4e+38 -3.4e+38 -3.4e+38 -3.4e+38 -3.4e+38 -3.4e+38 -3.4e+38 -3.4e+38 -3.4e+38 -3.4e+38 -3.4e+38 -3.4e+38 -3.4e+38 -3.4e+38 -3.4e+38 -3.4e+38 -3.4e+38 -3.4e+38 -3.4e+38 -3.4e+38 -3.4e+38 -3.4e+38 -3.4e+38 -3.4e+38 -3.4e+38 -3.4e+38 -3.4e+38 -3.4e+38 -3.4e+38
-3.4e+38 24.3215007781982 24.9766654968262 25.2495002746582 25.4419994354248 25.6254997253418 25.7519989013672 26.0310001373291 26.2848339080811 26.5041656494141 26.7811660766602 27.0128326416016 27.3193340301514 27.6165008544922 27.8763332366943 28.0673332214355 28.1944999694824 28.2866668701172 28.4776668548584 28.742000579834 28.8686676025391 29.0946655273438 29.3898334503174 29.5661659240723 29.8125 30.0673332214355 30.2998332977295 30.4316673278809 30.542667388916 30.7413330078125 30.9428329467773 31.0971660614014 31.2334995269775 31.4436664581299 31.5534992218018 31.7966651916504 31.9673328399658 32.1349983215332 32.3036651611328 32.5723342895508 32.7685012817383 32.9471664428711 33.0006675720215 33.1436653137207 33.3001670837402 33.3535003662109 33.5418319702148
-3.4e+38 24.3931655883789 25.078498840332 25.2846660614014 25.5548324584961 25.7066669464111 25.8489990234375 26.1590003967285 26.3645000457764 26.617000579834 26.8904991149902 27.1180000305176 27.4098339080811 27.7216663360596 28.005500793457 28.1235008239746 28.1749992370605 28.4008331298828 28.5856666564941 28.8229999542236 29.0098342895508 29.2968330383301 29.6181659698486 29.7771663665771 29.9823341369629 30.1573333740234 30.3269996643066 30.5065002441406 30.6801662445068 30.8423328399658 31.005334854126 31.1631679534912 31.2823333740234 31.424165725708 31.6496658325195 31.9188327789307 32.1253318786621 32.2361679077148 32.4860000610352 32.7543334960938 32.9306678771973 32.951000213623 33.0535011291504 33.257999420166 33.4558334350586 33.6484985351562 33.7666664123535
-3.4e+38 24.1073532104492 25.1629104614258 25.3470001220703 25.6588325500488 25.8138332366943 25.9764995574951 26.2690010070801 26.4928340911865 26.716667175293 26.9759998321533 27.224666595459 27.5248336791992 27.6773338317871 27.9698333740234 28.1346664428711 28.2005004882812 28.4423332214355 28.6608333587646 28.9200000762939 29.1900005340576 29.4554996490479 29.632833480835 29.8453330993652 29.9250011444092 30.1371669769287 30.3848323822021 30.5496654510498 30.7708339691162 30.9806671142578 31.1215000152588 31.2600002288818 31.4021663665771 31.566499710083 31.7966651916504 31.9934997558594 32.2220001220703 32.4120025634766 32.6298332214355 32.7433319091797 32.8928337097168 33.0496673583984 33.1824989318848 33.4151649475098 33.5154991149902 33.650333404541 33.8733329772949
-3.4e+38 -3.4e+38 -3.4e+38 25.345666885376 25.7151660919189 25.8668327331543 26.0751667022705 26.3519992828369 26.6111660003662 26.8848323822021 27.1413345336914 27.4223327636719 27.6041660308838 27.8123340606689 28.0591659545898 28.2360000610352 28.3225002288818 28.5555000305176 28.7534999847412 29.0221672058105 29.2581672668457 29.4643325805664 29.7203330993652 29.9379997253418 30.0753326416016 30.3118324279785 30.5066661834717 30.6668338775635 30.882833480835 31.0815010070801 31.2161674499512 31.38450050354 31.5429992675781 31.7443332672119 31.9823341369629 32.1858329772949 32.4189987182617 32.5421676635742 32.6679992675781 32.7773323059082 32.985164642334 33.1723327636719 33.3578338623047 33.4326667785645 33.5203323364258 33.752498626709 34.0701675415039
23.2843742370605 -3.4e+38 -3.4e+38 25.2026672363281 25.7283325195312 25.9085006713867 26.2271671295166 26.4526672363281 26.6889991760254 26.9608325958252 27.2071666717529 27.4611663818359 27.7070007324219 27.9781665802002 28.1736679077148 28.2533340454102 28.3875007629395 28.6475009918213 28.9034996032715 29.0826663970947 29.2970008850098 29.5508327484131 29.7969989776611 30.0265007019043 30.2923336029053 30.5021667480469 30.6586666107178 30.8343334197998 30.9853343963623 31.1389999389648 31.2456665039062 31.4804992675781 31.6656665802002 31.9808330535889 32.0994987487793 32.3125 32.4838333129883 32.5321655273438 32.7201652526855 32.9426651000977 33.058666229248 33.204833984375 33.365665435791 33.449333190918 33.6290016174316 34.0699996948242 34.3388328552246
23.1510639190674 -3.4e+38 -3.4e+38 -3.4e+38 25.7338333129883 25.9821662902832 26.3315010070801 26.5935001373291 26.8071670532227 27.0879993438721 27.3363342285156 27.5906658172607 27.835334777832 27.9959983825684 28.2158336639404 28.3134994506836 28.4753341674805 28.7495002746582 29.0279998779297 29.2285003662109 29.3945007324219 29.6875 29.9379997253418 30.1895008087158 30.4178333282471 30.6103324890137 30.7813339233398 30.931999206543 31.0731658935547 31.1888332366943 31.4055004119873 31.6748332977295 31.8706665039062 32.0444984436035 32.2176666259766 32.3680000305176 32.4514999389648 32.6161651611328 32.8201675415039 32.9641647338867 33.105167388916 33.240665435791 33.4203338623047 33.769832611084 34.1035003662109 34.2809982299805 34.3956680297852
-339999999999999996123846586046231871488.000000000000000 -3.4e+38 -3.4e+38 -3.4e+38 25.624755859375 25.9996681213379 26.466833114624 26.8056678771973 26.9641666412354 27.2781658172607 27.5091667175293 27.7180004119873 27.9403343200684 28.1071662902832 28.2973327636719 28.3688335418701 28.5338325500488 28.8571662902832 29.1783332824707 29.2956657409668 29.5133323669434 29.8153343200684 30.0895004272461 30.3004989624023 30.496000289917 30.6774997711182 30.8483333587646 30.9886665344238 31.1490001678467 31.343334197998 31.6324996948242 31.8389987945557 31.968334197998 32.1266670227051 32.2483329772949 32.3426666259766 32.5513305664062 32.670166015625 32.798168182373 32.9783325195312 33.1413345336914 33.394832611084 33.7383346557617 33.8839988708496 33.9954986572266 34.1746673583984 34.3175010681152
-3.4e+38 -3.4e+38 -3.4e+38 -3.4e+38 -3.4e+38 25.8417510986328 26.3087959289551 26.5690479278564 27.0613327026367 27.3851661682129 27.5919990539551 27.7998332977295 28.0270004272461 28.1704998016357 28.3413333892822 28.4956665039062 28.6479988098145 28.9503326416016 29.2609996795654 29.3476657867432 29.529333114624 29.8701667785645 30.1748332977295 30.3566665649414 30.557165145874 30.7198333740234 30.8358345031738 30.9806671142578 31.2726669311523 31.5681667327881 31.7843341827393 31.9126663208008 32.0369987487793 32.1816673278809 32.2880020141602 32.4334983825684 32.5838317871094 32.6780014038086 32.8320007324219 33.0214996337891 33.3191680908203 33.6025009155273 33.8708343505859 34.0149993896484 34.1498336791992 34.2038345336914 34.2324981689453
-3.4e+38 -3.4e+38 -3.4e+38 -3.4e+38 -3.4e+38 -3.4e+38 26.0715847015381 -3.4e+38 26.9755001068115 27.435001373291 27.6471672058105 27.8596668243408 28.0846672058105 28.2199993133545 28.3786678314209 28.632999420166 28.7786655426025 29.0629997253418 29.3103332519531 29.5018329620361 29.6873321533203 29.9351654052734 30.1849994659424 30.3233337402344 30.507833480835 30.679666519165 30.7891654968262 31.0108337402344 31.3964996337891 31.6586647033691 31.8129997253418 31.9554996490479 32.0968322753906 32.2408332824707 32.3801651000977 32.5031661987305 32.6253356933594 32.7746658325195 32.9384994506836 33.2378349304199 33.5303344726562 33.8191680908203 34.0591659545898 34.1561660766602 34.3543319702148 34.5543327331543 33.884334564209
-3.4e+38 -3.4e+38 -3.4e+38 -3.4e+38 -3.4e+38 -3.4e+38 -3.4e+38 -3.4e+38 26.9950008392334 27.441499710083 27.701831817627 27.9476661682129 28.140832901001 28.2863349914551 28.4546661376953 28.6510009765625 28.8570003509521 29.1668319702148 29.4571666717529 29.5926666259766 29.7740001678467 29.9933338165283 30.1511669158936 30.3106670379639 30.5116653442383 30.6678333282471 30.8584995269775 31.127498626709 31.4788341522217 31.6684989929199 31.8026657104492 31.9621658325195 32.1516647338867 32.3003349304199 32.404167175293 32.5233345031738 32.6988334655762 32.8833312988281 33.1424980163574 33.4169998168945 33.7143325805664 33.9599990844727 34.175666809082 34.2731666564941 34.4169998168945 34.6713333129883 33.5788345336914
-3.4e+38 -3.4e+38 -3.4e+38 -3.4e+38 -3.4e+38 -3.4e+38 -3.4e+38 -3.4e+38 -3.4e+38 27.4064998626709 27.7530002593994 27.996166229248 28.2098331451416 28.3683319091797 28.503833770752 28.6940002441406 28.9438323974609 29.2548332214355 29.4825000762939 29.6058330535889 29.7766666412354 29.9790000915527 30.2089996337891 30.4031677246094 30.5933322906494 30.795166015625 30.9979991912842 31.2814998626709 31.5168342590332 31.6630001068115 31.8128318786621 32.0418319702148 32.2438316345215 32.336498260498 32.4631652832031 32.6463317871094 32.8810005187988 33.1128349304199 33.3851661682129 33.6916656494141 33.8824996948242 34.1035003662109 34.2388343811035 34.3105010986328 34.5123329162598 34.7261657714844 33.8333320617676
-3.4e+38 -3.4e+38 -3.4e+38 -3.4e+38 -3.4e+38 -3.4e+38 -3.4e+38 -3.4e+38 -3.4e+38 27.158052444458 27.7210006713867 28.0298328399658 28.2439994812012 28.4216651916504 28.5774993896484 28.8016662597656 29.0555000305176 29.2766666412354 29.466667175293 29.6429996490479 29.8478336334229 30.0809993743896 30.3188343048096 30.4915008544922 30.773832321167 30.9764995574951 31.1830005645752 31.3333339691162 31.4895000457764 31.6959991455078 31.8645000457764 32.0128326416016 32.177001953125 32.3730010986328 32.6023330688477 32.8768348693848 33.1669998168945 33.4553337097168 33.6551666259766 33.8400001525879 33.9351654052734 34.1565017700195 34.2775001525879 34.4340019226074 34.6311645507812 34.7999992370605 34.0246658325195
