rasters/Mauritania_bio8.asc
NCOLS 147 
NROWS 151 
XLLCORNER -17.077428344 
YLLCORNER 14.734398972 
CELLSIZE 0.0833728927006803 
NODATA_value -3.4e+38 
[rows 42 to 62 of 151, columns 94 to 140 of 147]
34.7944984436035 34.9109992980957 35.1241683959961 35.1995010375977 35.3009986877441 35.4688339233398 35.3904991149902 35.3188323974609 35.3118324279785 32.5454978942871 32.5279998779297 32.5009994506836 32.3643341064453 32.3134994506836 32.3361663818359 32.3748321533203 32.4266662597656 32.3996658325195 32.6971664428711 33.0261688232422 36.0776672363281 33.0318336486816 33.0893325805664 33.2849998474121 33.5294990539551 33.4496650695801 33.3153343200684 33.3605003356934 33.3305015563965 33.2750015258789 33.4078330993652 33.4553337097168 33.6814994812012 36.6886672973633 -3.4e+38 -3.4e+38 -3.4e+38 -3.4e+38 -3.4e+38 -3.4e+38 -3.4e+38 -3.4e+38 -3.4e+38 -3.4e+38 -3.4e+38 -3.4e+38 -3.4e+38
34.8795013427734 34.962833404541 35.151668548584 35.321834564209 35.3153343200684 35.3924980163574 35.3574981689453 35.3753318786621 35.3769989013672 35.4620018005371 32.5943336486816 32.6011657714844 32.4711685180664 32.388500213623 32.4034996032715 32.4451675415039 32.4848327636719 32.6595001220703 33.1080017089844 33.0861663818359 33.0593338012695 33.1578330993652 33.3261680603027 33.357666015625 33.2948341369629 33.2978324890137 33.4896659851074 36.4776649475098 36.4348335266113 33.3429985046387 33.3745002746582 33.6068344116211 36.6324996948242 36.7676658630371 -3.4e+38 -3.4e+38 -3.4e+38 -3.4e+38 -3.4e+38 -3.4e+38 -3.4e+38 -3.4e+38 -3.4e+38 -3.4e+38 -3.4e+38 -3.4e+38 -3.4e+38
34.9056663513184 35.0486679077148 35.2026672363281 35.3388328552246 35.3966674804688 35.4043350219727 35.3658332824707 35.3903350830078 35.4098320007324 35.4254989624023 35.4025001525879 32.6066665649414 32.5731658935547 32.469165802002 32.4893341064453 32.5221672058105 32.7828330993652 33.1553344726562 33.234001159668 33.0721664428711 33.2626686096191 33.2028350830078 33.1111679077148 33.1193351745605 33.2768325805664 33.4500007629395 36.5376663208008 36.4259986877441 33.2399978637695 33.2574996948242 33.3066673278809 36.4500007629395 36.4469985961914 36.6245002746582 -3.4e+38 -3.4e+38 -3.4e+38 -3.4e+38 -3.4e+38 -3.4e+38 -3.4e+38 -3.4e+38 -3.4e+38 -3.4e+38 -3.4e+38 -3.4e+38 -3.4e+38
34.9459991455078 35.0471687316895 35.1473350524902 35.3118324279785 35.4141654968262 35.4671669006348 35.4456672668457 35.4133338928223 35.3714981079102 35.4830017089844 35.5356674194336 35.4300003051758 35.4461669921875 32.5185012817383 32.6273345947266 32.8808326721191 33.296501159668 33.4011650085449 33.1040000915527 33.1708335876465 33.151668548584 33.1406669616699 33.1095008850098 32.9400024414062 33.0731658935547 36.2478332519531 36.3460006713867 36.1548347473145 36.0411682128906 36.140998840332 36.0945014953613 36.1575012207031 36.1773338317871 36.1773338317871 -3.4e+38 -3.4e+38 -3.4e+38 -3.4e+38 -3.4e+38 -3.4e+38 -3.4e+38 -3.4e+38 -3.4e+38 -3.4e+38 -3.4e+38 -3.4e+38 -3.4e+38
35.0498352050781 35.0719985961914 35.1375007629395 35.2745018005371 35.3940010070801 35.4358329772949 35.3926658630371 35.3976669311523 35.4981689453125 35.548168182373 35.6403350830078 35.6445007324219 35.5863342285156 35.5110015869141 32.9861679077148 33.2161674499512 33.235668182373 33.1501655578613 36.0415000915527 33.1009979248047 36.0524978637695 36.2321662902832 36.0789985656738 35.8709983825684 32.9118347167969 36.0166664123535 33.0821685791016 36.0088348388672 35.9816665649414 36.0518341064453 36.0485000610352 36.0444984436035 35.9980010986328 35.9978332519531 -3.4e+38 -3.4e+38 -3.4e+38 -3.4e+38 -3.4e+38 -3.4e+38 -3.4e+38 -3.4e+38 -3.4e+38 -3.4e+38 -3.4e+38 -3.4e+38 -3.4e+38
35.1006660461426 35.1035003662109 35.1796684265137 35.3308334350586 35.4296684265137 35.4775009155273 35.5139999389648 35.519832611084 35.5810012817383 35.6158332824707 35.6383323669434 35.7173347473145 35.7658348083496 35.8730010986328 36.0579986572266 33.1438331604004 33.0871658325195 35.9836654663086 36.0618324279785 36.1599998474121 36.2708320617676 36.2145004272461 36.1289978027344 35.8839988708496 32.8836669921875 32.9061660766602 35.8575019836426 35.9723320007324 35.9016647338867 35.9258346557617 35.9189987182617 35.9226684570312 35.90966796875 35.9165000915527 -3.4e+38 -3.4e+38 -3.4e+38 -3.4e+38 -3.4e+38 -3.4e+38 -3.4e+38 -3.4e+38 -3.4e+38 -3.4e+38 -3.4e+38 -3.4e+38 -3.4e+38
35.1585006713867 35.1383323669434 35.1998329162598 35.2706680297852 35.3800010681152 35.40966796875 35.5069999694824 35.5691680908203 35.5345001220703 35.530834197998 35.59716796875 35.7919998168945 36.0788345336914 36.0625 35.8320007324219 35.8074989318848 35.9153327941895 36.0486640930176 36.3358345031738 36.4076652526855 36.4273338317871 36.1986656188965 35.9841651916504 35.9113311767578 32.9266662597656 35.6666679382324 35.671501159668 35.7366676330566 35.7944984436035 35.7898330688477 35.832332611084 35.8573341369629 35.8641662597656 35.864501953125 -3.4e+38 -3.4e+38 -3.4e+38 -3.4e+38 -3.4e+38 -3.4e+38 -3.4e+38 -3.4e+38 -3.4e+38 -3.4e+38 -3.4e+38 -3.4e+38 -3.4e+38
35.235668182373 35.1863327026367 35.1821670532227 35.2154998779297 35.3143310546875 35.4753341674805 35.4729995727539 35.5405006408691 35.5364990234375 35.5405006408691 35.686164855957 36.0374984741211 36.122501373291 35.8563346862793 35.7886657714844 35.9485015869141 35.9926643371582 36.2528343200684 36.537166595459 36.4356689453125 36.4205017089844 36.1233329772949 35.8223342895508 32.9331665039062 35.8194999694824 35.7081642150879 35.6998329162598 35.7313346862793 35.759334564209 35.7760009765625 35.7903327941895 35.8226661682129 35.9241676330566 35.9898338317871 -3.4e+38 -3.4e+38 -3.4e+38 -3.4e+38 -3.4e+38 -3.4e+38 -3.4e+38 -3.4e+38 -3.4e+38 -3.4e+38 -3.4e+38 -3.4e+38 -3.4e+38
35.2184982299805 35.212833404541 35.1846656799316 35.156665802002 35.1786651611328 35.372501373291 35.4758338928223 35.4883346557617 35.5343322753906 35.5508346557617 35.7186660766602 35.9308319091797 35.8628349304199 35.8359985351562 35.9560012817383 35.9609985351562 36.126335144043 36.4238319396973 36.5939979553223 36.4556655883789 36.2751655578613 35.9693336486816 35.7648315429688 35.735668182373 35.6718330383301 35.6876678466797 35.6904983520508 35.6946678161621 35.747501373291 35.7509994506836 35.8288345336914 35.946834564209 35.9996681213379 36.0576667785645 36.2094993591309 -3.4e+38 -3.4e+38 -3.4e+38 -3.4e+38 -3.4e+38 -3.4e+38 -3.4e+38 -3.4e+38 -3.4e+38 -3.4e+38 -3.4e+38 -3.4e+38
35.1568336486816 35.2036666870117 35.1916656494141 35.1769981384277 35.1790008544922 35.2113342285156 35.3684997558594 35.4686660766602 35.6289978027344 35.5771675109863 35.7118339538574 35.7514991760254 35.7908325195312 35.7688331604004 35.8998336791992 36.0296669006348 36.203498840332 36.3489990234375 36.2454986572266 35.996166229248 35.7705001831055 35.7023315429688 35.6735000610352 35.6549987792969 35.696834564209 35.6561660766602 35.6705017089844 35.7243347167969 35.7750015258789 35.8223342895508 35.8853340148926 35.9373321533203 35.9846649169922 33.2623329162598 33.3333320617676 -3.4e+38 -3.4e+38 -3.4e+38 -3.4e+38 -3.4e+38 -3.4e+38 -3.4e+38 -3.4e+38 -3.4e+38 -3.4e+38 -3.4e+38 -3.4e+38
35.1371650695801 35.1518325805664 35.227165222168 35.1910018920898 35.2033348083496 35.2476654052734 35.4723320007324 35.6671676635742 35.5946655273438 35.6165008544922 35.8190002441406 35.865665435791 35.6961669921875 35.7084999084473 35.9316673278809 36.0523338317871 36.199333190918 36.186164855957 35.8851661682129 35.7664985656738 35.615665435791 35.6180000305176 35.6375007629395 35.6851654052734 35.6851654052734 35.6201667785645 35.6776657104492 35.7654991149902 35.8311653137207 35.8643341064453 35.8311653137207 35.8981666564941 35.9333343505859 36.0639991760254 36.271167755127 -3.4e+38 -3.4e+38 -3.4e+38 -3.4e+38 -3.4e+38 -3.4e+38 -3.4e+38 -3.4e+38 -3.4e+38 -3.4e+38 -3.4e+38 -3.4e+38
35.1268348693848 35.1511650085449 35.1910018920898 35.1805000305176 35.3076667785645 35.4443321228027 35.4646682739258 35.4850006103516 35.5610008239746 35.6534996032715 35.7391662597656 35.7108345031738 35.693000793457 35.9075012207031 35.9651679992676 36.064998626709 35.9824981689453 35.7584991455078 35.6505012512207 35.6838340759277 35.6228332519531 35.6814994812012 35.7091674804688 35.6096649169922 35.6046676635742 35.7116661071777 35.7220001220703 35.7983322143555 35.8740005493164 35.8964996337891 35.8903350830078 35.8889999389648 36.0069999694824 36.1958312988281 36.2525024414062 -3.4e+38 -3.4e+38 -3.4e+38 -3.4e+38 -3.4e+38 -3.4e+38 -3.4e+38 -3.4e+38 -3.4e+38 -3.4e+38 -3.4e+38 -3.4e+38
35.244499206543 35.2383346557617 35.3318328857422 35.4196662902832 35.5444984436035 35.4659996032715 35.4876670837402 35.552001953125 35.7168350219727 35.6773338317871 35.648998260498 35.5696678161621 35.635498046875 35.707332611084 35.647331237793 35.6259994506836 35.5834999084473 35.6088333129883 35.7338333129883 35.7985000610352 35.7358322143555 35.6853332519531 35.594669342041 35.5821685791016 35.640998840332 35.7501678466797 35.7980003356934 35.8596649169922 35.8535003662109 35.9018325805664 35.9210014343262 35.9403343200684 36.0511665344238 36.1793327331543 36.1445007324219 -3.4e+38 -3.4e+38 -3.4e+38 -3.4e+38 -3.4e+38 -3.4e+38 -3.4e+38 -3.4e+38 -3.4e+38 -3.4e+38 -3.4e+38 -3.4e+38
35.3896675109863 35.4098358154297 35.4230003356934 35.5175018310547 35.6705017089844 35.7136650085449 35.6355018615723 35.542667388916 35.5098342895508 35.4930000305176 35.4358329772949 35.4408340454102 35.3723335266113 35.4136657714844 35.4443321228027 35.4766654968262 35.4808349609375 35.6213340759277 35.6733322143555 35.6001663208008 35.5904998779297 35.5536689758301 35.6173324584961 35.6483345031738 35.7031669616699 35.7050018310547 35.7389984130859 35.817497253418 35.8278350830078 35.8983345031738 35.9858322143555 35.9851684570312 35.9923324584961 36.0058326721191 36.0296669006348 -3.4e+38 -3.4e+38 -3.4e+38 -3.4e+38 -3.4e+38 -3.4e+38 -3.4e+38 -3.4e+38 -3.4e+38 -3.4e+38 -3.4e+38 -3.4e+38
35.4104995727539 35.4713325500488 35.4925003051758 35.5813331604004 35.591667175293 35.5509986877441 35.5473327636719 35.4761657714844 35.4578323364258 35.4069976806641 35.4010009765625 35.3998336791992 35.3785018920898 35.4230003356934 35.3603324890137 35.361499786377 35.4355010986328 35.6095008850098 35.5961647033691 35.5110015869141 35.5084991455078 35.5233345031738 35.5708351135254 35.642333984375 35.7075004577637 35.6653327941895 35.757999420166 35.8681678771973 35.9558334350586 36.0196685791016 35.9551658630371 35.9093322753906 35.9505004882812 35.9908332824707 35.9866676330566 -3.4e+38 -3.4e+38 -3.4e+38 -3.4e+38 -3.4e+38 -3.4e+38 -3.4e+38 -3.4e+38 -3.4e+38 -3.4e+38 -3.4e+38 -3.4e+38
35.2934989929199 35.3873329162598 35.4165000915527 35.480167388916 35.4925003051758 35.5271682739258 35.486499786377 35.4580001831055 35.3996658325195 35.3404998779297 35.3570022583008 35.3548355102539 35.3453330993652 35.3196678161621 35.3413352966309 35.4558334350586 35.6136665344238 35.566333770752 35.4461669921875 35.4973335266113 35.4765014648438 35.5429992675781 35.6261672973633 35.6611671447754 35.677001953125 35.7719993591309 35.8283309936523 35.8294982910156 35.8558349609375 35.8795013427734 35.8655014038086 35.898998260498 35.9466667175293 35.9630012512207 35.9619979858398 -3.4e+38 -3.4e+38 -3.4e+38 -3.4e+38 -3.4e+38 -3.4e+38 -3.4e+38 -3.4e+38 -3.4e+38 -3.4e+38 -3.4e+38 -3.4e+38
35.048999786377 35.1358337402344 35.4155006408691 35.5105018615723 35.5466651916504 35.4676666259766 35.405834197998 35.3396682739258 35.3358345031738 35.3431663513184 35.3328323364258 35.2888336181641 35.313835144043 35.3386650085449 35.3878326416016 35.400333404541 35.3600006103516 35.3673324584961 35.4613342285156 35.514331817627 35.5525016784668 35.6259994506836 35.6378326416016 35.6199989318848 35.6831665039062 35.8263320922852 35.8465003967285 35.8515014648438 35.8484992980957 35.8263320922852 35.8313331604004 35.8856658935547 35.8933334350586 35.9280014038086 35.9409980773926 -3.4e+38 -3.4e+38 -3.4e+38 -3.4e+38 -3.4e+38 -3.4e+38 -3.4e+38 -3.4e+38 -3.4e+38 -3.4e+38 -3.4e+38 -3.4e+38
34.8816680908203 35.0175018310547 35.2868347167969 35.3408317565918 35.3938331604004 35.4501647949219 35.3740005493164 35.3826675415039 35.355167388916 35.3024978637695 35.2848320007324 35.2771644592285 35.2971649169922 35.3331680297852 35.3136672973633 35.2616653442383 35.2881660461426 35.3688316345215 35.4963340759277 35.5338325500488 35.5296669006348 35.5148315429688 35.5531692504883 35.6116676330566 35.734001159668 35.8603324890137 35.9291648864746 35.9318351745605 35.8011665344238 35.7931671142578 35.8023338317871 35.820499420166 35.8460006713867 35.8859977722168 35.9184989929199 35.9706687927246 -3.4e+38 -3.4e+38 -3.4e+38 -3.4e+38 -3.4e+38 -3.4e+38 -3.4e+38 -3.4e+38 -3.4e+38 -3.4e+38 -3.4e+38
34.8549995422363 34.9851684570312 35.1926651000977 35.3148345947266 35.3831672668457 35.413501739502 35.4049987792969 35.34033203125 35.3418350219727 35.2625007629395 35.239501953125 35.2336654663086 35.2563323974609 35.2386665344238 35.2553329467773 35.3048324584961 35.2986679077148 35.3598327636719 35.4996681213379 35.5391654968262 35.4759979248047 35.4958343505859 35.5380020141602 35.7158317565918 35.7779998779297 35.9051666259766 35.9266662597656 35.7675018310547 35.7190017700195 35.7196655273438 35.7495002746582 35.795166015625 35.8371658325195 35.897834777832 35.9288330078125 35.9379997253418 -3.4e+38 -3.4e+38 -3.4e+38 -3.4e+38 -3.4e+38 -3.4e+38 -3.4e+38 -3.4e+38 -3.4e+38 -3.4e+38 -3.4e+38
34.7533340454102 34.7924995422363 34.905834197998 35.0788345336914 35.2023315429688 35.2431678771973 35.2021675109863 35.2000007629395 35.2598342895508 35.2408332824707 35.2224998474121 35.2443351745605 35.2236671447754 35.2176666259766 35.3083343505859 35.3486671447754 35.3648338317871 35.3831672668457 35.4031677246094 35.433666229248 35.4356651306152 35.5256652832031 35.5881652832031 35.6656646728516 35.7043342590332 35.6973342895508 35.7045021057129 35.6718330383301 35.6510009765625 35.6754989624023 35.7251663208008 35.776668548584 35.8214988708496 35.8385009765625 35.8440017700195 35.8505020141602 -3.4e+38 -3.4e+38 -3.4e+38 -3.4e+38 -3.4e+38 -3.4e+38 -3.4e+38 -3.4e+38 -3.4e+38 -3.4e+38 -3.4e+38
34.6911659240723 34.7163314819336 34.7676696777344 34.8653335571289 34.9798316955566 35.0356674194336 35.0553321838379 35.1721649169922 35.1829986572266 35.1331672668457 35.1835021972656 35.2021675109863 35.1971664428711 35.2220001220703 35.2633323669434 35.2485008239746 35.3011665344238 35.3386688232422 35.3800010681152 35.3819999694824 35.4235000610352 35.5764999389648 35.6618347167969 35.6455001831055 35.5713348388672 35.5859985351562 35.615665435791 35.5858345031738 35.5750007629395 35.6048316955566 35.6506652832031 35.6998329162598 35.7220001220703 35.724666595459 35.7529983520508 35.8036651611328 -3.4e+38 -3.4e+38 -3.4e+38 -3.4e+38 -3.4e+38 -3.4e+38 -3.4e+38 -3.4e+38 -3.4e+38 -3.4e+38 -3.4e+38
