rasters/Mauritania_bio10.asc
NCOLS 147 
NROWS 151 
XLLCORNER -17.077428344 
YLLCORNER 14.734398972 
CELLSIZE 0.0833728927006803 
NODATA_value -3.4e+38 
[rows 63 to 83 of 151, columns 94 to 140 of 147]
34.8166656494141 34.8933334350586 34.9458351135254 35.0294990539551 35.1381683349609 35.2558326721191 35.3246650695801 35.3526649475098 35.3593330383301 35.4150009155273 35.4620018005371 35.4926681518555 35.4878349304199 35.4905014038086 35.5016670227051 35.5325012207031 35.5998344421387 35.6468353271484 35.7181663513184 35.783332824707 35.8658332824707 36.0028343200684 35.9109992980957 35.8906669616699 35.8938331604004 35.9609985351562 35.9868316650391 35.9781684875488 36.0130004882812 36.0806655883789 36.1181640625 36.1425018310547 36.1693344116211 36.2005004882812 36.2845001220703 36.2540016174316 -3.4e+38 -3.4e+38 -3.4e+38 -3.4e+38 -3.4e+38 -3.4e+38 -3.4e+38 -3.4e+38 -3.4e+38 -3.4e+38 -3.4e+38
34.8370018005371 34.8956680297852 34.9791679382324 35.0711669921875 35.2456665039062 35.2423324584961 35.300666809082 35.3533325195312 35.4005012512207 35.4150009155273 35.4039993286133 35.4116668701172 35.4505004882812 35.4625015258789 35.4059982299805 35.4059982299805 35.4426651000977 35.5699996948242 35.7111663818359 35.8228340148926 35.8938331604004 35.8611679077148 35.8121681213379 35.8251647949219 35.8745002746582 35.9566688537598 35.9346656799316 35.9948348999023 36.0286674499512 36.0608329772949 36.0605010986328 36.1004981994629 36.1766662597656 36.1873321533203 36.1710014343262 36.178165435791 -3.4e+38 -3.4e+38 -3.4e+38 -3.4e+38 -3.4e+38 -3.4e+38 -3.4e+38 -3.4e+38 -3.4e+38 -3.4e+38 -3.4e+38
34.8463325500488 34.9148330688477 35.0019989013672 35.1198348999023 35.2136688232422 35.2223320007324 35.3028335571289 35.3465003967285 35.3781661987305 35.369499206543 35.3621673583984 35.3746681213379 35.3891677856445 35.4090003967285 35.4118347167969 35.4026679992676 35.3875007629395 35.458667755127 35.7220001220703 35.8001670837402 35.7676658630371 35.7345008850098 35.7306671142578 35.7649993896484 35.8470001220703 35.8816680908203 35.9126663208008 35.9599990844727 36.0154991149902 36.0699996948242 36.053165435791 36.1241645812988 36.1661682128906 36.1800003051758 36.2038345336914 36.2226676940918 -3.4e+38 -3.4e+38 -3.4e+38 -3.4e+38 -3.4e+38 -3.4e+38 -3.4e+38 -3.4e+38 -3.4e+38 -3.4e+38 -3.4e+38
34.7929992675781 34.890998840332 35.070499420166 35.1918334960938 35.1988334655762 35.2041664123535 35.2408332824707 35.2621650695801 35.2853317260742 35.3118324279785 35.3448333740234 35.3951644897461 35.4298324584961 35.4618339538574 35.4681663513184 35.4570007324219 35.4128341674805 35.5373344421387 35.6741676330566 35.6603317260742 35.6733322143555 35.6763343811035 35.679500579834 35.7361679077148 35.7903327941895 35.8245010375977 35.8634986877441 35.9138336181641 36.0073318481445 36.0541648864746 36.1005020141602 36.1209983825684 36.1891670227051 36.2303314208984 36.2303314208984 36.3158340454102 -3.4e+38 -3.4e+38 -3.4e+38 -3.4e+38 -3.4e+38 -3.4e+38 -3.4e+38 -3.4e+38 -3.4e+38 -3.4e+38 -3.4e+38
34.8073348999023 34.9006652832031 35.0848350524902 35.1081657409668 35.0733337402344 35.0970001220703 35.1283340454102 35.166332244873 35.2119979858398 35.2724990844727 35.320499420166 35.3709983825684 35.390998840332 35.4246673583984 35.4283332824707 35.4324989318848 35.5076675415039 35.4626655578613 35.4928321838379 35.5778312683105 35.6619987487793 35.6845016479492 35.7133331298828 35.7526664733887 35.7876663208008 35.7870025634766 35.8158340454102 35.8979988098145 35.9654998779297 36.0305023193359 36.076000213623 36.1273345947266 36.1601676940918 36.1674995422363 36.2180023193359 36.2975006103516 -3.4e+38 -3.4e+38 -3.4e+38 -3.4e+38 -3.4e+38 -3.4e+38 -3.4e+38 -3.4e+38 -3.4e+38 -3.4e+38 -3.4e+38
34.8548355102539 34.9183349609375 35.0904998779297 34.997501373291 35.005500793457 35.0243339538574 35.0713348388672 35.1113357543945 35.189998626709 35.2803344726562 35.3318328857422 35.3718338012695 35.3660011291504 35.3831672668457 35.3935012817383 35.4596672058105 35.4838333129883 35.4485015869141 35.4868316650391 35.5309982299805 35.6308326721191 35.670166015625 35.699333190918 35.718334197998 35.7514991760254 35.7761650085449 35.8096656799316 35.8390007019043 35.8696670532227 35.9471664428711 36.03466796875 36.0981674194336 36.1404991149902 36.2206649780273 36.2760009765625 36.3120002746582 36.4329986572266 -3.4e+38 -3.4e+38 -3.4e+38 -3.4e+38 -3.4e+38 -3.4e+38 -3.4e+38 -3.4e+38 -3.4e+38 -3.4e+38
34.9056663513184 35.0121650695801 34.9101676940918 35.0336685180664 34.9451675415039 34.9908332824707 35.070499420166 35.150333404541 35.257999420166 35.3074989318848 35.326000213623 35.3158340454102 35.2955017089844 35.2933349609375 35.3310012817383 35.3904991149902 35.4345016479492 35.4636650085449 35.5313339233398 35.5735015869141 35.5631675720215 35.6191673278809 35.6453323364258 35.6598320007324 35.7203330993652 35.7369995117188 35.7174987792969 35.7224998474121 35.7768325805664 35.8601684570312 35.9318313598633 36.0166664123535 36.1254997253418 36.1863327026367 36.285831451416 36.3819999694824 36.4723358154297 -3.4e+38 -3.4e+38 -3.4e+38 -3.4e+38 -3.4e+38 -3.4e+38 -3.4e+38 -3.4e+38 -3.4e+38 -3.4e+38
35.0205001831055 35.0481643676758 34.9688339233398 34.977668762207 34.9508323669434 35.0301666259766 35.1043319702148 35.1569976806641 35.2476654052734 35.272834777832 35.2553329467773 35.2483329772949 35.289665222168 35.3238334655762 35.3393325805664 35.3756675720215 35.3969993591309 35.4131660461426 35.4619979858398 35.5309982299805 35.5164985656738 35.5460014343262 35.587833404541 35.627498626709 35.673168182373 35.6851692199707 35.6908340454102 35.6875 35.7150001525879 35.7705001831055 35.8636665344238 35.964168548584 36.0550003051758 36.1036682128906 36.2348327636719 36.3404998779297 36.4048347473145 -3.4e+38 -3.4e+38 -3.4e+38 -3.4e+38 -3.4e+38 -3.4e+38 -3.4e+38 -3.4e+38 -3.4e+38 -3.4e+38
35.0205001831055 35.0563354492188 35.0719985961914 34.9546661376953 34.9638328552246 34.9966659545898 35.078498840332 35.1803321838379 35.2018356323242 35.2109985351562 35.1961669921875 35.2031669616699 35.2416687011719 35.2813339233398 35.3008346557617 35.3688316345215 35.3351669311523 35.3296661376953 35.3638343811035 35.4715003967285 35.5283317565918 35.5753326416016 35.6231651306152 35.6356658935547 35.6525001525879 35.6691665649414 35.6705017089844 35.6683349609375 35.7021675109863 35.7838325500488 35.8443336486816 35.9246673583984 35.976001739502 36.050666809082 36.1283340454102 36.2154998779297 36.2799987792969 -3.4e+38 -3.4e+38 -3.4e+38 -3.4e+38 -3.4e+38 -3.4e+38 -3.4e+38 -3.4e+38 -3.4e+38 -3.4e+38
35.0036659240723 35.0098342895508 34.9205017089844 34.8921661376953 34.9174995422363 34.933666229248 34.984001159668 35.1108322143555 35.1613311767578 35.1773338317871 35.1491661071777 35.1829986572266 35.2236671447754 35.2488327026367 35.3123321533203 35.3730010986328 35.3581657409668 35.3188323974609 35.3828315734863 35.4594993591309 35.5709991455078 35.6193351745605 35.6221656799316 35.6720008850098 35.6628341674805 35.6588325500488 35.6425018310547 35.6813316345215 35.7448348999023 35.7893333435059 35.8366661071777 35.9173316955566 35.9654998779297 35.9773330688477 36.0306663513184 36.1116676330566 36.1898345947266 -3.4e+38 -3.4e+38 -3.4e+38 -3.4e+38 -3.4e+38 -3.4e+38 -3.4e+38 -3.4e+38 -3.4e+38 -3.4e+38
34.9444999694824 34.8078346252441 34.8306655883789 34.8608322143555 34.8756675720215 34.8831672668457 34.9631652832031 35.0596656799316 35.0918312072754 35.1150016784668 35.1486663818359 35.191333770752 35.2733345031738 35.3398323059082 35.3951683044434 35.3836669921875 35.3508338928223 35.3456687927246 35.3964996337891 35.5261688232422 35.5856666564941 35.6326675415039 35.6633338928223 35.6718330383301 35.6536674499512 35.6638336181641 35.6581649780273 35.6698341369629 35.7275009155273 35.7723350524902 35.8351669311523 35.9218330383301 35.9436683654785 35.9384994506836 35.9581680297852 36.0325012207031 36.1678314208984 -3.4e+38 -3.4e+38 -3.4e+38 -3.4e+38 -3.4e+38 -3.4e+38 -3.4e+38 -3.4e+38 -3.4e+38 -3.4e+38
34.8121643066406 34.7895011901855 34.8073348999023 34.8268356323242 34.8418350219727 34.8628349304199 34.974666595459 35.0543327331543 35.0769996643066 35.1193351745605 35.170166015625 35.1901664733887 35.2543334960938 35.3040008544922 35.3041648864746 35.2738342285156 35.2763328552246 35.3041648864746 35.4109992980957 35.5463333129883 35.6033325195312 35.6041679382324 35.6534996032715 35.6591682434082 35.6491661071777 35.6283340454102 35.6388320922852 35.6616668701172 35.7213325500488 35.7919998168945 35.8339996337891 35.8901672363281 35.8766670227051 35.8908348083496 35.9106674194336 36.0065002441406 36.1341667175293 -3.4e+38 -3.4e+38 -3.4e+38 -3.4e+38 -3.4e+38 -3.4e+38 -3.4e+38 -3.4e+38 -3.4e+38 -3.4e+38
34.7005004882812 34.730167388916 34.7686653137207 34.8136672973633 34.8505020141602 34.8980026245117 35.0191650390625 35.060001373291 35.0521659851074 35.1261672973633 35.1581649780273 35.1544990539551 35.2184982299805 35.2550010681152 35.2656669616699 35.2758331298828 35.310001373291 35.3578338623047 35.4313316345215 35.5096664428711 35.5294990539551 35.5721664428711 35.6004981994629 35.6139984130859 35.6198348999023 35.615665435791 35.6283340454102 35.6515007019043 35.7056655883789 35.7651672363281 35.7934989929199 35.8151664733887 35.8461685180664 35.8628349304199 35.897331237793 35.9663314819336 36.0623321533203 -3.4e+38 -3.4e+38 -3.4e+38 -3.4e+38 -3.4e+38 -3.4e+38 -3.4e+38 -3.4e+38 -3.4e+38 -3.4e+38
34.6746673583984 34.7051658630371 34.781665802002 34.8385009765625 34.9025001525879 34.900333404541 34.9313354492188 34.9556655883789 35.0014991760254 35.063835144043 35.09716796875 35.1193351745605 35.1669998168945 35.2174987792969 35.2448348999023 35.272834777832 35.3108329772949 35.3223342895508 35.4111671447754 35.4565010070801 35.4533348083496 35.5081672668457 35.5378341674805 35.5668334960938 35.586498260498 35.6035003662109 35.6184997558594 35.6213340759277 35.6713333129883 35.71533203125 35.7596664428711 35.781665802002 35.793830871582 35.8489990234375 35.8758316040039 35.9241638183594 35.9898338317871 -3.4e+38 -3.4e+38 -3.4e+38 -3.4e+38 -3.4e+38 -3.4e+38 -3.4e+38 -3.4e+38 -3.4e+38 -3.4e+38
34.6918334960938 34.7261657714844 34.7963333129883 34.8144989013672 34.8509979248047 34.8714981079102 34.90966796875 34.921501159668 34.961498260498 35.0251655578613 35.0605010986328 35.1100006103516 35.1920013427734 35.1828346252441 35.1978340148926 35.2558326721191 35.2396659851074 35.2491683959961 35.3183326721191 35.3486671447754 35.3878326416016 35.4444999694824 35.4915008544922 35.5354995727539 35.554500579834 35.5774993896484 35.6019973754883 35.5993309020996 35.6268310546875 35.685001373291 35.7211685180664 35.744499206543 35.7798347473145 35.7861671447754 35.7971649169922 35.8675003051758 35.9206657409668 35.9475021362305 -3.4e+38 -3.4e+38 -3.4e+38 -3.4e+38 -3.4e+38 -3.4e+38 -3.4e+38 -3.4e+38 -3.4e+38
34.704833984375 34.7360000610352 34.7668342590332 34.7879981994629 34.8296661376953 34.8498344421387 34.8808326721191 34.9204978942871 34.9593353271484 35.0041656494141 35.0363349914551 35.0869979858398 35.1598320007324 35.1401672363281 35.1341667175293 35.1586685180664 35.1591644287109 35.1868324279785 35.2449989318848 35.2908325195312 35.3451690673828 35.4109992980957 35.4531669616699 35.4780006408691 35.4931678771973 35.5528335571289 35.5491676330566 35.5578346252441 35.5963325500488 35.6334991455078 35.6813316345215 35.6918334960938 35.6949996948242 35.6876678466797 35.7416687011719 35.8228340148926 35.8781661987305 35.9298324584961 -3.4e+38 -3.4e+38 -3.4e+38 -3.4e+38 -3.4e+38 -3.4e+38 -3.4e+38 -3.4e+38 -3.4e+38
34.6586647033691 34.6736679077148 34.7321662902832 34.7686653137207 34.8083343505859 34.8191680908203 34.8095016479492 34.8330001831055 34.8740005493164 34.9459991455078 35.0201683044434 35.0268325805664 35.0555000305176 35.0893325805664 35.0735015869141 35.0766677856445 35.0948333740234 35.122501373291 35.2150001525879 35.2918319702148 35.3186683654785 35.3746681213379 35.4123344421387 35.4098320007324 35.400333404541 35.4061660766602 35.4601669311523 35.5270004272461 35.558666229248 35.5816650390625 35.6180000305176 35.6128349304199 35.6073341369629 35.5963325500488 35.6411666870117 35.7216644287109 35.7661666870117 35.8120002746582 -3.4e+38 -3.4e+38 -3.4e+38 -3.4e+38 -3.4e+38 -3.4e+38 -3.4e+38 -3.4e+38 -3.4e+38
34.6054992675781 34.639835357666 34.6681671142578 34.7236671447754 34.7553329467773 34.7819976806641 34.7771682739258 34.791332244873 34.8446655273438 34.897834777832 34.9560012817383 35.0040016174316 35.0323333740234 35.0374984741211 35.0260009765625 35.0325012207031 35.0483322143555 35.078498840332 35.1259994506836 35.1801681518555 35.210334777832 35.2929992675781 35.3354988098145 35.3090019226074 35.3429985046387 35.3921661376953 35.4461669921875 35.505500793457 35.5101661682129 35.5233345031738 35.5281677246094 35.5319976806641 35.5711669921875 35.5153350830078 35.5601654052734 35.5984992980957 35.6143341064453 35.6459999084473 -3.4e+38 -3.4e+38 -3.4e+38 -3.4e+38 -3.4e+38 -3.4e+38 -3.4e+38 -3.4e+38 -3.4e+38
34.5391693115234 34.5750007629395 34.6166648864746 34.6643333435059 34.6926651000977 34.7201690673828 34.7228355407715 34.7466659545898 34.8004989624023 34.8465003967285 34.8938331604004 34.917667388916 34.9640007019043 34.9681663513184 34.9755020141602 34.9888343811035 34.9943313598633 35.0306663513184 35.0810012817383 35.1148338317871 35.1694984436035 35.228832244873 35.2669982910156 35.3061676025391 35.3636665344238 35.4029998779297 35.4026641845703 35.4039993286133 35.4556655883789 35.4474983215332 35.4658317565918 35.4948310852051 35.5349998474121 35.5063323974609 35.530834197998 35.5406646728516 35.5218315124512 35.5398330688477 -3.4e+38 -3.4e+38 -3.4e+38 -3.4e+38 -3.4e+38 -3.4e+38 -3.4e+38 -3.4e+38 -3.4e+38
34.4733352661133 34.5040016174316 34.554500579834 34.6241645812988 34.6375007629395 34.6711654663086 34.7159996032715 34.7416687011719 34.7820014953613 34.8088340759277 34.8505020141602 34.8556671142578 34.8693351745605 34.8781661987305 34.9173316955566 34.9451675415039 34.9778327941895 35.0178337097168 35.0408325195312 35.1046676635742 35.1479988098145 35.2000007629395 35.2853317260742 35.3288345336914 35.3525009155273 35.3541679382324 35.3476676940918 35.3491668701172 35.3683319091797 35.4286651611328 35.4803314208984 35.5045013427734 35.4669990539551 35.4446678161621 35.4478340148926 35.4329986572266 35.4481658935547 35.4690017700195 -3.4e+38 -3.4e+38 -3.4e+38 -3.4e+38 -3.4e+38 -3.4e+38 -3.4e+38 -3.4e+38 -3.4e+38
34.4329986572266 34.4966659545898 34.546501159668 34.5838317871094 34.6208343505859 34.6564979553223 34.7113342285156 34.7280006408691 34.7426681518555 34.7760009765625 34.798999786377 34.8191680908203 34.8613319396973 34.863166809082 34.8503341674805 34.8668327331543 34.9063339233398 34.9499969482422 35.0154991149902 35.0374984741211 35.0636672973633 35.1184997558594 35.1884994506836 35.2941665649414 35.3168334960938 35.3133316040039 35.3125 35.2765007019043 35.3228340148926 35.3756675720215 35.4261665344238 35.439998626709 35.3671684265137 35.3381652832031 35.3279991149902 35.3525009155273 35.3973350524902 35.4551658630371 -3.4e+38 -3.4e+38 -3.4e+38 -3.4e+38 -3.4e+38 -3.4e+38 -3.4e+38 -3.4e+38 -3.4e+38
