rasters/Mauritania_bio10.asc
NCOLS 147 
NROWS 151 
XLLCORNER -17.077428344 
YLLCORNER 14.734398972 
CELLSIZE 0.0833728927006803 
NODATA_value -3.4e+38 
[rows 84 to 104 of 151, columns 47 to 93 of 147]
33.837833404541 33.3128318786621 33.7151679992676 33.2978324890137 32.5998344421387 32.6515007019043 32.5258331298828 32.7026672363281 32.9674987792969 33.1775016784668 33.3873329162598 33.5209999084473 33.6500015258789 33.7543334960938 33.8808326721191 33.9278335571289 33.9990005493164 33.9674987792969 34.0096664428711 34.0450019836426 34.0633354187012 34.1006660461426 34.1510009765625 34.0566673278809 34.0748329162598 34.0890007019043 34.0946655273438 34.0641670227051 34.0643348693848 34.0748329162598 34.1081657409668 34.1046676635742 34.1245002746582 34.1303329467773 34.1298332214355 34.1296653747559 34.1459999084473 34.1911659240723 34.1956672668457 34.2135009765625 34.2506637573242 34.2675018310547 34.2746658325195 34.3083343505859 34.3488311767578 34.3676681518555 34.4104995727539
33.6679992675781 33.8473358154297 33.8373336791992 33.3321685791016 33.031665802002 33.1165008544922 32.9731674194336 33.0101661682129 33.0190010070801 33.3728332519531 33.4968338012695 33.5518341064453 33.7091674804688 33.9049987792969 33.9958343505859 34.0514984130859 34.0735015869141 34.0588340759277 34.072998046875 34.1493339538574 34.2234992980957 34.244499206543 34.1326675415039 34.0493316650391 34.0433349609375 34.0483322143555 34.0676651000977 34.0598335266113 34.0535011291504 34.0530014038086 34.0351676940918 34.0556678771973 34.0726661682129 34.0696640014648 34.0848350524902 34.1061668395996 34.1183319091797 34.1451683044434 34.1533317565918 34.2163314819336 34.2648315429688 34.2654991149902 34.2719993591309 34.2919998168945 34.3273315429688 34.3385009765625 34.3761672973633
34.1074981689453 34.3580017089844 34.0131683349609 33.5531692504883 33.2104988098145 33.3756675720215 33.2783317565918 33.3608322143555 33.4541664123535 33.389331817627 33.3925018310547 33.6353340148926 33.8840026855469 33.9843330383301 34.0574989318848 34.095832824707 34.1426658630371 34.1308326721191 34.1881675720215 34.2960014343262 34.3506660461426 34.3199996948242 34.1040000915527 34.0299987792969 34.0136642456055 33.9911651611328 34.0006675720215 34.009334564209 33.9983329772949 34.0009994506836 33.9985008239746 34.0201683044434 34.0513343811035 34.0509986877441 34.0593338012695 34.0833320617676 34.1049995422363 34.175666809082 34.2304992675781 34.2741661071777 34.2663345336914 34.2496643066406 34.2776679992676 34.2934989929199 34.3166656494141 34.3073348999023 34.3328323364258
34.5366668701172 34.6338348388672 34.1221656799316 33.7566680908203 33.570499420166 33.6086654663086 33.6240005493164 33.6728324890137 33.4288330078125 33.3286666870117 33.5643348693848 33.8795013427734 33.969165802002 34.1093330383301 34.1466674804688 34.15283203125 34.2146682739258 34.267333984375 34.3708343505859 34.4126663208008 34.4189987182617 34.3665008544922 34.1053314208984 33.9868316650391 34.0096664428711 33.966667175293 33.953498840332 33.9705009460449 33.9736671447754 33.9823341369629 33.9836654663086 33.9848327636719 34.0153350830078 34.0431671142578 34.0418319702148 34.0859985351562 34.1628341674805 34.2311668395996 34.2358322143555 34.2304992675781 34.2096672058105 34.2314987182617 34.244499206543 34.2845001220703 34.3444976806641 34.3018341064453 34.3136672973633
34.3608322143555 34.4668350219727 34.1783332824707 34.2369995117188 34.1083335876465 33.9054985046387 33.9249992370605 33.6303329467773 33.6139984130859 33.4780006408691 33.6436653137207 33.7291679382324 33.8448333740234 34.0345001220703 34.1889991760254 34.2231674194336 34.3375015258789 34.414665222168 34.4324989318848 34.3768310546875 34.3903312683105 34.2033348083496 34.0078315734863 33.9238319396973 34.0550003051758 34.057502746582 33.9633331298828 33.9648323059082 33.9500007629395 33.9613342285156 33.959831237793 33.9726676940918 33.9959983825684 34.0073318481445 34.02783203125 34.0654983520508 34.1054992675781 34.1871681213379 34.1604995727539 34.164665222168 34.1735000610352 34.1923332214355 34.2051658630371 34.2443313598633 34.3281669616699 34.3266677856445 34.3071670532227
34.251335144043 34.5113334655762 34.5190010070801 34.3838348388672 33.9925003051758 34.0424995422363 34.0994987487793 33.853832244873 33.7714996337891 33.775333404541 33.8304977416992 33.9976654052734 34.0321655273438 34.1538352966309 34.2151679992676 34.2879981994629 34.3984985351562 34.4878311157227 34.4113311767578 34.378833770752 34.3506660461426 34.1628341674805 34.0446662902832 34.0260009765625 34.0536651611328 34.042667388916 34.0141677856445 33.970832824707 33.947998046875 33.9389991760254 33.9456672668457 33.9693336486816 33.9978332519531 34.0170021057129 34.0200004577637 34.0246658325195 34.0514984130859 34.093334197998 34.101001739502 34.1285018920898 34.1679992675781 34.178165435791 34.1686668395996 34.201000213623 34.2303352355957 34.2690010070801 34.2776679992676
34.3966674804688 34.6333351135254 34.7223320007324 34.4738349914551 34.2953338623047 34.0213317871094 34.071834564209 34.1096649169922 33.9230003356934 34.0756645202637 34.2308349609375 34.2799987792969 34.4346656799316 34.3595008850098 34.4228324890137 34.3846664428711 34.4773330688477 34.4563331604004 34.3871650695801 34.4729995727539 34.3759994506836 34.2099990844727 34.0818328857422 34.085334777832 34.1049995422363 34.0861663818359 34.0504989624023 33.9923324584961 33.9609985351562 33.9266662597656 33.9236679077148 33.935001373291 33.9558334350586 33.9785003662109 34.0011672973633 33.9824981689453 33.9954986572266 34.0678329467773 34.0895004272461 34.0923347473145 34.1198348999023 34.1440010070801 34.1253318786621 34.1561660766602 34.1693344116211 34.1805000305176 34.2093353271484
34.6630020141602 34.7999992370605 34.7303314208984 34.8450012207031 34.59716796875 34.3008346557617 34.2713356018066 34.4106674194336 34.1455001831055 34.1306686401367 34.2736663818359 34.4531669616699 34.6686668395996 34.554500579834 34.6624984741211 34.4851684570312 34.5405006408691 34.476001739502 34.4608345031738 34.4068336486816 34.3561668395996 34.2355003356934 34.1531677246094 34.1233329772949 34.1043319702148 34.0488319396973 33.9775009155273 33.9578323364258 33.9503326416016 33.9274978637695 33.9244995117188 33.9189987182617 33.9365005493164 33.9750022888184 33.9903335571289 33.9866676330566 34.0171661376953 34.0761680603027 34.0825004577637 34.095832824707 34.1064987182617 34.1166687011719 34.1066665649414 34.135498046875 34.1498336791992 34.1433334350586 34.1313323974609
34.9556655883789 34.5408325195312 34.9339981079102 34.8950004577637 34.5678329467773 34.1738319396973 34.6703338623047 34.6791648864746 34.4758338928223 34.382999420166 34.5325012207031 34.5561676025391 34.7393341064453 34.7311668395996 34.611499786377 34.6876678466797 34.6671676635742 34.5231666564941 34.4404983520508 34.4116668701172 34.4081649780273 34.2466659545898 34.1878318786621 34.1300010681152 34.0895004272461 34.0419998168945 33.9599990844727 33.9158325195312 33.8959999084473 33.818000793457 33.841667175293 33.8593330383301 33.8811645507812 33.9165000915527 33.9196662902832 33.9618339538574 33.9928321838379 34.0279998779297 34.0449981689453 34.0670013427734 34.1070022583008 34.1080017089844 34.0974998474121 34.0993347167969 34.1165008544922 34.1383323669434 34.1251678466797
34.9306678771973 34.9790000915527 34.8556671142578 34.6293334960938 34.5951652526855 34.6303329467773 34.84033203125 34.8183326721191 34.7878341674805 34.7336654663086 34.9560012817383 34.7091674804688 34.7443313598633 34.8133354187012 34.7109985351562 34.7278327941895 34.6964988708496 34.5721664428711 34.5151672363281 34.4034996032715 34.2983322143555 34.3108329772949 34.2316665649414 34.1604995727539 34.0591659545898 34.0015029907227 33.961498260498 33.900333404541 33.8811683654785 33.8214988708496 33.7936668395996 33.8063354492188 33.8491668701172 33.8629989624023 33.8758316040039 33.923999786377 33.9570007324219 33.9696655273438 34.0083351135254 34.0258331298828 34.1278343200684 34.1301651000977 34.0843353271484 34.0676651000977 34.0890007019043 34.115665435791 34.1483345031738
35.0099983215332 35.0683326721191 34.4968338012695 34.5153350830078 34.6809997558594 34.6763343811035 34.9646682739258 34.9953346252441 34.9753341674805 35.0810012817383 35.0423316955566 34.9743347167969 34.9744987487793 34.8513336181641 34.6674995422363 34.7131652832031 34.7891654968262 34.6334991455078 34.517333984375 34.3834991455078 34.3024978637695 34.3489990234375 34.2498321533203 34.1303329467773 34.015998840332 33.9401664733887 33.920166015625 33.9049987792969 33.9053344726562 33.8151664733887 33.7321662902832 33.753833770752 33.7956657409668 33.8033332824707 33.8221664428711 33.8741683959961 33.9418334960938 33.9690017700195 34.0036659240723 34.0364990234375 34.0789985656738 34.1066665649414 34.0475006103516 34.0261688232422 34.0328330993652 34.0596694946289 34.0998344421387
34.8188323974609 34.9459991455078 34.5171661376953 34.3633346557617 34.6751670837402 34.8709983825684 34.8525009155273 35.0555000305176 35.0788307189941 35.0830001831055 35.0405006408691 34.994499206543 34.9150009155273 34.7198333740234 34.6780014038086 34.7304992675781 34.7794990539551 34.8081665039062 34.537166595459 34.3968353271484 34.4640007019043 34.3554992675781 34.1479988098145 34.0236663818359 33.9393310546875 33.8633346557617 33.8248329162598 33.8320007324219 33.8133354187012 33.7533340454102 33.7058334350586 33.7011680603027 33.7141647338867 33.7451667785645 33.7853317260742 33.8484992980957 33.9403343200684 33.970832824707 34.0095024108887 34.024169921875 34.0146675109863 34.0678329467773 34.0531692504883 33.994499206543 33.9981651306152 34.0340003967285 34.0376663208008
34.8238334655762 34.9140014648438 34.7443313598633 34.5820007324219 34.7691650390625 35.0616683959961 34.8791656494141 34.6981658935547 34.7729988098145 34.7111663818359 34.7286682128906 34.7063331604004 34.6773338317871 34.6378326416016 34.678165435791 34.7223320007324 34.7188339233398 34.6233329772949 34.480167388916 34.5871658325195 34.5098342895508 34.2163314819336 34.0830001831055 33.973331451416 33.9408340454102 33.8470001220703 33.800666809082 33.7621650695801 33.7430000305176 33.7388343811035 33.7026672363281 33.6501693725586 33.6551666259766 33.6966667175293 33.7683334350586 33.8546676635742 33.9113349914551 33.9501647949219 33.9866676330566 33.9621658325195 33.9751663208008 34.0213317871094 34.0738334655762 33.9953346252441 33.9803352355957 34.0153350830078 34.0348320007324
34.5918350219727 34.7466659545898 34.6199989318848 34.7453346252441 34.5924987792969 34.8950004577637 35.0265007019043 34.583667755127 34.6493339538574 34.3930015563965 34.4990005493164 34.5514984130859 34.5258331298828 34.606330871582 34.6868324279785 34.7994995117188 34.5026664733887 34.5361671447754 34.6348342895508 34.4291648864746 34.3064994812012 34.2275009155273 33.9546661376953 33.8649978637695 33.8491668701172 33.806999206543 33.7654991149902 33.7783317565918 33.7309989929199 33.728832244873 33.6823310852051 33.6233329772949 33.6108322143555 33.6733322143555 33.7553329467773 33.8256645202637 33.8723335266113 33.8969993591309 33.9056663513184 33.9021682739258 33.9611663818359 34.0205001831055 34.0246658325195 34.0035018920898 34.0045013427734 34.0633316040039 34.0584983825684
34.5411682128906 34.6666679382324 34.3443336486816 34.5906677246094 34.5766677856445 34.6339988708496 34.8778343200684 34.8600006103516 34.8236656188965 34.4316673278809 34.4033355712891 34.4894981384277 34.5309982299805 34.589168548584 34.6073341369629 34.5501670837402 34.6353340148926 34.6776657104492 34.4618339538574 34.3321685791016 34.1486663818359 33.8680000305176 33.7389984130859 33.7179985046387 33.6963348388672 33.6744995117188 33.6926689147949 33.7309989929199 33.7408332824707 33.7578315734863 33.7109985351562 33.6483345031738 33.6431655883789 33.6961669921875 33.7433319091797 33.775333404541 33.841667175293 33.8866653442383 33.8696670532227 33.8463325500488 33.9351654052734 33.9831657409668 34.0053329467773 34.022331237793 33.9943313598633 34.0033340454102 34.040168762207
34.5480003356934 34.3585014343262 34.1491661071777 34.3453330993652 34.4711685180664 34.5340003967285 34.5151672363281 34.8306655883789 34.795166015625 34.5164985656738 34.425666809082 34.4976654052734 34.5126647949219 34.560001373291 34.574333190918 34.6564979553223 34.6415023803711 34.5386657714844 34.4623336791992 34.394832611084 34.0991668701172 33.8553352355957 33.6414985656738 33.628833770752 33.5706672668457 33.5691680908203 33.605167388916 33.6268348693848 33.6668319702148 33.6800003051758 33.6655006408691 33.6350021362305 33.6661682128906 33.6833343505859 33.7458343505859 33.7864990234375 33.8344993591309 33.849666595459 33.852668762207 33.8381690979004 33.8523330688477 33.9140014648438 33.985164642334 33.9985008239746 33.978832244873 33.9693336486816 33.9916687011719
34.3849983215332 34.2641677856445 34.2193336486816 34.3315010070801 34.4324989318848 34.5866661071777 34.4495010375977 34.4828338623047 34.4925003051758 34.4651679992676 34.4906692504883 34.5029983520508 34.5803337097168 34.6006660461426 34.6484985351562 34.4868316650391 34.4809989929199 34.2888336181641 34.2098350524902 34.0491676330566 34.0514984130859 33.7596664428711 33.4658317565918 33.5789985656738 33.5926666259766 33.5448341369629 33.4781646728516 33.496166229248 33.5711669921875 33.540168762207 33.5161666870117 33.5488319396973 33.6126670837402 33.6723327636719 33.7195014953613 33.7648315429688 33.8108329772949 33.8460006713867 33.8699989318848 33.8721656799316 33.8494987487793 33.8573341369629 33.8791656494141 33.90283203125 33.9038314819336 33.9114990234375 33.9043350219727
34.1341667175293 34.2318344116211 34.2459983825684 34.2683334350586 34.3626670837402 34.5294990539551 34.3896675109863 34.3504981994629 34.423168182373 34.3894996643066 34.4713325500488 34.5268325805664 34.6013336181641 34.6455001831055 34.5023345947266 34.4461669921875 34.3185005187988 34.1303329467773 33.9306678771973 33.7818336486816 33.7001647949219 33.5528335571289 33.3509979248047 33.4358329772949 33.5504989624023 33.5603332519531 33.5591659545898 33.5488319396973 33.5485000610352 33.4500007629395 33.441333770752 33.4915008544922 33.5896682739258 33.6774978637695 33.736499786377 33.7588348388672 33.7758331298828 33.8051643371582 33.8426666259766 33.8585014343262 33.8230018615723 33.8288345336914 33.8266677856445 33.7815017700195 33.8375015258789 33.8946647644043 33.9371681213379
34.0459976196289 34.1281661987305 34.1754989624023 34.2014999389648 34.2610015869141 34.3046646118164 34.2536659240723 34.3059997558594 34.3543319702148 34.3766670227051 34.4796676635742 34.5811653137207 34.6835021972656 34.6266670227051 34.1268348693848 34.3059997558594 34.2224998474121 34.099666595459 33.8558349609375 33.5343322753906 33.417667388916 33.337833404541 33.2200012207031 33.320499420166 33.4064979553223 33.4348335266113 33.4656677246094 33.4971656799316 33.4921646118164 33.4833335876465 33.4580001831055 33.4755020141602 33.5953330993652 33.7333335876465 33.9168357849121 33.9321670532227 33.9038314819336 33.8556671142578 33.9211654663086 33.9469985961914 33.9196662902832 33.9021644592285 33.8486671447754 33.8074989318848 33.8583335876465 33.905834197998 33.9656677246094
34.0141677856445 34.0688323974609 34.148998260498 34.196834564209 34.2061653137207 34.2939987182617 34.2776679992676 34.2938346862793 34.2178344726562 34.3721656799316 34.5213317871094 34.3796653747559 34.326831817627 34.1866683959961 33.9476661682129 33.8818321228027 33.9174995422363 33.7601661682129 33.755500793457 33.5193328857422 33.3561668395996 33.2306671142578 33.1636657714844 33.2159996032715 33.2811660766602 33.3391647338867 33.3354988098145 33.3436660766602 33.3928337097168 33.4331665039062 33.5073318481445 33.5849990844727 33.6586685180664 33.7568321228027 33.8871650695801 34.0019989013672 34.0654983520508 34.0653343200684 34.1006660461426 34.1843338012695 34.119499206543 34.0806655883789 33.9163360595703 33.8573341369629 33.8821678161621 33.9513320922852 33.996166229248
34.0796661376953 34.0818328857422 34.0706672668457 34.1609992980957 34.1941680908203 34.2953338623047 34.2938346862793 34.2960014343262 34.2675018310547 34.4421691894531 34.5685005187988 33.9874992370605 34.1040000915527 34.054500579834 33.798168182373 33.7415008544922 33.7254981994629 33.6505012512207 33.5330009460449 33.5423316955566 33.4753341674805 33.3236656188965 33.2933349609375 33.1650009155273 33.1506652832031 33.2521667480469 33.2718353271484 33.3194999694824 33.3946647644043 33.4758338928223 33.5494995117188 33.572998046875 33.646167755127 33.7164993286133 33.7980003356934 33.8305015563965 33.9463348388672 34.0463333129883 34.1611671447754 34.2451667785645 34.3478317260742 34.2266654968262 34.0583343505859 33.9694976806641 33.9806671142578 34.0144996643066 34.0806655883789
