rasters/Mauritania_bio8.asc
NCOLS 147 
NROWS 151 
XLLCORNER -17.077428344 
YLLCORNER 14.734398972 
CELLSIZE 0.0833728927006803 
NODATA_value -3.4e+38 
[rows 84 to 104 of 151, columns 0 to 46 of 147]
-3.4e+38 -3.4e+38 -3.4e+38 -3.4e+38 -3.4e+38 -3.4e+38 -3.4e+38 -3.4e+38 -3.4e+38 -3.4e+38 27.5694446563721 28.0114994049072 28.2970008850098 28.4739990234375 28.6639995574951 28.8796653747559 29.1399993896484 29.3381671905518 29.5369987487793 29.7423343658447 29.9873332977295 30.2313346862793 30.4839992523193 30.6891670227051 30.859167098999 31.0383338928223 31.1693344116211 31.299165725708 31.5146675109863 31.7130012512207 31.892333984375 32.078498840332 32.2748336791992 32.5361671447754 32.8035011291504 33.0615005493164 33.3225021362305 33.5676651000977 33.7433319091797 33.8303337097168 33.9283332824707 34.1380004882812 34.345832824707 34.5029983520508 34.6531677246094 34.7825012207031 34.3721656799316
-3.4e+38 -3.4e+38 -3.4e+38 -3.4e+38 -3.4e+38 -3.4e+38 -3.4e+38 -3.4e+38 -3.4e+38 -3.4e+38 -3.4e+38 27.9408340454102 28.3171653747559 28.5136661529541 28.738166809082 28.9594993591309 29.1585006713867 29.3676662445068 29.6055011749268 29.8899993896484 30.0553340911865 30.3554992675781 30.5935001373291 30.7448329925537 30.8579998016357 31.0338325500488 31.1830005645752 31.3691673278809 31.5634994506836 31.7523345947266 31.9529991149902 32.1800003051758 32.4406661987305 32.7113342285156 33.0133323669434 33.2394981384277 33.4286651611328 33.5901679992676 33.7423324584961 33.8508338928223 34.0040016174316 34.1728324890137 34.3185005187988 34.5268325805664 34.6136665344238 34.6768341064453 34.4183349609375
-3.4e+38 -3.4e+38 -3.4e+38 -3.4e+38 -3.4e+38 -3.4e+38 -3.4e+38 -3.4e+38 -3.4e+38 -3.4e+38 27.4271049499512 28.0036659240723 28.3396663665771 28.542501449585 28.7623329162598 28.9546661376953 29.1601676940918 29.4126663208008 29.6975002288818 29.9686679840088 30.1478328704834 30.44700050354 30.5691661834717 30.6896667480469 30.8583335876465 31.039665222168 31.2221660614014 31.3781661987305 31.5650005340576 31.7875003814697 32.0694999694824 32.3901672363281 32.6694984436035 32.9543342590332 33.1841659545898 33.3554992675781 33.5001678466797 33.628833770752 33.7724990844727 33.896167755127 33.9976654052734 34.0843315124512 34.2786674499512 34.5441665649414 34.7351684570312 33.6918334960938 33.744499206543
-3.4e+38 -3.4e+38 -3.4e+38 -3.4e+38 -3.4e+38 -3.4e+38 -3.4e+38 -3.4e+38 -3.4e+38 -3.4e+38 27.4675006866455 28.0311660766602 28.3584995269775 28.5844993591309 28.765832901001 28.9915008544922 29.257833480835 29.5178337097168 29.7676658630371 29.9699993133545 30.1956672668457 30.3971672058105 30.4966659545898 30.654167175293 30.859001159668 31.0265007019043 31.2060012817383 31.4044990539551 31.658166885376 31.9775009155273 32.3093338012695 32.6703338623047 32.8979988098145 33.0783348083496 33.2931671142578 33.4473342895508 33.5551681518555 33.638500213623 33.7758331298828 33.8516654968262 33.9685020446777 34.2241668701172 34.1903343200684 33.6450004577637 33.6223335266113 33.7880020141602 34.0348320007324
-3.4e+38 -3.4e+38 -3.4e+38 -3.4e+38 -3.4e+38 -3.4e+38 -3.4e+38 -3.4e+38 -3.4e+38 -3.4e+38 27.533332824707 28.0701656341553 28.3990001678467 28.591833114624 28.7908325195312 29.0748329162598 29.3150005340576 29.5925006866455 29.8098335266113 30.0423336029053 30.2463340759277 30.3880004882812 30.5165004730225 30.6626663208008 30.8351669311523 31.0265007019043 31.3269996643066 31.6024990081787 31.9106674194336 32.2328338623047 32.5273323059082 32.751335144043 32.9318313598633 33.0728340148926 33.2548332214355 33.4246673583984 33.5223350524902 33.5911674499512 33.6978340148926 33.824333190918 34.160831451416 33.9869995117188 33.3151664733887 33.4903335571289 33.9491653442383 34.1964988708496 34.002498626709
-3.4e+38 -3.4e+38 -3.4e+38 -3.4e+38 -3.4e+38 -3.4e+38 -3.4e+38 -3.4e+38 -3.4e+38 -3.4e+38 27.7188339233398 28.1276664733887 28.3946666717529 28.6268329620361 28.867000579834 29.1053333282471 29.3578338623047 29.625 29.8381671905518 30.0461673736572 30.1803321838379 30.3503341674805 30.4543342590332 30.6793327331543 30.970832824707 31.2014999389648 31.482666015625 31.8143329620361 32.1350021362305 32.4026679992676 32.6636657714844 32.9459991455078 32.8383331298828 33.1138343811035 33.1001663208008 33.3541679382324 33.5181655883789 33.5865020751953 33.7598342895508 33.9990005493164 34.0068321228027 33.7874984741211 33.9013328552246 33.8849983215332 34.1981658935547 34.1148338317871 33.9211654663086
-3.4e+38 -3.4e+38 -3.4e+38 -3.4e+38 -3.4e+38 -3.4e+38 -3.4e+38 -3.4e+38 26.9318351745605 -3.4e+38 27.8255004882812 28.2178344726562 28.5130004882812 28.7398338317871 28.920166015625 29.1510009765625 29.4129981994629 29.634334564209 29.7975006103516 29.9039993286133 30.0911674499512 30.2999992370605 30.5308322906494 30.8803329467773 31.2453346252441 31.4489994049072 31.6108322143555 31.9348335266113 32.2031669616699 32.484001159668 32.7696685791016 33.0781669616699 33.1736679077148 33.2080001831055 33.1389999389648 33.3478355407715 33.5318336486816 33.6419982910156 33.7804985046387 33.9458312988281 33.9576683044434 33.9633331298828 34.1396675109863 34.1036682128906 34.1403350830078 33.8038330078125 33.8718338012695
-3.4e+38 -3.4e+38 -3.4e+38 -3.4e+38 -3.4e+38 -3.4e+38 -3.4e+38 -3.4e+38 27.1976795196533 27.7321834564209 28.0191669464111 28.308500289917 28.5416660308838 28.7391662597656 28.9711666107178 29.2409992218018 29.4381656646729 29.5738334655762 29.7076663970947 29.9188327789307 30.1404991149902 30.361499786377 30.6639995574951 30.9753341674805 31.2730007171631 31.4825000762939 31.7598342895508 32.0356674194336 32.2303314208984 32.4845008850098 32.7556648254395 33.0195007324219 33.1155014038086 33.2664985656738 33.3116683959961 33.3241653442383 33.5009994506836 33.529167175293 33.5650024414062 33.7001647949219 33.9124984741211 34.1823348999023 34.3678321838379 34.3129997253418 33.7818336486816 33.7661666870117 34.3556671142578
-3.4e+38 -3.4e+38 -3.4e+38 -3.4e+38 -3.4e+38 -3.4e+38 -3.4e+38 -3.4e+38 -3.4e+38 27.8059997558594 28.117000579834 28.3698329925537 28.5688323974609 28.753833770752 28.9851665496826 29.2223320007324 29.3386650085449 29.5065002441406 29.7031669616699 29.9156665802002 30.1853332519531 30.4575004577637 30.6925010681152 30.9501667022705 31.3196659088135 31.6546669006348 31.8059997558594 32.0438346862793 32.2294998168945 32.4519996643066 32.7945022583008 33.0241661071777 33.1243324279785 33.2280006408691 33.2588348388672 33.2708320617676 33.2994995117188 33.396167755127 33.5205001831055 33.6803321838379 33.8741683959961 34.1144981384277 34.3144989013672 34.4751663208008 34.4206657409668 34.1846656799316 34.5521659851074
-3.4e+38 -3.4e+38 -3.4e+38 -3.4e+38 -3.4e+38 -3.4e+38 -3.4e+38 -3.4e+38 27.1057014465332 -3.4e+38 28.1730003356934 28.4478340148926 28.6173324584961 28.7276668548584 28.9148330688477 29.0826663970947 29.2956676483154 29.5081672668457 29.75 30.0093326568604 30.2964992523193 30.4990005493164 30.7294998168945 31.0081672668457 31.2934989929199 31.6813316345215 31.8561668395996 32.0245018005371 32.2316665649414 32.5351676940918 32.8544998168945 33.0294990539551 33.1440010070801 33.121166229248 33.2200012207031 33.1705017089844 33.1693344116211 33.3773345947266 33.5504989624023 33.6835021972656 33.8650016784668 34.0986671447754 34.2468338012695 34.1858329772949 34.2396659851074 34.3701667785645 34.3876647949219
-3.4e+38 -3.4e+38 -3.4e+38 -3.4e+38 -3.4e+38 -3.4e+38 -3.4e+38 26.4958343505859 -3.4e+38 27.8032264709473 28.2185001373291 28.4823341369629 28.6173343658447 28.7056655883789 28.878833770752 29.1520004272461 29.3833332061768 29.5741653442383 29.8754997253418 30.1321659088135 30.3618335723877 30.5768337249756 30.8118343353271 31.0191669464111 31.2374992370605 31.5124988555908 31.8345012664795 32.0758323669434 32.341667175293 32.5471649169922 32.6910018920898 32.8395004272461 32.9873352050781 33.079833984375 33.0555000305176 33.1278343200684 33.2104988098145 33.3316688537598 33.5156669616699 33.6628341674805 33.8125 34.0131645202637 34.1230010986328 34.1105003356934 33.9928321838379 34.1848335266113 34.3906669616699
-3.4e+38 -3.4e+38 -3.4e+38 -3.4e+38 -3.4e+38 -3.4e+38 -3.4e+38 26.7675437927246 27.5203285217285 28.0100002288818 28.253833770752 28.4581680297852 28.5821666717529 28.7665004730225 29.021333694458 29.2075004577637 29.4143333435059 29.7080001831055 29.9293327331543 30.1374988555908 30.3661670684814 30.6064987182617 30.8348331451416 31.066333770752 31.2385005950928 31.484167098999 31.8090000152588 32.0511665344238 32.3125 32.4596672058105 32.646167755127 32.7135009765625 32.8143310546875 32.8320007324219 32.8958320617676 33.0503311157227 33.2540016174316 33.3194999694824 33.4996681213379 33.6703338623047 33.8031692504883 33.90283203125 33.9893341064453 34.0336685180664 33.9693336486816 34.02783203125 34.1848335266113
-3.4e+38 -3.4e+38 -3.4e+38 -3.4e+38 -3.4e+38 -3.4e+38 -3.4e+38 26.7682933807373 27.5284996032715 28.0001659393311 28.2666664123535 28.4910011291504 28.6826667785645 28.8691673278809 28.9988327026367 29.2490005493164 29.4618339538574 29.6816673278809 29.9095001220703 30.1396675109863 30.3736667633057 30.6176662445068 30.8268337249756 31.0444984436035 31.2053337097168 31.4561672210693 31.674165725708 31.9428329467773 32.1780014038086 32.2091674804688 32.3818321228027 32.5930023193359 32.6861686706543 32.7398338317871 32.845832824707 33.0263328552246 33.2179985046387 33.3369979858398 33.4669990539551 33.5831680297852 33.5854988098145 33.6139984130859 33.6879997253418 33.7835006713867 33.8429985046387 33.9246673583984 34.0499992370605
-3.4e+38 -3.4e+38 -3.4e+38 -3.4e+38 -3.4e+38 -3.4e+38 -3.4e+38 -3.4e+38 -3.4e+38 27.7929992675781 28.1886672973633 28.4616661071777 28.6840000152588 28.7719993591309 29.0248336791992 29.2631664276123 29.4565010070801 29.6608333587646 29.9253330230713 30.1653327941895 30.3400001525879 30.5661659240723 30.7945003509521 30.9816665649414 31.1626663208008 31.4290008544922 31.6451663970947 31.8296661376953 31.9651679992676 32.2006683349609 32.3706665039062 32.4873313903809 32.6446685791016 32.7998313903809 32.8673324584961 32.9710006713867 33.114501953125 33.2039985656738 33.2770004272461 33.3643341064453 33.4075012207031 33.4531669616699 33.6008338928223 33.7470016479492 33.8341674804688 33.9091682434082 33.9848327636719
-3.4e+38 -3.4e+38 -3.4e+38 -3.4e+38 -3.4e+38 -3.4e+38 -3.4e+38 -3.4e+38 -3.4e+38 -3.4e+38 28.0690002441406 28.4204998016357 28.6219997406006 28.8361663818359 28.9623336791992 29.1096668243408 29.4028339385986 29.679666519165 29.824333190918 30.0408325195312 30.265832901001 30.4723339080811 30.7196655273438 30.9461669921875 31.1464996337891 31.3360004425049 31.5336666107178 31.7041664123535 31.9965000152588 32.1769981384277 32.3224983215332 32.4930000305176 32.6293334960938 32.7174987792969 32.8228340148926 32.8853340148926 32.9690017700195 33.1133346557617 33.1920013427734 33.2311668395996 33.2683334350586 33.3853340148926 33.5289993286133 33.6791687011719 33.7798347473145 33.8613319396973 33.949333190918
-3.4e+38 -3.4e+38 -3.4e+38 -3.4e+38 -3.4e+38 -3.4e+38 -3.4e+38 -3.4e+38 -3.4e+38 -3.4e+38 27.8255805969238 28.3303337097168 28.6116676330566 28.8488330841064 28.9189987182617 29.0104999542236 29.4948329925537 29.7453327178955 29.8064994812012 29.8931655883789 30.1573333740234 30.4173336029053 30.6371669769287 30.8111667633057 31.0009994506836 31.2416667938232 31.4699993133545 31.6690006256104 31.8834991455078 32.1074981689453 32.2306671142578 32.3391647338867 32.4786682128906 32.5928344726562 32.703498840332 32.8443336486816 32.9241676330566 33.0390014648438 33.1128349304199 33.1921653747559 33.2966651916504 33.4049987792969 33.5086669921875 33.5928344726562 33.8279991149902 33.9324989318848 33.9656677246094
-3.4e+38 -3.4e+38 -3.4e+38 -3.4e+38 -3.4e+38 -3.4e+38 -3.4e+38 -3.4e+38 -3.4e+38 -3.4e+38 -3.4e+38 28.195333480835 28.513500213623 28.8361663818359 29.0233325958252 29.2241668701172 29.511833190918 29.716833114624 29.7854995727539 29.8308334350586 30.0903339385986 30.3438339233398 30.5463333129883 30.7441673278809 30.94700050354 31.1613349914551 31.3701667785645 31.5828323364258 31.783166885376 31.9409999847412 32.0678329467773 32.1860008239746 32.3126678466797 32.4754981994629 32.6668319702148 32.8016662597656 32.8176651000977 32.8976669311523 33.0693321228027 33.228832244873 33.352165222168 33.4358329772949 33.4556655883789 33.5886688232422 33.7853317260742 33.8436660766602 33.7971649169922
-3.4e+38 -3.4e+38 -3.4e+38 -3.4e+38 -3.4e+38 -3.4e+38 -3.4e+38 -3.4e+38 -3.4e+38 -3.4e+38 -3.4e+38 28.0056667327881 28.4601669311523 28.8353328704834 29.0109996795654 29.2960014343262 29.4646663665771 29.6450004577637 29.798999786377 29.7495002746582 29.9991664886475 30.2523345947266 30.4469985961914 30.6301670074463 30.8269996643066 31.0296669006348 31.2746658325195 31.4605007171631 31.6459999084473 31.8339996337891 31.9890003204346 32.0934982299805 32.2228317260742 32.3896675109863 32.5439987182617 32.6986656188965 32.8318328857422 32.9133338928223 33.0881652832031 33.2173347473145 33.2906684875488 33.3026657104492 33.2985000610352 33.3264999389648 33.4403343200684 33.497501373291 33.4913330078125
-3.4e+38 -3.4e+38 -3.4e+38 -3.4e+38 -3.4e+38 -3.4e+38 -3.4e+38 -3.4e+38 -3.4e+38 -3.4e+38 -3.4e+38 27.9260635375977 28.4713325500488 28.7223339080811 28.9586658477783 29.2514991760254 29.4023323059082 29.5736656188965 29.6593341827393 29.701000213623 29.9634990692139 30.1613330841064 30.3610000610352 30.5625 30.7393341064453 30.9198341369629 31.1293334960938 31.3295001983643 31.5466651916504 31.7518329620361 31.8853340148926 31.9716663360596 32.1151657104492 32.2761650085449 32.4469985961914 32.6576652526855 32.9039993286133 32.9715003967285 33.0061645507812 33.0998344421387 33.1081657409668 33.134334564209 33.1665000915527 33.2266654968262 33.3223342895508 33.4551658630371 33.464168548584
-3.4e+38 -3.4e+38 -3.4e+38 -3.4e+38 -3.4e+38 -3.4e+38 -3.4e+38 -3.4e+38 -3.4e+38 -3.4e+38 -3.4e+38 27.79319190979 28.4371662139893 28.7569999694824 28.8775005340576 29.1299991607666 29.2403335571289 29.2396659851074 29.3728332519531 29.5768337249756 29.8201675415039 30.0849990844727 30.3210010528564 30.5048332214355 30.646167755127 30.8194999694824 31.0473327636719 31.2608337402344 31.4329986572266 31.615665435791 31.7423324584961 31.8848323822021 32.0890007019043 32.2626647949219 32.3675003051758 32.4913330078125 32.6706657409668 32.8333320617676 32.9384994506836 32.9550018310547 32.9748344421387 33.042667388916 33.107666015625 33.1435012817383 33.2458343505859 33.3904991149902 33.4119987487793
-3.4e+38 -3.4e+38 -3.4e+38 -3.4e+38 -3.4e+38 -3.4e+38 -3.4e+38 -3.4e+38 -3.4e+38 -3.4e+38 -3.4e+38 27.4215908050537 28.3638343811035 28.7730007171631 28.807165145874 29.0478324890137 29.011833190918 29.1363334655762 29.2641677856445 29.525333404541 29.8081665039062 30.0226669311523 30.2433338165283 30.4125003814697 30.5768337249756 30.7804985046387 30.9776668548584 31.1678333282471 31.3330001831055 31.5108337402344 31.6778335571289 31.8206672668457 31.9916667938232 32.1336669921875 32.2201652526855 32.3281669616699 32.5356674194336 32.7323341369629 32.8046684265137 32.8168334960938 32.9119987487793 32.9404983520508 33.0499992370605 33.0678329467773 33.2173347473145 33.3696670532227 33.4505004882812
