rasters/Mauritania_bio8.asc
NCOLS 147 
NROWS 151 
XLLCORNER -17.077428344 
YLLCORNER 14.734398972 
CELLSIZE 0.0833728927006803 
NODATA_value -3.4e+38 
[rows 105 to 125 of 151, columns 47 to 93 of 147]
33.4033317565918 33.4404983520508 33.4588317871094 33.5171661376953 33.6083335876465 33.6971664428711 33.5438346862793 33.5660018920898 33.6420021057129 33.7743339538574 33.696834564209 33.2961654663086 33.2400016784668 33.0521659851074 32.9010009765625 32.8401679992676 32.671501159668 32.6611671447754 32.496166229248 32.4034996032715 32.5428314208984 32.5876655578613 32.5393333435059 32.3811683654785 32.2111663818359 32.2430000305176 32.3183326721191 32.3468322753906 32.3585014343262 32.3726654052734 32.4348335266113 32.5839996337891 32.791332244873 33.2610015869141 33.1805000305176 33.0303344726562 33.2641677856445 33.4005012512207 33.2840003967285 33.3696670532227 33.3766670227051 33.4650001525879 33.5276679992676 33.2788314819336 32.9698333740234 32.9934997558594 33.0083312988281
33.3474998474121 33.4119987487793 33.451000213623 33.5178337097168 33.5004997253418 33.4933319091797 33.482666015625 33.5961685180664 33.6973342895508 33.7836647033691 33.7101669311523 33.4254989624023 33.2259979248047 33.1348342895508 33.0341644287109 32.9339981079102 32.707332611084 32.6403350830078 32.5318336486816 32.3790016174316 32.4059982299805 32.474666595459 32.3753318786621 32.2171669006348 32.105167388916 31.949499130249 32.042667388916 32.0746688842773 32.1990013122559 32.2986679077148 32.4553337097168 32.6355018615723 32.7680015563965 33.2148323059082 33.6518325805664 33.8815002441406 33.6361656188965 33.3033332824707 33.2111663818359 33.1968307495117 33.173168182373 33.232666015625 33.4031677246094 33.6261672973633 33.486499786377 33.2676658630371 33.3048324584961
33.3046684265137 33.3525009155273 33.3308334350586 33.3889999389648 33.3676681518555 33.4378356933594 33.5439987182617 33.4905014038086 33.5664978027344 33.7176666259766 33.6688346862793 33.5533332824707 33.1841659545898 32.8880004882812 32.7955017089844 32.8916664123535 32.6601676940918 32.5023345947266 32.3608322143555 32.3435020446777 32.111499786377 32.138500213623 32.0856666564941 32.056999206543 31.9645004272461 31.8921661376953 31.9408340454102 32.1618347167969 33.2393341064453 33.9283332824707 33.9056663513184 32.8434982299805 32.6284980773926 33.1568336486816 33.3943328857422 33.3186683654785 33.2436676025391 33.1863327026367 33.1206665039062 33.0970001220703 33.1093330383301 33.1543350219727 33.3295021057129 33.6328315734863 33.9661674499512 34.0353317260742 33.9491653442383
33.1828346252441 33.1784973144531 33.1645011901855 33.246997833252 33.2919998168945 33.412166595459 33.4910011291504 33.4959983825684 33.3899993896484 33.5659980773926 33.5498352050781 33.2825012207031 33.1761665344238 32.9278335571289 32.6681671142578 32.6316680908203 32.5021667480469 32.3146667480469 32.2196655273438 32.2755012512207 32.1165008544922 32.0870018005371 32.0914993286133 32.1421661376953 32.3561668395996 33.0628318786621 33.0830001831055 33.6426658630371 34.3851661682129 34.4733352661133 34.6539993286133 34.52783203125 34.0340003967285 33.6296653747559 33.3608322143555 33.2553329467773 33.1761665344238 33.0929985046387 33.0320014953613 33.0390014648438 33.0696678161621 33.1496658325195 33.2568359375 33.3581657409668 33.4136657714844 33.436164855957 33.4428329467773
33.1441650390625 33.1363334655762 33.1618309020996 33.2283325195312 33.2448348999023 33.333667755127 33.4223327636719 33.5018348693848 33.4593315124512 33.5623321533203 33.5136680603027 33.0419998168945 32.9228324890137 32.7514991760254 32.6323318481445 32.4893341064453 32.2485008239746 32.1800003051758 32.0448341369629 32.0205001831055 32.046501159668 32.021167755127 32.091667175293 32.4070014953613 33.921501159668 34.0719985961914 33.8660011291504 33.7921676635742 33.6681671142578 33.6373329162598 33.6316680908203 33.5658340454102 33.4435005187988 33.3661689758301 33.272834777832 33.2084999084473 33.1223335266113 33.0338325500488 32.9973335266113 32.9729995727539 33.03466796875 33.1421661376953 33.1876678466797 33.1668319702148 33.1353340148926 33.1679992675781 33.1323318481445
33.0523338317871 33.0911674499512 33.0960006713867 33.1665000915527 33.2616653442383 33.3121681213379 33.3621673583984 33.4151649475098 33.4049987792969 33.4059982299805 33.3785018920898 33.1053352355957 32.865665435791 32.6749992370605 32.5186653137207 32.4205017089844 32.1129989624023 32.0221672058105 31.9134998321533 31.8961658477783 31.9409999847412 31.96266746521 32.1396675109863 32.6633338928223 33.0946655273438 33.1133346557617 33.1553344726562 33.1908340454102 33.1889991760254 33.1920013427734 33.1826667785645 33.1995010375977 33.2215003967285 33.2003326416016 33.1520004272461 33.1333312988281 33.0924987792969 33.0483322143555 33.053165435791 33.0305023193359 33.0363311767578 33.0328330993652 33.0275001525879 33.0098342895508 32.9930000305176 33.0058326721191 32.9828338623047
32.9476661682129 33.0738334655762 33.0796661376953 33.1181678771973 33.1986656188965 33.1401672363281 33.1798324584961 33.332332611084 33.3368339538574 33.2878341674805 33.2005004882812 33.1209983825684 32.8751678466797 32.727668762207 32.4033317565918 32.2291679382324 32.0940017700195 32.1001663208008 31.962833404541 32.2104988098145 33.0401649475098 33.0699996948242 33.1240005493164 33.1221656799316 32.9831657409668 32.9646682739258 33.0200004577637 33.0289993286133 33.0449981689453 33.0648345947266 33.0591659545898 33.0873336791992 33.1001663208008 33.0698318481445 33.0755004882812 33.0511665344238 33.0041656494141 33.0076675415039 32.9936676025391 32.9786682128906 32.9866676330566 32.9863357543945 32.9869995117188 32.9738349914551 32.920166015625 32.917667388916 32.9331665039062
32.8828315734863 32.9490013122559 33.033332824707 33.1780014038086 33.0900001525879 32.9259986877441 33.0826644897461 33.1178321838379 33.2203330993652 32.9671669006348 32.7961654663086 33.035831451416 32.9023323059082 32.6289978027344 32.4075012207031 32.0936660766602 31.9181671142578 31.9233341217041 31.9113330841064 32.2005004882812 32.5243339538574 32.6381683349609 32.6948318481445 32.8388328552246 32.9821662902832 32.9473342895508 32.9716644287109 32.9783325195312 32.970832824707 32.9883346557617 32.9871673583984 33.0019989013672 33.0060005187988 32.9791641235352 32.9646682739258 32.962833404541 32.9723320007324 32.9518356323242 32.9268341064453 32.9274978637695 32.986499786377 32.9970016479492 32.9724998474121 32.9183349609375 32.8771667480469 32.8821678161621 32.8648338317871
32.8740005493164 32.9075012207031 33.0006675720215 33.0790023803711 33.0069999694824 32.8173332214355 32.9889984130859 33.0395011901855 33.1736679077148 33.0923347473145 32.7355003356934 32.9748344421387 32.9006652832031 32.857666015625 32.5629997253418 32.2596664428711 31.9198341369629 31.9244995117188 31.8059997558594 31.7644996643066 32.0538330078125 32.2583312988281 32.4583320617676 32.6813316345215 32.8320007324219 32.8513336181641 32.8650016784668 32.889331817627 32.920166015625 32.9155006408691 32.945499420166 32.923999786377 32.9023323059082 32.9076652526855 32.9031677246094 32.9000015258789 32.941333770752 32.9400024414062 32.9075012207031 32.9141654968262 32.9054985046387 32.8979988098145 32.8778343200684 32.8626670837402 32.8811645507812 32.8393325805664 32.7714996337891
32.8294982910156 32.8946685791016 32.8316650390625 32.8940010070801 33.0033340454102 32.7159996032715 32.9406661987305 33.1078338623047 33.0965003967285 33.0218353271484 32.6085014343262 32.7535018920898 32.6686668395996 32.78466796875 32.3011665344238 32.1768341064453 31.9208335876465 31.8359985351562 31.869499206543 31.7714996337891 31.6563339233398 31.849666595459 32.2628326416016 32.5366668701172 32.7376670837402 32.7779998779297 32.8258323669434 32.8581657409668 32.8956642150879 32.8585014343262 32.8903350830078 32.8964996337891 32.8398323059082 32.853832244873 32.8771667480469 32.832332611084 32.872501373291 32.869499206543 32.8343353271484 32.820499420166 32.8481674194336 32.8535003662109 32.8533325195312 32.8228340148926 32.785831451416 32.7511672973633 32.7168350219727
32.7463340759277 32.816333770752 32.7948341369629 32.8308334350586 32.8391647338867 32.7468338012695 32.8816680908203 33.0851669311523 33.0006675720215 32.548168182373 32.2845001220703 32.6534996032715 32.5696678161621 32.3363342285156 32.0471649169922 32.0851669311523 31.8355007171631 31.7661666870117 31.7683334350586 31.6646671295166 31.7029991149902 32.1590003967285 32.290168762207 32.5644989013672 32.7436676025391 32.7958335876465 32.824333190918 32.8375015258789 32.8671646118164 32.8304977416992 32.8671646118164 32.8675003051758 32.7915000915527 32.7653350830078 32.78466796875 32.776668548584 32.8129997253418 32.8283309936523 32.796501159668 32.8023338317871 32.8230018615723 32.8196678161621 32.814998626709 32.7663345336914 32.7154998779297 32.7044982910156 32.7135009765625
32.727165222168 32.7456665039062 32.7738342285156 32.7224998474121 32.7571678161621 32.8084983825684 32.9533348083496 33.0380020141602 32.8916664123535 32.0906677246094 32.1063346862793 32.3115005493164 32.3626670837402 32.0076675415039 31.9006671905518 31.7820014953613 31.6773338317871 31.5890007019043 31.3743324279785 31.3973331451416 31.4080009460449 31.8470001220703 32.4034996032715 32.626335144043 32.7630004882812 32.8246650695801 32.8338317871094 32.8183326721191 32.7949981689453 32.8036651611328 32.8036651611328 32.8448333740234 32.785831451416 32.7200012207031 32.6910018920898 32.6736679077148 32.6866683959961 32.704833984375 32.7044982910156 32.7389984130859 32.7574996948242 32.7793350219727 32.7509994506836 32.6753349304199 32.6908340454102 32.7131652832031 32.6706657409668
32.6171646118164 32.6486663818359 32.6995010375977 32.7491645812988 32.6488342285156 32.8289985656738 32.9210014343262 33.0009994506836 32.7573318481445 31.9593334197998 31.8973331451416 31.9371662139893 32.0438346862793 31.6894989013672 31.4991664886475 31.3766670227051 31.2531661987305 31.2434997558594 31.2161655426025 31.3764991760254 32.2143325805664 31.9613342285156 32.5266647338867 32.675666809082 32.7663345336914 32.7933349609375 32.7765007019043 32.7828330993652 32.7411651611328 32.7426681518555 32.8773345947266 32.8581657409668 32.5721664428711 32.5728340148926 32.5791664123535 32.6736679077148 32.5974998474121 32.5963325500488 32.6459999084473 32.7243347167969 32.7545013427734 32.7373352050781 32.6785011291504 32.6619987487793 32.6853332519531 32.6100006103516 32.5335006713867
32.5654983520508 32.5869979858398 32.5883331298828 32.6748313903809 32.5384979248047 32.764331817627 32.8395004272461 32.9249992370605 32.9323348999023 32.0833320617676 31.8058338165283 31.6875 31.6406669616699 31.3640003204346 31.2789993286133 31.1446666717529 30.9458332061768 30.8993339538574 31.0748329162598 31.4408340454102 32.2308349609375 32.5200004577637 32.6526679992676 32.6936645507812 32.720832824707 32.7501678466797 32.7044982910156 32.6940002441406 32.7008323669434 32.7806663513184 32.865665435791 32.9031677246094 32.7029991149902 32.5 32.3946685791016 32.4618339538574 32.4765014648438 32.5169982910156 32.5946655273438 32.665168762207 32.6906661987305 32.707332611084 32.6515007019043 32.6360015869141 32.5771675109863 32.5180015563965 32.477668762207
32.4931678771973 32.5154991149902 32.4199981689453 32.5164985656738 32.5991668701172 32.6296653747559 32.7026672363281 32.7996673583984 32.9338340759277 32.7514991760254 31.7466659545898 31.42799949646 31.3201675415039 31.2293319702148 31.178165435791 30.9183349609375 30.8844985961914 30.8843326568604 31.033332824707 31.6048336029053 32.2891654968262 32.574333190918 32.6906661987305 32.7068328857422 32.7338333129883 32.7001647949219 32.6738319396973 32.6508331298828 32.6430015563965 32.6590003967285 32.724666595459 32.6484985351562 32.6040000915527 32.5703315734863 32.4641647338867 32.4329986572266 32.3896675109863 32.4194984436035 32.5110015869141 32.5441665649414 32.5953330993652 32.6526679992676 32.6071662902832 32.5728340148926 32.4908332824707 32.4358329772949 32.40966796875
32.4328346252441 32.4114990234375 32.4148330688477 32.3613319396973 32.445499420166 32.4898338317871 32.6074981689453 32.7133331298828 32.8834991455078 32.8406677246094 32.2890014648438 31.5271663665771 31.2199993133545 31.1338329315186 31.0338325500488 30.7805004119873 31.3530006408691 32.0369987487793 31.9420013427734 32.2413330078125 32.3004989624023 32.5023345947266 32.585334777832 32.6133346557617 32.6150016784668 32.6123313903809 32.595832824707 32.595832824707 32.5618324279785 32.5501670837402 32.5311660766602 32.3583335876465 32.3245010375977 32.3213348388672 32.3188323974609 32.3009986877441 32.2701683044434 32.3465003967285 32.4301681518555 32.46533203125 32.4678344726562 32.4959983825684 32.4744987487793 32.4435005187988 32.394832611084 32.4036674499512 32.4101676940918
32.3288345336914 32.3720016479492 32.371997833252 32.3256683349609 32.3858337402344 32.4309997558594 32.5574989318848 32.7630004882812 32.844165802002 32.7881660461426 32.6231689453125 32.1851654052734 31.7325000762939 31.4021663665771 30.9638328552246 31.1008338928223 31.5858345031738 31.9834995269775 32.1008338928223 32.2066650390625 32.2854995727539 32.4160003662109 32.4941673278809 32.5133323669434 32.531665802002 32.5179977416992 32.5381660461426 32.5309982299805 32.4718322753906 32.3906669616699 32.4296684265137 32.3639984130859 32.0778312683105 32.095832824707 32.1505012512207 32.1061668395996 32.1054992675781 32.1790008544922 32.2366676330566 32.2716674804688 32.3245010375977 32.355167388916 32.4130020141602 32.3956680297852 32.3470001220703 32.3938331604004 32.3253326416016
32.2108345031738 32.3089981079102 32.3093338012695 32.2751655578613 32.2828330993652 32.3834991455078 32.4436645507812 32.554500579834 32.7080001831055 32.6548347473145 32.2656669616699 31.2975006103516 31.7049999237061 32.0221672058105 31.6266670227051 31.4605007171631 31.7953338623047 32.0745010375977 32.1998329162598 31.8708343505859 32.2721672058105 32.3261680603027 32.4156684875488 32.4420013427734 32.4370002746582 32.3871650695801 32.3741683959961 32.3623352050781 32.2999992370605 32.1771659851074 32.1976661682129 32.1266670227051 32.0363311767578 31.8115005493164 31.867166519165 31.9253330230713 31.9720001220703 32.0179977416992 32.0696678161621 32.0685005187988 32.1604995727539 32.2265014648438 32.2978324890137 32.352165222168 32.3880004882812 32.3731651306152 32.2948341369629
32.0808334350586 32.2133331298828 32.1483345031738 32.1083335876465 32.1121673583984 32.1773338317871 32.1893310546875 32.2636642456055 32.4623336791992 32.4379997253418 32.2303352355957 31.2465000152588 31.5850009918213 31.9241676330566 32.0789985656738 31.2350006103516 31.4610004425049 31.8048324584961 31.9773330688477 32.1471672058105 32.3011665344238 32.377498626709 32.3509979248047 32.3120002746582 32.3201675415039 32.3175010681152 32.2488327026367 32.2534980773926 32.2688331604004 31.9831657409668 31.9860000610352 31.8626670837402 31.6909999847412 31.4703330993652 31.594165802002 31.69700050354 31.6590003967285 31.7299995422363 31.8465003967285 31.9355010986328 32.0200004577637 32.0893325805664 32.1585006713867 32.2186660766602 32.2386665344238 32.253833770752 32.2338333129883
31.9663333892822 31.9680004119873 31.8986663818359 31.9829998016357 32.1678352355957 32.2083320617676 32.2523345947266 32.2630004882812 32.3146667480469 32.4560012817383 32.3605003356934 31.5966663360596 31.3306655883789 31.492166519165 31.7185001373291 31.9656677246094 31.4483337402344 31.1616668701172 31.5953330993652 31.8326663970947 32.0248336791992 32.2188339233398 32.2098350524902 32.0908317565918 32.2000007629395 32.2490005493164 32.0485000610352 31.9553337097168 32.0504989624023 31.8305015563965 31.7854995727539 31.5103340148926 31.3080005645752 31.146333694458 31.3981666564941 31.4363327026367 31.4593334197998 31.5551662445068 31.6620006561279 31.7906665802002 31.8648338317871 31.94700050354 32.0139999389648 32.0218353271484 32.0106658935547 32.0309982299805 32.0698318481445
31.8705005645752 31.9973335266113 31.9776668548584 32.0056648254395 32.1754989624023 32.2540016174316 32.3096656799316 32.3484992980957 32.2088317871094 32.3330001831055 32.4355010986328 32.1773338317871 31.1380004882812 30.8770008087158 30.8634986877441 31.4761657714844 31.7284984588623 31.193000793457 31.6031665802002 31.7106666564941 31.8406658172607 32.0180015563965 32.058666229248 32.0453338623047 32.2038345336914 32.1536674499512 31.8754997253418 31.6928329467773 31.7338333129883 31.7451667785645 31.5771675109863 31.4446678161621 31.1569995880127 30.9151668548584 31.0453338623047 31.2206649780273 31.253833770752 31.3903331756592 31.5590000152588 31.646333694458 31.7448329925537 31.825834274292 31.9055004119873 31.9029998779297 31.9790000915527 31.9675006866455 31.9776668548584
