rasters/Mauritania_bio4.asc
NCOLS 147 
NROWS 151 
XLLCORNER -17.077428344 
YLLCORNER 14.734398972 
CELLSIZE 0.0833728927006803 
NODATA_value -3.4e+38 
[rows 63 to 83 of 151, columns 48 to 95 of 147]
527.249084472656 533.996704101562 538.2998046875 540.540161132812 543.365600585938 549.615661621094 553.151672363281 554.275939941406 552.767944335938 554.874633789062 555.095275878906 554.497985839844 564.881896972656 574.472717285156 580.080322265625 582.384643554688 586.022521972656 589.068420410156 592.233764648438 595.251892089844 597.486450195312 599.330383300781 602.387329101562 604.049926757812 605.812744140625 608.686340332031 610.928100585938 613.833801269531 615.888977050781 617.671630859375 618.992004394531 621.213806152344 623.967407226562 626.270935058594 627.707397460938 628.910888671875 630.5810546875 633.200805664062 635.363037109375 637.752258300781 639.778381347656 641.243530273438 642.740478515625 643.597351074219 645.172119140625 647.755920410156 649.477478027344 652.149597167969
527.126342773438 533.179748535156 538.134094238281 542.07568359375 544.399658203125 548.899291992188 551.738037109375 552.576538085938 551.993896484375 554.931091308594 554.730773925781 558.490295410156 571.833801269531 577.677551269531 580.125366210938 583.024353027344 585.786010742188 588.1796875 592.259887695312 595.659240722656 598.044250488281 599.86181640625 601.486938476562 604.206481933594 606.2490234375 608.332641601562 610.763732910156 613.08935546875 616.013549804688 617.622436523438 619.753967285156 621.721984863281 623.564819335938 625.871215820312 627.056396484375 628.125061035156 629.888977050781 631.9189453125 634.558959960938 636.855224609375 638.838134765625 639.357727050781 641.540893554688 642.567810058594 644.658020019531 647.568359375 649.758361816406 651.130249023438
527.35498046875 532.586730957031 536.425598144531 540.158447265625 542.727478027344 547.309020996094 549.925842285156 551.626220703125 553.712585449219 553.6640625 554.174011230469 564.773010253906 574.327514648438 578.43896484375 580.613220214844 583.534545898438 586.274658203125 589.695678710938 592.469909667969 594.994140625 597.535522460938 598.58837890625 600.566162109375 602.928161621094 604.856628417969 607.939392089844 609.644470214844 612.172424316406 614.684387207031 616.355773925781 619.376342773438 620.288879394531 621.835693359375 624.571960449219 626.181945800781 627.826293945312 629.221801757812 631.352172851562 633.279663085938 635.309020996094 636.469604492188 637.612426757812 639.282958984375 641.055603027344 643.786254882812 646.136840820312 648.967712402344 650.753112792969
528.402282714844 533.194091796875 536.236328125 538.449584960938 543.114929199219 548.850830078125 551.07373046875 551.873718261719 551.8681640625 551.757995605469 560.393920898438 570.69189453125 576.417236328125 579.169555664062 580.581176757812 583.618103027344 587.147033691406 590.231079101562 592.198974609375 594.718017578125 597.190185546875 598.002197265625 599.573181152344 602.014465332031 603.891784667969 605.597778320312 607.561828613281 610.070922851562 613.074157714844 613.616882324219 615.137145996094 615.893859863281 618.407592773438 622.285583496094 624.080810546875 624.178527832031 626.426818847656 629.110534667969 631.615051269531 633.971069335938 633.951904296875 635.489196777344 637.414367675781 640.474731445312 642.941589355469 644.309448242188 647.770263671875 649.620056152344
-3.4e+38 532.779174804688 535.800720214844 539.234069824219 545.486450195312 549.816223144531 550.398010253906 551.719543457031 552.351928710938 553.694091796875 564.387878417969 572.149291992188 575.648864746094 578.792358398438 581.237609863281 584.971313476562 587.617065429688 589.871276855469 591.689147949219 593.337463378906 595.624572753906 597.750244140625 599.565002441406 601.127746582031 603.399780273438 604.321899414062 605.648254394531 607.26025390625 609.615844726562 606.298278808594 606.391967773438 611.050659179688 614.225036621094 615.963928222656 614.721008300781 615.257263183594 617.629211425781 623.656860351562 628.803649902344 631.209045410156 632.677917480469 633.577026367188 635.181396484375 635.988952636719 636.47119140625 639.701232910156 644.505065917969 647.658142089844
-3.4e+38 534.035766601562 534.52978515625 539.557983398438 545.194152832031 547.532897949219 548.952270507812 552.267333984375 551.448181152344 557.916809082031 567.968505859375 573.811340332031 576.180480957031 577.670593261719 579.559143066406 581.853454589844 585.532287597656 588.916748046875 590.693725585938 592.059753417969 593.171752929688 593.013916015625 597.350524902344 599.623657226562 601.128723144531 601.790344238281 602.484008789062 602.7919921875 602.790710449219 599.881958007812 603.8515625 607.895874023438 610.46484375 613.044067382812 615.694274902344 619.968200683594 621.365295410156 621.183532714844 624.249877929688 628.496215820312 630.183654785156 632.037902832031 631.910400390625 633.368286132812 636.530944824219 639.601196289062 642.684387207031 645.594909667969
-3.4e+38 530.236145019531 533.332275390625 541.818115234375 548.134216308594 546.815368652344 548.484619140625 551.193298339844 552.491149902344 567.219116210938 575.312438964844 575.222106933594 575.15869140625 574.532348632812 574.0458984375 581.59814453125 582.310913085938 581.395263671875 587.85693359375 589.169738769531 584.105773925781 581.83349609375 585.412170410156 588.872314453125 590.75732421875 592.025451660156 594.89892578125 595.687255859375 598.497131347656 601.745727539062 607.846252441406 611.855834960938 614.483215332031 617.095886230469 619.089233398438 621.215270996094 622.859069824219 624.925354003906 626.775024414062 628.033752441406 629.388916015625 631.742919921875 633.853332519531 635.62646484375 637.943176269531 640.257995605469 641.721069335938 643.678771972656
-3.4e+38 528.619873046875 536.933898925781 545.183227539062 547.225952148438 547.423645019531 550.005920410156 551.253723144531 554.554077148438 569.87548828125 574.71533203125 575.763671875 573.91796875 568.301025390625 563.233581542969 568.434692382812 564.31640625 571.038208007812 574.570678710938 575.904968261719 575.800537109375 579.463745117188 583.695068359375 586.854553222656 588.943908691406 590.547119140625 593.615234375 596.098083496094 597.305786132812 605.55322265625 611.614135742188 612.352722167969 613.78125 615.737426757812 618.441223144531 621.197143554688 622.4912109375 624.625549316406 626.481628417969 626.251647949219 627.84912109375 630.46630859375 632.464904785156 634.636169433594 636.549499511719 637.570678710938 637.686767578125 639.476684570312
-3.4e+38 532.939880371094 541.014587402344 548.492736816406 550.517822265625 550.24658203125 552.725524902344 549.660827636719 560.138732910156 571.688354492188 574.162536621094 575.477844238281 572.128234863281 565.432556152344 563.172973632812 558.812438964844 566.187683105469 571.90576171875 573.22412109375 576.185363769531 578.138427734375 581.716369628906 584.750427246094 588.001037597656 590.150817871094 591.210632324219 592.67919921875 594.834289550781 598.704711914062 607.515014648438 610.08984375 611.79345703125 613.465087890625 615.971801757812 618.23486328125 619.452575683594 621.271362304688 622.570434570312 624.431518554688 625.755737304688 627.619934082031 630.282104492188 631.763916015625 632.352783203125 633.017028808594 634.013610839844 635.636535644531 636.677001953125
522.377807617188 537.664489746094 545.835754394531 554.702880859375 549.357177734375 550.438171386719 554.406005859375 550.749816894531 563.094177246094 572.271362304688 570.811584472656 566.914306640625 560.045654296875 557.469543457031 557.567138671875 564.309875488281 571.352783203125 570.119079589844 570.030822753906 569.948364257812 572.176940917969 574.459655761719 583.036560058594 588.576477050781 590.347290039062 591.77001953125 593.176086425781 598.12548828125 605.34619140625 609.011840820312 610.62060546875 611.957275390625 612.540588378906 614.258117675781 616.722351074219 618.779174804688 620.353210449219 621.609802246094 623.0634765625 624.652954101562 627.517395019531 629.309875488281 629.940795898438 630.238403320312 631.074279785156 632.542785644531 633.102478027344 635.493591308594
526.800903320312 540.079772949219 549.63427734375 553.850952148438 550.988708496094 555.919494628906 557.8486328125 553.690307617188 563.208984375 565.529846191406 559.763427734375 556.003967285156 554.41455078125 554.561828613281 558.034118652344 568.287353515625 571.270812988281 571.930603027344 570.255493164062 575.567199707031 579.057067871094 581.376586914062 579.887573242188 588.19873046875 590.280212402344 592.035400390625 594.822204589844 602.282775878906 606.029968261719 607.976196289062 609.243225097656 611.461486816406 611.774658203125 613.421081542969 615.55419921875 617.236328125 618.633544921875 619.774475097656 620.893249511719 623.816223144531 625.06982421875 626.893371582031 627.577026367188 628.478759765625 629.700805664062 630.645080566406 632.045715332031 636.064025878906
533.067321777344 544.919616699219 557.005249023438 559.94970703125 557.156860351562 565.1220703125 566.399658203125 558.892639160156 557.092163085938 555.136962890625 555.536743164062 556.709533691406 552.758666992188 557.055969238281 564.578063964844 570.378173828125 573.264099121094 574.927673339844 574.400939941406 578.426879882812 580.049560546875 583.174377441406 582.268249511719 587.467834472656 592.571472167969 597.836242675781 600.416381835938 603.3134765625 605.101440429688 606.555541992188 608.315856933594 608.811218261719 610.29638671875 612.106567382812 613.885986328125 615.056823730469 616.609069824219 617.48876953125 618.951293945312 620.944274902344 622.850891113281 624.165893554688 625.253051757812 625.906433105469 627.264221191406 628.456298828125 631.601501464844 634.3125
539.744934082031 552.218627929688 558.435852050781 559.413635253906 560.425048828125 564.039672851562 560.081359863281 554.380187988281 553.887451171875 554.871520996094 555.286315917969 555.572204589844 557.137268066406 560.663208007812 567.242248535156 572.119262695312 574.49365234375 576.035766601562 580.688415527344 581.981628417969 583.129150390625 584.176086425781 585.451293945312 589.808410644531 593.61083984375 598.37939453125 600.370788574219 601.880676269531 603.048645019531 604.96875 606.403381347656 607.449279785156 608.692504882812 610.526184082031 611.681823730469 612.590576171875 613.437744140625 615.369018554688 617.115173339844 618.774963378906 620.516845703125 621.594482421875 622.438598632812 622.635437011719 625.942504882812 627.709411621094 629.560424804688 631.050720214844
535.500915527344 546.644165039062 547.408325195312 545.72119140625 548.567504882812 552.255432128906 552.589477539062 551.513610839844 552.740661621094 552.162231445312 549.881896972656 557.21044921875 564.273254394531 567.411865234375 570.281555175781 573.2919921875 574.569274902344 576.807067871094 583.641906738281 587.346130371094 588.729125976562 588.418212890625 591.815734863281 594.640991210938 596.122680664062 596.980224609375 598.622741699219 599.585815429688 600.451599121094 602.749084472656 604.091003417969 604.994995117188 606.539672851562 607.504089355469 608.35302734375 609.2822265625 610.713317871094 612.534484863281 614.468872070312 616.412536621094 618.894226074219 620.188171386719 620.760620117188 620.590759277344 622.875793457031 625.397705078125 627.097534179688 627.443420410156
534.220092773438 539.412414550781 540.974853515625 542.924133300781 546.059814453125 551.359313964844 550.819091796875 551.599609375 552.172668457031 549.571166992188 555.180053710938 562.903137207031 566.044738769531 567.841125488281 569.724914550781 574.9072265625 579.179016113281 579.885375976562 578.875793457031 581.443908691406 587.013732910156 591.339538574219 594.829345703125 595.332153320312 595.673950195312 596.235534667969 597.714294433594 598.542846679688 599.351379394531 600.260620117188 601.445861816406 603.945495605469 604.983215332031 605.693176269531 606.144226074219 607.056396484375 608.777526855469 610.23779296875 613.000183105469 615.278686523438 617.249145507812 618.169677734375 618.603088378906 619.437072753906 620.565551757812 622.86376953125 624.274536132812 625.496948242188
530.538146972656 536.379638671875 539.034606933594 542.768188476562 547.766235351562 551.052612304688 550.8515625 551.85595703125 549.289123535156 554.134887695312 563.378723144531 565.081359863281 564.861877441406 567.398742675781 571.901428222656 577.166442871094 578.55224609375 581.911193847656 584.640380859375 588.093139648438 589.712463378906 592.119567871094 594.351318359375 593.087158203125 592.609985351562 593.841735839844 595.765075683594 596.087707519531 597.093688964844 598.458312988281 600.251220703125 602.168029785156 602.622497558594 602.235473632812 603.52783203125 604.705688476562 606.832763671875 608.683349609375 611.3447265625 613.044982910156 614.585571289062 615.753845214844 616.740966796875 617.388977050781 618.488464355469 620.473205566406 622.157348632812 623.104736328125
530.881774902344 536.377136230469 539.694458007812 542.80322265625 549.236450195312 550.537475585938 549.775451660156 549.997314453125 553.502380371094 559.331848144531 563.326049804688 565.894653320312 569.178771972656 574.003784179688 576.683410644531 580.955200195312 586.383544921875 588.096618652344 588.724182128906 588.681518554688 589.260559082031 591.371337890625 592.223571777344 591.239440917969 590.347839355469 592.068237304688 593.41748046875 594.210388183594 595.5888671875 596.814086914062 598.470458984375 599.592895507812 600.175170898438 600.521118164062 601.229187011719 603.123168945312 605.376647949219 606.8740234375 609.278747558594 611.56396484375 613.07421875 613.189025878906 613.668029785156 614.854675292969 616.613647460938 617.565002441406 619.213806152344 620.578125
530.999572753906 536.497680664062 536.948608398438 539.114929199219 546.327819824219 549.356140136719 548.081970214844 553.812194824219 559.210998535156 564.847351074219 569.334350585938 574.225524902344 579.727905273438 583.614196777344 582.691711425781 590.538757324219 592.981262207031 590.768737792969 589.049499511719 587.455871582031 589.068603515625 590.569152832031 589.446228027344 588.744140625 588.226867675781 589.239379882812 590.824096679688 591.755493164062 592.603698730469 594.4248046875 595.868225097656 597.14306640625 597.888977050781 598.988159179688 599.861999511719 601.100524902344 602.705749511719 604.608642578125 607.436889648438 609.301818847656 610.522827148438 611.134399414062 610.822509765625 611.722473144531 613.556213378906 614.722839355469 615.891418457031 617.67333984375
528.811157226562 531.768859863281 533.115051269531 537.559631347656 543.096008300781 548.917236328125 551.643127441406 555.785766601562 563.579284667969 569.012878417969 574.712036132812 579.432861328125 586.340942382812 588.169067382812 586.79931640625 588.90625 591.539916992188 589.398010253906 587.032165527344 586.590881347656 587.200134277344 587.191528320312 587.086303710938 586.06103515625 585.315307617188 586.174072265625 588.228515625 589.183837890625 590.398254394531 592.211120605469 593.352966308594 594.287536621094 596.073974609375 597.302490234375 598.052124023438 598.681945800781 601.457763671875 603.134643554688 604.702209472656 606.455322265625 607.348937988281 607.898132324219 608.375732421875 609.686279296875 610.904235839844 612.495727539062 612.950927734375 613.674926757812
524.755554199219 529.618713378906 536.107788085938 541.444580078125 545.468933105469 551.566040039062 556.775451660156 562.597595214844 568.717163085938 576.419677734375 581.442077636719 584.478210449219 587.154296875 588.333190917969 587.161865234375 588.443115234375 589.144470214844 586.752990722656 584.371826171875 583.640563964844 584.389953613281 584.228576660156 583.667907714844 583.018493652344 582.654663085938 584.371826171875 585.934448242188 587.211608886719 588.961853027344 589.941589355469 591.334838867188 592.9736328125 594.252746582031 596.374267578125 597.6865234375 598.622863769531 600.26220703125 601.480590820312 603.101806640625 604.267211914062 604.739013671875 605.284851074219 606.071350097656 607.237121582031 608.670349121094 609.546020507812 609.827209472656 610.783508300781
520.691833496094 527.992858886719 535.26171875 542.048034667969 548.411926269531 556.963989257812 563.030456542969 572.029296875 577.976684570312 582.718933105469 583.597229003906 584.313171386719 587.190734863281 588.116638183594 588.362487792969 587.988586425781 586.851135253906 583.601806640625 581.716796875 582.644653320312 583.115112304688 580.612548828125 579.686218261719 580.432312011719 581.599487304688 582.553833007812 584.347229003906 586.325561523438 587.364135742188 589.332885742188 590.445861816406 592.447937011719 594.371704101562 595.739074707031 598.127563476562 599.421325683594 599.202392578125 600.413208007812 600.719787597656 600.819641113281 600.961791992188 602.1826171875 603.648376464844 605.295532226562 606.538146972656 605.884826660156 605.923522949219 607.333862304688
