rasters/Mauritania_bio12.asc
NCOLS 147 
NROWS 151 
XLLCORNER -17.077428344 
YLLCORNER 14.734398972 
CELLSIZE 0.0833728927006803 
NODATA_value -3.4e+38 
[rows 84 to 125 of 151, columns 0 to 94 of 147]
-3.4e+38 -3.4e+38 -3.4e+38 -3.4e+38 -3.4e+38 -3.4e+38 -3.4e+38 -3.4e+38 -3.4e+38 -3.4e+38 33 32 33 34 34 36 36 36 37 37 38 41 43 43 43 42 43 46 45 46 47 48 48 50 49 50 52 52 53 53 54 54 55 56 56 57 59 65 67 65 64 69 67 67 63 61 59 57 56 55 55 52 51 50 49 49 48 48 47 47 47 47 45 44 43 43 43 43 43 43 42 42 41 41 40 40 38 38 37 37 38 37 37 37 37
-3.4e+38 -3.4e+38 -3.4e+38 -3.4e+38 -3.4e+38 -3.4e+38 -3.4e+38 -3.4e+38 -3.4e+38 -3.4e+38 -3.4e+38 34 33 33 34 36 36 39 38 40 40 40 42 42 42 43 45 46 48 48 47 49 49 50 51 51 50 53 53 53 56 56 56 56 57 57 58 68 67 67 67 67 65 65 63 61 60 59 58 55 53 53 52 51 51 50 47 47 47 48 49 46 47 46 45 44 43 43 43 44 44 44 42 41 41 41 39 39 38 37 37 37 37 37 36
-3.4e+38 -3.4e+38 -3.4e+38 -3.4e+38 -3.4e+38 -3.4e+38 -3.4e+38 -3.4e+38 -3.4e+38 -3.4e+38 37 33 33 34 35 36 39 38 40 40 40 41 43 42 43 44 46 48 48 50 50 49 49 51 52 52 52 52 54 56 56 56 57 57 57 66 65 65 63 69 68 68 68 65 63 62 61 60 59 55 54 53 53 52 52 50 48 47 47 48 49 48 48 48 46 45 45 46 45 44 43 44 44 44 41 41 40 40 40 39 38 38 38 37 37
-3.4e+38 -3.4e+38 -3.4e+38 -3.4e+38 -3.4e+38 -3.4e+38 -3.4e+38 -3.4e+38 -3.4e+38 -3.4e+38 33 33 35 35 35 39 38 39 39 42 42 42 43 45 45 47 49 50 49 49 49 49 51 52 52 52 55 54 54 57 57 57 57 65 64 62 64 61 62 66 68 69 66 65 63 64 63 62 59 58 55 55 54 52 51 50 49 49 49 51 52 50 50 50 49 48 48 47 46 46 46 45 43 42 42 41 40 40 40 40 40 40 39 39 38
-3.4e+38 -3.4e+38 -3.4e+38 -3.4e+38 -3.4e+38 -3.4e+38 -3.4e+38 -3.4e+38 -3.4e+38 -3.4e+38 35 35 35 36 38 37 39 40 40 42 42 44 45 46 48 50 49 49 49 49 49 50 52 52 54 55 55 55 56 56 57 57 63 63 62 62 67 66 64 66 65 65 66 66 66 66 66 63 61 59 57 56 55 54 52 51 52 52 52 52 53 51 51 52 51 51 48 48 48 48 47 46 46 44 42 41 41 41 41 40 40 40 40 40 40
-3.4e+38 -3.4e+38 -3.4e+38 -3.4e+38 -3.4e+38 -3.4e+38 -3.4e+38 -3.4e+38 -3.4e+38 -3.4e+38 37 36 37 37 38 40 40 40 41 42 43 44 48 48 49 49 49 48 49 50 50 49 52 53 55 56 56 55 56 56 58 59 61 65 63 64 67 66 65 64 67 68 66 66 68 67 67 64 63 60 59 59 57 57 54 54 54 53 56 55 53 53 52 52 51 51 51 51 49 48 47 48 47 47 44 42 41 41 41 41 41 41 41 41 39
-3.4e+38 -3.4e+38 -3.4e+38 -3.4e+38 -3.4e+38 -3.4e+38 -3.4e+38 -3.4e+38 41 -3.4e+38 39 37 38 40 40 40 40 42 42 44 46 47 48 48 48 49 50 50 49 49 49 50 54 54 57 57 58 59 58 58 59 61 63 63 63 66 66 68 65 64 65 65 68 68 65 67 65 62 62 61 60 60 60 56 56 56 55 55 55 56 56 54 54 52 52 52 52 51 50 50 49 48 48 46 45 44 44 42 44 41 41 41 41 41 40
-3.4e+38 -3.4e+38 -3.4e+38 -3.4e+38 -3.4e+38 -3.4e+38 -3.4e+38 -3.4e+38 39 49 38 38 40 39 41 41 42 43 44 44 46 48 48 48 49 49 51 50 50 50 52 54 55 56 56 59 59 60 61 62 62 62 63 62 65 67 65 65 64 64 64 66 67 67 66 67 66 64 64 61 62 61 61 58 58 59 57 57 57 56 56 56 56 55 54 53 52 52 52 51 50 50 49 47 46 44 44 44 44 44 43 42 41 41 41
-3.4e+38 -3.4e+38 -3.4e+38 -3.4e+38 -3.4e+38 -3.4e+38 -3.4e+38 -3.4e+38 -3.4e+38 41 38 41 41 40 42 43 45 47 47 47 48 47 48 50 50 50 51 50 51 54 55 55 56 57 58 60 60 62 63 62 62 64 64 64 65 66 66 65 65 65 65 66 68 65 65 66 67 66 65 62 63 62 61 61 60 59 59 60 59 59 58 58 58 57 56 55 54 54 53 53 52 50 50 48 47 46 45 45 44 44 44 44 43 43 42
-3.4e+38 -3.4e+38 -3.4e+38 -3.4e+38 -3.4e+38 -3.4e+38 -3.4e+38 -3.4e+38 53 -3.4e+38 41 41 42 43 43 48 48 49 47 47 48 49 51 50 51 50 52 52 53 53 54 56 57 60 60 62 64 64 64 63 63 64 68 69 68 68 68 69 68 68 68 68 67 68 68 67 66 65 65 65 64 64 64 59 61 61 62 62 61 61 61 60 59 59 59 57 56 55 55 55 53 52 50 50 48 47 48 46 45 45 45 44 44 44 42
-3.4e+38 -3.4e+38 -3.4e+38 -3.4e+38 -3.4e+38 -3.4e+38 -3.4e+38 53 -3.4e+38 44 43 43 43 47 47 47 47 49 49 49 51 51 52 53 52 52 52 52 54 54 58 58 60 61 63 64 64 65 63 66 66 67 70 71 71 70 70 70 70 71 71 70 71 70 69 68 67 67 65 65 66 67 65 64 64 64 65 64 63 63 63 61 60 60 60 58 58 58 56 55 55 54 52 50 49 49 48 49 48 45 45 46 46 46 44
-3.4e+38 -3.4e+38 -3.4e+38 -3.4e+38 -3.4e+38 -3.4e+38 -3.4e+38 45 44 44 44 45 47 47 48 49 50 49 49 51 51 53 54 53 53 53 53 53 54 57 58 60 63 64 64 64 65 66 66 67 67 70 71 72 72 72 72 73 73 71 75 73 72 73 72 70 70 70 69 69 68 68 67 67 64 67 67 65 64 64 64 63 63 63 61 59 59 59 58 57 56 55 55 52 51 50 49 49 49 49 49 48 48 46 46
-3.4e+38 -3.4e+38 -3.4e+38 -3.4e+38 -3.4e+38 -3.4e+38 -3.4e+38 57 45 46 46 46 50 49 50 50 51 51 51 52 54 54 53 54 55 54 54 56 57 57 61 63 64 65 66 65 67 67 67 67 72 73 74 75 75 75 75 73 73 75 75 75 73 73 76 74 74 74 73 72 71 69 68 69 67 69 67 67 68 69 68 65 65 65 64 61 61 59 59 59 57 56 54 54 53 52 51 50 49 49 49 49 49 47 47
-3.4e+38 -3.4e+38 -3.4e+38 -3.4e+38 -3.4e+38 -3.4e+38 -3.4e+38 -3.4e+38 -3.4e+38 50 49 50 50 54 51 51 53 53 54 55 55 55 55 55 57 57 57 57 60 62 64 64 64 65 67 67 67 70 70 73 74 76 76 76 75 76 77 76 75 77 79 79 78 76 78 76 79 78 75 76 73 71 70 73 72 68 70 70 69 70 70 69 68 67 66 64 63 62 61 60 59 58 57 56 54 54 53 52 51 50 50 50 50 48 48
-3.4e+38 -3.4e+38 -3.4e+38 -3.4e+38 -3.4e+38 -3.4e+38 -3.4e+38 -3.4e+38 -3.4e+38 -3.4e+38 50 49 54 53 52 53 54 54 56 56 57 58 58 59 60 58 59 61 61 64 65 65 67 68 68 70 70 71 76 76 77 78 79 78 78 78 79 80 78 80 80 81 81 78 79 78 80 80 78 76 76 76 75 73 71 73 73 73 73 73 73 71 71 70 68 66 64 63 63 62 61 58 57 56 56 56 54 54 54 54 52 51 49 49 49
-3.4e+38 -3.4e+38 -3.4e+38 -3.4e+38 -3.4e+38 -3.4e+38 -3.4e+38 -3.4e+38 -3.4e+38 -3.4e+38 54 53 53 53 53 53 54 53 56 58 58 61 61 62 62 62 63 64 64 65 67 68 68 71 71 71 71 75 77 79 80 80 80 80 79 80 82 83 81 83 84 83 83 84 81 80 81 82 82 80 78 79 75 75 76 75 74 76 76 76 76 74 73 72 69 67 67 66 66 63 63 62 61 57 57 57 56 56 55 54 54 54 52 52 52
-3.4e+38 -3.4e+38 -3.4e+38 -3.4e+38 -3.4e+38 -3.4e+38 -3.4e+38 -3.4e+38 -3.4e+38 -3.4e+38 -3.4e+38 55 53 53 53 56 54 56 58 60 61 62 63 65 64 65 65 66 66 68 70 72 73 73 73 75 77 79 80 80 80 82 82 82 82 84 86 85 85 87 86 86 86 85 88 88 85 85 82 81 80 78 79 79 81 80 79 79 79 79 77 76 76 75 73 72 71 68 67 67 65 64 63 63 60 58 58 57 56 56 55 54 53 53 52
-3.4e+38 -3.4e+38 -3.4e+38 -3.4e+38 -3.4e+38 -3.4e+38 -3.4e+38 -3.4e+38 -3.4e+38 -3.4e+38 -3.4e+38 55 55 55 56 56 57 58 61 61 63 64 65 67 67 67 66 69 69 71 73 73 75 76 76 78 80 81 81 84 83 84 86 86 87 88 88 88 88 88 88 88 88 89 90 90 89 87 85 83 83 84 85 84 84 84 83 83 83 82 81 78 77 76 75 74 74 72 71 69 67 67 67 64 63 61 60 58 58 58 56 56 55 55 55
-3.4e+38 -3.4e+38 -3.4e+38 -3.4e+38 -3.4e+38 -3.4e+38 -3.4e+38 -3.4e+38 -3.4e+38 -3.4e+38 -3.4e+38 58 55 56 57 58 61 62 62 65 67 67 67 68 68 68 71 72 74 74 75 77 79 79 79 81 80 82 83 84 87 88 88 90 90 90 90 92 91 91 90 92 92 93 93 93 92 90 88 86 87 91 89 88 85 88 89 87 85 85 84 84 81 79 80 80 78 77 75 72 71 68 67 66 65 62 61 61 60 59 59 56 56 56 56
-3.4e+38 -3.4e+38 -3.4e+38 -3.4e+38 -3.4e+38 -3.4e+38 -3.4e+38 -3.4e+38 -3.4e+38 -3.4e+38 -3.4e+38 59 58 58 59 62 62 63 64 65 68 68 68 70 71 71 74 74 74 78 79 80 80 80 80 83 85 84 87 87 89 90 92 93 93 93 94 95 95 95 94 98 96 97 97 97 94 93 94 95 95 95 95 93 93 91 89 91 89 89 88 86 87 85 85 82 81 79 79 75 74 72 68 66 66 64 62 62 61 62 61 60 58 58 58
-3.4e+38 -3.4e+38 -3.4e+38 -3.4e+38 -3.4e+38 -3.4e+38 -3.4e+38 -3.4e+38 -3.4e+38 -3.4e+38 -3.4e+38 70 59 59 60 62 64 63 66 68 70 71 71 73 73 74 76 77 79 80 81 81 82 83 85 87 88 87 88 91 91 93 93 94 95 96 96 97 99 99 100 100 100 100 100 100 98 97 102 100 98 100 98 97 97 95 94 93 92 92 95 92 90 89 89 88 84 83 81 79 78 76 75 71 70 66 66 63 62 63 62 60 60 60 60
-3.4e+38 -3.4e+38 -3.4e+38 -3.4e+38 -3.4e+38 -3.4e+38 -3.4e+38 -3.4e+38 -3.4e+38 -3.4e+38 -3.4e+38 -3.4e+38 66 62 63 64 64 66 69 71 71 72 74 75 76 77 79 81 81 82 83 84 86 87 88 89 91 92 92 93 95 95 95 96 97 98 99 99 101 102 103 102 102 103 104 104 101 104 107 106 104 103 101 101 101 100 99 96 96 95 97 97 96 94 92 89 89 87 83 83 80 79 78 75 70 68 67 64 63 61 62 64 63 64 61
-3.4e+38 -3.4e+38 -3.4e+38 -3.4e+38 -3.4e+38 -3.4e+38 -3.4e+38 -3.4e+38 -3.4e+38 -3.4e+38 -3.4e+38 -3.4e+38 72 64 64 66 67 68 73 74 74 75 77 77 79 80 81 83 84 85 87 88 89 89 91 93 93 94 95 95 97 97 98 99 100 102 102 102 105 104 105 107 108 108 108 106 106 108 108 109 107 106 104 105 103 101 102 101 100 100 100 100 100 98 96 94 92 90 88 87 83 76 73 73 73 72 71 69 66 64 61 64 65 64 65
-3.4e+38 -3.4e+38 -3.4e+38 -3.4e+38 -3.4e+38 -3.4e+38 -3.4e+38 -3.4e+38 -3.4e+38 -3.4e+38 -3.4e+38 -3.4e+38 74 66 68 68 70 74 75 77 78 80 80 82 83 83 85 87 88 88 89 91 91 92 93 96 96 99 99 101 101 101 102 103 104 105 106 106 109 110 110 113 112 112 112 112 109 110 111 113 113 111 110 109 107 108 108 109 109 108 106 104 104 103 100 92 84 83 91 90 84 82 81 79 77 76 73 72 70 68 63 59 59 61 61
-3.4e+38 -3.4e+38 -3.4e+38 -3.4e+38 -3.4e+38 -3.4e+38 -3.4e+38 -3.4e+38 -3.4e+38 -3.4e+38 -3.4e+38 -3.4e+38 79 71 71 77 79 81 80 81 83 83 84 84 87 87 88 90 89 92 92 95 96 96 97 98 100 101 103 103 105 105 106 107 108 110 110 112 114 114 115 115 116 115 117 118 112 117 118 116 116 116 114 112 114 114 113 113 113 111 109 107 99 98 91 86 85 85 84 82 85 84 84 82 81 79 79 74 72 70 69 64 64 64 66
-3.4e+38 -3.4e+38 -3.4e+38 -3.4e+38 -3.4e+38 -3.4e+38 -3.4e+38 -3.4e+38 -3.4e+38 -3.4e+38 -3.4e+38 -3.4e+38 85 78 80 82 83 83 85 84 86 86 87 88 88 91 91 92 93 95 96 97 99 99 101 101 104 104 107 107 108 109 112 113 114 114 115 116 118 118 117 118 119 122 121 121 118 122 123 122 123 121 120 119 121 120 119 118 116 114 111 100 98 99 98 97 96 95 94 90 90 90 87 86 85 83 82 78 78 74 72 71 70 71 72
-3.4e+38 -3.4e+38 -3.4e+38 -3.4e+38 -3.4e+38 -3.4e+38 -3.4e+38 -3.4e+38 -3.4e+38 -3.4e+38 -3.4e+38 -3.4e+38 -3.4e+38 81 83 86 86 88 88 89 87 90 91 92 94 93 95 94 97 97 99 100 102 104 104 104 108 109 111 111 112 114 115 116 118 119 119 120 121 121 123 123 123 123 124 125 123 123 125 126 126 125 125 125 125 125 123 122 119 119 112 110 107 107 106 102 101 100 99 97 96 96 92 91 88 87 84 82 82 80 77 76 75 75 76
-3.4e+38 -3.4e+38 -3.4e+38 -3.4e+38 -3.4e+38 -3.4e+38 -3.4e+38 -3.4e+38 -3.4e+38 -3.4e+38 -3.4e+38 -3.4e+38 -3.4e+38 84 87 89 90 91 92 93 93 94 94 97 99 97 97 98 98 99 100 103 106 107 108 109 112 113 115 115 116 117 117 119 123 122 124 126 127 126 127 127 128 128 128 128 131 129 131 130 128 128 128 130 128 125 124 116 114 113 113 112 112 111 110 109 105 105 103 101 100 99 98 96 92 89 88 87 85 85 82 82 82 79 79
-3.4e+38 -3.4e+38 -3.4e+38 -3.4e+38 -3.4e+38 -3.4e+38 -3.4e+38 -3.4e+38 -3.4e+38 -3.4e+38 -3.4e+38 -3.4e+38 -3.4e+38 88 90 92 95 95 96 96 98 98 99 99 100 101 101 102 103 104 103 108 110 111 111 112 114 117 119 120 121 120 121 126 128 129 129 129 129 128 128 130 132 132 133 133 137 138 130 131 132 132 133 135 132 130 127 125 123 121 120 116 115 115 114 112 110 109 107 107 104 103 102 101 96 95 92 91 89 88 87 87 87 86 84
-3.4e+38 -3.4e+38 -3.4e+38 -3.4e+38 -3.4e+38 -3.4e+38 -3.4e+38 -3.4e+38 -3.4e+38 -3.4e+38 -3.4e+38 -3.4e+38 -3.4e+38 91 93 95 97 99 98 98 101 104 104 103 103 102 103 105 107 105 108 110 112 115 115 119 120 121 123 123 124 127 129 131 131 133 133 133 133 134 134 134 136 136 137 137 137 141 132 130 131 134 132 135 134 132 132 132 130 126 127 124 124 122 119 118 115 114 113 113 112 109 108 106 104 101 98 96 94 93 92 91 91 90 89
-3.4e+38 -3.4e+38 -3.4e+38 -3.4e+38 -3.4e+38 -3.4e+38 -3.4e+38 -3.4e+38 -3.4e+38 -3.4e+38 -3.4e+38 -3.4e+38 -3.4e+38 95 98 98 100 102 103 102 103 104 105 106 108 109 110 109 110 109 112 113 116 117 119 122 125 126 128 128 129 133 133 134 134 135 137 137 137 139 139 136 137 139 138 138 136 138 137 138 135 136 135 136 138 137 139 138 138 133 131 130 128 127 125 123 120 120 120 119 119 116 115 111 110 107 105 103 102 98 98 96 96 96 95
-3.4e+38 -3.4e+38 -3.4e+38 -3.4e+38 -3.4e+38 -3.4e+38 -3.4e+38 -3.4e+38 -3.4e+38 -3.4e+38 -3.4e+38 -3.4e+38 99 100 100 102 103 106 106 106 106 108 108 109 113 114 115 114 114 113 117 118 118 120 124 125 129 132 131 133 135 136 138 138 140 141 142 140 141 142 141 140 141 140 136 138 139 141 138 138 138 140 139 141 140 141 142 142 137 138 134 132 131 131 130 129 125 125 124 123 123 122 120 119 117 113 112 108 106 104 104 103 103 102 101
-3.4e+38 -3.4e+38 -3.4e+38 -3.4e+38 -3.4e+38 -3.4e+38 -3.4e+38 -3.4e+38 -3.4e+38 -3.4e+38 -3.4e+38 -3.4e+38 102 103 104 106 108 108 110 110 111 112 113 115 115 116 117 118 118 117 121 121 122 124 129 130 132 132 136 138 139 139 141 142 144 144 144 147 148 148 145 142 143 138 136 139 140 141 139 140 145 145 147 147 147 150 150 149 148 140 136 135 134 133 134 132 131 129 128 129 128 128 124 123 121 120 120 115 113 112 109 108 108 107 107
-339999999999999996123846586046231871488.000000000000000 -3.4e+38 -3.4e+38 -3.4e+38 -3.4e+38 -3.4e+38 -3.4e+38 -3.4e+38 -3.4e+38 -3.4e+38 -3.4e+38 -3.4e+38 108 108 108 111 113 114 115 114 116 117 118 118 119 122 120 121 122 122 124 125 127 129 131 133 137 139 142 142 144 146 146 149 149 148 152 155 155 152 149 145 143 139 134 134 142 142 143 144 147 152 154 153 156 158 154 142 151 141 140 140 139 138 138 136 137 136 137 136 137 134 130 131 128 126 126 125 122 121 118 117 116 115 112
-3.4e+38 -3.4e+38 -3.4e+38 -3.4e+38 -3.4e+38 -3.4e+38 -3.4e+38 -3.4e+38 -3.4e+38 -3.4e+38 -3.4e+38 -3.4e+38 111 113 114 115 118 119 120 120 122 122 124 124 126 127 128 128 126 128 132 131 132 136 138 139 141 144 147 148 149 151 151 153 155 156 156 158 155 154 152 151 147 141 138 132 139 146 149 150 155 157 158 161 163 161 159 149 148 146 146 145 145 146 144 144 142 142 141 142 141 141 137 136 134 132 130 130 129 127 127 125 125 123 121
-3.4e+38 -3.4e+38 -3.4e+38 -3.4e+38 -3.4e+38 -3.4e+38 -3.4e+38 -3.4e+38 -3.4e+38 -3.4e+38 -3.4e+38 116 115 118 121 122 124 124 126 126 127 129 131 133 132 133 133 132 133 133 135 137 140 142 143 144 148 149 152 153 155 158 157 157 161 161 161 163 162 160 157 153 151 146 141 135 131 145 152 158 160 161 165 166 168 167 161 155 151 152 150 150 151 151 150 148 149 148 148 150 146 145 143 141 140 139 137 137 133 133 132 132 131 129 129
-3.4e+38 -3.4e+38 -3.4e+38 -3.4e+38 -3.4e+38 -3.4e+38 -3.4e+38 -3.4e+38 -3.4e+38 -3.4e+38 -3.4e+38 117 121 122 124 128 129 130 130 131 134 136 137 138 138 142 141 143 138 139 142 145 150 149 150 152 153 155 156 159 161 162 163 163 164 166 168 166 165 163 163 158 154 152 144 140 136 136 152 162 164 163 169 166 155 157 161 161 158 157 156 157 157 158 157 156 154 156 159 159 159 156 152 150 147 145 144 142 139 139 140 138 136 133 135
-3.4e+38 -3.4e+38 -3.4e+38 -3.4e+38 -3.4e+38 -3.4e+38 -3.4e+38 -3.4e+38 -3.4e+38 -3.4e+38 -3.4e+38 123 127 128 131 134 136 137 139 141 141 143 145 148 152 153 152 148 152 149 150 152 154 155 158 158 159 161 162 163 166 167 169 168 168 170 172 171 169 169 167 163 159 156 153 147 144 144 147 154 164 167 167 165 167 166 166 168 165 164 164 163 165 163 163 162 164 163 164 165 166 164 162 161 156 153 150 148 147 145 145 143 143 141 139
-3.4e+38 -3.4e+38 -3.4e+38 -3.4e+38 -3.4e+38 -3.4e+38 -3.4e+38 -3.4e+38 -3.4e+38 -3.4e+38 133 128 132 137 140 142 145 146 144 146 149 151 156 164 164 155 155 158 163 160 163 161 161 164 163 164 166 167 171 170 172 172 172 172 176 178 176 176 176 175 171 168 166 162 159 155 154 154 163 161 161 161 170 171 168 168 171 171 168 170 169 169 168 165 169 167 170 171 171 171 172 172 170 168 166 160 159 156 154 152 152 150 150 149 148
-3.4e+38 -3.4e+38 -3.4e+38 -3.4e+38 -3.4e+38 -3.4e+38 -3.4e+38 -3.4e+38 -3.4e+38 -3.4e+38 146 136 140 143 146 149 154 154 154 156 159 159 160 163 163 165 168 165 178 180 173 168 169 171 172 170 172 173 174 177 179 178 179 181 183 183 184 182 182 181 175 175 172 172 168 165 164 161 169 169 169 169 177 179 178 178 176 175 177 177 175 175 175 174 174 174 179 179 181 180 182 179 175 174 175 169 165 162 161 159 157 155 155 154 154
-3.4e+38 -3.4e+38 -3.4e+38 -3.4e+38 -3.4e+38 -3.4e+38 -3.4e+38 -3.4e+38 -3.4e+38 148 148 143 145 147 152 156 159 163 161 164 173 167 167 173 186 178 187 186 183 186 179 178 177 176 178 179 181 181 182 186 185 185 187 189 186 185 187 188 187 185 182 181 184 181 179 178 175 172 173 178 177 179 178 178 188 186 181 182 181 183 183 183 182 183 186 185 188 185 189 191 189 185 184 184 180 175 171 169 168 167 164 162 162 161 162
-3.4e+38 -3.4e+38 -3.4e+38 -3.4e+38 -3.4e+38 -3.4e+38 -3.4e+38 -3.4e+38 -3.4e+38 155 145 148 150 155 158 162 167 168 169 172 178 180 182 189 197 202 200 199 204 189 185 185 187 186 186 185 188 188 189 191 191 193 194 193 194 194 195 193 191 189 190 189 193 189 190 188 182 181 178 185 190 191 189 183 189 189 187 188 191 191 193 191 189 188 193 193 193 194 192 197 197 194 189 189 187 182 178 176 175 173 172 170 168 169 169
