rasters/Mauritania_bio10.asc
NCOLS 147 
NROWS 151 
XLLCORNER -17.077428344 
YLLCORNER 14.734398972 
CELLSIZE 0.0833728927006803 
NODATA_value -3.4e+38 
[rows 21 to 41 of 151, columns 47 to 93 of 147]
-3.4e+38 -3.4e+38 -3.4e+38 -3.4e+38 -3.4e+38 -3.4e+38 -3.4e+38 -3.4e+38 -3.4e+38 -3.4e+38 -3.4e+38 -3.4e+38 -3.4e+38 -3.4e+38 29.5778331756592 29.7616672515869 30.0378341674805 30.1146659851074 30.1126670837402 30.208833694458 30.1743335723877 30.3234996795654 30.6713333129883 30.9956665039062 31.1963329315186 31.1758327484131 31.0590000152588 31.1613330841064 31.3578338623047 31.5089988708496 31.570499420166 31.6849994659424 31.8134994506836 31.8703346252441 31.9891662597656 32.0666656494141 32.1613311767578 32.2726669311523 32.3009986877441 32.4039993286133 32.6101684570312 32.9876670837402 33.1326675415039 33.2766647338867 33.4565010070801 33.6161651611328 33.7026672363281
-3.4e+38 -3.4e+38 -3.4e+38 -3.4e+38 -3.4e+38 -3.4e+38 -3.4e+38 -3.4e+38 -3.4e+38 -3.4e+38 -3.4e+38 -3.4e+38 -3.4e+38 -3.4e+38 29.6105003356934 29.8135013580322 30.1653327941895 30.3938331604004 30.3899993896484 30.5428333282471 30.5638332366943 30.7014999389648 30.9471664428711 31.2493324279785 31.4261665344238 31.6163330078125 31.4036674499512 31.4055004119873 31.5960006713867 31.6628341674805 31.7468338012695 31.8561668395996 31.949333190918 32.0234985351562 32.0776672363281 32.1995010375977 32.2921676635742 32.3901672363281 32.4713325500488 32.6166648864746 32.6805000305176 33.0698318481445 33.3001670837402 33.3990020751953 33.5168342590332 33.6619987487793 33.752498626709
-3.4e+38 -3.4e+38 -3.4e+38 -3.4e+38 -3.4e+38 -3.4e+38 -3.4e+38 -3.4e+38 -3.4e+38 -3.4e+38 -3.4e+38 -3.4e+38 -3.4e+38 -3.4e+38 29.7298336029053 30.0380001068115 30.4401664733887 30.7674999237061 30.9433326721191 30.9436664581299 31.0313339233398 31.0508346557617 31.2453327178955 31.4713325500488 31.6268348693848 31.8256683349609 31.7336654663086 31.6555004119873 31.7658348083496 31.7388324737549 31.9056663513184 32.0493316650391 32.1426658630371 32.2681655883789 32.3866653442383 32.3491668701172 32.5709991455078 32.5386657714844 32.6095008850098 32.7988319396973 32.9178314208984 33.1903343200684 33.4973335266113 33.5843353271484 33.6136665344238 33.6656684875488 33.7298355102539
-3.4e+38 -3.4e+38 -3.4e+38 -3.4e+38 -3.4e+38 -3.4e+38 -3.4e+38 -3.4e+38 -3.4e+38 -3.4e+38 -3.4e+38 -3.4e+38 -3.4e+38 -3.4e+38 30.0456657409668 30.3178329467773 30.7285003662109 31.0855007171631 31.2744998931885 31.3018341064453 31.253999710083 31.3500003814697 31.5543327331543 31.7255001068115 31.8388328552246 31.8575000762939 31.8540000915527 31.8731670379639 31.9383335113525 32.0241661071777 32.0953330993652 32.2633323669434 32.389331817627 32.5670013427734 32.6271667480469 32.5579986572266 32.7596664428711 32.761833190918 32.7988319396973 32.9850006103516 33.1301651000977 33.2854995727539 33.530834197998 33.6071662902832 33.6708335876465 33.6669998168945 33.7256660461426
-3.4e+38 -3.4e+38 -3.4e+38 -3.4e+38 -3.4e+38 -3.4e+38 -3.4e+38 -3.4e+38 -3.4e+38 -3.4e+38 -3.4e+38 -3.4e+38 -3.4e+38 -3.4e+38 30.4103336334229 30.611499786377 30.9558334350586 31.171667098999 31.3314990997314 31.4546661376953 31.6363334655762 31.628999710083 31.7738342285156 31.9496669769287 32.0219993591309 32.0869979858398 32.1091651916504 32.128833770752 32.1668319702148 32.2610015869141 32.2836647033691 32.4360008239746 32.6123352050781 32.7071647644043 32.7348327636719 32.6736679077148 32.9039993286133 32.9508323669434 33.0260009765625 33.3081665039062 33.2813339233398 33.3968315124512 33.4761657714844 33.5686645507812 33.6556663513184 33.6768341064453 33.7428321838379
-3.4e+38 -3.4e+38 -3.4e+38 -3.4e+38 -3.4e+38 -3.4e+38 -3.4e+38 -3.4e+38 -3.4e+38 -3.4e+38 -3.4e+38 -3.4e+38 -3.4e+38 -3.4e+38 30.704833984375 30.8635005950928 31.1883335113525 31.3426666259766 31.498498916626 31.6763343811035 31.8395004272461 31.8936672210693 31.9778327941895 32.0721664428711 32.1720008850098 32.3781661987305 32.4783325195312 32.4099998474121 32.4323348999023 32.5231666564941 32.6231651306152 32.7263336181641 32.7263336181641 32.7708320617676 32.8878326416016 32.9930000305176 33.1196670532227 33.0543327331543 33.0213317871094 33.3148345947266 33.4820022583008 33.5639991760254 33.5359992980957 33.5801658630371 33.684497833252 33.6824989318848 33.7751655578613
-3.4e+38 -3.4e+38 -3.4e+38 -3.4e+38 -3.4e+38 -3.4e+38 -3.4e+38 -3.4e+38 -3.4e+38 -3.4e+38 -3.4e+38 -3.4e+38 -3.4e+38 -3.4e+38 30.9640007019043 31.1771659851074 31.4258327484131 31.5944995880127 31.6975002288818 31.9104995727539 32.0740013122559 32.1505012512207 32.2568321228027 32.2703323364258 32.2869987487793 32.4543342590332 32.6506652832031 32.5304985046387 32.5438346862793 32.8308334350586 32.8844985961914 32.9773330688477 32.9396667480469 32.9518356323242 32.8990020751953 32.9911651611328 33.0869979858398 33.1520004272461 33.0724983215332 33.1081657409668 33.3796653747559 33.5610008239746 33.6003341674805 33.6278343200684 33.7111663818359 33.7336654663086 33.8169975280762
-3.4e+38 -3.4e+38 -3.4e+38 -3.4e+38 -3.4e+38 -3.4e+38 -3.4e+38 -3.4e+38 -3.4e+38 -3.4e+38 -3.4e+38 -3.4e+38 -3.4e+38 -3.4e+38 31.2759990692139 31.4244995117188 31.5944995880127 31.7906665802002 31.9158325195312 32.0116653442383 32.1629981994629 32.3536682128906 32.6123352050781 32.5511665344238 32.454833984375 32.5429992675781 32.7286682128906 32.6878318786621 32.6526679992676 32.8721656799316 33.0379981994629 33.0934982299805 33.1571655273438 32.9830017089844 32.9491653442383 33.022834777832 33.1074981689453 33.1323318481445 33.1278343200684 33.2075004577637 33.3303337097168 33.4843330383301 33.570499420166 33.6235008239746 33.7071647644043 33.7961654663086 33.9273338317871
-3.4e+38 -3.4e+38 -3.4e+38 -3.4e+38 -3.4e+38 -3.4e+38 -3.4e+38 -3.4e+38 -3.4e+38 -3.4e+38 -3.4e+38 -3.4e+38 -3.4e+38 -3.4e+38 31.2759990692139 31.4244995117188 31.5944995880127 31.7906665802002 31.9158325195312 32.0116653442383 32.1629981994629 32.3536682128906 32.6123352050781 32.5511665344238 32.454833984375 32.5429992675781 32.7286682128906 32.6878318786621 32.6526679992676 32.8721656799316 33.0379981994629 33.0934982299805 33.1571655273438 32.9830017089844 32.9491653442383 33.022834777832 33.1074981689453 33.1323318481445 33.1278343200684 33.2075004577637 33.3303337097168 33.4843330383301 33.570499420166 33.6235008239746 33.7071647644043 33.7961654663086 33.9273338317871
-3.4e+38 -3.4e+38 -3.4e+38 -3.4e+38 -3.4e+38 -3.4e+38 -3.4e+38 -3.4e+38 -3.4e+38 -3.4e+38 -3.4e+38 -3.4e+38 -3.4e+38 -3.4e+38 31.3951663970947 31.6061668395996 31.7463340759277 31.9223327636719 32.054500579834 32.1476669311523 32.2558326721191 32.252498626709 32.3643341064453 32.3559989929199 32.4640007019043 32.6553344726562 32.7131652832031 32.7891654968262 32.8431663513184 32.9213333129883 32.9529991149902 33.011833190918 33.1041641235352 33.0724983215332 33.0526657104492 33.1591682434082 33.223331451416 33.1671676635742 33.1751670837402 33.2933349609375 33.4278335571289 33.5494995117188 33.6176681518555 33.6586647033691 33.7239990234375 33.8933334350586 34.0733337402344
-3.4e+38 -3.4e+38 -3.4e+38 -3.4e+38 -3.4e+38 -3.4e+38 -3.4e+38 -3.4e+38 -3.4e+38 -3.4e+38 -3.4e+38 -3.4e+38 -3.4e+38 -3.4e+38 31.5483322143555 31.7608337402344 32.0040016174316 32.2636680603027 32.2438316345215 32.2501678466797 32.3578338623047 32.3919982910156 32.3779983520508 32.3735008239746 32.4571647644043 32.6171684265137 32.7671661376953 32.9223327636719 32.949333190918 33.029167175293 33.0518341064453 33.0638313293457 33.1111679077148 33.1793327331543 33.1848335266113 33.2869987487793 33.3208351135254 33.263500213623 33.2633323669434 33.377498626709 33.5468330383301 33.6501655578613 33.710334777832 33.7355003356934 33.7734985351562 33.9526672363281 34.114501953125
-3.4e+38 -3.4e+38 -3.4e+38 -3.4e+38 -3.4e+38 -3.4e+38 -3.4e+38 -3.4e+38 -3.4e+38 -3.4e+38 -3.4e+38 -3.4e+38 -3.4e+38 -3.4e+38 31.7498340606689 31.9191665649414 32.1295013427734 32.2803344726562 32.2101669311523 32.3353309631348 32.5395011901855 32.5774993896484 32.6118316650391 32.6183319091797 32.6515007019043 32.7608337402344 32.8713340759277 33.0598335266113 33.1175003051758 33.1708335876465 33.1599998474121 33.1918334960938 33.2813339233398 33.3404998779297 33.339168548584 33.4171676635742 33.4033317565918 33.4251670837402 33.3643341064453 33.4261665344238 33.5741653442383 33.6481666564941 33.7706680297852 33.8639984130859 33.8930015563965 34.0381660461426 34.2080001831055
-3.4e+38 -3.4e+38 -3.4e+38 -3.4e+38 -3.4e+38 -3.4e+38 -3.4e+38 -3.4e+38 -3.4e+38 -3.4e+38 -3.4e+38 -3.4e+38 -3.4e+38 -3.4e+38 31.8689994812012 32.0443344116211 32.1628341674805 32.2244987487793 32.3080024719238 32.357666015625 32.5151672363281 32.6726684570312 32.7983322143555 32.8344993591309 32.9068336486816 32.9926681518555 33.0195007324219 33.1614990234375 33.2835006713867 33.2886657714844 33.283332824707 33.3033332824707 33.3783340454102 33.4156646728516 33.4593353271484 33.541332244873 33.53466796875 33.5513343811035 33.5541648864746 33.5789985656738 33.6481666564941 33.752498626709 33.8498344421387 33.9556655883789 34.0081672668457 34.1251678466797 34.2905006408691
-3.4e+38 -3.4e+38 -3.4e+38 -3.4e+38 -3.4e+38 -3.4e+38 -3.4e+38 -3.4e+38 -3.4e+38 -3.4e+38 -3.4e+38 -3.4e+38 -3.4e+38 -3.4e+38 32.0331649780273 32.1435012817383 32.3641662597656 32.5068321228027 32.6020011901855 32.5703315734863 32.5796661376953 32.6953353881836 32.8624992370605 33.015998840332 33.1456680297852 33.2891654968262 33.3515014648438 33.3186683654785 33.3286666870117 33.4193344116211 33.4166679382324 33.3950004577637 33.4366683959961 33.4481658935547 33.5168342590332 33.5548324584961 33.6543350219727 33.6826667785645 33.6556663513184 33.7050018310547 33.7681655883789 33.8583335876465 33.970832824707 34.0323333740234 34.132999420166 34.2291679382324 34.3423347473145
-3.4e+38 -3.4e+38 -3.4e+38 -3.4e+38 -3.4e+38 -3.4e+38 -3.4e+38 -3.4e+38 -3.4e+38 -3.4e+38 -3.4e+38 -3.4e+38 -3.4e+38 -3.4e+38 32.1798324584961 32.2919998168945 32.5504989624023 32.6508331298828 32.7718315124512 32.9513320922852 32.8680000305176 32.8198318481445 32.9686660766602 33.1758346557617 33.2923355102539 33.3931655883789 33.4790000915527 33.4925003051758 33.4633331298828 33.4638328552246 33.4104995727539 33.4415016174316 33.5056686401367 33.552001953125 33.6075019836426 33.6614990234375 33.726001739502 33.8351669311523 33.7978324890137 33.8658332824707 33.8966674804688 33.9701652526855 34.1105003356934 34.158332824707 34.2690010070801 34.3561668395996 34.4263343811035
-3.4e+38 -3.4e+38 -3.4e+38 -3.4e+38 -3.4e+38 -3.4e+38 -3.4e+38 -3.4e+38 -3.4e+38 -3.4e+38 -3.4e+38 -3.4e+38 -3.4e+38 -3.4e+38 32.3676681518555 32.4803314208984 32.4409980773926 32.625 32.8339996337891 33.0108337402344 33.1074981689453 33.1088333129883 33.1809997558594 33.3144989013672 33.3351669311523 33.4021682739258 33.4169998168945 33.4586639404297 33.4939994812012 33.5060005187988 33.4695014953613 33.5163345336914 33.5989990234375 33.6780014038086 33.7075004577637 33.7745018005371 33.8549995422363 33.9208335876465 33.9604988098145 34.005500793457 34.0386657714844 34.113166809082 34.1935005187988 34.2193336486816 34.3574981689453 34.4519996643066 34.5558319091797
-3.4e+38 -3.4e+38 -3.4e+38 -3.4e+38 -3.4e+38 -3.4e+38 -3.4e+38 -3.4e+38 -3.4e+38 -3.4e+38 -3.4e+38 -3.4e+38 -3.4e+38 -3.4e+38 32.433666229248 32.8178329467773 32.8018341064453 32.7158317565918 32.6688346862793 32.7324981689453 32.9300003051758 33.0756683349609 33.1958312988281 33.3875007629395 33.4576644897461 33.4539985656738 33.4508323669434 33.4630012512207 33.5816650390625 33.6111679077148 33.6824989318848 33.7089996337891 33.7598342895508 33.8168334960938 33.8638343811035 33.9073333740234 33.9718322753906 34.0218353271484 34.0728340148926 34.1243324279785 34.1638336181641 34.2668342590332 34.2939987182617 34.296501159668 34.408332824707 34.510498046875 34.6201667785645
-3.4e+38 -3.4e+38 -3.4e+38 -3.4e+38 -3.4e+38 -3.4e+38 -3.4e+38 -3.4e+38 -3.4e+38 -3.4e+38 -3.4e+38 -3.4e+38 -3.4e+38 -3.4e+38 32.2596664428711 32.5778350830078 32.9298324584961 33.1629981994629 33.2471656799316 32.8808326721191 32.7700004577637 32.9248352050781 33.0688323974609 33.2915000915527 33.5411682128906 33.537166595459 33.5276679992676 33.5591659545898 33.6341667175293 33.7150001525879 33.8413352966309 33.8516654968262 33.8710021972656 33.9223327636719 33.9690017700195 34.1148338317871 34.1488342285156 34.093334197998 34.1971664428711 34.2968330383301 34.2973327636719 34.3718338012695 34.4303321838379 34.4085006713867 34.4678344726562 34.5764999389648 34.6754989624023
-3.4e+38 -3.4e+38 -3.4e+38 -3.4e+38 -3.4e+38 -3.4e+38 -3.4e+38 -3.4e+38 -3.4e+38 -3.4e+38 -3.4e+38 -3.4e+38 -3.4e+38 -3.4e+38 32.2080001831055 32.4599990844727 32.7854995727539 32.9500007629395 33.189998626709 33.345832824707 33.1936645507812 32.9428329467773 33.0178337097168 33.2826652526855 33.5310020446777 33.6204986572266 33.5810012817383 33.6391677856445 33.8068351745605 33.8470001220703 33.9129981994629 33.9376678466797 33.9959983825684 34.1451644897461 34.1463317871094 34.1548309326172 34.1718330383301 34.2150001525879 34.2946662902832 34.3499984741211 34.3963317871094 34.417667388916 34.4321670532227 34.4728317260742 34.5171661376953 34.6155014038086 34.6918334960938
-3.4e+38 -3.4e+38 -3.4e+38 -3.4e+38 -3.4e+38 -3.4e+38 -3.4e+38 -3.4e+38 -3.4e+38 -3.4e+38 -3.4e+38 -3.4e+38 -3.4e+38 -3.4e+38 32.2910003662109 32.3851661682129 32.6313323974609 32.7290000915527 32.9076652526855 33.1716651916504 33.4274978637695 33.4046669006348 33.1259994506836 33.2883338928223 33.4858322143555 33.6360015869141 33.6814994812012 33.7701644897461 33.8388328552246 33.9221649169922 33.9741668701172 34.0524978637695 34.0978317260742 34.146167755127 34.154167175293 34.1523323059082 34.2229995727539 34.3368339538574 34.3666648864746 34.4351654052734 34.5074996948242 34.4753341674805 34.485668182373 34.5444984436035 34.5444984436035 34.6233329772949 34.6956672668457
-3.4e+38 -3.4e+38 -3.4e+38 -3.4e+38 -3.4e+38 -3.4e+38 -3.4e+38 -3.4e+38 -3.4e+38 -3.4e+38 -3.4e+38 -3.4e+38 -3.4e+38 -3.4e+38 32.4006652832031 32.4039993286133 32.5470008850098 32.6665000915527 32.8093338012695 32.8969993591309 33.072998046875 33.3061676025391 33.3686676025391 33.4351654052734 33.565502166748 33.6391677856445 33.7869987487793 33.8588333129883 33.9563331604004 34.0524978637695 34.0224990844727 33.988166809082 33.9946670532227 34.056999206543 34.1393356323242 34.1835021972656 34.2543334960938 34.4463348388672 34.4631690979004 34.4970016479492 34.5526657104492 34.5603332519531 34.5400009155273 34.5843353271484 34.5948333740234 34.6346664428711 34.7089996337891
