rasters/Mauritania_bio4.asc
NCOLS 147 
NROWS 151 
XLLCORNER -17.077428344 
YLLCORNER 14.734398972 
CELLSIZE 0.0833728927006803 
NODATA_value -3.4e+38 
[rows 21 to 41 of 151, columns 48 to 95 of 147]
-3.4e+38 -3.4e+38 -3.4e+38 -3.4e+38 -3.4e+38 -3.4e+38 -3.4e+38 -3.4e+38 -3.4e+38 -3.4e+38 -3.4e+38 -3.4e+38 -3.4e+38 510.355377197266 514.225524902344 520.611450195312 527.345153808594 532.565795898438 538.246337890625 543.052734375 547.344848632812 552.735412597656 557.995788574219 561.666381835938 566.999694824219 571.1474609375 576.411376953125 580.647766113281 585.836791992188 593.568664550781 600.579467773438 608.392700195312 613.5458984375 617.040771484375 621.090576171875 626.655090332031 631.003173828125 634.418212890625 640.774230957031 647.404663085938 654.994018554688 661.664611816406 667.729736328125 675.559875488281 679.828918457031 684.25146484375 689.728942871094 692.990966796875
-3.4e+38 -3.4e+38 -3.4e+38 -3.4e+38 -3.4e+38 -3.4e+38 -3.4e+38 -3.4e+38 -3.4e+38 -3.4e+38 -3.4e+38 -3.4e+38 -3.4e+38 511.4873046875 517.201965332031 525.761596679688 532.256469726562 536.889953613281 543.099243164062 547.707092285156 553.314331054688 558.186462402344 564.979797363281 569.850708007812 573.571655273438 575.736267089844 579.072937011719 584.135681152344 590.021545410156 597.390380859375 603.763488769531 610.46533203125 615.798217773438 619.506103515625 622.8896484375 628.219665527344 632.648315429688 636.127502441406 641.845458984375 648.100830078125 655.078369140625 662.8095703125 669.331298828125 675.368225097656 680.191162109375 684.086486816406 688.351501464844 692.481567382812
-3.4e+38 -3.4e+38 -3.4e+38 -3.4e+38 -3.4e+38 -3.4e+38 -3.4e+38 -3.4e+38 -3.4e+38 -3.4e+38 -3.4e+38 -3.4e+38 -3.4e+38 515.473693847656 522.442626953125 532.153076171875 538.168762207031 542.119567871094 549.164916992188 554.542907714844 557.852233886719 562.72607421875 569.674072265625 575.561950683594 582.132080078125 584.609313964844 583.930969238281 586.942504882812 592.839416503906 600.303466796875 606.373229980469 611.582946777344 617.07666015625 621.08642578125 624.300537109375 629.884826660156 634.289123535156 637.600708007812 643.066467285156 648.819519042969 656.584350585938 664.689331054688 669.914672851562 674.713439941406 679.246765136719 683.918640136719 688.283020019531 692.511352539062
-3.4e+38 -3.4e+38 -3.4e+38 -3.4e+38 -3.4e+38 -3.4e+38 -3.4e+38 -3.4e+38 -3.4e+38 -3.4e+38 -3.4e+38 -3.4e+38 -3.4e+38 518.411010742188 526.482971191406 536.917419433594 544.980102539062 550.161376953125 554.002624511719 558.611877441406 562.56640625 566.87744140625 573.802551269531 580.144897460938 587.352355957031 589.510437011719 587.471801757812 589.927368164062 595.573608398438 602.626647949219 609.304138183594 614.19384765625 619.242980957031 623.840087890625 627.3271484375 633.223876953125 636.284362792969 640.128967285156 645.236145019531 650.305053710938 657.338195800781 664.632568359375 670.168762207031 674.465270996094 677.991577148438 682.505004882812 687.6103515625 690.671020507812
-3.4e+38 -3.4e+38 -3.4e+38 -3.4e+38 -3.4e+38 -3.4e+38 -3.4e+38 -3.4e+38 -3.4e+38 -3.4e+38 -3.4e+38 -3.4e+38 -3.4e+38 525.077819824219 532.39013671875 539.417907714844 546.514404296875 553.278686523438 557.517639160156 560.422546386719 565.156127929688 570.127746582031 577.261535644531 583.233825683594 588.041564941406 590.820678710938 591.27783203125 593.19482421875 598.606994628906 604.752990722656 611.334411621094 617.063354492188 621.220275878906 624.429260253906 627.825866699219 634.589782714844 638.351318359375 640.848022460938 646.772399902344 651.265319824219 657.199279785156 662.348693847656 668.240600585938 673.414428710938 677.574157714844 681.9716796875 685.168395996094 688.542236328125
-3.4e+38 -3.4e+38 -3.4e+38 -3.4e+38 -3.4e+38 -3.4e+38 -3.4e+38 -3.4e+38 -3.4e+38 -3.4e+38 -3.4e+38 -3.4e+38 -3.4e+38 531.231811523438 536.971008300781 543.813720703125 549.733093261719 556.8046875 563.819885253906 569.346130371094 570.385620117188 574.060668945312 579.4931640625 585.325988769531 590.64794921875 595.171447753906 595.915771484375 597.771911621094 600.707641601562 607.572204589844 613.327270507812 617.295288085938 621.960876464844 626.949401855469 631.687133789062 637.35986328125 640.345031738281 643.242004394531 646.65625 651.028869628906 657.667236328125 662.181762695312 666.672180175781 672.7275390625 677.075500488281 680.576171875 683.616943359375 687.900695800781
-3.4e+38 -3.4e+38 -3.4e+38 -3.4e+38 -3.4e+38 -3.4e+38 -3.4e+38 -3.4e+38 -3.4e+38 -3.4e+38 -3.4e+38 -3.4e+38 -3.4e+38 534.335571289062 539.883117675781 547.562133789062 552.651062011719 559.950317382812 567.624389648438 573.134826660156 575.015991210938 577.619506835938 581.183715820312 588.208312988281 593.444030761719 597.415954589844 597.936706542969 600.15771484375 604.100219726562 609.932922363281 615.075134277344 618.637817382812 624.125 627.697387695312 633.67333984375 638.562561035156 641.657409667969 645.470336914062 649.628173828125 653.67578125 658.679809570312 663.516479492188 667.600708007812 672.392822265625 675.542236328125 679.007446289062 683.2900390625 687.951232910156
-3.4e+38 -3.4e+38 -3.4e+38 -3.4e+38 -3.4e+38 -3.4e+38 -3.4e+38 -3.4e+38 -3.4e+38 -3.4e+38 -3.4e+38 -3.4e+38 -3.4e+38 538.634216308594 544.243591308594 550.538696289062 556.329345703125 562.294921875 569.922485351562 575.224670410156 578.339477539062 581.378601074219 584.506713867188 589.771301269531 594.710388183594 600.820983886719 601.095275878906 603.789855957031 608.985717773438 612.722473144531 616.135498046875 619.477966308594 623.896545410156 628.557434082031 633.380798339844 637.332153320312 641.930969238281 646.362976074219 650.062377929688 653.139343261719 657.725463867188 663.074951171875 667.5615234375 670.84765625 674.2724609375 678.916870117188 683.334716796875 687.041870117188
-3.4e+38 -3.4e+38 -3.4e+38 -3.4e+38 -3.4e+38 -3.4e+38 -3.4e+38 -3.4e+38 -3.4e+38 -3.4e+38 -3.4e+38 -3.4e+38 -3.4e+38 538.634216308594 544.243591308594 550.538696289062 556.329345703125 562.294921875 569.922485351562 575.224670410156 578.339477539062 581.378601074219 584.506713867188 589.771301269531 594.710388183594 600.820983886719 601.095275878906 603.789855957031 608.985717773438 612.722473144531 616.135498046875 619.477966308594 623.896545410156 628.557434082031 633.380798339844 637.332153320312 641.930969238281 646.362976074219 650.062377929688 653.139343261719 657.725463867188 663.074951171875 667.5615234375 670.84765625 674.2724609375 678.916870117188 683.334716796875 687.041870117188
-3.4e+38 -3.4e+38 -3.4e+38 -3.4e+38 -3.4e+38 -3.4e+38 -3.4e+38 -3.4e+38 -3.4e+38 -3.4e+38 -3.4e+38 -3.4e+38 -3.4e+38 541.943359375 547.376403808594 552.210876464844 557.547180175781 564.193969726562 571.413757324219 576.173400878906 579.773254394531 584.642272949219 589.810363769531 594.293640136719 595.791809082031 599.636901855469 603.524108886719 606.950622558594 610.68408203125 613.891540527344 617.226013183594 621.7236328125 626.124389648438 629.897033691406 634.878234863281 638.498962402344 642.2177734375 647.328247070312 649.991455078125 652.720764160156 657.482971191406 662.170715332031 666.500305175781 669.837707519531 673.904113769531 678.245056152344 683.162963867188 687.289001464844
-3.4e+38 -3.4e+38 -3.4e+38 -3.4e+38 -3.4e+38 -3.4e+38 -3.4e+38 -3.4e+38 -3.4e+38 -3.4e+38 -3.4e+38 -3.4e+38 -3.4e+38 544.961486816406 550.3896484375 555.0185546875 561.619873046875 566.165832519531 571.047241210938 575.06103515625 579.125183105469 583.827087402344 589.959228515625 593.768920898438 595.592956542969 599.450866699219 604.546936035156 608.174011230469 611.753479003906 615.202087402344 619.307983398438 621.912536621094 626.067016601562 630.411254882812 635.530578613281 639.165710449219 642.25244140625 646.785949707031 649.946044921875 653.588623046875 657.802307128906 662.638061523438 666.720642089844 670.894958496094 673.368286132812 677.910400390625 682.354064941406 686.081726074219
-3.4e+38 -3.4e+38 -3.4e+38 -3.4e+38 -3.4e+38 -3.4e+38 -3.4e+38 -3.4e+38 -3.4e+38 -3.4e+38 -3.4e+38 -3.4e+38 -3.4e+38 547.23095703125 552.400268554688 558.804260253906 565.58642578125 567.942810058594 571.833557128906 575.908508300781 579.202331542969 584.368835449219 589.365173339844 593.27099609375 597.091796875 601.52783203125 605.967590332031 609.540405273438 612.984802246094 616.513793945312 619.779479980469 622.7333984375 626.65869140625 631.290161132812 635.756164550781 639.362243652344 642.666381835938 647.178100585938 650.262268066406 654.074401855469 657.692016601562 660.9345703125 664.987487792969 668.47705078125 671.612182617188 676.884887695312 680.580017089844 684.298645019531
-3.4e+38 -3.4e+38 -3.4e+38 -3.4e+38 -3.4e+38 -3.4e+38 -3.4e+38 -3.4e+38 -3.4e+38 -3.4e+38 -3.4e+38 -3.4e+38 -3.4e+38 548.780334472656 554.201965332031 559.381713867188 564.147644042969 567.619445800781 572.310119628906 577.083679199219 580.907104492188 585.334228515625 589.987426757812 594.063049316406 598.45654296875 603.43212890625 607.561096191406 610.746337890625 613.961303710938 617.093994140625 620.883728027344 625.254699707031 628.510559082031 631.463317871094 635.809204101562 639.877868652344 643.105163574219 646.427001953125 649.945129394531 653.382141113281 656.537841796875 660.759521484375 665.09912109375 668.779968261719 671.838073730469 676.072692871094 680.749389648438 684.407104492188
-3.4e+38 -3.4e+38 -3.4e+38 -3.4e+38 -3.4e+38 -3.4e+38 -3.4e+38 -3.4e+38 -3.4e+38 -3.4e+38 -3.4e+38 -3.4e+38 -3.4e+38 549.776184082031 555.909118652344 559.700256347656 562.853454589844 566.675415039062 572.7119140625 577.049865722656 581.912109375 586.92431640625 592.639526367188 596.519165039062 600.372009277344 603.911193847656 607.484619140625 611.716674804688 615.825866699219 619.489013671875 621.822326660156 625.322998046875 629.571899414062 632.951843261719 635.964050292969 639.818176269531 642.990478515625 645.84033203125 649.399597167969 653.592956542969 656.303649902344 660.60693359375 664.580505371094 668.867065429688 672.448852539062 676.547241210938 680.161987304688 683.993347167969
-3.4e+38 -3.4e+38 -3.4e+38 -3.4e+38 -3.4e+38 -3.4e+38 -3.4e+38 -3.4e+38 -3.4e+38 -3.4e+38 -3.4e+38 -3.4e+38 -3.4e+38 551.828186035156 557.612060546875 563.829711914062 569.230285644531 576.181030273438 578.469055175781 578.328308105469 581.686157226562 587.87890625 594.1171875 598.568908691406 603.198059082031 607.094909667969 609.942321777344 613.147583007812 616.675109863281 619.622680664062 621.487426757812 624.635498046875 629.852416992188 633.443786621094 637.217529296875 640.112976074219 642.807373046875 646.289794921875 649.747985839844 653.17626953125 656.15576171875 660.248962402344 664.246826171875 668.019287109375 671.607299804688 675.177490234375 679.540161132812 682.978942871094
-3.4e+38 -3.4e+38 -3.4e+38 -3.4e+38 -3.4e+38 -3.4e+38 -3.4e+38 -3.4e+38 -3.4e+38 -3.4e+38 -3.4e+38 -3.4e+38 -3.4e+38 551.54931640625 555.773742675781 562.430480957031 569.188232421875 575.833312988281 580.79541015625 584.66259765625 586.073181152344 589.062927246094 594.266906738281 598.746154785156 603.174682617188 607.250854492188 610.424438476562 613.549621582031 616.302307128906 618.962524414062 621.582458496094 625.506958007812 630.056884765625 633.783935546875 638.182373046875 640.763061523438 643.014099121094 646.488708496094 650.051635742188 653.158508300781 656.916381835938 660.242614746094 664.201782226562 668.181457519531 671.060729980469 674.429443359375 678.775329589844 681.683532714844
-3.4e+38 -3.4e+38 -3.4e+38 -3.4e+38 -3.4e+38 -3.4e+38 -3.4e+38 -3.4e+38 -3.4e+38 -3.4e+38 -3.4e+38 -3.4e+38 -3.4e+38 553.091674804688 555.298950195312 558.897888183594 563.87158203125 571.341125488281 578.54296875 583.271179199219 587.114318847656 591.246948242188 595.166015625 598.576843261719 603.109802246094 607.373229980469 611.264282226562 614.286987304688 616.342224121094 619.880554199219 622.956420898438 626.953369140625 630.811340332031 633.960327148438 638.018615722656 641.41943359375 643.899780273438 646.622802734375 649.9619140625 652.264892578125 655.361511230469 659.106750488281 663.543518066406 667.829223632812 670.920349121094 673.826538085938 676.280822753906 679.519348144531
-3.4e+38 -3.4e+38 -3.4e+38 -3.4e+38 -3.4e+38 -3.4e+38 -3.4e+38 -3.4e+38 -3.4e+38 -3.4e+38 -3.4e+38 -3.4e+38 -3.4e+38 554.854187011719 559.4365234375 563.560241699219 566.84814453125 569.122863769531 575.095031738281 582.366821289062 587.012145996094 591.290161132812 595.859130859375 599.531616210938 603.04345703125 607.418579101562 610.646118164062 613.158020019531 616.074890136719 620.927673339844 624.356811523438 627.277709960938 629.893676757812 633.928894042969 638.545593261719 641.552856445312 644.278991699219 647.168151855469 650.584350585938 652.574645996094 655.890380859375 658.322387695312 662.923461914062 667.893615722656 670.186767578125 673.29345703125 675.269897460938 678.010803222656
-3.4e+38 -3.4e+38 -3.4e+38 -3.4e+38 -3.4e+38 -3.4e+38 -3.4e+38 -3.4e+38 -3.4e+38 -3.4e+38 -3.4e+38 -3.4e+38 -3.4e+38 555.347473144531 561.270446777344 567.171020507812 572.173767089844 575.000244140625 575.650329589844 578.3408203125 585.793823242188 591.634521484375 596.3125 599.745056152344 602.338195800781 607.613037109375 610.766418457031 613.956237792969 616.940063476562 621.291564941406 624.537902832031 627.5458984375 631.678405761719 634.917419433594 639.840209960938 642.550720214844 644.631042480469 648.0537109375 650.843444824219 652.989196777344 655.521057128906 658.009338378906 662.933288574219 667.612731933594 670.290344238281 673.084167480469 675.631103515625 676.724182128906
-3.4e+38 -3.4e+38 -3.4e+38 -3.4e+38 -3.4e+38 -3.4e+38 -3.4e+38 -3.4e+38 -3.4e+38 -3.4e+38 -3.4e+38 -3.4e+38 -3.4e+38 556.303039550781 561.717468261719 567.586853027344 572.385681152344 576.994201660156 579.908752441406 580.197631835938 581.401977539062 589.2705078125 596.720886230469 600.214782714844 604.057495117188 608.967651367188 611.667785644531 615.161315917969 618.481567382812 621.565490722656 625.409606933594 628.610717773438 631.776000976562 635.521057128906 638.458435058594 641.465698242188 644.956909179688 647.877990722656 649.970520019531 651.931213378906 654.749694824219 658.731628417969 663.077514648438 666.163818359375 669.35205078125 671.60009765625 673.225402832031 674.502563476562
-3.4e+38 -3.4e+38 -3.4e+38 -3.4e+38 -3.4e+38 -3.4e+38 -3.4e+38 -3.4e+38 -3.4e+38 -3.4e+38 -3.4e+38 -3.4e+38 -3.4e+38 558.998474121094 563.006103515625 568.245422363281 572.87646484375 577.449829101562 581.539245605469 584.747863769531 586.671936035156 589.896179199219 596.563903808594 600.276184082031 604.229309082031 608.452209472656 612.255065917969 615.793884277344 619.732543945312 622.509399414062 625.054382324219 627.249694824219 630.9765625 633.97802734375 637.679260253906 641.277526855469 643.839294433594 647.233093261719 649.471984863281 652.163024902344 654.805236816406 658.457763671875 661.956420898438 664.989318847656 668.082641601562 670.528503417969 672.944885253906 674.783508300781
