rasters/Mauritania_bio10.asc
NCOLS 147 
NROWS 151 
XLLCORNER -17.077428344 
YLLCORNER 14.734398972 
CELLSIZE 0.0833728927006803 
NODATA_value -3.4e+38 
[rows 105 to 125 of 151, columns 94 to 140 of 147]
34.179500579834 34.2150001525879 34.1529998779297 34.130500793457 34.003002166748 33.9814987182617 34.0876655578613 34.1575012207031 34.2076644897461 34.3979988098145 34.4485015869141 34.3300018310547 34.2338333129883 34.103832244873 34.0229988098145 33.9921646118164 33.9556655883789 33.9524993896484 33.9476661682129 33.9488334655762 33.9505004882812 33.961498260498 33.9156684875488 33.8819999694824 33.8800010681152 33.9131660461426 33.9323348999023 33.90966796875 33.9303359985352 33.928165435791 33.970832824707 34.0088348388672 34.0383338928223 34.0383338928223 34.0639991760254 34.1351661682129 34.162166595459 34.2178344726562 34.3346672058105 34.4178314208984 34.3703346252441 -3.4e+38 -3.4e+38 -3.4e+38 -3.4e+38 -3.4e+38 -3.4e+38
34.4085006713867 34.3841667175293 34.4155006408691 34.2176666259766 34.0711669921875 34.0503349304199 34.0756683349609 34.1791648864746 34.3059997558594 34.3811645507812 34.3860015869141 34.5111656188965 34.3398323059082 34.0896682739258 34.0486679077148 33.9978332519531 33.9384994506836 33.9423332214355 33.9411659240723 33.9376678466797 33.9208335876465 33.939998626709 33.9088325500488 33.8766670227051 33.890998840332 33.9001655578613 33.8894996643066 33.8629989624023 33.8928337097168 33.8986663818359 33.9646682739258 33.9669990539551 33.9668350219727 33.9799995422363 34.0354995727539 34.1041679382324 34.1428337097168 34.1803321838379 34.1914978027344 34.2691650390625 34.2405014038086 -3.4e+38 -3.4e+38 -3.4e+38 -3.4e+38 -3.4e+38 -3.4e+38
35.1318321228027 34.8321647644043 34.9283332824707 34.8276672363281 34.3959999084473 34.220832824707 34.2363319396973 34.4536666870117 34.5711669921875 34.4539985656738 34.485164642334 34.6360015869141 34.6531677246094 34.4581680297852 34.1121673583984 34.0179977416992 33.9471664428711 33.9645004272461 33.9943313598633 33.9415016174316 33.925666809082 33.9038352966309 33.888500213623 33.8946685791016 33.8984985351562 33.9184989929199 33.9130020141602 33.9123344421387 33.8938331604004 33.9205017089844 33.9378318786621 33.9056663513184 33.9279975891113 33.9650001525879 34.0196685791016 34.0596656799316 34.0701675415039 34.0644989013672 34.0870018005371 34.155834197998 34.179500579834 -3.4e+38 -3.4e+38 -3.4e+38 -3.4e+38 -3.4e+38 -3.4e+38
34.7910003662109 34.7893333435059 34.826831817627 34.9075012207031 34.9555015563965 34.8544998168945 34.5279998779297 34.5103340148926 34.5386657714844 34.5628356933594 34.4803352355957 34.443000793457 34.4808349609375 34.5698318481445 34.147834777832 34.0180015563965 33.9643325805664 33.9150009155273 33.9723320007324 33.897331237793 33.8741683959961 33.8563346862793 33.8530006408691 33.8596687316895 33.9015007019043 33.9356651306152 33.9798316955566 33.923999786377 33.8976669311523 33.9031677246094 33.8873329162598 33.8906669616699 33.9086647033691 33.9396667480469 33.970832824707 33.9896659851074 33.9720001220703 33.9741668701172 34.0321655273438 34.083667755127 34.1203346252441 -3.4e+38 -3.4e+38 -3.4e+38 -3.4e+38 -3.4e+38 -3.4e+38
34.5345001220703 34.5485000610352 34.6033325195312 34.6398315429688 34.6873321533203 34.6575012207031 34.5769996643066 34.5100021362305 34.5100021362305 34.4630012512207 34.4193344116211 34.457332611084 34.6081657409668 34.6143341064453 34.2378349304199 33.9808349609375 33.9133338928223 33.9086647033691 33.9780006408691 33.9538345336914 33.9326667785645 33.8751678466797 33.8678321838379 33.8693351745605 33.9056663513184 33.9210014343262 33.9664993286133 33.9391670227051 33.9086647033691 33.9113311767578 33.9329986572266 33.9145011901855 33.9194984436035 33.9199981689453 33.9063339233398 33.9056663513184 33.9258346557617 33.9578323364258 34.0125007629395 34.031665802002 34.0608329772949 -3.4e+38 -3.4e+38 -3.4e+38 -3.4e+38 -3.4e+38 -3.4e+38
34.4353332519531 34.4948310852051 34.5243339538574 34.5254974365234 34.4833335876465 34.4690017700195 34.4816665649414 34.4654998779297 34.4540023803711 34.4453353881836 34.4561653137207 34.6121673583984 34.8488311767578 34.670166015625 34.3344993591309 34.0499992370605 33.9381675720215 33.9848327636719 34.0181655883789 34.0141677856445 33.974666595459 33.9228324890137 33.970832824707 33.9641647338867 33.9641647338867 33.9756660461426 33.9528312683105 33.938835144043 33.9286651611328 33.9686660766602 34.0029983520508 33.9934997558594 33.9589996337891 33.9545021057129 33.9358329772949 33.9091644287109 33.9178314208984 33.9498329162598 33.9301681518555 33.9346656799316 33.9498329162598 -3.4e+38 -3.4e+38 -3.4e+38 -3.4e+38 -3.4e+38 -3.4e+38
34.4513320922852 34.4688339233398 34.446834564209 34.4521675109863 34.4223327636719 34.4291648864746 34.4550018310547 34.4803352355957 34.492000579834 34.4981651306152 34.5601654052734 34.7258338928223 34.7528343200684 34.6845016479492 34.9458351135254 34.4731674194336 33.9726638793945 33.9358329772949 33.9876670837402 33.9765014648438 33.9556655883789 33.9463348388672 33.9495010375977 33.9514999389648 33.9796676635742 33.9560012817383 33.9586639404297 33.9544982910156 33.9420013427734 33.9799995422363 34.0481643676758 34.0415000915527 33.9973335266113 33.9658355712891 33.9278335571289 33.876335144043 33.8704986572266 33.8741683959961 33.861499786377 33.876335144043 33.8721656799316 -3.4e+38 -3.4e+38 -3.4e+38 -3.4e+38 -3.4e+38 -3.4e+38
34.4540023803711 34.4611663818359 34.4408340454102 34.4034996032715 34.4276657104492 34.3931655883789 34.4251670837402 34.4553337097168 34.46533203125 34.4558334350586 34.4911651611328 34.4739990234375 34.5031661987305 34.6505012512207 34.9934997558594 34.9965019226074 34.0725021362305 33.8983345031738 33.8938331604004 33.8983345031738 33.8836669921875 33.9554977416992 33.9540023803711 33.9353332519531 33.9715003967285 33.9738349914551 33.9596672058105 33.9591674804688 33.9866676330566 34.035831451416 34.0284996032715 33.9884986877441 34.011833190918 33.9731674194336 33.9090003967285 33.8556671142578 33.8713340759277 33.8666687011719 33.8296661376953 33.8300018310547 33.8240013122559 33.8638343811035 -3.4e+38 -3.4e+38 -3.4e+38 -3.4e+38 -3.4e+38
34.429500579834 34.4498329162598 34.422664642334 34.4063339233398 34.4566650390625 34.3898315429688 34.3931655883789 34.4005012512207 34.4196662902832 34.4328346252441 34.4071655273438 34.3665008544922 34.3925018310547 34.4570007324219 34.7425003051758 35.1805000305176 34.8126678466797 34.0441665649414 33.9791679382324 34.0515022277832 33.8786659240723 33.8781661987305 33.8796691894531 33.9010009765625 33.9613342285156 33.9809989929199 33.9813346862793 33.9948348999023 34.0128326416016 34.0048332214355 34.0128326416016 33.997501373291 34.0188331604004 33.9794998168945 33.9346656799316 33.8833312988281 33.8426666259766 33.8414993286133 33.8276672363281 33.8190002441406 33.7949981689453 33.8051681518555 -3.4e+38 -3.4e+38 -3.4e+38 -3.4e+38 -3.4e+38
34.4321670532227 34.4283332824707 34.3946647644043 34.4034996032715 34.4223327636719 34.3661651611328 34.3834991455078 34.3886680603027 34.4038314819336 34.4268341064453 34.3886680603027 34.4104995727539 34.3995018005371 34.5444984436035 34.6791648864746 35.0366668701172 35.3831672668457 35.1418342590332 34.9233322143555 34.9301643371582 34.6191673278809 34.0181655883789 33.7864990234375 33.8171653747559 33.8886680603027 33.9346656799316 33.9633331298828 33.9733352661133 33.9786682128906 34.0045013427734 34.0138320922852 34.0006675720215 33.9978332519531 34.007999420166 33.9743347167969 33.8746681213379 33.889331817627 33.8793334960938 33.8778343200684 33.814998626709 33.7980003356934 33.8066673278809 -3.4e+38 -3.4e+38 -3.4e+38 -3.4e+38 -3.4e+38
34.4799995422363 34.4241676330566 34.3984985351562 34.4039993286133 34.445499420166 34.3531646728516 34.3575019836426 34.3906669616699 34.4274978637695 34.445499420166 34.4308319091797 34.4261665344238 34.4360008239746 34.5271682739258 34.5955009460449 34.7159996032715 34.8051681518555 34.7601661682129 34.7610015869141 34.9291687011719 35.0366668701172 34.5018348693848 33.7714996337891 33.7658348083496 33.8424987792969 33.8761672973633 33.9043312072754 33.9488334655762 33.9609985351562 33.9581680297852 33.9768333435059 34.0193328857422 34.0234985351562 34.0224990844727 34.0455017089844 33.9301681518555 33.9150009155273 33.8903312683105 33.8634986877441 33.8143310546875 33.7776679992676 33.7838325500488 -3.4e+38 -3.4e+38 -3.4e+38 -3.4e+38 -3.4e+38
34.4871673583984 34.4301681518555 34.427001953125 34.4790000915527 34.4758338928223 34.3906669616699 34.4048347473145 34.4198341369629 34.4378318786621 34.4861679077148 34.4930000305176 34.4923324584961 34.4821662902832 34.4174995422363 34.3936653137207 34.3988342285156 34.3833351135254 34.4290008544922 34.5231666564941 34.7116661071777 35.0120010375977 34.9426651000977 33.9476661682129 33.742000579834 33.7441673278809 33.7898330688477 33.829833984375 33.8220024108887 33.8316688537598 33.8789978027344 33.9303321838379 33.9964981079102 34.0009994506836 34.0325012207031 34.0179977416992 33.953498840332 33.9133338928223 33.8761672973633 33.8240013122559 33.7668342590332 33.751335144043 33.7603340148926 -3.4e+38 -3.4e+38 -3.4e+38 -3.4e+38 -3.4e+38
34.4830017089844 34.4863357543945 34.458667755127 34.4690017700195 34.4755020141602 34.4421653747559 34.4633331298828 34.4618339538574 34.4651679992676 34.4936676025391 34.4799995422363 34.4090003967285 34.353832244873 34.2854995727539 34.2410011291504 34.2308349609375 34.2776679992676 34.3411674499512 34.420166015625 34.5639991760254 34.9220008850098 35.0494995117188 34.253833770752 33.9698333740234 33.7636680603027 33.6971664428711 33.7094993591309 33.7581672668457 33.8306655883789 33.8988342285156 33.9134979248047 33.9161643981934 33.9581680297852 33.9623336791992 33.9329986572266 33.9288330078125 33.9373321533203 33.9001655578613 33.8043327331543 33.7848320007324 33.7586669921875 33.7760009765625 -3.4e+38 -3.4e+38 -3.4e+38 -3.4e+38 -3.4e+38
34.5139999389648 34.5019989013672 34.5126647949219 34.5156669616699 34.5006675720215 34.4855003356934 34.4729995727539 34.5081672668457 34.5243339538574 34.4773330688477 34.3723335266113 34.298168182373 34.268497467041 34.2186660766602 34.2106666564941 34.2270011901855 34.3033332824707 34.3144989013672 34.304500579834 34.4318313598633 34.640998840332 34.9103317260742 34.313835144043 34.2953338623047 34.0678329467773 33.6513328552246 33.6490020751953 33.7464981079102 33.8778343200684 33.8955001831055 33.9166679382324 33.923168182373 33.9575004577637 33.9643325805664 33.9449996948242 33.9401664733887 33.9378318786621 33.8866653442383 33.7903327941895 33.7676658630371 33.7584991455078 33.7408332824707 -3.4e+38 -3.4e+38 -3.4e+38 -3.4e+38 -3.4e+38
34.492000579834 34.5151672363281 34.5525016784668 34.5381698608398 34.5306663513184 34.5318336486816 34.4980010986328 34.5633316040039 34.521167755127 34.4155006408691 34.3279991149902 34.2443313598633 34.2118339538574 34.234001159668 34.2476654052734 34.2466659545898 34.2728309631348 34.2478332519531 34.2195014953613 34.2576675415039 34.3626670837402 34.4868316650391 34.5311660766602 34.4086685180664 34.3028335571289 33.8144989013672 33.7000007629395 33.7003326416016 33.8266677856445 33.9071655273438 33.9770011901855 33.9469985961914 33.9316673278809 33.9360008239746 33.9199981689453 33.9220008850098 33.8723335266113 33.8325004577637 33.7596664428711 33.7471656799316 33.726001739502 33.6673316955566 -3.4e+38 -3.4e+38 -3.4e+38 -3.4e+38 -3.4e+38
34.541332244873 34.5188331604004 34.5341682434082 34.5161666870117 34.5405006408691 34.5834999084473 34.5415000915527 34.5354995727539 34.4249992370605 34.3721656799316 34.285831451416 34.2550010681152 34.2119979858398 34.2011680603027 34.2186660766602 34.2249984741211 34.2308349609375 34.2083320617676 34.183666229248 34.181999206543 34.2033309936523 34.2266654968262 34.2443351745605 34.259334564209 34.2666664123535 34.2496643066406 34.0058326721191 33.746166229248 33.8296661376953 33.8826675415039 33.940502166748 33.9679985046387 33.8921661376953 33.8448333740234 33.886833190918 33.8370018005371 33.7874984741211 33.7841644287109 33.728832244873 33.6883316040039 33.6591644287109 33.6360015869141 -3.4e+38 -3.4e+38 -3.4e+38 -3.4e+38 -3.4e+38
34.5226669311523 34.5328330993652 34.4901657104492 34.4626655578613 34.5026664733887 34.5666656494141 34.5294990539551 34.4248352050781 34.3239974975586 34.2976684570312 34.2388343811035 34.1973342895508 34.1921653747559 34.1418342590332 34.1261672973633 34.1025009155273 34.1001663208008 34.1279983520508 34.1271667480469 34.1111679077148 34.078498840332 34.106330871582 34.1071662902832 34.0461654663086 34.0218353271484 33.9633331298828 33.8491668701172 33.6669998168945 33.7418327331543 33.8201675415039 33.844165802002 33.8836669921875 33.8574981689453 33.8344993591309 33.8376655578613 33.7706680297852 33.7713317871094 33.7401657104492 33.6723327636719 33.6148338317871 33.613166809082 33.5973320007324 33.5738334655762 -3.4e+38 -3.4e+38 -3.4e+38 -3.4e+38
34.5508346557617 34.5231666564941 34.486499786377 34.4744987487793 34.4908332824707 34.5023345947266 34.4631652832031 34.3123321533203 34.2200012207031 34.2071685791016 34.1768341064453 34.1238327026367 34.1295013427734 34.091667175293 34.0351638793945 33.9809989929199 34.0004997253418 34.0633316040039 34.1521644592285 34.2005004882812 34.0559997558594 34.1020011901855 34.2531661987305 34.343334197998 33.8730010986328 33.5641670227051 33.5446662902832 33.509334564209 33.5478324890137 33.6843338012695 33.7858352661133 33.792667388916 33.7068328857422 33.7146682739258 33.7779998779297 33.7425003051758 33.767333984375 33.6826667785645 33.6224975585938 33.6165008544922 33.5853309631348 33.553165435791 33.5391654968262 -3.4e+38 -3.4e+38 -3.4e+38 -3.4e+38
34.5458335876465 34.5040016174316 34.4960021972656 34.4835014343262 34.4728317260742 34.5056686401367 34.3738327026367 34.2291641235352 34.2075004577637 34.1791648864746 34.1508331298828 34.1334991455078 34.1116676330566 34.0741653442383 34.0026664733887 33.9985008239746 33.9578323364258 34.029167175293 34.0866661071777 34.0453338623047 34.1308326721191 34.2623329162598 34.4118347167969 34.3933334350586 33.5513343811035 33.2548332214355 33.3173332214355 33.4408340454102 33.5369987487793 33.521167755127 33.6443328857422 33.5895004272461 33.5830001831055 33.6534996032715 33.6944999694824 33.6631660461426 33.5956649780273 33.6088333129883 33.6013336181641 33.6204986572266 33.6003341674805 33.5494995117188 33.5116653442383 -3.4e+38 -3.4e+38 -3.4e+38 -3.4e+38
34.5205001831055 34.4954986572266 34.4751663208008 34.5060005187988 34.5164985656738 34.5415000915527 34.3754997253418 34.292667388916 34.2033348083496 34.1404991149902 34.1421661376953 34.1238327026367 34.0946655273438 34.0521659851074 33.9888305664062 33.9633331298828 33.9738349914551 34.0833320617676 34.1296653747559 34.1665000915527 34.328498840332 34.4541664123535 34.4133338928223 33.9276657104492 33.1201667785645 33.0648345947266 33.1706657409668 33.2405014038086 33.3773345947266 33.4780006408691 33.5606689453125 33.5035018920898 33.5623321533203 33.579833984375 33.5939979553223 33.5654983520508 33.494499206543 33.5540008544922 33.5366668701172 33.5419998168945 33.5628356933594 33.5293350219727 33.4930000305176 -3.4e+38 -3.4e+38 -3.4e+38 -3.4e+38
34.5111656188965 34.5084991455078 34.4611663818359 34.4576644897461 34.4526672363281 34.392333984375 34.2848320007324 34.2145004272461 34.1961669921875 34.1725006103516 34.1228332519531 34.0478324890137 34.0035018920898 33.992000579834 33.9690017700195 33.9283332824707 33.9436645507812 34.0909996032715 34.1931648254395 34.4273338317871 34.5288314819336 34.5423316955566 34.4933319091797 33.7019996643066 33.0363311767578 33.0428352355957 33.1466674804688 33.1226654052734 33.2866668701172 33.4075012207031 33.4656677246094 33.4638328552246 33.4706649780273 33.447998046875 33.4560012817383 33.4766693115234 33.4536666870117 33.4703330993652 33.5115013122559 33.5235023498535 33.5083351135254 33.513500213623 33.5026664733887 -3.4e+38 -3.4e+38 -3.4e+38 -3.4e+38
