rasters/Morocco_bio4.asc
NCOLS 192 
NROWS 174 
XLLCORNER -17.013743324 
YLLCORNER 21.41997106 
CELLSIZE 0.083238249234375 
NODATA_value -3.4e+38 
[rows 0 to 24 of 174, columns 116 to 173 of 192]
-3.4e+38 -3.4e+38 -3.4e+38 -3.4e+38 -3.4e+38 -3.4e+38 -3.4e+38 -3.4e+38 -3.4e+38 -3.4e+38 -3.4e+38 -3.4e+38 -3.4e+38 -3.4e+38 -3.4e+38 -3.4e+38 -3.4e+38 -3.4e+38 -3.4e+38 -3.4e+38 -3.4e+38 -3.4e+38 441.990203857422 443.433349609375 -3.4e+38 -3.4e+38 -3.4e+38 -3.4e+38 -3.4e+38 -3.4e+38 -3.4e+38 -3.4e+38 -3.4e+38 -3.4e+38 -3.4e+38 -3.4e+38 -3.4e+38 -3.4e+38 -3.4e+38 -3.4e+38 -3.4e+38 -3.4e+38 -3.4e+38 -3.4e+38 -3.4e+38 -3.4e+38 -3.4e+38 -3.4e+38 -3.4e+38 -3.4e+38 -3.4e+38 -3.4e+38 -3.4e+38 -3.4e+38 -3.4e+38 -3.4e+38 -3.4e+38 -3.4e+38
-3.4e+38 -3.4e+38 -3.4e+38 -3.4e+38 -3.4e+38 -3.4e+38 -3.4e+38 -3.4e+38 -3.4e+38 -3.4e+38 -3.4e+38 -3.4e+38 -3.4e+38 -3.4e+38 -3.4e+38 -3.4e+38 -3.4e+38 434.367614746094 434.1806640625 452.923797607422 461.950164794922 468.489959716797 478.806121826172 453.766540527344 -3.4e+38 -3.4e+38 -3.4e+38 -3.4e+38 -3.4e+38 -3.4e+38 -3.4e+38 -3.4e+38 -3.4e+38 -3.4e+38 -3.4e+38 -3.4e+38 -3.4e+38 -3.4e+38 -3.4e+38 -3.4e+38 -3.4e+38 -3.4e+38 -3.4e+38 -3.4e+38 -3.4e+38 -3.4e+38 -3.4e+38 -3.4e+38 -3.4e+38 -3.4e+38 -3.4e+38 -3.4e+38 -3.4e+38 -3.4e+38 -3.4e+38 -3.4e+38 -3.4e+38 -3.4e+38
-3.4e+38 -3.4e+38 -3.4e+38 -3.4e+38 -3.4e+38 -3.4e+38 -3.4e+38 -3.4e+38 -3.4e+38 -3.4e+38 -3.4e+38 -3.4e+38 -3.4e+38 -3.4e+38 -3.4e+38 -3.4e+38 -3.4e+38 456.415100097656 463.582336425781 475.969665527344 490.643341064453 497.764038085938 494.090515136719 454.982971191406 -3.4e+38 -3.4e+38 -3.4e+38 -3.4e+38 -3.4e+38 -3.4e+38 -3.4e+38 -3.4e+38 -3.4e+38 -3.4e+38 -3.4e+38 -3.4e+38 -3.4e+38 -3.4e+38 -3.4e+38 -3.4e+38 -3.4e+38 -3.4e+38 -3.4e+38 -3.4e+38 -3.4e+38 -3.4e+38 -3.4e+38 -3.4e+38 -3.4e+38 -3.4e+38 -3.4e+38 -3.4e+38 -3.4e+38 -3.4e+38 -3.4e+38 -3.4e+38 -3.4e+38 -3.4e+38
-3.4e+38 -3.4e+38 -3.4e+38 -3.4e+38 -3.4e+38 -3.4e+38 -3.4e+38 -3.4e+38 -3.4e+38 -3.4e+38 -3.4e+38 -3.4e+38 -3.4e+38 -3.4e+38 -3.4e+38 -3.4e+38 433.38427734375 454.641479492188 463.54638671875 464.978912353516 489.725952148438 493.048004150391 494.600860595703 476.74755859375 445.485748291016 -3.4e+38 -3.4e+38 -3.4e+38 -3.4e+38 -3.4e+38 -3.4e+38 -3.4e+38 -3.4e+38 -3.4e+38 -3.4e+38 -3.4e+38 -3.4e+38 -3.4e+38 -3.4e+38 -3.4e+38 -3.4e+38 -3.4e+38 -3.4e+38 -3.4e+38 -3.4e+38 -3.4e+38 -3.4e+38 -3.4e+38 -3.4e+38 -3.4e+38 -3.4e+38 -3.4e+38 -3.4e+38 -3.4e+38 -3.4e+38 -3.4e+38 -3.4e+38 -3.4e+38
-3.4e+38 -3.4e+38 -3.4e+38 -3.4e+38 -3.4e+38 -3.4e+38 -3.4e+38 -3.4e+38 -3.4e+38 -3.4e+38 -3.4e+38 -3.4e+38 -3.4e+38 -3.4e+38 -3.4e+38 -3.4e+38 444.433959960938 455.7294921875 461.952789306641 469.025177001953 494.481842041016 498.797210693359 480.926635742188 494.820251464844 469.398376464844 450.165740966797 -3.4e+38 -3.4e+38 -3.4e+38 -3.4e+38 -3.4e+38 -3.4e+38 -3.4e+38 -3.4e+38 -3.4e+38 -3.4e+38 -3.4e+38 -3.4e+38 -3.4e+38 -3.4e+38 -3.4e+38 -3.4e+38 -3.4e+38 -3.4e+38 -3.4e+38 -3.4e+38 -3.4e+38 -3.4e+38 -3.4e+38 -3.4e+38 -3.4e+38 -3.4e+38 -3.4e+38 -3.4e+38 -3.4e+38 -3.4e+38 -3.4e+38 -3.4e+38
-3.4e+38 -3.4e+38 -3.4e+38 -3.4e+38 -3.4e+38 -3.4e+38 -3.4e+38 -3.4e+38 -3.4e+38 -3.4e+38 -3.4e+38 -3.4e+38 -3.4e+38 -3.4e+38 -3.4e+38 436.776031494141 462.066864013672 477.025604248047 490.516357421875 516.275024414062 542.917053222656 511.955108642578 528.088562011719 547.951416015625 532.556640625 523.188049316406 465.991973876953 -3.4e+38 -3.4e+38 -3.4e+38 -3.4e+38 -3.4e+38 -3.4e+38 -3.4e+38 -3.4e+38 -3.4e+38 -3.4e+38 -3.4e+38 -3.4e+38 -3.4e+38 -3.4e+38 -3.4e+38 -3.4e+38 -3.4e+38 -3.4e+38 -3.4e+38 -3.4e+38 -3.4e+38 -3.4e+38 -3.4e+38 -3.4e+38 -3.4e+38 -3.4e+38 -3.4e+38 -3.4e+38 -3.4e+38 -3.4e+38 -3.4e+38
-3.4e+38 -3.4e+38 -3.4e+38 -3.4e+38 -3.4e+38 -3.4e+38 -3.4e+38 -3.4e+38 -3.4e+38 -3.4e+38 -3.4e+38 -3.4e+38 -3.4e+38 -3.4e+38 -3.4e+38 454.046051025391 487.322204589844 496.773498535156 513.318054199219 523.795349121094 551.921508789062 553.86083984375 560.678283691406 579.310852050781 588.320007324219 526.931945800781 497.083282470703 497.607147216797 -3.4e+38 -3.4e+38 -3.4e+38 -3.4e+38 -3.4e+38 -3.4e+38 -3.4e+38 -3.4e+38 -3.4e+38 -3.4e+38 -3.4e+38 -3.4e+38 -3.4e+38 -3.4e+38 -3.4e+38 -3.4e+38 -3.4e+38 -3.4e+38 -3.4e+38 -3.4e+38 -3.4e+38 -3.4e+38 -3.4e+38 -3.4e+38 -3.4e+38 -3.4e+38 -3.4e+38 -3.4e+38 -3.4e+38 -3.4e+38
-3.4e+38 -3.4e+38 -3.4e+38 -3.4e+38 -3.4e+38 -3.4e+38 -3.4e+38 -3.4e+38 -3.4e+38 -3.4e+38 -3.4e+38 -3.4e+38 -3.4e+38 -3.4e+38 -3.4e+38 463.876647949219 494.702270507812 513.359924316406 536.00244140625 543.2578125 561.714721679688 581.153442382812 583.899353027344 593.094604492188 591.946594238281 550.948364257812 579.591674804688 547.485656738281 494.648101806641 499.204223632812 -3.4e+38 -3.4e+38 -3.4e+38 -3.4e+38 -3.4e+38 -3.4e+38 -3.4e+38 -3.4e+38 -3.4e+38 -3.4e+38 -3.4e+38 -3.4e+38 -3.4e+38 -3.4e+38 -3.4e+38 -3.4e+38 -3.4e+38 -3.4e+38 -3.4e+38 -3.4e+38 -3.4e+38 486.175415039062 -3.4e+38 -3.4e+38 -3.4e+38 -3.4e+38 -3.4e+38 -3.4e+38
-3.4e+38 -3.4e+38 -3.4e+38 -3.4e+38 -3.4e+38 -3.4e+38 -3.4e+38 -3.4e+38 -3.4e+38 -3.4e+38 -3.4e+38 -3.4e+38 -3.4e+38 -3.4e+38 398.512634277344 450.039916992188 486.990966796875 504.681854248047 519.847412109375 565.177001953125 577.981506347656 599.201538085938 590.689025878906 581.395202636719 575.304870605469 595.391052246094 594.207641601562 575.021728515625 552.890502929688 553.454528808594 506.343505859375 482.423309326172 459.546997070312 -3.4e+38 -3.4e+38 -3.4e+38 -3.4e+38 -3.4e+38 -3.4e+38 465.436981201172 468.087310791016 442.032653808594 439.081756591797 491.085540771484 470.323455810547 465.953948974609 -3.4e+38 -3.4e+38 470.566101074219 478.168121337891 486.989501953125 504.338500976562 494.76513671875 -3.4e+38 -3.4e+38 -3.4e+38 -3.4e+38 -3.4e+38
-3.4e+38 -3.4e+38 -3.4e+38 -3.4e+38 -3.4e+38 -3.4e+38 -3.4e+38 -3.4e+38 -3.4e+38 -3.4e+38 -3.4e+38 -3.4e+38 -3.4e+38 -3.4e+38 408.423614501953 436.05810546875 474.462982177734 497.401306152344 517.926574707031 548.759521484375 579.794921875 577.406311035156 594.514587402344 598.694274902344 580.67041015625 598.227172851562 607.388305664062 604.865539550781 588.139221191406 589.188842773438 593.336547851562 543.510314941406 538.301696777344 517.312866210938 479.623687744141 459.262939453125 465.745666503906 497.573638916016 515.358032226562 513.239868164062 497.431457519531 476.860504150391 475.102905273438 523.11962890625 504.338684082031 522.943176269531 531.611877441406 513.396606445312 495.42919921875 494.603973388672 491.372955322266 495.293487548828 485.202514648438 475.245483398438 -3.4e+38 -3.4e+38 -3.4e+38 -3.4e+38
-3.4e+38 -3.4e+38 -3.4e+38 -3.4e+38 -3.4e+38 -3.4e+38 -3.4e+38 -3.4e+38 -3.4e+38 -3.4e+38 -3.4e+38 -3.4e+38 -3.4e+38 401.527130126953 432.586761474609 454.585571289062 477.513549804688 497.39501953125 494.553009033203 547.913269042969 534.682922363281 566.744567871094 581.040344238281 583.619750976562 599.714111328125 608.584289550781 604.788391113281 617.083862304688 608.046569824219 602.508911132812 590.65576171875 595.024108886719 560.609252929688 587.944030761719 551.078002929688 547.269897460938 534.55712890625 549.287353515625 556.038452148438 532.323974609375 532.129821777344 535.916809082031 526.309997558594 555.384887695312 554.504089355469 545.477294921875 530.864013671875 519.913696289062 506.717590332031 499.333709716797 494.847412109375 491.198760986328 487.718719482422 482.935485839844 488.954132080078 490.449127197266 486.887878417969 481.589324951172
-3.4e+38 -3.4e+38 -3.4e+38 -3.4e+38 -3.4e+38 -3.4e+38 -3.4e+38 -3.4e+38 -3.4e+38 -3.4e+38 -3.4e+38 -3.4e+38 -3.4e+38 427.240173339844 459.289672851562 494.620208740234 501.580780029297 504.580780029297 500.838470458984 494.091094970703 544.083801269531 565.539123535156 585.822570800781 608.229064941406 610.393310546875 611.205505371094 619.268859863281 609.111938476562 614.173034667969 607.859252929688 610.336181640625 601.137145996094 594.4150390625 595.521850585938 590.459106445312 591.664978027344 587.324462890625 576.206115722656 576.491333007812 595.485900878906 593.463073730469 565.654174804688 545.168151855469 590.7138671875 564.988586425781 535.552978515625 526.42041015625 518.815734863281 512.426330566406 503.693939208984 492.060699462891 483.887298583984 481.664398193359 480.119110107422 480.940795898438 479.70263671875 479.983642578125 480.014984130859
-3.4e+38 -3.4e+38 -3.4e+38 -3.4e+38 -3.4e+38 -3.4e+38 -3.4e+38 -3.4e+38 -3.4e+38 -3.4e+38 -3.4e+38 -3.4e+38 420.307434082031 453.8935546875 472.694274902344 504.653869628906 515.822998046875 518.748962402344 525.525573730469 522.566101074219 562.122009277344 577.813720703125 583.918090820312 610.267028808594 609.216796875 603.597045898438 607.046203613281 613.131591796875 614.116149902344 620.739868164062 635.684875488281 621.586791992188 592.964477539062 599.312316894531 599.022705078125 598.596862792969 605.785278320312 598.785461425781 608.150817871094 615.2578125 597.15087890625 581.122619628906 574.965209960938 570.543029785156 560.127990722656 552.478393554688 541.264465332031 531.396118164062 519.864013671875 506.331237792969 504.172760009766 505.099090576172 483.786712646484 473.863098144531 462.48583984375 463.317077636719 465.299957275391 461.269409179688
-3.4e+38 -3.4e+38 -3.4e+38 -3.4e+38 -3.4e+38 -3.4e+38 -3.4e+38 -3.4e+38 -3.4e+38 -3.4e+38 -3.4e+38 -3.4e+38 453.265747070312 483.204345703125 507.586151123047 529.248107910156 537.276000976562 541.526550292969 546.697998046875 561.227722167969 560.18896484375 578.136596679688 588.952514648438 597.796997070312 606.854675292969 602.179260253906 604.712646484375 611.795104980469 614.882080078125 617.441101074219 627.315490722656 628.301086425781 618.440979003906 599.549072265625 598.362915039062 602.141723632812 607.879455566406 614.26611328125 616.671569824219 616.669494628906 609.245666503906 621.383178710938 609.550354003906 602.112365722656 584.984191894531 562.759582519531 549.914916992188 547.882507324219 523.934387207031 505.755065917969 510.457733154297 491.206573486328 468.635375976562 459.826629638672 445.068176269531 445.521942138672 455.876892089844 488.620452880859
-3.4e+38 -3.4e+38 -3.4e+38 -3.4e+38 -3.4e+38 -3.4e+38 -3.4e+38 -3.4e+38 -3.4e+38 -3.4e+38 -3.4e+38 442.334503173828 470.285583496094 494.618072509766 518.305053710938 540.009704589844 555.673461914062 557.656677246094 558.302185058594 560.283325195312 566.157775878906 569.996948242188 577.268432617188 592.052490234375 605.09716796875 592.697570800781 590.849853515625 609.736877441406 605.962280273438 613.617919921875 617.941040039062 622.26806640625 619.830078125 612.294799804688 605.248718261719 605.418273925781 608.954162597656 615.211120605469 615.616516113281 619.071472167969 621.006286621094 620.935119628906 618.807739257812 600.776489257812 586.6376953125 574.316223144531 566.692443847656 560.46533203125 539.289184570312 522.645629882812 500.426635742188 470.182312011719 437.717224121094 434.198150634766 424.905609130859 453.902740478516 497.216735839844 537.274047851562
-3.4e+38 -3.4e+38 -3.4e+38 -3.4e+38 -3.4e+38 -3.4e+38 -3.4e+38 -3.4e+38 -3.4e+38 -3.4e+38 -3.4e+38 451.796112060547 479.583557128906 496.534210205078 516.394775390625 537.565979003906 550.124145507812 557.617980957031 564.332153320312 564.466125488281 564.991149902344 568.201477050781 576.558227539062 582.161193847656 582.0126953125 566.407775878906 547.269470214844 590.767272949219 592.180114746094 608.693664550781 608.918640136719 612.484130859375 611.89453125 607.110168457031 604.696838378906 605.32763671875 613.476928710938 618.738342285156 620.008911132812 620.496887207031 619.072326660156 613.186584472656 617.9951171875 608.311706542969 606.936950683594 608.692504882812 595.235290527344 567.585144042969 545.199890136719 540.40185546875 489.062164306641 448.904815673828 407.570343017578 409.7548828125 413.439086914062 429.972625732422 470.563934326172 491.818695068359
-3.4e+38 -3.4e+38 -3.4e+38 -3.4e+38 -3.4e+38 -3.4e+38 -3.4e+38 -3.4e+38 -3.4e+38 -3.4e+38 435.420074462891 462.139984130859 480.222961425781 494.064910888672 513.283386230469 532.008666992188 535.305114746094 553.846740722656 564.124450683594 566.348388671875 569.103332519531 570.737426757812 571.322570800781 573.544311523438 572.974792480469 572.261535644531 558.720520019531 551.717590332031 572.30517578125 598.488037109375 599.904174804688 601.628662109375 600.860168457031 602.234680175781 610.692626953125 614.343627929688 615.305603027344 617.322631835938 614.054077148438 622.873046875 626.720764160156 623.2470703125 624.25439453125 620.672180175781 624.102416992188 629.23583984375 619.46337890625 574.588439941406 546.1435546875 515.900573730469 476.594116210938 435.09716796875 409.704772949219 398.011260986328 400.246612548828 431.580200195312 467.582946777344 497.245025634766
-3.4e+38 -3.4e+38 -3.4e+38 -3.4e+38 -3.4e+38 -3.4e+38 -3.4e+38 -3.4e+38 -3.4e+38 -3.4e+38 446.334320068359 468.298645019531 488.524688720703 505.290496826172 522.497314453125 539.62548828125 534.723388671875 534.265686035156 547.476623535156 557.012512207031 557.281494140625 559.097412109375 564.599365234375 564.124938964844 569.307556152344 579.042419433594 587.464782714844 595.440307617188 597.04296875 603.78515625 604.333679199219 605.392211914062 607.995971679688 608.911315917969 608.263549804688 612.370788574219 617.515441894531 620.226867675781 626.34423828125 634.212890625 638.551513671875 637.367126464844 634.878234863281 632.923645019531 631.896789550781 620.600341796875 607.394104003906 589.013916015625 565.612243652344 523.560180664062 477.907897949219 443.925750732422 401.148864746094 383.162628173828 420.656005859375 461.564147949219 501.652587890625 538.245300292969
-3.4e+38 -3.4e+38 -3.4e+38 -3.4e+38 -3.4e+38 -3.4e+38 -3.4e+38 -3.4e+38 -3.4e+38 428.164489746094 448.557250976562 470.802551269531 492.141754150391 510.321472167969 521.43115234375 526.484802246094 528.154968261719 540.34912109375 539.029113769531 535.188537597656 547.854309082031 557.113586425781 566.323913574219 576.621276855469 583.818176269531 585.211608886719 587.150756835938 591.267333984375 595.783996582031 604.200378417969 608.554931640625 613.246459960938 617.829223632812 613.622436523438 618.680236816406 624.925964355469 628.443359375 633.161865234375 633.041870117188 634.447204589844 638.789001464844 638.117004394531 638.436157226562 639.487487792969 633.98095703125 628.421447753906 621.198181152344 605.740600585938 572.26904296875 534.420166015625 502.262237548828 463.351501464844 430.078948974609 400.191040039062 444.369293212891 541.002685546875 564.61572265625 586.211669921875
-3.4e+38 -3.4e+38 -3.4e+38 -3.4e+38 -3.4e+38 -3.4e+38 -3.4e+38 -3.4e+38 401.063842773438 433.762023925781 450.979278564453 465.749603271484 478.843872070312 493.052856445312 506.656097412109 520.687683105469 524.659973144531 537.284057617188 540.71484375 539.802368164062 557.375793457031 567.673767089844 560.974487304688 567.9541015625 574.961669921875 577.089233398438 578.44091796875 583.878356933594 584.820983886719 598.397399902344 605.466186523438 606.122192382812 607.96435546875 616.6669921875 627.831970214844 632.499633789062 624.379821777344 632.430114746094 638.511596679688 639.405822753906 642.93408203125 644.455749511719 645.697937011719 643.33203125 638.64208984375 635.886108398438 633.783569335938 624.473693847656 593.819519042969 561.008178710938 531.140014648438 499.864807128906 486.419128417969 475.832183837891 529.681640625 529.9013671875 600.077453613281 629.820251464844
-3.4e+38 -3.4e+38 -3.4e+38 -3.4e+38 -3.4e+38 -3.4e+38 -3.4e+38 -3.4e+38 412.019805908203 436.153045654297 449.768859863281 463.096038818359 474.693908691406 488.938171386719 503.489410400391 519.501098632812 533.042663574219 547.155517578125 545.698608398438 542.123046875 553.728759765625 569.545349121094 561.19482421875 564.286804199219 575.249572753906 580.384460449219 591.589965820312 597.280700683594 589.826538085938 593.794250488281 596.0048828125 599.271423339844 611.152648925781 624.677490234375 626.141845703125 628.236389160156 623.050415039062 626.767456054688 631.075256347656 636.576782226562 646.4755859375 649.740356445312 646.993713378906 646.190856933594 641.515808105469 641.606201171875 643.580200195312 641.199096679688 622.290222167969 588.8623046875 562.405090332031 535.570007324219 521.197204589844 519.985717773438 556.767578125 552.006164550781 542.081481933594 561.640869140625
-3.4e+38 -3.4e+38 -3.4e+38 -3.4e+38 -3.4e+38 -3.4e+38 -3.4e+38 390.547241210938 413.568908691406 437.790008544922 447.7451171875 458.576202392578 475.358489990234 487.823455810547 497.772705078125 511.44970703125 520.90087890625 538.05078125 553.679077148438 548.874328613281 560.041137695312 569.070495605469 571.890197753906 573.428955078125 571.685485839844 582.514038085938 585.783203125 599.318237304688 596.961242675781 597.812805175781 610.599792480469 585.013671875 586.151550292969 601.441955566406 622.114562988281 628.588256835938 625.248596191406 620.375915527344 626.190856933594 641.037231445312 648.452087402344 651.0693359375 647.202209472656 646.652221679688 648.425109863281 648.128295898438 646.072448730469 640.311218261719 624.951721191406 601.7529296875 585.142272949219 565.378356933594 553.768371582031 549.75537109375 565.369262695312 589.745788574219 594.072021484375 613.327575683594
-3.4e+38 -3.4e+38 -3.4e+38 -3.4e+38 -3.4e+38 -3.4e+38 373.595123291016 396.838500976562 411.250518798828 433.706848144531 447.7724609375 460.921081542969 473.132202148438 484.928924560547 496.553802490234 513.106994628906 515.742248535156 518.0849609375 548.154541015625 555.649169921875 556.336364746094 569.392822265625 589.40966796875 584.792724609375 573.837890625 593.372314453125 591.230163574219 596.849304199219 594.672241210938 599.233459472656 613.491027832031 622.729858398438 622.563232421875 622.242309570312 634.082763671875 640.419372558594 622.696411132812 616.124938964844 630.94873046875 644.906188964844 650.326293945312 647.276184082031 645.761840820312 646.690002441406 647.328674316406 646.933227539062 644.027038574219 635.459350585938 624.033508300781 613.550415039062 610.46044921875 601.173156738281 601.281677246094 600.3525390625 609.047241210938 620.603393554688 635.744384765625 645.830932617188
-3.4e+38 -3.4e+38 -3.4e+38 -3.4e+38 -3.4e+38 368.702484130859 388.880767822266 404.481536865234 422.697174072266 439.524505615234 451.809844970703 464.381958007812 476.194854736328 488.598846435547 500.258087158203 515.995361328125 519.861877441406 509.830505371094 533.581604003906 550.098083496094 554.31201171875 554.730834960938 576.162658691406 585.647888183594 587.776733398438 596.438232421875 604.915466308594 612.525207519531 616.175964355469 616.339294433594 614.70849609375 625.581848144531 630.602722167969 637.232482910156 642.580444335938 646.340881347656 634.6240234375 640.836486816406 645.286499023438 644.432006835938 644.146423339844 646.343139648438 648.457275390625 647.541381835938 646.216918945312 645.322937011719 640.509216308594 636.694702148438 632.33251953125 626.594299316406 642.256164550781 661.214965820312 680.805908203125 671.017944335938 658.485046386719 664.496398925781 652.32177734375 646.254211425781
-3.4e+38 -3.4e+38 -3.4e+38 366.068969726562 381.916290283203 398.26904296875 407.205596923828 402.163177490234 424.146453857422 438.356231689453 449.736755371094 468.203643798828 480.572174072266 489.708923339844 506.209747314453 517.845825195312 511.867889404297 518.38525390625 534.866882324219 553.561950683594 563.191101074219 561.90478515625 579.585021972656 592.69140625 598.271545410156 606.480895996094 611.410034179688 617.969604492188 624.597717285156 630.283630371094 630.724548339844 635.548706054688 626.623107910156 641.016906738281 647.517578125 653.675964355469 652.806335449219 651.131530761719 654.448974609375 649.44580078125 640.316101074219 652.860473632812 650.351867675781 652.357116699219 644.718872070312 642.587829589844 641.965515136719 639.676452636719 648.313659667969 655.112731933594 684.706420898438 687.0751953125 677.757995605469 669.541137695312 665.170349121094 663.601379394531 653.648193359375 647.622741699219
