rasters/Morocco_bio4.asc
NCOLS 192 
NROWS 174 
XLLCORNER -17.013743324 
YLLCORNER 21.41997106 
CELLSIZE 0.083238249234375 
NODATA_value -3.4e+38 
[rows 50 to 74 of 174, columns 58 to 115 of 192]
-3.4e+38 -3.4e+38 -3.4e+38 -3.4e+38 -3.4e+38 -3.4e+38 -3.4e+38 -3.4e+38 -3.4e+38 -3.4e+38 -3.4e+38 -3.4e+38 -3.4e+38 -3.4e+38 -3.4e+38 -3.4e+38 -3.4e+38 -3.4e+38 -3.4e+38 -3.4e+38 -3.4e+38 -3.4e+38 -3.4e+38 -3.4e+38 -3.4e+38 -3.4e+38 -3.4e+38 -3.4e+38 -3.4e+38 -3.4e+38 278.92138671875 343.779205322266 389.265655517578 417.446868896484 447.687927246094 462.002136230469 471.309417724609 489.584136962891 506.308746337891 517.718383789062 532.858947753906 546.941162109375 554.539123535156 560.075439453125 564.138488769531 566.079467773438 569.826293945312 571.800231933594 574.288452148438 576.31982421875 586.98193359375 595.455139160156 599.783569335938 604.587341308594 615.297180175781 622.271789550781 625.751281738281 627.980346679688
-3.4e+38 -3.4e+38 -3.4e+38 -3.4e+38 -3.4e+38 -3.4e+38 -3.4e+38 -3.4e+38 -3.4e+38 -3.4e+38 -3.4e+38 -3.4e+38 -3.4e+38 -3.4e+38 -3.4e+38 -3.4e+38 -3.4e+38 -3.4e+38 -3.4e+38 -3.4e+38 -3.4e+38 -3.4e+38 -3.4e+38 -3.4e+38 -3.4e+38 -3.4e+38 -3.4e+38 -3.4e+38 -3.4e+38 -3.4e+38 298.177062988281 358.283599853516 398.460113525391 426.1181640625 453.842468261719 468.034820556641 480.982208251953 499.594116210938 519.189819335938 537.096984863281 553.21533203125 564.012451171875 568.497802734375 568.851196289062 569.243530273438 569.853393554688 559.132568359375 557.415893554688 566.327270507812 574.77783203125 578.536437988281 588.314880371094 595.662292480469 606.830078125 613.845153808594 618.071838378906 619.308532714844 629.465209960938
-3.4e+38 -3.4e+38 -3.4e+38 -3.4e+38 -3.4e+38 -3.4e+38 -3.4e+38 -3.4e+38 -3.4e+38 -3.4e+38 -3.4e+38 -3.4e+38 -3.4e+38 -3.4e+38 -3.4e+38 -3.4e+38 -3.4e+38 -3.4e+38 -3.4e+38 -3.4e+38 -3.4e+38 -3.4e+38 -3.4e+38 -3.4e+38 -3.4e+38 -3.4e+38 -3.4e+38 -3.4e+38 -3.4e+38 255.897094726562 327.233978271484 375.702453613281 403.227142333984 427.370788574219 452.127593994141 471.177581787109 489.362060546875 507.384857177734 526.202880859375 544.456359863281 567.24951171875 572.7275390625 569.035278320312 566.920959472656 567.544921875 569.182739257812 560.25927734375 559.712219238281 564.780212402344 579.689819335938 583.489440917969 587.136962890625 597.546569824219 609.030395507812 611.4453125 618.417724609375 627.881469726562 639.324829101562
-3.4e+38 -3.4e+38 -3.4e+38 -3.4e+38 -3.4e+38 -3.4e+38 -3.4e+38 -3.4e+38 -3.4e+38 -3.4e+38 -3.4e+38 -3.4e+38 -3.4e+38 -3.4e+38 -3.4e+38 -3.4e+38 -3.4e+38 -3.4e+38 -3.4e+38 -3.4e+38 -3.4e+38 -3.4e+38 -3.4e+38 -3.4e+38 -3.4e+38 -3.4e+38 -3.4e+38 -3.4e+38 229.267883300781 284.125396728516 339.087707519531 378.859924316406 410.927795410156 430.214172363281 453.876251220703 471.804168701172 489.368682861328 506.710784912109 522.904418945312 536.808227539062 550.643920898438 560.014770507812 565.374206542969 565.462646484375 567.027770996094 569.253479003906 567.928527832031 566.731262207031 573.258117675781 583.923706054688 591.741821289062 594.284057617188 598.488037109375 611.563903808594 624.950744628906 627.374633789062 643.861755371094 634.290405273438
-3.4e+38 -3.4e+38 -3.4e+38 -3.4e+38 -3.4e+38 -3.4e+38 -3.4e+38 -3.4e+38 -3.4e+38 -3.4e+38 -3.4e+38 -3.4e+38 -3.4e+38 -3.4e+38 -3.4e+38 -3.4e+38 -3.4e+38 -3.4e+38 -3.4e+38 -3.4e+38 -3.4e+38 -3.4e+38 -3.4e+38 -3.4e+38 -3.4e+38 -3.4e+38 -3.4e+38 -3.4e+38 247.191879272461 311.143890380859 352.986022949219 384.213165283203 410.7626953125 433.727630615234 454.569458007812 471.663330078125 482.718780517578 496.056182861328 508.734008789062 526.779052734375 542.996459960938 553.90576171875 562.189086914062 563.431457519531 562.135375976562 564.901611328125 571.718322753906 574.288330078125 572.383178710938 586.599365234375 594.979125976562 600.838073730469 597.468383789062 609.332275390625 654.242248535156 646.114318847656 655.380126953125 662.069885253906
-3.4e+38 -3.4e+38 -3.4e+38 -3.4e+38 -3.4e+38 -3.4e+38 -3.4e+38 -3.4e+38 -3.4e+38 -3.4e+38 -3.4e+38 -3.4e+38 -3.4e+38 -3.4e+38 -3.4e+38 -3.4e+38 -3.4e+38 -3.4e+38 -3.4e+38 -3.4e+38 -3.4e+38 -3.4e+38 -3.4e+38 -3.4e+38 -3.4e+38 -3.4e+38 -3.4e+38 -3.4e+38 273.234771728516 327.259185791016 373.348754882812 394.921447753906 427.216094970703 444.539428710938 458.974395751953 472.382141113281 482.078033447266 489.108978271484 501.297698974609 520.109619140625 533.529296875 543.548400878906 553.851745605469 562.090148925781 558.371459960938 567.972045898438 579.372375488281 579.292419433594 576.202941894531 595.958984375 597.786560058594 602.866943359375 612.720825195312 623.822448730469 669.917724609375 667.862731933594 685.804382324219 681.121154785156
-3.4e+38 -3.4e+38 -3.4e+38 -3.4e+38 -3.4e+38 -3.4e+38 -3.4e+38 -3.4e+38 -3.4e+38 -3.4e+38 -3.4e+38 -3.4e+38 -3.4e+38 -3.4e+38 -3.4e+38 -3.4e+38 -3.4e+38 -3.4e+38 -3.4e+38 -3.4e+38 -3.4e+38 -3.4e+38 -3.4e+38 -3.4e+38 -3.4e+38 -3.4e+38 -3.4e+38 -3.4e+38 287.724151611328 346.418304443359 383.068450927734 406.045227050781 432.543853759766 455.96630859375 473.088775634766 484.399322509766 490.395843505859 492.278564453125 496.5634765625 506.115142822266 511.550811767578 524.087524414062 540.077514648438 555.792907714844 550.343383789062 568.229187011719 573.510192871094 576.662292480469 575.539672851562 584.297973632812 603.920349121094 643.175720214844 667.168090820312 660.383972167969 680.92333984375 678.028686523438 672.341674804688 680.882263183594
-3.4e+38 -3.4e+38 -3.4e+38 -3.4e+38 -3.4e+38 -3.4e+38 -3.4e+38 -3.4e+38 -3.4e+38 -3.4e+38 -3.4e+38 -3.4e+38 -3.4e+38 -3.4e+38 -3.4e+38 -3.4e+38 -3.4e+38 -3.4e+38 -3.4e+38 -3.4e+38 -3.4e+38 -3.4e+38 -3.4e+38 -3.4e+38 -3.4e+38 -3.4e+38 -3.4e+38 -3.4e+38 295.87744140625 347.182647705078 375.074035644531 407.456665039062 442.126373291016 467.780181884766 478.121612548828 495.739624023438 504.744903564453 498.220916748047 506.135589599609 521.127807617188 523.144226074219 525.3798828125 561.924011230469 575.261047363281 569.005126953125 595.766418457031 583.803466796875 595.965454101562 588.595703125 614.769836425781 644.260437011719 673.777587890625 689.616882324219 692.719604492188 662.84619140625 666.793640136719 676.237915039062 681.005249023438
-3.4e+38 -3.4e+38 -3.4e+38 -3.4e+38 -3.4e+38 -3.4e+38 -3.4e+38 -3.4e+38 -3.4e+38 -3.4e+38 -3.4e+38 -3.4e+38 -3.4e+38 -3.4e+38 -3.4e+38 -3.4e+38 -3.4e+38 -3.4e+38 -3.4e+38 -3.4e+38 -3.4e+38 -3.4e+38 -3.4e+38 -3.4e+38 -3.4e+38 -3.4e+38 -3.4e+38 -3.4e+38 303.614166259766 359.025390625 391.298797607422 415.740753173828 441.600372314453 467.634246826172 479.880828857422 490.406311035156 505.797302246094 509.544128417969 528.496948242188 554.284118652344 559.898010253906 554.901489257812 586.10693359375 573.586181640625 601.329162597656 624.400085449219 621.016357421875 617.052856445312 604.003356933594 645.914611816406 684.410827636719 664.561096191406 663.608337402344 665.934997558594 671.872680664062 674.096374511719 675.302124023438 682.951416015625
-3.4e+38 -3.4e+38 -3.4e+38 -3.4e+38 -3.4e+38 -3.4e+38 -3.4e+38 -3.4e+38 -3.4e+38 -3.4e+38 -3.4e+38 -3.4e+38 -3.4e+38 -3.4e+38 -3.4e+38 -3.4e+38 -3.4e+38 -3.4e+38 -3.4e+38 -3.4e+38 -3.4e+38 -3.4e+38 -3.4e+38 -3.4e+38 -3.4e+38 -3.4e+38 -3.4e+38 -3.4e+38 310.861297607422 371.218658447266 400.770294189453 424.569122314453 443.847137451172 463.751190185547 479.564300537109 499.254089355469 510.691833496094 506.151702880859 534.134338378906 564.28173828125 589.387451171875 575.740112304688 602.055969238281 624.096984863281 627.021118164062 609.402465820312 597.352111816406 609.487426757812 616.571594238281 642.385131835938 649.174011230469 635.999328613281 655.938232421875 674.178405761719 677.180114746094 680.293884277344 682.758178710938 688.69775390625
-3.4e+38 -3.4e+38 -3.4e+38 -3.4e+38 -3.4e+38 -3.4e+38 -3.4e+38 -3.4e+38 -3.4e+38 -3.4e+38 -3.4e+38 -3.4e+38 -3.4e+38 -3.4e+38 -3.4e+38 -3.4e+38 -3.4e+38 -3.4e+38 -3.4e+38 -3.4e+38 -3.4e+38 -3.4e+38 -3.4e+38 -3.4e+38 -3.4e+38 -3.4e+38 -3.4e+38 -3.4e+38 307.588165283203 369.650787353516 398.239074707031 414.839813232422 439.271789550781 462.973022460938 484.078491210938 504.400329589844 501.495452880859 507.260437011719 528.751281738281 550.263854980469 586.122985839844 605.032836914062 604.645202636719 606.081176757812 590.676818847656 594.777160644531 606.419616699219 597.720886230469 612.141906738281 647.981323242188 636.314514160156 642.019592285156 669.276062011719 684.973693847656 685.001342773438 681.862243652344 690.883544921875 696.065002441406
-3.4e+38 -3.4e+38 -3.4e+38 -3.4e+38 -3.4e+38 -3.4e+38 -3.4e+38 -3.4e+38 -3.4e+38 -3.4e+38 -3.4e+38 -3.4e+38 -3.4e+38 -3.4e+38 -3.4e+38 -3.4e+38 -3.4e+38 -3.4e+38 -3.4e+38 -3.4e+38 -3.4e+38 -3.4e+38 -3.4e+38 -3.4e+38 -3.4e+38 -3.4e+38 -3.4e+38 -3.4e+38 307.887115478516 355.085815429688 379.880157470703 414.115997314453 447.039611816406 478.208099365234 500.654235839844 499.851531982422 495.489135742188 514.905212402344 545.854064941406 581.763488769531 574.700927734375 566.346984863281 562.434631347656 557.670471191406 553.58056640625 562.550109863281 572.131286621094 590.260864257812 614.718200683594 627.811767578125 631.386779785156 637.498840332031 662.865478515625 685.168395996094 698.662719726562 690.857482910156 693.357238769531 697.642150878906
-3.4e+38 -3.4e+38 -3.4e+38 -3.4e+38 -3.4e+38 -3.4e+38 -3.4e+38 -3.4e+38 -3.4e+38 -3.4e+38 -3.4e+38 -3.4e+38 -3.4e+38 -3.4e+38 -3.4e+38 -3.4e+38 -3.4e+38 -3.4e+38 -3.4e+38 -3.4e+38 -3.4e+38 -3.4e+38 -3.4e+38 -3.4e+38 -3.4e+38 -3.4e+38 -3.4e+38 -3.4e+38 310.110412597656 344.542602539062 378.962127685547 412.529205322266 466.732574462891 490.477508544922 492.082366943359 469.266967773438 505.859313964844 502.218139648438 520.510803222656 518.13720703125 512.800598144531 532.667724609375 526.852661132812 530.287292480469 535.775146484375 545.0380859375 560.924377441406 568.929504394531 583.910095214844 602.050476074219 619.740539550781 638.7958984375 665.31591796875 685.843688964844 702.4755859375 698.18115234375 696.614440917969 701.807495117188
-3.4e+38 -3.4e+38 -3.4e+38 -3.4e+38 -3.4e+38 -3.4e+38 -3.4e+38 -3.4e+38 -3.4e+38 -3.4e+38 -3.4e+38 -3.4e+38 -3.4e+38 -3.4e+38 -3.4e+38 -3.4e+38 -3.4e+38 -3.4e+38 -3.4e+38 -3.4e+38 -3.4e+38 -3.4e+38 -3.4e+38 -3.4e+38 -3.4e+38 -3.4e+38 -3.4e+38 -3.4e+38 293.236694335938 328.442199707031 374.958343505859 411.814575195312 441.974914550781 449.236450195312 441.016662597656 443.882263183594 446.337341308594 445.262664794922 452.235778808594 468.442352294922 476.239654541016 487.607452392578 493.340026855469 496.812164306641 509.190795898438 530.490905761719 557.942626953125 572.440673828125 593.629089355469 611.168518066406 639.821899414062 651.143737792969 661.528137207031 671.531982421875 683.529357910156 690.85595703125 695.439086914062 702.533630371094
-3.4e+38 -3.4e+38 -3.4e+38 -3.4e+38 -3.4e+38 -3.4e+38 -3.4e+38 -3.4e+38 -3.4e+38 -3.4e+38 -3.4e+38 -3.4e+38 -3.4e+38 -3.4e+38 -3.4e+38 -3.4e+38 -3.4e+38 -3.4e+38 -3.4e+38 -3.4e+38 -3.4e+38 -3.4e+38 -3.4e+38 -3.4e+38 -3.4e+38 -3.4e+38 -3.4e+38 -3.4e+38 -3.4e+38 -3.4e+38 331.449462890625 374.455200195312 407.396728515625 405.906921386719 400.623779296875 407.189453125 414.221954345703 425.693878173828 432.86962890625 440.423950195312 452.308654785156 466.930206298828 477.90087890625 491.961334228516 517.801391601562 543.578247070312 570.631469726562 583.001586914062 608.180480957031 615.761169433594 621.361633300781 635.857543945312 651.765747070312 669.513549804688 682.411254882812 691.997314453125 698.90478515625 704.784484863281
-3.4e+38 -3.4e+38 -3.4e+38 -3.4e+38 -3.4e+38 -3.4e+38 -3.4e+38 -3.4e+38 -3.4e+38 -3.4e+38 -3.4e+38 -3.4e+38 -3.4e+38 -3.4e+38 -3.4e+38 -3.4e+38 -3.4e+38 -3.4e+38 -3.4e+38 -3.4e+38 -3.4e+38 -3.4e+38 -3.4e+38 -3.4e+38 -3.4e+38 -3.4e+38 -3.4e+38 -3.4e+38 -3.4e+38 -3.4e+38 302.580780029297 346.640350341797 371.040679931641 379.747863769531 390.731811523438 396.485809326172 401.872528076172 413.595672607422 420.992004394531 431.482299804688 447.235748291016 471.803009033203 494.355834960938 520.161071777344 555.675354003906 587.998962402344 604.09521484375 608.366638183594 620.142150878906 622.424743652344 635.315002441406 653.126647949219 664.089233398438 677.630920410156 688.342712402344 695.984436035156 701.433288574219 707.464782714844
-3.4e+38 -3.4e+38 -3.4e+38 -3.4e+38 -3.4e+38 -3.4e+38 -3.4e+38 -3.4e+38 -3.4e+38 -3.4e+38 -3.4e+38 -3.4e+38 -3.4e+38 -3.4e+38 -3.4e+38 -3.4e+38 -3.4e+38 -3.4e+38 -3.4e+38 -3.4e+38 -3.4e+38 -3.4e+38 -3.4e+38 -3.4e+38 -3.4e+38 -3.4e+38 -3.4e+38 -3.4e+38 -3.4e+38 -3.4e+38 -3.4e+38 315.872833251953 353.829467773438 372.166168212891 381.131439208984 391.610046386719 405.457092285156 415.467163085938 425.479095458984 442.188751220703 468.67724609375 494.205810546875 515.801452636719 537.043090820312 558.44921875 576.551879882812 597.386779785156 614.93310546875 625.582336425781 634.632080078125 643.41748046875 659.118347167969 670.802856445312 680.020812988281 689.967895507812 698.671691894531 703.037414550781 709.931213378906
-3.4e+38 -3.4e+38 -3.4e+38 -3.4e+38 -3.4e+38 -3.4e+38 -3.4e+38 -3.4e+38 -3.4e+38 -3.4e+38 -3.4e+38 -3.4e+38 -3.4e+38 -3.4e+38 -3.4e+38 -3.4e+38 -3.4e+38 -3.4e+38 -3.4e+38 -3.4e+38 -3.4e+38 -3.4e+38 -3.4e+38 -3.4e+38 -3.4e+38 -3.4e+38 -3.4e+38 -3.4e+38 -3.4e+38 -3.4e+38 283.590179443359 324.079071044922 360.085906982422 380.800231933594 389.235015869141 392.316131591797 398.028930664062 413.735443115234 437.278747558594 457.894683837891 504.554412841797 533.656555175781 548.819091796875 568.388000488281 586.84765625 593.882629394531 612.416015625 623.155456542969 637.411682128906 651.52001953125 661.898376464844 669.423889160156 678.501586914062 688.480590820312 693.034606933594 698.8037109375 707.6318359375 718.420166015625
-3.4e+38 -3.4e+38 -3.4e+38 -3.4e+38 -3.4e+38 -3.4e+38 -3.4e+38 -3.4e+38 -3.4e+38 -3.4e+38 -3.4e+38 -3.4e+38 -3.4e+38 -3.4e+38 -3.4e+38 -3.4e+38 -3.4e+38 -3.4e+38 -3.4e+38 -3.4e+38 -3.4e+38 -3.4e+38 -3.4e+38 -3.4e+38 -3.4e+38 -3.4e+38 -3.4e+38 -3.4e+38 -3.4e+38 -3.4e+38 289.479797363281 329.726379394531 355.439971923828 374.076751708984 391.181549072266 406.419525146484 422.663055419922 440.273620605469 456.157318115234 483.178588867188 528.914733886719 557.216125488281 573.980224609375 591.837036132812 602.343200683594 616.997863769531 629.106506347656 641.359619140625 652.459228515625 660.079895019531 668.266296386719 678.582092285156 683.912414550781 694.999633789062 695.481628417969 701.881103515625 705.888305664062 713.803283691406
-3.4e+38 -3.4e+38 -3.4e+38 -3.4e+38 -3.4e+38 -3.4e+38 -3.4e+38 -3.4e+38 -3.4e+38 -3.4e+38 -3.4e+38 -3.4e+38 -3.4e+38 -3.4e+38 -3.4e+38 -3.4e+38 -3.4e+38 -3.4e+38 -3.4e+38 -3.4e+38 -3.4e+38 -3.4e+38 -3.4e+38 -3.4e+38 -3.4e+38 -3.4e+38 -3.4e+38 -3.4e+38 -3.4e+38 -3.4e+38 290.431060791016 332.040191650391 357.073791503906 377.540130615234 396.284790039062 420.8701171875 445.705261230469 475.328704833984 501.015075683594 535.625244140625 552.872009277344 570.675048828125 595.0595703125 612.357666015625 621.558166503906 634.648803710938 650.754516601562 647.282348632812 643.652893066406 657.54833984375 663.976379394531 672.738891601562 681.665893554688 690.874816894531 694.230041503906 699.557006835938 704.990600585938 716.409851074219
-3.4e+38 -3.4e+38 -3.4e+38 -3.4e+38 -3.4e+38 -3.4e+38 -3.4e+38 -3.4e+38 -3.4e+38 -3.4e+38 -3.4e+38 -3.4e+38 -3.4e+38 -3.4e+38 -3.4e+38 -3.4e+38 -3.4e+38 -3.4e+38 -3.4e+38 -3.4e+38 -3.4e+38 -3.4e+38 -3.4e+38 -3.4e+38 -3.4e+38 -3.4e+38 -3.4e+38 -3.4e+38 -3.4e+38 -3.4e+38 301.92138671875 339.701873779297 366.017852783203 386.215881347656 410.121276855469 444.933746337891 476.018371582031 501.917877197266 523.307434082031 549.832580566406 572.213317871094 586.493347167969 611.304626464844 618.48291015625 624.657775878906 631.27880859375 636.85009765625 636.874938964844 647.052612304688 662.947143554688 667.944396972656 673.411193847656 682.278259277344 689.505798339844 694.666748046875 700.880432128906 704.47021484375 712.655883789062
-3.4e+38 -3.4e+38 -3.4e+38 -3.4e+38 -3.4e+38 -3.4e+38 -3.4e+38 -3.4e+38 -3.4e+38 -3.4e+38 -3.4e+38 -3.4e+38 -3.4e+38 -3.4e+38 -3.4e+38 -3.4e+38 -3.4e+38 -3.4e+38 -3.4e+38 -3.4e+38 -3.4e+38 -3.4e+38 -3.4e+38 -3.4e+38 -3.4e+38 -3.4e+38 -3.4e+38 -3.4e+38 -3.4e+38 279.228240966797 315.028076171875 346.895568847656 372.846252441406 391.509887695312 432.626251220703 466.330993652344 524.804992675781 533.717590332031 549.598083496094 556.49560546875 578.923889160156 599.716491699219 614.377624511719 614.270935058594 627.89453125 636.968139648438 637.691955566406 639.341979980469 648.210876464844 663.571716308594 671.879577636719 677.388916015625 685.288940429688 694.142639160156 700.390869140625 698.529052734375 706.662963867188 714.801147460938
-3.4e+38 -3.4e+38 -3.4e+38 -3.4e+38 -3.4e+38 -3.4e+38 -3.4e+38 -3.4e+38 -3.4e+38 -3.4e+38 -3.4e+38 -3.4e+38 -3.4e+38 -3.4e+38 -3.4e+38 -3.4e+38 -3.4e+38 -3.4e+38 -3.4e+38 -3.4e+38 -3.4e+38 -3.4e+38 -3.4e+38 -3.4e+38 -3.4e+38 -3.4e+38 -3.4e+38 -3.4e+38 260.751251220703 298.076721191406 330.403717041016 348.815124511719 371.747314453125 397.670104980469 424.80810546875 464.313354492188 539.66162109375 561.216491699219 559.582824707031 569.433898925781 585.720275878906 607.946899414062 614.078247070312 608.889099121094 631.417175292969 632.467102050781 642.718688964844 652.0302734375 655.845458984375 654.940490722656 667.425048828125 681.996276855469 693.024780273438 693.085388183594 695.145935058594 702.934448242188 711.960876464844 715.323608398438
-3.4e+38 -3.4e+38 -3.4e+38 -3.4e+38 -3.4e+38 -3.4e+38 -3.4e+38 -3.4e+38 -3.4e+38 -3.4e+38 -3.4e+38 -3.4e+38 -3.4e+38 -3.4e+38 -3.4e+38 -3.4e+38 -3.4e+38 -3.4e+38 -3.4e+38 -3.4e+38 -3.4e+38 -3.4e+38 -3.4e+38 -3.4e+38 -3.4e+38 -3.4e+38 -3.4e+38 -3.4e+38 276.519592285156 315.982086181641 342.818511962891 359.850463867188 373.260925292969 405.750396728516 442.604309082031 482.561981201172 543.65478515625 573.877685546875 576.162353515625 588.735595703125 596.644653320312 617.553955078125 619.180603027344 613.298706054688 628.449645996094 635.149047851562 651.8701171875 655.380249023438 668.055114746094 655.690368652344 662.259216308594 673.4736328125 681.800537109375 688.190979003906 697.641174316406 708.736938476562 712.739868164062 710.231079101562
-3.4e+38 -3.4e+38 -3.4e+38 -3.4e+38 -3.4e+38 -3.4e+38 -3.4e+38 -3.4e+38 -3.4e+38 -3.4e+38 -3.4e+38 -3.4e+38 -3.4e+38 -3.4e+38 -3.4e+38 -3.4e+38 -3.4e+38 -3.4e+38 -3.4e+38 -3.4e+38 -3.4e+38 -3.4e+38 -3.4e+38 -3.4e+38 -3.4e+38 -3.4e+38 -3.4e+38 278.506378173828 313.954925537109 336.491668701172 354.317901611328 371.171966552734 392.948638916016 423.277465820312 474.150299072266 500.89013671875 523.378540039062 542.795837402344 563.808410644531 591.698120117188 612.977416992188 623.983032226562 626.547668457031 621.509033203125 619.152221679688 639.87060546875 633.325622558594 642.487609863281 649.234680175781 654.834533691406 663.59130859375 670.994079589844 676.902648925781 685.167602539062 690.466796875 693.643005371094 702.071105957031 716.516540527344
