rasters/Morocco_bio8.asc
NCOLS 192 
NROWS 174 
XLLCORNER -17.013743324 
YLLCORNER 21.41997106 
CELLSIZE 0.083238249234375 
NODATA_value -3.4e+38 
[rows 75 to 99 of 174, columns 58 to 115 of 192]
-3.4e+38 -3.4e+38 -3.4e+38 -3.4e+38 -3.4e+38 -3.4e+38 -3.4e+38 -3.4e+38 -3.4e+38 -3.4e+38 -3.4e+38 -3.4e+38 -3.4e+38 -3.4e+38 -3.4e+38 -3.4e+38 -3.4e+38 -3.4e+38 -3.4e+38 -3.4e+38 -3.4e+38 -3.4e+38 -3.4e+38 -3.4e+38 -3.4e+38 -3.4e+38 15.6561851501465 14.6079998016357 14.7159996032715 14.3976669311523 14.1158332824707 14.0901670455933 13.492166519165 12.4974994659424 11.7945003509521 10.172833442688 11.0131664276123 10.7241668701172 8.81966686248779 7.5368332862854 7.94449996948242 7.30066680908203 8.40900039672852 10.3071670532227 12.0033330917358 12.7030000686646 13.4235000610352 13.6831665039062 13.404333114624 14.5948333740234 14.8436670303345 15.132833480835 15.3403329849243 15.3661670684814 15.5323333740234 15.5815000534058 18.8155002593994 18.8850002288818
-3.4e+38 -3.4e+38 -3.4e+38 -3.4e+38 -3.4e+38 -3.4e+38 -3.4e+38 -3.4e+38 -3.4e+38 -3.4e+38 -3.4e+38 -3.4e+38 -3.4e+38 -3.4e+38 -3.4e+38 -3.4e+38 -3.4e+38 -3.4e+38 -3.4e+38 -3.4e+38 -3.4e+38 -3.4e+38 -3.4e+38 -3.4e+38 -3.4e+38 16.0991458892822 14.815333366394 13.9068336486816 13.8368330001831 13.3430004119873 12.6111660003662 12.9888334274292 13.5128335952759 11.8756666183472 9.79033374786377 9.4709997177124 9.07583332061768 8.84466648101807 8.28883361816406 8.82816696166992 9.55233287811279 9.7185001373291 11.1758337020874 11.8291673660278 11.7495002746582 12.9286661148071 13.926833152771 13.8690004348755 14.1271667480469 14.9654998779297 15.1746664047241 15.3523330688477 15.5001668930054 15.6248340606689 15.6616668701172 19.1376667022705 19.0338325500488 19.1673336029053
-3.4e+38 -3.4e+38 -3.4e+38 -3.4e+38 -3.4e+38 -3.4e+38 -3.4e+38 -3.4e+38 -3.4e+38 -3.4e+38 -3.4e+38 -3.4e+38 -3.4e+38 -3.4e+38 -3.4e+38 -3.4e+38 -3.4e+38 -3.4e+38 -3.4e+38 -3.4e+38 -3.4e+38 -3.4e+38 -3.4e+38 -3.4e+38 15.9929294586182 15.0493335723877 14.8521671295166 13.2171669006348 12.2971668243408 11.9258327484131 11.7396669387817 12.4873332977295 13.3870000839233 10.1408338546753 9.27783393859863 8.92133331298828 9.05033302307129 9.67199993133545 9.61100006103516 10.551833152771 11.2880001068115 11.8953332901001 12.3403339385986 12.680832862854 12.1786670684814 13.5296669006348 14.1569995880127 13.5854997634888 14.3784999847412 15.2530002593994 15.3561668395996 15.4265003204346 15.4469995498657 15.6145000457764 15.7156667709351 19.1849994659424 19.1606674194336 19.2588329315186
-3.4e+38 -3.4e+38 -3.4e+38 -3.4e+38 -3.4e+38 -3.4e+38 -3.4e+38 -3.4e+38 -3.4e+38 -3.4e+38 -3.4e+38 -3.4e+38 -3.4e+38 -3.4e+38 -3.4e+38 -3.4e+38 -3.4e+38 -3.4e+38 -3.4e+38 -3.4e+38 -3.4e+38 -3.4e+38 -3.4e+38 -3.4e+38 16.2769756317139 14.8941669464111 14.6438331604004 12.3138332366943 11.3500003814697 11.2403335571289 10.6824998855591 10.6730003356934 10.2598333358765 9.24583339691162 8.98433303833008 9.13483333587646 9.25433349609375 9.71049976348877 10.3508338928223 11.2813329696655 12.2733325958252 12.117166519165 12.4618330001831 13.0571670532227 13.1791667938232 14.0485000610352 14.4261665344238 14.816333770752 15.1968336105347 15.460000038147 15.5368328094482 15.6158332824707 15.6251668930054 15.7300004959106 -3.4e+38 -3.4e+38 -3.4e+38 -3.4e+38
-3.4e+38 -3.4e+38 -3.4e+38 -3.4e+38 -3.4e+38 -3.4e+38 -3.4e+38 -3.4e+38 -3.4e+38 -3.4e+38 -3.4e+38 -3.4e+38 -3.4e+38 -3.4e+38 -3.4e+38 -3.4e+38 -3.4e+38 -3.4e+38 -3.4e+38 -3.4e+38 -3.4e+38 -3.4e+38 -3.4e+38 16.0040168762207 15.5609998703003 14.4581670761108 13.6616668701172 12.0755004882812 12.1575002670288 10.7863330841064 10.2574996948242 9.87833309173584 9.90216636657715 9.64233303070068 10.4739999771118 10.6233339309692 10.2463331222534 10.3838329315186 11.2705001831055 11.4818334579468 12.4331665039062 13.0625 13.1188335418701 14.0980005264282 14.5581665039062 14.8698329925537 14.9731664657593 15.0804996490479 15.3439998626709 15.5995006561279 15.7589998245239 19.1665000915527 19.2173328399658 -3.4e+38 -3.4e+38 -3.4e+38 -3.4e+38 -3.4e+38
-3.4e+38 -3.4e+38 -3.4e+38 -3.4e+38 -3.4e+38 -3.4e+38 -3.4e+38 -3.4e+38 -3.4e+38 -3.4e+38 -3.4e+38 -3.4e+38 -3.4e+38 -3.4e+38 -3.4e+38 -3.4e+38 -3.4e+38 -3.4e+38 -3.4e+38 -3.4e+38 -3.4e+38 -3.4e+38 15.9386596679688 14.6751670837402 13.9099998474121 12.7229995727539 12.4916667938232 12.9671669006348 12.6901664733887 12.53600025177 12.0954999923706 11.9703330993652 11.6119995117188 11.6199998855591 12.3166666030884 11.9516668319702 11.4526672363281 11.5496664047241 12.2919998168945 11.945333480835 13.0043334960938 13.8528337478638 14.2779998779297 14.8388328552246 15.136833190918 15.1611671447754 15.0229997634888 15.0804996490479 15.541166305542 15.7368335723877 15.7558336257935 -3.4e+38 -3.4e+38 -3.4e+38 -3.4e+38 -3.4e+38 -3.4e+38 -3.4e+38
-3.4e+38 -3.4e+38 -3.4e+38 -3.4e+38 -3.4e+38 -3.4e+38 -3.4e+38 -3.4e+38 -3.4e+38 -3.4e+38 -3.4e+38 -3.4e+38 -3.4e+38 -3.4e+38 -3.4e+38 -3.4e+38 -3.4e+38 -3.4e+38 -3.4e+38 -3.4e+38 -3.4e+38 16.5666675567627 15.7848339080811 14.7678337097168 13.9801664352417 13.4270000457764 13.3944997787476 13.5906667709351 14.1574993133545 13.9366664886475 13.5050001144409 12.9490003585815 12.5836668014526 12.7173337936401 13.0818328857422 12.8489999771118 12.7766666412354 12.7638330459595 13.4176664352417 13.6766662597656 13.7378339767456 14.3268337249756 14.9616670608521 14.9720001220703 15.1140003204346 15.2881660461426 15.4910001754761 15.7908334732056 15.6974992752075 19.1856670379639 -3.4e+38 -3.4e+38 -3.4e+38 -3.4e+38 -3.4e+38 -3.4e+38 -3.4e+38 -3.4e+38
-3.4e+38 -3.4e+38 -3.4e+38 -3.4e+38 -3.4e+38 -3.4e+38 -3.4e+38 -3.4e+38 -3.4e+38 -3.4e+38 -3.4e+38 -3.4e+38 -3.4e+38 -3.4e+38 -3.4e+38 -3.4e+38 -3.4e+38 -3.4e+38 -3.4e+38 -3.4e+38 16.4101963043213 16.2241668701172 15.9739999771118 15.7723331451416 15.3851671218872 14.8011665344238 14.0013332366943 14.176833152771 14.5138330459595 14.5236663818359 14.0551671981812 13.1918334960938 13.3158330917358 13.1031665802002 12.7441663742065 11.7448329925537 12.3249998092651 13.1736669540405 13.7490005493164 14.2419996261597 14.6943330764771 15.0326671600342 14.7388334274292 14.0061674118042 15.3246660232544 15.6325006484985 15.7593326568604 15.8194999694824 -3.4e+38 -3.4e+38 -3.4e+38 -3.4e+38 -3.4e+38 -3.4e+38 -3.4e+38 -3.4e+38 -3.4e+38 -3.4e+38
-3.4e+38 -3.4e+38 -3.4e+38 -3.4e+38 -3.4e+38 -3.4e+38 -3.4e+38 -3.4e+38 -3.4e+38 -3.4e+38 -3.4e+38 -3.4e+38 -3.4e+38 -3.4e+38 -3.4e+38 -3.4e+38 -3.4e+38 -3.4e+38 17.0003261566162 16.5814228057861 16.0203323364258 15.9593334197998 15.9359998703003 15.7526664733887 15.4388332366943 15.050666809082 14.6433334350586 15.4653329849243 15.1099996566772 14.0218334197998 13.5284996032715 13.6466665267944 13.3295001983643 12.9898328781128 11.9641666412354 12.171667098999 13.3681669235229 13.5860004425049 13.9778337478638 14.7613334655762 15.0501670837402 15.291166305542 14.9366664886475 15.4136667251587 18.966667175293 19.0801658630371 -3.4e+38 -3.4e+38 -3.4e+38 -3.4e+38 -3.4e+38 -3.4e+38 -3.4e+38 -3.4e+38 -3.4e+38 -3.4e+38 -3.4e+38 -3.4e+38
-3.4e+38 -3.4e+38 -3.4e+38 -3.4e+38 -3.4e+38 -3.4e+38 -3.4e+38 -3.4e+38 -3.4e+38 -3.4e+38 -3.4e+38 -3.4e+38 -3.4e+38 -3.4e+38 -3.4e+38 -3.4e+38 16.7789993286133 16.6869964599609 16.5984992980957 16.3198337554932 16.2924995422363 15.8915004730225 15.8099994659424 15.5223331451416 15.710000038147 15.1789999008179 14.4615001678467 14.9400005340576 15.0533332824707 14.0001668930054 13.4243335723877 12.8708333969116 13.3258333206177 13.1440000534058 12.6863327026367 13.2303333282471 12.8094997406006 14.111499786377 14.9934997558594 15.1379995346069 15.3578329086304 15.3759994506836 15.5581665039062 19.0503330230713 19.1219997406006 -3.4e+38 -3.4e+38 -3.4e+38 -3.4e+38 -3.4e+38 -3.4e+38 -3.4e+38 -3.4e+38 -3.4e+38 -3.4e+38 -3.4e+38 -3.4e+38 -3.4e+38
-3.4e+38 -3.4e+38 -3.4e+38 -3.4e+38 -3.4e+38 -3.4e+38 -3.4e+38 -3.4e+38 -3.4e+38 -3.4e+38 -3.4e+38 -3.4e+38 -3.4e+38 -3.4e+38 16.7543869018555 16.7403507232666 16.6339988708496 16.2631664276123 15.9704999923706 15.9901666641235 15.7961664199829 15.6681671142578 15.5808334350586 15.9633331298828 14.9561672210693 13.9541664123535 13.8556671142578 14.9616670608521 15.0923337936401 14.75 13.7773332595825 12.8398332595825 13.4593334197998 12.8133335113525 13.1630001068115 13.9033336639404 14.5159997940063 15.2761669158936 15.2011661529541 15.320499420166 15.4226665496826 18.7908344268799 18.973165512085 19.1101665496826 -3.4e+38 -3.4e+38 -3.4e+38 -3.4e+38 -3.4e+38 -3.4e+38 -3.4e+38 -3.4e+38 -3.4e+38 -3.4e+38 -3.4e+38 -3.4e+38 -3.4e+38 -3.4e+38
-3.4e+38 -3.4e+38 -3.4e+38 -3.4e+38 -3.4e+38 -3.4e+38 -3.4e+38 -3.4e+38 -3.4e+38 -3.4e+38 -3.4e+38 -3.4e+38 -3.4e+38 16.7315979003906 16.5149993896484 16.1486663818359 16.2503337860107 16.0763339996338 15.7938327789307 15.5155000686646 14.6066665649414 15.291166305542 15.6851663589478 14.8920001983643 13.9941663742065 13.8351669311523 14.4861669540405 14.8870000839233 14.4341669082642 14.1698331832886 12.9825000762939 12.5671663284302 13.3605003356934 13.5143337249756 14.4138336181641 14.8179998397827 15.2469997406006 15.3824996948242 15.4508333206177 18.7670001983643 18.9270000457764 19.070333480835 -3.4e+38 -3.4e+38 -3.4e+38 -3.4e+38 -3.4e+38 -3.4e+38 -3.4e+38 -3.4e+38 -3.4e+38 -3.4e+38 -3.4e+38 -3.4e+38 -3.4e+38 -3.4e+38 -3.4e+38 -3.4e+38
-3.4e+38 -3.4e+38 -3.4e+38 -3.4e+38 -3.4e+38 -3.4e+38 -3.4e+38 -3.4e+38 -3.4e+38 -3.4e+38 -3.4e+38 -3.4e+38 16.8525772094727 16.667667388916 16.4174995422363 16.1464996337891 15.8074998855591 15.7398338317871 15.7106666564941 15.2676668167114 15.2573337554932 14.0390005111694 13.7193336486816 14.1379995346069 13.757999420166 13.8528327941895 14.1490001678467 13.8088331222534 13.3693332672119 13.4714994430542 12.6776666641235 13.5251665115356 14.7829999923706 15.1003332138062 15.359167098999 18.5734996795654 18.7041664123535 18.7263336181641 18.8921661376953 18.871166229248 18.8330001831055 18.9911670684814 -3.4e+38 -3.4e+38 -3.4e+38 -3.4e+38 -3.4e+38 -3.4e+38 -3.4e+38 -3.4e+38 -3.4e+38 -3.4e+38 -3.4e+38 -3.4e+38 -3.4e+38 -3.4e+38 -3.4e+38 -3.4e+38
-3.4e+38 -3.4e+38 -3.4e+38 -3.4e+38 -3.4e+38 -3.4e+38 -3.4e+38 -3.4e+38 -3.4e+38 -3.4e+38 -3.4e+38 16.6237373352051 16.5741672515869 17.1363334655762 16.9185009002686 16.4860000610352 15.8959999084473 15.6433334350586 15.3038339614868 15.5909996032715 14.675666809082 13.8668336868286 13.844500541687 14.3348331451416 13.8288326263428 13.9446668624878 13.7644996643066 13.9736671447754 14.2284994125366 13.6638336181641 13.5896663665771 14.6218328475952 18.3528327941895 18.4855003356934 18.632833480835 18.7029991149902 18.7118339538574 18.8348331451416 18.7508335113525 18.7543334960938 19.0893325805664 19.1381664276123 -3.4e+38 -3.4e+38 -3.4e+38 -3.4e+38 -3.4e+38 -3.4e+38 -3.4e+38 -3.4e+38 -3.4e+38 -3.4e+38 -3.4e+38 -3.4e+38 -3.4e+38 -3.4e+38 -3.4e+38 -3.4e+38
-3.4e+38 -3.4e+38 -3.4e+38 -3.4e+38 -3.4e+38 -3.4e+38 -3.4e+38 -3.4e+38 -3.4e+38 -3.4e+38 16.7661666870117 16.3033332824707 16.6283340454102 16.7718334197998 16.3959999084473 16.6203327178955 16.6373329162598 16.4165000915527 16.2318325042725 15.8680000305176 15.4354991912842 15.4779996871948 14.933666229248 14.1933336257935 14.5465002059937 14.8726663589478 14.4141664505005 15.3903331756592 15.4633331298828 15.3246669769287 15.3668336868286 15.4261665344238 18.5578327178955 18.3601665496826 18.44700050354 18.6180000305176 18.6066665649414 18.6510009765625 18.8608341217041 19.0001678466797 18.8024997711182 17.933666229248 -3.4e+38 -3.4e+38 -3.4e+38 -3.4e+38 -3.4e+38 -3.4e+38 -3.4e+38 -3.4e+38 -3.4e+38 -3.4e+38 -3.4e+38 -3.4e+38 -3.4e+38 -3.4e+38 -3.4e+38 -3.4e+38
-3.4e+38 -3.4e+38 -3.4e+38 -3.4e+38 -3.4e+38 -3.4e+38 -3.4e+38 -3.4e+38 -3.4e+38 16.8683853149414 16.5289993286133 16.0071659088135 16.5750007629395 16.3826675415039 16.1009998321533 15.9661664962769 15.6823329925537 16.6944999694824 16.6751670837402 16.3740005493164 15.9104995727539 16.2029991149902 15.9098339080811 15.841833114624 16.1498336791992 16.2310009002686 16.1243343353271 16.0771656036377 15.8123331069946 15.4613332748413 15.3256664276123 18.2194995880127 18.2028331756592 18.3439998626709 18.5326652526855 18.8035011291504 18.7964992523193 18.9133338928223 18.962833404541 18.6588325500488 17.6028327941895 17.3316669464111 -3.4e+38 -3.4e+38 -3.4e+38 -3.4e+38 -3.4e+38 -3.4e+38 -3.4e+38 -3.4e+38 -3.4e+38 -3.4e+38 -3.4e+38 -3.4e+38 -3.4e+38 -3.4e+38 -3.4e+38 -3.4e+38
-3.4e+38 -3.4e+38 -3.4e+38 -3.4e+38 -3.4e+38 -3.4e+38 -3.4e+38 17.1441173553467 16.8324737548828 16.2483329772949 16.171667098999 15.9941663742065 16.2674999237061 16.0043334960938 15.8113327026367 15.9718332290649 14.9693336486816 15.4693326950073 16.0006675720215 16.4443321228027 16.6889991760254 16.8326663970947 16.6776676177979 16.5165004730225 16.1655006408691 15.7598333358765 15.5138330459595 15.2748336791992 15.1204996109009 15.167332649231 18.3624992370605 18.3600006103516 18.3373336791992 18.3943328857422 18.4193344116211 18.4648323059082 18.3344993591309 18.4046669006348 18.6555004119873 18.0030002593994 17.2604999542236 17.2895011901855 -3.4e+38 -3.4e+38 -3.4e+38 -3.4e+38 -3.4e+38 -3.4e+38 -3.4e+38 -3.4e+38 -3.4e+38 -3.4e+38 -3.4e+38 -3.4e+38 -3.4e+38 -3.4e+38 -3.4e+38 -3.4e+38
-3.4e+38 -3.4e+38 -3.4e+38 -3.4e+38 -3.4e+38 17.0376892089844 16.8675003051758 16.7143325805664 16.9151668548584 16.1513328552246 16.0563335418701 16.1138324737549 15.941333770752 16.3285007476807 15.6068334579468 15.6681671142578 15.7596664428711 16.5014991760254 16.8173332214355 16.2043342590332 15.3629999160767 15.1929998397827 15.1888332366943 15.109167098999 15.0483331680298 15.3476667404175 15.3968334197998 15.3305006027222 15.2749996185303 18.2609996795654 18.2824993133545 18.2204990386963 18.1814994812012 18.316333770752 18.4506664276123 18.2313327789307 18.2021675109863 17.9291667938232 17.7653331756592 17.3856658935547 17.324333190918 17.4028339385986 -3.4e+38 -3.4e+38 -3.4e+38 -3.4e+38 -3.4e+38 -3.4e+38 -3.4e+38 -3.4e+38 -3.4e+38 -3.4e+38 -3.4e+38 -3.4e+38 -3.4e+38 -3.4e+38 -3.4e+38 -3.4e+38
-3.4e+38 -3.4e+38 17.1063060760498 17.0501670837402 16.826000213623 16.5900001525879 16.2560005187988 16.1946659088135 16.7755012512207 16.7763328552246 16.4603328704834 16.8554992675781 15.6371669769287 15.8416662216187 16.0151672363281 16.4669990539551 16.5661659240723 16.6063327789307 15.4615001678467 14.7180004119873 14.7356672286987 14.798999786377 15.1061658859253 15.3610000610352 15.3985004425049 15.3376665115356 15.2220001220703 15.1918334960938 18.2788333892822 18.1935005187988 18.2574996948242 18.0903339385986 17.9558334350586 18.0341663360596 18.3514995574951 17.8878326416016 17.6996669769287 17.3358325958252 17.2770004272461 17.3553333282471 17.4643325805664 17.5685005187988 -3.4e+38 -3.4e+38 -3.4e+38 -3.4e+38 -3.4e+38 -3.4e+38 -3.4e+38 -3.4e+38 -3.4e+38 -3.4e+38 -3.4e+38 -3.4e+38 -3.4e+38 -3.4e+38 -3.4e+38 -3.4e+38
18.0900707244873 16.6963329315186 16.6016654968262 16.6520004272461 16.4511661529541 16.1499996185303 15.8730001449585 16.1468334197998 16.5571670532227 17.609167098999 16.2321662902832 16.5114994049072 16.1105003356934 16.1451663970947 16.5424995422363 16.6488342285156 16.2991676330566 15.3173332214355 14.9546670913696 15.1510000228882 14.7968330383301 14.8708333969116 15.1433334350586 15.08899974823 15.0841665267944 15.1363334655762 15.0218334197998 18.0708332061768 18.0270004272461 18.0113334655762 17.9503326416016 17.7180004119873 17.5485000610352 17.7948341369629 18.0933322906494 17.5521659851074 17.2898330688477 17.2946662902832 17.3635005950928 17.4631671905518 17.5346660614014 17.6625003814697 -3.4e+38 -3.4e+38 -3.4e+38 -3.4e+38 -3.4e+38 -3.4e+38 -3.4e+38 -3.4e+38 -3.4e+38 -3.4e+38 -3.4e+38 -3.4e+38 -3.4e+38 -3.4e+38 -3.4e+38 -3.4e+38
17.49049949646 16.2390003204346 16.3906669616699 16.3315010070801 16.132833480835 16.6068344116211 15.695333480835 16.0288333892822 16.6401672363281 17.2898330688477 15.8769998550415 15.5580005645752 16.674165725708 16.6466674804688 16.5446662902832 16.4206676483154 15.8251667022705 15.085000038147 14.9763336181641 15.0911664962769 15.1590003967285 15.0386667251587 14.897500038147 14.9111661911011 15.0116662979126 14.8395004272461 14.6785001754761 17.7150001525879 17.6898326873779 17.5736656188965 17.4565010070801 17.2373332977295 17.042667388916 17.238166809082 17.5485000610352 17.386833190918 17.4096660614014 17.4385013580322 17.4718341827393 17.5410003662109 17.6315002441406 17.7603340148926 -3.4e+38 -3.4e+38 -3.4e+38 -3.4e+38 -3.4e+38 -3.4e+38 -3.4e+38 -3.4e+38 -3.4e+38 -3.4e+38 -3.4e+38 -3.4e+38 -3.4e+38 -3.4e+38 -3.4e+38 -3.4e+38
17.6086654663086 16.931999206543 16.9519996643066 16.8101673126221 16.5628337860107 16.5453338623047 15.6088333129883 16.7945003509521 17.1788330078125 16.158166885376 16.4441661834717 16.9101676940918 16.8509998321533 16.6639995574951 16.3798332214355 16.2970008850098 15.9868335723877 14.8596668243408 14.8661661148071 14.7405004501343 14.7803335189819 14.7736663818359 14.6160001754761 14.5115003585815 14.5200004577637 14.4660005569458 17.3848323822021 17.2256660461426 17.3073329925537 17.2339992523193 17.4648342132568 17.2988338470459 17.1593341827393 17.2726669311523 17.3503341674805 17.4258327484131 17.4955005645752 17.5144996643066 17.5340003967285 17.5621662139893 22.6451663970947 17.8478336334229 -3.4e+38 -3.4e+38 -3.4e+38 -3.4e+38 -3.4e+38 -3.4e+38 -3.4e+38 -3.4e+38 -3.4e+38 -3.4e+38 -3.4e+38 -3.4e+38 -3.4e+38 -3.4e+38 -3.4e+38 -3.4e+38
17.2259998321533 16.8053340911865 16.7229995727539 16.4808330535889 16.2803344726562 16.3379993438721 16.503833770752 16.8201656341553 16.8430004119873 17.1458339691162 17.1903343200684 17.1229991912842 16.9069995880127 16.6696662902832 16.2628326416016 16.0231666564941 15.923999786377 15.0815000534058 14.9329996109009 14.8119993209839 14.6619997024536 14.4846668243408 14.2728328704834 14.1921663284302 14.1579999923706 14.1073331832886 17.1303329467773 17.1316661834717 17.0883331298828 17.0785007476807 17.179666519165 17.2466659545898 17.3261661529541 17.4165000915527 17.4740009307861 17.5286674499512 17.5578327178955 17.619499206543 22.5439987182617 22.5336666107178 22.6833343505859 22.8603324890137 -3.4e+38 -3.4e+38 -3.4e+38 -3.4e+38 -3.4e+38 -3.4e+38 -3.4e+38 -3.4e+38 -3.4e+38 -3.4e+38 -3.4e+38 -3.4e+38 -3.4e+38 -3.4e+38 -3.4e+38 -3.4e+38
16.8778343200684 16.7428340911865 16.5186672210693 16.2443332672119 16.0709991455078 16.2523326873779 16.4996662139893 16.6868324279785 16.9923324584961 17.2534999847412 17.292667388916 16.8613338470459 16.6494998931885 16.7455005645752 16.1665000915527 15.9733333587646 16.0214996337891 15.2825002670288 14.9183330535889 14.8256673812866 14.7976665496826 14.5205001831055 14.3306665420532 17.316499710083 17.2076663970947 17.1251659393311 17.154167175293 17.2273330688477 17.2290000915527 17.2153339385986 17.304666519165 17.3684997558594 17.4241676330566 17.496000289917 17.545166015625 17.591833114624 22.4958324432373 22.6003341674805 22.6761665344238 22.7245006561279 22.8255004882812 23.0726661682129 -3.4e+38 -3.4e+38 -3.4e+38 -3.4e+38 -3.4e+38 -3.4e+38 -3.4e+38 -3.4e+38 -3.4e+38 -3.4e+38 -3.4e+38 -3.4e+38 -3.4e+38 -3.4e+38 -3.4e+38 -3.4e+38
16.8406677246094 16.6683330535889 16.4020004272461 16.162166595459 16.1469993591309 16.2696666717529 16.3491668701172 16.5338325500488 16.9340000152588 17.138500213623 17.1068325042725 16.6566677093506 16.3958339691162 16.3968334197998 15.7976665496826 15.8309993743896 15.8836660385132 15.018500328064 15.0508327484131 14.9816665649414 14.8825006484985 14.7974996566772 14.5981674194336 17.425500869751 17.3636665344238 17.2719993591309 17.2220001220703 17.2928333282471 17.4093341827393 17.4481658935547 17.4476661682129 17.466833114624 17.4906673431396 17.5641670227051 17.6563339233398 22.4556655883789 22.630500793457 22.7391662597656 22.8074989318848 22.7513332366943 -3.4e+38 -3.4e+38 -3.4e+38 -3.4e+38 -3.4e+38 -3.4e+38 -3.4e+38 -3.4e+38 -3.4e+38 -3.4e+38 -3.4e+38 -3.4e+38 -3.4e+38 -3.4e+38 -3.4e+38 -3.4e+38 -3.4e+38 -3.4e+38
