rasters/Morocco_bio4.asc
NCOLS 192 
NROWS 174 
XLLCORNER -17.013743324 
YLLCORNER 21.41997106 
CELLSIZE 0.083238249234375 
NODATA_value -3.4e+38 
[rows 50 to 74 of 174, columns 116 to 173 of 192]
628.502075195312 634.186950683594 640.352966308594 641.668090820312 647.465026855469 656.300476074219 674.888122558594 683.714599609375 695.382080078125 703.209411621094 720.402587890625 726.561462402344 742.9853515625 762.006042480469 762.205810546875 753.40625 740.18408203125 730.30126953125 737.200805664062 749.843017578125 738.564575195312 733.718688964844 747.70703125 746.704650878906 743.731994628906 749.047241210938 749.192932128906 760.401489257812 763.552062988281 773.337829589844 779.325500488281 788.660766601562 794.990661621094 800.921752929688 808.746643066406 817.683654785156 825.152160644531 823.950561523438 831.050598144531 834.107360839844 835.354064941406 836.701538085938 839.814086914062 842.730529785156 843.96337890625 844.707092285156 846.449523925781 846.824768066406 -3.4e+38 -3.4e+38 -3.4e+38 -3.4e+38 -3.4e+38 -3.4e+38 -3.4e+38 -3.4e+38 -3.4e+38 -3.4e+38
637.353820800781 632.808959960938 658.528869628906 672.757263183594 671.656311035156 681.308898925781 696.854187011719 717.092895507812 710.299926757812 713.465881347656 722.945434570312 733.156555175781 737.372192382812 729.850341796875 733.379943847656 743.81494140625 746.5830078125 737.189147949219 752.167663574219 752.143920898438 737.466613769531 743.876342773438 741.620971679688 740.1650390625 740.515808105469 744.974182128906 751.071594238281 758.046691894531 765.695129394531 774.202026367188 781.2236328125 788.246643066406 793.992370605469 799.917785644531 806.056701660156 812.367309570312 816.777648925781 816.959594726562 830.66845703125 835.441040039062 838.15283203125 839.787536621094 842.445922851562 844.64404296875 -3.4e+38 -3.4e+38 -3.4e+38 -3.4e+38 -3.4e+38 -3.4e+38 -3.4e+38 -3.4e+38 -3.4e+38 -3.4e+38 -3.4e+38 -3.4e+38 -3.4e+38 -3.4e+38
656.170043945312 644.004638671875 655.590393066406 674.200256347656 688.8544921875 700.0556640625 724.352478027344 747.334716796875 725.309997558594 749.855407714844 753.580322265625 745.768737792969 735.33056640625 733.730895996094 732.687133789062 739.717102050781 728.907897949219 734.782531738281 737.342163085938 736.85302734375 727.393798828125 723.218444824219 731.740478515625 738.066589355469 742.785766601562 746.571960449219 751.495300292969 758.817810058594 769.310913085938 778.2080078125 784.035339355469 791.0439453125 796.895080566406 803.977844238281 807.1787109375 810.0439453125 812.971008300781 815.8974609375 823.897827148438 833.507141113281 837.583190917969 839.812438964844 841.977905273438 844.083679199219 -3.4e+38 -3.4e+38 -3.4e+38 -3.4e+38 -3.4e+38 -3.4e+38 -3.4e+38 -3.4e+38 -3.4e+38 -3.4e+38 -3.4e+38 -3.4e+38 -3.4e+38 -3.4e+38
666.658020019531 684.053161621094 693.730712890625 684.300231933594 689.336669921875 705.25439453125 716.243225097656 728.02685546875 724.796447753906 731.97607421875 729.635803222656 725.521606445312 720.321655273438 717.86279296875 719.681579589844 722.84619140625 725.15234375 730.801818847656 729.626220703125 729.172119140625 732.096801757812 734.121337890625 737.424987792969 740.926940917969 744.959655761719 749.435302734375 754.668029785156 760.793823242188 770.878173828125 775.725524902344 781.496032714844 787.6923828125 794.051513671875 803.668090820312 807.581848144531 810.33349609375 811.346801757812 815.692260742188 823.169250488281 827.787414550781 830.656616210938 833.643737792969 837.69140625 840.695556640625 -3.4e+38 -3.4e+38 -3.4e+38 -3.4e+38 -3.4e+38 -3.4e+38 -3.4e+38 -3.4e+38 -3.4e+38 -3.4e+38 -3.4e+38 -3.4e+38 -3.4e+38 -3.4e+38
690.040710449219 705.984924316406 705.766845703125 716.801574707031 717.788513183594 710.62646484375 720.770935058594 730.574768066406 727.125610351562 720.4697265625 725.155700683594 733.11474609375 727.631164550781 726.474548339844 726.392272949219 728.153869628906 731.747863769531 734.473693847656 734.947570800781 736.686157226562 739.770385742188 740.701904296875 743.67919921875 743.235717773438 745.689086914062 749.852172851562 755.455139160156 759.471008300781 767.139709472656 771.479736328125 778.052917480469 786.758056640625 792.801330566406 797.685974121094 801.506225585938 809.330139160156 812.33056640625 814.984985351562 818.7333984375 823.184265136719 826.604370117188 830.551635742188 836.533813476562 -3.4e+38 -3.4e+38 -3.4e+38 -3.4e+38 -3.4e+38 -3.4e+38 -3.4e+38 -3.4e+38 -3.4e+38 -3.4e+38 -3.4e+38 -3.4e+38 -3.4e+38 -3.4e+38 -3.4e+38
686.825439453125 688.903686523438 693.150939941406 704.384155273438 705.446411132812 707.394287109375 717.247253417969 716.041381835938 717.087829589844 721.203125 728.761596679688 732.352172851562 731.178894042969 729.124633789062 727.111083984375 729.946472167969 736.173645019531 739.097961425781 741.858703613281 745.568542480469 748.221923828125 751.152465820312 754.592651367188 751.077697753906 745.718994140625 747.758544921875 752.166076660156 759.919799804688 758.870849609375 766.095336914062 774.536926269531 781.689819335938 789.584594726562 795.912048339844 801.748229980469 809.704833984375 813.14111328125 813.967834472656 817.171142578125 821.08544921875 825.540344238281 830.902526855469 -3.4e+38 -3.4e+38 -3.4e+38 -3.4e+38 -3.4e+38 -3.4e+38 -3.4e+38 -3.4e+38 -3.4e+38 -3.4e+38 -3.4e+38 -3.4e+38 -3.4e+38 -3.4e+38 -3.4e+38 -3.4e+38
683.312194824219 687.929809570312 695.485961914062 703.705078125 709.001770019531 712.598266601562 718.021545410156 723.968994140625 727.449890136719 732.023803710938 734.390991210938 734.914794921875 735.039672851562 733.695434570312 732.298950195312 737.86376953125 742.531127929688 748.916198730469 751.626770019531 754.626770019531 754.767944335938 756.694946289062 756.608947753906 750.549499511719 745.298217773438 745.722717285156 747.323364257812 750.164916992188 757.227661132812 764.846984863281 772.079162597656 779.914489746094 787.744384765625 794.138305664062 801.37890625 807.653991699219 813.622131347656 815.278564453125 819.540466308594 825.735168457031 832.152648925781 832.679565429688 -3.4e+38 -3.4e+38 -3.4e+38 -3.4e+38 -3.4e+38 -3.4e+38 -3.4e+38 -3.4e+38 -3.4e+38 -3.4e+38 -3.4e+38 -3.4e+38 -3.4e+38 -3.4e+38 -3.4e+38 -3.4e+38
684.049377441406 691.373718261719 698.994201660156 710.349914550781 720.693908691406 725.163940429688 730.82177734375 735.0263671875 736.28857421875 738.736755371094 741.269958496094 742.915832519531 742.887023925781 743.443481445312 745.648193359375 746.801025390625 749.113952636719 749.148681640625 751.607727050781 756.183349609375 762.597351074219 761.136169433594 752.6044921875 748.106079101562 743.184753417969 747.099792480469 749.529602050781 755.18310546875 763.830261230469 769.046752929688 773.69873046875 778.751403808594 786.3837890625 793.544616699219 799.801208496094 807.228271484375 814.776062011719 819.706420898438 823.527282714844 826.539245605469 834.132934570312 835.058349609375 839.483337402344 841.311157226562 -3.4e+38 -3.4e+38 -3.4e+38 -3.4e+38 -3.4e+38 -3.4e+38 -3.4e+38 -3.4e+38 -3.4e+38 -3.4e+38 -3.4e+38 -3.4e+38 -3.4e+38 -3.4e+38
691.852478027344 698.463684082031 708.258605957031 720.925170898438 730.290893554688 736.046447753906 740.385498046875 743.8974609375 744.6796875 745.378051757812 746.993347167969 748.011962890625 747.119689941406 748.438537597656 752.313537597656 751.591674804688 745.981994628906 746.050354003906 749.446166992188 747.707275390625 753.521240234375 754.586059570312 753.058288574219 746.717102050781 744.074096679688 749.088806152344 748.091613769531 755.118896484375 762.11474609375 771.245239257812 776.447265625 782.169067382812 786.35986328125 793.909912109375 798.821960449219 809.258544921875 813.009765625 818.447448730469 824.628784179688 828.438903808594 831.589050292969 834.844604492188 837.366455078125 838.409423828125 841.399841308594 -3.4e+38 -3.4e+38 -3.4e+38 -3.4e+38 -3.4e+38 -3.4e+38 -3.4e+38 -3.4e+38 -3.4e+38 -3.4e+38 -3.4e+38 -3.4e+38 -3.4e+38
697.581604003906 707.668518066406 718.207275390625 726.990600585938 738.373352050781 743.787109375 735.744934082031 739.101135253906 750.814208984375 751.874084472656 752.736206054688 752.724609375 751.511108398438 755.639831542969 756.652587890625 753.388366699219 751.520874023438 749.8994140625 749.566711425781 749.580078125 759.271789550781 749.828918457031 746.328002929688 748.2607421875 752.901245117188 749.542114257812 749.11376953125 755.551513671875 764.704406738281 772.832824707031 778.281799316406 783.458374023438 788.323791503906 794.474060058594 800.296630859375 808.094543457031 813.520141601562 818.408569335938 823.144104003906 827.89892578125 831.134155273438 834.661437988281 839.301025390625 840.915893554688 842.484130859375 -3.4e+38 -3.4e+38 -3.4e+38 -3.4e+38 -3.4e+38 -3.4e+38 -3.4e+38 -3.4e+38 -3.4e+38 -3.4e+38 -3.4e+38 -3.4e+38 -3.4e+38
703.027160644531 713.094421386719 721.169799804688 731.908752441406 742.535888671875 746.866760253906 741.058532714844 749.183044433594 753.206115722656 753.105590820312 754.12548828125 754.933044433594 757.103637695312 757.480712890625 752.70703125 757.183288574219 758.599243164062 758.876037597656 756.127075195312 754.683837890625 749.833984375 750.429016113281 756.045166015625 756.400817871094 756.012878417969 755.068481445312 754.941711425781 758.561401367188 768.706115722656 777.990295410156 783.288452148438 787.002990722656 792.195251464844 796.356994628906 800.719848632812 805.748474121094 813.213562011719 817.34912109375 822.545532226562 829.127807617188 832.537475585938 838.001586914062 841.444030761719 844.259582519531 -3.4e+38 -3.4e+38 -3.4e+38 -3.4e+38 -3.4e+38 -3.4e+38 -3.4e+38 -3.4e+38 -3.4e+38 -3.4e+38 -3.4e+38 -3.4e+38 -3.4e+38 -3.4e+38
705.797790527344 714.610290527344 722.6064453125 731.145874023438 740.232543945312 747.818054199219 750.576965332031 751.404357910156 752.685302734375 753.935668945312 754.764892578125 757.978637695312 759.036743164062 759.275695800781 761.750427246094 765.432373046875 766.119812011719 765.266906738281 764.186462402344 764.249755859375 763.966674804688 761.953186035156 764.284851074219 763.005187988281 763.94970703125 763.822692871094 763.123352050781 766.942687988281 772.054138183594 780.032592773438 785.584716796875 788.931274414062 795.080078125 799.524658203125 806.59033203125 810.606872558594 814.270629882812 820.408630371094 824.841796875 833.070983886719 832.575073242188 838.622497558594 840.629150390625 844.175170898438 -3.4e+38 -3.4e+38 -3.4e+38 -3.4e+38 -3.4e+38 -3.4e+38 -3.4e+38 -3.4e+38 -3.4e+38 -3.4e+38 -3.4e+38 -3.4e+38 -3.4e+38 -3.4e+38
709.066101074219 718.291748046875 726.013122558594 735.062377929688 741.076843261719 746.993103027344 751.076232910156 752.207702636719 756.216247558594 758.7802734375 759.517700195312 761.376770019531 763.056640625 768.668029785156 770.747253417969 770.933898925781 768.481140136719 769.943603515625 769.033752441406 768.67724609375 768.495239257812 767.44580078125 772.905029296875 770.221923828125 765.022705078125 766.966064453125 771.580322265625 774.454711914062 779.222839355469 785.354736328125 790.237609863281 793.150573730469 796.406005859375 801.135925292969 808.527160644531 812.528259277344 816.004028320312 819.511413574219 826.002502441406 830.733215332031 835.412902832031 839.746520996094 841.367004394531 844.874633789062 -3.4e+38 -3.4e+38 -3.4e+38 -3.4e+38 -3.4e+38 -3.4e+38 -3.4e+38 -3.4e+38 -3.4e+38 -3.4e+38 -3.4e+38 -3.4e+38 -3.4e+38 -3.4e+38
708.515014648438 720.230346679688 728.021240234375 735.447875976562 742.252380371094 747.765380859375 750.118896484375 752.539733886719 758.205627441406 763.920471191406 766.577087402344 768.28466796875 770.301696777344 771.159240722656 772.977355957031 776.60595703125 777.675170898438 777.938354492188 775.619873046875 773.352661132812 774.188171386719 774.516357421875 778.299926757812 776.402954101562 771.163391113281 772.971374511719 775.886291503906 778.577392578125 782.069396972656 788.000122070312 792.419738769531 796.700134277344 800.00537109375 802.607482910156 810.425170898438 815.1357421875 819.011047363281 822.455383300781 827.313415527344 832.769226074219 836.177612304688 839.646911621094 -3.4e+38 -3.4e+38 -3.4e+38 -3.4e+38 -3.4e+38 -3.4e+38 -3.4e+38 -3.4e+38 -3.4e+38 -3.4e+38 -3.4e+38 -3.4e+38 -3.4e+38 -3.4e+38 -3.4e+38 -3.4e+38
714.728698730469 723.856262207031 729.840942382812 734.491760253906 742.670532226562 750.064086914062 756.696655273438 761.694519042969 765.130126953125 767.437194824219 770.448608398438 772.178588867188 773.810363769531 776.096130371094 779.087890625 778.812255859375 780.573425292969 784.975463867188 785.580383300781 783.444580078125 780.33251953125 779.850219726562 779.043518066406 778.032958984375 777.8759765625 780.958618164062 782.5185546875 785.304016113281 787.072875976562 789.815551757812 793.113464355469 797.2685546875 802.171508789062 807.209289550781 811.175537109375 813.686462402344 -3.4e+38 -3.4e+38 -3.4e+38 -3.4e+38 -3.4e+38 -3.4e+38 -3.4e+38 -3.4e+38 -3.4e+38 -3.4e+38 -3.4e+38 -3.4e+38 -3.4e+38 -3.4e+38 -3.4e+38 -3.4e+38 -3.4e+38 -3.4e+38 -3.4e+38 -3.4e+38 -3.4e+38 -3.4e+38
716.9404296875 726.418823242188 732.889709472656 741.177551269531 746.407531738281 751.7041015625 759.401123046875 764.995361328125 767.036315917969 770.02197265625 771.640686035156 775.036560058594 777.53857421875 780.981140136719 786.393676757812 790.134033203125 792.437072753906 796.19189453125 794.174499511719 791.499145507812 787.335144042969 784.146911621094 784.839721679688 782.960693359375 782.686096191406 784.595153808594 786.530883789062 792.3642578125 792.141723632812 794.426330566406 796.8232421875 798.767028808594 803.756958007812 808.301879882812 812.250427246094 -3.4e+38 -3.4e+38 -3.4e+38 -3.4e+38 -3.4e+38 -3.4e+38 -3.4e+38 -3.4e+38 -3.4e+38 -3.4e+38 -3.4e+38 -3.4e+38 -3.4e+38 -3.4e+38 -3.4e+38 -3.4e+38 -3.4e+38 -3.4e+38 -3.4e+38 -3.4e+38 -3.4e+38 -3.4e+38 -3.4e+38
718.371765136719 729.864074707031 735.378662109375 744.279296875 752.792053222656 751.458374023438 755.666687011719 761.460998535156 770.983093261719 775.808410644531 777.005432128906 778.298645019531 777.971801757812 780.564880371094 786.216735839844 789.838623046875 795.044738769531 801.857238769531 802.841979980469 798.19921875 793.191162109375 791.609802246094 792.276306152344 788.733520507812 785.877685546875 785.22119140625 791.5390625 796.674011230469 800.095520019531 799.884460449219 800.695922851562 801.560180664062 804.931518554688 808.93603515625 -3.4e+38 -3.4e+38 -3.4e+38 -3.4e+38 -3.4e+38 -3.4e+38 -3.4e+38 -3.4e+38 -3.4e+38 -3.4e+38 -3.4e+38 -3.4e+38 -3.4e+38 -3.4e+38 -3.4e+38 -3.4e+38 -3.4e+38 -3.4e+38 -3.4e+38 -3.4e+38 -3.4e+38 -3.4e+38 -3.4e+38 -3.4e+38
725.5615234375 734.763610839844 733.290161132812 737.8232421875 745.216003417969 750.388671875 758.151489257812 763.838012695312 771.425415039062 775.494140625 779.630065917969 780.473693847656 782.35400390625 784.886413574219 788.06201171875 793.148376464844 801.235534667969 807.344604492188 806.011657714844 802.892456054688 798.651245117188 794.905822753906 796.047424316406 795.044250488281 793.539367675781 793.743774414062 799.315673828125 803.020935058594 804.332458496094 803.7099609375 803.395263671875 804.622985839844 807.46484375 -3.4e+38 -3.4e+38 -3.4e+38 -3.4e+38 -3.4e+38 -3.4e+38 -3.4e+38 -3.4e+38 -3.4e+38 -3.4e+38 -3.4e+38 -3.4e+38 -3.4e+38 -3.4e+38 -3.4e+38 -3.4e+38 -3.4e+38 -3.4e+38 -3.4e+38 -3.4e+38 -3.4e+38 -3.4e+38 -3.4e+38 -3.4e+38 -3.4e+38
725.289733886719 729.491821289062 735.955993652344 739.486022949219 745.496398925781 753.357604980469 760.740356445312 764.745971679688 772.147521972656 777.511291503906 779.53076171875 782.018615722656 785.566589355469 790.742980957031 797.413879394531 802.337829589844 807.056579589844 810.0830078125 810.580810546875 808.141052246094 806.334411621094 804.937072753906 802.202941894531 801.461486816406 800.233215332031 800.711242675781 802.269165039062 803.964294433594 806.496520996094 806.431518554688 -3.4e+38 -3.4e+38 -3.4e+38 -3.4e+38 -3.4e+38 -3.4e+38 -3.4e+38 -3.4e+38 -3.4e+38 -3.4e+38 -3.4e+38 -3.4e+38 -3.4e+38 -3.4e+38 -3.4e+38 -3.4e+38 -3.4e+38 -3.4e+38 -3.4e+38 -3.4e+38 -3.4e+38 -3.4e+38 -3.4e+38 -3.4e+38 -3.4e+38 -3.4e+38 -3.4e+38 -3.4e+38
719.77197265625 725.98193359375 735.002380371094 740.310424804688 749.321350097656 753.264221191406 761.914245605469 766.277648925781 773.458190917969 779.073913574219 782.810302734375 789.085327148438 793.838562011719 798.582397460938 798.676513671875 800.116638183594 801.872192382812 804.316833496094 806.113647460938 806.714416503906 805.999450683594 804.204711914062 801.682434082031 806.475524902344 806.798400878906 806.140502929688 805.901489257812 806.561462402344 808.289245605469 -3.4e+38 -3.4e+38 -3.4e+38 -3.4e+38 -3.4e+38 -3.4e+38 -3.4e+38 -3.4e+38 -3.4e+38 -3.4e+38 -3.4e+38 -3.4e+38 -3.4e+38 -3.4e+38 -3.4e+38 -3.4e+38 -3.4e+38 -3.4e+38 -3.4e+38 -3.4e+38 -3.4e+38 -3.4e+38 -3.4e+38 -3.4e+38 -3.4e+38 -3.4e+38 -3.4e+38 -3.4e+38 -3.4e+38
719.903381347656 731.153625488281 733.554870605469 736.602355957031 741.691650390625 750.004638671875 755.673645019531 766.3642578125 771.168029785156 779.206298828125 781.477722167969 784.471008300781 791.49169921875 794.817443847656 797.22314453125 802.672302246094 806.597534179688 805.837646484375 803.882507324219 804.978210449219 804.456481933594 807.116394042969 808.816101074219 806.922424316406 808.510192871094 807.522216796875 808.794189453125 -3.4e+38 -3.4e+38 -3.4e+38 -3.4e+38 -3.4e+38 -3.4e+38 -3.4e+38 -3.4e+38 -3.4e+38 -3.4e+38 -3.4e+38 -3.4e+38 -3.4e+38 -3.4e+38 -3.4e+38 -3.4e+38 -3.4e+38 -3.4e+38 -3.4e+38 -3.4e+38 -3.4e+38 -3.4e+38 -3.4e+38 -3.4e+38 -3.4e+38 -3.4e+38 -3.4e+38 -3.4e+38 -3.4e+38 -3.4e+38 -3.4e+38
724.170776367188 729.680786132812 733.962829589844 739.529541015625 746.132385253906 753.725708007812 755.135314941406 760.151611328125 770.556335449219 771.043640136719 775.106750488281 782.194885253906 785.039489746094 786.828857421875 791.930297851562 796.738403320312 802.388366699219 802.538269042969 804.658142089844 806.285339355469 807.952209472656 813.2783203125 811.518310546875 808.683349609375 807.56298828125 809.229309082031 -3.4e+38 -3.4e+38 -3.4e+38 -3.4e+38 -3.4e+38 -3.4e+38 -3.4e+38 -3.4e+38 -3.4e+38 -3.4e+38 -3.4e+38 -3.4e+38 -3.4e+38 -3.4e+38 -3.4e+38 -3.4e+38 -3.4e+38 -3.4e+38 -3.4e+38 -3.4e+38 -3.4e+38 -3.4e+38 -3.4e+38 -3.4e+38 -3.4e+38 -3.4e+38 -3.4e+38 -3.4e+38 -3.4e+38 -3.4e+38 -3.4e+38 -3.4e+38
718.181518554688 729.898010253906 733.672546386719 740.261352539062 747.648071289062 753.015075683594 758.043579101562 761.989929199219 764.760864257812 771.869384765625 781.60009765625 790.846740722656 797.350830078125 797.580810546875 793.630737304688 796.179260253906 798.710327148438 804.438415527344 809.951416015625 811.152465820312 811.285705566406 813.089050292969 813.56494140625 813.494262695312 813.996826171875 -3.4e+38 -3.4e+38 -3.4e+38 -3.4e+38 -3.4e+38 -3.4e+38 -3.4e+38 -3.4e+38 -3.4e+38 -3.4e+38 -3.4e+38 -3.4e+38 -3.4e+38 -3.4e+38 -3.4e+38 -3.4e+38 -3.4e+38 -3.4e+38 -3.4e+38 -3.4e+38 -3.4e+38 -3.4e+38 -3.4e+38 -3.4e+38 -3.4e+38 -3.4e+38 -3.4e+38 -3.4e+38 -3.4e+38 -3.4e+38 -3.4e+38 -3.4e+38 -3.4e+38
721.291442871094 727.466064453125 735.196228027344 737.995910644531 743.113891601562 753.29150390625 760.020446777344 768.048583984375 772.336853027344 775.886962890625 781.7685546875 791.253723144531 799.478881835938 804.501647949219 803.146423339844 803.276550292969 806.7158203125 811.828002929688 815.628051757812 816.766662597656 817.435363769531 816.823852539062 815.907348632812 815.917236328125 -3.4e+38 -3.4e+38 -3.4e+38 -3.4e+38 -3.4e+38 -3.4e+38 -3.4e+38 -3.4e+38 -3.4e+38 -3.4e+38 -3.4e+38 -3.4e+38 -3.4e+38 -3.4e+38 -3.4e+38 -3.4e+38 -3.4e+38 -3.4e+38 -3.4e+38 -3.4e+38 -3.4e+38 -3.4e+38 -3.4e+38 -3.4e+38 -3.4e+38 -3.4e+38 -3.4e+38 -3.4e+38 -3.4e+38 -3.4e+38 -3.4e+38 -3.4e+38 -3.4e+38 -3.4e+38
722.80908203125 729.786560058594 739.434265136719 744.151184082031 750.000427246094 755.995971679688 763.314147949219 768.086059570312 773.628051757812 779.628784179688 783.98486328125 789.486633300781 796.002014160156 801.047119140625 805.2490234375 809.744995117188 813.901489257812 815.275817871094 814.492492675781 815.276000976562 817.20361328125 818.786743164062 819.063354492188 -3.4e+38 -3.4e+38 -3.4e+38 -3.4e+38 -3.4e+38 -3.4e+38 -3.4e+38 -3.4e+38 -3.4e+38 -3.4e+38 -3.4e+38 -3.4e+38 -3.4e+38 -3.4e+38 -3.4e+38 -3.4e+38 -3.4e+38 -3.4e+38 -3.4e+38 -3.4e+38 -3.4e+38 -3.4e+38 -3.4e+38 -3.4e+38 -3.4e+38 -3.4e+38 -3.4e+38 -3.4e+38 -3.4e+38 -3.4e+38 -3.4e+38 -3.4e+38 -3.4e+38 -3.4e+38 -3.4e+38
