rasters/Morocco_bio4.asc
NCOLS 192 
NROWS 174 
XLLCORNER -17.013743324 
YLLCORNER 21.41997106 
CELLSIZE 0.083238249234375 
NODATA_value -3.4e+38 
[rows 75 to 99 of 174, columns 58 to 115 of 192]
-3.4e+38 -3.4e+38 -3.4e+38 -3.4e+38 -3.4e+38 -3.4e+38 -3.4e+38 -3.4e+38 -3.4e+38 -3.4e+38 -3.4e+38 -3.4e+38 -3.4e+38 -3.4e+38 -3.4e+38 -3.4e+38 -3.4e+38 -3.4e+38 -3.4e+38 -3.4e+38 -3.4e+38 -3.4e+38 -3.4e+38 -3.4e+38 -3.4e+38 -3.4e+38 265.722778320312 319.075469970703 342.356475830078 359.904998779297 378.549652099609 392.4521484375 418.110015869141 454.021484375 494.064086914062 541.07275390625 546.641967773438 560.677124023438 589.674987792969 608.727233886719 609.303039550781 623.237365722656 626.8388671875 625.645202636719 621.55615234375 628.0009765625 636.536743164062 646.830139160156 657.816650390625 655.581726074219 665.047729492188 671.227722167969 677.857849121094 686.407592773438 695.634094238281 701.5419921875 710.304931640625 719.226867675781
-3.4e+38 -3.4e+38 -3.4e+38 -3.4e+38 -3.4e+38 -3.4e+38 -3.4e+38 -3.4e+38 -3.4e+38 -3.4e+38 -3.4e+38 -3.4e+38 -3.4e+38 -3.4e+38 -3.4e+38 -3.4e+38 -3.4e+38 -3.4e+38 -3.4e+38 -3.4e+38 -3.4e+38 -3.4e+38 -3.4e+38 -3.4e+38 -3.4e+38 243.863494873047 302.279235839844 349.194885253906 371.589111328125 392.797637939453 418.861572265625 430.470916748047 434.301605224609 491.777313232422 539.693237304688 558.438110351562 573.963256835938 584.964233398438 599.515686035156 601.856079101562 606.575500488281 616.165344238281 617.235229492188 625.4697265625 631.895568847656 633.474304199219 639.466613769531 651.790710449219 658.998168945312 659.933471679688 671.146606445312 677.604614257812 685.033874511719 692.023803710938 700.551574707031 707.112609863281 714.863708496094 723.675170898438
-3.4e+38 -3.4e+38 -3.4e+38 -3.4e+38 -3.4e+38 -3.4e+38 -3.4e+38 -3.4e+38 -3.4e+38 -3.4e+38 -3.4e+38 -3.4e+38 -3.4e+38 -3.4e+38 -3.4e+38 -3.4e+38 -3.4e+38 -3.4e+38 -3.4e+38 -3.4e+38 -3.4e+38 -3.4e+38 -3.4e+38 -3.4e+38 214.467239379883 278.42626953125 322.171203613281 380.195068359375 415.175842285156 433.850341796875 466.640197753906 468.684875488281 460.990356445312 523.461303710938 548.398315429688 564.011108398438 576.718078613281 583.264099121094 594.869384765625 598.191955566406 604.977294921875 613.078674316406 619.427490234375 627.199096679688 637.216064453125 635.903686523438 642.362243652344 652.637878417969 657.140747070312 665.368774414062 673.844116210938 680.992858886719 688.667236328125 696.640197753906 703.374938964844 711.385131835938 718.306579589844 727.501770019531
-3.4e+38 -3.4e+38 -3.4e+38 -3.4e+38 -3.4e+38 -3.4e+38 -3.4e+38 -3.4e+38 -3.4e+38 -3.4e+38 -3.4e+38 -3.4e+38 -3.4e+38 -3.4e+38 -3.4e+38 -3.4e+38 -3.4e+38 -3.4e+38 -3.4e+38 -3.4e+38 -3.4e+38 -3.4e+38 -3.4e+38 -3.4e+38 227.029251098633 308.735870361328 342.309143066406 409.8525390625 448.472290039062 478.960540771484 497.454437255859 507.475036621094 517.778015136719 545.057495117188 558.9599609375 567.522094726562 576.651733398438 584.929016113281 592.270446777344 599.11474609375 606.230224609375 615.786437988281 624.001831054688 628.317077636719 634.364501953125 639.348999023438 644.631652832031 651.758178710938 660.000305175781 670.428771972656 676.722473144531 684.548645019531 691.385314941406 698.072265625 -3.4e+38 -3.4e+38 -3.4e+38 -3.4e+38
-3.4e+38 -3.4e+38 -3.4e+38 -3.4e+38 -3.4e+38 -3.4e+38 -3.4e+38 -3.4e+38 -3.4e+38 -3.4e+38 -3.4e+38 -3.4e+38 -3.4e+38 -3.4e+38 -3.4e+38 -3.4e+38 -3.4e+38 -3.4e+38 -3.4e+38 -3.4e+38 -3.4e+38 -3.4e+38 -3.4e+38 230.083465576172 275.131683349609 335.316833496094 373.960784912109 425.701721191406 458.660461425781 498.143402099609 513.988830566406 525.396545410156 532.572265625 549.02685546875 551.131103515625 559.519226074219 574.323913574219 585.158569335938 590.007141113281 604.128479003906 610.774597167969 612.616638183594 620.6025390625 624.16650390625 631.983520507812 640.568969726562 651.933776855469 658.095336914062 664.503662109375 673.166137695312 677.652954101562 686.777648925781 694.879455566406 -3.4e+38 -3.4e+38 -3.4e+38 -3.4e+38 -3.4e+38
-3.4e+38 -3.4e+38 -3.4e+38 -3.4e+38 -3.4e+38 -3.4e+38 -3.4e+38 -3.4e+38 -3.4e+38 -3.4e+38 -3.4e+38 -3.4e+38 -3.4e+38 -3.4e+38 -3.4e+38 -3.4e+38 -3.4e+38 -3.4e+38 -3.4e+38 -3.4e+38 -3.4e+38 -3.4e+38 240.52734375 293.05029296875 335.342498779297 386.256958007812 409.459869384766 413.576324462891 451.011688232422 468.168182373047 485.201232910156 497.884307861328 514.621704101562 531.509399414062 537.562805175781 553.259155273438 569.526123046875 579.262634277344 584.909118652344 601.97412109375 607.522399902344 613.624572753906 621.760803222656 626.961120605469 636.318786621094 646.631591796875 654.88916015625 660.114562988281 665.126647949219 672.750305175781 682.3291015625 -3.4e+38 -3.4e+38 -3.4e+38 -3.4e+38 -3.4e+38 -3.4e+38 -3.4e+38
-3.4e+38 -3.4e+38 -3.4e+38 -3.4e+38 -3.4e+38 -3.4e+38 -3.4e+38 -3.4e+38 -3.4e+38 -3.4e+38 -3.4e+38 -3.4e+38 -3.4e+38 -3.4e+38 -3.4e+38 -3.4e+38 -3.4e+38 -3.4e+38 -3.4e+38 -3.4e+38 -3.4e+38 230.479400634766 270.946350097656 314.352172851562 350.282409667969 383.821990966797 396.000793457031 403.090484619141 423.750427246094 441.578460693359 463.561950683594 488.363250732422 515.026184082031 527.8330078125 536.876525878906 549.287414550781 562.509948730469 574.46044921875 581.710266113281 593.660705566406 607.302795410156 613.945922851562 621.460754394531 633.673950195312 642.874938964844 650.341003417969 653.192443847656 659.234680175781 669.330505371094 677.359741210938 -3.4e+38 -3.4e+38 -3.4e+38 -3.4e+38 -3.4e+38 -3.4e+38 -3.4e+38 -3.4e+38
-3.4e+38 -3.4e+38 -3.4e+38 -3.4e+38 -3.4e+38 -3.4e+38 -3.4e+38 -3.4e+38 -3.4e+38 -3.4e+38 -3.4e+38 -3.4e+38 -3.4e+38 -3.4e+38 -3.4e+38 -3.4e+38 -3.4e+38 -3.4e+38 -3.4e+38 -3.4e+38 242.872772216797 268.074249267578 287.316833496094 309.991729736328 330.697326660156 352.461151123047 379.981384277344 410.153228759766 416.825866699219 431.255493164062 454.379699707031 490.752075195312 509.336791992188 529.336669921875 546.031555175781 570.173095703125 580.130920410156 588.379699707031 597.593322753906 603.280944824219 610.187133789062 618.559387207031 627.075500488281 641.184265136719 640.95263671875 651.137084960938 659.151245117188 665.90087890625 -3.4e+38 -3.4e+38 -3.4e+38 -3.4e+38 -3.4e+38 -3.4e+38 -3.4e+38 -3.4e+38 -3.4e+38 -3.4e+38
-3.4e+38 -3.4e+38 -3.4e+38 -3.4e+38 -3.4e+38 -3.4e+38 -3.4e+38 -3.4e+38 -3.4e+38 -3.4e+38 -3.4e+38 -3.4e+38 -3.4e+38 -3.4e+38 -3.4e+38 -3.4e+38 -3.4e+38 -3.4e+38 232.409133911133 247.212600708008 272.233001708984 293.575500488281 307.645874023438 323.870910644531 341.991119384766 357.386932373047 372.510559082031 387.761444091797 414.93359375 448.192657470703 483.129180908203 500.564331054688 520.924682617188 540.412292480469 564.357482910156 578.48681640625 585.317932128906 597.533386230469 602.0205078125 612.52783203125 619.296325683594 623.597045898438 631.611145019531 637.284606933594 646.676696777344 654.049926757812 -3.4e+38 -3.4e+38 -3.4e+38 -3.4e+38 -3.4e+38 -3.4e+38 -3.4e+38 -3.4e+38 -3.4e+38 -3.4e+38 -3.4e+38 -3.4e+38
-3.4e+38 -3.4e+38 -3.4e+38 -3.4e+38 -3.4e+38 -3.4e+38 -3.4e+38 -3.4e+38 -3.4e+38 -3.4e+38 -3.4e+38 -3.4e+38 -3.4e+38 -3.4e+38 -3.4e+38 -3.4e+38 230.217498779297 240.997482299805 255.492584228516 272.751159667969 290.545349121094 310.291168212891 325.314422607422 339.07421875 357.244201660156 375.404357910156 400.914031982422 412.541809082031 426.407073974609 460.902557373047 491.883453369141 514.783508300781 533.844299316406 552.455749511719 567.906799316406 581.117919921875 597.46240234375 598.002014160156 605.161254882812 618.895080566406 625.021911621094 629.752746582031 637.126953125 646.329650878906 652.342407226562 -3.4e+38 -3.4e+38 -3.4e+38 -3.4e+38 -3.4e+38 -3.4e+38 -3.4e+38 -3.4e+38 -3.4e+38 -3.4e+38 -3.4e+38 -3.4e+38 -3.4e+38
-3.4e+38 -3.4e+38 -3.4e+38 -3.4e+38 -3.4e+38 -3.4e+38 -3.4e+38 -3.4e+38 -3.4e+38 -3.4e+38 -3.4e+38 -3.4e+38 -3.4e+38 -3.4e+38 235.1689453125 242.028167724609 253.267196655273 265.670043945312 282.445617675781 299.243774414062 314.940307617188 327.820190429688 344.267120361328 357.782806396484 377.920379638672 409.059173583984 429.483734130859 437.090850830078 453.369842529297 468.000183105469 494.823974609375 525.229614257812 545.125305175781 564.4365234375 576.741027832031 583.294799804688 593.056640625 603.360107421875 614.840270996094 620.491271972656 627.716613769531 635.758850097656 643.263854980469 651.517944335938 -3.4e+38 -3.4e+38 -3.4e+38 -3.4e+38 -3.4e+38 -3.4e+38 -3.4e+38 -3.4e+38 -3.4e+38 -3.4e+38 -3.4e+38 -3.4e+38 -3.4e+38 -3.4e+38
-3.4e+38 -3.4e+38 -3.4e+38 -3.4e+38 -3.4e+38 -3.4e+38 -3.4e+38 -3.4e+38 -3.4e+38 -3.4e+38 -3.4e+38 -3.4e+38 -3.4e+38 238.006805419922 251.851867675781 264.316741943359 272.354919433594 284.239990234375 301.08154296875 319.323638916016 345.687377929688 351.305908203125 365.208404541016 381.118682861328 405.735382080078 424.710571289062 437.112426757812 457.543304443359 477.070648193359 487.712219238281 513.675537109375 541.6455078125 555.928344726562 569.281127929688 580.85107421875 591.900085449219 600.091247558594 609.734069824219 617.20654296875 624.812683105469 632.72802734375 640.682556152344 -3.4e+38 -3.4e+38 -3.4e+38 -3.4e+38 -3.4e+38 -3.4e+38 -3.4e+38 -3.4e+38 -3.4e+38 -3.4e+38 -3.4e+38 -3.4e+38 -3.4e+38 -3.4e+38 -3.4e+38 -3.4e+38
-3.4e+38 -3.4e+38 -3.4e+38 -3.4e+38 -3.4e+38 -3.4e+38 -3.4e+38 -3.4e+38 -3.4e+38 -3.4e+38 -3.4e+38 -3.4e+38 243.757232666016 253.410949707031 267.899353027344 280.237030029297 292.248321533203 302.9267578125 317.035705566406 336.831970214844 363.378326416016 396.878997802734 409.802490234375 405.037017822266 423.367065429688 440.216247558594 457.684173583984 477.160675048828 490.554779052734 503.030181884766 526.424682617188 544.001281738281 562.436279296875 577.193969726562 587.955932617188 597.083374023438 604.986694335938 615.213012695312 623.957885742188 629.820068359375 638.17822265625 646.369445800781 -3.4e+38 -3.4e+38 -3.4e+38 -3.4e+38 -3.4e+38 -3.4e+38 -3.4e+38 -3.4e+38 -3.4e+38 -3.4e+38 -3.4e+38 -3.4e+38 -3.4e+38 -3.4e+38 -3.4e+38 -3.4e+38
-3.4e+38 -3.4e+38 -3.4e+38 -3.4e+38 -3.4e+38 -3.4e+38 -3.4e+38 -3.4e+38 -3.4e+38 -3.4e+38 -3.4e+38 249.428756713867 263.391143798828 270.627288818359 278.540252685547 290.644256591797 308.935607910156 321.955017089844 336.804595947266 355.094543457031 380.955841064453 412.615814208984 426.184112548828 422.102172851562 438.887176513672 452.106719970703 469.502410888672 480.896606445312 495.52685546875 518.063720703125 538.494995117188 554.111877441406 571.297729492188 578.612976074219 589.267700195312 601.005554199219 612.164794921875 618.019287109375 628.7783203125 635.881652832031 642.418579101562 650.210632324219 -3.4e+38 -3.4e+38 -3.4e+38 -3.4e+38 -3.4e+38 -3.4e+38 -3.4e+38 -3.4e+38 -3.4e+38 -3.4e+38 -3.4e+38 -3.4e+38 -3.4e+38 -3.4e+38 -3.4e+38 -3.4e+38
-3.4e+38 -3.4e+38 -3.4e+38 -3.4e+38 -3.4e+38 -3.4e+38 -3.4e+38 -3.4e+38 -3.4e+38 -3.4e+38 254.317047119141 271.953979492188 281.168487548828 286.174468994141 295.059661865234 306.063873291016 317.641632080078 328.984680175781 341.714782714844 364.119445800781 378.399475097656 390.570983886719 414.583099365234 441.642608642578 449.568542480469 460.764709472656 486.068054199219 485.860626220703 499.991394042969 517.637756347656 537.021728515625 554.086975097656 570.764709472656 590.674133300781 603.776916503906 609.992919921875 617.750915527344 625.456726074219 632.138916015625 639.682495117188 646.03955078125 662.834899902344 -3.4e+38 -3.4e+38 -3.4e+38 -3.4e+38 -3.4e+38 -3.4e+38 -3.4e+38 -3.4e+38 -3.4e+38 -3.4e+38 -3.4e+38 -3.4e+38 -3.4e+38 -3.4e+38 -3.4e+38 -3.4e+38
-3.4e+38 -3.4e+38 -3.4e+38 -3.4e+38 -3.4e+38 -3.4e+38 -3.4e+38 -3.4e+38 -3.4e+38 254.923187255859 268.511810302734 286.427062988281 290.449676513672 297.119903564453 311.040161132812 325.517211914062 339.323883056641 347.080352783203 351.608459472656 361.145965576172 380.953125 393.841827392578 416.532958984375 439.454406738281 454.021057128906 464.496704101562 476.933990478516 490.477874755859 503.620788574219 519.313415527344 536.943908691406 560.340209960938 588.963256835938 604.039672851562 612.783081054688 618.994689941406 625.336364746094 633.337219238281 638.963562011719 646.003112792969 662.439880371094 673.890380859375 -3.4e+38 -3.4e+38 -3.4e+38 -3.4e+38 -3.4e+38 -3.4e+38 -3.4e+38 -3.4e+38 -3.4e+38 -3.4e+38 -3.4e+38 -3.4e+38 -3.4e+38 -3.4e+38 -3.4e+38 -3.4e+38
-3.4e+38 -3.4e+38 -3.4e+38 -3.4e+38 -3.4e+38 -3.4e+38 -3.4e+38 249.004135131836 254.20588684082 269.889556884766 283.691497802734 297.033721923828 300.589569091797 309.156677246094 323.263000488281 339.750061035156 361.990753173828 368.477325439453 375.3759765625 385.289733886719 401.248809814453 418.641174316406 427.301635742188 442.13818359375 459.555206298828 473.442291259766 485.819519042969 502.566040039062 520.910888671875 538.190856933594 556.932495117188 575.785827636719 593.36572265625 605.117614746094 614.032409667969 623.90283203125 632.427795410156 638.350158691406 641.860168457031 655.898986816406 670.472229003906 679.740417480469 -3.4e+38 -3.4e+38 -3.4e+38 -3.4e+38 -3.4e+38 -3.4e+38 -3.4e+38 -3.4e+38 -3.4e+38 -3.4e+38 -3.4e+38 -3.4e+38 -3.4e+38 -3.4e+38 -3.4e+38 -3.4e+38
-3.4e+38 -3.4e+38 -3.4e+38 -3.4e+38 -3.4e+38 249.458999633789 254.563934326172 258.479583740234 264.914306640625 283.817199707031 295.790069580078 304.42822265625 309.670501708984 320.89599609375 338.4375 347.754699707031 368.772766113281 385.22021484375 398.363586425781 414.891082763672 428.301635742188 438.914642333984 449.305480957031 461.667358398438 476.957336425781 496.181091308594 512.696472167969 526.956359863281 540.586059570312 553.747924804688 567.0244140625 582.231750488281 596.321960449219 606.937805175781 616.516967773438 625.968444824219 633.04833984375 640.798278808594 651.484313964844 668.019592285156 677.671875 686.409423828125 -3.4e+38 -3.4e+38 -3.4e+38 -3.4e+38 -3.4e+38 -3.4e+38 -3.4e+38 -3.4e+38 -3.4e+38 -3.4e+38 -3.4e+38 -3.4e+38 -3.4e+38 -3.4e+38 -3.4e+38 -3.4e+38
-3.4e+38 -3.4e+38 240.206817626953 246.974487304688 252.112655639648 258.165954589844 265.435760498047 274.212249755859 278.693481445312 290.126281738281 301.220397949219 311.80810546875 320.570709228516 334.705902099609 345.081268310547 360.755187988281 385.318725585938 405.331298828125 422.381774902344 434.290283203125 449.766265869141 461.461669921875 470.461700439453 483.566711425781 499.115264892578 514.865539550781 527.228942871094 539.610595703125 552.800537109375 563.29931640625 575.267272949219 587.023864746094 599.550537109375 611.817077636719 621.237487792969 631.173950195312 640.650024414062 653.123229980469 662.809143066406 674.1923828125 683.005554199219 690.575439453125 -3.4e+38 -3.4e+38 -3.4e+38 -3.4e+38 -3.4e+38 -3.4e+38 -3.4e+38 -3.4e+38 -3.4e+38 -3.4e+38 -3.4e+38 -3.4e+38 -3.4e+38 -3.4e+38 -3.4e+38 -3.4e+38
238.152404785156 244.825576782227 252.205871582031 257.900604248047 266.769470214844 274.966278076172 284.294494628906 290.139739990234 291.531707763672 299.716552734375 312.312072753906 321.113037109375 331.389892578125 342.556762695312 358.894927978516 376.129821777344 399.229461669922 421.922119140625 434.187133789062 448.581298828125 465.709899902344 475.185577392578 484.344940185547 497.057098388672 508.317260742188 521.987060546875 534.578552246094 548.039184570312 560.105712890625 570.642028808594 583.100158691406 593.653625488281 603.676940917969 612.02099609375 624.205505371094 638.418334960938 649.977355957031 660.049682617188 670.516540527344 680.018005371094 687.307189941406 694.224670410156 -3.4e+38 -3.4e+38 -3.4e+38 -3.4e+38 -3.4e+38 -3.4e+38 -3.4e+38 -3.4e+38 -3.4e+38 -3.4e+38 -3.4e+38 -3.4e+38 -3.4e+38 -3.4e+38 -3.4e+38 -3.4e+38
247.784820556641 261.640350341797 267.22509765625 273.414947509766 282.633514404297 290.961273193359 299.082824707031 300.846160888672 299.838073730469 307.885528564453 320.480346679688 333.242309570312 340.325347900391 355.748291015625 371.005279541016 388.049926757812 410.080780029297 430.109466552734 448.949584960938 463.980316162109 474.819519042969 485.80029296875 496.664672851562 505.628234863281 516.394470214844 529.757385253906 540.010314941406 551.773742675781 563.443481445312 576.356262207031 587.940185546875 600.152770996094 613.29296875 621.661010742188 629.547729492188 642.999694824219 655.459289550781 664.640014648438 673.9072265625 683.484924316406 690.984924316406 697.294677734375 -3.4e+38 -3.4e+38 -3.4e+38 -3.4e+38 -3.4e+38 -3.4e+38 -3.4e+38 -3.4e+38 -3.4e+38 -3.4e+38 -3.4e+38 -3.4e+38 -3.4e+38 -3.4e+38 -3.4e+38 -3.4e+38
260.307220458984 274.653717041016 281.272308349609 287.617340087891 297.290435791016 304.181243896484 310.880462646484 309.539428710938 306.9677734375 313.171417236328 328.249664306641 341.729278564453 355.464416503906 368.723541259766 383.630798339844 396.254852294922 416.443145751953 443.815063476562 457.438262939453 472.132507324219 483.814605712891 494.587982177734 504.135345458984 512.769226074219 522.648376464844 533.231689453125 546.376647949219 562.66015625 572.192993164062 584.864990234375 594.201049804688 607.051818847656 623.202941894531 634.048400878906 642.7939453125 651.474304199219 660.899841308594 668.467407226562 676.704406738281 684.509582519531 692.326416015625 699.322326660156 -3.4e+38 -3.4e+38 -3.4e+38 -3.4e+38 -3.4e+38 -3.4e+38 -3.4e+38 -3.4e+38 -3.4e+38 -3.4e+38 -3.4e+38 -3.4e+38 -3.4e+38 -3.4e+38 -3.4e+38 -3.4e+38
271.661773681641 284.134613037109 290.976043701172 298.535614013672 308.225860595703 315.279876708984 320.3564453125 317.094055175781 316.760406494141 322.885070800781 338.614074707031 355.896087646484 367.425384521484 380.671203613281 396.144989013672 407.7353515625 421.309143066406 445.224670410156 463.746215820312 476.322448730469 485.685821533203 496.424377441406 508.786590576172 521.868225097656 533.958190917969 546.882446289062 561.185607910156 574.564453125 584.169311523438 594.80078125 605.967102050781 617.497375488281 628.933349609375 638.541687011719 647.414245605469 655.877868652344 663.53076171875 671.31201171875 680.153686523438 686.447326660156 693.906494140625 700.461669921875 -3.4e+38 -3.4e+38 -3.4e+38 -3.4e+38 -3.4e+38 -3.4e+38 -3.4e+38 -3.4e+38 -3.4e+38 -3.4e+38 -3.4e+38 -3.4e+38 -3.4e+38 -3.4e+38 -3.4e+38 -3.4e+38
283.637420654297 293.232788085938 301.001800537109 308.859252929688 317.351165771484 323.556060791016 327.026031494141 327.261962890625 328.785736083984 336.703186035156 352.279205322266 368.215911865234 379.333831787109 389.955169677734 406.983520507812 417.525634765625 426.915496826172 450.236602783203 469.589324951172 482.292022705078 490.741760253906 502.189514160156 515.670715332031 528.472717285156 541.316467285156 556.066345214844 568.079467773438 580.192565917969 590.642578125 600.175415039062 611.775573730469 622.272338867188 631.69921875 641.403564453125 649.773315429688 658.735961914062 666.312744140625 674.044921875 683.316223144531 689.149230957031 696.354248046875 704.001708984375 -3.4e+38 -3.4e+38 -3.4e+38 -3.4e+38 -3.4e+38 -3.4e+38 -3.4e+38 -3.4e+38 -3.4e+38 -3.4e+38 -3.4e+38 -3.4e+38 -3.4e+38 -3.4e+38 -3.4e+38 -3.4e+38
294.281341552734 302.133453369141 310.220825195312 318.125793457031 324.274169921875 330.592926025391 334.064666748047 336.788330078125 339.805816650391 347.741729736328 361.708251953125 375.334167480469 388.3486328125 398.608367919922 414.482818603516 425.137145996094 433.931335449219 456.655914306641 476.245025634766 490.245727539062 499.797210693359 508.812347412109 522.394958496094 534.31640625 545.812377929688 559.912048339844 572.7470703125 584.617065429688 594.779174804688 605.117126464844 615.500305175781 625.528747558594 634.367919921875 643.444580078125 652.561096191406 660.270874023438 668.877624511719 677.782104492188 685.151977539062 690.923522949219 -3.4e+38 -3.4e+38 -3.4e+38 -3.4e+38 -3.4e+38 -3.4e+38 -3.4e+38 -3.4e+38 -3.4e+38 -3.4e+38 -3.4e+38 -3.4e+38 -3.4e+38 -3.4e+38 -3.4e+38 -3.4e+38 -3.4e+38 -3.4e+38
