rasters/Morocco_bio8.asc
NCOLS 192 
NROWS 174 
XLLCORNER -17.013743324 
YLLCORNER 21.41997106 
CELLSIZE 0.083238249234375 
NODATA_value -3.4e+38 
[rows 50 to 74 of 174, columns 58 to 115 of 192]
-3.4e+38 -3.4e+38 -3.4e+38 -3.4e+38 -3.4e+38 -3.4e+38 -3.4e+38 -3.4e+38 -3.4e+38 -3.4e+38 -3.4e+38 -3.4e+38 -3.4e+38 -3.4e+38 -3.4e+38 -3.4e+38 -3.4e+38 -3.4e+38 -3.4e+38 -3.4e+38 -3.4e+38 -3.4e+38 -3.4e+38 -3.4e+38 -3.4e+38 -3.4e+38 -3.4e+38 -3.4e+38 -3.4e+38 -3.4e+38 15.3609809875488 14.5830001831055 13.680832862854 13.400333404541 12.5753335952759 12.6110000610352 13.6078329086304 13.5163335800171 13.7895002365112 13.8889999389648 13.8465003967285 13.5883331298828 13.6563329696655 12.632833480835 12.6145000457764 12.6166667938232 12.5991668701172 13.5758333206177 13.6206665039062 13.6674995422363 13.6254997253418 15.5635004043579 15.364333152771 14.9193334579468 14.6916666030884 14.522500038147 14.2968330383301 13.9581661224365
-3.4e+38 -3.4e+38 -3.4e+38 -3.4e+38 -3.4e+38 -3.4e+38 -3.4e+38 -3.4e+38 -3.4e+38 -3.4e+38 -3.4e+38 -3.4e+38 -3.4e+38 -3.4e+38 -3.4e+38 -3.4e+38 -3.4e+38 -3.4e+38 -3.4e+38 -3.4e+38 -3.4e+38 -3.4e+38 -3.4e+38 -3.4e+38 -3.4e+38 -3.4e+38 -3.4e+38 -3.4e+38 -3.4e+38 -3.4e+38 15.1178331375122 14.7323331832886 13.6831665039062 12.8634996414185 12.7255001068115 12.9866666793823 12.9863328933716 12.6971664428711 12.77649974823 13.1223335266113 13.122166633606 13.2546663284302 12.3041667938232 12.326000213623 12.2748336791992 12.179666519165 12.2119998931885 13.1416664123535 13.2476663589478 13.5723333358765 15.4753332138062 15.3459997177124 15.1070003509521 14.7163333892822 14.543833732605 14.3535003662109 14.0950002670288 13.4551668167114
-3.4e+38 -3.4e+38 -3.4e+38 -3.4e+38 -3.4e+38 -3.4e+38 -3.4e+38 -3.4e+38 -3.4e+38 -3.4e+38 -3.4e+38 -3.4e+38 -3.4e+38 -3.4e+38 -3.4e+38 -3.4e+38 -3.4e+38 -3.4e+38 -3.4e+38 -3.4e+38 -3.4e+38 -3.4e+38 -3.4e+38 -3.4e+38 -3.4e+38 -3.4e+38 -3.4e+38 -3.4e+38 -3.4e+38 15.4810419082642 14.9458332061768 14.47350025177 14.0544996261597 13.2568330764771 12.7161664962769 12.5888328552246 12.6684999465942 12.6723337173462 12.5358333587646 12.4263334274292 12.4473333358765 11.739333152771 11.7445001602173 11.8480005264282 11.8656663894653 11.9265003204346 11.8813333511353 12.979832649231 14.9569997787476 15.1614999771118 15.0758333206177 15.0216665267944 14.9623336791992 14.5179996490479 13.8020000457764 13.4033336639404 12.9108333587646 11.5773334503174
-3.4e+38 -3.4e+38 -3.4e+38 -3.4e+38 -3.4e+38 -3.4e+38 -3.4e+38 -3.4e+38 -3.4e+38 -3.4e+38 -3.4e+38 -3.4e+38 -3.4e+38 -3.4e+38 -3.4e+38 -3.4e+38 -3.4e+38 -3.4e+38 -3.4e+38 -3.4e+38 -3.4e+38 -3.4e+38 -3.4e+38 -3.4e+38 -3.4e+38 -3.4e+38 -3.4e+38 -3.4e+38 15.7836599349976 15.5954999923706 15.2189998626709 14.4331665039062 13.5643329620361 12.992000579834 12.5116662979126 12.0900001525879 12.2956666946411 12.4278335571289 12.2936668395996 12.033166885376 11.2664995193481 11.2475004196167 11.2756671905518 11.4104995727539 11.4364995956421 11.5970001220703 14.7428331375122 14.7641668319702 14.8998336791992 14.7133331298828 14.5396661758423 14.6280002593994 14.3978328704834 13.8394994735718 12.5019998550415 11.5173330307007 9.0334997177124 10.2626667022705
-3.4e+38 -3.4e+38 -3.4e+38 -3.4e+38 -3.4e+38 -3.4e+38 -3.4e+38 -3.4e+38 -3.4e+38 -3.4e+38 -3.4e+38 -3.4e+38 -3.4e+38 -3.4e+38 -3.4e+38 -3.4e+38 -3.4e+38 -3.4e+38 -3.4e+38 -3.4e+38 -3.4e+38 -3.4e+38 -3.4e+38 -3.4e+38 -3.4e+38 -3.4e+38 -3.4e+38 -3.4e+38 15.7476501464844 15.5018329620361 14.8318338394165 14.1606664657593 13.5308332443237 12.7623329162598 11.6333332061768 11.3438339233398 11.5498332977295 11.4783334732056 11.4461669921875 11.7609996795654 11.1683330535889 11.1304998397827 11.1801662445068 11.1751670837402 11.1166667938232 14.063666343689 13.8804998397827 14.1679992675781 14.5373334884644 13.6339998245239 13.3823328018188 13.5780000686646 13.1175003051758 11.0110006332397 7.96733331680298 8.79516696929932 7.77433347702026 8.68249988555908
-3.4e+38 -3.4e+38 -3.4e+38 -3.4e+38 -3.4e+38 -3.4e+38 -3.4e+38 -3.4e+38 -3.4e+38 -3.4e+38 -3.4e+38 -3.4e+38 -3.4e+38 -3.4e+38 -3.4e+38 -3.4e+38 -3.4e+38 -3.4e+38 -3.4e+38 -3.4e+38 -3.4e+38 -3.4e+38 -3.4e+38 -3.4e+38 -3.4e+38 -3.4e+38 -3.4e+38 -3.4e+38 14.8046445846558 15.0059995651245 13.5396671295166 13.4799995422363 12.2813339233398 12.0741662979126 11.2325000762939 10.5741672515869 9.86549949645996 10.0286664962769 11.0741662979126 11.6256666183472 10.8748331069946 10.8706665039062 10.9373331069946 13.8801670074463 13.496166229248 13.364333152771 13.301833152771 13.6834993362427 13.9701662063599 11.4869995117188 11.378833770752 10.3284997940063 9.83633327484131 9.03549957275391 4.85183334350586 5.7761664390564 4.37599992752075 6.44000005722046
-3.4e+38 -3.4e+38 -3.4e+38 -3.4e+38 -3.4e+38 -3.4e+38 -3.4e+38 -3.4e+38 -3.4e+38 -3.4e+38 -3.4e+38 -3.4e+38 -3.4e+38 -3.4e+38 -3.4e+38 -3.4e+38 -3.4e+38 -3.4e+38 -3.4e+38 -3.4e+38 -3.4e+38 -3.4e+38 -3.4e+38 -3.4e+38 -3.4e+38 -3.4e+38 -3.4e+38 -3.4e+38 14.2528114318848 14.1331663131714 12.5323333740234 12.5300006866455 11.8916664123535 10.8979997634888 9.83850002288818 9.24683380126953 8.92116641998291 9.35400009155273 10.0950002670288 10.5868330001831 10.8850002288818 12.1426668167114 11.3213329315186 10.5723333358765 11.3978338241577 10.0968332290649 10.6890001296997 11.6625003814697 11.9005002975464 11.6551666259766 9.37800025939941 5.86116647720337 4.01100015640259 5.31549978256226 3.39016675949097 4.8178334236145 7.60050010681152 4.49650001525879
-3.4e+38 -3.4e+38 -3.4e+38 -3.4e+38 -3.4e+38 -3.4e+38 -3.4e+38 -3.4e+38 -3.4e+38 -3.4e+38 -3.4e+38 -3.4e+38 -3.4e+38 -3.4e+38 -3.4e+38 -3.4e+38 -3.4e+38 -3.4e+38 -3.4e+38 -3.4e+38 -3.4e+38 -3.4e+38 -3.4e+38 -3.4e+38 -3.4e+38 -3.4e+38 -3.4e+38 -3.4e+38 14.0304126739502 13.6145000457764 13.9781665802002 13.0739994049072 11.5228328704834 10.3400001525879 9.91549968719482 8.41033363342285 7.98499965667725 8.76766681671143 8.64883327484131 7.95833301544189 10.3028335571289 10.8946666717529 8.35850048065186 8.4461669921875 9.38933372497559 7.25250005722046 8.61833381652832 8.38183307647705 10.1251668930054 7.75399971008301 5.64833307266235 2.64599990844727 0.803666651248932 0.612500011920929 6.00333309173584 5.37333345413208 5.82683324813843 6.50783348083496
-3.4e+38 -3.4e+38 -3.4e+38 -3.4e+38 -3.4e+38 -3.4e+38 -3.4e+38 -3.4e+38 -3.4e+38 -3.4e+38 -3.4e+38 -3.4e+38 -3.4e+38 -3.4e+38 -3.4e+38 -3.4e+38 -3.4e+38 -3.4e+38 -3.4e+38 -3.4e+38 -3.4e+38 -3.4e+38 -3.4e+38 -3.4e+38 -3.4e+38 -3.4e+38 -3.4e+38 -3.4e+38 14.1554851531982 13.6608333587646 12.8454999923706 12.8263330459595 11.974666595459 10.5493335723877 10.0671663284302 9.14516639709473 8.21350002288818 8.44316673278809 7.56666660308838 7.50950002670288 7.59416675567627 8.60166645050049 6.5261664390564 8.1646671295166 5.95499992370605 3.46866679191589 4.86166667938232 6.80916690826416 9.52566623687744 5.09566640853882 0.13099992275238 2.71000003814697 3.32449984550476 5.20116662979126 4.3803334236145 5.49533319473267 7.08066654205322 8.05916690826416
-3.4e+38 -3.4e+38 -3.4e+38 -3.4e+38 -3.4e+38 -3.4e+38 -3.4e+38 -3.4e+38 -3.4e+38 -3.4e+38 -3.4e+38 -3.4e+38 -3.4e+38 -3.4e+38 -3.4e+38 -3.4e+38 -3.4e+38 -3.4e+38 -3.4e+38 -3.4e+38 -3.4e+38 -3.4e+38 -3.4e+38 -3.4e+38 -3.4e+38 -3.4e+38 -3.4e+38 -3.4e+38 13.7335367202759 13.3551664352417 12.3766670227051 11.9254999160767 11.8608331680298 10.9905004501343 9.96350002288818 8.28033351898193 7.80816650390625 9.40983295440674 7.77999973297119 6.64933347702026 4.7223334312439 7.11883306503296 5.27466678619385 3.68700003623962 3.51966667175293 5.46033334732056 8.6855001449585 8.77866649627686 8.44016647338867 6.16916656494141 5.53200006484985 5.62750005722046 4.7039999961853 3.14966654777527 4.23950004577637 5.92950010299683 7.44350004196167 8.51249980926514
-3.4e+38 -3.4e+38 -3.4e+38 -3.4e+38 -3.4e+38 -3.4e+38 -3.4e+38 -3.4e+38 -3.4e+38 -3.4e+38 -3.4e+38 -3.4e+38 -3.4e+38 -3.4e+38 -3.4e+38 -3.4e+38 -3.4e+38 -3.4e+38 -3.4e+38 -3.4e+38 -3.4e+38 -3.4e+38 -3.4e+38 -3.4e+38 -3.4e+38 -3.4e+38 -3.4e+38 -3.4e+38 13.7790603637695 13.1373329162598 12.4425001144409 12.2910003662109 12.2338333129883 11.1231670379639 9.8241662979126 8.38083362579346 9.52766609191895 10.824333190918 8.9694995880127 6.32250022888184 5.5131664276123 4.45599985122681 4.90899991989136 5.11633348464966 7.10383319854736 7.99183320999146 8.08516693115234 10.0728330612183 9.89000034332275 6.30049991607666 6.11116647720337 6.90283346176147 4.23516654968262 3.05299997329712 4.50449991226196 6.46683359146118 6.68316650390625 7.81016683578491
-3.4e+38 -3.4e+38 -3.4e+38 -3.4e+38 -3.4e+38 -3.4e+38 -3.4e+38 -3.4e+38 -3.4e+38 -3.4e+38 -3.4e+38 -3.4e+38 -3.4e+38 -3.4e+38 -3.4e+38 -3.4e+38 -3.4e+38 -3.4e+38 -3.4e+38 -3.4e+38 -3.4e+38 -3.4e+38 -3.4e+38 -3.4e+38 -3.4e+38 -3.4e+38 -3.4e+38 -3.4e+38 13.8855686187744 13.4183330535889 13.0869998931885 12.1438331604004 11.1788330078125 9.45383358001709 7.9433331489563 9.09200000762939 11.3771667480469 10.3411664962769 7.2591667175293 6.10799980163574 7.19849967956543 8.73233318328857 7.98383331298828 9.3526668548584 10.6618328094482 10.9078330993652 10.7253332138062 12.2215003967285 7.7955002784729 7.29966688156128 7.80350017547607 8.24666690826416 6.06799983978271 3.22300004959106 2.71249985694885 5.0843334197998 6.28866672515869 7.51133346557617
-3.4e+38 -3.4e+38 -3.4e+38 -3.4e+38 -3.4e+38 -3.4e+38 -3.4e+38 -3.4e+38 -3.4e+38 -3.4e+38 -3.4e+38 -3.4e+38 -3.4e+38 -3.4e+38 -3.4e+38 -3.4e+38 -3.4e+38 -3.4e+38 -3.4e+38 -3.4e+38 -3.4e+38 -3.4e+38 -3.4e+38 -3.4e+38 -3.4e+38 -3.4e+38 -3.4e+38 -3.4e+38 13.917332649231 13.3238334655762 12.5824995040894 11.5323333740234 9.32299995422363 8.39316654205322 9.28716659545898 11.8531665802002 9.52633285522461 9.8323335647583 8.69133281707764 9.79899978637695 10.9368333816528 10.5138330459595 11.6700000762939 11.8796672821045 12.2333335876465 12.2491664886475 12.2279996871948 12.6491670608521 11.7573337554932 11.3505001068115 9.7926664352417 8.72583293914795 6.23783349990845 3.48466658592224 1.38333344459534 3.61633348464966 5.93116664886475 7.10533332824707
-3.4e+38 -3.4e+38 -3.4e+38 -3.4e+38 -3.4e+38 -3.4e+38 -3.4e+38 -3.4e+38 -3.4e+38 -3.4e+38 -3.4e+38 -3.4e+38 -3.4e+38 -3.4e+38 -3.4e+38 -3.4e+38 -3.4e+38 -3.4e+38 -3.4e+38 -3.4e+38 -3.4e+38 -3.4e+38 -3.4e+38 -3.4e+38 -3.4e+38 -3.4e+38 -3.4e+38 -3.4e+38 13.743896484375 13.1908330917358 11.6861667633057 10.4703330993652 10.6631669998169 10.9338331222534 12.1566667556763 11.679500579834 11.763500213623 12.6975002288818 12.7379999160767 12.2968330383301 12.7204999923706 12.5881662368774 12.8586673736572 12.8048334121704 12.7925004959106 12.7416667938232 12.611499786377 13.2951669692993 11.7368335723877 10.7938327789307 7.69199991226196 7.59183359146118 7.13250017166138 6.2238335609436 4.78983354568481 4.96433305740356 6.40783309936523 7.2504997253418
-3.4e+38 -3.4e+38 -3.4e+38 -3.4e+38 -3.4e+38 -3.4e+38 -3.4e+38 -3.4e+38 -3.4e+38 -3.4e+38 -3.4e+38 -3.4e+38 -3.4e+38 -3.4e+38 -3.4e+38 -3.4e+38 -3.4e+38 -3.4e+38 -3.4e+38 -3.4e+38 -3.4e+38 -3.4e+38 -3.4e+38 -3.4e+38 -3.4e+38 -3.4e+38 -3.4e+38 -3.4e+38 -3.4e+38 -3.4e+38 13.6175003051758 12.4716663360596 11.4998331069946 12.1084995269775 13.9408340454102 14.3115005493164 14.4890003204346 14.4776668548584 14.3115005493164 14.138500213623 14.0911664962769 14.0128335952759 13.6440000534058 13.2333335876465 12.5593338012695 13.1566667556763 12.085000038147 11.7391662597656 10.3114995956421 10.7170000076294 10.6641664505005 10.0778331756592 9.3613338470459 8.29666709899902 7.25516700744629 6.43400001525879 6.79150009155273 7.92383337020874
-3.4e+38 -3.4e+38 -3.4e+38 -3.4e+38 -3.4e+38 -3.4e+38 -3.4e+38 -3.4e+38 -3.4e+38 -3.4e+38 -3.4e+38 -3.4e+38 -3.4e+38 -3.4e+38 -3.4e+38 -3.4e+38 -3.4e+38 -3.4e+38 -3.4e+38 -3.4e+38 -3.4e+38 -3.4e+38 -3.4e+38 -3.4e+38 -3.4e+38 -3.4e+38 -3.4e+38 -3.4e+38 -3.4e+38 -3.4e+38 14.3301849365234 13.7065000534058 13.7581663131714 14.3430004119873 14.6949996948242 14.752833366394 14.6451663970947 14.6468334197998 14.5296669006348 14.5213327407837 14.3579998016357 14.0278329849243 13.4285001754761 11.9208335876465 11.2666664123535 9.89350032806396 9.59650039672852 9.84716701507568 9.77349948883057 10.6286668777466 9.79150009155273 8.38049983978271 8.08100032806396 6.96833324432373 6.42866659164429 6.49149990081787 6.83166646957397 8.15583324432373
-3.4e+38 -3.4e+38 -3.4e+38 -3.4e+38 -3.4e+38 -3.4e+38 -3.4e+38 -3.4e+38 -3.4e+38 -3.4e+38 -3.4e+38 -3.4e+38 -3.4e+38 -3.4e+38 -3.4e+38 -3.4e+38 -3.4e+38 -3.4e+38 -3.4e+38 -3.4e+38 -3.4e+38 -3.4e+38 -3.4e+38 -3.4e+38 -3.4e+38 -3.4e+38 -3.4e+38 -3.4e+38 -3.4e+38 -3.4e+38 -3.4e+38 14.9324998855591 14.9073333740234 14.8566665649414 14.7301664352417 14.622166633606 14.5641670227051 14.5558338165283 14.4713335037231 14.485333442688 13.2620000839233 12.5968332290649 12.7965002059937 12.0935001373291 11.3956670761108 10.951000213623 10.2674999237061 9.77149963378906 10.1998329162598 10.126166343689 9.34816646575928 7.94416666030884 7.09200000762939 6.79400014877319 6.4355001449585 6.23583364486694 7.21150016784668 8.37166690826416
-3.4e+38 -3.4e+38 -3.4e+38 -3.4e+38 -3.4e+38 -3.4e+38 -3.4e+38 -3.4e+38 -3.4e+38 -3.4e+38 -3.4e+38 -3.4e+38 -3.4e+38 -3.4e+38 -3.4e+38 -3.4e+38 -3.4e+38 -3.4e+38 -3.4e+38 -3.4e+38 -3.4e+38 -3.4e+38 -3.4e+38 -3.4e+38 -3.4e+38 -3.4e+38 -3.4e+38 -3.4e+38 -3.4e+38 -3.4e+38 14.8294324874878 14.985499382019 14.9983329772949 14.8831672668457 14.7096672058105 14.4764995574951 14.335165977478 14.4173336029053 14.3506669998169 14.0050001144409 12.4230003356934 11.6203327178955 11.2983331680298 10.8114995956421 10.1641664505005 10.4055004119873 9.51399993896484 9.31883335113525 9.3256664276123 8.76083278656006 8.09000015258789 7.79616641998291 6.85366678237915 5.85533332824707 6.37683343887329 6.60349988937378 6.89849996566772 7.55816650390625
-3.4e+38 -3.4e+38 -3.4e+38 -3.4e+38 -3.4e+38 -3.4e+38 -3.4e+38 -3.4e+38 -3.4e+38 -3.4e+38 -3.4e+38 -3.4e+38 -3.4e+38 -3.4e+38 -3.4e+38 -3.4e+38 -3.4e+38 -3.4e+38 -3.4e+38 -3.4e+38 -3.4e+38 -3.4e+38 -3.4e+38 -3.4e+38 -3.4e+38 -3.4e+38 -3.4e+38 -3.4e+38 -3.4e+38 -3.4e+38 14.9459590911865 15.0673332214355 14.9516668319702 14.856333732605 14.757999420166 14.3540000915527 13.793999671936 13.595832824707 13.5121669769287 12.3660001754761 11.4018335342407 10.5249996185303 9.989333152771 9.0198335647583 9.11800003051758 8.52433300018311 8.10350036621094 7.57600021362305 7.17700004577637 7.22800016403198 6.8580002784729 6.09583330154419 6.27699995040894 6.33083343505859 8.15783309936523 8.90016651153564 9.79916667938232 10.5098333358765
-3.4e+38 -3.4e+38 -3.4e+38 -3.4e+38 -3.4e+38 -3.4e+38 -3.4e+38 -3.4e+38 -3.4e+38 -3.4e+38 -3.4e+38 -3.4e+38 -3.4e+38 -3.4e+38 -3.4e+38 -3.4e+38 -3.4e+38 -3.4e+38 -3.4e+38 -3.4e+38 -3.4e+38 -3.4e+38 -3.4e+38 -3.4e+38 -3.4e+38 -3.4e+38 -3.4e+38 -3.4e+38 -3.4e+38 -3.4e+38 15.0803031921387 15.1391668319702 14.9700002670288 14.9078330993652 14.6366672515869 13.5149993896484 12.7908334732056 11.9245004653931 12.3191661834717 10.8353338241577 10.3105001449585 9.68883323669434 8.48766708374023 7.48733329772949 7.21666669845581 6.65483331680298 5.63633346557617 7.56699991226196 8.74666690826416 7.72683334350586 8.13433361053467 8.1991662979126 8.41599941253662 9.01483345031738 10.2466669082642 11.3625001907349 12.3541669845581 12.069167137146
-3.4e+38 -3.4e+38 -3.4e+38 -3.4e+38 -3.4e+38 -3.4e+38 -3.4e+38 -3.4e+38 -3.4e+38 -3.4e+38 -3.4e+38 -3.4e+38 -3.4e+38 -3.4e+38 -3.4e+38 -3.4e+38 -3.4e+38 -3.4e+38 -3.4e+38 -3.4e+38 -3.4e+38 -3.4e+38 -3.4e+38 -3.4e+38 -3.4e+38 -3.4e+38 -3.4e+38 -3.4e+38 -3.4e+38 -3.4e+38 15.353199005127 15.2430000305176 15.0614995956421 14.9571666717529 13.8158330917358 12.6709995269775 11.6363334655762 10.7941665649414 11.4573335647583 10.1931667327881 9.05399990081787 8.50633335113525 6.9946665763855 7.00166654586792 7.20916652679443 7.61533355712891 8.55566692352295 10.4391670227051 10.3478336334229 9.00500011444092 9.30000019073486 9.73366641998291 10.1238327026367 11.1418333053589 11.9381666183472 12.4709997177124 13.5391664505005 13.7054996490479
-3.4e+38 -3.4e+38 -3.4e+38 -3.4e+38 -3.4e+38 -3.4e+38 -3.4e+38 -3.4e+38 -3.4e+38 -3.4e+38 -3.4e+38 -3.4e+38 -3.4e+38 -3.4e+38 -3.4e+38 -3.4e+38 -3.4e+38 -3.4e+38 -3.4e+38 -3.4e+38 -3.4e+38 -3.4e+38 -3.4e+38 -3.4e+38 -3.4e+38 -3.4e+38 -3.4e+38 -3.4e+38 -3.4e+38 15.3780307769775 15.5831670761108 15.3008337020874 15.0706663131714 14.6516666412354 12.7525005340576 11.6406669616699 9.70333290100098 10.1648330688477 9.86216640472412 10.0139999389648 8.76516628265381 7.59950017929077 7.051833152771 8.15883350372314 7.78583288192749 7.69700002670288 9.7185001373291 11.5690002441406 11.3701667785645 9.90183353424072 9.79899978637695 10.4021663665771 10.8331670761108 11.3626661300659 11.4713335037231 13.4738330841064 13.9171667098999 14.295166015625
-3.4e+38 -3.4e+38 -3.4e+38 -3.4e+38 -3.4e+38 -3.4e+38 -3.4e+38 -3.4e+38 -3.4e+38 -3.4e+38 -3.4e+38 -3.4e+38 -3.4e+38 -3.4e+38 -3.4e+38 -3.4e+38 -3.4e+38 -3.4e+38 -3.4e+38 -3.4e+38 -3.4e+38 -3.4e+38 -3.4e+38 -3.4e+38 -3.4e+38 -3.4e+38 -3.4e+38 -3.4e+38 15.4315223693848 15.404167175293 15.5384998321533 15.4763336181641 15.0531673431396 14.3393335342407 13.5498332977295 11.7391672134399 8.84249973297119 8.35483360290527 9.63500022888184 9.61516666412354 8.57816696166992 7.05416631698608 7.59566640853882 9.66233348846436 8.05066680908203 9.01566696166992 10.132833480835 10.8105001449585 11.2209997177124 11.9816665649414 11.4006671905518 10.4196662902832 10.1683330535889 11.6735000610352 13.3636665344238 14.0453329086304 13.9460000991821 14.2814998626709
-3.4e+38 -3.4e+38 -3.4e+38 -3.4e+38 -3.4e+38 -3.4e+38 -3.4e+38 -3.4e+38 -3.4e+38 -3.4e+38 -3.4e+38 -3.4e+38 -3.4e+38 -3.4e+38 -3.4e+38 -3.4e+38 -3.4e+38 -3.4e+38 -3.4e+38 -3.4e+38 -3.4e+38 -3.4e+38 -3.4e+38 -3.4e+38 -3.4e+38 -3.4e+38 -3.4e+38 -3.4e+38 15.4541664123535 15.4134998321533 15.2568330764771 15.1808338165283 15.2041664123535 14.1499996185303 12.6339998245239 12.0761661529541 9.0421667098999 7.37533330917358 8.02933311462402 8.21599960327148 8.08949947357178 6.71033334732056 7.79166698455811 10.1568336486816 8.7906665802002 9.31316661834717 9.11966705322266 9.90183353424072 9.6031665802002 12.3815002441406 13.1973333358765 12.4739999771118 12.4448337554932 13.5313329696655 13.6771659851074 13.3474998474121 13.1298332214355 14.9543333053589
-3.4e+38 -3.4e+38 -3.4e+38 -3.4e+38 -3.4e+38 -3.4e+38 -3.4e+38 -3.4e+38 -3.4e+38 -3.4e+38 -3.4e+38 -3.4e+38 -3.4e+38 -3.4e+38 -3.4e+38 -3.4e+38 -3.4e+38 -3.4e+38 -3.4e+38 -3.4e+38 -3.4e+38 -3.4e+38 -3.4e+38 -3.4e+38 -3.4e+38 -3.4e+38 -3.4e+38 15.0843639373779 15.1821670532227 14.9748334884644 14.7869997024536 14.7823333740234 14.4340000152588 13.3273334503174 12.4103336334229 11.8269996643066 11.3561668395996 10.941333770752 10.2419996261597 8.30483341217041 6.84833335876465 6.58633327484131 7.53800010681152 9.91866683959961 11.1398334503174 10.1451663970947 11.5109996795654 11.9213333129883 12.5984992980957 13.7048330307007 14.1096668243408 14.143666267395 14.2148332595825 14.4928331375122 14.6485004425049 14.7220001220703 15.0713338851929 15.1798334121704
