rasters/Morocco_bio10.asc
NCOLS 192 
NROWS 174 
XLLCORNER -17.013743324 
YLLCORNER 21.41997106 
CELLSIZE 0.083238249234375 
NODATA_value -3.4e+38 
[rows 50 to 74 of 174, columns 58 to 115 of 192]
-3.4e+38 -3.4e+38 -3.4e+38 -3.4e+38 -3.4e+38 -3.4e+38 -3.4e+38 -3.4e+38 -3.4e+38 -3.4e+38 -3.4e+38 -3.4e+38 -3.4e+38 -3.4e+38 -3.4e+38 -3.4e+38 -3.4e+38 -3.4e+38 -3.4e+38 -3.4e+38 -3.4e+38 -3.4e+38 -3.4e+38 -3.4e+38 -3.4e+38 -3.4e+38 -3.4e+38 -3.4e+38 -3.4e+38 -3.4e+38 21.4588241577148 22.2666664123535 22.429666519165 22.8063335418701 22.7065010070801 23.1008338928223 24.3353328704834 24.6928329467773 25.3771667480469 25.7561664581299 26.0781669616699 26.1683330535889 26.4333343505859 26.5244998931885 26.6228332519531 26.6900005340576 26.781665802002 26.7760009765625 26.882999420166 26.978666305542 27.1424999237061 27.1269989013672 26.9768333435059 26.6483345031738 26.6140003204346 26.5166664123535 26.3491668701172 26.0656661987305
-3.4e+38 -3.4e+38 -3.4e+38 -3.4e+38 -3.4e+38 -3.4e+38 -3.4e+38 -3.4e+38 -3.4e+38 -3.4e+38 -3.4e+38 -3.4e+38 -3.4e+38 -3.4e+38 -3.4e+38 -3.4e+38 -3.4e+38 -3.4e+38 -3.4e+38 -3.4e+38 -3.4e+38 -3.4e+38 -3.4e+38 -3.4e+38 -3.4e+38 -3.4e+38 -3.4e+38 -3.4e+38 -3.4e+38 -3.4e+38 21.7131671905518 22.7938327789307 22.6879997253418 22.5031661987305 23.0310001373291 23.6539993286133 23.984167098999 24.1523342132568 24.7106666564941 25.5106658935547 25.9113330841064 26.3153343200684 26.3990001678467 26.4486656188965 26.4223327636719 26.3608341217041 26.1573333740234 26.048999786377 26.3541660308838 26.8356666564941 26.7281665802002 26.7411651611328 26.6693344116211 26.5641670227051 26.5203323364258 26.2299995422363 25.8383331298828 25.3651657104492
-3.4e+38 -3.4e+38 -3.4e+38 -3.4e+38 -3.4e+38 -3.4e+38 -3.4e+38 -3.4e+38 -3.4e+38 -3.4e+38 -3.4e+38 -3.4e+38 -3.4e+38 -3.4e+38 -3.4e+38 -3.4e+38 -3.4e+38 -3.4e+38 -3.4e+38 -3.4e+38 -3.4e+38 -3.4e+38 -3.4e+38 -3.4e+38 -3.4e+38 -3.4e+38 -3.4e+38 -3.4e+38 -3.4e+38 21.0485420227051 22.279167175293 22.9696674346924 23.1943321228027 22.9584999084473 23.0069999694824 23.3583335876465 23.8873329162598 24.3476657867432 24.6821670532227 25.0294990539551 25.6383323669434 25.9536666870117 25.8786678314209 25.943000793457 25.9913330078125 26.1026649475098 25.8634986877441 25.9523334503174 26.0668334960938 26.4634990692139 26.4565010070801 26.425666809082 26.5209999084473 26.3273334503174 25.5441665649414 25.2294998168945 24.8623332977295 23.7901668548584
-3.4e+38 -3.4e+38 -3.4e+38 -3.4e+38 -3.4e+38 -3.4e+38 -3.4e+38 -3.4e+38 -3.4e+38 -3.4e+38 -3.4e+38 -3.4e+38 -3.4e+38 -3.4e+38 -3.4e+38 -3.4e+38 -3.4e+38 -3.4e+38 -3.4e+38 -3.4e+38 -3.4e+38 -3.4e+38 -3.4e+38 -3.4e+38 -3.4e+38 -3.4e+38 -3.4e+38 -3.4e+38 20.6977119445801 21.9078330993652 22.8726673126221 23.0273342132568 22.9096660614014 22.7863330841064 22.8624992370605 22.8775005340576 23.5289993286133 24.1096668243408 24.3800010681152 24.4651660919189 24.9640007019043 25.1800003051758 25.3478317260742 25.5021667480469 25.57200050354 25.7916679382324 25.7520008087158 25.7683334350586 26.031665802002 26.0193328857422 26.0128326416016 26.1378326416016 25.9878330230713 25.6153335571289 24.5681667327881 23.6313323974609 21.5353336334229 22.4538326263428
-3.4e+38 -3.4e+38 -3.4e+38 -3.4e+38 -3.4e+38 -3.4e+38 -3.4e+38 -3.4e+38 -3.4e+38 -3.4e+38 -3.4e+38 -3.4e+38 -3.4e+38 -3.4e+38 -3.4e+38 -3.4e+38 -3.4e+38 -3.4e+38 -3.4e+38 -3.4e+38 -3.4e+38 -3.4e+38 -3.4e+38 -3.4e+38 -3.4e+38 -3.4e+38 -3.4e+38 -3.4e+38 21.1395301818848 22.5004997253418 22.8359985351562 22.8981666564941 22.8803329467773 22.6466674804688 21.9996662139893 22.1219997406006 22.6146659851074 22.8819999694824 23.1638336181641 23.9610004425049 24.7059993743896 24.9461669921875 25.201000213623 25.2294998168945 25.1366672515869 24.9640007019043 24.8996677398682 25.2194995880127 25.5851669311523 24.9530010223389 24.9020004272461 25.2161674499512 24.6793327331543 22.7576675415039 20.5758323669434 21.1919994354248 20.371000289917 21.3231658935547
-3.4e+38 -3.4e+38 -3.4e+38 -3.4e+38 -3.4e+38 -3.4e+38 -3.4e+38 -3.4e+38 -3.4e+38 -3.4e+38 -3.4e+38 -3.4e+38 -3.4e+38 -3.4e+38 -3.4e+38 -3.4e+38 -3.4e+38 -3.4e+38 -3.4e+38 -3.4e+38 -3.4e+38 -3.4e+38 -3.4e+38 -3.4e+38 -3.4e+38 -3.4e+38 -3.4e+38 -3.4e+38 21.6538257598877 22.4136657714844 22.0354995727539 22.4705009460449 22.0218334197998 22.2331657409668 21.7150001525879 21.3668327331543 20.8806667327881 21.220832824707 22.6056671142578 23.6548328399658 24.185998916626 24.4326667785645 24.7533340454102 24.7628345489502 24.3253326416016 24.3363342285156 24.5271663665771 24.8351669311523 25.0621662139893 23.0338325500488 22.9103336334229 21.9278335571289 21.6001663208008 21.0445003509521 17.8311672210693 18.6468334197998 17.6825008392334 19.5596656799316
-3.4e+38 -3.4e+38 -3.4e+38 -3.4e+38 -3.4e+38 -3.4e+38 -3.4e+38 -3.4e+38 -3.4e+38 -3.4e+38 -3.4e+38 -3.4e+38 -3.4e+38 -3.4e+38 -3.4e+38 -3.4e+38 -3.4e+38 -3.4e+38 -3.4e+38 -3.4e+38 -3.4e+38 -3.4e+38 -3.4e+38 -3.4e+38 -3.4e+38 -3.4e+38 -3.4e+38 -3.4e+38 21.476505279541 22.0154991149902 21.2456665039062 21.7805004119873 21.7728328704834 21.333667755127 20.6663341522217 20.324333190918 20.1275005340576 20.6159992218018 21.4860000610352 22.2320003509521 22.6674995422363 22.2355003356934 21.7189998626709 21.2978324890137 22.0073337554932 21.0686664581299 21.7881660461426 22.7763328552246 23.0069999694824 22.8791656494141 20.9774990081787 18.242166519165 16.9061660766602 18.0499992370605 16.6638336181641 17.9416656494141 20.4500007629395 20.3500003814697
-3.4e+38 -3.4e+38 -3.4e+38 -3.4e+38 -3.4e+38 -3.4e+38 -3.4e+38 -3.4e+38 -3.4e+38 -3.4e+38 -3.4e+38 -3.4e+38 -3.4e+38 -3.4e+38 -3.4e+38 -3.4e+38 -3.4e+38 -3.4e+38 -3.4e+38 -3.4e+38 -3.4e+38 -3.4e+38 -3.4e+38 -3.4e+38 -3.4e+38 -3.4e+38 -3.4e+38 -3.4e+38 21.4706192016602 22.3431663513184 22.5590000152588 22.4113330841064 21.65016746521 21.050500869751 20.867000579834 19.755500793457 19.5441665649414 20.1941661834717 20.271333694458 19.9409999847412 20.3366661071777 20.9416675567627 19.1628341674805 19.4898338317871 20.2588329315186 18.6506671905518 19.7866668701172 19.8026676177979 21.4178333282471 19.5491676330566 18.0203342437744 15.7338333129883 14.3053331375122 14.2091665267944 18.7805004119873 20.9150009155273 21.6294994354248 22.4358329772949
-3.4e+38 -3.4e+38 -3.4e+38 -3.4e+38 -3.4e+38 -3.4e+38 -3.4e+38 -3.4e+38 -3.4e+38 -3.4e+38 -3.4e+38 -3.4e+38 -3.4e+38 -3.4e+38 -3.4e+38 -3.4e+38 -3.4e+38 -3.4e+38 -3.4e+38 -3.4e+38 -3.4e+38 -3.4e+38 -3.4e+38 -3.4e+38 -3.4e+38 -3.4e+38 -3.4e+38 -3.4e+38 21.7890300750732 22.689001083374 22.662166595459 22.3646659851074 22.1079998016357 21.2688331604004 21.0611667633057 20.3783340454102 19.8176670074463 20.1508331298828 19.7196674346924 18.1806678771973 18.3251667022705 19.2094993591309 17.7684993743896 19.132999420166 17.4928340911865 15.5798330307007 16.84983253479 18.6451663970947 21.0203342437744 17.5475006103516 13.6049995422363 15.7170000076294 16.244499206543 18.0241661071777 20.0629997253418 21.2568340301514 22.8906669616699 24.0809993743896
-3.4e+38 -3.4e+38 -3.4e+38 -3.4e+38 -3.4e+38 -3.4e+38 -3.4e+38 -3.4e+38 -3.4e+38 -3.4e+38 -3.4e+38 -3.4e+38 -3.4e+38 -3.4e+38 -3.4e+38 -3.4e+38 -3.4e+38 -3.4e+38 -3.4e+38 -3.4e+38 -3.4e+38 -3.4e+38 -3.4e+38 -3.4e+38 -3.4e+38 -3.4e+38 -3.4e+38 -3.4e+38 21.5605697631836 22.6901664733887 22.4298343658447 21.6480007171631 22.045166015625 21.6275005340576 20.9560012817383 19.7259998321533 19.5363330841064 21.0526657104492 20.0574989318848 17.5116672515869 16.1096668243408 18.1106662750244 16.8151664733887 15.7573328018188 15.6875 17.2176666259766 20.058666229248 20.3721656799316 20.212833404541 18.5030002593994 18.033166885376 20.3344993591309 19.9289989471436 18.8428325653076 20.0618324279785 21.8523330688477 23.4519996643066 24.6943340301514
-3.4e+38 -3.4e+38 -3.4e+38 -3.4e+38 -3.4e+38 -3.4e+38 -3.4e+38 -3.4e+38 -3.4e+38 -3.4e+38 -3.4e+38 -3.4e+38 -3.4e+38 -3.4e+38 -3.4e+38 -3.4e+38 -3.4e+38 -3.4e+38 -3.4e+38 -3.4e+38 -3.4e+38 -3.4e+38 -3.4e+38 -3.4e+38 -3.4e+38 -3.4e+38 -3.4e+38 -3.4e+38 21.5273494720459 22.4353332519531 22.4440002441406 22.7018337249756 22.3303337097168 21.7503337860107 20.9196662902832 19.9461669921875 21.0493335723877 22.5196666717529 21.1424999237061 18.9379997253418 16.8185005187988 16.1688327789307 16.6188335418701 16.8563327789307 18.4566669464111 19.3798332214355 19.6979999542236 21.5228328704834 21.5681667327881 18.7471656799316 20.8290004730225 21.7830009460449 19.7843341827393 18.9936656951904 20.5149993896484 22.4393329620361 22.8861656188965 24.1631660461426
-3.4e+38 -3.4e+38 -3.4e+38 -3.4e+38 -3.4e+38 -3.4e+38 -3.4e+38 -3.4e+38 -3.4e+38 -3.4e+38 -3.4e+38 -3.4e+38 -3.4e+38 -3.4e+38 -3.4e+38 -3.4e+38 -3.4e+38 -3.4e+38 -3.4e+38 -3.4e+38 -3.4e+38 -3.4e+38 -3.4e+38 -3.4e+38 -3.4e+38 -3.4e+38 -3.4e+38 -3.4e+38 21.6459350585938 22.3649997711182 22.6506671905518 22.5391674041748 21.4265003204346 20.4104995727539 19.4213333129883 20.5788326263428 22.7870006561279 22.1886672973633 19.8008327484131 17.3968334197998 18.3471660614014 19.6814994812012 20.9273338317871 22.2063331604004 23.4349994659424 23.9053344726562 23.943000793457 23.4983329772949 21.9858322143555 21.8016662597656 22.3950004577637 22.9813327789307 21.4608325958252 19.1475009918213 18.9948329925537 21.269832611084 22.5661659240723 23.9141654968262
-3.4e+38 -3.4e+38 -3.4e+38 -3.4e+38 -3.4e+38 -3.4e+38 -3.4e+38 -3.4e+38 -3.4e+38 -3.4e+38 -3.4e+38 -3.4e+38 -3.4e+38 -3.4e+38 -3.4e+38 -3.4e+38 -3.4e+38 -3.4e+38 -3.4e+38 -3.4e+38 -3.4e+38 -3.4e+38 -3.4e+38 -3.4e+38 -3.4e+38 -3.4e+38 -3.4e+38 -3.4e+38 21.7418327331543 22.0151672363281 22.1283340454102 21.8913345336914 20.0096664428711 19.6323337554932 20.5876655578613 22.6525001525879 21.1446666717529 21.3693332672119 20.6633338928223 21.7063331604004 22.720832824707 22.7705001831055 23.8113327026367 25.2228336334229 25.7199993133545 25.9670009613037 26.3035011291504 25.8118324279785 25.2611656188965 25.2843341827393 24.117000579834 23.5026664733887 21.701000213623 19.4381675720215 17.7218322753906 19.9589996337891 22.2806663513184 23.5961666107178
-3.4e+38 -3.4e+38 -3.4e+38 -3.4e+38 -3.4e+38 -3.4e+38 -3.4e+38 -3.4e+38 -3.4e+38 -3.4e+38 -3.4e+38 -3.4e+38 -3.4e+38 -3.4e+38 -3.4e+38 -3.4e+38 -3.4e+38 -3.4e+38 -3.4e+38 -3.4e+38 -3.4e+38 -3.4e+38 -3.4e+38 -3.4e+38 -3.4e+38 -3.4e+38 -3.4e+38 -3.4e+38 21.1272296905518 21.4771671295166 21.1298332214355 20.808500289917 20.7806663513184 21.2285003662109 22.2948341369629 22.8826675415039 23.0361671447754 23.9806671142578 24.2070007324219 24.1599998474121 24.7958335876465 24.9396667480469 25.3568344116211 25.3793334960938 25.6606674194336 26.119499206543 26.6205005645752 26.5345001220703 25.454833984375 24.9276657104492 22.4743328094482 22.6976661682129 22.5221672058105 21.8606662750244 20.7161674499512 21.1061668395996 22.6921653747559 23.7280006408691
-3.4e+38 -3.4e+38 -3.4e+38 -3.4e+38 -3.4e+38 -3.4e+38 -3.4e+38 -3.4e+38 -3.4e+38 -3.4e+38 -3.4e+38 -3.4e+38 -3.4e+38 -3.4e+38 -3.4e+38 -3.4e+38 -3.4e+38 -3.4e+38 -3.4e+38 -3.4e+38 -3.4e+38 -3.4e+38 -3.4e+38 -3.4e+38 -3.4e+38 -3.4e+38 -3.4e+38 -3.4e+38 -3.4e+38 -3.4e+38 21.9851665496826 21.9214992523193 21.7623329162598 22.3610000610352 24.1016674041748 24.6590003967285 25.0319995880127 25.3251667022705 25.3518333435059 25.3773326873779 25.6389999389648 25.9184989929199 25.7956676483154 25.6961669921875 25.6158332824707 25.7005004882812 25.2530002593994 25.1935005187988 24.3483333587646 24.9471664428711 25.0351676940918 24.8239994049072 24.5279998779297 23.9268321990967 23.2129993438721 22.6311664581299 23.1683330535889 24.4681663513184
-3.4e+38 -3.4e+38 -3.4e+38 -3.4e+38 -3.4e+38 -3.4e+38 -3.4e+38 -3.4e+38 -3.4e+38 -3.4e+38 -3.4e+38 -3.4e+38 -3.4e+38 -3.4e+38 -3.4e+38 -3.4e+38 -3.4e+38 -3.4e+38 -3.4e+38 -3.4e+38 -3.4e+38 -3.4e+38 -3.4e+38 -3.4e+38 -3.4e+38 -3.4e+38 -3.4e+38 -3.4e+38 -3.4e+38 -3.4e+38 21.9694442749023 22.4796676635742 23.1531677246094 23.9705009460449 24.6153335571289 24.8328323364258 24.8754997253418 25.1925010681152 25.2723331451416 25.5386657714844 25.7764987945557 26.0313339233398 25.9498329162598 25.017333984375 24.068000793457 23.4371662139893 23.5241661071777 23.8881664276123 24.1228332519531 25.05299949646 24.5438346862793 23.5738334655762 23.5696678161621 22.7956657409668 22.5498332977295 22.8268337249756 23.2915000915527 24.779333114624
-3.4e+38 -3.4e+38 -3.4e+38 -3.4e+38 -3.4e+38 -3.4e+38 -3.4e+38 -3.4e+38 -3.4e+38 -3.4e+38 -3.4e+38 -3.4e+38 -3.4e+38 -3.4e+38 -3.4e+38 -3.4e+38 -3.4e+38 -3.4e+38 -3.4e+38 -3.4e+38 -3.4e+38 -3.4e+38 -3.4e+38 -3.4e+38 -3.4e+38 -3.4e+38 -3.4e+38 -3.4e+38 -3.4e+38 -3.4e+38 -3.4e+38 22.9305000305176 23.8736667633057 24.2948341369629 24.4130001068115 24.5811672210693 24.8810005187988 25.1401672363281 25.3188323974609 25.7536659240723 25.154333114624 25.0816669464111 24.6665000915527 24.4621658325195 24.2569999694824 24.2373332977295 24.0380001068115 23.9794998168945 24.7106666564941 24.877498626709 24.3106670379639 23.2881660461426 22.7439994812012 22.7041664123535 22.6019992828369 22.6226673126221 23.7053337097168 25.0618324279785
-3.4e+38 -3.4e+38 -3.4e+38 -3.4e+38 -3.4e+38 -3.4e+38 -3.4e+38 -3.4e+38 -3.4e+38 -3.4e+38 -3.4e+38 -3.4e+38 -3.4e+38 -3.4e+38 -3.4e+38 -3.4e+38 -3.4e+38 -3.4e+38 -3.4e+38 -3.4e+38 -3.4e+38 -3.4e+38 -3.4e+38 -3.4e+38 -3.4e+38 -3.4e+38 -3.4e+38 -3.4e+38 -3.4e+38 -3.4e+38 22.0049648284912 23.2023334503174 24.1278343200684 24.5483322143555 24.595832824707 24.4514999389648 24.4689998626709 24.9553337097168 25.4744987487793 25.6315002441406 24.0153331756592 23.8951663970947 23.9363327026367 23.9033336639404 23.6760005950928 24.0828323364258 23.6614990234375 23.7514991760254 24.1434993743896 23.9435005187988 23.533166885376 23.4266662597656 22.7138328552246 21.9541664123535 22.5891666412354 22.9624996185303 23.4769992828369 24.423999786377
-3.4e+38 -3.4e+38 -3.4e+38 -3.4e+38 -3.4e+38 -3.4e+38 -3.4e+38 -3.4e+38 -3.4e+38 -3.4e+38 -3.4e+38 -3.4e+38 -3.4e+38 -3.4e+38 -3.4e+38 -3.4e+38 -3.4e+38 -3.4e+38 -3.4e+38 -3.4e+38 -3.4e+38 -3.4e+38 -3.4e+38 -3.4e+38 -3.4e+38 -3.4e+38 -3.4e+38 -3.4e+38 -3.4e+38 -3.4e+38 22.2744941711426 23.4333343505859 23.9715003967285 24.3516654968262 24.6888332366943 24.6673336029053 24.5141658782959 24.7528343200684 25.0566673278809 24.5473327636719 23.5523338317871 23.3361663818359 23.1861667633057 22.6364994049072 23.0183334350586 22.8013324737549 22.6873321533203 22.4583339691162 22.3413333892822 22.6068344116211 22.445333480835 21.933666229248 22.25 22.5886669158936 24.4405002593994 25.3570003509521 26.3688335418701 27.2953338623047
-3.4e+38 -3.4e+38 -3.4e+38 -3.4e+38 -3.4e+38 -3.4e+38 -3.4e+38 -3.4e+38 -3.4e+38 -3.4e+38 -3.4e+38 -3.4e+38 -3.4e+38 -3.4e+38 -3.4e+38 -3.4e+38 -3.4e+38 -3.4e+38 -3.4e+38 -3.4e+38 -3.4e+38 -3.4e+38 -3.4e+38 -3.4e+38 -3.4e+38 -3.4e+38 -3.4e+38 -3.4e+38 -3.4e+38 -3.4e+38 22.4426136016846 23.5694999694824 24.0346660614014 24.4843330383301 24.6798324584961 24.1603336334229 24.046667098999 23.8839988708496 23.8161659240723 23.1245002746582 22.9955005645752 22.7953338623047 22.1903343200684 21.6364994049072 21.6016674041748 21.3695011138916 20.7514991760254 22.6031665802002 23.6948337554932 23.0289993286133 23.6193332672119 23.9156665802002 24.3584995269775 25.1895008087158 26.5176658630371 27.7934989929199 28.9379997253418 28.9438343048096
-3.4e+38 -3.4e+38 -3.4e+38 -3.4e+38 -3.4e+38 -3.4e+38 -3.4e+38 -3.4e+38 -3.4e+38 -3.4e+38 -3.4e+38 -3.4e+38 -3.4e+38 -3.4e+38 -3.4e+38 -3.4e+38 -3.4e+38 -3.4e+38 -3.4e+38 -3.4e+38 -3.4e+38 -3.4e+38 -3.4e+38 -3.4e+38 -3.4e+38 -3.4e+38 -3.4e+38 -3.4e+38 -3.4e+38 -3.4e+38 23.0089225769043 23.8676662445068 24.3465003967285 24.7428321838379 24.1798324584961 23.8816661834717 23.5881671905518 23.3573341369629 23.4640007019043 22.8066673278809 22.1685009002686 21.9771671295166 21.0965003967285 21.2958335876465 21.6748332977295 22.2548332214355 23.3400001525879 25.2513332366943 25.4265003204346 24.4930000305176 24.921667098999 25.4946670532227 26.1123332977295 27.316499710083 28.244499206543 28.9446659088135 30.1186676025391 30.4913330078125
-3.4e+38 -3.4e+38 -3.4e+38 -3.4e+38 -3.4e+38 -3.4e+38 -3.4e+38 -3.4e+38 -3.4e+38 -3.4e+38 -3.4e+38 -3.4e+38 -3.4e+38 -3.4e+38 -3.4e+38 -3.4e+38 -3.4e+38 -3.4e+38 -3.4e+38 -3.4e+38 -3.4e+38 -3.4e+38 -3.4e+38 -3.4e+38 -3.4e+38 -3.4e+38 -3.4e+38 -3.4e+38 -3.4e+38 22.4528408050537 23.5841674804688 24.1141662597656 24.5223331451416 24.5536670684814 23.6494998931885 23.3446674346924 21.7363338470459 22.4063339233398 22.4769992828369 22.7851676940918 22.0608329772949 21.4166660308838 21.2479991912842 22.3691673278809 22.3575000762939 22.4886665344238 24.5511665344238 26.47483253479 26.4886665344238 25.4011669158936 25.5081672668457 26.2683334350586 26.9026660919189 27.6580009460449 27.9074993133545 29.8871669769287 30.5480003356934 31.1431674957275
-3.4e+38 -3.4e+38 -3.4e+38 -3.4e+38 -3.4e+38 -3.4e+38 -3.4e+38 -3.4e+38 -3.4e+38 -3.4e+38 -3.4e+38 -3.4e+38 -3.4e+38 -3.4e+38 -3.4e+38 -3.4e+38 -3.4e+38 -3.4e+38 -3.4e+38 -3.4e+38 -3.4e+38 -3.4e+38 -3.4e+38 -3.4e+38 -3.4e+38 -3.4e+38 -3.4e+38 -3.4e+38 22.0268115997314 22.9686660766602 23.9343338012695 24.3360004425049 24.4626655578613 24.3784999847412 24.2563323974609 23.3940010070801 21.2185001373291 21.2176666259766 22.4685001373291 22.7081661224365 22.0651664733887 21.0848331451416 21.7906665802002 23.7583332061768 22.7104988098145 23.7029991149902 25.1186676025391 26.0511665344238 26.5441665649414 27.2598323822021 26.9856662750244 26.3783340454102 26.4095001220703 27.9193344116211 29.6809997558594 30.5790004730225 30.7071666717529 31.1269989013672
-3.4e+38 -3.4e+38 -3.4e+38 -3.4e+38 -3.4e+38 -3.4e+38 -3.4e+38 -3.4e+38 -3.4e+38 -3.4e+38 -3.4e+38 -3.4e+38 -3.4e+38 -3.4e+38 -3.4e+38 -3.4e+38 -3.4e+38 -3.4e+38 -3.4e+38 -3.4e+38 -3.4e+38 -3.4e+38 -3.4e+38 -3.4e+38 -3.4e+38 -3.4e+38 -3.4e+38 -3.4e+38 22.4616317749023 23.4293327331543 23.9531669616699 24.300666809082 24.6433334350586 24.3748340606689 23.7526664733887 23.1281661987305 21.5116672515869 20.5313339233398 21.2591667175293 21.7775001525879 21.8556671142578 20.9879989624023 22.1296672821045 24.3751659393311 23.3649997711182 24.0681667327881 24.320499420166 25.1935005187988 25.204833984375 27.6786670684814 28.6783332824707 28.2253341674805 28.40016746521 29.675666809082 30.0608329772949 30.013500213623 29.8819999694824 31.6544990539551
-3.4e+38 -3.4e+38 -3.4e+38 -3.4e+38 -3.4e+38 -3.4e+38 -3.4e+38 -3.4e+38 -3.4e+38 -3.4e+38 -3.4e+38 -3.4e+38 -3.4e+38 -3.4e+38 -3.4e+38 -3.4e+38 -3.4e+38 -3.4e+38 -3.4e+38 -3.4e+38 -3.4e+38 -3.4e+38 -3.4e+38 -3.4e+38 -3.4e+38 -3.4e+38 -3.4e+38 22.1336765289307 23.1461658477783 23.4979991912842 23.7469997406006 24.1569995880127 24.3380012512207 23.9688339233398 23.2708339691162 23.3036670684814 23.3618335723877 23.3991661071777 23.2008323669434 21.9593334197998 21.0201663970947 21.0429992675781 22.0698337554932 24.3443336486816 25.505500793457 25.033332824707 26.2318325042725 26.88450050354 27.736499786377 28.9988327026367 29.6381664276123 29.8535003662109 30.0690002441406 30.5603332519531 30.8489990234375 30.9941673278809 31.5594997406006 32.0415000915527
