rasters/Morocco_bio8.asc
NCOLS 192 
NROWS 174 
XLLCORNER -17.013743324 
YLLCORNER 21.41997106 
CELLSIZE 0.083238249234375 
NODATA_value -3.4e+38 
[rows 0 to 24 of 174, columns 116 to 173 of 192]
-3.4e+38 -3.4e+38 -3.4e+38 -3.4e+38 -3.4e+38 -3.4e+38 -3.4e+38 -3.4e+38 -3.4e+38 -3.4e+38 -3.4e+38 -3.4e+38 -3.4e+38 -3.4e+38 -3.4e+38 -3.4e+38 -3.4e+38 -3.4e+38 -3.4e+38 -3.4e+38 -3.4e+38 -3.4e+38 11.9375 12.1327381134033 -3.4e+38 -3.4e+38 -3.4e+38 -3.4e+38 -3.4e+38 -3.4e+38 -3.4e+38 -3.4e+38 -3.4e+38 -3.4e+38 -3.4e+38 -3.4e+38 -3.4e+38 -3.4e+38 -3.4e+38 -3.4e+38 -3.4e+38 -3.4e+38 -3.4e+38 -3.4e+38 -3.4e+38 -3.4e+38 -3.4e+38 -3.4e+38 -3.4e+38 -3.4e+38 -3.4e+38 -3.4e+38 -3.4e+38 -3.4e+38 -3.4e+38 -3.4e+38 -3.4e+38 -3.4e+38
-3.4e+38 -3.4e+38 -3.4e+38 -3.4e+38 -3.4e+38 -3.4e+38 -3.4e+38 -3.4e+38 -3.4e+38 -3.4e+38 -3.4e+38 -3.4e+38 -3.4e+38 -3.4e+38 -3.4e+38 -3.4e+38 -3.4e+38 13.8897218704224 14.3503875732422 12.3038597106934 12.268367767334 11.8754997253418 11.3636665344238 12.5737810134888 -3.4e+38 -3.4e+38 -3.4e+38 -3.4e+38 -3.4e+38 -3.4e+38 -3.4e+38 -3.4e+38 -3.4e+38 -3.4e+38 -3.4e+38 -3.4e+38 -3.4e+38 -3.4e+38 -3.4e+38 -3.4e+38 -3.4e+38 -3.4e+38 -3.4e+38 -3.4e+38 -3.4e+38 -3.4e+38 -3.4e+38 -3.4e+38 -3.4e+38 -3.4e+38 -3.4e+38 -3.4e+38 -3.4e+38 -3.4e+38 -3.4e+38 -3.4e+38 -3.4e+38 -3.4e+38
-3.4e+38 -3.4e+38 -3.4e+38 -3.4e+38 -3.4e+38 -3.4e+38 -3.4e+38 -3.4e+38 -3.4e+38 -3.4e+38 -3.4e+38 -3.4e+38 -3.4e+38 -3.4e+38 -3.4e+38 -3.4e+38 -3.4e+38 14.0801668167114 14.1920003890991 12.4708337783813 11.7986669540405 11.4589996337891 11.2174997329712 12.7586736679077 -3.4e+38 -3.4e+38 -3.4e+38 -3.4e+38 -3.4e+38 -3.4e+38 -3.4e+38 -3.4e+38 -3.4e+38 -3.4e+38 -3.4e+38 -3.4e+38 -3.4e+38 -3.4e+38 -3.4e+38 -3.4e+38 -3.4e+38 -3.4e+38 -3.4e+38 -3.4e+38 -3.4e+38 -3.4e+38 -3.4e+38 -3.4e+38 -3.4e+38 -3.4e+38 -3.4e+38 -3.4e+38 -3.4e+38 -3.4e+38 -3.4e+38 -3.4e+38 -3.4e+38 -3.4e+38
-3.4e+38 -3.4e+38 -3.4e+38 -3.4e+38 -3.4e+38 -3.4e+38 -3.4e+38 -3.4e+38 -3.4e+38 -3.4e+38 -3.4e+38 -3.4e+38 -3.4e+38 -3.4e+38 -3.4e+38 -3.4e+38 14.3352317810059 14.2790002822876 14.1346664428711 12.8836669921875 12.0138330459595 11.8413333892822 11.5991668701172 12.4653329849243 13.5257987976074 -3.4e+38 -3.4e+38 -3.4e+38 -3.4e+38 -3.4e+38 -3.4e+38 -3.4e+38 -3.4e+38 -3.4e+38 -3.4e+38 -3.4e+38 -3.4e+38 -3.4e+38 -3.4e+38 -3.4e+38 -3.4e+38 -3.4e+38 -3.4e+38 -3.4e+38 -3.4e+38 -3.4e+38 -3.4e+38 -3.4e+38 -3.4e+38 -3.4e+38 -3.4e+38 -3.4e+38 -3.4e+38 -3.4e+38 -3.4e+38 -3.4e+38 -3.4e+38 -3.4e+38
-3.4e+38 -3.4e+38 -3.4e+38 -3.4e+38 -3.4e+38 -3.4e+38 -3.4e+38 -3.4e+38 -3.4e+38 -3.4e+38 -3.4e+38 -3.4e+38 -3.4e+38 -3.4e+38 -3.4e+38 -3.4e+38 13.0692443847656 12.9610004425049 12.418833732605 12.4818334579468 11.8343334197998 11.3656673431396 12.2881669998169 11.7086668014526 12.5861663818359 12.7863330841064 -3.4e+38 -3.4e+38 -3.4e+38 -3.4e+38 -3.4e+38 -3.4e+38 -3.4e+38 -3.4e+38 -3.4e+38 -3.4e+38 -3.4e+38 -3.4e+38 -3.4e+38 -3.4e+38 -3.4e+38 -3.4e+38 -3.4e+38 -3.4e+38 -3.4e+38 -3.4e+38 -3.4e+38 -3.4e+38 -3.4e+38 -3.4e+38 -3.4e+38 -3.4e+38 -3.4e+38 -3.4e+38 -3.4e+38 -3.4e+38 -3.4e+38 -3.4e+38
-3.4e+38 -3.4e+38 -3.4e+38 -3.4e+38 -3.4e+38 -3.4e+38 -3.4e+38 -3.4e+38 -3.4e+38 -3.4e+38 -3.4e+38 -3.4e+38 -3.4e+38 -3.4e+38 -3.4e+38 12.7804489135742 12.7523336410522 12.7925004959106 12.1296663284302 10.8979997634888 10.4846668243408 11.0650005340576 10.9280004501343 10.2308330535889 10.7065000534058 11.1976671218872 12.6736288070679 -3.4e+38 -3.4e+38 -3.4e+38 -3.4e+38 -3.4e+38 -3.4e+38 -3.4e+38 -3.4e+38 -3.4e+38 -3.4e+38 -3.4e+38 -3.4e+38 -3.4e+38 -3.4e+38 -3.4e+38 -3.4e+38 -3.4e+38 -3.4e+38 -3.4e+38 -3.4e+38 -3.4e+38 -3.4e+38 -3.4e+38 -3.4e+38 -3.4e+38 -3.4e+38 -3.4e+38 -3.4e+38 -3.4e+38 -3.4e+38 -3.4e+38
-3.4e+38 -3.4e+38 -3.4e+38 -3.4e+38 -3.4e+38 -3.4e+38 -3.4e+38 -3.4e+38 -3.4e+38 -3.4e+38 -3.4e+38 -3.4e+38 -3.4e+38 -3.4e+38 -3.4e+38 12.4280071258545 12.3020000457764 12.4606666564941 12.1153335571289 11.5844993591309 10.2543334960938 10.1361665725708 9.93649959564209 10.1354999542236 7.61466646194458 11.0503330230713 11.7408332824707 11.9107837677002 -3.4e+38 -3.4e+38 -3.4e+38 -3.4e+38 -3.4e+38 -3.4e+38 -3.4e+38 -3.4e+38 -3.4e+38 -3.4e+38 -3.4e+38 -3.4e+38 -3.4e+38 -3.4e+38 -3.4e+38 -3.4e+38 -3.4e+38 -3.4e+38 -3.4e+38 -3.4e+38 -3.4e+38 -3.4e+38 -3.4e+38 -3.4e+38 -3.4e+38 -3.4e+38 -3.4e+38 -3.4e+38 -3.4e+38 -3.4e+38
-3.4e+38 -3.4e+38 -3.4e+38 -3.4e+38 -3.4e+38 -3.4e+38 -3.4e+38 -3.4e+38 -3.4e+38 -3.4e+38 -3.4e+38 -3.4e+38 -3.4e+38 -3.4e+38 -3.4e+38 12.1478328704834 12.1339998245239 12.0566663742065 11.4603338241577 11.1035003662109 10.8303337097168 9.3444995880127 8.57266616821289 9.82666683197021 8.44349956512451 10.529167175293 7.37933349609375 10.0778331756592 11.9020833969116 11.5780696868896 -3.4e+38 -3.4e+38 -3.4e+38 -3.4e+38 -3.4e+38 -3.4e+38 -3.4e+38 -3.4e+38 -3.4e+38 -3.4e+38 -3.4e+38 -3.4e+38 -3.4e+38 -3.4e+38 -3.4e+38 -3.4e+38 -3.4e+38 -3.4e+38 -3.4e+38 -3.4e+38 -3.4e+38 12.15589427948 -3.4e+38 -3.4e+38 -3.4e+38 -3.4e+38 -3.4e+38 -3.4e+38
-3.4e+38 -3.4e+38 -3.4e+38 -3.4e+38 -3.4e+38 -3.4e+38 -3.4e+38 -3.4e+38 -3.4e+38 -3.4e+38 -3.4e+38 -3.4e+38 -3.4e+38 -3.4e+38 13.1024694442749 12.4523334503174 12.1684999465942 12.1421661376953 11.7901668548584 9.86566638946533 10.4448337554932 9.15450000762939 8.26350021362305 9.28816699981689 10.7609996795654 7.53783321380615 6.6046667098999 8.20400047302246 10.8373336791992 10.1788330078125 11.6246299743652 12.1947364807129 12.5038461685181 -3.4e+38 -3.4e+38 -3.4e+38 -3.4e+38 -3.4e+38 -3.4e+38 12.2889614105225 12.3432235717773 13.4452896118164 12.772988319397 11.0886669158936 12.0752754211426 12.2698831558228 -3.4e+38 -3.4e+38 11.595290184021 12.0127849578857 12.1771669387817 11.186333656311 11.8724632263184 -3.4e+38 -3.4e+38 -3.4e+38 -3.4e+38 -3.4e+38
-3.4e+38 -3.4e+38 -3.4e+38 -3.4e+38 -3.4e+38 -3.4e+38 -3.4e+38 -3.4e+38 -3.4e+38 -3.4e+38 -3.4e+38 -3.4e+38 -3.4e+38 -3.4e+38 12.9731664657593 12.734167098999 12.3983335494995 12.3500003814697 11.7676668167114 10.7848329544067 10.0181665420532 10.977499961853 9.96066665649414 8.59549999237061 10.0313329696655 7.47183322906494 4.87200021743774 6.55383348464966 9.02799987792969 8.67866706848145 8.39616680145264 10.7600002288818 10.8251667022705 11.0625 12.0663156509399 12.7080392837524 12.735203742981 12.1616668701172 11.6704998016357 11.7986660003662 12.33899974823 12.9215002059937 12.1538333892822 9.82016658782959 11.123833656311 9.97316646575928 9.39866638183594 10.393666267395 11.5828332901001 12.1240005493164 12.0900001525879 11.7086668014526 12.8599996566772 13.1310729980469 -3.4e+38 -3.4e+38 -3.4e+38 -3.4e+38
-3.4e+38 -3.4e+38 -3.4e+38 -3.4e+38 -3.4e+38 -3.4e+38 -3.4e+38 -3.4e+38 -3.4e+38 -3.4e+38 -3.4e+38 -3.4e+38 -3.4e+38 12.8624439239502 12.6030006408691 12.4378328323364 12.3026666641235 12.3678331375122 12.4768333435059 10.9753332138062 11.4326667785645 11.3523330688477 11.1046667098999 10.9858331680298 9.53200054168701 8.16549968719482 9.42799949645996 7.9946665763855 6.06333351135254 7.35150003433228 8.80900001525879 7.85383367538452 10.66100025177 7.99933338165283 10.033332824707 10.0275001525879 10.6216669082642 9.55266666412354 9.46500015258789 10.566499710083 10.4008331298828 10.0019998550415 9.97449970245361 8.35016632080078 8.50349998474121 9.34366703033447 12.6038331985474 13.1183338165283 13.6618328094482 14.1300001144409 14.0659999847412 14.0895004272461 13.1730003356934 12.8094997406006 13.0998334884644 12.7509994506836 12.1831665039062 11.7934999465942
-3.4e+38 -3.4e+38 -3.4e+38 -3.4e+38 -3.4e+38 -3.4e+38 -3.4e+38 -3.4e+38 -3.4e+38 -3.4e+38 -3.4e+38 -3.4e+38 -3.4e+38 12.5391664505005 12.2443332672119 12.1333332061768 12.1228332519531 12.2366666793823 12.4285001754761 12.645167350769 11.8336668014526 11.5608329772949 11.0441665649414 10.02649974823 10.1405000686646 8.65583324432373 8.54716682434082 10.0823335647583 9.57883358001709 8.95316696166992 7.46483325958252 5.96883344650269 6.27016687393188 7.20499992370605 6.48199987411499 7.11800003051758 7.95433330535889 8.06799983978271 7.69950008392334 6.92016649246216 6.44383335113525 8.80966663360596 9.5019998550415 6.55749988555908 8.46766662597656 12.8169994354248 13.1086664199829 13.1676664352417 13.4488334655762 13.5699996948242 13.6758327484131 13.8938331604004 14.0308332443237 14.2123336791992 12.5139999389648 12.3606662750244 12.4303331375122 12.9393329620361
-3.4e+38 -3.4e+38 -3.4e+38 -3.4e+38 -3.4e+38 -3.4e+38 -3.4e+38 -3.4e+38 -3.4e+38 -3.4e+38 -3.4e+38 -3.4e+38 13.4898376464844 13.2641668319702 12.1363334655762 11.9101667404175 11.9485006332397 11.9946670532227 11.8745002746582 12.1686668395996 11.5763330459595 11.3066673278809 11.0159997940063 9.92166709899902 10.2571668624878 10.7858333587646 10.6639995574951 10.5598335266113 10.3214998245239 9.58850002288818 7.55466651916504 6.84716653823853 5.62333345413208 4.51633310317993 5.23283338546753 6.08883333206177 6.48649978637695 7.62550020217896 6.76049995422363 5.7814998626709 6.84916687011719 7.96649980545044 8.10683345794678 8.75549983978271 9.4709997177124 9.62183380126953 12.4748334884644 12.7106666564941 12.8138332366943 13.1228332519531 12.8926668167114 12.4896669387817 15.4301671981812 14.0600004196167 14.7951669692993 13.5366668701172 12.8211660385132 12.3509998321533
-3.4e+38 -3.4e+38 -3.4e+38 -3.4e+38 -3.4e+38 -3.4e+38 -3.4e+38 -3.4e+38 -3.4e+38 -3.4e+38 -3.4e+38 -3.4e+38 13.2979164123535 13.131667137146 13.0923337936401 12.9666662216187 11.8369998931885 11.7834997177124 11.7418336868286 11.3101663589478 11.5988330841064 11.3463325500488 10.8780002593994 10.5858335494995 10.4871664047241 11.1485004425049 11.3546667098999 11.0396671295166 10.8621664047241 9.64333343505859 9.07333278656006 7.75500011444092 8.11050033569336 6.03599977493286 5.8435001373291 7.08783340454102 6.97666645050049 6.85750007629395 7.57716655731201 7.01833343505859 7.52899980545044 6.30033302307129 6.1468334197998 7.12400007247925 8.84200000762939 9.96916675567627 12.6364994049072 12.3454999923706 13.0268335342407 13.3940000534058 12.6518335342407 13.0291662216187 13.7948341369629 13.8719997406006 16.0216674804688 14.2550001144409 13.5053329467773 11.9565000534058
-3.4e+38 -3.4e+38 -3.4e+38 -3.4e+38 -3.4e+38 -3.4e+38 -3.4e+38 -3.4e+38 -3.4e+38 -3.4e+38 -3.4e+38 13.3752689361572 13.2548332214355 13.0676670074463 12.8938331604004 12.7348327636719 12.6646671295166 11.7698335647583 11.9064998626709 11.8128337860107 11.8208332061768 11.8796663284302 11.6858329772949 11.0398330688477 10.6599998474121 11.3489999771118 11.3561668395996 10.4244995117188 11.1120004653931 10.0634994506836 9.77133369445801 10.1341667175293 10.0465002059937 9.83316707611084 7.53666687011719 7.20916652679443 9.0600004196167 8.54466724395752 7.64849996566772 6.96733331680298 6.41983318328857 7.15499973297119 7.08133316040039 7.39966678619385 8.92083358764648 9.36549949645996 9.42266654968262 12.3854999542236 12.3835000991821 12.4200000762939 13.0668334960938 13.5960006713867 14.2425003051758 15.9133338928223 14.364333152771 14.9223327636719 11.9491672515869 9.59299945831299
-3.4e+38 -3.4e+38 -3.4e+38 -3.4e+38 -3.4e+38 -3.4e+38 -3.4e+38 -3.4e+38 -3.4e+38 -3.4e+38 -3.4e+38 13.3104372024536 13.1568336486816 12.9181661605835 12.708833694458 12.5618333816528 12.566499710083 12.771333694458 11.9918336868286 12.0086669921875 12.1684999465942 12.0635004043579 11.8373336791992 11.6793336868286 11.7955007553101 11.9180002212524 13.1660003662109 10.5598335266113 12.2326669692993 10.2663335800171 11.5563335418701 11.228666305542 11.2146663665771 10.9829998016357 10.2810001373291 9.76300048828125 8.85849952697754 8.30366706848145 8.1274995803833 7.3604998588562 6.89816665649414 7.05366659164429 6.80166673660278 7.31233310699463 7.37483310699463 6.79733324050903 7.54650020599365 12.0535001754761 12.5285005569458 11.8894996643066 13.688666343689 14.5416669845581 14.7288331985474 14.5488328933716 16.091833114624 15.8361663818359 15.132999420166 12.872166633606
-3.4e+38 -3.4e+38 -3.4e+38 -3.4e+38 -3.4e+38 -3.4e+38 -3.4e+38 -3.4e+38 -3.4e+38 -3.4e+38 13.3621788024902 13.2845001220703 13.125 12.9399995803833 12.8080005645752 12.7103338241577 12.7293338775635 12.9168329238892 13.1676664352417 13.28600025177 12.1428327560425 12.1538333892822 12.095832824707 11.8351669311523 11.9723329544067 13.2569999694824 13.1281671524048 13.3110008239746 12.7898330688477 12.2113332748413 12.6128330230713 12.2628335952759 12.051833152771 11.3343334197998 9.02683353424072 9.27083301544189 8.15999984741211 8.20166683197021 8.03499984741211 7.32233333587646 7.19716644287109 7.98050022125244 7.84649991989136 8.13333320617676 7.08949995040894 7.05983352661133 6.26466655731201 12.7386665344238 13.6983337402344 14.039999961853 14.4473333358765 14.7084999084473 16.5263328552246 16.4926662445068 16.1918334960938 15.6271667480469 15.1633329391479 14.6498336791992
-3.4e+38 -3.4e+38 -3.4e+38 -3.4e+38 -3.4e+38 -3.4e+38 -3.4e+38 -3.4e+38 -3.4e+38 -3.4e+38 13.3651666641235 13.2921667098999 13.2440004348755 13.1630001068115 13.0073328018188 13.0043334960938 12.9351673126221 13.0281667709351 13.1955003738403 13.3035001754761 13.4038333892822 13.4694995880127 13.4548330307007 13.3541669845581 13.143666267395 13.2411670684814 12.8846664428711 12.7386665344238 12.7475004196167 12.4766664505005 12.6263332366943 12.6971664428711 12.2840003967285 12.0260000228882 10.6208333969116 10.3284997940063 9.71549987792969 8.8256664276123 8.13500022888184 7.75400018692017 8.08699989318848 7.85566663742065 8.80000019073486 9.02766704559326 7.86100006103516 8.85283374786377 12.4811668395996 13.8024997711182 14.0893335342407 14.5766668319702 16.6803340911865 16.2656669616699 16.1809997558594 16.0599994659424 15.5799999237061 15.065333366394 14.5240001678467 9.9064998626709
-3.4e+38 -3.4e+38 -3.4e+38 -3.4e+38 -3.4e+38 -3.4e+38 -3.4e+38 -3.4e+38 -3.4e+38 13.4620275497437 13.4518337249756 13.4371662139893 13.4031667709351 13.3769998550415 13.2279996871948 13.127833366394 13.1226663589478 13.2403335571289 13.3038330078125 13.3221664428711 13.2909994125366 13.3719997406006 13.4004993438721 12.8874998092651 12.779167175293 13.3640003204346 13.2973337173462 12.9549999237061 12.8128328323364 12.349666595459 12.2819995880127 12.2719993591309 11.8879995346069 12.4713335037231 12.2413330078125 10.4604997634888 9.0218334197998 9.16399955749512 9.36066627502441 8.32950019836426 9.02783298492432 8.70049953460693 9.33466625213623 8.81216621398926 8.8928337097168 13.1483335494995 13.9238338470459 14.3304996490479 14.5383329391479 16.8699989318848 16.4809989929199 16.3178329467773 15.9943332672119 15.9203329086304 15.2129993438721 9.51749992370605 9.05516624450684 8.57550048828125
-3.4e+38 -3.4e+38 -3.4e+38 -3.4e+38 -3.4e+38 -3.4e+38 -3.4e+38 -3.4e+38 13.6092157363892 13.599666595459 13.4933338165283 13.4218330383301 13.3703336715698 13.2569999694824 13.2336664199829 13.3284997940063 13.3118333816528 13.4123334884644 13.4773330688477 13.5523338317871 13.2848329544067 13.0004997253418 13.5351667404175 13.3546667098999 13.2576665878296 13.4136667251587 13.3538331985474 13.0788335800171 13.0696659088135 12.6383333206177 12.6116666793823 12.8065004348755 12.703332901001 12.1316661834717 11.6266670227051 10.1111669540405 9.86550045013428 9.45716667175293 9.96466636657715 9.99783325195312 9.81416702270508 9.80200004577637 9.91116714477539 10.0120000839233 13.4311666488647 13.7878332138062 14.0353336334229 14.2446670532227 16.9038333892822 16.6784992218018 16.3466663360596 15.9711666107178 15.5388336181641 15.3610000610352 14.1723337173462 9.92966651916504 8.00283336639404 7.12233352661133
-3.4e+38 -3.4e+38 -3.4e+38 -3.4e+38 -3.4e+38 -3.4e+38 -3.4e+38 -3.4e+38 13.4846668243408 13.3938331604004 13.3938331604004 13.3191661834717 13.2688331604004 13.2126665115356 13.2498331069946 13.4168329238892 13.558500289917 13.5783338546753 13.4204998016357 13.2203340530396 13.1750001907349 11.4805002212524 13.3108329772949 13.1448335647583 12.9923334121704 12.8443336486816 12.3745002746582 11.7533330917358 12.5276660919189 12.8503332138062 12.9401664733887 12.7068328857422 12.2813339233398 11.4041662216187 11.9571666717529 11.6820001602173 11.1260004043579 10.621166229248 10.0155000686646 9.46133327484131 9.77983283996582 9.67449951171875 9.61133289337158 10.1195001602173 13.4809999465942 13.7263326644897 13.8541660308838 14.1461668014526 16.8486671447754 16.4733333587646 16.1573333740234 15.8508329391479 15.5098333358765 15.1184997558594 9.7495002746582 9.90050029754639 10.1653337478638 9.60849952697754
-3.4e+38 -3.4e+38 -3.4e+38 -3.4e+38 -3.4e+38 -3.4e+38 -3.4e+38 13.5368795394897 13.2583332061768 13.2186670303345 13.1975002288818 13.2384996414185 13.0936670303345 13.1028327941895 13.0625 13.2154998779297 13.4798336029053 12.900333404541 12.1450004577637 12.8918333053589 12.7426662445068 11.1523332595825 10.9700002670288 11.4689998626709 12.801833152771 12.7051668167114 12.6571664810181 11.5034999847412 11.8861665725708 12.6049995422363 12.2603340148926 12.8734998703003 12.7161664962769 12.6206665039062 12.400333404541 11.7716665267944 10.4545001983643 8.22033309936523 7.73133325576782 6.50666666030884 7.13350009918213 8.29433345794678 9.31433296203613 13.0688333511353 13.3295001983643 13.4183330535889 13.6246662139893 13.9698333740234 16.4838333129883 16.0384998321533 15.9021673202515 13.8494997024536 10.7003335952759 10.4516668319702 9.77216625213623 8.97016716003418 8.92449951171875 8.3841667175293
-3.4e+38 -3.4e+38 -3.4e+38 -3.4e+38 -3.4e+38 -3.4e+38 13.8312730789185 13.3144998550415 13.0976667404175 13.050666809082 13.0953330993652 13.1575002670288 12.9926671981812 12.9161672592163 12.8913335800171 13.0004997253418 13.3280000686646 12.9890003204346 12.2193336486816 11.1298332214355 12.6284999847412 10.4285001754761 9.0915002822876 10.2563333511353 12.5123338699341 11.9016666412354 11.9468336105347 11.8326663970947 12.1505002975464 12.5068330764771 12.0229997634888 11.8141670227051 12.0923328399658 12.0701665878296 11.3699998855591 10.5058336257935 9.47999954223633 7.4210000038147 7.98133325576782 8.67416667938232 10.2194995880127 11.3176670074463 12.808500289917 12.5666666030884 12.6076669692993 13.1996669769287 13.7446660995483 13.5386667251587 12.9643335342407 15.6026668548584 12.570333480835 12.0316667556763 8.64249992370605 8.46049976348877 8.18400001525879 7.84250020980835 7.6966667175293 7.70666694641113
-3.4e+38 -3.4e+38 -3.4e+38 -3.4e+38 -3.4e+38 13.7485179901123 13.6421670913696 13.521333694458 13.412166595459 13.2613334655762 12.985333442688 12.9023332595825 12.8641662597656 12.6840000152588 12.6855001449585 12.8315000534058 13.0694999694824 13.2328329086304 12.7383337020874 12.3513336181641 11.3446664810181 11.1778335571289 10.4820003509521 10.32200050354 10.8730001449585 11.7239999771118 11.5615005493164 11.4086666107178 11.2390003204346 11.4261665344238 11.5936670303345 11.0586671829224 11.1101665496826 11.0203332901001 10.1479997634888 9.36233329772949 7.94250011444092 8.73083305358887 9.27216720581055 9.5396671295166 10.7639999389648 11.9184999465942 11.724666595459 11.3645000457764 11.7781667709351 12.6890001296997 13.3633337020874 12.5848331451416 15.4153337478638 14.7484998703003 12.441333770752 11.5784997940063 10.9021663665771 11.300666809082 6.53700017929077 6.46449995040894 7.24033355712891 7.82233333587646
-3.4e+38 -3.4e+38 -3.4e+38 13.9974842071533 13.8250856399536 13.4035005569458 13.3973331451416 13.5823335647583 13.2668333053589 13.1180000305176 12.9805002212524 12.6623334884644 12.5021667480469 12.2819995880127 12.235333442688 12.3964996337891 12.9625005722046 12.7078332901001 12.2358331680298 10.7530002593994 10.6336669921875 10.4624996185303 10.0445003509521 9.77600002288818 9.66499996185303 9.66616630554199 10.635666847229 10.6298332214355 10.3581666946411 9.83633327484131 10.3059997558594 10.426833152771 10.7875003814697 9.57233333587646 8.75683307647705 12.9731664657593 12.0796661376953 12.5723333358765 11.5246667861938 11.7081670761108 12.6533336639404 12.1068334579468 10.0476665496826 12.4099998474121 13.2768335342407 11.6754999160767 12.5930004119873 14.5398330688477 13.3246669769287 13.0206670761108 11.3080005645752 11.2963333129883 11.7586669921875 12.0780000686646 6.65333318710327 6.84133291244507 7.46166658401489 8.07066631317139
