rasters/Morocco_bio10.asc
NCOLS 192 
NROWS 174 
XLLCORNER -17.013743324 
YLLCORNER 21.41997106 
CELLSIZE 0.083238249234375 
NODATA_value -3.4e+38 
[rows 0 to 24 of 174, columns 116 to 173 of 192]
-3.4e+38 -3.4e+38 -3.4e+38 -3.4e+38 -3.4e+38 -3.4e+38 -3.4e+38 -3.4e+38 -3.4e+38 -3.4e+38 -3.4e+38 -3.4e+38 -3.4e+38 -3.4e+38 -3.4e+38 -3.4e+38 -3.4e+38 -3.4e+38 -3.4e+38 -3.4e+38 -3.4e+38 -3.4e+38 22.8267040252686 23.02321434021 -3.4e+38 -3.4e+38 -3.4e+38 -3.4e+38 -3.4e+38 -3.4e+38 -3.4e+38 -3.4e+38 -3.4e+38 -3.4e+38 -3.4e+38 -3.4e+38 -3.4e+38 -3.4e+38 -3.4e+38 -3.4e+38 -3.4e+38 -3.4e+38 -3.4e+38 -3.4e+38 -3.4e+38 -3.4e+38 -3.4e+38 -3.4e+38 -3.4e+38 -3.4e+38 -3.4e+38 -3.4e+38 -3.4e+38 -3.4e+38 -3.4e+38 -3.4e+38 -3.4e+38 -3.4e+38
-3.4e+38 -3.4e+38 -3.4e+38 -3.4e+38 -3.4e+38 -3.4e+38 -3.4e+38 -3.4e+38 -3.4e+38 -3.4e+38 -3.4e+38 -3.4e+38 -3.4e+38 -3.4e+38 -3.4e+38 -3.4e+38 -3.4e+38 23.3788890838623 23.8720932006836 23.4838600158691 23.6676864624023 23.4418334960938 23.1906661987305 23.7119922637939 -3.4e+38 -3.4e+38 -3.4e+38 -3.4e+38 -3.4e+38 -3.4e+38 -3.4e+38 -3.4e+38 -3.4e+38 -3.4e+38 -3.4e+38 -3.4e+38 -3.4e+38 -3.4e+38 -3.4e+38 -3.4e+38 -3.4e+38 -3.4e+38 -3.4e+38 -3.4e+38 -3.4e+38 -3.4e+38 -3.4e+38 -3.4e+38 -3.4e+38 -3.4e+38 -3.4e+38 -3.4e+38 -3.4e+38 -3.4e+38 -3.4e+38 -3.4e+38 -3.4e+38 -3.4e+38
-3.4e+38 -3.4e+38 -3.4e+38 -3.4e+38 -3.4e+38 -3.4e+38 -3.4e+38 -3.4e+38 -3.4e+38 -3.4e+38 -3.4e+38 -3.4e+38 -3.4e+38 -3.4e+38 -3.4e+38 -3.4e+38 -3.4e+38 24.0828323364258 24.3651676177979 24.2119998931885 23.9225006103516 23.7614994049072 23.4221668243408 23.9156455993652 -3.4e+38 -3.4e+38 -3.4e+38 -3.4e+38 -3.4e+38 -3.4e+38 -3.4e+38 -3.4e+38 -3.4e+38 -3.4e+38 -3.4e+38 -3.4e+38 -3.4e+38 -3.4e+38 -3.4e+38 -3.4e+38 -3.4e+38 -3.4e+38 -3.4e+38 -3.4e+38 -3.4e+38 -3.4e+38 -3.4e+38 -3.4e+38 -3.4e+38 -3.4e+38 -3.4e+38 -3.4e+38 -3.4e+38 -3.4e+38 -3.4e+38 -3.4e+38 -3.4e+38 -3.4e+38
-3.4e+38 -3.4e+38 -3.4e+38 -3.4e+38 -3.4e+38 -3.4e+38 -3.4e+38 -3.4e+38 -3.4e+38 -3.4e+38 -3.4e+38 -3.4e+38 -3.4e+38 -3.4e+38 -3.4e+38 -3.4e+38 23.82594871521 24.2251663208008 24.2721672058105 24.3525009155273 24.1223335266113 24.0326671600342 23.8078346252441 24.16233253479 24.3970317840576 -3.4e+38 -3.4e+38 -3.4e+38 -3.4e+38 -3.4e+38 -3.4e+38 -3.4e+38 -3.4e+38 -3.4e+38 -3.4e+38 -3.4e+38 -3.4e+38 -3.4e+38 -3.4e+38 -3.4e+38 -3.4e+38 -3.4e+38 -3.4e+38 -3.4e+38 -3.4e+38 -3.4e+38 -3.4e+38 -3.4e+38 -3.4e+38 -3.4e+38 -3.4e+38 -3.4e+38 -3.4e+38 -3.4e+38 -3.4e+38 -3.4e+38 -3.4e+38 -3.4e+38
-3.4e+38 -3.4e+38 -3.4e+38 -3.4e+38 -3.4e+38 -3.4e+38 -3.4e+38 -3.4e+38 -3.4e+38 -3.4e+38 -3.4e+38 -3.4e+38 -3.4e+38 -3.4e+38 -3.4e+38 -3.4e+38 24.0367698669434 24.2045001983643 23.8428325653076 24.0815010070801 24.0839996337891 23.7259998321533 24.1445007324219 23.8811664581299 24.0748329162598 23.775333404541 -3.4e+38 -3.4e+38 -3.4e+38 -3.4e+38 -3.4e+38 -3.4e+38 -3.4e+38 -3.4e+38 -3.4e+38 -3.4e+38 -3.4e+38 -3.4e+38 -3.4e+38 -3.4e+38 -3.4e+38 -3.4e+38 -3.4e+38 -3.4e+38 -3.4e+38 -3.4e+38 -3.4e+38 -3.4e+38 -3.4e+38 -3.4e+38 -3.4e+38 -3.4e+38 -3.4e+38 -3.4e+38 -3.4e+38 -3.4e+38 -3.4e+38 -3.4e+38
-3.4e+38 -3.4e+38 -3.4e+38 -3.4e+38 -3.4e+38 -3.4e+38 -3.4e+38 -3.4e+38 -3.4e+38 -3.4e+38 -3.4e+38 -3.4e+38 -3.4e+38 -3.4e+38 -3.4e+38 23.5977554321289 24.1843338012695 24.5856666564941 24.2749996185303 23.7210006713867 23.4311676025391 23.7803344726562 23.9890003204346 23.2281665802002 23.3369998931885 23.6135005950928 24.0616035461426 -3.4e+38 -3.4e+38 -3.4e+38 -3.4e+38 -3.4e+38 -3.4e+38 -3.4e+38 -3.4e+38 -3.4e+38 -3.4e+38 -3.4e+38 -3.4e+38 -3.4e+38 -3.4e+38 -3.4e+38 -3.4e+38 -3.4e+38 -3.4e+38 -3.4e+38 -3.4e+38 -3.4e+38 -3.4e+38 -3.4e+38 -3.4e+38 -3.4e+38 -3.4e+38 -3.4e+38 -3.4e+38 -3.4e+38 -3.4e+38 -3.4e+38
-3.4e+38 -3.4e+38 -3.4e+38 -3.4e+38 -3.4e+38 -3.4e+38 -3.4e+38 -3.4e+38 -3.4e+38 -3.4e+38 -3.4e+38 -3.4e+38 -3.4e+38 -3.4e+38 -3.4e+38 23.697078704834 24.3981666564941 24.7915000915527 24.8648338317871 24.6119995117188 23.9723339080811 23.3023338317871 23.828498840332 23.8611660003662 21.5618324279785 23.5349998474121 23.9095001220703 24.0776481628418 -3.4e+38 -3.4e+38 -3.4e+38 -3.4e+38 -3.4e+38 -3.4e+38 -3.4e+38 -3.4e+38 -3.4e+38 -3.4e+38 -3.4e+38 -3.4e+38 -3.4e+38 -3.4e+38 -3.4e+38 -3.4e+38 -3.4e+38 -3.4e+38 -3.4e+38 -3.4e+38 -3.4e+38 -3.4e+38 -3.4e+38 -3.4e+38 -3.4e+38 -3.4e+38 -3.4e+38 -3.4e+38 -3.4e+38 -3.4e+38
-3.4e+38 -3.4e+38 -3.4e+38 -3.4e+38 -3.4e+38 -3.4e+38 -3.4e+38 -3.4e+38 -3.4e+38 -3.4e+38 -3.4e+38 -3.4e+38 -3.4e+38 -3.4e+38 -3.4e+38 23.6813335418701 24.4316673278809 24.8455009460449 24.8290004730225 24.644832611084 24.8129997253418 23.1526660919189 22.4718322753906 23.9311676025391 22.46266746521 23.5885009765625 21.0671672821045 23.0106658935547 24.0173606872559 23.4014625549316 -3.4e+38 -3.4e+38 -3.4e+38 -3.4e+38 -3.4e+38 -3.4e+38 -3.4e+38 -3.4e+38 -3.4e+38 -3.4e+38 -3.4e+38 -3.4e+38 -3.4e+38 -3.4e+38 -3.4e+38 -3.4e+38 -3.4e+38 -3.4e+38 -3.4e+38 -3.4e+38 -3.4e+38 24.1101627349854 -3.4e+38 -3.4e+38 -3.4e+38 -3.4e+38 -3.4e+38 -3.4e+38
-3.4e+38 -3.4e+38 -3.4e+38 -3.4e+38 -3.4e+38 -3.4e+38 -3.4e+38 -3.4e+38 -3.4e+38 -3.4e+38 -3.4e+38 -3.4e+38 -3.4e+38 -3.4e+38 23.0032920837402 23.644832611084 24.2768325805664 24.7258338928223 24.7648334503174 23.9133338928223 24.7939987182617 24.0109996795654 22.3341674804688 23.1110000610352 24.2849998474121 21.6184997558594 20.5736675262451 21.7258338928223 23.844165802002 23.1660003662109 23.570369720459 23.6146202087402 23.4188041687012 -3.4e+38 -3.4e+38 -3.4e+38 -3.4e+38 -3.4e+38 -3.4e+38 23.343505859375 23.452564239502 23.9380435943604 23.6060333251953 23.1773338317871 23.6802196502686 23.7789478302002 -3.4e+38 -3.4e+38 23.2297096252441 23.8333339691162 24.203332901001 23.5994987487793 24.0449275970459 -3.4e+38 -3.4e+38 -3.4e+38 -3.4e+38 -3.4e+38
-3.4e+38 -3.4e+38 -3.4e+38 -3.4e+38 -3.4e+38 -3.4e+38 -3.4e+38 -3.4e+38 -3.4e+38 -3.4e+38 -3.4e+38 -3.4e+38 -3.4e+38 -3.4e+38 23.1221675872803 23.5834999084473 24.1988334655762 24.720666885376 24.6291656494141 24.4108333587646 24.4025001525879 25.261833190918 24.6631660461426 22.8933334350586 24.3448333740234 21.6534996032715 19.1424999237061 20.7328338623047 22.8255004882812 22.4815006256104 22.2835006713867 23.4780006408691 23.4148330688477 23.1801662445068 23.3970184326172 23.5990200042725 23.7666664123535 23.8838329315186 23.7996673583984 23.8865013122559 24.0729999542236 24.181999206543 23.882999420166 22.6884994506836 23.5721664428711 22.8616676330566 22.4930000305176 23.0868339538574 23.8705005645752 24.3943328857422 24.267333984375 23.9500007629395 24.8353328704834 24.8652534484863 -3.4e+38 -3.4e+38 -3.4e+38 -3.4e+38
-3.4e+38 -3.4e+38 -3.4e+38 -3.4e+38 -3.4e+38 -3.4e+38 -3.4e+38 -3.4e+38 -3.4e+38 -3.4e+38 -3.4e+38 -3.4e+38 -3.4e+38 22.8422222137451 23.3241672515869 23.7553329467773 24.1873321533203 24.7199993133545 24.662166595459 24.5305004119873 24.6451663970947 25.3281669616699 25.4541664123535 25.3836669921875 24.3196678161621 22.6473331451416 23.7453327178955 22.4228343963623 20.2609996795654 21.4276657104492 22.6160011291504 21.7630004882812 23.7465000152588 21.7423324584961 22.888334274292 22.7776660919189 23.1133327484131 22.9523334503174 23.0343322753906 23.6048336029053 23.453332901001 23.1616668701172 22.9228324890137 21.9799995422363 22.1248340606689 22.7853336334229 23.4976673126221 23.7805004119873 24.0628337860107 24.3581657409668 24.2078342437744 24.1959991455078 24.7093334197998 24.7611675262451 24.6508331298828 24.3398323059082 23.6995010375977 23.6655006408691
-3.4e+38 -3.4e+38 -3.4e+38 -3.4e+38 -3.4e+38 -3.4e+38 -3.4e+38 -3.4e+38 -3.4e+38 -3.4e+38 -3.4e+38 -3.4e+38 -3.4e+38 23.1893329620361 23.6865005493164 24.4559993743896 24.6188335418701 24.7748336791992 24.7803344726562 24.7940006256104 25.2221660614014 25.4745006561279 25.4901657104492 25.0149993896484 25.1593322753906 23.1016674041748 23.125 24.9846668243408 23.9136657714844 23.1280002593994 21.6895008087158 20.0383338928223 20.2099990844727 21.13450050354 19.888500213623 20.621000289917 21.3666667938232 22.1628341674805 21.8028335571289 20.4500007629395 20.9543342590332 22.6721668243408 22.8959999084473 21.0111675262451 22.3430004119873 23.7000007629395 23.8344993591309 23.7491664886475 23.9091663360596 23.9008331298828 23.9331665039062 23.9698333740234 23.9116668701172 23.9873332977295 23.8796672821045 23.6909999847412 24.3134994506836 24.8194999694824
-3.4e+38 -3.4e+38 -3.4e+38 -3.4e+38 -3.4e+38 -3.4e+38 -3.4e+38 -3.4e+38 -3.4e+38 -3.4e+38 -3.4e+38 -3.4e+38 23.0955276489258 23.696834564209 23.945499420166 24.4915008544922 24.7755012512207 24.8500003814697 24.8584995269775 25.0564994812012 25.4235000610352 25.5139999389648 25.372501373291 24.9758338928223 25.2386665344238 25.5925006866455 25.5419998168945 25.5756664276123 25.3643341064453 24.050500869751 22.2971668243408 21.3018321990967 19.0480003356934 17.9851665496826 18.7558326721191 19.6814994812012 20.2768325805664 21.2970008850098 20.6081657409668 19.7358341217041 21.4489994049072 22.1928329467773 22.1900005340576 22.7546653747559 23.238000869751 23.2221660614014 23.3608341217041 23.4426670074463 23.3369998931885 23.380500793457 23.1431674957275 22.7544994354248 23.1356658935547 23.5935001373291 24.1160011291504 24.4526672363281 24.3816661834717 23.7964992523193
-3.4e+38 -3.4e+38 -3.4e+38 -3.4e+38 -3.4e+38 -3.4e+38 -3.4e+38 -3.4e+38 -3.4e+38 -3.4e+38 -3.4e+38 -3.4e+38 23.7586803436279 24.3050003051758 24.8133335113525 25.1536674499512 25.210334777832 25.2089996337891 25.2509994506836 25.1488342285156 25.3973331451416 25.5644989013672 25.3745002746582 25.3120002746582 25.4133338928223 25.9228324890137 26.1905002593994 26.0486660003662 25.9386672973633 24.0278339385986 23.6501655578613 22.3619995117188 22.4726676940918 19.619499206543 19.3946666717529 20.8320007324219 20.8511657714844 20.8665008544922 21.6451663970947 21.033332824707 21.3693332672119 20.4200000762939 21.0564994812012 21.8443336486816 23.170166015625 23.8103332519531 23.6189994812012 23.2749996185303 23.5335006713867 23.5456657409668 22.8241672515869 22.8073329925537 23.0780010223389 22.9953327178955 23.0438346862793 23.2036666870117 22.7411670684814 21.9063339233398
-3.4e+38 -3.4e+38 -3.4e+38 -3.4e+38 -3.4e+38 -3.4e+38 -3.4e+38 -3.4e+38 -3.4e+38 -3.4e+38 -3.4e+38 23.5782260894775 24.1301670074463 24.4671669006348 24.8521671295166 25.2481670379639 25.4791660308838 25.6218338012695 25.7308330535889 25.6598339080811 25.7954998016357 25.921667098999 25.8811664581299 25.6001663208008 25.5236663818359 25.8703327178955 25.8290004730225 25.332332611084 25.9576663970947 24.333833694458 24.1258335113525 24.5828323364258 24.4168338775635 23.8806667327881 21.3769989013672 21.0091667175293 22.9775009155273 22.5801658630371 22.6821670532227 21.0445003509521 20.5329990386963 21.2950000762939 21.1781673431396 22.0936660766602 23.2959995269775 23.4624996185303 23.3570003509521 23.4869995117188 23.0931663513184 22.8150005340576 22.9876670837402 22.878833770752 22.8873329162598 22.6153335571289 22.7856674194336 22.066333770752 21.925666809082 22.1615009307861
-3.4e+38 -3.4e+38 -3.4e+38 -3.4e+38 -3.4e+38 -3.4e+38 -3.4e+38 -3.4e+38 -3.4e+38 -3.4e+38 -3.4e+38 23.736026763916 24.2076663970947 24.3038330078125 24.6140003204346 25.0060005187988 25.2736663818359 25.5558319091797 25.9758338928223 25.970832824707 26.130500793457 26.075834274292 26.0341663360596 25.9869995117188 26.0846672058105 25.8033332824707 25.445333480835 25.0076675415039 25.6793327331543 25.1633338928223 25.4606666564941 25.2203330993652 25.2019996643066 24.853666305542 24.1018333435059 24.5174999237061 23.8248329162598 23.4099998474121 22.2875003814697 21.503999710083 20.9741668701172 22.0348339080811 21.9204998016357 22.1924991607666 22.2275009155273 21.6863327026367 22.1228332519531 23.2584991455078 23.2763328552246 22.5610008239746 23.2840003967285 23.2934989929199 22.7620010375977 22.5729999542236 22.4273338317871 22.4843330383301 22.4656677246094 22.6525001525879
-3.4e+38 -3.4e+38 -3.4e+38 -3.4e+38 -3.4e+38 -3.4e+38 -3.4e+38 -3.4e+38 -3.4e+38 -3.4e+38 23.3510684967041 23.9173336029053 24.1119995117188 24.2398338317871 24.5681667327881 24.9475002288818 25.0419998168945 25.5930004119873 26.025333404541 26.1398334503174 26.2108345031738 26.2401676177979 26.173999786377 25.9481658935547 26.0594997406006 26.1921672821045 25.7099990844727 25.7330017089844 25.7516670227051 25.7980003356934 26.2398338317871 25.9393329620361 25.732666015625 25.0590000152588 22.978666305542 23.3178329467773 22.1951675415039 22.2824993133545 22.0318336486816 22.5288333892822 22.501501083374 23.2023334503174 23.0995006561279 23.3066673278809 22.349666595459 21.4068336486816 21.3978328704834 24.0433330535889 24.3936672210693 24.1219997406006 23.7151660919189 23.1625003814697 22.7040004730225 22.4566669464111 22.2154998779297 22.2066669464111 22.357666015625 22.3675003051758
-3.4e+38 -3.4e+38 -3.4e+38 -3.4e+38 -3.4e+38 -3.4e+38 -3.4e+38 -3.4e+38 -3.4e+38 -3.4e+38 23.5806655883789 23.9886665344238 24.417667388916 24.7196655273438 24.9774990081787 25.377498626709 25.1788330078125 25.246000289917 25.6884994506836 25.9829998016357 26.0536670684814 26.1316680908203 26.2266674041748 26.1306667327881 26.0376663208008 26.345832824707 26.1983337402344 26.2271671295166 26.291332244873 26.1988334655762 26.371000289917 26.4718322753906 26.1199989318848 25.8968334197998 25.466667175293 25.275333404541 24.791332244873 23.9715003967285 23.4358329772949 23.2473335266113 23.6844997406006 23.4155006408691 24.3013343811035 24.4875011444092 23.2963333129883 24.0195007324219 24.4340000152588 25.3398323059082 25.117000579834 24.7558326721191 23.8878326416016 22.9178333282471 22.1420001983643 21.7016658782959 21.8784999847412 22.0623340606689 22.1986656188965 22.158332824707
-3.4e+38 -3.4e+38 -3.4e+38 -3.4e+38 -3.4e+38 -3.4e+38 -3.4e+38 -3.4e+38 -3.4e+38 23.2436428070068 23.6551666259766 24.144832611084 24.6439990997314 25.0626659393311 25.1691665649414 25.1455001831055 25.162166595459 25.5659999847412 25.5820007324219 25.4965000152588 25.734001159668 26.0246658325195 26.2456665039062 25.9834995269775 26.0415000915527 26.6370010375977 26.6315002441406 26.3773326873779 26.3520011901855 26.0803337097168 26.1121673583984 26.1998329162598 25.9251670837402 26.4391670227051 26.3629989624023 25.7014999389648 24.3541660308838 24.6243324279785 24.8341674804688 23.8455009460449 24.6398334503174 24.2766666412354 24.9154987335205 24.4148330688477 24.3601665496826 25.4843330383301 26.0616664886475 26.1198329925537 25.6599998474121 24.9263343811035 23.994499206543 23.1966667175293 22.3473339080811 21.8026676177979 21.8681659698486 21.8411674499512 21.9148330688477 21.9346675872803
-3.4e+38 -3.4e+38 -3.4e+38 -3.4e+38 -3.4e+38 -3.4e+38 -3.4e+38 -3.4e+38 22.6884307861328 23.4723339080811 23.7661666870117 24.0493335723877 24.3141670227051 24.5300006866455 24.8158340454102 25.1844997406006 25.2216663360596 25.6078338623047 25.7506675720215 25.8031673431396 25.9443321228027 25.9160003662109 26.2819995880127 26.2741661071777 26.3575000762939 26.5475006103516 26.5268325805664 26.3823337554932 26.3936672210693 26.2676658630371 26.404167175293 26.6129989624023 26.5564994812012 26.2006664276123 25.9501667022705 25.5356674194336 25.1188335418701 24.908166885376 25.5605010986328 25.6264991760254 25.5209999084473 25.5311660766602 25.6651668548584 25.7089996337891 25.9879989624023 26.2045001983643 26.3503341674805 26.3478336334229 25.8478336334229 25.0729999542236 24.228666305542 23.380500793457 22.7446670532227 22.4179992675781 22.1266670227051 21.9998340606689 21.6774997711182 21.4981670379639
-3.4e+38 -3.4e+38 -3.4e+38 -3.4e+38 -3.4e+38 -3.4e+38 -3.4e+38 -3.4e+38 22.8360004425049 23.3264999389648 23.655834197998 23.8816661834717 24.1000003814697 24.3736667633057 24.7361660003662 25.2401657104492 25.6446666717529 25.9783325195312 25.8188343048096 25.5725002288818 25.798999786377 25.5510005950928 26.1258335113525 26.0540008544922 26.1714992523193 26.1111660003662 25.8623332977295 25.3796672821045 25.9898338317871 26.4238338470459 26.5543327331543 26.3813323974609 26.2280006408691 25.6718330383301 26.2568321228027 26.0788345336914 26.3773345947266 25.9565010070801 25.4503326416016 25.0246658325195 25.5646667480469 25.5450000762939 25.4176654815674 25.892333984375 26.0638332366943 26.2503337860107 26.3581676483154 26.5610008239746 26.1321659088135 25.1843338012695 24.4116668701172 23.728666305542 23.1708335876465 22.8008327484131 22.4753341674805 22.5151672363281 22.5468330383301 22.4388332366943
-3.4e+38 -3.4e+38 -3.4e+38 -3.4e+38 -3.4e+38 -3.4e+38 -3.4e+38 22.3430843353271 22.6471672058105 23.1876678466797 23.3834991455078 23.671667098999 23.9113330841064 24.2291679382324 24.4055004119873 24.8723335266113 25.3296661376953 25.166332244873 24.7924995422363 25.4281673431396 25.5440006256104 25.2315006256104 25.1084995269775 25.6366672515869 25.9501667022705 26.0914993286133 26.0970001220703 25.2318325042725 25.5533332824707 26.2948322296143 26.2129993438721 26.1991672515869 26.0999984741211 26.3969993591309 26.656665802002 26.208833694458 24.804666519165 22.3926658630371 22.0171661376953 21.099666595459 22.9750003814697 24.1998329162598 25.1283340454102 25.7041664123535 25.9704990386963 26.0205001831055 26.1271667480469 26.3058338165283 25.7329998016357 24.8873329162598 24.4433326721191 23.8523330688477 23.3548336029053 23.00950050354 22.6848335266113 22.4331665039062 22.4950008392334 22.3888339996338
-3.4e+38 -3.4e+38 -3.4e+38 -3.4e+38 -3.4e+38 -3.4e+38 22.2189140319824 22.2520008087158 22.4015007019043 22.8815002441406 23.2399997711182 23.6331672668457 23.7591667175293 23.9718341827393 24.2053337097168 24.7119998931885 25.0883331298828 24.8313331604004 24.7661666870117 24.9016666412354 25.3660011291504 24.53466796875 23.6646671295166 24.7093334197998 25.7005004882812 25.5381660461426 25.5453338623047 25.5468330383301 25.814001083374 26.2614994049072 26.0729999542236 26.0415000915527 26.3193321228027 26.3308334350586 25.9313335418701 25.2278327941895 23.7671661376953 21.4846668243408 20.3940010070801 21.332332611084 22.9288330078125 23.9391670227051 25.3861675262451 25.1189994812012 25.158332824707 25.7078323364258 26.1258335113525 25.7368335723877 24.9489994049072 24.5811672210693 23.4780006408691 22.7210006713867 22.3325004577637 22.1281661987305 22.0638332366943 22.0193328857422 22.2683334350586 22.5156669616699
-3.4e+38 -3.4e+38 -3.4e+38 -3.4e+38 -3.4e+38 22.0075931549072 22.3740005493164 22.5891666412354 22.9193325042725 23.1563339233398 23.1918334960938 23.4316673278809 23.6523323059082 23.7765007019043 24.0646667480469 24.5701675415039 24.9221668243408 24.8953342437744 24.9538326263428 24.9564990997314 25.0888328552246 24.9301662445068 24.7386665344238 24.7970008850098 25.3951663970947 25.4583339691162 25.4723339080811 25.4756660461426 25.359167098999 25.5833320617676 25.712833404541 25.4034996032715 25.5558338165283 25.632833480835 24.9086666107178 24.203498840332 22.4698333740234 21.3223342895508 21.9090003967285 22.1593322753906 23.3493328094482 24.478832244873 24.2628345489502 23.8759994506836 24.2616672515869 25.1175003051758 25.6518325805664 24.8058338165283 24.6648330688477 23.861665725708 21.9284992218018 21.4033336639404 21.046667098999 21.2616672515869 21.6793327331543 21.7600002288818 22.2403335571289 22.6806659698486
-3.4e+38 -3.4e+38 -3.4e+38 22.1223258972168 22.358247756958 22.3484992980957 22.5266666412354 22.5906677246094 22.8048343658447 22.9731674194336 23.1173324584961 23.2438335418701 23.3645000457764 23.3981666564941 23.7361660003662 24.1798324584961 24.6339988708496 24.5596656799316 24.4848327636719 24.4570007324219 24.5869998931885 24.404167175293 24.4031677246094 24.4463329315186 24.4559993743896 24.638334274292 24.7229995727539 24.8331680297852 24.6941661834717 24.3153324127197 24.8035011291504 25.0201663970947 25.1746673583984 24.279333114624 23.6226673126221 22.9768333435059 21.9680004119873 22.3570003509521 21.2794990539551 21.441333770752 22.2516670227051 21.7894992828369 22.6148338317871 22.00950050354 22.7371673583984 24.0091667175293 24.8320007324219 23.8474998474121 22.7934989929199 22.5671672821045 21.4020004272461 21.4436664581299 21.7378330230713 21.8915004730225 21.9828338623047 22.1420001983643 22.5230007171631 23.0166664123535
