rasters/Morocco_bio10.asc
NCOLS 192 
NROWS 174 
XLLCORNER -17.013743324 
YLLCORNER 21.41997106 
CELLSIZE 0.083238249234375 
NODATA_value -3.4e+38 
[rows 50 to 74 of 174, columns 116 to 173 of 192]
25.7239990234375 25.4098339080811 24.6778335571289 24.1851673126221 23.8199996948242 24.0791664123535 23.0248336791992 22.5858325958252 21.1354999542236 20.5384998321533 19.4055004119873 19.1416664123535 17.2193336486816 15.1673336029053 15.3433332443237 16.3880004882812 18.0133323669434 20.0633335113525 20.3033332824707 18.3556671142578 19.6944999694824 21.933666229248 21.4365005493164 23.0616664886475 24.7639999389648 24.8723335266113 26.9395008087158 27.8118324279785 28.2065010070801 28.5028324127197 28.8334999084473 28.8098335266113 29.3444995880127 29.8021659851074 29.8061656951904 29.6394996643066 29.7490005493164 30.109167098999 30.1711673736572 30.3315010070801 30.2156658172607 30.1023330688477 29.732666015625 29.2775001525879 29.2506675720215 29.3253326416016 29.4705009460449 29.6480007171631 -3.4e+38 -3.4e+38 -3.4e+38 -3.4e+38 -3.4e+38 -3.4e+38 -3.4e+38 -3.4e+38 -3.4e+38 -3.4e+38
24.9934997558594 24.2154998779297 22.1903324127197 21.4776668548584 21.4203338623047 21.7346668243408 20.6646671295166 19.224666595459 19.6564998626709 19.6790008544922 18.3660011291504 18.1163330078125 16.8998336791992 18.0699996948242 18.8833332061768 17.808666229248 18.1538333892822 20.3645000457764 18.871166229248 17.8648338317871 20.4991664886475 21.6626663208008 23.1948337554932 25.0763339996338 26.3024997711182 27.046667098999 27.6203327178955 28.2311668395996 28.7576656341553 29.2525005340576 29.5936660766602 29.8191661834717 30.1370010375977 30.3376655578613 30.3745002746582 30.4358329772949 30.2516670227051 30.3358345031738 30.162166595459 30.2714996337891 30.4123344421387 30.1356658935547 29.5673332214355 29.4086666107178 -3.4e+38 -3.4e+38 -3.4e+38 -3.4e+38 -3.4e+38 -3.4e+38 -3.4e+38 -3.4e+38 -3.4e+38 -3.4e+38 -3.4e+38 -3.4e+38 -3.4e+38 -3.4e+38
22.5944995880127 23.1406669616699 22.5443344116211 21.4356670379639 20.6361675262451 20.2198333740234 17.7653331756592 15.3483333587646 18.3918342590332 15.7980003356934 14.8878335952759 15.2286672592163 16.511999130249 17.8646659851074 18.5781669616699 17.9483337402344 20.1046657562256 20.1078338623047 19.7768325805664 20.4576663970947 23.1116676330566 24.7353343963623 25.7021675109863 26.6471672058105 27.3036670684814 27.7203330993652 28.2229995727539 28.6658325195312 29.1318340301514 29.6146659851074 29.9909992218018 29.9426670074463 30.4448337554932 30.8728332519531 30.8439998626709 30.9489994049072 31.0318336486816 30.9925003051758 30.5615005493164 30.1730003356934 30.2249984741211 29.9608345031738 29.776834487915 29.6826667785645 -3.4e+38 -3.4e+38 -3.4e+38 -3.4e+38 -3.4e+38 -3.4e+38 -3.4e+38 -3.4e+38 -3.4e+38 -3.4e+38 -3.4e+38 -3.4e+38 -3.4e+38 -3.4e+38
21.0254993438721 20.8226661682129 20.3168334960938 21.4973335266113 21.3708324432373 19.8608341217041 17.9853324890137 16.2521667480469 16.8673343658447 15.3973331451416 15.7721662521362 17.4349994659424 19.1343326568604 20.5363330841064 21.3178329467773 21.8606662750244 22.195333480835 22.1240005493164 22.9726657867432 23.9139995574951 24.9449996948242 25.9071655273438 26.6009998321533 27.2830009460449 27.650333404541 28.2084999084473 28.6601657867432 28.9825000762939 28.9568328857422 29.0198345184326 29.5888328552246 29.6521663665771 30.4500007629395 30.9581661224365 31.3238334655762 31.3446674346924 31.3921661376953 31.4031677246094 31.3234996795654 30.7358341217041 30.6884994506836 30.6026668548584 30.4349994659424 30.3339996337891 -3.4e+38 -3.4e+38 -3.4e+38 -3.4e+38 -3.4e+38 -3.4e+38 -3.4e+38 -3.4e+38 -3.4e+38 -3.4e+38 -3.4e+38 -3.4e+38 -3.4e+38 -3.4e+38
19.1943340301514 17.4699993133545 17.3691673278809 16.9508323669434 18.1923332214355 19.8068332672119 18.8893337249756 17.1245002746582 17.6525001525879 20.3421669006348 20.9201679229736 20.9049987792969 21.767333984375 22.4149990081787 22.8598327636719 23.1438331604004 23.4496669769287 23.9061660766602 24.4768333435059 24.8565006256104 24.734167098999 25.1301670074463 25.8773345947266 27.0528335571289 27.7164993286133 27.8425006866455 27.6553344726562 27.9516677856445 28.4230003356934 28.7258338928223 29.1984996795654 29.568000793457 30.3668327331543 30.9595012664795 31.4368324279785 31.7093334197998 31.4965000152588 31.6046676635742 31.8794994354248 31.7361679077148 31.6658344268799 31.6601676940918 31.3290004730225 -3.4e+38 -3.4e+38 -3.4e+38 -3.4e+38 -3.4e+38 -3.4e+38 -3.4e+38 -3.4e+38 -3.4e+38 -3.4e+38 -3.4e+38 -3.4e+38 -3.4e+38 -3.4e+38 -3.4e+38
20.4308338165283 21.1298332214355 20.2376670837402 18.5816669464111 20.7603340148926 22.1691665649414 20.6784992218018 21.923999786377 22.4734992980957 23.5366668701172 23.0950012207031 23.058500289917 23.0788326263428 23.788667678833 24.2229995727539 24.2049999237061 23.96533203125 23.8903331756592 23.699499130249 23.2849998474121 23.7590007781982 23.6903324127197 24.3628330230713 25.8398323059082 27.3586654663086 27.6528339385986 27.5424995422363 27.3783340454102 28.8048343658447 29.9321670532227 30.5286674499512 30.5031661987305 30.8556671142578 31.2611656188965 31.6193332672119 31.9638328552246 31.679666519165 31.6646671295166 31.9820003509521 31.968334197998 31.9899997711182 32.132999420166 -3.4e+38 -3.4e+38 -3.4e+38 -3.4e+38 -3.4e+38 -3.4e+38 -3.4e+38 -3.4e+38 -3.4e+38 -3.4e+38 -3.4e+38 -3.4e+38 -3.4e+38 -3.4e+38 -3.4e+38 -3.4e+38
21.3600006103516 22.1278343200684 22.0114994049072 22.8653335571289 24.542667388916 24.4926662445068 24.5993328094482 25.087833404541 25.3018341064453 25.655834197998 25.0981674194336 25.3800010681152 25.3233337402344 25.2796669006348 25.0130004882812 24.279167175293 23.2293338775635 22.6019992828369 22.6308326721191 22.5856666564941 23.0861663818359 23.5054988861084 24.6668338775635 26.5923328399658 28.1588325500488 29.353666305542 29.1199989318848 29.662166595459 30.2291660308838 30.7409992218018 31.0616664886475 31.2026672363281 31.1893329620361 31.4408340454102 31.7968330383301 32.0454978942871 31.9408340454102 32.0256652832031 32.2703323364258 32.4151649475098 32.2663345336914 32.4411659240723 -3.4e+38 -3.4e+38 -3.4e+38 -3.4e+38 -3.4e+38 -3.4e+38 -3.4e+38 -3.4e+38 -3.4e+38 -3.4e+38 -3.4e+38 -3.4e+38 -3.4e+38 -3.4e+38 -3.4e+38 -3.4e+38
23.4166660308838 23.662166595459 24.6123332977295 25.4449996948242 26.2566661834717 26.3533325195312 26.5150012969971 26.6346664428711 26.6498336791992 26.7355003356934 26.3955001831055 26.3563327789307 26.066333770752 25.5018329620361 24.7423324584961 23.1806659698486 22.1533336639404 22.1005001068115 22.3718338012695 22.5751667022705 22.3493328094482 23.4004993438721 25.7236671447754 26.9729995727539 28.1549987792969 29.7315006256104 29.9689998626709 30.6248340606689 31.048999786377 31.3066673278809 31.4820003509521 31.517333984375 31.505500793457 31.4829998016357 31.8268337249756 32.195499420166 32.1580009460449 32.2801666259766 32.5553321838379 32.6875 32.5098342895508 32.7151641845703 32.4763336181641 31.8696670532227 -3.4e+38 -3.4e+38 -3.4e+38 -3.4e+38 -3.4e+38 -3.4e+38 -3.4e+38 -3.4e+38 -3.4e+38 -3.4e+38 -3.4e+38 -3.4e+38 -3.4e+38 -3.4e+38
25.0286674499512 25.4985008239746 26.1213340759277 26.6040000915527 27.1283340454102 27.3346652984619 27.6433334350586 27.7588329315186 27.7031669616699 27.4715003967285 27.2211666107178 26.6499996185303 25.6558322906494 24.9441661834717 23.5661678314209 23.1846675872803 24.9993324279785 25.7198333740234 25.599666595459 26.0043334960938 24.9448337554932 24.7046661376953 26.0868339538574 27.6984996795654 29.3701667785645 29.912166595459 29.7228336334229 29.9606666564941 30.8766670227051 31.6263332366943 31.6595001220703 31.9071674346924 31.8641662597656 31.7798328399658 32.0935020446777 32.3753318786621 32.2848320007324 32.2631683349609 32.602668762207 32.6375007629395 32.6655006408691 32.7601661682129 32.7241668701172 32.5238342285156 32.218334197998 -3.4e+38 -3.4e+38 -3.4e+38 -3.4e+38 -3.4e+38 -3.4e+38 -3.4e+38 -3.4e+38 -3.4e+38 -3.4e+38 -3.4e+38 -3.4e+38 -3.4e+38
25.5825004577637 26.1938323974609 26.8418350219727 27.3603324890137 27.9409999847412 28.2100009918213 28.136833190918 28.0563335418701 27.8728332519531 27.2921657562256 26.8791656494141 26.4171657562256 25.7426681518555 24.2411670684814 23.3819999694824 24.8658332824707 26.7193336486816 27.8211669921875 27.341667175293 27.1110000610352 25.3043327331543 26.7534999847412 28.4676666259766 29.6353340148926 30.2686653137207 29.9798336029053 30.0906677246094 30.6078338623047 31.2626667022705 31.8570003509521 32.0336685180664 32.1526679992676 32.1716651916504 32.0165023803711 32.2323341369629 32.2901649475098 32.4274978637695 32.4808349609375 32.5974998474121 32.7458343505859 32.7671661376953 32.7213325500488 32.7598342895508 32.5629997253418 32.218334197998 -3.4e+38 -3.4e+38 -3.4e+38 -3.4e+38 -3.4e+38 -3.4e+38 -3.4e+38 -3.4e+38 -3.4e+38 -3.4e+38 -3.4e+38 -3.4e+38 -3.4e+38
25.3366661071777 25.8325004577637 26.025333404541 27.1013336181641 27.9804992675781 28.4623336791992 28.0690002441406 27.9571666717529 27.7978324890137 26.7748336791992 26.2530002593994 25.8396663665771 24.8251667022705 24.0820007324219 25.5260009765625 26.5165004730225 28.2560005187988 29.2383346557617 29.454833984375 29.6585006713867 29.3923320770264 29.3966674804688 29.8839988708496 30.295166015625 30.8736667633057 30.8986663818359 30.52783203125 30.7981662750244 31.7201671600342 32.0268325805664 32.3518333435059 32.4150009155273 32.650333404541 32.5200004577637 32.5904998779297 32.3686676025391 32.3003311157227 32.8076667785645 32.9221649169922 32.8103332519531 32.7863311767578 32.3409996032715 32.3338317871094 32.2028350830078 -3.4e+38 -3.4e+38 -3.4e+38 -3.4e+38 -3.4e+38 -3.4e+38 -3.4e+38 -3.4e+38 -3.4e+38 -3.4e+38 -3.4e+38 -3.4e+38 -3.4e+38 -3.4e+38
24.6165008544922 24.8334999084473 25.1510009765625 26.1901664733887 27.0993328094482 27.8010005950928 27.5853328704834 27.1268329620361 27.0020008087158 28.1691665649414 28.7918338775635 28.413667678833 27.5321674346924 27.8390007019043 28.1788330078125 28.2513332366943 28.203332901001 28.7546672821045 29.3651657104492 30.0553321838379 30.5336666107178 30.6998329162598 30.9954986572266 31.1786670684814 31.3841667175293 31.3208332061768 31.2076663970947 31.571834564209 31.992000579834 32.1811676025391 32.4085006713867 32.4423332214355 32.6796684265137 32.6865005493164 32.8398323059082 32.4290008544922 32.6011657714844 32.7734985351562 32.560001373291 31.9711666107178 32.3151664733887 32.1150016784668 32.0088348388672 32.1281661987305 -3.4e+38 -3.4e+38 -3.4e+38 -3.4e+38 -3.4e+38 -3.4e+38 -3.4e+38 -3.4e+38 -3.4e+38 -3.4e+38 -3.4e+38 -3.4e+38 -3.4e+38 -3.4e+38
24.6175003051758 25.1016674041748 26.015832901001 26.8403339385986 26.7478332519531 27.3628330230713 27.1371669769287 26.2171669006348 26.445333480835 28.5734996795654 29.8985004425049 29.5768337249756 29.6773338317871 30.2916660308838 30.0046672821045 29.2430000305176 29.0376663208008 29.3133335113525 29.253999710083 29.5871658325195 30.5288333892822 31.1895008087158 31.681999206543 31.7775001525879 31.0984992980957 31.550666809082 32.0621681213379 32.2008323669434 32.3479995727539 32.4213333129883 32.5019989013672 32.4973335266113 32.6563339233398 32.7884979248047 33.0046653747559 32.8955001831055 32.6110000610352 32.5315017700195 32.0779991149902 32.0660018920898 32.02783203125 32.2273330688477 32.2070007324219 32.3668327331543 -3.4e+38 -3.4e+38 -3.4e+38 -3.4e+38 -3.4e+38 -3.4e+38 -3.4e+38 -3.4e+38 -3.4e+38 -3.4e+38 -3.4e+38 -3.4e+38 -3.4e+38 -3.4e+38
24.8521671295166 25.6510009765625 26.3626670837402 26.2388324737549 26.1466655731201 26.4571666717529 26.8301658630371 27.3896675109863 28.6838340759277 28.482666015625 28.1746673583984 28.4705009460449 28.3575000762939 28.923999786377 29.841667175293 27.9715003967285 28.6673336029053 30.0534992218018 31.0921669006348 30.1856670379639 29.7880001068115 31.1105003356934 31.8780002593994 32.003833770752 31.6308345794678 31.8573341369629 32.3489990234375 32.3930015563965 32.503833770752 32.5693321228027 32.4625015258789 32.6150016784668 32.4449996948242 32.6766662597656 32.9216651916504 32.8386688232422 32.1798324584961 32.0811653137207 32.0761680603027 32.1468353271484 32.1573333740234 32.1995010375977 -3.4e+38 -3.4e+38 -3.4e+38 -3.4e+38 -3.4e+38 -3.4e+38 -3.4e+38 -3.4e+38 -3.4e+38 -3.4e+38 -3.4e+38 -3.4e+38 -3.4e+38 -3.4e+38 -3.4e+38 -3.4e+38
25.5018329620361 26.1800003051758 26.7608337402344 27.593334197998 27.0580005645752 27.3639984130859 28.0923328399658 28.1878337860107 28.0238342285156 27.775333404541 28.0241661071777 28.5661659240723 29.4064998626709 30.591667175293 31.5115013122559 30.8161659240723 30.5818328857422 31.8754997253418 31.929500579834 31.8396682739258 30.1491680145264 30.0244998931885 30.9213333129883 31.6785011291504 31.6146678924561 32.3626670837402 32.5393333435059 32.5808334350586 32.547664642334 32.3115005493164 31.8824996948242 31.6248321533203 31.4815006256104 31.7285003662109 32.0606689453125 32.7121658325195 -3.4e+38 -3.4e+38 -3.4e+38 -3.4e+38 -3.4e+38 -3.4e+38 -3.4e+38 -3.4e+38 -3.4e+38 -3.4e+38 -3.4e+38 -3.4e+38 -3.4e+38 -3.4e+38 -3.4e+38 -3.4e+38 -3.4e+38 -3.4e+38 -3.4e+38 -3.4e+38 -3.4e+38 -3.4e+38
25.542667388916 25.941333770752 26.9465007781982 28.2431659698486 28.6411666870117 28.6616668701172 28.3463325500488 28.0453338623047 28.8466663360596 28.6911659240723 27.9109992980957 27.8813323974609 28.1361656188965 29.13450050354 30.5013332366943 31.7853317260742 32.2999992370605 32.7098350524902 32.5340003967285 32.4389991760254 31.1523342132568 30.7203330993652 31.5473327636719 31.4023323059082 31.2744998931885 32.0444984436035 32.5986671447754 32.7345008850098 32.4973335266113 32.1431655883789 31.5045013427734 31.6674995422363 31.7948322296143 31.978666305542 32.1940002441406 -3.4e+38 -3.4e+38 -3.4e+38 -3.4e+38 -3.4e+38 -3.4e+38 -3.4e+38 -3.4e+38 -3.4e+38 -3.4e+38 -3.4e+38 -3.4e+38 -3.4e+38 -3.4e+38 -3.4e+38 -3.4e+38 -3.4e+38 -3.4e+38 -3.4e+38 -3.4e+38 -3.4e+38 -3.4e+38 -3.4e+38
25.6253337860107 25.5363330841064 26.7238330841064 27.2269992828369 27.7613334655762 29.7858333587646 29.9529991149902 29.7845001220703 29.0103340148926 28.3580017089844 28.7281665802002 28.1658325195312 28.5919990539551 29.3066673278809 30.15966796875 30.5361671447754 31.6593322753906 32.6848335266113 32.978832244873 32.8624992370605 32.3730010986328 30.3653335571289 30.4899997711182 32.1161651611328 31.7723331451416 32.0968322753906 32.6816673278809 32.7248344421387 32.4346656799316 32.038501739502 31.783166885376 32.0944976806641 32.3271675109863 32.4681663513184 -3.4e+38 -3.4e+38 -3.4e+38 -3.4e+38 -3.4e+38 -3.4e+38 -3.4e+38 -3.4e+38 -3.4e+38 -3.4e+38 -3.4e+38 -3.4e+38 -3.4e+38 -3.4e+38 -3.4e+38 -3.4e+38 -3.4e+38 -3.4e+38 -3.4e+38 -3.4e+38 -3.4e+38 -3.4e+38 -3.4e+38 -3.4e+38
25.6439990997314 25.2486667633057 27.517333984375 28.1526660919189 28.9986667633057 30.4903335571289 30.6643333435059 30.5828342437744 29.6371669769287 28.7918319702148 29.0953330993652 28.6901664733887 28.9204998016357 29.8098335266113 30.4166660308838 32.1283340454102 32.9823341369629 33.3848342895508 33.3544998168945 33.3959999084473 33.3658332824707 32.834831237793 30.9190006256104 32.2466659545898 32.5176658630371 32.4664993286133 32.8120002746582 32.6328315734863 32.4068336486816 32.1651649475098 32.1108322143555 32.4259986877441 32.7200012207031 -3.4e+38 -3.4e+38 -3.4e+38 -3.4e+38 -3.4e+38 -3.4e+38 -3.4e+38 -3.4e+38 -3.4e+38 -3.4e+38 -3.4e+38 -3.4e+38 -3.4e+38 -3.4e+38 -3.4e+38 -3.4e+38 -3.4e+38 -3.4e+38 -3.4e+38 -3.4e+38 -3.4e+38 -3.4e+38 -3.4e+38 -3.4e+38 -3.4e+38
27.2849998474121 27.832332611084 29.5141677856445 30.3001670837402 30.9764995574951 31.7331676483154 31.8133335113525 31.8398323059082 30.7063331604004 29.4196662902832 30.0688323974609 30.4755001068115 30.9085006713867 31.5850009918213 32.5 32.8279991149902 33.1300010681152 33.5576667785645 33.7331657409668 33.7213325500488 33.7321662902832 33.4960021972656 31.8571662902832 32.1800003051758 33.0164985656738 33.0121650695801 32.8610000610352 32.6230010986328 32.6846656799316 32.4550018310547 -3.4e+38 -3.4e+38 -3.4e+38 -3.4e+38 -3.4e+38 -3.4e+38 -3.4e+38 -3.4e+38 -3.4e+38 -3.4e+38 -3.4e+38 -3.4e+38 -3.4e+38 -3.4e+38 -3.4e+38 -3.4e+38 -3.4e+38 -3.4e+38 -3.4e+38 -3.4e+38 -3.4e+38 -3.4e+38 -3.4e+38 -3.4e+38 -3.4e+38 -3.4e+38 -3.4e+38 -3.4e+38
29.5646667480469 30.5800018310547 30.9186668395996 30.4078330993652 30.0848331451416 31.2970008850098 31.3468341827393 32.0719985961914 31.4701671600342 30.1941661834717 30.7740001678467 31.5611667633057 32.1279983520508 31.9116668701172 31.5638332366943 32.1884994506836 32.5205001831055 32.6753349304199 33.123664855957 32.990665435791 33.0603332519531 33.2143325805664 33.2418327331543 32.844165802002 32.8901672363281 33.4169998168945 32.9561653137207 32.7474975585938 32.8686676025391 -3.4e+38 -3.4e+38 -3.4e+38 -3.4e+38 -3.4e+38 -3.4e+38 -3.4e+38 -3.4e+38 -3.4e+38 -3.4e+38 -3.4e+38 -3.4e+38 -3.4e+38 -3.4e+38 -3.4e+38 -3.4e+38 -3.4e+38 -3.4e+38 -3.4e+38 -3.4e+38 -3.4e+38 -3.4e+38 -3.4e+38 -3.4e+38 -3.4e+38 -3.4e+38 -3.4e+38 -3.4e+38 -3.4e+38
30.9991664886475 31.1406669616699 31.4671669006348 32.0783348083496 32.0701675415039 32.3951683044434 31.5979995727539 30.9173336029053 31.7681655883789 31.2026653289795 31.2210006713867 31.4016666412354 31.4466667175293 31.3543338775635 31.7846660614014 32.2641677856445 33.0185012817383 33.337833404541 33.9093322753906 33.7781677246094 33.7258338928223 33.9348335266113 33.4823341369629 33.4335021972656 33.0753326416016 33.4098320007324 33.1093330383301 -3.4e+38 -3.4e+38 -3.4e+38 -3.4e+38 -3.4e+38 -3.4e+38 -3.4e+38 -3.4e+38 -3.4e+38 -3.4e+38 -3.4e+38 -3.4e+38 -3.4e+38 -3.4e+38 -3.4e+38 -3.4e+38 -3.4e+38 -3.4e+38 -3.4e+38 -3.4e+38 -3.4e+38 -3.4e+38 -3.4e+38 -3.4e+38 -3.4e+38 -3.4e+38 -3.4e+38 -3.4e+38 -3.4e+38 -3.4e+38 -3.4e+38
31.0988330841064 30.8443336486816 32.1486663818359 32.4635009765625 32.5828323364258 32.8211669921875 32.7336654663086 32.3380012512207 31.3766670227051 32.6168327331543 33.8240013122559 34.1446647644043 34.0733337402344 33.8183326721191 33.5519981384277 33.2678337097168 33.1956672668457 33.9160003662109 34.1233329772949 34.1413345336914 34.0110015869141 34.2343330383301 33.7758331298828 33.9334983825684 33.647331237793 33.5398330688477 -3.4e+38 -3.4e+38 -3.4e+38 -3.4e+38 -3.4e+38 -3.4e+38 -3.4e+38 -3.4e+38 -3.4e+38 -3.4e+38 -3.4e+38 -3.4e+38 -3.4e+38 -3.4e+38 -3.4e+38 -3.4e+38 -3.4e+38 -3.4e+38 -3.4e+38 -3.4e+38 -3.4e+38 -3.4e+38 -3.4e+38 -3.4e+38 -3.4e+38 -3.4e+38 -3.4e+38 -3.4e+38 -3.4e+38 -3.4e+38 -3.4e+38 -3.4e+38
31.7611675262451 31.8819999694824 32.5256652832031 32.4703330993652 32.102165222168 32.9153327941895 33.1173324584961 33.3559989929199 33.4370002746582 33.7841682434082 34.1191673278809 34.4403343200684 34.5803337097168 34.5125007629395 34.1476669311523 34.1083335876465 34.0690002441406 34.2118339538574 34.397834777832 34.405834197998 34.2986679077148 34.3106651306152 34.2068328857422 34.1553344726562 34.0026664733887 -3.4e+38 -3.4e+38 -3.4e+38 -3.4e+38 -3.4e+38 -3.4e+38 -3.4e+38 -3.4e+38 -3.4e+38 -3.4e+38 -3.4e+38 -3.4e+38 -3.4e+38 -3.4e+38 -3.4e+38 -3.4e+38 -3.4e+38 -3.4e+38 -3.4e+38 -3.4e+38 -3.4e+38 -3.4e+38 -3.4e+38 -3.4e+38 -3.4e+38 -3.4e+38 -3.4e+38 -3.4e+38 -3.4e+38 -3.4e+38 -3.4e+38 -3.4e+38 -3.4e+38
32.0921669006348 32.4954986572266 32.8040008544922 32.5456657409668 32.9684982299805 33.3021659851074 33.3359985351562 33.5431671142578 33.7751655578613 33.9140014648438 34.0538330078125 34.3424987792969 34.5998344421387 34.708667755127 34.5363311767578 34.4053344726562 34.4093322753906 34.5151672363281 34.6298332214355 34.6293334960938 34.5564994812012 34.4465026855469 34.4001655578613 34.2706680297852 -3.4e+38 -3.4e+38 -3.4e+38 -3.4e+38 -3.4e+38 -3.4e+38 -3.4e+38 -3.4e+38 -3.4e+38 -3.4e+38 -3.4e+38 -3.4e+38 -3.4e+38 -3.4e+38 -3.4e+38 -3.4e+38 -3.4e+38 -3.4e+38 -3.4e+38 -3.4e+38 -3.4e+38 -3.4e+38 -3.4e+38 -3.4e+38 -3.4e+38 -3.4e+38 -3.4e+38 -3.4e+38 -3.4e+38 -3.4e+38 -3.4e+38 -3.4e+38 -3.4e+38 -3.4e+38
32.4018325805664 32.6998329162598 32.9080009460449 33.2198333740234 33.421501159668 33.5806655883789 33.6093330383301 33.6944999694824 33.8223342895508 33.856330871582 34.0011672973633 34.1408309936523 34.3448333740234 34.4676666259766 34.5709991455078 34.640998840332 34.726001739502 34.739501953125 34.6693344116211 34.6108322143555 34.540168762207 34.5403327941895 34.515998840332 -3.4e+38 -3.4e+38 -3.4e+38 -3.4e+38 -3.4e+38 -3.4e+38 -3.4e+38 -3.4e+38 -3.4e+38 -3.4e+38 -3.4e+38 -3.4e+38 -3.4e+38 -3.4e+38 -3.4e+38 -3.4e+38 -3.4e+38 -3.4e+38 -3.4e+38 -3.4e+38 -3.4e+38 -3.4e+38 -3.4e+38 -3.4e+38 -3.4e+38 -3.4e+38 -3.4e+38 -3.4e+38 -3.4e+38 -3.4e+38 -3.4e+38 -3.4e+38 -3.4e+38 -3.4e+38 -3.4e+38
