rasters/Morocco_bio8.asc
NCOLS 192 
NROWS 174 
XLLCORNER -17.013743324 
YLLCORNER 21.41997106 
CELLSIZE 0.083238249234375 
NODATA_value -3.4e+38 
[rows 50 to 74 of 174, columns 116 to 173 of 192]
13.6859998703003 13.3256664276123 12.4526662826538 11.9221668243408 11.4305000305176 11.5673332214355 10.0288333892822 9.43033313751221 7.67516660690308 7.60349988937378 6.15016651153564 5.75283336639404 3.5256667137146 1.14800000190735 1.26399993896484 2.33133316040039 4.14033317565918 6.3973331451416 6.48083353042603 4.25899982452393 10.7536668777466 13.1073331832886 12.3616666793823 9.00466632843018 10.7628335952759 10.7233333587646 12.7633333206177 13.3513336181641 13.643500328064 13.7371664047241 13.9400005340576 13.6971664428711 14.1000003814697 14.4274997711182 14.2620000839233 13.9021663665771 13.8520002365112 14.2603330612183 14.2016668319702 9.84866619110107 14.1704998016357 14.0236663818359 9.21583366394043 8.69950008392334 8.66016674041748 8.73033332824707 8.84149932861328 9.60350036621094 -3.4e+38 -3.4e+38 -3.4e+38 -3.4e+38 -3.4e+38 -3.4e+38 -3.4e+38 -3.4e+38 -3.4e+38 -3.4e+38
12.8859996795654 12.1979999542236 9.48116683959961 8.51649951934814 8.47850036621094 8.66399955749512 7.22149991989136 6.05233335494995 6.59133338928223 6.53749990463257 5.04283332824707 4.52516651153564 3.22699999809265 4.51716661453247 5.21049976348877 3.84599995613098 4.10999965667725 6.5571665763855 4.72133350372314 3.71450018882751 11.5913333892822 12.7023334503174 9.28416633605957 11.168999671936 12.3481664657593 12.9573335647583 13.3891658782959 13.8326663970947 14.1623334884644 14.4381666183472 14.6301670074463 14.7220001220703 14.9308338165283 15.0018329620361 14.9291667938232 14.8549995422363 14.5699996948242 14.6511669158936 14.1983327865601 14.2146663665771 9.86066627502441 10.2146663665771 9.60583305358887 8.76266670227051 -3.4e+38 -3.4e+38 -3.4e+38 -3.4e+38 -3.4e+38 -3.4e+38 -3.4e+38 -3.4e+38 -3.4e+38 -3.4e+38 -3.4e+38 -3.4e+38 -3.4e+38 -3.4e+38
9.97399997711182 10.8578338623047 10.0134992599487 8.51683330535889 7.43233346939087 6.79116678237915 3.7736668586731 0.743333280086517 5.00616645812988 1.96066653728485 0.166666761040688 1.3236665725708 2.77133321762085 4.1303334236145 4.88933324813843 4.10433340072632 6.50883340835571 6.37566661834717 10.8881664276123 11.5888328552246 9.53416633605957 11.2166662216187 11.9659996032715 12.7303333282471 13.2515001296997 13.5713338851929 13.9531669616699 14.2248334884644 14.4273338317871 14.6833333969116 14.9223327636719 14.7334995269775 15.1281671524048 15.40149974823 15.3431663513184 15.3953332901001 15.4321670532227 15.3404998779297 14.7691669464111 14.1748332977295 14.1346664428711 9.39233303070068 9.17366695404053 9.04166698455811 -3.4e+38 -3.4e+38 -3.4e+38 -3.4e+38 -3.4e+38 -3.4e+38 -3.4e+38 -3.4e+38 -3.4e+38 -3.4e+38 -3.4e+38 -3.4e+38 -3.4e+38 -3.4e+38
8.17799949645996 7.69683313369751 6.99583339691162 8.43350028991699 8.19516658782959 6.8381667137146 4.76533317565918 2.82133340835571 3.46883344650269 1.82633340358734 2.2078332901001 3.87249994277954 5.66966676712036 7.16583347320557 7.95233345031738 8.43599987030029 13.6636667251587 13.4659996032715 14.3348331451416 10.3194999694824 11.2383327484131 12.1051664352417 12.6820001602173 13.2526664733887 13.5046663284302 13.9489994049072 14.2629995346069 14.438666343689 14.1893329620361 14.1481666564941 14.5796661376953 14.5129995346069 15.1748332977295 15.4583330154419 15.7594995498657 15.7383337020874 15.7901668548584 15.7239999771118 15.5093336105347 14.8559999465942 14.7554998397827 14.5970001220703 9.92899990081787 9.76650047302246 -3.4e+38 -3.4e+38 -3.4e+38 -3.4e+38 -3.4e+38 -3.4e+38 -3.4e+38 -3.4e+38 -3.4e+38 -3.4e+38 -3.4e+38 -3.4e+38 -3.4e+38 -3.4e+38
5.88700008392334 3.75983309745789 3.66966676712036 3.01366662979126 1.55216658115387 6.59999990463257 5.46983337402344 3.46266674995422 4.03166675567627 6.83783340454102 7.31933355331421 7.13216638565063 8.16316699981689 8.87333297729492 9.36416721343994 14.5778331756592 14.8540000915527 15.2294998168945 15.727334022522 11.0391664505005 15.8438329696655 11.1753330230713 11.8178329467773 12.9619998931885 13.5446662902832 13.5564994812012 13.2510004043579 13.4473333358765 13.7425003051758 13.9598331451416 14.2851667404175 14.448166847229 15.1163330078125 15.6044998168945 16.021333694458 16.1400012969971 15.8901672363281 15.9506664276123 16.1531658172607 15.9201669692993 15.7811670303345 15.6875 15.2451667785645 -3.4e+38 -3.4e+38 -3.4e+38 -3.4e+38 -3.4e+38 -3.4e+38 -3.4e+38 -3.4e+38 -3.4e+38 -3.4e+38 -3.4e+38 -3.4e+38 -3.4e+38 -3.4e+38 -3.4e+38
7.25383329391479 5.09800004959106 4.11283349990845 2.23083329200745 7.55933332443237 8.93833351135254 7.23683309555054 8.49933338165283 9.03733348846436 10.0244998931885 9.43649959564209 9.33766651153564 9.41499996185303 10.1855001449585 10.6591663360596 15.5583333969116 15.2448329925537 15.1055002212524 14.8116664886475 14.2960004806519 14.7080001831055 14.5711669921875 15.1783332824707 16.6856670379639 13.1926670074463 13.4274997711182 13.220832824707 12.8790006637573 14.3030004501343 15.2723331451416 15.6833333969116 15.4976663589478 15.6894998550415 15.9728336334229 16.2156658172607 16.3981666564941 16.0696659088135 16.0476665496826 16.3051662445068 16.2141666412354 16.1306667327881 16.1396656036377 -3.4e+38 -3.4e+38 -3.4e+38 -3.4e+38 -3.4e+38 -3.4e+38 -3.4e+38 -3.4e+38 -3.4e+38 -3.4e+38 -3.4e+38 -3.4e+38 -3.4e+38 -3.4e+38 -3.4e+38 -3.4e+38
5.42499971389771 6.06099987030029 5.77666664123535 9.6788330078125 11.2313327789307 11.1166667938232 11.0951671600342 11.4283332824707 11.5796661376953 11.8606662750244 11.3003330230713 11.5825004577637 11.5403337478638 11.5129995346069 11.2889995574951 15.4680004119873 14.3459997177124 13.559666633606 13.5058326721191 13.3798332214355 13.861499786377 14.25 15.4350004196167 12.3511667251587 13.9844999313354 15.1380004882812 14.8645000457764 15.3391666412354 15.7550001144409 16.1066665649414 16.2731666564941 16.2488327026367 16.0721664428711 16.2038326263428 16.4220008850098 16.5428333282471 16.3129997253418 16.36549949646 16.5340003967285 16.550666809082 16.2893333435059 16.431999206543 -3.4e+38 -3.4e+38 -3.4e+38 -3.4e+38 -3.4e+38 -3.4e+38 -3.4e+38 -3.4e+38 -3.4e+38 -3.4e+38 -3.4e+38 -3.4e+38 -3.4e+38 -3.4e+38 -3.4e+38 -3.4e+38
7.3973331451416 7.45916652679443 8.19383335113525 12.0830001831055 12.6535005569458 12.6394996643066 12.671667098999 12.6968336105347 12.7006664276123 12.7615003585815 12.4010000228882 12.3478336334229 12.0756664276123 11.5318336486816 15.7953329086304 14.1850004196167 13.1031665802002 13.0366668701172 13.2250003814697 13.345666885376 13.0086669921875 14.0528326034546 16.5151672363281 12.7775001525879 14.0429992675781 15.5063333511353 15.6704998016357 16.2051658630371 16.4388332366943 16.6081657409668 16.6803340911865 16.6035003662109 16.4261665344238 16.2623329162598 16.4938335418701 16.7053337097168 16.5049991607666 16.5323333740234 16.7361679077148 16.8068332672119 16.4839992523193 16.6555004119873 16.2945003509521 15.6763334274292 -3.4e+38 -3.4e+38 -3.4e+38 -3.4e+38 -3.4e+38 -3.4e+38 -3.4e+38 -3.4e+38 -3.4e+38 -3.4e+38 -3.4e+38 -3.4e+38 -3.4e+38 -3.4e+38
8.75816631317139 9.05016708374023 12.7669992446899 12.9833335876465 13.2943334579468 13.3533334732056 13.5516672134399 13.595666885376 13.5428333282471 13.3266668319702 13.0633335113525 12.5138330459595 11.5758333206177 10.844500541687 9.39233303070068 9.01783275604248 16.0111675262451 16.7049999237061 16.4981670379639 11.8893327713013 15.7611665725708 15.4551668167114 11.8148336410522 13.5205001831055 15.2201662063599 15.6446666717529 15.4568338394165 15.5305004119873 16.3201656341553 16.8964996337891 16.8145008087158 16.9398326873779 16.8001670837402 16.5693340301514 16.798999786377 16.8484992980957 16.6703338623047 16.5270004272461 16.7609996795654 16.7253341674805 16.6941661834717 16.7141666412354 16.6258335113525 16.4191665649414 16.0750007629395 -3.4e+38 -3.4e+38 -3.4e+38 -3.4e+38 -3.4e+38 -3.4e+38 -3.4e+38 -3.4e+38 -3.4e+38 -3.4e+38 -3.4e+38 -3.4e+38 -3.4e+38
9.15533351898193 12.8660001754761 13.2643327713013 13.5813331604004 13.8915004730225 14.0410003662109 14.1844997406006 14.0306663513184 13.5745000839233 12.996166229248 12.5973329544067 12.1653337478638 11.5333337783813 9.94883346557617 9.08549976348877 10.6508331298828 12.5196666717529 13.6246662139893 13.1599998474121 12.9373331069946 16.013500213623 12.5481662750244 14.3021669387817 15.4029998779297 15.9191665649414 15.6876668930054 15.7950000762939 16.1843338012695 16.681999206543 17.1206665039062 17.1726665496826 17.1800003051758 17.0831661224365 16.7953338623047 16.9009990692139 16.7945003509521 16.8148326873779 16.7586669921875 16.7835006713867 16.8583335876465 16.8201675415039 16.7140007019043 16.6458339691162 16.4333324432373 16.0891666412354 -3.4e+38 -3.4e+38 -3.4e+38 -3.4e+38 -3.4e+38 -3.4e+38 -3.4e+38 -3.4e+38 -3.4e+38 -3.4e+38 -3.4e+38 -3.4e+38 -3.4e+38
8.7805004119873 9.00583362579346 8.99783325195312 13.1984996795654 13.8273334503174 14.2086668014526 13.9989995956421 13.7024993896484 13.4531669616699 12.4685001373291 11.9413328170776 11.522500038147 10.4790000915527 9.739333152771 11.2969999313354 12.19700050354 13.8673334121704 14.8140001296997 15.0958337783813 15.3313331604004 15.1923332214355 15.1766662597656 15.5093336105347 15.8949995040894 16.4781665802002 16.521333694458 16.1321659088135 16.3193340301514 17.0616664886475 17.1944999694824 17.3983325958252 17.3784999847412 17.4861660003662 17.2581672668457 17.2480010986328 16.9301662445068 16.691499710083 17.1178340911865 17.1356658935547 16.8950004577637 16.820333480835 16.2781658172607 16.2035007476807 16.0238342285156 -3.4e+38 -3.4e+38 -3.4e+38 -3.4e+38 -3.4e+38 -3.4e+38 -3.4e+38 -3.4e+38 -3.4e+38 -3.4e+38 -3.4e+38 -3.4e+38 -3.4e+38 -3.4e+38
8.00133323669434 8.00033378601074 8.1245002746582 12.3200006484985 13.0093336105347 13.533166885376 13.2568330764771 12.7924995422363 12.662166595459 13.8133335113525 14.4196662902832 13.9901666641235 13.1248331069946 13.4370002746582 13.7326669692993 13.7259998321533 13.6646671295166 14.2290000915527 14.8591661453247 15.5441665649414 16.0136661529541 16.2178325653076 16.4518337249756 16.6651668548584 16.8408336639404 16.7738342285156 16.6706657409668 16.946834564209 17.2603340148926 17.3113327026367 17.4155006408691 17.3641662597656 17.4673328399658 17.3681659698486 17.3624992370605 16.8893337249756 16.992166519165 17.03733253479 16.7588329315186 15.9928331375122 16.3649997711182 16.0376663208008 15.922833442688 15.9856662750244 -3.4e+38 -3.4e+38 -3.4e+38 -3.4e+38 -3.4e+38 -3.4e+38 -3.4e+38 -3.4e+38 -3.4e+38 -3.4e+38 -3.4e+38 -3.4e+38 -3.4e+38 -3.4e+38
7.93233346939087 8.17700004577637 8.88533306121826 12.8731660842896 12.6466665267944 13.1215000152588 12.8159999847412 11.8889999389648 12.0523338317871 14.1081666946411 15.4151668548584 15.0853328704834 15.1708335876465 15.6630001068115 15.3516664505005 14.5965003967285 14.4460000991821 14.6868333816528 14.6623334884644 14.9981660842896 15.9341669082642 16.6068325042725 16.9621658325195 17.1083335876465 16.5283336639404 16.9396667480469 17.3581676483154 17.4405002593994 17.4711666107178 17.4316673278809 17.41233253479 17.3314990997314 17.417667388916 17.4580001831055 17.5046672821045 17.3223342895508 16.9925003051758 16.8543338775635 16.2743339538574 16.1591663360596 16.0258331298828 16.1389999389648 16.1226673126221 16.224666595459 -3.4e+38 -3.4e+38 -3.4e+38 -3.4e+38 -3.4e+38 -3.4e+38 -3.4e+38 -3.4e+38 -3.4e+38 -3.4e+38 -3.4e+38 -3.4e+38 -3.4e+38 -3.4e+38
8.19149971008301 8.66499996185303 9.17383289337158 8.87600040435791 12.0446662902832 12.2173337936401 12.537166595459 13.0513334274292 14.2086668014526 13.9053335189819 13.5594997406006 13.8316669464111 13.6923332214355 14.2581663131714 15.1549997329712 13.2131662368774 13.8731660842896 15.2491664886475 16.3493328094482 15.4903335571289 15.070333480835 16.3823337554932 17.0716667175293 17.2316665649414 16.943000793457 17.1105003356934 17.558666229248 17.5526676177979 17.5990009307861 17.5436668395996 17.353666305542 17.4259986877441 17.1618328094482 17.3401660919189 17.420166015625 17.226167678833 16.5166664123535 16.3565006256104 16.2541656494141 16.1943340301514 16.1513328552246 16.1426658630371 -3.4e+38 -3.4e+38 -3.4e+38 -3.4e+38 -3.4e+38 -3.4e+38 -3.4e+38 -3.4e+38 -3.4e+38 -3.4e+38 -3.4e+38 -3.4e+38 -3.4e+38 -3.4e+38 -3.4e+38 -3.4e+38
8.66266632080078 9.09666633605957 9.53466701507568 10.242000579834 12.9388332366943 13.0568332672119 13.627833366394 13.6248331069946 13.4023332595825 13.1406660079956 13.3158330917358 13.8251667022705 14.6545000076294 15.8121671676636 16.6813335418701 15.9953336715698 15.7256660461426 16.9206676483154 16.9711666107178 16.9181671142578 15.3009996414185 15.1816673278809 16.0991668701172 16.8726673126221 16.7761669158936 17.4501667022705 17.6023330688477 17.6003341674805 17.5423336029053 17.2760009765625 16.7695007324219 16.4155006408691 16.1690006256104 16.304500579834 16.5676670074463 17.1765003204346 -3.4e+38 -3.4e+38 -3.4e+38 -3.4e+38 -3.4e+38 -3.4e+38 -3.4e+38 -3.4e+38 -3.4e+38 -3.4e+38 -3.4e+38 -3.4e+38 -3.4e+38 -3.4e+38 -3.4e+38 -3.4e+38 -3.4e+38 -3.4e+38 -3.4e+38 -3.4e+38 -3.4e+38 -3.4e+38
8.65950012207031 8.81983375549316 9.65966701507568 10.7196664810181 14.4238338470459 14.3169994354248 13.8400001525879 13.4301662445068 14.2025003433228 13.9901666641235 13.1818332672119 13.0895004272461 13.3123331069946 14.2396669387817 15.4953336715698 16.720832824707 17.2011661529541 17.5361671447754 17.400333404541 17.3713340759277 16.1630001068115 15.7896671295166 16.5965003967285 16.4768333435059 16.3390007019043 17.0696659088135 17.6011657714844 17.6229991912842 17.4020004272461 17.0126667022705 16.3056659698486 16.4456672668457 16.4808330535889 16.5638332366943 16.7124996185303 -3.4e+38 -3.4e+38 -3.4e+38 -3.4e+38 -3.4e+38 -3.4e+38 -3.4e+38 -3.4e+38 -3.4e+38 -3.4e+38 -3.4e+38 -3.4e+38 -3.4e+38 -3.4e+38 -3.4e+38 -3.4e+38 -3.4e+38 -3.4e+38 -3.4e+38 -3.4e+38 -3.4e+38 -3.4e+38 -3.4e+38
8.71449947357178 8.34466648101807 9.39599990844727 9.66800022125244 13.4156665802002 15.4546670913696 15.550666809082 15.2596664428711 14.2841663360596 13.52649974823 13.8811664581299 13.30299949646 13.7568330764771 14.4141664505005 15.1506662368774 15.4618339538574 16.4890003204346 17.3986663818359 17.6784992218018 17.6523342132568 17.2638339996338 15.2693328857422 15.3781661987305 17.0779991149902 16.7900009155273 17.1433334350586 17.6023330688477 17.5381660461426 17.1961669921875 16.7915000915527 16.50950050354 16.8201656341553 16.9971675872803 17.0561676025391 -3.4e+38 -3.4e+38 -3.4e+38 -3.4e+38 -3.4e+38 -3.4e+38 -3.4e+38 -3.4e+38 -3.4e+38 -3.4e+38 -3.4e+38 -3.4e+38 -3.4e+38 -3.4e+38 -3.4e+38 -3.4e+38 -3.4e+38 -3.4e+38 -3.4e+38 -3.4e+38 -3.4e+38 -3.4e+38 -3.4e+38 -3.4e+38
8.56233310699463 7.95900011062622 10.2519998550415 10.7694997787476 14.8446664810181 16.2156658172607 16.2251663208008 16.0223331451416 14.9084997177124 13.977499961853 14.2003335952759 13.7931661605835 13.9811668395996 14.8213338851929 15.3763332366943 17.0011672973633 17.6971664428711 17.969165802002 17.9813327789307 18.0995006561279 18.1586666107178 17.6935005187988 15.7266664505005 17.0799999237061 17.3721675872803 17.3346672058105 17.5604991912842 17.332332611084 17.105167388916 16.8544998168945 16.7986660003662 17.1008338928223 17.355167388916 -3.4e+38 -3.4e+38 -3.4e+38 -3.4e+38 -3.4e+38 -3.4e+38 -3.4e+38 -3.4e+38 -3.4e+38 -3.4e+38 -3.4e+38 -3.4e+38 -3.4e+38 -3.4e+38 -3.4e+38 -3.4e+38 -3.4e+38 -3.4e+38 -3.4e+38 -3.4e+38 -3.4e+38 -3.4e+38 -3.4e+38 -3.4e+38 -3.4e+38
10.2130002975464 10.6598329544067 12.1563329696655 16.3050003051758 16.8433322906494 17.4208335876465 17.3409996032715 17.2838344573975 15.9903335571289 14.5739994049072 15.1908330917358 15.5656661987305 15.9305000305176 16.5016670227051 17.2661666870117 17.5106678009033 17.7189998626709 18.0944995880127 18.2649993896484 18.304666519165 18.3438339233398 18.1266670227051 16.545166015625 16.8894996643066 17.7520008087158 17.7266654968262 17.554666519165 17.3071670532227 17.326000213623 17.0926666259766 -3.4e+38 -3.4e+38 -3.4e+38 -3.4e+38 -3.4e+38 -3.4e+38 -3.4e+38 -3.4e+38 -3.4e+38 -3.4e+38 -3.4e+38 -3.4e+38 -3.4e+38 -3.4e+38 -3.4e+38 -3.4e+38 -3.4e+38 -3.4e+38 -3.4e+38 -3.4e+38 -3.4e+38 -3.4e+38 -3.4e+38 -3.4e+38 -3.4e+38 -3.4e+38 -3.4e+38 -3.4e+38
12.6066665649414 13.4618330001831 13.5751667022705 16.4291667938232 15.8961668014526 17.0246658325195 16.886833190918 17.5113334655762 16.7546672821045 15.3426666259766 15.8544998168945 16.5258331298828 16.992000579834 16.6695003509521 16.3181667327881 16.9278335571289 17.2271671295166 17.3271675109863 17.7498321533203 17.607666015625 17.6789989471436 17.878833770752 17.9646663665771 17.4458332061768 17.4818325042725 18.0260009765625 17.5843334197998 17.3854999542236 17.4773330688477 -3.4e+38 -3.4e+38 -3.4e+38 -3.4e+38 -3.4e+38 -3.4e+38 -3.4e+38 -3.4e+38 -3.4e+38 -3.4e+38 -3.4e+38 -3.4e+38 -3.4e+38 -3.4e+38 -3.4e+38 -3.4e+38 -3.4e+38 -3.4e+38 -3.4e+38 -3.4e+38 -3.4e+38 -3.4e+38 -3.4e+38 -3.4e+38 -3.4e+38 -3.4e+38 -3.4e+38 -3.4e+38 -3.4e+38
14.0229997634888 13.8903331756592 14.1663331985474 18.1983337402344 18.0954990386963 18.236665725708 17.3301658630371 16.3926658630371 17.136833190918 16.3918323516846 16.3783340454102 16.4990005493164 16.3761672973633 16.2133331298828 16.5970001220703 16.9503326416016 17.617166519165 17.9645004272461 18.6073322296143 18.4495010375977 18.4056663513184 18.5241661071777 18.0356674194336 18.0354995727539 17.6483325958252 18.0106658935547 17.7076663970947 -3.4e+38 -3.4e+38 -3.4e+38 -3.4e+38 -3.4e+38 -3.4e+38 -3.4e+38 -3.4e+38 -3.4e+38 -3.4e+38 -3.4e+38 -3.4e+38 -3.4e+38 -3.4e+38 -3.4e+38 -3.4e+38 -3.4e+38 -3.4e+38 -3.4e+38 -3.4e+38 -3.4e+38 -3.4e+38 -3.4e+38 -3.4e+38 -3.4e+38 -3.4e+38 -3.4e+38 -3.4e+38 -3.4e+38 -3.4e+38 -3.4e+38
14.0211668014526 13.6568336486816 18.326000213623 18.5301666259766 18.5248336791992 18.6038341522217 18.4886665344238 17.9820003509521 16.7788333892822 18.0168323516846 19.1399993896484 19.2919998168945 19.1564998626709 18.8754997253418 18.5076675415039 18.1188335418701 17.9116668701172 18.6366672515869 18.7961673736572 18.7683334350586 18.6040000915527 18.6776676177979 18.2778339385986 18.5104999542236 18.2666664123535 18.1415004730225 -3.4e+38 -3.4e+38 -3.4e+38 -3.4e+38 -3.4e+38 -3.4e+38 -3.4e+38 -3.4e+38 -3.4e+38 -3.4e+38 -3.4e+38 -3.4e+38 -3.4e+38 -3.4e+38 -3.4e+38 -3.4e+38 -3.4e+38 -3.4e+38 -3.4e+38 -3.4e+38 -3.4e+38 -3.4e+38 -3.4e+38 -3.4e+38 -3.4e+38 -3.4e+38 -3.4e+38 -3.4e+38 -3.4e+38 -3.4e+38 -3.4e+38 -3.4e+38
18.30299949646 18.1561660766602 18.7264995574951 18.5400009155273 18.015998840332 18.7016677856445 18.7931671142578 18.9596672058105 19.0004997253418 19.1713333129883 19.2718334197998 19.3876667022705 19.3816661834717 19.3186664581299 19.0716667175293 18.9934997558594 18.8978328704834 18.8998336791992 18.9313335418701 18.9204998016357 18.8138332366943 18.78733253479 18.6846675872803 18.6511669158936 18.4990005493164 -3.4e+38 -3.4e+38 -3.4e+38 -3.4e+38 -3.4e+38 -3.4e+38 -3.4e+38 -3.4e+38 -3.4e+38 -3.4e+38 -3.4e+38 -3.4e+38 -3.4e+38 -3.4e+38 -3.4e+38 -3.4e+38 -3.4e+38 -3.4e+38 -3.4e+38 -3.4e+38 -3.4e+38 -3.4e+38 -3.4e+38 -3.4e+38 -3.4e+38 -3.4e+38 -3.4e+38 -3.4e+38 -3.4e+38 -3.4e+38 -3.4e+38 -3.4e+38 -3.4e+38
18.5883331298828 18.8509998321533 18.9938335418701 18.6803340911865 18.9873332977295 19.0895004272461 18.9838333129883 19.030834197998 19.1714992523193 19.2245006561279 19.2143325805664 19.2898330688477 19.3698329925537 19.3728332519531 19.2355003356934 19.1135005950928 19.0314998626709 19.0189990997314 19.0473327636719 19.0294990539551 18.9433326721191 18.8723335266113 18.8500003814697 18.7228336334229 -3.4e+38 -3.4e+38 -3.4e+38 -3.4e+38 -3.4e+38 -3.4e+38 -3.4e+38 -3.4e+38 -3.4e+38 -3.4e+38 -3.4e+38 -3.4e+38 -3.4e+38 -3.4e+38 -3.4e+38 -3.4e+38 -3.4e+38 -3.4e+38 -3.4e+38 -3.4e+38 -3.4e+38 -3.4e+38 -3.4e+38 -3.4e+38 -3.4e+38 -3.4e+38 -3.4e+38 -3.4e+38 -3.4e+38 -3.4e+38 -3.4e+38 -3.4e+38 -3.4e+38 -3.4e+38
15.3846664428711 19.0244998931885 19.003999710083 19.2205009460449 19.2934989929199 19.3255004882812 19.1901664733887 19.1793346405029 19.1875 19.0866661071777 19.1205005645752 19.130500793457 19.1986656188965 19.2043342590332 19.2271671295166 19.1903324127197 19.1656665802002 19.1499996185303 19.1308345794678 19.0610008239746 18.9615001678467 18.9400005340576 18.8911666870117 -3.4e+38 -3.4e+38 -3.4e+38 -3.4e+38 -3.4e+38 -3.4e+38 -3.4e+38 -3.4e+38 -3.4e+38 -3.4e+38 -3.4e+38 -3.4e+38 -3.4e+38 -3.4e+38 -3.4e+38 -3.4e+38 -3.4e+38 -3.4e+38 -3.4e+38 -3.4e+38 -3.4e+38 -3.4e+38 -3.4e+38 -3.4e+38 -3.4e+38 -3.4e+38 -3.4e+38 -3.4e+38 -3.4e+38 -3.4e+38 -3.4e+38 -3.4e+38 -3.4e+38 -3.4e+38 -3.4e+38
