rasters/Morocco_bio10.asc
NCOLS 192 
NROWS 174 
XLLCORNER -17.013743324 
YLLCORNER 21.41997106 
CELLSIZE 0.083238249234375 
NODATA_value -3.4e+38 
[rows 75 to 99 of 174, columns 58 to 115 of 192]
-3.4e+38 -3.4e+38 -3.4e+38 -3.4e+38 -3.4e+38 -3.4e+38 -3.4e+38 -3.4e+38 -3.4e+38 -3.4e+38 -3.4e+38 -3.4e+38 -3.4e+38 -3.4e+38 -3.4e+38 -3.4e+38 -3.4e+38 -3.4e+38 -3.4e+38 -3.4e+38 -3.4e+38 -3.4e+38 -3.4e+38 -3.4e+38 -3.4e+38 -3.4e+38 22.3807563781738 22.6774997711182 23.3675003051758 23.4811668395996 23.65016746521 23.9651660919189 23.9956665039062 23.8586654663086 23.1129989624023 22.5808334350586 23.5571670532227 23.6258335113525 22.4408340454102 21.6215000152588 22.0381660461426 21.7443332672119 22.951000213623 24.8391666412354 26.4388332366943 27.3083343505859 28.2568340301514 28.7830009460449 28.7716674804688 29.9193325042725 30.4130001068115 30.8473339080811 31.2221660614014 31.4616661071777 31.8715000152588 32.068000793457 32.0664978027344 32.3375015258789
-3.4e+38 -3.4e+38 -3.4e+38 -3.4e+38 -3.4e+38 -3.4e+38 -3.4e+38 -3.4e+38 -3.4e+38 -3.4e+38 -3.4e+38 -3.4e+38 -3.4e+38 -3.4e+38 -3.4e+38 -3.4e+38 -3.4e+38 -3.4e+38 -3.4e+38 -3.4e+38 -3.4e+38 -3.4e+38 -3.4e+38 -3.4e+38 -3.4e+38 22.2621803283691 22.4641666412354 22.708667755127 23.1843338012695 23.2059993743896 23.1030006408691 23.7705001831055 24.3990001678467 23.1353340148926 22.1513328552246 22.2746658325195 22.2913341522217 22.3398323059082 22.1416664123535 22.7374992370605 23.5968322753906 24.0096664428711 25.5116672515869 26.3863334655762 26.451000213623 27.6841659545898 28.8445014953613 29.0933322906494 29.5381660461426 30.4056663513184 30.8998336791992 31.2318344116211 31.5673332214355 31.871000289917 32.1230010986328 32.320499420166 32.3891677856445 32.7146682739258
-3.4e+38 -3.4e+38 -3.4e+38 -3.4e+38 -3.4e+38 -3.4e+38 -3.4e+38 -3.4e+38 -3.4e+38 -3.4e+38 -3.4e+38 -3.4e+38 -3.4e+38 -3.4e+38 -3.4e+38 -3.4e+38 -3.4e+38 -3.4e+38 -3.4e+38 -3.4e+38 -3.4e+38 -3.4e+38 -3.4e+38 -3.4e+38 21.36767578125 22.0990009307861 22.9976654052734 22.769832611084 22.6870002746582 22.7568321228027 22.400333404541 23.2175006866455 23.9378337860107 22.1140003204346 21.8273334503174 21.8581676483154 22.3365001678467 23.1394996643066 23.3653335571289 24.3950004577637 25.3229999542236 26.142333984375 26.7501678466797 27.287166595459 27.0321674346924 28.3638324737549 29.156665802002 28.818000793457 29.7296657562256 30.8290004730225 31.1490001678467 31.3891658782959 31.605167388916 31.9863319396973 32.2649993896484 32.4619979858398 32.5931663513184 32.9171676635742
-3.4e+38 -3.4e+38 -3.4e+38 -3.4e+38 -3.4e+38 -3.4e+38 -3.4e+38 -3.4e+38 -3.4e+38 -3.4e+38 -3.4e+38 -3.4e+38 -3.4e+38 -3.4e+38 -3.4e+38 -3.4e+38 -3.4e+38 -3.4e+38 -3.4e+38 -3.4e+38 -3.4e+38 -3.4e+38 -3.4e+38 -3.4e+38 21.9981098175049 22.6988334655762 23.2708339691162 22.5726661682129 22.5183334350586 22.1763343811035 22.0494995117188 22.279333114624 22.1023330688477 21.7243328094482 21.8011665344238 22.1749992370605 22.5353336334229 23.207332611084 24.0416660308838 25.162166595459 26.3448333740234 26.4208335876465 26.9790000915527 27.6896667480469 27.9654998779297 28.9653339385986 29.4685001373291 30.0353336334229 30.628999710083 31.1725006103516 31.4033336639404 31.6791648864746 31.8600006103516 32.1406669616699 -3.4e+38 -3.4e+38 -3.4e+38 -3.4e+38
-3.4e+38 -3.4e+38 -3.4e+38 -3.4e+38 -3.4e+38 -3.4e+38 -3.4e+38 -3.4e+38 -3.4e+38 -3.4e+38 -3.4e+38 -3.4e+38 -3.4e+38 -3.4e+38 -3.4e+38 -3.4e+38 -3.4e+38 -3.4e+38 -3.4e+38 -3.4e+38 -3.4e+38 -3.4e+38 -3.4e+38 21.7903614044189 22.521333694458 22.8990001678467 23.0403327941895 22.7076663970947 22.6316661834717 22.1766662597656 22.0114994049072 21.8945007324219 22.0936660766602 22.2231674194336 23.1226673126221 23.4790000915527 23.4755001068115 23.8964996337891 24.9110012054443 25.4913330078125 26.6186656951904 27.2866668701172 27.5401668548584 28.6275005340576 29.2866668701172 29.8194999694824 30.2198333740234 30.4656658172607 30.8894996643066 31.3773326873779 31.6518325805664 31.8843326568604 32.1213340759277 -3.4e+38 -3.4e+38 -3.4e+38 -3.4e+38 -3.4e+38
-3.4e+38 -3.4e+38 -3.4e+38 -3.4e+38 -3.4e+38 -3.4e+38 -3.4e+38 -3.4e+38 -3.4e+38 -3.4e+38 -3.4e+38 -3.4e+38 -3.4e+38 -3.4e+38 -3.4e+38 -3.4e+38 -3.4e+38 -3.4e+38 -3.4e+38 -3.4e+38 -3.4e+38 -3.4e+38 21.9939861297607 22.0726661682129 22.3498344421387 22.3938331604004 22.724666595459 23.3071670532227 22.9833335876465 23.2339992523193 23.1898345947266 23.3549995422363 23.3863334655762 23.8004989624023 24.6525001525879 24.6638336181641 24.5728340148926 24.9088325500488 25.8041667938232 25.8916664123535 27.0984992980957 28.1140003204346 28.7434997558594 29.4348335266113 29.9734992980957 30.2711658477783 30.343334197998 30.5131664276123 31.1016654968262 31.4976654052734 31.7676658630371 -3.4e+38 -3.4e+38 -3.4e+38 -3.4e+38 -3.4e+38 -3.4e+38 -3.4e+38
-3.4e+38 -3.4e+38 -3.4e+38 -3.4e+38 -3.4e+38 -3.4e+38 -3.4e+38 -3.4e+38 -3.4e+38 -3.4e+38 -3.4e+38 -3.4e+38 -3.4e+38 -3.4e+38 -3.4e+38 -3.4e+38 -3.4e+38 -3.4e+38 -3.4e+38 -3.4e+38 -3.4e+38 22.3548393249512 22.6243324279785 22.6973342895508 22.7825012207031 23.0430011749268 23.308500289917 23.6788330078125 23.8181667327881 24.0083332061768 24.0871658325195 24.1088333129883 24.3705005645752 24.8159999847412 25.3903331756592 25.4549999237061 25.7113342285156 25.9919986724854 26.8395004272461 27.4093341827393 27.8138332366943 28.5779991149902 29.4101676940918 29.7280006408691 30.1063346862793 30.4776668548584 30.7543334960938 31.2031669616699 31.3596668243408 31.6585006713867 -3.4e+38 -3.4e+38 -3.4e+38 -3.4e+38 -3.4e+38 -3.4e+38 -3.4e+38 -3.4e+38
-3.4e+38 -3.4e+38 -3.4e+38 -3.4e+38 -3.4e+38 -3.4e+38 -3.4e+38 -3.4e+38 -3.4e+38 -3.4e+38 -3.4e+38 -3.4e+38 -3.4e+38 -3.4e+38 -3.4e+38 -3.4e+38 -3.4e+38 -3.4e+38 -3.4e+38 -3.4e+38 22.5233345031738 22.9985008239746 23.2366676330566 23.5991668701172 23.7161674499512 23.658166885376 23.515832901001 23.5089988708496 24.0013332366943 24.3493328094482 24.4143333435059 24.4125003814697 24.9629993438721 25.2256660461426 25.2616672515869 24.8683338165283 25.6921653747559 26.7518329620361 27.5723323822021 28.2054996490479 28.8386669158936 29.3985004425049 29.3239994049072 28.9274997711182 30.2615013122559 30.8375015258789 31.166332244873 31.4026679992676 -3.4e+38 -3.4e+38 -3.4e+38 -3.4e+38 -3.4e+38 -3.4e+38 -3.4e+38 -3.4e+38 -3.4e+38 -3.4e+38
-3.4e+38 -3.4e+38 -3.4e+38 -3.4e+38 -3.4e+38 -3.4e+38 -3.4e+38 -3.4e+38 -3.4e+38 -3.4e+38 -3.4e+38 -3.4e+38 -3.4e+38 -3.4e+38 -3.4e+38 -3.4e+38 -3.4e+38 -3.4e+38 22.8009796142578 22.7876739501953 22.8883323669434 23.3703327178955 23.7029991149902 23.9133338928223 24.0368328094482 24.0205001831055 23.9713325500488 24.2668342590332 24.5330009460449 24.216833114624 24.5408325195312 25.0638332366943 25.2311668395996 25.3488330841064 24.9258327484131 25.4884986877441 26.8643341064453 27.3961658477783 27.8951663970947 28.970666885376 29.4323329925537 29.7805004119873 29.6158332824707 30.2411670684814 30.7355003356934 31.0139999389648 -3.4e+38 -3.4e+38 -3.4e+38 -3.4e+38 -3.4e+38 -3.4e+38 -3.4e+38 -3.4e+38 -3.4e+38 -3.4e+38 -3.4e+38 -3.4e+38
-3.4e+38 -3.4e+38 -3.4e+38 -3.4e+38 -3.4e+38 -3.4e+38 -3.4e+38 -3.4e+38 -3.4e+38 -3.4e+38 -3.4e+38 -3.4e+38 -3.4e+38 -3.4e+38 -3.4e+38 -3.4e+38 22.5086669921875 22.7023811340332 23.0106658935547 23.1946678161621 23.6181678771973 23.7156677246094 24.0016670227051 24.0459995269775 23.8183326721191 23.691499710083 23.5613327026367 24.3081665039062 24.7273330688477 24.484167098999 24.628833770752 24.6100006103516 25.5171661376953 25.7881660461426 25.7201671600342 26.6060009002686 26.5968322753906 27.9076671600342 28.9860000610352 29.5016670227051 29.8784999847412 30.0073337554932 30.3808326721191 30.8013343811035 31.0109996795654 -3.4e+38 -3.4e+38 -3.4e+38 -3.4e+38 -3.4e+38 -3.4e+38 -3.4e+38 -3.4e+38 -3.4e+38 -3.4e+38 -3.4e+38 -3.4e+38 -3.4e+38
-3.4e+38 -3.4e+38 -3.4e+38 -3.4e+38 -3.4e+38 -3.4e+38 -3.4e+38 -3.4e+38 -3.4e+38 -3.4e+38 -3.4e+38 -3.4e+38 -3.4e+38 -3.4e+38 22.6111106872559 22.7871932983398 22.980167388916 22.9423332214355 23.0893325805664 23.5341663360596 23.7313327789307 23.9153327941895 24.2239990234375 24.0891666412354 23.5370006561279 23.2471675872803 23.6253337860107 24.8889999389648 25.3815002441406 25.3680000305176 25.0221672058105 24.8151664733887 25.9073333740234 25.7498321533203 26.4068336486816 27.3055000305176 28.1746673583984 29.2216663360596 29.4376678466797 29.7051658630371 29.9885005950928 30.2491664886475 30.6223335266113 30.9731674194336 -3.4e+38 -3.4e+38 -3.4e+38 -3.4e+38 -3.4e+38 -3.4e+38 -3.4e+38 -3.4e+38 -3.4e+38 -3.4e+38 -3.4e+38 -3.4e+38 -3.4e+38 -3.4e+38
-3.4e+38 -3.4e+38 -3.4e+38 -3.4e+38 -3.4e+38 -3.4e+38 -3.4e+38 -3.4e+38 -3.4e+38 -3.4e+38 -3.4e+38 -3.4e+38 -3.4e+38 22.6625003814697 22.8098335266113 22.7771663665771 23.0949993133545 23.2250003814697 23.3786659240723 23.5568332672119 23.2994995117188 24.1143341064453 23.9908332824707 23.5573329925537 23.2248344421387 23.4925003051758 24.4238338470459 25.2878341674805 25.2671661376953 25.2310009002686 24.6741676330566 24.9306678771973 26.0480003356934 26.5368328094482 27.7358322143555 28.4259986877441 29.0793342590332 29.4699993133545 29.7368335723877 29.9468326568604 30.3081665039062 30.6588344573975 -3.4e+38 -3.4e+38 -3.4e+38 -3.4e+38 -3.4e+38 -3.4e+38 -3.4e+38 -3.4e+38 -3.4e+38 -3.4e+38 -3.4e+38 -3.4e+38 -3.4e+38 -3.4e+38 -3.4e+38 -3.4e+38
-3.4e+38 -3.4e+38 -3.4e+38 -3.4e+38 -3.4e+38 -3.4e+38 -3.4e+38 -3.4e+38 -3.4e+38 -3.4e+38 -3.4e+38 -3.4e+38 22.9403781890869 23.0096664428711 23.1383323669434 23.1821670532227 23.1515007019043 23.3556671142578 23.6823329925537 23.7296657562256 23.5240001678467 23.1000003814697 23.07200050354 23.3561668395996 23.3926658630371 23.8636665344238 24.5641670227051 24.6708335876465 24.5235004425049 24.8906669616699 24.6655006408691 25.8934993743896 27.5983333587646 28.2975006103516 28.8506660461426 29.0618343353271 29.3763332366943 29.6334991455078 30.0131683349609 30.1713333129883 30.3228340148926 30.6798324584961 -3.4e+38 -3.4e+38 -3.4e+38 -3.4e+38 -3.4e+38 -3.4e+38 -3.4e+38 -3.4e+38 -3.4e+38 -3.4e+38 -3.4e+38 -3.4e+38 -3.4e+38 -3.4e+38 -3.4e+38 -3.4e+38
-3.4e+38 -3.4e+38 -3.4e+38 -3.4e+38 -3.4e+38 -3.4e+38 -3.4e+38 -3.4e+38 -3.4e+38 -3.4e+38 -3.4e+38 22.8577442169189 23.1751670837402 23.9276657104492 23.9213333129883 23.7906665802002 23.6603336334229 23.7323341369629 23.7626667022705 23.6721668243408 23.3521671295166 23.2886657714844 23.578332901001 23.9580001831055 23.8331661224365 24.2351665496826 24.4475002288818 24.9096660614014 25.4829998016357 25.4323329925537 25.8261661529541 27.2309989929199 28.1931667327881 28.4636669158936 28.8759994506836 29.2463340759277 29.5284996032715 29.7983322143555 29.9738330841064 30.1569995880127 30.6484985351562 30.88450050354 -3.4e+38 -3.4e+38 -3.4e+38 -3.4e+38 -3.4e+38 -3.4e+38 -3.4e+38 -3.4e+38 -3.4e+38 -3.4e+38 -3.4e+38 -3.4e+38 -3.4e+38 -3.4e+38 -3.4e+38 -3.4e+38
-3.4e+38 -3.4e+38 -3.4e+38 -3.4e+38 -3.4e+38 -3.4e+38 -3.4e+38 -3.4e+38 -3.4e+38 -3.4e+38 23.1278324127197 23.1280002593994 23.699333190918 23.9686660766602 23.8261661529541 24.3248329162598 24.6271667480469 24.6879997253418 24.8128337860107 24.1708335876465 24.0573329925537 24.3798332214355 24.3924999237061 24.2880001068115 24.8111667633057 25.3778324127197 25.503999710083 26.4400005340576 26.8210010528564 27.0690002441406 27.5576667785645 28.0343341827393 28.3431663513184 28.5898323059082 28.9983329772949 29.353666305542 29.5203323364258 29.7520008087158 30.1406669616699 30.4610004425049 30.4309997558594 29.9671669006348 -3.4e+38 -3.4e+38 -3.4e+38 -3.4e+38 -3.4e+38 -3.4e+38 -3.4e+38 -3.4e+38 -3.4e+38 -3.4e+38 -3.4e+38 -3.4e+38 -3.4e+38 -3.4e+38 -3.4e+38 -3.4e+38
-3.4e+38 -3.4e+38 -3.4e+38 -3.4e+38 -3.4e+38 -3.4e+38 -3.4e+38 -3.4e+38 -3.4e+38 23.2412376403809 23.2631664276123 23.2111663818359 23.8831672668457 23.8636665344238 23.9361667633057 24.1548328399658 24.2103328704834 24.6043338775635 24.6766662597656 24.5839996337891 24.595666885376 25.1926670074463 25.4365005493164 25.8994998931885 26.5345001220703 26.8448333740234 26.9976673126221 27.2438335418701 27.2606658935547 27.2558326721191 27.5034999847412 27.7471656799316 28.3460006713867 28.8498344421387 29.2608337402344 29.7151660919189 29.863000869751 30.1844997406006 30.3931655883789 30.2543334960938 29.5763339996338 29.5834999084473 -3.4e+38 -3.4e+38 -3.4e+38 -3.4e+38 -3.4e+38 -3.4e+38 -3.4e+38 -3.4e+38 -3.4e+38 -3.4e+38 -3.4e+38 -3.4e+38 -3.4e+38 -3.4e+38 -3.4e+38 -3.4e+38
-3.4e+38 -3.4e+38 -3.4e+38 -3.4e+38 -3.4e+38 -3.4e+38 -3.4e+38 23.3496742248535 23.1707897186279 23.0086669921875 23.2999992370605 23.4640007019043 23.8276672363281 23.7863330841064 23.9476661682129 23.7041664123535 23.2329998016357 23.8791656494141 24.5723323822021 25.2528324127197 25.88450050354 26.4400005340576 26.4794998168945 26.6513328552246 26.6844997406006 26.5795001983643 26.6081657409668 26.7416667938232 26.9916667938232 27.4208335876465 27.8588333129883 28.2405014038086 28.5923328399658 28.9126663208008 29.1603336334229 29.4570007324219 29.5376663208008 29.7709999084473 30.1358337402344 29.8063335418701 29.3916664123535 29.6469993591309 -3.4e+38 -3.4e+38 -3.4e+38 -3.4e+38 -3.4e+38 -3.4e+38 -3.4e+38 -3.4e+38 -3.4e+38 -3.4e+38 -3.4e+38 -3.4e+38 -3.4e+38 -3.4e+38 -3.4e+38 -3.4e+38
-3.4e+38 -3.4e+38 -3.4e+38 -3.4e+38 -3.4e+38 23.2448863983154 23.2173328399658 23.1619987487793 23.5386657714844 23.2801666259766 23.4939994812012 23.771167755127 23.7296676635742 23.5991668701172 23.3020000457764 23.5853328704834 24.1876659393311 25.3296661376953 25.9553337097168 25.7316665649414 25.1978340148926 25.2721672058105 25.5041675567627 25.7041664123535 25.9871673583984 26.7215003967285 27.1388320922852 27.3863334655762 27.630500793457 27.7513332366943 28.0086669921875 28.2581672668457 28.5268325805664 28.9038333892822 29.2733325958252 29.2858333587646 29.4324989318848 29.3578338623047 29.4561653137207 29.4458332061768 29.6156673431396 29.9124984741211 -3.4e+38 -3.4e+38 -3.4e+38 -3.4e+38 -3.4e+38 -3.4e+38 -3.4e+38 -3.4e+38 -3.4e+38 -3.4e+38 -3.4e+38 -3.4e+38 -3.4e+38 -3.4e+38 -3.4e+38 -3.4e+38
-3.4e+38 -3.4e+38 23.0673427581787 23.195499420166 23.1056671142578 23.0284996032715 22.8903331756592 23.0578327178955 23.7604999542236 24.0678329467773 24.0368347167969 23.9073333740234 23.6936664581299 23.4466667175293 23.8658332824707 24.6998329162598 25.4134998321533 25.9371662139893 25.1801662445068 24.7023334503174 25.0911655426025 25.4178333282471 25.9274997711182 26.4883327484131 26.8763332366943 27.1618328094482 27.3074989318848 27.5421657562256 27.8276672363281 27.9241676330566 28.1878337860107 28.2478332519531 28.4080009460449 28.7666664123535 29.3194999694824 29.0900001525879 29.125 29.041166305542 29.2003326416016 29.5509986877441 29.8796672821045 30.1718330383301 -3.4e+38 -3.4e+38 -3.4e+38 -3.4e+38 -3.4e+38 -3.4e+38 -3.4e+38 -3.4e+38 -3.4e+38 -3.4e+38 -3.4e+38 -3.4e+38 -3.4e+38 -3.4e+38 -3.4e+38 -3.4e+38
23.2283687591553 22.7789993286133 22.882833480835 23.0831661224365 23.1208324432373 23.0453338623047 23.0063323974609 23.4265003204346 23.8841667175293 24.3706665039062 24.0898342132568 23.7923336029053 23.6354999542236 23.9408340454102 24.7513332366943 25.2786674499512 25.4900016784668 25.0468330383301 24.9646663665771 25.5004997253418 25.541166305542 25.8248329162598 26.3036670684814 26.5376663208008 26.7754993438721 27.128999710083 27.2898330688477 27.570333480835 27.7438335418701 27.9218330383301 28.0833339691162 28.0728340148926 28.1280002593994 28.5533332824707 29.1498336791992 28.9291667938232 28.9044990539551 29.1483325958252 29.4741668701172 29.8036670684814 30.058500289917 30.3623332977295 -3.4e+38 -3.4e+38 -3.4e+38 -3.4e+38 -3.4e+38 -3.4e+38 -3.4e+38 -3.4e+38 -3.4e+38 -3.4e+38 -3.4e+38 -3.4e+38 -3.4e+38 -3.4e+38 -3.4e+38 -3.4e+38
22.8768329620361 22.763500213623 23.0690002441406 23.1814994812012 23.2268333435059 23.1358337402344 23.2066669464111 23.5921669006348 24.1883335113525 24.2596664428711 23.9416656494141 23.9376678466797 24.4258327484131 24.7773342132568 25.0518341064453 25.3495006561279 25.2845001220703 25.0144996643066 25.3528327941895 25.8231658935547 26.1375007629395 26.2581672668457 26.34716796875 26.554500579834 26.9056663513184 27.0338344573975 27.09033203125 27.3214988708496 27.5104999542236 27.6364994049072 27.7485008239746 27.7849998474121 27.8588333129883 28.2313346862793 28.7141666412354 28.8575000762939 29.1658325195312 29.4228324890137 29.679666519165 29.9818325042725 30.2644996643066 30.5475006103516 -3.4e+38 -3.4e+38 -3.4e+38 -3.4e+38 -3.4e+38 -3.4e+38 -3.4e+38 -3.4e+38 -3.4e+38 -3.4e+38 -3.4e+38 -3.4e+38 -3.4e+38 -3.4e+38 -3.4e+38 -3.4e+38
23.3448333740234 23.0551662445068 23.2418327331543 23.2695007324219 23.2616672515869 23.4096660614014 23.4273338317871 23.7895011901855 24.1158332824707 24.0415000915527 23.9118328094482 24.7094993591309 24.9898338317871 25.1280002593994 25.2045001983643 25.4281673431396 25.6146659851074 25.1268329620361 25.4383335113525 25.6623344421387 25.970666885376 26.2011680603027 26.2408332824707 26.3256664276123 26.5653324127197 26.7501678466797 26.9290008544922 27.0771675109863 27.3411674499512 27.5136680603027 27.9198341369629 28.0094985961914 28.1975002288818 28.5418338775635 28.8133335113525 29.0926666259766 29.3854999542236 29.5928325653076 29.824333190918 30.0428333282471 30.3851661682129 30.7001667022705 -3.4e+38 -3.4e+38 -3.4e+38 -3.4e+38 -3.4e+38 -3.4e+38 -3.4e+38 -3.4e+38 -3.4e+38 -3.4e+38 -3.4e+38 -3.4e+38 -3.4e+38 -3.4e+38 -3.4e+38 -3.4e+38
23.2609996795654 23.1690006256104 23.2660007476807 23.212833404541 23.2478332519531 23.4803333282471 23.7726669311523 24.0043334960938 24.0221672058105 24.4893341064453 24.9303321838379 25.2851657867432 25.3470001220703 25.4366664886475 25.4029998779297 25.4370002746582 25.6686668395996 25.3924999237061 25.6718330383301 25.8426666259766 25.8953323364258 25.9558334350586 26.0206661224365 26.246166229248 26.4956665039062 26.7374992370605 26.9874992370605 27.2378330230713 27.3786659240723 27.570333480835 27.8915004730225 28.1986675262451 28.5231666564941 28.8121662139893 29.0713329315186 29.325834274292 29.5384998321533 29.7843341827393 30.0550003051758 30.1696662902832 30.468334197998 30.7768325805664 -3.4e+38 -3.4e+38 -3.4e+38 -3.4e+38 -3.4e+38 -3.4e+38 -3.4e+38 -3.4e+38 -3.4e+38 -3.4e+38 -3.4e+38 -3.4e+38 -3.4e+38 -3.4e+38 -3.4e+38 -3.4e+38
23.2348327636719 23.3331661224365 23.3071670532227 23.2221660614014 23.2626667022705 23.6035003662109 23.9338340759277 24.1273345947266 24.4766674041748 24.9441661834717 25.3838329315186 25.3288326263428 25.3859996795654 25.7468338012695 25.5853328704834 25.6373329162598 25.9168338775635 25.7368335723877 25.8024997711182 25.9966659545898 26.1625003814697 26.1490001678467 26.2701663970947 26.5691661834717 26.7083320617676 26.9031677246094 27.1663341522217 27.4790000915527 27.6876659393311 27.8363342285156 28.1533317565918 28.4500007629395 28.7006664276123 28.9883346557617 29.2369995117188 29.490665435791 29.7613334655762 30.0096664428711 30.2501659393311 30.4123344421387 30.656665802002 31.05299949646 -3.4e+38 -3.4e+38 -3.4e+38 -3.4e+38 -3.4e+38 -3.4e+38 -3.4e+38 -3.4e+38 -3.4e+38 -3.4e+38 -3.4e+38 -3.4e+38 -3.4e+38 -3.4e+38 -3.4e+38 -3.4e+38
23.4635009765625 23.482666015625 23.4163341522217 23.3759994506836 23.5126667022705 23.7941665649414 23.96266746521 24.2203330993652 24.6956653594971 25.1118335723877 25.4316673278809 25.3096656799316 25.3666667938232 25.6181659698486 25.4095001220703 25.6940002441406 25.9629993438721 25.6401672363281 26.1173324584961 26.3611660003662 26.4838333129883 26.6053333282471 26.7171669006348 26.8183326721191 26.9811668395996 27.1673336029053 27.3568344116211 27.6558322906494 27.9685001373291 28.2091674804688 28.4248332977295 28.6563339233398 28.8643341064453 29.1383323669434 29.4248332977295 29.6336669921875 29.9603328704834 30.2255001068115 30.4146671295166 30.4855003356934 -3.4e+38 -3.4e+38 -3.4e+38 -3.4e+38 -3.4e+38 -3.4e+38 -3.4e+38 -3.4e+38 -3.4e+38 -3.4e+38 -3.4e+38 -3.4e+38 -3.4e+38 -3.4e+38 -3.4e+38 -3.4e+38 -3.4e+38 -3.4e+38
