rasters/Niger_CLYPPT_M_sl2_250m_ll.asc
NCOLS 190 
NROWS 142 
XLLCORNER 0.152941121 
YLLCORNER 11.695773031 
CELLSIZE 0.0832493725157895 
NODATA_value -9999 
[rows 24 to 47 of 142, columns 110 to 164 of 190]
3 3 4 4 4 4.29599703484119 9.21690140845025 5.10526315789568 5.75144551519592 5 5.30704225352107 7.01126760563642 6 5 4.86197183098559 2.56508524833263 4.17368421052663 4.06115641215724 6.48732394366135 4.50985915492905 5.53239436619631 3.48450704225322 5 5.52668643439571 2.53521126760539 2.89014084507102 6.86760563380331 5.0140845070414 2.66842105263198 4.33521126760621 1.31267605633834 2.46478873239461 1.23239436619671 3 0.386508524835007 7.78220904373605 0.511860637509153 7.85952557449765 3.34981467753908 2.79473684210372 1.38895478131908 0.0562638991851338 3.46478873239461 2.57746478872933 0.540474425499623 0 0 0 1 0 0 0 0 0 1
4.42253521126643 2 2 2.57746478873357 2.67894736842214 3 3.65656041512122 5 5.79318013343286 5.57746478873357 5.42253521126643 5 5.47553743513694 4.40845070422779 4 5.48628613788112 5.82631578947337 4 3.94833209784972 5.95263157894682 4.84284655299937 5.55618977020185 4.57746478873357 5 3.09421793921372 1.84966641957007 5 7.28947368420992 7.08791697553596 8 1.24010378057821 2.26441808747238 2.42253521126643 2 15.8383246849524 5.83899184580403 1.42253521126643 1.01074870274159 2.29177168272849 1.82653817642617 0.0942179392151944 0.0511489992590436 12.6775389177189 10.0155670867312 1 0.0200148257967038 0 3 3.46641957004478 0 0 1.57746478873357 0 0 0.511415863603129
2 2 1.38028169013996 2.55315048183748 3.38028169013996 4 4 7.61971830986004 6.18613787991051 4.53157894736836 4.94395848776874 4 4 4.61971830986004 5.58228317271912 4.56805040770979 4 5 3.65374351371496 4.37361008154104 4.38028169013996 5.98598962194259 4 6.61971830986004 3 2.92194217939271 3 3.17939214232753 5.4596738324681 3.97894736841781 6.20392883617667 2.60214974055267 3 1 5.43017049666541 12.2697553743517 16.3655300222403 0 13.5604892512977 0 0 0.0460340993331599 1.03002223869561 1.61089696071229 0.619718309860044 0.427650111192287 0.380281690139956 3.86842105263232 3.48791697553584 4 4.85307635285186 3 0.130096367679245 2.3816160118614 2
3.43906597479694 0.257820607857016 2.2579688658276 3 3 4 4.13699036323224 4 6 6.84166048925076 5 4.12987398072735 5.34210526315904 3.84647887324408 4.83269088213401 4.41097108969759 5.72068198665598 4.95737583395133 5.27879911045289 3.36938472943062 4.9982209043732 4.03684210526217 5 5.91986656782854 2.89199406968224 2.79473684210628 2.50177909562668 5 3.55455893254238 5.37368421052495 4.61326908821358 3.45789473684147 2 4.84521868050321 4 0 8.77524091920083 17.1471460340993 1.75263157894733 16.046182357296 1.8802816901417 0.622757598219702 11.1226834692203 1 15.6514455151964 9.77205337286688 0.397257227576361 0 0 5 1.68628613788079 1.99718309858834 4.78687916975665 4 3.7177909562656
2.59673832468579 2 3 2.49221645663364 2 4 6 5.31504818383991 6.20852483321073 5 5.23432171979344 4 4.70422535211349 5.19718309859228 6 4.74351371386103 5.87768717568533 4.7431430689407 4.93699036323142 4.28176426982856 3.99473684210407 4.02594514455085 7 4.82950333580492 4 2.70422535211349 3 2.9143810229804 4 3 5.00296515937675 5.56879169755512 1 1.3224610822843 6.82720533728786 14.566271312083 4.93402520385707 7.91512231282529 15.4816160118621 14.9392883617492 13.2452928094888 4.76508524832234 3.72905856189975 1 0.996293550778707 2.62490733876765 0 1 0 0 0 0.0887323943657252 2.10118606375048 1.29577464788651 0
1.42965159377323 2.85463306152718 3 4.07071905114888 3 4.47538917716895 6.45329873980693 6 6 5.06315789473673 4.89191994069686 4.5403261675325 4.65789473684096 5.22253521126598 6.12713120830282 5.25352112676054 6.12965159377341 5.96664195700516 4.08947368421128 4.98799110452173 4 4.25352112676054 5 6 4 4 4.80919199406949 4 3 4 6 4.6581912527803 6.62676056338122 4.19065974796303 6 5.43773165307667 4.24751667902184 7.75055596738325 7.36300963676794 2.15322461082399 1.17309117865016 17.8061527057085 2.92105263157803 3 3.26530763528424 14.5183839881392 2.30622683469173 0 0.826315789475071 5.45959970347742 4 2 2 1.38421052631544 0
0.847368421052842 4.78873239436629 3 4 4.53550778354429 4.78873239436629 6.21126760563371 6.56412157153405 5.21571534469979 6 5.20630096367697 5 5.86100815418859 6 5.21126760563371 6 5.96330615270566 4.81653076352865 4.80763528539684 4 4.99888806523325 5.78094885100105 5.54707190511348 5.71882876204637 4.16315789473562 6.04936990363301 6.8409933283913 5 3.52720533728726 3 5.91215715344721 6 6.18309859154843 4 5.87657524091962 6 6.66842105263112 3.27242401779088 3.24736842105267 3.53506300963914 2 15.1496664195683 16.6093402520406 4 3.21015567086732 3.73402520385513 2 0 0 3.04558932542579 1.2500370644906 0.826760563380667 3 0.485693106004786 1.78991845811628
3.0257968865827 4.38947368421019 4.1289844329138 3 4.38154188287568 5.0613787991105 5 6 6.5932542624171 6 3.22868791697733 5 5.60452186804948 6.16901408450759 6.83098591549241 4.0364714603412 5.31334321719865 5.89065974796143 5 4 4.16901408450759 6.46856931059949 5 4.89940696812508 5.83684210526438 5.82942920682083 6.62542624166075 4 2.55544848035578 3.41638250555891 5 6 5.91549295774599 7.92260934025161 4 5.89414381022957 8.55544848035507 6.84136397331471 3.92164566345492 4.54484803558517 5.16315789473818 4.16026686434518 17.9343958487762 4.10429948109911 4.83098591549241 3.97664936990386 10.0644180874738 8.10934025203786 0 0 4.08183839881453 2.94929577464785 2.88880652335017 3 2
4.14610822831821 4.38947368421019 2.76315789473749 4 4 4.12676056338112 4 6 6 5.93261675315004 5.05404002965193 5 6.91660489251256 6 6 6.36960711638027 6 5.88991845811641 5 5 5.99933283913995 4.03684210526217 4.11675315048271 5.87894736842163 4.85752409192115 7.74647887323776 4.75263157894818 5.03669384729446 3 4 5 5.87323943661888 7 6.12676056338112 4.58421052631407 5 6.28954781319508 8 5 4.20526315789628 4.12676056338112 2 7.06893995552335 2.97249814677492 6.74647887323776 3 3 2.77020014825948 0.126760563381122 6.28784284655196 3.0697553743489 3 2.65789473684267 1.07546330615229 2.62772424017989
4.7628613787999 3.06805040770896 4 4.08450704225295 4.67894736842214 5 4.96575240919229 6.18087472201666 5.55366938472942 6.57116382505527 6.52520385470766 6.91549295774706 6.36879169755451 6.69154929577401 4.76389918458035 5.63343217197979 5 4.12045959970366 4 5.04336545589379 4.83669384729674 4.11823573016903 5.15678280207436 5.98977020014838 5.14936990363129 6 7.93639733135693 6 2.08450704225294 3 2.04936990363205 5 4.04225352112636 6 7.91549295774706 4.65789473684129 6 7.73498888065194 5.22646404744273 3.18791697553896 1.92134914751477 3.80467012601875 3.91549295774706 4.03684210526387 3 2.08050407709362 2.1664195700505 2.08450704225295 4.9853224610825 7.78421052631782 3.67939214232897 3 2 1.70348406226814 2.03602668643399
4 3.80526315789491 4 5 4.34974054855209 5.36315789473596 4 4.47071905114745 5 5.52891030392891 5 6.38421052631714 6.0133432171972 4 4.25789473684284 4.96686434396007 4.00733876945853 5.12601927353632 4.87205337286988 3.95663454410605 6 6 4.11786508524574 5.15819125277753 4.95774647887523 4 4.95774647887523 3.33172720533469 4 3.02646404744136 2 5 5 6.02290585618865 7.16130467012306 6 5 4 6 5 4 3.12105263158007 4 2.03684210526387 2 2.95463306152725 4 5.16827279466027 2 1.99088213491527 4 2.28732394366183 3 1.36797627872541 1.32742772423249
3.99999999999829 4 2 4 5 4.00000000000062 4 3.8947368421045 6 6 6 6.38421052631714 5.99999999999829 4.30000000000213 4.7421052631576 4.00000000000037 5.82631578947307 4 6.99999999999829 5 5.00526315789763 6.9631578947379 5.99999999999843 6 5.16315789473562 4 6.7526315789486 5.00000000000049 3 2.99999999999936 2.58421052631833 5.00000000000078 3.50000000000298 6 4.83157894737215 5.37368421052698 5 3 4.75263157894775 4 2.99999999999829 3.87894736842013 4 3 1.0000000000017 2.95263157894775 2.91052631579042 3.86842105263254 3.0000000000017 4 5.25789473684284 5.7000000000023 2.99999999999942 2.00000000000066 4.00000000000391
2.18843587842802 3 4 4 4.04225352112647 4.63684210526404 5 5.51037805782137 5.06382505559631 6 5.43254262416587 6.58977020014714 5.69755374351582 5.98732394366202 6.04225352112647 3.248925129726 3.97242401779117 5.79503335804339 4.95656041512127 5 6.00526315789593 6 5.96108228317295 4.84180874722097 5.83684210526438 4.99132690882145 5.96819866567846 6.26501111934728 4.28035581912643 3.34210526315686 2.98243143068956 6 5 4 5.02468495181592 4 5.68243143068887 6.31949592290589 5.95774647887353 5.80340993328238 4.9646404744258 3.87894736841993 4.07561156412248 6.95774647887353 6 6.04025203854681 6.12794662713004 6.0055596738324 7 4.03313565604137 5 6.29859154929794 5.33024462564963 11.1722016308365 3.018013343217
3 3.08450704225465 4 3 4.41215715344972 4 4.37101556708565 5 5.06523350630163 6 7 7 5.08450704225465 5.89014084506888 5.08450704225465 4.53862120088823 4.24351371386335 6 5.83358042994639 5.20437361008405 7 5.00311341734614 5.07783543365567 5.01022979985183 4.83684210526438 5 5.08450704225465 5.02446256486314 4.11252779837063 5.34210526315622 6.9648628613784 7 2 4 5.53484062268124 4.62631578947302 3.41608598962352 3.34951816160221 4.14810971089894 5 3.09829503335947 4.8891771682719 3.07783543365552 5.91860637509163 6.08450704225465 6 7 6.01111934766502 6 4 6 3.91549295774535 5 4 2.08450704225465
1 2 4 3.12676056338112 4 3.95396590066697 5 5 5.95366938472941 6.53580429948159 6.94595997034807 7.12676056338112 6.57449962935353 6 7.13113417346171 5.26048925129788 5.84833209785013 6 6.92186805040712 6 9.46997776129612 5.12209043736194 6.19570051890298 5.13639733135601 6 6 4.34277242401771 5 5.95796886582631 6.4530763528533 3.7991845811698 7 7.50000000000128 4 5 6.27894736842092 3.66842105263113 4.34284655300276 4.65722757598154 3.30600444774108 3.99503335804287 5 4.14677538917837 9 6.00526315789423 4 4.88458117123707 2.8899184581163 2 5 3 3 7 7.53773165307614 2
2 2.19473684210509 3.32579688658162 3.16901408450589 3.67894736842214 5 4.93150481838457 5 6.08628613787937 6.55826538176371 6.07205337286827 6.36145292809176 7.05782060785747 6.36760563380298 6 4.85715344699693 7.00467012602074 6.10934025203879 6.07435137138695 5.16901408450589 6.99911045218661 6 6 5.87190511490061 4.91957005189033 4 4.12720533728615 5 5.94395848776917 4.06315789473618 5.38673091178841 5.63372868791709 7.24647887323924 8.38050407709556 8 7 6.11297257227491 5.83098591549411 5.04180874721988 6.33958487768754 7.85856189770319 7 6 5.83721275018655 0 1 5 5 2.17368421052493 4.21578947368218 5.95641215715391 4.88169014084575 5.05782060785718 5 5
2 1 3 4 4 5 5 6 5.59288361749425 7.11230541141599 7 6.51430689399678 8.37991104521767 6.76338028168948 6 6.17020014825833 6 6 6.07561156412231 6.2386212008901 6 6.20348406226881 5.51519644180886 5.02557449962926 5.3399555226086 6 6.0522609340251 5.0611564121571 5 5.41504818384098 4.4607857672355 6 4 7 9 6.86767976278722 7 6.78873239436593 5 3.21126760563407 6.83684210526182 7.48198665678142 2.93773165307565 4 5.20600444773984 4 4.80763528539615 2 3 5.61853224610962 8.10229799851796 7 3.79429206819805 4.13009636768 5
3 2.19473684210509 4 3.81719792438834 4 4.47538917716895 4.55604151223076 6.21868050407791 6 6.39681245366935 5 7.38421052631714 7 7 7 5.80118606375108 7.53699036323215 6 6 6.28888065233545 6 5.98183839881442 5.94106745737642 6 5.12179392142237 6 4.93113417346125 5.74647887323946 5.33157894736802 6.37368421052495 4.54151223128285 5 7 6.45789473684318 7.14810971089651 7 6.74647887323946 5.8198665678281 3.19080800593029 5.79473684210372 4 3.18072646404913 2 4.24418087472181 5.74781319495913 2 3.06679021497335 4 7 5.38658265381868 8.4460340993321 7 8 5.25352112676054 4.25352112676054
3 2.37531504818254 3.92994810971157 3.21326908821217 4 4.44848035582103 4.1759080800583 5.29577464788531 6 6.53157894736836 5.83031875463417 7.11363973313528 5.65789473684096 6.91126760563413 6 6.44773906597358 6.94862861378825 5.94625648628556 6.26931060044271 6 6.9962935507775 7.01089696071127 7 7.25997034840462 6 5.70422535211469 4.07316530763455 7.21015567086605 5.23350630096407 5.26315789473664 3.28843587843132 4.16212008895617 6.50000000000128 6.29577464788531 7 5.81475166790361 5 4 3.17420311341787 6.55967383246901 2.58932542624241 5 2 2 5 5.67086730912 4 4 5 6.21578947368218 6.70422535211469 8.78873239436613 5.34210526315733 5 6.30022238695285
1.12186805040901 2 3 3.4283914010374 4 5 5.33802816901348 5.15122312824272 6.66197183098652 6.51022979985176 6 6.25433654559045 4.16456634544402 6.23661971830912 6.50874722016312 7 7.45300222386925 7.08710155670883 6 6.66197183098652 6 6.66197183098652 7 7.16367679762969 6.16315789473562 5.86412157153502 4.33454410674559 6.80837657524115 5 5.49473684209981 4.7247590808009 3.80911786508633 7.33098591549241 6 5 6 4.10444773906668 3.4703484062271 4 3 3 5.29710896960621 4.64936990363086 4.96315789473613 3 6 5 5 6 6 7.33802816901348 7.7633802816903 6 7.33802816901348 6.37976278725139
2.6777613046708 2.92594514455176 3 3 3 5 5 4.44736842105216 4.68361749443971 6.53157894736836 6 6.38028169013996 7.4077094143809 7.30000000000094 8.18413639733037 7 7.61971830986004 7.61971830986004 6.91052631578872 7 7 7.02283172720476 7.03002223869496 6.33424759080745 6.06204595996974 7 5.06716085989388 5 5.922609340252 5 5.15811712379471 6.20615270570769 7.38028169013996 4.38028169013996 3 5.23817642698214 5.38554484803333 4 6.90593031875484 4.3022238695317 3.51860637509258 2.07501853224691 5 3.96315789473613 3.00526315789423 5 5 6 5.82631578947507 7.38028169013996 8.90192735359586 9.43380281690251 7 5.5277242401782 5.38028169013996
1.06449221645663 2.08228317272056 3 4.69532987398016 4.86434395848806 4 5.17123795403996 4.57746478873187 5.57746478873187 6.46842105263164 6.50763528539721 5.64440326167642 7 7 7.74210526315716 7.09117865085282 6.52283172720596 6 6.96219421793885 7 7.99696071163757 6.85077835433741 6.43476649369936 6.06990363231984 5.16315789473562 6 5.43461823573024 6 5.14010378057821 5 7 7.77094143810174 8.21126760563461 5.8065233506294 5.24684951816118 3.26464047442555 6.85989621942143 7.53261675315022 8.41045218680652 6 5.51675315048305 4 3 3.44381022980077 5 4.95263157894767 5.57746478873187 5.21052631578817 6 7.54714603409857 8.42253521126813 7.42253521126813 6 5.26019273536 3.84885100073997
2.22357301704965 3.56901408450852 3 4.1296515937735 4 5 4 5.49629355077853 4.51052631578974 3.99718309859507 6 6.28621200889605 8 6.67464788732302 6.46478873239631 7.89970348406161 7 6.46478873239631 7.47108969607281 7.02535211267626 7 5.5523350630073 6.46478873239631 7 5.61104521867831 6 6 5.66975537434971 5.31067457375983 5 7.36167531505028 8 4.76760563380262 8.29014084506879 4.22253521126772 9 7 9 8.25789473684198 7 5.37205337286551 5.59147516678903 3 2.44766493699191 3 5 5 5.59636767976075 7.53521126760369 9.63550778354089 8.22505559674017 7.86056338028146 6.159006671609 6.71378799110316 6
3.50704225352108 2.60303928836163 3.98591549295784 4 4.49295774647892 4.50704225352108 4 4.77946627131229 5 5 5.78984432913274 6 8 8 7 6 7 7 7.91052631578872 7 7.50963676797682 6 5.95997034840663 6.49466271312086 6.50704225352108 5.89881393624957 5.62898443291283 5.85730170496693 5 4.31756856931126 6.71200889547769 7.54210526315853 3.49999999999872 5.77427724240123 4.20496664195787 4.99473684210529 4.99273535952627 6.42105263157845 4.49295774647892 2.89592290585542 6 4.43328391400987 4.03891771682774 2.50704225352108 5.01134173461841 7.50704225352108 7.95463306152754 7.55967383246816 9 10.6134173461813 10 7 6.65789473684267 6.30355819125298 6
