rasters/Niger_SNDPPT_M_sl2_250m_ll.asc
NCOLS 190 
NROWS 142 
XLLCORNER 0.152941121 
YLLCORNER 11.695773031 
CELLSIZE 0.0832493725157895 
NODATA_value -9999 
[rows 115 to 137 of 142, columns 0 to 52 of 190]
-9999 -9999 -9999 -9999 86.2818383988157 75.9077094143806 79.7138621200926 78.2542624166048 83.0540400296515 80.394366197182 84.5398072646413 80.2552260934044 82.5633802816913 83.2694588584128 85.6617494440334 87.5831727205343 72.8885100074135 74.7605633802799 72.5134173461847 73.4618977019986 74.8618977020018 82.7267605633817 87.2753891771681 85.4894736842105 81.860415122311 80.1268346923641 80.5250555967357 88.1682727946615 90 71.7183839881378 76.5424017790931 75.6022979985191 86.4803558191243 70.8500370644906 84.9819866567827 88.6164566345449 73.61971830986 77.0111193476647 83.0604151223147 75.3864343958497 67.4105263157891 73.5335804299473 85.9592290585627 79.3695329874003 79.2460340993341 83.7960711638239 80.0209785025979 66.8098591549357 82.1995552260944 75.4561156412165 80.3355077835444 77.0487027427711 80.4595997034855
-9999 -9999 -9999 -9999 -9999 70.6501111934777 66.8280207561166 67.3932542624169 79.3624907338766 74.4225352112673 82.2372868791705 78.4541141586359 83.4114158636024 79.5774647887327 75.9113417346179 84.3580429948107 81.6928094885101 64.5552260934027 65.2038547071909 75.5277242401781 76.5759822090433 88.2858413639727 78.8005930318747 72.349592290586 80.6500370644929 81.3350630096373 84.9404744255001 78.9147516679031 90.1549295774654 79.5714603409933 80.206745737583 84.052853965902 79.5570793180136 73.3708673091174 84.952631578947 75.4203113417342 90.331430689398 88.7687175685693 87.9488510007415 84.8368421052633 81.8265381764273 74.3983691623408 73.6656782802076 82.5230541141581 85.2646404744255 80.9215715344706 80.1802075611571 79.4999999999993 79.2288361749449 77.9927353595236 80.0578947368425 79.5774647887327 75.96590066716
-9999 -9999 -9999 -9999 -9999 68 74.8826538176435 70.6034099332849 74.5252038547076 82.4112676056331 83 80.8676056338004 81.1756856931083 77.6306152705712 76.7945144551522 80.5464788732389 75.6623424759109 67.7464788732437 -9999 71.0226093402524 75.73847294292 80.2169014084509 86.626389918458 86.5105263157895 84.4354336545585 81.9380281690107 80.2444773906583 82 81.1605633802819 71.7574499629334 76.5532246108224 81.8037805782068 89.9907338769457 69.5403261675344 76.1398072646422 81.4676056338023 89.6227575982225 79.4618235730179 90.0704225352125 87.0927353595242 81.4253521126767 76.5246849518161 76.4210526315802 79.331578947368 81.3615270570804 80.6090437361001 55.9936990363211 75.4999999999993 80.0766493699049 72.5222386953287 81.1417346182352 80.4647887323938 81.8591549295766
-9999 -9999 -9999 -9999 -9999 -9999 -9999 75.3254262416598 77.6491475166786 74.4704225352099 78.914751667904 73.4992587101552 80.5063009636772 79.9109710896953 80.1246108228308 80.9859154929587 76.7092661230542 84.1341734618225 77.2024462564856 76.8739807264634 69.3670126019271 78.5013343217197 77.5526315789475 81.7307635285398 79.3156412157138 75.2302446256475 78.7684210526317 81.1771682727953 77.0183098591537 83.2510748702751 80.6222386953319 87.5786508524817 87.6349147516678 84.941808747221 89.0240177909564 87.4876945885845 88.1013343217172 82.2887323943675 89.0455893254271 88.2458858413637 84.2604892512937 80.4929577464794 84.2175685693103 79.3435878428461 83.5472942920705 78.4017049666426 70.3099332839139 74.4929577464794 80.7461082283189 77.2108228317275 78.0631578947354 -9999 -9999
-9999 -9999 -9999 -9999 -9999 -9999 -9999 -9999 -9999 -9999 74.5037805782174 67.6361008154153 68.9303187546353 66.3514455151977 62.5991104521858 65.3966641956993 71.3017049666416 74.4507042253533 67.8007412898437 78.0928094885107 79.9257968865823 78.2990363232046 81.4540400296541 69.367457375831 90.7426982950338 78.7269088213489 77.2329873980783 75.2698295033385 82.5647887323939 92 81.8054855448474 81.9185322461102 85.7961452928095 87.5404744254994 88.8066716086007 76.9171979243912 79.5088213491468 91.4584877687186 83.7368421052613 82.2300963676806 81.7366197183114 76.2033358043008 79.9870274277245 82.9644180874724 84.2052631578941 83.4157894736839 84.7022238695338 82.147887323942 86.2135656041509 82 -9999 -9999 -9999
-9999 -9999 -9999 -9999 -9999 -9999 -9999 -9999 -9999 -9999 65.5809488510002 69.0028910303929 64.8695329873992 67.6541882876207 73.1379540400283 66.027946627131 69.0472942920691 73.140103780578 79.2945144551525 77.9344699777617 76.9595255744981 71.8911045218688 67.5526315789475 61.2934025203851 73.5201630837639 80.6606375092665 77.1875463306106 77.6719792438826 83.8464788732388 91.3917716827276 81.9681245366957 90.8972572275759 91.9221645663455 86.1260192735362 81.0825055596717 87.408450704226 81.4385470719055 74.6704966641949 79.9283914010381 82.5815418828775 81.432542624166 80.6705707931816 86.3543365455878 84.270867309118 83.0031875463304 83.4786508524839 84.7291326908823 75.1126760563406 72.5421052631577 -9999 -9999 -9999 -9999
-9999 -9999 -9999 -9999 -9999 -9999 -9999 -9999 -9999 -9999 -9999 -9999 60.3854707190521 69.5264640474459 70.9475908080086 73.0131949592266 72.655448480361 74.9132690882133 68.746034099334 73.6338028169005 66.9953298739824 68.7714603409942 75.4191994069681 78.3754633061498 57.343958487763 77 86.2255003706455 80.7998517420315 82.4760563380294 83.464788732398 89 86.0474425500352 89.899184581173 89.0327650111195 88.8625648628605 84.1000000000028 81.48295033358 85.5837657524085 84.5415122312857 84.1034099332837 78.3112676056352 78.2473684210525 86.6330615270578 80.6912527798347 88.023276501112 75.5680504077094 74.5338769458873 79.0000000000008 -9999 -9999 -9999 -9999 -9999
-9999 -9999 -9999 -9999 -9999 -9999 -9999 -9999 -9999 -9999 68.3708673091172 68.3132690882138 67.0077835433655 69.45885841364 71.1668643439578 69.878131949592 76.6050407709419 68.3587842846543 68.166271312082 64.5749444032619 73.7834692364716 66.305337286878 64.9262416604893 71.3593773165307 75.9813194959229 81.8976278724984 77.4873980726466 87.1204595997033 81.3239436619722 78.202520385473 75.8601927353593 90.2676797627875 88.9110452186805 88.3239436619722 86.0627131208307 82.3327650111199 88.9728687916985 87.4028910303931 84.8823573017052 88.110303928836 86.3239436619722 78.7244625648641 81.101927353595 84.8961452928103 80.6047442550026 78.9571534469971 75.1483320978505 78.6760563380278 -9999 -9999 -9999 -9999 -9999
-9999 -9999 -9999 -9999 -9999 -9999 -9999 -9999 -9999 -9999 76.1549295774629 66.008895478132 67.7297998517413 70.4378057820613 75.7183098591543 75.4796886582646 75.3515937731643 71.1549295774629 74.3249073387695 71.3431430689418 72.8688658265364 77.6869532987404 73 69.8450704225371 82.681319495923 83.4808747220155 60.0222386953298 77.1853224610827 81.802816901408 79.2578947368424 81.4264640474424 90.0656782802075 88.075982209044 82.0673832468475 80.7997034840622 81.9962194217938 82.7551519644171 84.2561156412137 85.2968124536688 87.1296515937716 85.7947368421055 77.9292809488524 85.9262416604883 77.4699777613058 84.1814677538922 74.6999258710154 73.5658265381761 79.0000000000022 -9999 -9999 -9999 -9999 -9999
-9999 -9999 -9999 -9999 -9999 -9999 -9999 -9999 -9999 -9999 73.013862120089 74.9110452186806 68.0200148257968 73.2587101556709 81.597108969607 75.8028169014081 72.5400296515939 75.4762787249814 76.9549295774641 74.1184581171242 77.8817642698293 73.0547813194962 74.2609340252041 72.1382505559675 72.7558932542624 90.9899925871017 60.2765011119344 78.5759822090436 87.2281690140845 77.9567086730913 82.939214232765 90.4306152705705 84.4974054855445 79.3383988139359 81.677168272794 78.330022238695 86.5172720533726 82.2583395107488 82.7578947368428 87.8759080800594 81 83.3329873980726 83.540400296516 75.0793921423276 80.4025945144561 79.2816901408449 84.5876945885843 80.0000000000003 -9999 -9999 -9999 -9999 -9999
-9999 -9999 -9999 -9999 -9999 -9999 -9999 -9999 -9999 -9999 67.1507042253532 75.796590066715 73.1901408450663 76.9180874722017 69.309785025945 69.2718309859177 70.1947368421052 68.8613787991101 63.3111193476651 65.7422535211273 75.4347664936995 73.3144551519661 63.2290585618999 73.1092661230546 76.7287620459608 88.3422535211264 69.7604151223104 77.0774647887311 78.4154929577479 82.8946627131215 73.8453669384721 86.5243884358746 80.0537435137176 79.1077094143819 76.859525574499 79.1919199406977 82.672053372866 83.0789473684209 76.1095626389868 86.0647887323927 83 79.7038547071905 78.6753150481855 78.2740548554468 84 82.6661971830993 80.2773165307627 -9999 -9999 -9999 -9999 -9999 -9999
-9999 -9999 -9999 -9999 -9999 -9999 -9999 -9999 -9999 -9999 -9999 -9999 66.8491475166784 68.4647887323963 65.648109710896 67.8046701260204 62.8148999258703 61.7553743513713 68.3859154929564 67.2713120830241 72.2816160118576 65.184284655301 74.259080800592 70.9241660489248 74.3958487768716 77.7865826538175 73.4918458117128 71.3743513713851 72.708450704226 75.7736842105272 85.1489251297255 83.0725722757598 74.6137879911062 85.3083765752389 82.3002223869502 78.1532987398079 75.2171979243884 79.4280948851019 76.378280207561 81.7487768717575 78.8862120088928 73.0766493699039 79.0652335063013 74.029651593775 81.27071905115 79.3513713862115 74.471163825055 -9999 -9999 -9999 -9999 -9999 -9999
-9999 -9999 -9999 -9999 -9999 -9999 -9999 -9999 -9999 -9999 -9999 -9999 -9999 68.0530022238693 69.3066716085987 73 76.2343217197913 75.1441808747211 70.9907338769434 72.6789473684213 73.2971089696096 71.4742772424017 69.7746478873221 75.0963676797637 72.541363973311 70.4521868050432 76.2315789473683 76.4121571534449 76.7577464788747 80.6839881393616 75.9116382505552 80.4427724240179 85.9810971089704 83.0662713120823 83.8452928094873 80.6625648628586 81 81 76.1430689399539 83.5793921423272 78.8641957005178 76.4668643439579 74.9158636026685 75.112676056339 81.1832468495197 73 75.9863602668653 -9999 -9999 -9999 -9999 -9999 -9999
-9999 -9999 -9999 -9999 -9999 -9999 -9999 -9999 -9999 -9999 -9999 -9999 -9999 -9999 58.9922164566345 65.7544106745741 67.0567086730915 62.0693106004453 71.0250555967396 63.8424017790967 69.4272794662717 68.4052631578947 67.5841363973317 66.4745737583394 71 67.6752409191995 79.1458858413628 43.2957746478872 79.8380281690132 73.9011119347671 76.3059303187542 65.4383988139366 88.1315789473691 85.7441808747218 78.2289103039302 75.9954781319495 75.9321719792435 79.9377316530766 73.9664195700527 77.7000741289841 76.2901408450707 82.8230541141592 74.9277242401779 74.8043736100816 77.9558932542622 75.5392142327654 -9999 -9999 -9999 -9999 -9999 -9999 -9999
-9999 -9999 -9999 -9999 -9999 -9999 -9999 -9999 -9999 -9999 -9999 -9999 -9999 -9999 -9999 64.976130467012 62.0171979243888 71.5181616011861 72.0563380281703 72.990956263899 64 65.1647887323929 72.3754633061509 69.4961452928092 69.9137138621181 65.0683469236487 82.4189028910313 68.7398072646419 72.9690140845063 64.5085248332102 79.7864343958487 80 76.9962935507783 77.2302446256501 72.9463306152693 71.9438102297985 75.8352112676054 77.2583395107488 75.1458117123798 76.8604151223136 78.2276501111938 82.7314306893992 80 75.9905114899923 74.2842105263173 -9999 -9999 -9999 -9999 -9999 -9999 -9999 -9999
-9999 -9999 -9999 -9999 -9999 -9999 -9999 -9999 -9999 -9999 -9999 -9999 -9999 -9999 -9999 -9999 -9999 65.5059303187542 63.959377316531 67.3069681245366 65.377242401779 -9999 -9999 -9999 64.9934025203855 71.7129725722756 74.7998517420311 67.9974054855444 60.0098591549295 71.0036323202372 61.0281690140843 74.1712379540403 73.6719792438848 79.2555967383251 65.0607857672352 67 65.0498888065229 69.0163083765751 79.8383988139369 74.3122312824312 76.2023721275017 76 71.3810229799858 71.6449221645669 -9999 -9999 -9999 -9999 -9999 -9999 -9999 -9999 -9999
-9999 -9999 -9999 -9999 -9999 -9999 -9999 -9999 -9999 -9999 -9999 -9999 -9999 -9999 -9999 -9999 -9999 -9999 -9999 -9999 -9999 -9999 -9999 -9999 -9999 63.5173461823577 57.0563380281686 62.3035581912531 62.4901408450696 -9999 67.0164566345447 73.6060785767233 82.7294292068197 77.8210526315787 66.148406226835 66.1123795403994 67.6724240177936 68.9684951816158 73.2352853965894 72.9008895478118 77.1272794662716 74.2189028910304 71.7605633802804 -9999 -9999 -9999 -9999 -9999 -9999 -9999 -9999 -9999 -9999
-9999 -9999 -9999 -9999 -9999 -9999 -9999 -9999 -9999 -9999 -9999 -9999 -9999 -9999 -9999 -9999 -9999 -9999 -9999 -9999 -9999 -9999 -9999 -9999 -9999 60.5814677538908 47.5322461082288 50.3680504077065 50.7676056338018 52.8251297257239 48.7281690140848 73.8091919940695 64.9740548554486 71.9105263157893 65.1404744254987 64.8228317272072 66.9050407709421 65.7394366197197 73.6803558191275 74.6544848035566 74.6562638991837 72.6272053372863 -9999 -9999 -9999 -9999 -9999 -9999 -9999 -9999 -9999 -9999 -9999
-9999 -9999 -9999 -9999 -9999 -9999 -9999 -9999 -9999 -9999 -9999 -9999 -9999 -9999 -9999 -9999 -9999 -9999 -9999 -9999 -9999 -9999 -9999 -9999 50.2610822831711 56.9687916975578 53.7566345441057 47.7987398072636 48.5633802816863 51.238843587844 48.2066716086013 43.1297998517437 71.1408450704236 72.1934025203888 71.3552260934057 65.8598962194228 61.7234988880671 65.1297257227567 63.3829503335787 70.0810971089769 75.9066716085984 73.7874722016307 -9999 -9999 -9999 -9999 -9999 -9999 -9999 -9999 -9999 -9999 -9999
-9999 -9999 -9999 -9999 -9999 -9999 -9999 -9999 -9999 -9999 -9999 -9999 -9999 -9999 -9999 -9999 -9999 -9999 -9999 -9999 -9999 -9999 -9999 48.9103780578208 49 44.946034099333 48.4969607116381 47.1830985915489 47.8169014084511 52.6044477390663 -9999 -9999 -9999 45.4473684210532 70.8665678280198 64.0062268346925 67.610452186806 64.1686434395845 68.2199406968118 59.2218680504056 73.0263157894726 70.6601186063754 -9999 -9999 -9999 -9999 -9999 -9999 -9999 -9999 -9999 -9999 -9999
-9999 -9999 -9999 -9999 -9999 -9999 -9999 -9999 -9999 -9999 -9999 -9999 -9999 -9999 -9999 -9999 -9999 -9999 -9999 -9999 -9999 -9999 -9999 -9999 43.3628613787996 42.2585618977012 44.2976278724985 -9999 -9999 -9999 -9999 -9999 -9999 -9999 -9999 63.2265381764263 67.6843587842862 76 71.4555226093418 70.3243143068926 63.4768717568559 75.2983691623458 -9999 -9999 -9999 -9999 -9999 -9999 -9999 -9999 -9999 -9999 -9999
-9999 -9999 -9999 -9999 -9999 -9999 -9999 -9999 -9999 -9999 -9999 -9999 -9999 -9999 -9999 -9999 -9999 -9999 -9999 -9999 -9999 -9999 -9999 -9999 48.5937731653078 44.2727946627133 44.2676056338027 -9999 -9999 -9999 -9999 -9999 -9999 -9999 -9999 58.9894736842103 64.4174203113426 68.6660489251296 67.6182357301703 71.6983691623421 64.4031134173456 71.834840622684 -9999 -9999 -9999 -9999 -9999 -9999 -9999 -9999 -9999 -9999 -9999
-9999 -9999 -9999 -9999 -9999 -9999 -9999 -9999 -9999 -9999 -9999 -9999 -9999 -9999 -9999 -9999 -9999 -9999 -9999 -9999 -9999 -9999 -9999 -9999 -9999 43.8888065233494 54.4249814677541 -9999 -9999 -9999 -9999 -9999 -9999 -9999 -9999 -9999 -9999 74.7765011119377 71.8111934766494 72.5775389177173 54.6938472942915 68.2085248332088 -9999 -9999 -9999 -9999 -9999 -9999 -9999 -9999 -9999 -9999 -9999
