rasters/Niger_bio8.asc
NCOLS 190 
NROWS 142 
XLLCORNER 0.152941121 
YLLCORNER 11.695773031 
CELLSIZE 0.0832493725157895 
NODATA_value -3.4e+38 
[rows 66 to 87 of 142, columns 49 to 97 of 190]
32.4104995727539 32.2625007629395 32.09716796875 32.2813339233398 32.3526649475098 32.2893333435059 32.4898338317871 32.4029998779297 32.3304977416992 32.2748336791992 32.371166229248 32.4659996032715 32.3605003356934 32.2518310546875 32.392333984375 32.5708312988281 32.4953346252441 32.4225006103516 32.3956680297852 32.3653335571289 32.271167755127 32.378002166748 32.3456649780273 32.22216796875 32.1710014343262 32.2560005187988 32.3235015869141 32.4136657714844 32.462833404541 32.4910011291504 32.4809989929199 32.4583320617676 32.443000793457 32.405834197998 32.4291687011719 33.3011665344238 32.4911651611328 32.510498046875 32.5859985351562 33.3938331604004 33.2943344116211 33.0523338317871 33.0424995422363 32.97216796875 32.6091651916504 32.4453353881836 32.3176651000977 32.1709976196289 31.6308326721191
32.3498344421387 32.3320007324219 32.2473335266113 32.1606674194336 32.1653327941895 32.2031669616699 32.3160018920898 32.3041648864746 32.3401679992676 32.4155006408691 32.46533203125 32.3626670837402 32.3225021362305 32.289665222168 32.4425010681152 32.295166015625 32.3803329467773 32.3225021362305 32.3113327026367 32.3209991455078 32.2584991455078 32.2231674194336 32.3680000305176 32.2148361206055 32.1445007324219 32.1571655273438 32.2379989624023 32.3358345031738 32.3971672058105 32.4011650085449 32.394832611084 32.4158325195312 32.3689994812012 32.4044990539551 32.3578338623047 32.4271659851074 33.4415016174316 33.3803329467773 32.4943313598633 33.3203315734863 33.2840003967285 33.1139984130859 32.9345016479492 32.8881645202637 32.470832824707 32.4181671142578 32.2970008850098 31.9661655426025 31.0104999542236
32.369499206543 32.4106674194336 32.285831451416 32.1818313598633 32.1543312072754 32.1704978942871 32.2188339233398 32.3061676025391 32.335334777832 32.3626670837402 32.3373336791992 32.2919998168945 32.1938323974609 32.1575012207031 32.2213325500488 32.111499786377 32.3088340759277 32.2690010070801 32.1953353881836 32.2571678161621 32.2426681518555 32.1730003356934 32.2921676635742 32.2591667175293 32.2169990539551 32.1151657104492 32.09033203125 32.1793327331543 32.2685012817383 32.238166809082 32.2135009765625 32.2443313598633 32.252498626709 32.2646675109863 32.2729988098145 32.2608337402344 32.3828353881836 33.3833351135254 33.3800010681152 33.1698341369629 33.1696662902832 33.0186653137207 32.8561668395996 32.8561668395996 32.496166229248 32.4223327636719 32.251335144043 31.9185009002686 31.4419994354248
32.3253326416016 32.3120002746582 32.1898345947266 32.1736679077148 32.2251663208008 32.2946662902832 32.3388328552246 32.3175010681152 32.2656669616699 32.2303314208984 32.212833404541 32.1754989624023 32.0951652526855 32.0256652832031 32.0231666564941 31.9518337249756 32.1023330688477 32.1785011291504 32.117000579834 32.1630020141602 32.1833343505859 32.0713348388672 32.195499420166 32.2063331604004 32.2164993286133 32.1831665039062 32.1506652832031 32.1351661682129 32.1435012817383 32.1640014648438 32.1638336181641 32.1963348388672 32.1829986572266 32.1463317871094 32.132999420166 32.1491661071777 32.2426681518555 32.3666648864746 32.3370018005371 33.0470008850098 33.0670013427734 32.9991683959961 32.8626670837402 32.735164642334 32.5675010681152 32.3661689758301 32.2133331298828 31.8838329315186 31.4711666107178
32.302001953125 32.2176666259766 32.2398338317871 32.3349990844727 32.3193321228027 32.2786674499512 32.216667175293 32.170166015625 32.2270011901855 32.244499206543 32.2024993896484 32.1561660766602 32.0719985961914 31.9850006103516 32.0526657104492 31.9491672515869 31.9508323669434 31.9895000457764 32.0279998779297 32.1311683654785 32.2211647033691 32.0400009155273 32.0843353271484 32.1495018005371 32.1565017700195 32.2239990234375 32.1453323364258 32.1341667175293 32.0890007019043 32.0880012512207 32.0723342895508 32.0808334350586 32.0818328857422 32.0618324279785 32.1246681213379 32.1824989318848 33.0523338317871 32.1433334350586 32.1959991455078 32.2046661376953 32.9951667785645 32.9850006103516 32.8603324890137 32.6061668395996 32.5761680603027 32.2671661376953 31.9540004730225 31.6586666107178 31.2256660461426
32.2096672058105 32.2794990539551 32.3361663818359 32.3661651611328 32.2261657714844 32.1938323974609 32.2518310546875 32.191333770752 32.0131683349609 32.0014991760254 31.9700012207031 31.9198322296143 31.9650001525879 31.966667175293 31.9738330841064 31.9678325653076 31.9723320007324 32.035831451416 32.0690002441406 32.1360015869141 32.125 32.0033340454102 31.9283332824707 32.0196647644043 32.1098327636719 32.1455001831055 32.0263328552246 31.857666015625 31.863166809082 31.996166229248 32.0456657409668 32.0288314819336 32.1008338928223 32.1276664733887 32.1814994812012 32.2873344421387 32.1650009155273 33.0593338012695 32.3428344726562 32.34716796875 32.3129997253418 32.0620002746582 32.7548332214355 32.6445007324219 32.5719985961914 32.2195014953613 32.0538330078125 31.6376667022705 31.1720008850098
32.2501678466797 32.3370018005371 32.2950019836426 32.1086654663086 32.0004997253418 31.9876651763916 32.0446662902832 32.0366668701172 31.9280014038086 31.9358329772949 31.9355010986328 31.8594989776611 31.9221668243408 31.9743328094482 31.8658332824707 31.8295001983643 31.8508338928223 32.0419998168945 32.031665802002 32.0120010375977 32.0921669006348 31.9916667938232 31.8401679992676 31.8673324584961 31.9511661529541 32.0284996032715 31.9150009155273 31.7933330535889 31.8323345184326 31.9345016479492 31.9008331298828 31.9153327941895 31.9456672668457 31.9858341217041 32.0246658325195 32.1636657714844 32.1801681518555 32.2676658630371 32.3568344116211 33.2286682128906 32.2861671447754 32.0429992675781 31.8996658325195 32.6226654052734 32.443000793457 32.1783332824707 31.9993324279785 31.4198341369629 30.99049949646
32.2490005493164 32.2061653137207 32.0694999694824 32.0273323059082 32.0008316040039 32.0096664428711 32.0146675109863 31.9523334503174 31.8313331604004 31.8535003662109 31.8864994049072 31.9420013427734 31.9383335113525 31.8525009155273 31.8129997253418 31.7556667327881 31.7819995880127 31.8996658325195 31.9036674499512 31.8653335571289 31.9538326263428 31.8681659698486 31.7999992370605 31.7446670532227 31.6844997406006 31.6905002593994 31.7231674194336 31.738166809082 31.8701667785645 31.9781665802002 31.880500793457 31.7691669464111 31.7910003662109 31.8568325042725 32.0224990844727 32.1054992675781 32.1548347473145 32.2471656799316 32.3698348999023 32.4781646728516 32.3736686706543 31.9941673278809 31.8111667633057 31.664665222168 31.3241672515869 31.9946670532227 31.7298336029053 30.4286670684814 31.1469993591309
32.2360000610352 32.1004981994629 32.0769996643066 32.0713310241699 32.0526657104492 32.0123329162598 31.9608345031738 31.8840007781982 31.8741664886475 31.8894996643066 31.889331817627 31.9225006103516 31.878833770752 31.7916679382324 31.8034992218018 31.7313327789307 31.7189998626709 31.7848339080811 31.8008346557617 31.8015003204346 31.8248329162598 31.8214988708496 31.7193336486816 31.6021671295166 31.5225009918213 31.5588340759277 31.6236667633057 31.7329998016357 31.6718330383301 31.701831817627 31.8518333435059 31.7509994506836 31.8264999389648 31.736499786377 31.9343318939209 32.0774993896484 32.1068344116211 32.1496658325195 32.3559989929199 32.3894996643066 32.1585006713867 31.8396663665771 32.6259994506836 31.5758323669434 31.1754989624023 30.8511657714844 30.6483325958252 30.4810009002686 31.2548332214355
32.1346664428711 32.0219993591309 32.0498352050781 32.082332611084 32.0106658935547 31.984167098999 31.929666519165 31.8586673736572 31.8554992675781 31.8425006866455 31.8233337402344 31.7978343963623 31.7251663208008 31.7138328552246 31.7261657714844 31.6618328094482 31.6006660461426 31.6315002441406 31.6903343200684 31.7646675109863 31.7830009460449 31.7106666564941 31.5751667022705 31.5396671295166 31.5856666564941 31.5896663665771 31.5520000457764 31.574333190918 31.5923328399658 31.5149993896484 31.6923332214355 31.7276668548584 31.7705001831055 31.7280006408691 31.7770004272461 31.9989986419678 32.1040000915527 32.2116661071777 32.2490005493164 32.1146659851074 32.0021667480469 31.7413330078125 31.6574993133545 31.5249996185303 31.119499206543 30.9416656494141 30.7978324890137 30.7486667633057 30.6024990081787
32.0571670532227 32.0270004272461 32.0233345031738 32.0250015258789 31.9713325500488 31.9298343658447 31.8346672058105 31.763334274292 31.7616672515869 31.7450008392334 31.7164993286133 31.7151660919189 31.6121673583984 31.5804996490479 31.5931663513184 31.5734996795654 31.5326671600342 31.548999786377 31.5963344573975 31.6356678009033 31.6388339996338 31.5906677246094 31.4529991149902 31.5056667327881 31.5209999084473 31.4603328704834 31.4514999389648 31.4736671447754 31.5511665344238 31.4833335876465 31.4813346862793 31.5909996032715 31.6121673583984 31.6371669769287 31.7636680603027 31.9626655578613 32.0060005187988 32.0214996337891 32.0206680297852 32.0373344421387 32.050666809082 31.7725009918213 31.6841659545898 31.5970001220703 31.2491664886475 31.1313323974609 31.1323337554932 30.9526672363281 30.8398342132568
32.0653343200684 32.0406684875488 31.9729995727539 31.9383335113525 31.8888320922852 31.8271675109863 31.7548332214355 31.6858329772949 31.7061672210693 31.6861667633057 31.5986671447754 31.6053333282471 31.5508327484131 31.4828338623047 31.4653339385986 31.4321670532227 31.4171657562256 31.4011669158936 31.4676666259766 31.5241661071777 31.5556678771973 31.5294990539551 31.3968334197998 31.4298324584961 31.3681678771973 31.3423347473145 31.3451671600342 31.3345012664795 31.3535003662109 31.3346672058105 31.2709999084473 31.2948341369629 31.4161682128906 31.5468330383301 31.7293319702148 31.8059997558594 31.8308334350586 31.9346675872803 31.9148330688477 31.8314990997314 31.8168334960938 31.7530002593994 31.6191673278809 31.6224994659424 31.5113334655762 31.3850002288818 31.318000793457 31.2338333129883 31.2403335571289
32.0110015869141 31.9018325805664 31.9184989929199 31.7639999389648 31.7641677856445 31.7136669158936 31.656665802002 31.5678329467773 31.5791664123535 31.5839996337891 31.5354995727539 31.5148334503174 31.470666885376 31.4288330078125 31.3634986877441 31.3568325042725 31.400333404541 31.3501663208008 31.3666667938232 31.4138336181641 31.3859996795654 31.3961658477783 31.3460006713867 31.2178325653076 31.1848335266113 31.2338333129883 31.2110004425049 31.1331672668457 31.1206665039062 31.0513343811035 31.107666015625 31.2105007171631 31.2936668395996 31.4616661071777 31.5211658477783 31.6533336639404 31.6868324279785 31.7266674041748 31.8176670074463 31.7671661376953 31.8303337097168 31.6809997558594 31.5893325805664 31.5486660003662 31.5515003204346 31.4091663360596 31.4266662597656 31.4301662445068 31.324333190918
31.728832244873 31.7361660003662 31.7714996337891 31.6346664428711 31.671667098999 31.6426677703857 31.6324996948242 31.5226669311523 31.4726676940918 31.4313354492188 31.4036674499512 31.3800010681152 31.3509998321533 31.3489990234375 31.283332824707 31.3074989318848 31.3568344116211 31.2701663970947 31.1926651000977 31.2576675415039 31.1998329162598 31.2740001678467 31.2653312683105 31.130500793457 31.0068340301514 30.9985008239746 31.0116672515869 31.0361671447754 30.9851684570312 30.796501159668 30.7816677093506 30.9498329162598 31.1691665649414 31.3448333740234 31.4090003967285 31.5114994049072 31.625 31.6883335113525 31.716667175293 31.6591663360596 31.7353343963623 31.6701679229736 31.5763320922852 31.5613327026367 31.5351657867432 31.5270004272461 31.575834274292 31.49049949646 31.3731670379639
31.6966667175293 31.6655006408691 31.6088333129883 31.6088333129883 31.6184997558594 31.5599994659424 31.5260009765625 31.4496669769287 31.3771667480469 31.3275012969971 31.3074989318848 31.316333770752 31.2670001983643 31.2424983978271 31.2283325195312 31.2176666259766 31.2473335266113 31.191499710083 31.0061664581299 31.0508327484131 31.0799999237061 31.1551666259766 31.2053337097168 31.0021667480469 30.8718338012695 30.8039989471436 30.7755012512207 30.7931671142578 30.708833694458 30.6040000915527 30.5593338012695 30.6865005493164 30.8351669311523 31.0471668243408 31.1911659240723 31.3358325958252 31.3913345336914 31.5148334503174 31.6023330688477 31.5890007019043 31.5890007019043 31.5520000457764 31.5501670837402 31.5590000152588 31.5476665496826 31.5861663818359 31.5948333740234 31.453498840332 31.3941650390625
31.7038345336914 31.6066665649414 31.5475006103516 31.5821666717529 31.5588340759277 31.5271663665771 31.4671669006348 31.3893337249756 31.3301677703857 31.2693328857422 31.2188320159912 31.1744995117188 31.1245002746582 31.1458339691162 31.1444988250732 31.1753311157227 31.1744995117188 31.0583324432373 30.9528331756592 30.9123344421387 30.9535007476807 31.0419998168945 31.0874996185303 30.9179992675781 30.8558330535889 30.7688331604004 30.6801662445068 30.5320014953613 30.433666229248 30.3726654052734 30.2463340759277 30.329833984375 30.4820003509521 30.6453323364258 30.9150009155273 31.0886669158936 31.171501159668 31.3325004577637 31.3915004730225 31.4891662597656 31.4498329162598 31.4363327026367 31.4689998626709 31.5216655731201 31.5153331756592 31.4134998321533 31.3606662750244 31.3463344573975 31.0914993286133
31.6298332214355 31.5673332214355 31.5208339691162 31.5951652526855 31.4744987487793 31.4463348388672 31.3758335113525 31.3455009460449 31.2176666259766 31.1690006256104 31.1353321075439 31.0846672058105 31.0236663818359 31.0018329620361 31.0084991455078 31.0445003509521 31.0521659851074 30.9836654663086 30.9435005187988 30.8476676940918 30.8313331604004 30.941333770752 30.9678325653076 30.82200050354 30.7150001525879 30.7298336029053 30.6549987792969 30.5214996337891 30.4136657714844 30.2893333435059 30.173999786377 30.3226661682129 30.4444999694824 30.5066680908203 30.556999206543 30.8791675567627 30.9630012512207 31.1471672058105 31.207332611084 31.2950000762939 31.4281673431396 31.3889999389648 31.316333770752 31.3409996032715 31.310998916626 31.2766666412354 31.3088321685791 31.1901664733887 30.8521671295166
31.5241661071777 31.5276660919189 31.5294990539551 31.541166305542 31.3719997406006 31.2875003814697 31.2528324127197 31.1858329772949 31.046667098999 31.0361671447754 31.030834197998 31.0001678466797 30.9444999694824 30.9211673736572 30.9131660461426 30.9376659393311 30.9078330993652 30.921501159668 30.8684997558594 30.832332611084 30.8349990844727 30.8838329315186 30.905834197998 30.7653331756592 30.6654987335205 30.6651668548584 30.5543327331543 30.4009990692139 30.3603324890137 30.275333404541 30.2353343963623 30.4168338775635 30.3593330383301 30.4603328704834 30.5114994049072 30.7229995727539 30.849666595459 30.9318332672119 31.0031661987305 31.0861663818359 31.1588325500488 31.2038326263428 31.2296676635742 31.3196659088135 31.3176670074463 31.1485004425049 31.0380001068115 30.7993335723877 30.7415008544922
31.3866653442383 31.4130001068115 31.3915004730225 31.3448333740234 31.2458324432373 31.1625003814697 31.0971660614014 31.029167175293 30.943000793457 30.9193325042725 30.8718338012695 30.8099994659424 30.7714996337891 30.7756671905518 30.7903327941895 30.8328342437744 30.7840003967285 30.7681674957275 30.7826671600342 30.7999992370605 30.6985015869141 30.6826667785645 30.7624988555908 30.7064990997314 30.6533317565918 30.5201663970947 30.3850002288818 30.3250007629395 30.3569984436035 30.3253326416016 30.3051662445068 30.3236656188965 30.3866653442383 30.4593334197998 30.4941673278809 30.4966659545898 30.7003345489502 30.818000793457 30.8519992828369 30.9106674194336 30.9000015258789 30.9458332061768 31.0066680908203 31.001501083374 30.8159999847412 30.7053337097168 30.6319999694824 30.6781673431396 30.7501659393311
31.2511672973633 31.2534999847412 31.2200012207031 31.1826667785645 31.1266670227051 31.0694999694824 30.9895000457764 30.9171657562256 30.8544998168945 30.8131675720215 30.7474994659424 30.6881675720215 30.654167175293 30.6361656188965 30.6378326416016 30.6665000915527 30.6364994049072 30.6158332824707 30.5961666107178 30.5935001373291 30.4536666870117 30.4171676635742 30.5338325500488 30.5510005950928 30.4966659545898 30.4088344573975 30.3678340911865 30.3171672821045 30.185998916626 30.1533336639404 30.1920013427734 30.1641674041748 30.2108325958252 30.253833770752 30.337833404541 30.3570003509521 30.3264999389648 30.3231678009033 30.4606666564941 30.445499420166 30.4271659851074 30.3558330535889 30.3880004882812 30.4436664581299 30.3924999237061 30.3933334350586 30.4873332977295 30.5276679992676 30.5669994354248
31.1618347167969 31.134334564209 31.1046676635742 31.0590000152588 31.0096664428711 30.9636669158936 30.8906650543213 30.8535003662109 30.7835006713867 30.7316665649414 30.6678333282471 30.6218338012695 30.575834274292 30.5416660308838 30.5246658325195 30.5088329315186 30.5069999694824 30.4963340759277 30.4738330841064 30.4411678314209 30.3150005340576 30.2849998474121 30.3179988861084 30.4036674499512 30.4158325195312 30.3278331756592 30.2919998168945 30.1273326873779 30.0946655273438 30.0211658477783 29.9966659545898 29.9490013122559 29.9348335266113 29.9535007476807 30.0368347167969 30.119499206543 30.0856666564941 30.0063323974609 30.070499420166 30.0728340148926 30.1521663665771 30.1533336639404 30.2686653137207 30.3588333129883 30.3038330078125 30.2613334655762 30.2116661071777 30.2546653747559 30.1770000457764
31.1333332061768 31.0948333740234 31.0573329925537 31.0030002593994 30.9290008544922 30.8605003356934 30.8276653289795 30.765832901001 30.7106666564941 30.6781673431396 30.6156673431396 30.5706672668457 30.5066661834717 30.4674987792969 30.4206657409668 30.371166229248 30.4041652679443 30.4228324890137 30.4023323059082 30.2954998016357 30.2719993591309 30.2695007324219 30.2189998626709 30.1940002441406 30.1788330078125 30.0714988708496 29.9946670532227 29.9815006256104 29.8873329162598 29.9170017242432 29.8758335113525 29.8330001831055 29.8098335266113 29.8629989624023 29.9253330230713 29.8913326263428 29.8548336029053 29.9415016174316 29.9958343505859 30.0656661987305 30.1030006408691 30.1113338470459 30.1363334655762 30.1648330688477 30.1466674804688 30.0673332214355 29.9938335418701 29.8675003051758 29.8396663665771
