rasters/Niger_CLYPPT_M_sl2_250m_ll.asc
NCOLS 190 
NROWS 142 
XLLCORNER 0.152941121 
YLLCORNER 11.695773031 
CELLSIZE 0.0832493725157895 
NODATA_value -9999 
[rows 96 to 119 of 142, columns 110 to 164 of 190]
4 3.69280948851038 4.54077094143793 3 3.71312083024381 3.79028910303999 5.78324684951997 7.31912527798367 4 4 4.33128243143047 3.53914010378087 5.47553743513748 13 5.26389918458056 5 2.92661230541119 3.32171979243814 5 4.02001482579715 4.15492957746373 8.20733876945641 5 8.50756115641203 5.58569310600375 7.88146775389247 5.56538176426976 9.30170496664191 7.33157894736802 14.4225352112681 9.65641215714872 12.4932542624148 10.0774647887306 9.4195700518882 12.1495922905873 11.6143068939935 9.42253521126814 13.0122312824325 15.3300963676792 13.3478131949564 9.462194217946 13.1361749444022 9.80578206078898 12.4012601927355 11.9864343958501 8.57746478873187 8.78035581912275 11 12.0438843587798 9.21578947368218 11.0242401779069 11.8774647887311 11.2994810971079 12.0595255744992 18.7538176426996
2.67776130467008 3.76056338028162 4.09266123054161 4.17286879169729 2.52883617494343 4.63684210526404 4 6 4 3.15129725722755 13.2181616011861 4.61578947368286 1.91808747220133 6 4.35596738324785 4.84025203854774 2.82631578947337 5.16308376575256 5.5642698295029 7.60837657524082 5.99673832468421 5.81349147516813 9.79318013343423 7.81845811712167 6.79777613046852 8.20526315789372 12.0940696812451 10.7012601927365 9.71186063750883 8.84343958487599 8.7202372127497 10.2061527057082 13.1197183098621 11.6386212008878 10.6379540400307 11.2631578947391 11.3028910303922 13 13.854633061527 10.5377316530804 10.5353595255726 12.4986656782791 8.17679762787456 8.68821349147653 11.6197183098592 7.42765011119314 8.87146034099209 10.6960711638261 7.61971830985919 9.19251297257169 10.743217197924 9.43380281690191 12.9069681245354 10.7658265381763 16.912676056334
6.59169755374386 5.93417346182347 9.42512972572259 4.81534469977814 4.44944403261692 7 5.93276501112084 4 7 7 12 13.1532987398053 13 4.03802816901396 3.75959970348551 5.21578947368474 2.78183839881405 1.13157894736853 3.08947368421129 1.15744996293727 4 8.07635285396682 6.11712379540018 3.5818383988136 3.9977020014822 8.65885841364159 4.91986656782869 7.90214974054852 6.67309117865206 10.5000000000015 10.449518161603 9.51363973313579 12 10.5421052631568 7.97094143809896 11.5356560415109 15.3380281690149 9.96293550778307 9.00348406226763 9.65885841363734 10.3497405485535 10.9859154929553 12.1534469977747 12.0260192735386 12.9789473684231 8.61267605634003 8.69221645663348 11.1760563380273 10.2886582653793 10.4808747220156 11.5713862120107 8.41126760563475 11.5289103039291 9 9.76760563380576
5.59673832468558 5.13713862120088 12.5374351371395 4.78673091178678 5.9747220163089 6.34106745737728 4.55226093402708 7 4.3595255745001 7.44981467753708 10.1260934025201 5 6.53669384729473 4.61549295774694 2.88584136397454 3 4.94862861378799 2.22424017790983 2.24195700519113 2.67086730911801 4.70578206078668 1.70007412898505 4.64862861378906 4 6.75248332097861 5.70422535211324 4.06004447739265 5.41623424759067 8.31252779837109 10.4305411415912 11.0043736100798 4.54210526315853 9.73943661971984 12.9733135656026 12.9297998517386 8.73684210526248 11.8966641957019 9.28391401037957 13.3689399555219 11.2031875463302 9.22690882134852 6.1926612305428 10.7831727205352 5.26982950333472 8.18739807264375 10.3804299481111 9.52527798369408 10.808376575243 9.29577464788676 10.1996293550736 12.4700518902862 8.9112676056342 7.95366938472943 10.961008154189 10.1473684210563
8.12913269088162 4 7.05670867309104 11.9292809488511 11.574351371386 5.4552260934014 3.74647887323946 3.85989621942169 8.2623424759085 6.13476649369901 13.827205337287 11.9025945144548 12.0867309117868 4.47746478873308 10.8728687916972 2.16108228317312 4.40733876945874 5.08858413639717 2.36567828020849 4 3.99347664936842 4.72779836916287 4.18161601186128 2.77813194959096 5.20800593032094 4.95174203113318 5.06271312083003 5 7.57702001482574 14.4368421052652 13.8518902891028 5.15114899925922 3 6.71141586360372 11.5638991845824 14.3473684210515 13.915937731653 9.89325426241674 11.0061527057079 11.186508524831 9.54610822831756 7.57361008154505 11.8621200889532 8.93565604151098 7.50704225352108 8.27687175685676 19.2472201630864 19 12.5128243143048 16.5080059303327 23.3004447739074 19.5521126760575 19.1667902149742 18.6323202372124 22.2101556708664
7.94136397331224 10.6351371386204 8 7.60192735359278 2 7 2 4.6834692364694 7.20681986656881 7.90103780578153 10.5512972572257 11.9188287620452 6 5.99014084506827 2.36805040771121 1.21126760563492 4.82542624165963 5.18346923647241 4.98109710896935 2.80326167532027 5.00941438102511 6.48843587842888 2.2368421052608 4.30148257969147 4 7.21126760563492 7.15900667160961 7.15011119347757 12.331578947368 16.3646404744296 6.45811712379818 7.85515196441787 8.1549295774583 7.14484803558482 9.12342475908109 10.3601186063776 6.40274277242465 14.9388435878425 12.4586360266876 10.7896960711686 11.3880652335081 6.97442550037027 5.19458858413723 7.97094143810178 8.20600444774069 6.40252038547297 6.76982950333479 6.92401779095698 10.8254262416593 12.6793921423308 6.79777613047103 7.70422535211079 7 7.07146034099191 4.44870274277733
10.0163825055596 10.1690140845067 12.4373610081554 8.32023721275122 4.63543365456025 7.69822090437424 4.16901408450674 14.8487768717573 8.57931801334293 8.84166048925156 4.26597479614485 3.19177168273147 2.1730911786523 3.836619718311 4.74210526315716 7.51312083024217 5.31334321719794 5 4.52320237212861 3.55633802817062 4.49473684210656 5.19340252038454 2.67531504818428 6.94203113417631 7 6 4.45819125277851 4 4.3940696812446 6.07657524092108 4.16901408450674 6.47212750185278 9.91549295774598 8.09162342475874 10.6544848035566 13.58361749444 15.5554484803556 9.16901408450674 5.79444032616742 10.1705707931815 8.55396590066678 12.2578947368407 9.2212750185326 7.34425500370596 10.1637509266125 9 13.2433654558922 11.9777613046703 10 8.03647146034059 7.78569310600518 7.81830985915562 8.17309117865059 10.4882876204591 -9999
7.89911045218662 7.17005189028896 7.14010378057748 10.6296515937736 3.33958487768728 12.5908080059313 9.47865085248041 11.3558191252784 5.79014084506994 8.61971830985919 3.22490733876904 5.74255003706313 4 2.41830985915501 4.09406968124527 4.82194217939107 7.6995552260931 12.1697553743516 4.60333580430134 3.97064492216422 5.25744996293638 4.8988139362518 4.31245366938412 3.01534469977754 4.23283914010391 5.72001482579765 5.65722757598293 4 7.38028169014081 13 12.5101556708681 14.0048183839892 16.499999999999 16.8595255745001 12.9269829503364 10.8732394366197 10 5.62045959970328 11.1206078576724 5 11.5748702742809 6.25922905856074 8.43921423276566 9.86856931060037 4 5.83787991104545 6.12676056338027 6.13157894736768 9.84833209785147 10.3048183839841 8 10.0507042253523 11.4255003706444 9.10133432171937 -9999
8.86026686434432 6.01645663454431 5.14084507042268 8.29273535952543 5.26679021497242 4.41697553743505 14.713491475169 8.50111193477249 8.50874722016328 5.26419570052241 5.91549295774535 2.98710155670816 2.22461082283463 3.34647887324383 2.23610081541921 7.76597479614448 4.04047442550083 10.4681245366884 3.1690140845093 6.08050407709517 4.08932542624388 8.38880652335722 4.14455151964257 4.31638250555956 6.82305411415978 6 6.89458858413506 4.79503335804473 7.61193476649331 8.63128243142653 8.1974796145322 8.41208302446127 8.91549295774535 7.53498888065135 9.61934766493589 13.0885841363941 8.47257227576212 15.6504818383978 5 10.067160859897 13.1283172720624 9.24210526316015 12.9221645663445 9.03372868791759 5.99518161601233 4.25574499629515 11.0894736842096 11.9154929577454 9.10385470718808 9.69970348406317 9.25789473684113 8.2746478873229 9.99332839140409 -9999 -9999
7.66538176426987 6.02579688658299 5.23684210526251 3.98821349147504 15.6366938472949 13.9846553002222 7.42127501853188 10.4751667902149 2.51052631578974 3.61764269829696 4.32379540400154 9.32572275759878 10.644551519643 5.98732394366177 2.0640474425509 4.25470719051239 5.8189770200144 11.9099332839129 5.25589325426483 5.04025203854755 5.08406226834787 5.11438102297855 7.19347664936884 4.88917716827345 5.20541141586291 4.803409933285 8.71037805782089 6.03002223869573 7.64936990363142 6.40014825796789 8.62646404744392 7.43854707190427 7.45774647887154 8.02290585619001 11.5770941438086 13 6.32260934025099 4.74054855448492 5.12713120830433 5.69918458117657 5.04914751667969 5.80526315789312 4.92772424017715 12.8395107487005 9.89532987398163 11 7.04603409933337 8.91067457375961 5.99266123054111 7.16441808746961 8.28925129725669 3.01267605633815 2 3 -9999
4 3.19473684210578 3.52631578947409 9.00000000000085 2.00000000000113 10.7263157894713 6.59473684210407 4.00000000000188 4.95789473683936 10 2.57368421052634 2 4.99999999999944 5.99999999999864 1.25789473684262 2.7842105263146 3.82631578947366 2.13157894736853 3.17894736842428 4.04736842105562 4.00000000000085 3.00000000000006 6.92105263157973 6.6368421052652 1.48947368420828 7.0000000000005 4.00000000000021 9.13157894736867 6.66842105263597 7 7.58421052631578 6.99999999999869 8.99999999999915 8.45789473684357 7.41578947368337 9.7473684210547 4.33157894736973 6.15789473684431 7.7526315789469 3.99999999999965 7.67368421052294 7.00000000000021 8.07894736842112 2.07368421052939 7.00000000000085 6.09473684210539 11.9999999999999 10.9999999999968 7.652631578951 8.00000000000085 9.99999999999851 7.29999999999974 -9999 -9999 -9999
2.08450704225295 10.4574499629359 9.76315789473749 3.01178650852473 1.67894736842214 13.9577464788735 10.1220904373628 0.470719051148389 4.00177909562642 4.41186063750648 10.2969607116377 4.65804299480933 5.36990363232114 3.97042253521151 6.9891030392884 1.96686434395874 5.79140103780572 8.74240177909537 3.0856931060052 5.82475908080008 3.9157153447004 5.99844329132696 6.27131208302225 4.07939214232713 4.84373610081655 7 8.31097108969489 6.03002223869515 6.35982209043679 8.22616753150767 9 7.87709414380928 5.52112676056446 6 7.16842105262814 3.97353595255766 4.31756856931113 5.78280207561081 3.3005189028907 4.80340993328238 7.95774647887353 5.15819125278066 7.12120088954845 8.96085989621975 15.9896960711648 6.08650852483261 3.04225352112647 5.78465530022351 9 9.79332839140292 7.04225352112647 3 -9999 -9999 -9999
2 4.09377316530817 1.82765011119374 2.51282431430719 20.2288361749513 7.41697553743396 2.6952557449964 0.578576723497562 10.4252779836911 10.1423276501105 10.9659006671624 3.38421052631714 9.91326908821379 3.51549295774893 4.29607116382506 7.06627131208253 11.0293550778353 9.86434395848872 11.250926612305 6.5012601927335 5.92075611564299 11.2364714603381 6.32579688658025 3.69384729429357 3.92928094885138 4 7.70993328391498 9.73498888065272 6.91549295774706 7.03157894736809 6.56997776130546 9.28176426982997 10.8309859154967 7.03128243142918 6.95063009636816 4.65789473684129 6.33157894736887 5.06004447739023 6.96434395848628 5.15166790214858 3.77991104521796 9.03654558932713 10.2346182357299 13.9662713120823 12.1738324684936 13.8681245366947 9.08947368420958 4.74796145292944 5.08450704225295 10.1945144551424 -9999 -9999 -9999 -9999 -9999
3.38680504077231 2.67850259451379 6.4896219421802 0.964640474425322 1.74670126019474 6.14432913268877 12.7328391401056 15.0352112676061 13.551519644181 10.2233506300959 2.81919940696694 2 10.7012601927346 3.16478873239558 3.35196441808873 2.18843587842874 6.45500370644962 5.61008154188181 11.3057079318037 7.85789473684045 3.25285396590219 2.15426241660493 4.45700518903244 4.11141586360348 4.12676056338112 6 7.53046701260116 6.41623424759104 10.2941438102302 5.4530763528533 6.14707190511622 6 6.56338028169168 4.66886582653795 4 3.77939214232901 6.50103780578352 8.00481838398656 4.5587842846558 6.79473684210372 5.81616011860474 6.87323943661888 4 10.0736842105277 15.1228317272066 11.8792438843579 6.87323943661888 12.6697553743489 11.4080800593013 10.6030392883596 -9999 -9999 -9999 -9999 -9999
1.29584877687133 2.13610081541862 1.95997034840641 3 3 10.495922905855 6.49688658264994 5.09340252038538 6.0862861378798 11.1583395107484 1.16901408450674 0.761378799110677 9.45774647887457 1.11830985915456 10.0452928094895 7.90570793180191 2.1443291326912 6.12453669384703 3.93558191252896 7.87034840622761 4.16990363232014 11.0062268346922 12.4936990363225 12.4484062268378 7.97828020756234 5.17057079317935 4.79444032616813 5.24054855448439 11.1129725722756 4.23217197924324 5.41578947368337 3.5495181616005 4.83098591549369 5.86686434395981 6 5 5.22386953298677 4.79688658265397 6.90934025203919 4.25589325426123 6.28287620459504 4 2.85767234988937 9.57909562639247 10.0061527057073 4.34603409933217 11.8158636026691 23.4280948851012 23.9237212750169 28.1793180133416 -9999 -9999 -9999 -9999 -9999
1.96775389177171 0.17012601927364 2.78873239436611 9 2 6.84810971089793 2.49088213491396 6.35285396590026 3.80415122312805 4.09896219421799 1.09006671608599 3.26019273535906 5 12.0887323943671 3.84321719792448 12.0455893254264 2 1.68495181615996 8.6794662713077 3.42253521126777 3.99058561897489 10.5328391401048 14.1412157153433 5.3819125277965 3.83684210526438 4.37272053372577 10.4346182357305 9 14.5439584877687 7 5.86716085989491 5.01779095626417 4.50000000000128 6 6.54188287620514 4.86767976278734 5.12031134173499 6.41030392883591 5.35411415863609 5 3.30548554484886 4.21126760563389 3.80541141586372 17.4147516679022 5.2101556708675 12.9526315789477 19.9483320978508 30 31.073387694588 34.5684210526356 -9999 -9999 -9999 -9999 -9999
7.84736842105284 6.4247590808003 11 4.35544848035607 4.93224610823026 5.98243143069003 3.44395848776924 5.22053372868771 3.24818383988124 7.25352112676054 4.89191994069686 11.6490733876943 1.16679021497375 10.4774647887331 12 2.8558932542627 0.660859896219281 7.57190511489994 10.7691623424761 9.54499629354846 10.2587842846565 2.8014825796872 2.97998517420331 12.3200889547798 4.90963676797508 6.81349147516523 12.4302446256489 7.72312824314258 8.33684210526396 6.62631578947505 5.26767976278621 4.021349147517 5.37323943661878 3.34180874722098 3.33276501112275 5.90526315789458 5.91460340993352 4.14677538917728 3.56182357301704 3.6120088954808 4.87820607857573 5.12105263158007 6.72757598220884 6.46085989621848 6.24825796886631 29.6991104521871 30.2094143810234 31.5166790214987 31.7822831727223 41.0169755374326 -9999 -9999 -9999 -9999 -9999
11.7493699036332 8.37234988880775 5.9951816160087 6.09807264640659 4.0252779836917 4.10741289844261 3.75707931801168 7.32690882134814 1.8000741289834 2.38984432913101 1.44759080800662 6.97479614529537 8.75129725722539 8 8.14373610081813 7.44773906597425 7.70422535211384 11.6653076352867 5.12994810971055 8.86656782801898 3.29051148999023 3.03684210526217 12.5930318754654 3.41682727946453 6.04825796886527 8.79266123054653 10.6805782060799 5.20385470719042 8.97316530763657 4.07790956263879 7.30014825796559 4.91401037805558 2.73943661971426 5.5438843587864 4.17279466271193 3.81475166790307 4.33684210526225 4.08561897701975 5.05263157894917 3.20526315789628 5 5.34521868050366 5.29577464788616 5.721868050409 13.7005189028925 24.3151223128231 25.2419570051866 38.5074128984446 38.3475908080022 40.6392142327601 42.0762787249809 -9999 -9999 -9999 -9999
8.89896219421799 10.5988880652339 5.32727946627208 3.1885841363967 5.20007412898282 12.5784284655291 6.12609340252129 12.2223869532988 6.50363232023836 11.179688658265 15.9117123795399 9.16197183098314 9.21312083024505 4.5464788732417 1.82928094885036 3.54329132691099 8.45300222386925 9.70644922164622 3.84091919940909 5.96864343958448 9.31697553743475 8.17820607858045 5 3.50170496664028 2.44603409933153 10.2574499629368 5.25085248332278 3.33802816901348 6.99703484062368 3.21171237954049 5.61326908821259 3 3.66197183098738 3.81675315048253 3.61326908821428 4 3 3.19162342475942 4 3 7.60919199407139 5 12.597108969605 5.50978502594789 9.6584877687185 8.69140103780454 26.281245366934 37.9147516679023 35.7277242401751 35.233951074883 39.017494440324 -9999 -9999 -9999 -9999
8.83365455893121 7.87931801334315 6 5.34573758339505 4.28465530022316 3.36315789473596 1.73713862120279 4.89288361749376 8.92305411415979 8 15.5736842105265 12.9973313565592 9.49962935507988 1.39859154929471 3.53951074870404 3.56805040770979 7.42186805040721 6.01704966641861 1.38028169013996 4.59036323202423 8.61119347664832 5 5.61971830986004 5.90793180133498 8.1780578206082 6.5705707931809 4 6.70126019273749 3.922609340252 5.48421052631801 3.74232765011134 3.66404744254916 5 4 4.3620459599698 4 4.07939214232835 3.72979985174276 6.38028169013996 10.4736100815449 2 1.83558191252683 9.52965159377321 5 4.62498146775427 6.3916234247582 6.92720533728867 27.6341734618231 29.4704966641973 39.5065233506267 34.2341734618172 -9999 -9999 -9999 -9999
15.2407709414378 13.6805040770938 7.33691623424659 5.75085248331951 6.10148257968942 14.0562638991847 3.70511489992881 9.72201630837619 17.6260934025197 8.69303187546317 25.93395107487 12.2601927353588 5.44403261675455 2.57323943661848 2.68042994811012 4.78421052631526 4.66960711638258 2.50148257968888 3.57746478873272 5.02735359525608 4.57442550037028 7.72668643439695 6.36434395848842 6.13617494440392 6.29280948850952 3.90126019273414 3.10452186804998 8.75685693105921 6.57524091919923 6.84507042253456 4.1689399555216 3.80652335063051 4.7112676056329 4.85515196441657 4.48695329874002 4 3.71756856931101 3.53261675315058 7.75263157894733 10.3358042994802 2.79051148999894 10.4225352112673 4.35581912527693 4.58732394366245 7.00303928836146 5.26434395848778 5.08947368420958 13.366938472943 38.5756856931032 34.6381022980023 36.1573017049701 -9999 -9999 -9999 -9999
7.36493699036386 7.68843587842798 7.63639733135741 8.51556708673121 5.07879911045026 9.19436619718285 8.34929577464823 12.0878428465541 15.3077094143821 14.2507042253524 13.7718309859153 7.2586360266843 2.81690140844988 2.88450704225586 8.13802816901463 6.41971830985935 7.30333580429879 3.65752409191941 3.91052631578872 3.44507042253402 7.5320237212749 6.44766493699023 6.03669384729388 8.53521126760625 2.62253521126766 4.63061527057081 5.80563380281869 4.84507042253536 2.64225352112614 8.399999999999 7 2.96085989621889 5.96478873239384 8.49703484062271 2.68732394366253 4.49110452186794 2.18028169014057 2 2.53521126760625 1.22008895477944 2.69058561897394 6.06189770200248 4.57190511490092 5.98287620459569 7.07286879169854 8.13980726464123 6.46478873239375 5.67605633802815 6.30333580430037 31.7842105263178 30.4284655300211 29.7859154929567 -9999 -9999 -9999
10.4929577464794 11.5211267605619 8 5.64455151964362 3.65122312824324 5.52297998517438 10.4986656782803 9.27242401779145 13.7411415863604 17.4363973313567 10.5736842105265 8.18939955522695 7.19051148999708 8.65492957746491 8.00874722016503 11.3976278724975 7 6.55967383246897 5.44885100074135 7.49295774647935 5.50971089696083 7.01868050407657 6.37509266123216 7.37361008154282 6.91727205337357 5.59703484062255 6.61838398813931 2.21052631578887 9.65900667160964 7.19829503335659 7.71200889547744 1.99236471460392 7.74647887324033 11.2672349888804 8.92283172720658 4.94388435878299 4 4.9280948850991 4.74210526315802 4.0075611564164 3 7.56671608598976 5.01297257227486 5.88947368420839 5.50704225352065 7.47027427724296 3.13358042994674 17.3472942920704 -9999 -9999 -9999 -9999 -9999 -9999 -9999
13.3518161601205 17.5660489251326 6.91623424758833 7.23291326908627 8.66234247590765 7.84966641956941 10.162638991848 9.75426241660568 9.28042994810925 13.567012601925 7.32498146775495 12.2980726464019 17.3057820607811 10.0183098591501 8.49036323202573 8.56790214974464 9.53217197924308 10.5693106004464 8.99970348406527 10.1459599703466 11.4517420311356 8.05344699777474 7.96441808747246 7.73684210526093 8.4507042253533 7.64180874721876 9.5492957746467 4.23128243143085 6.56982950333858 4.16842105263141 9.60689399554977 10.335730170497 11 9.8398813936226 5.09251297257019 4.24544106745865 3.5492957746467 1.84099332839161 7.88851000741259 6.47094143810315 5.28754633061513 3.1517420311363 2.03558191252831 5.61934766493725 6.55455893254093 11.4972572275752 13.9508524833216 -9999 -9999 -9999 -9999 -9999 -9999 -9999 -9999
