rasters/Niger_bio8.asc
NCOLS 190 
NROWS 142 
XLLCORNER 0.152941121 
YLLCORNER 11.695773031 
CELLSIZE 0.0832493725157895 
NODATA_value -3.4e+38 
[rows 44 to 65 of 142, columns 98 to 146 of 190]
32.7633323669434 32.5896682739258 32.3583335876465 31.9406661987305 30.7101669311523 30.8091659545898 31.0738334655762 31.3500003814697 31.5718326568604 31.6726665496826 31.7479991912842 31.8803329467773 32.0363349914551 32.1816673278809 32.3563346862793 32.490665435791 32.5881652832031 32.6348342895508 32.7026672363281 32.7765007019043 32.8608322143555 32.9581680297852 33.0403327941895 33.0895004272461 33.1276664733887 33.1736679077148 33.2131652832031 33.2716674804688 33.4008331298828 33.5039978027344 33.5205001831055 33.4926681518555 33.497501373291 33.5470008850098 33.6126670837402 33.6771659851074 33.7294998168945 33.783332824707 33.7963333129883 33.8118324279785 33.833667755127 33.8401679992676 33.7724990844727 33.6863327026367 33.6483306884766 33.6375007629395 33.8013343811035 33.7480010986328 33.8068313598633
32.7779998779297 32.4384994506836 32.0428314208984 31.7393341064453 31.2503337860107 31.2203330993652 31.3374996185303 31.4908332824707 31.61549949646 31.8831653594971 31.9136657714844 31.9051666259766 32.0485000610352 32.2021675109863 32.3418350219727 32.4588317871094 32.5376663208008 32.6043357849121 32.6946678161621 32.7703323364258 32.8678321838379 32.9613342285156 32.9925003051758 33.0519981384277 33.0804977416992 33.1118316650391 33.1493339538574 33.1865005493164 33.2843322753906 33.4283332824707 33.4883346557617 33.496997833252 33.5398330688477 33.5665016174316 33.6136665344238 33.6846656799316 33.7470016479492 33.7665023803711 33.7851676940918 33.7933349609375 33.7840003967285 33.7586669921875 33.7338333129883 33.6774978637695 33.6221656799316 33.5984992980957 33.6754989624023 33.7664985656738 33.6411666870117
32.4116668701172 32.2038345336914 31.8906669616699 31.8404998779297 31.4673328399658 31.3094997406006 31.4370002746582 31.6979999542236 31.814998626709 32.0303344726562 32.0139999389648 32.0018348693848 32.0776672363281 32.2013320922852 32.3011665344238 32.4095001220703 32.5088348388672 32.601001739502 32.6903343200684 32.7985000610352 32.8891677856445 32.9554977416992 32.9754981994629 33.0163345336914 33.0526657104492 33.0636672973633 33.09033203125 33.1421661376953 33.2514991760254 33.3766670227051 33.4830017089844 33.5566673278809 33.5800018310547 33.5839996337891 33.6215019226074 33.6748352050781 33.720832824707 33.7488327026367 33.7560005187988 33.7458343505859 33.7433319091797 33.716667175293 33.6774978637695 33.6333351135254 33.6151657104492 33.6245002746582 33.577335357666 33.603832244873 33.5281677246094
32.4513320922852 32.2658309936523 31.8926677703857 31.8766670227051 31.4796657562256 31.2248344421387 31.3553333282471 31.6148338317871 31.871000289917 32.165168762207 32.267333984375 32.2188339233398 32.0979995727539 32.1790008544922 32.3133354187012 32.4356689453125 32.541332244873 32.6351661682129 32.7234992980957 32.8016662597656 32.8708343505859 32.9401664733887 32.9814987182617 33.0203323364258 33.0353317260742 33.0741653442383 33.1353340148926 33.2299995422363 33.3320007324219 33.4271659851074 33.5226669311523 33.5716667175293 33.5978355407715 33.6151657104492 33.6383323669434 33.6568336486816 33.7036666870117 33.7188339233398 33.7201652526855 33.7080001831055 33.6769981384277 33.6878318786621 33.6616668701172 33.6570014953613 33.6416664123535 33.5498352050781 33.5238342285156 33.5694999694824 33.4710006713867
32.4124984741211 32.320499420166 32.0518341064453 31.8531665802002 31.4554996490479 31.2931671142578 31.267333984375 31.4411659240723 31.683500289917 31.9613342285156 32.1705017089844 32.2480010986328 32.1176681518555 32.1598320007324 32.3058319091797 32.4191665649414 32.5186653137207 32.6199989318848 32.7051658630371 32.7906646728516 32.8525009155273 32.9391670227051 32.9758338928223 33.0033340454102 33.0354995727539 33.1186676025391 33.2120018005371 33.28466796875 33.3810005187988 33.4893341064453 33.5468330383301 33.554500579834 33.5805015563965 33.6030006408691 33.6218338012695 33.6206665039062 33.6533355712891 33.6778335571289 33.6860008239746 33.6931686401367 33.683666229248 33.695499420166 33.6738319396973 33.5966644287109 33.5516662597656 33.5325012207031 33.5069999694824 33.3990020751953 33.3465003967285
32.4731674194336 32.3658332824707 32.2430000305176 32.0691680908203 31.6458339691162 31.3111667633057 31.4860000610352 31.5536670684814 31.7603340148926 31.9354991912842 32.0861663818359 32.201831817627 32.1544990539551 32.1430015563965 32.2613334655762 32.380500793457 32.4718322753906 32.5595016479492 32.6706657409668 32.7703323364258 32.8191680908203 32.8791656494141 32.9233322143555 32.9846649169922 33.0496673583984 33.1549987792969 33.2421646118164 33.2980003356934 33.4136657714844 33.4879989624023 33.5186653137207 33.5423355102539 33.5726661682129 33.5685005187988 33.576831817627 33.5794982910156 33.6028327941895 33.6418342590332 33.6549987792969 33.6613349914551 33.6268348693848 33.628833770752 33.5548324584961 33.507999420166 33.482666015625 33.4821662902832 33.4566650390625 33.4128341674805 33.3413314819336
32.6264991760254 32.5315017700195 32.113166809082 31.0476665496826 29.77783203125 30.113000869751 31.1989994049072 32.0180015563965 32.2963333129883 31.9841651916504 32.0825004577637 32.1218338012695 32.1743316650391 32.2615013122559 32.2631683349609 32.3516654968262 32.4736671447754 32.548168182373 32.6556663513184 32.7496681213379 32.818000793457 32.9124984741211 32.9751663208008 33.0304985046387 33.1064987182617 33.1748352050781 33.2285003662109 33.2905006408691 33.382999420166 33.4466667175293 33.5175018310547 33.5434989929199 33.5419998168945 33.5540008544922 33.5723342895508 33.5961685180664 33.6023330688477 33.5961647033691 33.610164642334 33.5970001220703 33.5644989013672 33.5246658325195 33.466667175293 33.4340019226074 33.4379997253418 33.4071655273438 33.412166595459 33.3745002746582 33.2868347167969
32.8383331298828 32.4236679077148 31.2716655731201 29.2838325500488 28.4636669158936 28.4383335113525 28.3278331756592 31.5305004119873 32.1375007629395 31.9500007629395 31.8985004425049 31.9594993591309 32.1315002441406 32.421501159668 32.5216674804688 32.5335006713867 32.5224990844727 32.5755004882812 32.6625022888184 32.7626647949219 32.8269996643066 32.9273338317871 32.9915008544922 33.037166595459 33.0911674499512 33.1511650085449 33.2089996337891 33.2573318481445 33.3255004882812 33.3901672363281 33.4410018920898 33.5018310546875 33.5455017089844 33.5501670837402 33.5398330688477 33.5698318481445 33.5821647644043 33.5401649475098 33.5186653137207 33.4938316345215 33.4401664733887 33.4643325805664 33.3671646118164 33.3310012817383 33.3281669616699 33.3929977416992 33.4406661987305 33.2893333435059 33.2281646728516
32.995002746582 32.5255012512207 29.8540000915527 28.4584999084473 27.9115009307861 28.2814998626709 29.0516662597656 31.3819999694824 31.8036670684814 31.8268337249756 31.8915004730225 31.9236660003662 32.2566680908203 32.5455017089844 32.5313339233398 32.4926681518555 32.5921669006348 32.6291656494141 32.7029991149902 32.7763328552246 32.8273315429688 32.8974990844727 32.9495010375977 33.0174980163574 33.0671653747559 33.1198348999023 33.1771659851074 33.2138328552246 33.2596664428711 33.3118324279785 33.3961639404297 33.4686660766602 33.4941673278809 33.4993324279785 33.4858322143555 33.4948348999023 33.507999420166 33.4814987182617 33.4728317260742 33.4636650085449 33.3741683959961 33.3448333740234 33.3001670837402 33.2801666259766 33.2886657714844 33.3720016479492 33.3969993591309 33.3003311157227 33.2179985046387
32.8834991455078 32.7163352966309 31.1128330230713 27.3573341369629 27.2666664123535 28.179666519165 29.6216678619385 31.6343326568604 31.1609992980957 30.0381660461426 31.6166667938232 32.0033340454102 32.4544982910156 32.3146667480469 32.2723350524902 32.4416656494141 32.5938339233398 32.6790008544922 32.7324981689453 32.7826652526855 32.8301658630371 32.8935012817383 32.9580001831055 32.9861679077148 33.0328330993652 33.0953330993652 33.1474990844727 33.1526679992676 33.1981658935547 33.2425003051758 33.3190002441406 33.397834777832 33.4591674804688 33.4478340148926 33.4046669006348 33.4001655578613 33.4151649475098 33.4290008544922 33.4126663208008 33.4048347473145 33.3559989929199 33.2919998168945 33.2804985046387 33.2493324279785 33.2044982910156 33.2273330688477 33.2620010375977 33.2941665649414 33.2714996337891
32.7136650085449 32.4833335876465 31.6771678924561 29.6071662902832 29.6551666259766 29.6561660766602 28.492166519165 30.2076663970947 29.3946666717529 29.1558322906494 30.783166885376 32.4060020446777 32.5900001525879 32.1678314208984 32.3561668395996 32.656665802002 32.7061653137207 32.7794990539551 32.7738342285156 32.7988319396973 32.8575019836426 32.90283203125 32.9298324584961 32.9710006713867 32.9946670532227 33.0243339538574 33.0408325195312 33.1063346862793 33.1666679382324 33.1976661682129 33.2576675415039 33.3636665344238 33.3846664428711 33.3533325195312 33.3216667175293 33.3338317871094 33.3626670837402 33.3678321838379 33.3286666870117 33.3256683349609 33.3133316040039 33.2666664123535 33.2066650390625 33.1441688537598 33.1246643066406 33.1404991149902 33.1510009765625 33.1640014648438 33.1901664733887
32.593334197998 32.2639999389648 32.2623329162598 31.6173324584961 29.5576667785645 29.966833114624 30.1393337249756 30.7283325195312 29.8826675415039 29.7126655578613 31.1849994659424 32.1814994812012 31.4680004119873 31.1580009460449 32.0566673278809 32.7031669616699 32.6791648864746 32.7653350830078 32.821834564209 32.8310012817383 32.8418350219727 32.8619995117188 32.8903350830078 32.9459991455078 33.003002166748 32.9835014343262 33.025333404541 33.0755004882812 33.1403350830078 33.1853332519531 33.2254981994629 33.3181686401367 33.3170013427734 33.3008346557617 33.2798347473145 33.2975006103516 33.3156661987305 33.3141670227051 33.2978324890137 33.279167175293 33.2869987487793 33.1713333129883 33.1204986572266 33.1025009155273 33.0713348388672 33.0508346557617 33.0403327941895 33.0349998474121 33.0661659240723
32.0353317260742 31.9916667938232 31.916166305542 31.4694995880127 30.0216674804688 30.8811664581299 30.9698333740234 31.0271663665771 30.9588317871094 31.695333480835 32.0636672973633 31.9799995422363 30.8898334503174 30.8320007324219 31.628833770752 32.371166229248 32.6344985961914 32.7273330688477 32.7966690063477 32.8168334960938 32.8123321533203 32.8206672668457 32.8443336486816 32.9339981079102 32.9580001831055 32.8583335876465 32.9476661682129 33.0676689147949 33.1426658630371 33.208667755127 33.2476654052734 33.273998260498 33.2971649169922 33.2743339538574 33.253833770752 33.2521667480469 33.2809982299805 33.2713317871094 33.2491683959961 33.1873321533203 33.2378311157227 33.0999984741211 33.0578346252441 33.0369987487793 33.0019989013672 32.9724998474121 32.9581680297852 32.9736671447754 32.9934997558594
31.7408332824707 32.09716796875 31.9768333435059 31.69700050354 31.4863338470459 30.8025016784668 31.2613334655762 31.058500289917 31.0543346405029 31.6498336791992 31.736499786377 31.0931663513184 30.6191673278809 30.7371673583984 31.5123329162598 32.0275001525879 32.6446647644043 32.7743339538574 32.798999786377 32.8310012817383 32.828498840332 32.8150024414062 32.831169128418 33.0283317565918 33.1361656188965 32.9324989318848 32.954833984375 33.040168762207 33.132999420166 33.1961669921875 33.2136688232422 33.2108345031738 33.2283325195312 33.2186660766602 33.2070007324219 33.2213325500488 33.209831237793 33.1623344421387 33.1118316650391 33.0868339538574 33.0676651000977 33.0388336181641 32.9786682128906 32.9418334960938 32.9268341064453 32.929500579834 32.9244995117188 32.9371681213379 32.9648323059082
32.5383338928223 32.3831672668457 32.1860008239746 31.9556655883789 30.7765007019043 30.9908332824707 31.3346672058105 30.9936676025391 31.0395011901855 31.2103328704834 31.166332244873 30.6541652679443 30.8251667022705 30.8448333740234 30.7644996643066 31.308666229248 32.3906669616699 32.7919998168945 32.8148345947266 32.8586654663086 32.8161659240723 32.7771682739258 32.8153343200684 33.02783203125 33.2589988708496 33.1399993896484 33.0045013427734 32.9663314819336 33.0156669616699 33.0753326416016 33.1165008544922 33.1593322753906 33.1774978637695 33.191333770752 33.163501739502 33.1466674804688 33.1080017089844 33.0359992980957 32.9910011291504 32.9883346557617 32.9598350524902 32.9238357543945 32.9016647338867 32.906665802002 32.8860015869141 32.8964996337891 32.8953323364258 32.8964996337891 32.9285011291504
32.3881683349609 32.2280006408691 32.1134986877441 31.9656658172607 31.6798324584961 31.4204998016357 31.300666809082 31.1141662597656 30.9436664581299 30.533166885376 31.3736667633057 31.8803329467773 31.5564994812012 31.4483337402344 30.9869995117188 31.3020000457764 32.364501953125 32.8503341674805 32.7876663208008 32.876335144043 32.8383331298828 32.7745018005371 32.7426681518555 32.8171653747559 33.0944976806641 33.0648345947266 32.9186668395996 32.888500213623 32.9166679382324 32.9638328552246 33.0398330688477 33.0870018005371 33.0993347167969 33.095832824707 33.071834564209 32.9938316345215 32.9403343200684 32.9531669616699 32.9599990844727 32.9276657104492 32.8913345336914 32.865665435791 32.8523330688477 32.8466682434082 32.8486671447754 32.8530006408691 32.8636665344238 32.8456649780273 32.8321647644043
32.3863334655762 32.2724990844727 32.0796661376953 31.9196662902832 31.5963325500488 31.1183338165283 29.7531661987305 30.7865009307861 30.9626655578613 30.9328327178955 31.7241668701172 32.2836685180664 32.1576652526855 32.0758323669434 31.5163345336914 31.4145011901855 32.2081680297852 32.7630004882812 32.7091674804688 32.8908348083496 32.8783340454102 32.7826652526855 32.7123336791992 32.7256660461426 32.8451652526855 32.8703308105469 32.8451652526855 32.8509979248047 32.8708343505859 32.8998336791992 32.9845008850098 33.0096664428711 33.0111656188965 32.968334197998 32.900333404541 32.8613319396973 32.8916664123535 32.9021682739258 32.9006652832031 32.8769989013672 32.8296661376953 32.8046646118164 32.7898330688477 32.7825012207031 32.7863349914551 32.7789993286133 32.7686653137207 32.7676658630371 32.8056640625
32.2746658325195 32.1403312683105 31.929500579834 31.7109985351562 31.4580001831055 30.7846660614014 29.4188346862793 30.3449993133545 30.7550010681152 30.8811664581299 31.7541656494141 32.0931663513184 32.4748344421387 32.5551681518555 31.9495010375977 31.611499786377 31.9916667938232 32.6886672973633 32.7216682434082 32.8228340148926 32.8660011291504 32.8090019226074 32.7541656494141 32.75 32.8331680297852 32.8665008544922 32.8553352355957 32.8143348693848 32.8036651611328 32.8743324279785 32.9253311157227 32.9283332824707 32.8919982910156 32.8296661376953 32.7946662902832 32.8078308105469 32.8091659545898 32.8316650390625 32.8241653442383 32.8008346557617 32.7423324584961 32.7071685791016 32.7116661071777 32.7188339233398 32.7076644897461 32.701000213623 32.7036666870117 32.718334197998 32.739501953125
32.0415000915527 31.554666519165 31.2366676330566 31.11549949646 31.0566673278809 30.6433334350586 30.2164993286133 30.3500003814697 30.7171669006348 30.982666015625 31.4846668243408 31.9643325805664 32.2481689453125 32.6233329772949 32.5833358764648 32.4606666564941 32.7398338317871 32.8139991760254 32.7738342285156 32.8208312988281 32.8193321228027 32.7586669921875 32.7556686401367 32.8046646118164 32.8238334655762 32.8593330383301 32.8753318786621 32.8483352661133 32.8359985351562 32.8421669006348 32.8675003051758 32.8421669006348 32.8136672973633 32.7758331298828 32.7533340454102 32.7291679382324 32.7396659851074 32.7661666870117 32.8493347167969 32.6858329772949 32.6146659851074 32.6146659851074 32.6463317871094 32.6565017700195 32.6500015258789 32.6473350524902 32.6611671447754 32.6633338928223 32.6614990234375
32.0839996337891 31.5886669158936 31.1695003509521 30.8470001220703 28.6273326873779 29.8935012817383 29.787166595459 30.5381660461426 31.1178340911865 31.4274997711182 31.951000213623 32.1773338317871 32.2895011901855 32.5901641845703 32.6025009155273 32.6624984741211 32.7229995727539 32.7819976806641 32.7760009765625 32.7179985046387 32.7386665344238 32.701831817627 32.7318344116211 32.7763328552246 32.7841682434082 32.792667388916 32.8186645507812 32.8526649475098 32.8138313293457 32.7934989929199 32.7760009765625 32.7603340148926 32.7569999694824 32.7509994506836 32.7218322753906 32.7060012817383 32.7094993591309 32.7078323364258 32.7895011901855 32.8013343811035 32.5716667175293 32.5750007629395 32.5828323364258 32.5984992980957 32.6103324890137 32.6191673278809 32.638500213623 32.636833190918 32.6283340454102
32.2299995422363 31.5676670074463 31.5001678466797 31.1741676330566 28.4738330841064 29.2296676635742 29.0761661529541 30.5111656188965 31.1698341369629 31.5336666107178 31.8843326568604 32.0349998474121 32.1656684875488 32.3088340759277 32.5740013122559 32.6298332214355 32.6078338623047 32.6433334350586 32.6896667480469 32.7091674804688 32.7046661376953 32.6684989929199 32.6641654968262 32.6640014648438 32.6606674194336 32.6953353881836 32.7106666564941 32.7501678466797 32.7413330078125 32.7130012512207 32.683666229248 32.689998626709 32.6931648254395 32.6766662597656 32.6766662597656 32.6803321838379 32.6640014648438 32.654167175293 32.6998329162598 32.8398323059082 32.5431671142578 32.526668548584 32.5606689453125 32.5703315734863 32.571834564209 32.5801658630371 32.566333770752 32.5703315734863 32.5485000610352
31.3081665039062 31.5598335266113 31.3040008544922 31.1340007781982 30.5025005340576 29.0708332061768 28.5771656036377 30.0728340148926 30.8015003204346 31.3775005340576 31.6660003662109 31.8873329162598 32.0668334960938 32.2319984436035 32.308666229248 32.6764984130859 32.6691665649414 32.6523323059082 32.665168762207 32.678165435791 32.6421661376953 32.5966682434082 32.5886688232422 32.5855026245117 32.5901679992676 32.6549987792969 32.6809997558594 32.7215003967285 32.6529998779297 32.6171684265137 32.6168327331543 32.6396675109863 32.6261672973633 32.6105003356934 32.6075019836426 32.6121673583984 32.5976676940918 32.5671653747559 32.5726661682129 32.6370010375977 32.522834777832 32.5139999389648 32.5260009765625 32.5036659240723 32.4976654052734 32.5098342895508 32.5099983215332 32.469165802002 32.4230003356934
