rasters/Niger_CLYPPT_M_sl2_250m_ll.asc
NCOLS 190 
NROWS 142 
XLLCORNER 0.152941121 
YLLCORNER 11.695773031 
CELLSIZE 0.0832493725157895 
NODATA_value -9999 
[rows 96 to 119 of 142, columns 55 to 109 of 190]
8.57746478873187 14.1465530022252 17.5014825796893 16.9688658265376 24.0105263157885 27.5501111934763 19.5257968865822 27.1901408450693 17.2488510007424 19.2370644922166 24.5472201630852 20.2774647887318 20.4343958487737 4 13.668717568569 3.89095626389892 8.02105263157777 4 4.42253521126813 1.63684210526276 13.3578947368426 5.88213491475135 4 5.082283172721 6.30756115641217 5.93617494440307 13.0684210526318 5 8.39584877687194 7.76271312083253 4.68028169013956 6.77583395107637 8.34469977761377 6.44180874721884 2.42253521126813 2.42253521126813 1.89970348406291 6.16679021497405 6.71808747220088 2 4.69911045218728 4.23795404002972 3 3.27353595255774 5.84959229058596 1.95848776871937 1.42253521126813 6.89362490733837 8.71957005189057 6 7.57746478873187 7.58413639733091 2.43773165307639 4.93157894736905 4.86219421794009
7 9.54736842105297 18.4292068198666 17.3942920681989 25.9590066716088 31.5903632320239 13.1839881393626 15.6790214974061 19.5955522609333 18.5376575240921 24.3002965159376 8.73380281690147 15.6686434395848 13.6223128243137 5.16212008895439 3 9.38028169014081 4.38028169014081 9.12201630837686 6.51838398813946 5.1989621942178 4 3.38028169014081 5.30622683469201 7.70252038547025 4.46434395848806 4 7.97368421052629 8.75455893254248 12.5838398813942 12.657746478873 8.08806523350575 5.46071163825074 3.17212750185284 2 4.68947368421018 6.44974054855519 2.84988880652356 2 9.79177168272787 9.53706449221585 2.21415863602646 6.00518902891045 6.11208302446246 8.45003706449222 7.5554484803555 5.23943661971838 3.08117123795336 8.33550778354179 5 5.96412157153423 5.22965159377312 3.01000741289813 3 5.59325426241673
5.43424759080697 5.95908080059284 6.89436619718294 16.3624166048937 23.6584877687171 32.9839881393626 10.5028910303911 12.0626389918468 14.617346182359 11.2363973313547 7.33098591549454 14.8985915492955 4 11.1940696812435 7.28220904373509 1.15833951074882 3.31697553743713 5.15122312824364 9.1810971089678 5.27368421052553 5.10852483320997 1.56767976278607 1.6619718309851 2.53306152705586 7.56093402520246 5.07472201630885 8 9.00889547813198 4.3380281690149 5.31845811712487 5 6.10185322461325 5.12194217939153 4.85018532246159 0.57501853224596 1.54358784284735 1.3380281690149 7.20459599703551 10.8523350630094 10.140919199406 6.40956263899345 1 4.40066716085918 3.55737583394924 2.79006671608553 1.03143068940263 2.56434395848895 8.20200148257764 1 5.03380281690169 5.88421052631501 1.6619718309851 2 5 1.30066716086076
5 5.91475166790189 7.27242401779042 9.92416604892412 28.1620459599701 21.8873239436603 19.0496664195718 15.8684210526327 23.9802816901453 15.0476649369902 27.0378799110448 3 3.65789473684211 4 2.59599703483959 3.35893254262519 8.34469977761374 6.98072646404636 12.8137138621214 5.59154929577352 7.25137138621235 2.16501111934759 4.61823573016989 6.12550037064252 3 9.43802816901348 7.08865826538202 6.98146775389174 4.5868791697542 13.5165307635286 21.5084507042258 13.6621942179401 6.96478873239696 5 1.62179392142252 0.733135656041791 3.43980726464019 6.39473684210475 3 3 11.366938472943 4.29288361749288 1.21571534470056 1 4.48554484803603 2.07939214232792 6 4.4040029651605 3.11267605633972 3.5929577464786 2.40845070422648 4.71534469977832 2.01853224610766 8.11660489251195 9.29577464788676
5.5974054855443 5.21141586360315 8 14.9906597479613 26.7644922164562 30.7938472942918 20.9773165307636 19.550037064494 27.4073387694592 15.3252038547067 4.19251297257219 4.85211267605628 4.82468495181614 6.90259451445525 5.32016308376678 19.4533728687939 6.02105263157777 8.82505559673778 14.8982209043738 2.58762045959875 2.9861378799109 3.95285396590165 5.74647887323946 12.5423276501115 9.35441067457264 5.94551519644159 3.45455893254314 2.02631578947371 10.2219421793918 25.0432171979237 14.0746478873234 8.35959970348337 9.20681986656798 1.91541882876171 1.18547071905131 2.25352112676054 2.73676797627894 3 2.32609340252016 2 3.38895478131925 11.6418828762045 2 1.65707931801334 1.54232765011107 0.200370644923233 2.59140103780631 2 4.21749444032594 0.771830985915666 3.41979243884295 4.03365455893268 5.76612305411356 5.47657524091939 12.0324684951824
6.87131208302427 12.8736842105268 5.8676797627862 13.2481097108988 17.5838398813908 23.3862120088921 22.1549295774603 28.3150481838399 17.9427724240106 11.1110452186842 5.79659006671647 15.3253521126748 17.6441808747201 6.69696071163896 7.33624907338643 6 14.7173461823581 17.2449962935532 9 8.71356560415132 10.0678280207564 12.4902149740564 5.31504818383666 11.0411415863607 16.6978502594499 10.7113417346167 7.73476649369782 0.0318754633062093 16.3412898443255 15.5774647887302 4.09999999999932 0.818754633060378 1.29058561897551 1.17850259451382 0.943291326908671 0 2.20363232023625 3.43847294292053 1 3 1 3.78873239436508 3.2661230541121 2.13676797627942 2.75507783543406 1.84544106745686 1 1 1.24128984433058 4.92112676056302 2 4.80452186804947 4.7568569310599 3 9
5.68954781319559 5.48124536693856 7.98665678280209 6.19962935507811 5.8371386212006 12.9526315789477 16.8309859154933 20.3743513713827 17.1443291326905 12.4705707931794 16.1880652335067 6 16.5959970348401 16.0070422535213 24.3120088954763 25.1690140845067 25 27.3717568569315 4 12.3631578947372 13 14.9528539659007 22.7909562638994 14.466938472943 6.61252779836923 4.77249814677642 7.774128984433 10.1645663454408 17 8.14944403261679 0.354929577464043 3.83387694588694 0.137879911045091 1 1.22305411415813 2.16901408450674 9.53795404003009 12.4970348406221 10.0951816160117 1.91193476649384 1.91193476649391 0.532023721275301 3.08191252779962 4.49295774647977 3.00719051148969 3.268421052633 4.95663454410563 17.2772424017739 15.3748702742774 2.32112676056271 1.0481097108973 4.64885100074173 2 4.21430689399488 13.83343217198
9.74647887323946 7.77716827279475 6.60859896219412 5.75114899925882 6.12409191994094 7.83187546330643 20.3316530763527 11.6482579688667 20.1296515937728 26.2157894736839 26.5070422535211 24.4647887323944 28.3854707190511 27.9706449221645 25.1727946627121 27.0593773165307 27.9379540400296 27.9432913269088 4.87323943661973 4.91927353595262 5.04069681245364 12.7564121571531 5.66641957005098 11.9813936249067 15.8667160859887 4 9.00867309117868 2 13.0137879911047 2.02490733876715 7.10140845070439 7.25085248332018 1 1.97131208302453 4 10.8819125277982 13.6920681986659 1 1.81830985915435 1.93928836174946 1 1.49177168272748 1.63565604151141 0.917939214232789 3.6020756115642 2.23439584877812 12.0708673091182 2.87323943661973 17.5136397331351 16.9887323943654 9.99266123054109 1.12676056338027 3.87323943661973 5.51030392883606 5.87323943661973
8.20630096367773 5.12105263157922 6 5.04766493699081 6.9899184581181 7.12787249814757 6.91312083024604 12.9154929577454 19.248183839879 15.3483320978518 22.3659006671586 20.7845070422546 27.0845070422547 27.1795404002965 29.4891771682727 21.4866567828022 22.2220163083746 25.5059303187537 7.79229058561904 7.1690140845093 4.62157153446943 3.72105263157854 7.23684210526421 7.10096367679905 6.76286137879691 6.91549295774535 10.890808005931 6.8958487768707 5.01578947368439 4 10.6323943661982 11.7638250555989 0.762416604892378 3.67005189028825 11.5625648628598 9.63120830244516 2 2.1690140845093 1.69525574499839 3.9595255744991 3.1670867309128 4.60007412898443 2.32802075611503 3.9853965900711 3.93736100815406 5.48584136397089 13.3593031875458 4.10007412898584 3.8578947368413 5.52112676056876 1 2.01445515196457 8.08450704225465 4.06842105263096 3.55344699777385
9 6 4.19681245367 6.04766493699074 6.04707190511496 8 9.04225352112729 12.1627131208296 11.513862120091 13.6197924388449 14 10.1478873239418 15.0277983691627 14.078799110451 20.1231282431447 26.0604892512987 23.4472201630838 8.02335063009664 8.38813936249069 7.65218680504059 4.95114899925789 6.95774647887271 7.95774647887271 6.36419570051586 7.66538176426742 5 5.93446997776112 5.98406226834642 6.00066716085991 10.039807264641 6.04225352112729 7.02424017790998 7.26093402520415 3.91549295774542 6.1751667902168 2.95774647887271 1.04225352112729 0.974425500370303 4.63654558932564 3.95774647887271 3 3.04759080800648 2 2.33773165307629 3.40518902891078 2.78257968866213 1.74099332839064 3.83135656041454 1.17234988880764 2.1000000000006 3.96263899184538 4.94262416604823 8.04225352112729 6.18939955522704 3.91549295774542
8.16315789473704 5 5.99999999999915 6.99999999999829 4.00000000000085 6.00000000000004 22.0000000000009 13.0000000000016 19.9999999999993 22.000000000001 16.5157894736837 16.0000000000009 27.9999999999994 19.384210526316 28.5736842105273 27.4684210526304 32.9789473684206 7.44736842105348 8.40526315789507 9.27368421052529 9.32105263157844 6.99999999999976 7.76315789473428 5.1947368421068 6.00000000000098 5.11052631579152 4.0000000000025 9.02631578947539 4.98421052631477 7.05789473684117 6.99999999999923 5.85789473684398 7 8.0000000000019 4.26842105263212 4.37894736841918 3.35263157894677 4.3947368421056 5.12631578947516 2 0.957894736843676 1.5631578947363 3.60526315789388 5.7052631578947 14.6210526315785 4.268421052633 2.99999999999915 3.00000000000069 2.71578947368199 2.89999999999949 3.94210526315841 4.01578947368606 6.97368421052634 6.00000000000171 3.00000000000171
4.21230541141603 8.92120088954725 8.95774647887353 7.00696812453574 10 9 5.2608598962192 10.7057079318038 7.20859896219347 20 21.1158636026679 21.5943661971816 21.9299481097114 27 28.3660489251292 4.46842105263079 6.46879169755445 7.47071905114921 8.94062268346964 11.3631578947372 9.65025945144594 10.0117865085248 9.13676797627784 9.95774647887353 7.96419570051919 4.14343958487786 3.10778354336541 5 8.96975537435101 7.7659747961489 7.86197183098683 6.13610081541801 8.70459599703624 7.25900667160791 8.25707931801274 3.08450704225294 8.95774647887353 2 5.37613046701272 2.99807264640524 6.47879911045213 5.95774647887353 6.57968865826523 8.21193476649324 9.03498888065142 4.01957005189004 3.77368421052595 2.03446997776103 2 2.24225352112767 7.72498146775426 7 6.02409191993995 4.10778354336459 6.40207561156244
14.9154929577471 9.84121571534581 10.9277242401778 13.0938472942916 8.91067457375938 8 12.4162342475932 29.7090437361025 29.667309117866 25.7799110452168 28.7638991845811 28.0253521126759 29.0845070422529 27.436249073387 28 23.2994069681249 14.25700518903 8 10 8 10.9697553743515 9.31630837657533 7.77501853224874 6.9062268346909 5.90259451445573 5 4.85863602668674 5.89140103780632 4.11208302446234 6.11089696070997 5.436619718307 6.22661230540994 9.56263899184762 4.91549295774706 7.36938472942799 5.0262416604891 6.47835433654704 6.55411415863685 8.63699036323178 7.56152705707914 2.95404002965157 3.61074870274186 3.44588584136393 4.67546330615316 2.28428465530033 5.85366938473055 2.72742772424019 5.67790956263922 3.3716085989613 5.00845070422535 5.00489251297257 4.91549295774706 4.08228317272004 6.14714603409822 3
16.4772424017763 12.343884358786 7.01000741289852 17.0368421052638 20.2302446256445 9.04136397331326 10.3722016308409 17.7631578947351 18.452112676056 23.3151964418091 30.9015567086743 30.2619718309857 30 28.2802816901418 30.8732394366189 6.46419570051915 5.91957005189085 7.60934025203859 11.5286879169764 5.87323943661888 7.91393624907279 8.24358784284667 7.57042253521388 4.55782060785595 7.59384729428932 7.11275018532315 4.05974796145307 6.19570051890372 6.76426982950188 7.00733876945879 8.30140845070371 7.94862861378972 6.83914010378134 4.67561156412135 6.53684210526174 6.96063750926582 8.91793921423218 5.52149740548587 5.31008154188173 7.06071163825094 5.25470719051117 3.88925129725636 2.65530022238699 2.91793921423224 5.0991104521872 2.90726464047399 10.4507783543341 3.16085989622001 4.75181616011744 5.8999999999994 6.75381764269671 5.14054855448579 7 2.49110452186939 5
9.69540400296501 13.1005930318757 10.0244625648624 8.60074128984377 10.8309859154933 13.2464788732369 4.18413639733101 18.1093402520376 32.1443291326905 27.3118606375089 21.6166790214977 27 26.0222386953293 26.4233506300961 17.9279466271315 12.0791697553741 4.40674573758403 19.6938472942894 5.66323202372101 7.35018532246042 6.05426241660476 8.33802816901348 6.72312824314191 7 5.91534469977544 7.98131949592287 7 7.02631578947371 6.83365455893287 8.94210526315878 10.0169014084506 8 9 10 8.34670126019213 8.19399555226155 8.89058561897716 7 5.53202372127459 8.34492216456673 8.56701260192748 7.968865826539 6.66197183098652 3.78117123795447 2.62105263157879 5 2.14996293550681 3.75537435137225 5.02401779095636 4 5 6 2.97813194959297 4.37924388436068 8.32794662713263
9.83684210526268 10.7495922905858 10.8421052631578 10.1318013343242 5.00415122312784 4.2012601927355 14.352409191994 21.5051890289128 22.5147516679029 27.9544106745738 24.2736100815422 20.6366197183097 23.4169755374353 24.3939214232771 25.2374351371405 11.584655300224 14.5928836174952 5.90548554484792 4.91438102297991 6 5.20667160859918 8.06767976278757 12.1879169755399 10.8052631578939 8 8.08717568569344 7.01445515196447 7.76241660489241 9 7.95433654559003 8.59859154929547 6.78873239436611 8.82765011119326 6.14840622683544 9.67487027427808 6 7.41489992587087 4.77205337286916 5 7.62223869533 7 8.57746478873223 8.31134173461847 9 7.3105263157894 5.57702001482461 5.70585618977004 5.17234988880641 8 5.13239436619681 6.80096367679763 2.00667160859904 3 2.80318754633041 2.39918458117149
11.4515937731652 7.71578947368417 8.0200148257969 12.000518902891 5 9.01200889547806 16.133580429948 24.4280948851007 21.1238695329878 26.6401037805784 18.5539659006673 15.5985915492957 17.5815418828763 25.4596738324688 17.4716085989634 7.39681245366999 7.25885841363941 7.17494440326222 12.7945144551519 13.2736842105255 6.74670126019252 10 5.38695329873924 6.84521868050452 11.4564121571532 4.11052631578991 7 6.7661230541142 6.01979243884382 10 12.1408450704233 8.74647887323946 8.81578947368491 9 5.46315789473826 9.09607116382487 8.74647887323946 7.54818383988099 5.71445515196429 6.74647887323946 7.48962194217956 9 7.75871015567043 8.51675315048192 8 8.18547071905077 6.52016308376541 9.60896960711577 6.35959970348464 5.85070422535122 6.01386212008905 4.98042994810948 6.74647887323946 8.13876945885714 4.74647887323946
8.70422535211384 10.8789473684208 16.7183098591637 10.0108969607118 9.01052631578846 9.71823573017152 6.06300963676801 14.7768717568533 18.3471460340978 20 11 20.2070422535203 11.7590808005926 9.51260192734949 5.32253521126502 17.3898443291296 14.2109710896947 16.906597479613 6.8801334321724 6 9.70422535211384 9.90066716086167 5.84432913269212 9.70422535211384 5.43639733135837 6.14321719792482 5.95181616011837 8.29577464788616 8.38621200889751 7.04077094143754 6.73380281690226 7.29577464788616 8 10.8406226834693 8.73157894736913 9.31052631578982 9 6.72201630837648 8.39659006671696 7.7338769458872 8.562564862863 10.2673832468501 7.57375833951028 8.75166790214924 7.6894736842106 7.02735359525316 7.06945885841211 10 11.7462564862874 11.9295774647882 10.7213491475179 8 3.68569310600617 10.951816160119 11.2537435137128
8.33802816901349 9 7.39028910303878 7.35048183839842 9.66375092661273 4.03135656041495 8.60274277242463 8.07487027427898 12.3380281690135 13.1810971089709 16.6619718309865 15.5605633802824 13.0222386953293 5.82394366197193 14.53194959229 10.8062268346942 15.5245366938454 11.6319495922931 9.94684951815902 10.8913269088196 7.89147516679049 6.24373610081485 11.7631578947358 2.92253521126922 8.81460340993495 5.33802816901348 5.38332097850219 7.34173461823691 7.31349147516786 9.03832468495126 10.0661971830982 7.09607116382427 7.12194217939179 7.1741289844343 7.98265381764272 8.22335063009708 8.78117123795433 8.26130467012591 6.88710155671018 8.16189770200116 6.14091919940791 8.77487027427719 7.59933283913996 9.88080059303205 8.64855448480288 8.33802816901348 8.92349888806525 8.4599703484063 8.8578947368413 9.96619718309845 10.6228317272057 9.66197183098652 10.346553002223 16.91156412157 12.0217197924406
9.04529280949129 9.74077094143927 12.6515937731635 14.9263157894723 14.9987398072648 6.398295033357 16.7268346923672 17.5381764269844 13.6526315789484 17.321497405487 19.1598220904375 22.1408450704199 24.5922905856184 7.52638991845675 8.61971830986004 6.84870274277074 10.8058561897709 6.34247590808031 5.76056338027991 11.3631578947372 8.38028169013996 9.44684951816199 6.90733876945795 7 6.76056338027991 9 6.8167531504843 9 9.62572275759917 6.40229799851614 7.34225352112622 8.70778354336591 8.49444032616637 9.08606375092623 6.26842105263087 8.26219421793847 5.70526315789415 5.9002965159389 8 6.1821349147512 6.80185322461142 8.40555967383406 7.76982950333647 10.2185322461086 8.80889547813068 11 9.606597479614 11 9.46834692364688 9.83802816901303 10.9421052631575 7.37427724240083 11.3539659006671 8.06842105263096 6.25500370645065
12.3180874722028 12.5075611564123 14.0455893254263 14 15.5877687175679 12.9197924388425 23.9483320978503 -9999 -9999 -9999 -9999 17.52676056338 17.2779836916232 7.31727205337324 14.1146034099378 8.77538917716811 7.07909562639016 8.55263157894699 8.51467753891775 8.30689399555236 11.0534469977769 11.4657524091919 10.6593773165315 8.06997776130513 8.8140845070435 6.48636026686431 7.9604892512971 8.83395107486962 9.41586360266825 10 7.5225352112666 4.50459599703404 5.18421052631509 9 7.49518161601135 7.48984432913334 8.13372868791695 7.77205337286896 9 9 8.79762787249816 10.3252038547071 10 9.47716827279459 10.1793180133433 10.268421052633 8.55322461082279 9.62601927353637 7.61549295774688 10.0816901408452 10.9421052631575 8.98332097850066 18.1701260192737 19 7.68799110452178
-9999 -9999 12 -9999 -9999 -9999 -9999 -9999 -9999 -9999 -9999 -9999 -9999 -9999 6.53521126760625 11.5352112676062 6.76271312083083 5.79206819866577 4.3183098591552 10.70400296516 16.5494440326177 11.5944403261669 7.4277242401768 5.09051148999286 10.7587842846574 9.58658265381839 10.92676056338 7.47887323943604 7 6.46478873239375 6.95352112676094 9.85789473684301 5.46478873239375 8.53521126760625 9 6.63098591549272 9.23432171979331 7.60526315789525 7.72653817642617 7.03372868791755 6 9.02794662713005 7.95700518902927 10.7239436619727 11.3204595997031 10.8563380281681 11.4685693106016 12.5352112676062 23.1649369903615 8.33521126760505 7.49577464788696 9.48902891030361 7.96145292809612 9.56701260192764 11
-9999 -9999 -9999 -9999 -9999 -9999 -9999 -9999 -9999 -9999 -9999 -9999 -9999 -9999 -9999 -9999 -9999 -9999 -9999 10.6368421052628 10.6557449962938 7.50704225352065 8 15.3828762045969 4.49510748702778 7.76641957005188 5.62883617494541 5.50630096367728 6.97813194959315 8.50704225352065 6.45633802816893 6 4.58636026686438 6.38139362490795 8.86389918458166 7.33988139362507 8 7.58932542624108 17.1885841363983 6.75722757598095 6.23610081541923 8.65218680504179 9.59488510007445 9 10.1530763528541 14.6290585618988 13.0140845070413 8.90659747961418 8.84581171237957 13.9873239436628 8.47768717568504 4.98613787991199 6.97368421052715 9 15.574054855447
-9999 -9999 -9999 -9999 -9999 -9999 -9999 -9999 -9999 -9999 -9999 -9999 -9999 -9999 -9999 -9999 -9999 -9999 -9999 -9999 6.16130467012666 6 6.76315789473579 7 5.23647146034247 3.51141586360396 7.48154188287758 3.4651593773177 4.00711638250566 7.63328391400797 6.4507042253533 6.6773906597463 6.26649369903821 5 9.24195700518903 7.30652335062657 8.5492957746467 8.5492957746467 6.04306893995445 5.46968124536827 7.92965159377469 9.23995552260912 9.37138621200709 9.48547071905151 12.8294292068203 12.867457375829 15.6512972572268 8.71460340993218 7.93595255744943 6.5394366197173 6.5085989621958 7.55641215715236 7 9.5492957746467 9.42787249814631
