rasters/Niger_SNDPPT_M_sl2_250m_ll.asc
NCOLS 190 
NROWS 142 
XLLCORNER 0.152941121 
YLLCORNER 11.695773031 
CELLSIZE 0.0832493725157895 
NODATA_value -9999 
[rows 69 to 91 of 142, columns 53 to 105 of 190]
95 93 89.5997776130459 92.015344699778 95.4810971089685 96 94.4418828762028 89.5160118606391 86.487027427723 84.9425500370652 88.5968865826517 92.6626389918461 91.1452928094888 89.3507042253532 96.6842105263158 96.3842105263154 94.1674573758323 97.9406226834681 85.4776130467025 82.6345441067426 92.6461082283182 77.4322461082272 70.1155670867299 81.2789473684215 72.1097108969549 81.1947368421061 76.0666419570055 78.3883617494427 75.4862861378808 76.421793921422 73.9773165307633 71.4113417346174 68.76338028169 71.0620459599698 68.1034099332861 70.5656041512168 70.8487768717569 72.7770200148243 74.3098591549257 66.5785767234987 64.9446256486276 67.4366197183086 65.436397331353 65.245885841363 55.9195700518901 64.715418828766 55.8732394366172 50.4366197183086 55.4366197183086 62.5633802816914 57.4546330615263 68.0267605633822 76.5344699777609
88.3922164566357 89.0982950333577 96.4429948109727 95 94.9621942179393 91.0176426982953 90.5186063750945 92.9526315789477 95.7782060785771 91.8739807264656 77.5694588584152 92.5211267605649 95 97.8436619718305 94.6849518161611 91.3209043736112 91.282431430694 92.5315789473692 87 79.2891030392813 94.3019273535955 73.1157153446978 83.4325426241621 77.9759080800641 72.3332097850219 72.4196441808755 75.884655300219 71.9517420311345 73.4788732394351 71.4936990363247 49.0257968865855 65.3364714603341 74.4732394366218 76.4470719051167 75.1104521868049 77.6295033358053 61.1002223869566 81.8512972572279 70.7322461082323 65.0255744996313 67.0840622683444 71.9779095626359 71.0421793921436 68.7908080059307 70.1890289103035 66.1833951074896 64.4788732394351 56.073684210532 50.5968124536684 57.6401037805885 54.2161601186078 74.0380281690169 81.9324684951786
88.6501111934764 89.3494440326166 80.3510748702737 90.3421052631573 91.0011119347662 78.1136397331378 76.084507042253 87.9668643439587 94.3931801334324 92 90.9094885100077 92.3624907338768 88.7843587842845 79.1859154929575 95.31504818384 94.0426241660497 90.2989621942184 93.4788732394368 96.2439584877675 76.7164566345443 77.1723498888063 85.2358042994815 68.8286137879908 79.8664195700517 49.3977020014819 51.1947368421061 66.5942179392146 66.0845070422529 69.0356560415123 70.5337286879168 57.4788732394368 56.0024462564862 69.1901408450692 68.5529280948847 57.0959970348402 57 55.8601186063755 62.8381764269828 80.8311341734619 59.9373610081548 64.8552260934021 68.1873239436615 66.7487027427726 69.5869532987391 70.6308376575236 73.6200148257969 63.4169755374354 57.1991104521856 71.6230541141584 62.283172720532 73.1783543365461 69.58309859155 72.4511489992587
91.9858413639742 92.6418828762049 92.36538176427 90.2949592290593 90.975537435137 94.5633802816897 95.4372868791701 98 93.716975537436 95.5633802816897 84.7081541882872 84.2431430689394 78.1311341734626 79.6999999999999 87.1378799110454 92.6157894736846 89.7598220904381 91.2638991845805 90.7770941438103 80.7479614529281 69.512008895478 67.9971089696086 70.0246108228311 60.404670126019 70.9633061527044 65.6484062268347 73.6902891030338 66.752409191993 74.6404744255001 72.1567828020777 70.4613046701267 54.6465530022222 51.6619718309846 64.5787249814673 54.1719792438857 53.5641215715345 53.8243143068942 62.6326167531494 82.1986656782799 74.3636026686442 64.4366197183103 76.1486286137878 80.4789473684214 71.420607857673 73.2642698295034 75.7313565604153 66.0873980726458 54.2949592290567 80.0014825796906 76.8732394366206 72.8625648628635 76.0704225352101 83.9926612305411
88 89.1616753150465 90.6699777613057 86.7409933283894 92 91.3943661971821 88.9947368421058 92 88.9647146034101 87.8165307635303 90.6056338028179 83.2112676056358 94.8982950333584 78.3633802816908 80.3943661971821 87.5853224610845 90.9418828762039 90.7903632320239 90.3091919940698 76.8765752409209 75.0450704225349 73.5549295774609 69.1802816901466 65.1154188287607 64.9243884358787 63.8704225352068 70.9398072646402 70.6056338028179 55.5641957005197 74.9736842105263 71.9966641957005 68.1521868050437 57.1070422535253 56.454410674573 51.9273535952562 50.1202372127494 51.6060785767214 64.0297998517398 79.3920681986665 59.2835433654566 58.9077094143802 68.5210526315791 74.0876945885828 67.3410674573761 74.972201630839 69.7887323943642 68.8763528539613 79.7516679021456 74.9945144551533 71.3943661971821 66.6988880652324 75.1000000000006 86.8588584136384
94.6478873239427 92.0159377316502 91.2464047442559 91.3947368421065 92.3513713862102 95.617568569311 90.9383988139337 91.4071905114873 91.9105263157896 88.5088954781318 83.1784284655316 83.9240177909562 80.7042253521147 77.6999999999999 87.9807264640464 90.0815418828767 91.7461082283155 92.1871756856939 90.6054855448463 78.6419570051898 68.5051890289088 68.4015567086728 62.1827279466249 60.3521126760574 62.5055596738339 64.4782802075625 63.4510007412914 67.6478873239426 66.656041512233 64.3428465530032 66.6773165307652 57.9201630837708 56.3028169014129 53.5522609340255 59.8643439584908 52 51.7150481838402 75.3105263157898 54.5060785767288 53.2105263157905 63.1410674573775 68.9581912527783 69.1982950333583 65.1102297998474 73.1953298739843 68.503854707188 67.2011860637506 64.0077835433623 68.0335804299482 74.7042253521147 84.7952557449899 81.8999999999994 96.6682727946619
93.7842105263164 92.365826538177 91.8337286879172 90.7032616753145 94.9210526315789 90.6083024462555 92.6184581171231 97.0653817642694 89.8401037805771 97.5993328391413 90.5327650111207 97.5528539659 88.6384729429226 65.2859154929573 83.2038547071903 90.5750185322456 87.2942179392137 80 84.61171237954 80.7561156412166 62.6901408450708 72 56.4685693106009 61.9690882134923 63.7631578947358 64.6901408450708 62.6197183098583 66.8131949592283 61.0212008895479 62.3624907338766 67.6148257968857 65.6722016308384 58.2098591549299 53.7598220904388 51.6212008895463 53.5361749444024 58.6295033358051 75.3105263157898 84.8023721275012 54.0229799851753 65.7773165307644 67.661082283173 69.8545589325427 81.8255003706453 72.6197183098583 72.7329132690892 57.572053372869 56.268421052633 70.2154188287643 82.3094885100062 78.186137879912 83.5521126760558 93.128317272055
93.8550778354337 92.7947368421054 96 95.2676056338027 96.0789473684211 96.6955522609335 95.5404744254996 92.2549295774648 96.0239436619718 94.9603409933265 96.8595997034838 90.9031134173457 91.2842105263165 91.8140845070422 83.9325426241659 80.8833951074873 87.1648628613761 88.3893254262423 94.4951074870277 78.74314306894 70.4355819125278 84.5587101556721 75.9509266123062 67.7210526315785 62.2042253521123 63.8573758339504 60.5352112676054 65.208450704225 58.2994069681245 64.0333580429948 65.4532246108229 65.9336545589329 56.6126760563389 65.1255003706457 59.781690140845 50.8788732394369 63.3221645663441 80.747961452927 81.4741289844332 55 68.1169014084506 74.5210526315791 67.1702742772418 62.7044477390664 71.6616011860632 70.0850259451448 66.8457375833948 71.1436619718317 73.5737583395116 82.8180133432182 91.3160859896197 92.6591549295771 92.8028169014081
94.8083765752414 93.8873980726437 92.5218680504057 90.3191252779855 95.9210526315789 92.7782802075686 73.8323943661897 98.7746478873221 94.1560415122334 95.8684210526328 97.0125277983714 97.8232765011104 84.257894736842 97.6239436619663 89.734988880653 87.7889547813211 89.1048925129691 89.4117865085245 91.2253521126779 90.4358784284659 74.6406226834663 86.9124536693814 73.8469977761291 75.4414381022997 68.1404744254944 64.1375833951083 56.8781319495985 62.4029651593736 65.2783543365475 54.266123054116 54.2340252038566 55.1674573758367 55.9549295774647 61.0665678280132 57.5081541882813 62.9489992587098 49.8060785767248 66.4663454410732 65.1081541882935 60.2487027427788 64.6621942179408 66.8543365455922 79.8312083024493 81.592216456636 70.6760563380338 62.8219421793989 69.4813194959243 69.5236471460321 70.5716827279411 80.7746478873221 75.8847294292053 91.7746478873221 93.72979985174
93.1108228317256 91.7391401037811 84.1679762787229 89 91.7735359525568 95.0368421052638 93.8188287620453 92.0386953298737 95.512379540401 88.0548554484791 95.8263157894742 91.5501111934761 98.3661971830995 94.4281690140849 84.2794662713119 88.4969607116383 84.5736842105273 83.7195700518894 86.5962935507783 92.7349888806516 92.3378799110453 75.0470719051144 78.0300963676803 63.4919199406975 64.2368421052642 67.6461823573002 59.0967383246855 57.8371386212006 61.5779095626379 59.9951816160118 59.4535952557437 57.3461823572996 66.2647887323942 70.857894736843 59.6786508524865 53.6375092661216 63.4023721275016 83.3497405485511 78.8373610081551 68.3276501111941 81.4693847294306 80.8323202372124 81.7118606375093 73.0892512972593 72.7171979243889 62.765900667161 60.2560415122294 75.6824314306876 64.1830985915498 80.7835433654524 87.5437361008141 89.7985915492952 90
94.9651593773163 95 90.2964418087439 78.2646404744269 91.9321719792439 87.4083024462602 95.9909562639001 97 96.9747961452927 99.7090437361013 92.8018532246113 93.7933283914024 90.3260934025207 91.0985915492963 87.3639733135659 84.086730911787 87.9399555226092 87.0748702742777 85.8561897701996 92.5252038547079 95 85.9406226834674 87.0820607857681 73.9018532246133 75.6667902149768 69.5292068198645 79.6419570051876 63.0155670867311 61.6103780578189 55.8854707190504 63.0293550778358 53.8673091178643 54.0352112676052 50.3850259451435 56.411786508522 62.7578206078601 62.068050407709 82 59.0791697553715 68.4366197183122 87.220163083767 73.0674573758343 68 65.9384729429203 69.4799851742039 68.9016308376535 74.2720533728702 82.4357301704943 73.4702742772414 88.2868791697522 83.103484062279 87.8999999999994 89.0578947368425
93.4554484803561 93.4888806523342 90.1309859154936 87.768421052632 92.8498888065232 93.2303928836168 94.7885841364 94 97.9735359525577 91.2631578947345 93.8434395848781 90.2957746478853 90.1084507042263 80.6309859154934 72 73.0757598220899 82.9014084507049 85.9475908080062 85.0482579688656 91.447368421053 95.941363973314 92.7084507042245 86.7126760563372 68.6183098591529 77.6464047442542 79.2549295774651 67.2512231282435 82.8028169014098 78.7546330615281 64.9736842105263 60.2098591549284 58.9535952557449 60.9014084507049 61.857894736843 61.6679021497416 73.9776871756859 68.0985915492951 70.0616753150473 70.231949592289 61.1767976278734 72.1110452186798 75.347146034097 69.1499629355067 75.2220904373593 86.3302446256501 75.1961452928099 65.8329873980731 64.8509266123091 81 81 80.773313565604 87.8126760563394 88.0985915492951
88.0563380281686 85.8462564862885 91.7045959970354 91.9931801334322 93 90.0911045218683 92.0510748702744 97.9553002223872 92.9487027427728 88.222016308375 93.8677538917727 89.4194217939209 85.7591549295772 75.0774647887323 82.2294292068206 69.6851742031133 84.975982209044 88.4648628613779 81.509340252038 92 92.4820607857678 88 93.9617494440329 93.2632320237218 92.9703484062271 90.5307635285386 83.7119347664916 73.5862120088961 81.7461082283169 79.3050407709396 67.0879169755374 61.1705707931785 64.0943661971825 56.332542624164 55.8769458858422 50.8873239436627 63.2552260934041 59.3493699036324 65.9270570793185 50.8602668643451 67.2072646404745 70.5495181616001 81.9412898443296 76.0071163825054 76.0681986656778 78.2416604892514 66.4057079318006 86.9848776871757 80.9436619718314 78.9896219421794 86.8175685693102 86 86.0530763528536
89.226167531505 90.786434395849 93.8155670867306 92.8682727946625 92.7079318013345 92.9501111934761 91.0000741289844 92.1068198665672 92.0638250555968 95.1297257227565 88.6477390659759 90.2207561156409 91.4737583395111 76.0366197183096 77.3654558932541 80.3701260192733 86.9859154929578 81.9650111193459 83.4964418087467 85.9985174203114 93.5947368421051 92 86.0045218680504 84.9898443291328 85.2538917716798 81.4207561156427 89 86.887916975537 88.9859154929578 79.9462564862863 79.0422535211265 71.0711638250546 59.1098591549289 59.9295774647892 56.5355819125298 55.0249814677537 57.003780578206 55.6297998517427 65.9859154929578 67.6249073387698 68.4447739065971 68.4928836174947 74.5003706449224 69.0140845070422 89.4032616753153 73.3659006671609 89.9771682727948 89 78.2372127501856 79.8042994810964 78.0120830244625 88 87
93 90.2500370644917 92.0235730170495 84.9752409191996 92.9210526315789 87.0573758339507 88.9718309859157 90.0550037064489 90.0919940696811 87.526315789469 89.6391401037817 90.1429206819879 91.9790956263901 84.0366197183096 82.0659747961448 83.7467753891766 87.4263157894727 73.2611564121538 83.5447739065957 85.0281690140843 90.5947368421051 84.7442550037071 82.9426241660493 85.8289844329145 86.273165307636 88.4121571534485 86.879836916233 84.0281690140843 84.9942179392142 81 82.9722757598223 79.9171979243895 64.0535211267602 65.667457375836 58.6982950333556 56.9718309859157 69.2608598962188 71.2823573017055 71.3312083024466 77.0111193476649 69 79.5349888806528 85.0281690140843 88.5595997034836 80 86.7135656041514 87.9805782060787 79.2965900667173 80.9782060785769 87.0126019273534 87.9758339510751 77.0971830985922 83.1109710896961
87.7882134914749 91.9440326167535 87.988510007413 91.1408450704216 92 93 93.0056338028164 94.0507042253518 91.6223869533003 92.8072646404759 92.219644180874 90.0400296515935 85.2215715344701 85.6014084507048 74.3947368421026 80.518309859156 77.1981467753866 73.1593031875492 83.4401037805781 80.51371386212 86 87.9295774647892 89.3210526315787 88.6702742772424 86.8502594514439 84.9862861378799 88.0489251297252 89.0077835433654 75.4000741289844 74.0544848035582 84.9148999258713 85.9295774647892 64.3112676056317 59.7270570793197 61.1527057079312 67.0704225352108 67.2873239436611 67.5486286137886 67.7882134914745 72.5200148257979 77.1174203113424 80.5860637509258 88.5577464788726 79.4060785767242 86.3669384729434 88.8839881393633 79.4641215715293 80.9810971089696 88 85.9870274277243 75.7358042994795 78.9295774647892 80.1739807264644
81.0941438102291 90.1126760563372 89.7425500370647 88.8653076352852 90.0789473684211 96.7378057820616 93 92.8873239436627 87.4867309117842 90.5567086730873 91.9389918458115 91.5103780578206 90.2008154188293 85.3338028169013 88.303558191253 78.8873239436627 70.9353595255748 86.1654558932531 79.3403261675322 80.6104521868041 87.5947368421051 87.2504818384 87.397553743513 81.9962194217916 85.6189770200156 88.6018532246114 74.7022979985141 90.3234247590797 82.2860637509253 84.0233506300964 79.1762045959949 83.8873239436628 86.2140845070409 66.238769458857 83.5904373610104 81.0255003706447 78.5969607116396 71.5783543365467 87.847590808007 91.1126760563373 81.5129725722751 67.5210526315791 65.9412898443296 84.6619718309882 89 90.574425500371 81.2755374351373 79.3508524833217 79.9744996293552 77 71.7913269088144 77.9126760563319 78.1061527057072
87.6113417346175 88.8768717568578 86.0790956263892 83.223350630097 90.9877687175686 93.5270570793161 94.1549295774637 93.147590808005 93.0277242401777 93.0233506300965 90.0081541882868 89.7293550778337 90 88.4549295774638 86.8128243143058 84.6206819866592 86.94151223128 91.9176426982955 85 83 83.8450704225363 89.8450704225363 79.5737583395117 86.609340252039 89.0896960711625 86 85.5398072646394 74.906597479614 90.6716085989625 88.2257227575973 82.2107487027424 82.0008154188275 83.9845070422537 89 87 84.9987398072634 87.3514455151939 88.3098591549275 82.011860637507 80.3980726464018 74 80.1163083765749 90.5596738324682 92.6901408450725 90.9762787249787 89.100296515937 80 76.8866567828031 76.773684210526 77 79 80.0309859154929 80.0089696071164
91.3469977761305 91.8028169014084 90 94.781764269829 90.9366197183098 94 92.1971830985916 92.9906597479615 94.2684210526313 91.3684210526319 92.6976278724985 91.8962935507788 92.949147516679 89.3000000000001 91.6790214974055 78.9909562638978 83.8028169014084 78.3309859154961 92.4936249073391 87 85.557375833951 88.8340252038543 89.1944403261674 84.2449221645655 89.1971830985916 90.490140845069 88.7103780578199 88.9979243884351 84.6335804299481 81.8080059303187 85.2225352112679 84.477761304669 86.0408450704223 84.2633802816923 87.8028169014084 83.1028910303918 85.282505559673 81.7189770200151 85.4665678280208 91.1975537435132 85.2985915492963 83.0944403261675 79.529355077835 78.8215715344698 92.9584877687177 92.775018532246 79.7415863602669 76.6056338028168 75.9553743513713 74.1971830985916 76.1971830985916 80 80.2436619718313
85.0592290585619 90.444699777613 93.1631578947373 92.0920681986659 93.2994810971091 90.2954781319507 92.2461823573011 89.0813936249068 92.2955522609341 94 91.4620459599697 91.4315789473678 92.1159377316532 86.1718309859153 88.15752409192 91.5316530763526 91.6757598220912 92.1914010378047 91.5105263157889 90.4203113417343 89.381838398814 90.2449221645659 85.1625648628615 88.5969607116388 91.1801334321728 89.1461823573013 84.5446997776153 85.9808005930313 83.2750926612307 82.6478873239435 86.9917716827279 88.2117123795409 88.0760563380276 90.5529280948847 89.3795404002961 87.1721275018528 90 87.0743513713863 88.2106745737587 82.4740548554473 78.4844329132685 87.8331356560413 86.0926612305414 89.0184581171237 89.4603409933281 85.9847294292065 68.1782060785767 76.5853965900669 74.5884358784281 79 78.6524833209778 77 79.7605633802816
71.2741289844345 88.7947368421054 89.9622683469282 90.0583395107491 92.8194959229046 93.4366197183069 86.4358042994782 90.4759822090471 93.3850259451455 64.8498888065207 93.9241660489259 91.8449962935513 91.1429206819898 84.3788732394394 89.8621200889557 87.0057079318037 81.2816901408466 88.0771682727979 91.7922164566354 86.166419570056 88.383246849515 89 86.3721275018551 84.197627872497 88.6226834692306 90.1398813936252 92.7183098591534 89.141660489252 89.7183098591535 87.0452186805041 87 88.2816901408465 85.2816901408466 78.2441808747203 85.7702001482566 88.3378057820587 86.0888806523375 84.4077835433636 89.5480355819124 87.5633802816931 84.5636026686491 89.3440326167523 88.1349147516687 86.8448480355829 83.2609340252084 71.4519644180882 85.4952557449953 89.2060785767242 90.1541882876211 75.5859896219403 78 80 91.6351371386193
85.0035581912526 82.5246108228322 89.2710896960713 75.2813194959232 91.9744255003706 81.9512231282422 78.9964418087476 77.9679762787252 65.3877687175698 87.2813194959236 88.0562638991845 91.5301704966641 90.7595997034838 89.2943661971831 91.2312824314306 86.690808005931 93 89 89.3377316530762 85.1234247590808 90.0581912527793 78.2744996293556 84.0819866567829 84.5778354336543 91.2472201630837 90.6760563380278 91.5303187546347 94.5655300222379 90.1127501853229 84.0441067457376 88.0051148999259 86.0203854707187 82.8352112676067 82.6300222386952 85.3888065233506 83.4769458858413 89.0446997776146 88.2649369903623 86 87 84.2678280207568 88.6896960711636 88.3386212008893 87.4093402520381 85.8183839881385 84.5518902891029 86.1005930318756 86.268421052633 82.8742031134184 90 89.3699777613053 87.9323943661968 79.9421052631575
59.6418087472188 64.5714603409924 73.4098591549292 84.3443291326927 91.1174944403274 87.657153446999 83.6271312083039 89.5564121571547 70.7232765011126 88.8684210526328 89.0286137879928 88.2871756856926 92.6792438843587 87.8098591549293 87.7083024462557 91.6157894736846 89.3636026686445 87.8988139362538 88.3661971830978 81.4925871015583 88.1874722016316 90.5963676797625 82.1762045959964 92 89.6897702001487 86.7051148999268 90.5370644922164 94.6338028169022 91.5721275018537 85.3565604151215 87 89.7128984432909 86.302816901408 88.0520385470715 89 85.9171237954044 87.4380281690135 86.4242401779098 88.5896960711631 86.8354336545598 87.4031875463314 87.6543365455888 87.3189770200152 86.4124536693834 89.2279466271316 88.3526315789475 86.252483320978 86.9994810971065 90.2833209785018 90 92 90.1408450704232 91.9209043736096
