rasters/Niger_bio8.asc
NCOLS 190 
NROWS 142 
XLLCORNER 0.152941121 
YLLCORNER 11.695773031 
CELLSIZE 0.0832493725157895 
NODATA_value -3.4e+38 
[rows 66 to 87 of 142, columns 98 to 146 of 190]
30.3374996185303 31.2049999237061 31.0851669311523 30.7611656188965 29.7043342590332 29.2733345031738 29.4076652526855 29.9613342285156 30.6018333435059 31.2046661376953 31.6391658782959 31.8231658935547 31.9170017242432 32.1058349609375 32.2525024414062 32.480167388916 32.5900001525879 32.5326652526855 32.4991683959961 32.5120010375977 32.5279998779297 32.4693336486816 32.4855003356934 32.5063323974609 32.5714988708496 32.6069984436035 32.6279983520508 32.6363334655762 32.5583343505859 32.5511665344238 32.5706672668457 32.5854988098145 32.5746650695801 32.5651664733887 32.548168182373 32.5455017089844 32.5251655578613 32.5041656494141 32.4821662902832 32.4768333435059 32.4886665344238 32.4713325500488 32.446834564209 32.446834564209 32.4546661376953 32.4618339538574 32.415168762207 32.359001159668 32.3245010375977
30.5728340148926 30.5715007781982 30.2814998626709 29.970666885376 27.6476669311523 27.2418327331543 29.5801658630371 30.2486667633057 30.4748344421387 30.8431663513184 31.3423328399658 31.7158336639404 31.8238334655762 31.9033336639404 32.1459999084473 32.3398323059082 32.4075012207031 32.3595008850098 32.3746681213379 32.4606666564941 32.453498840332 32.3956680297852 32.4225006103516 32.4539985656738 32.4980010986328 32.4866676330566 32.5579986572266 32.5255012512207 32.436164855957 32.4676666259766 32.4848327636719 32.4894981384277 32.4971656799316 32.4873352050781 32.4793319702148 32.4773330688477 32.4599990844727 32.433666229248 32.396167755127 32.421501159668 32.4205017089844 32.408332824707 32.4126663208008 32.4068336486816 32.3846664428711 32.3535003662109 32.3061676025391 32.2584991455078 32.2384986877441
30.2814998626709 29.8444995880127 28.896333694458 28.458833694458 26.0405006408691 26.2504997253418 29.2339992523193 30.6000003814697 30.7210006713867 30.7718334197998 30.8818321228027 31.3398323059082 31.5908336639404 31.7106666564941 31.8538341522217 32.0961647033691 32.201000213623 32.2906684875488 32.34716796875 32.4076652526855 32.3933334350586 32.3380012512207 32.3558349609375 32.3979988098145 32.3703346252441 32.3724975585938 32.3993339538574 32.4273338317871 32.421501159668 32.3834991455078 32.3956680297852 32.4221649169922 32.4296646118164 32.4266662597656 32.4286689758301 32.4166679382324 32.4021682739258 32.379997253418 32.3838310241699 32.3653335571289 32.3683319091797 32.3543319702148 32.3226661682129 32.2943344116211 32.2504997253418 32.2255020141602 32.2135009765625 32.1838340759277 32.1479988098145
30.4896659851074 29.3846664428711 28.5533332824707 27.8853340148926 26.5091667175293 27.1971664428711 30.2210006713867 30.7210006713867 30.9271659851074 30.9376659393311 31.0044994354248 31.4068336486816 31.5410003662109 31.5373344421387 31.5746669769287 31.7433338165283 32.0588340759277 32.2971649169922 32.3291664123535 32.3343315124512 32.3165016174316 32.3158340454102 32.3198318481445 32.3038330078125 32.2760009765625 32.2761688232422 32.2916641235352 32.296501159668 32.3328323364258 32.329833984375 32.3686676025391 32.3844985961914 32.3904991149902 32.3964996337891 32.367000579834 32.3444976806641 32.3440017700195 32.3413314819336 32.335334777832 32.3084983825684 32.2743339538574 32.2348327636719 32.2026672363281 32.1918334960938 32.1838340759277 32.1718330383301 32.135498046875 32.1004981994629 32.0805015563965
30.8223342895508 30.2356662750244 29.8088340759277 29.556999206543 27.3978328704834 28.8463325500488 30.7746658325195 30.8276672363281 31.0270004272461 31.1453323364258 31.2835006713867 31.3758335113525 31.4596672058105 31.7256660461426 31.7453327178955 31.6243324279785 31.946834564209 32.2118339538574 32.3341674804688 32.2529983520508 32.2231674194336 32.2605018615723 32.2596664428711 32.2681655883789 32.2454986572266 32.2253341674805 32.2374992370605 32.2476654052734 32.2706680297852 32.2856674194336 32.3061676025391 32.3288345336914 32.3281669616699 32.3158340454102 32.3014984130859 32.2916679382324 32.2740020751953 32.2519989013672 32.2533340454102 32.1963348388672 32.1599998474121 32.1523323059082 32.1206665039062 32.1121673583984 32.091667175293 32.0713348388672 32.0843353271484 32.0779991149902 32.0441665649414
30.912166595459 30.7544994354248 30.7866668701172 30.7498321533203 30.4026679992676 30.9428329467773 31.0723342895508 31.0369987487793 31.1341667175293 31.3190002441406 31.3823318481445 31.3343334197998 31.3421669006348 31.5423336029053 31.693000793457 31.7360000610352 31.8239994049072 31.9589996337891 32.0738334655762 32.0631675720215 32.0841674804688 32.1360015869141 32.1396675109863 32.1573333740234 32.1571655273438 32.1474990844727 32.1471672058105 32.1638336181641 32.2019996643066 32.2198333740234 32.2125015258789 32.2193336486816 32.2338333129883 32.2193336486816 32.207332611084 32.1884994506836 32.1573333740234 32.1349983215332 32.0978355407715 32.0750007629395 32.0711669921875 32.0639991760254 32.0391654968262 32.052001953125 32.0563354492188 32.048168182373 32.0553321838379 32.0270004272461 31.9853343963623
30.9953327178955 30.775333404541 30.6985015869141 30.9780006408691 31.0943336486816 31.2530002593994 31.140832901001 31.0281677246094 31.2350006103516 31.3175010681152 31.3013343811035 31.3803329467773 31.4753341674805 31.5683326721191 31.6936664581299 31.7273330688477 31.7531661987305 31.8530006408691 31.8819999694824 31.939998626709 32.0174980163574 32.0793342590332 32.0683326721191 32.0913352966309 32.0831680297852 32.083667755127 32.0950012207031 32.1111679077148 32.1346664428711 32.1300010681152 32.1316680908203 32.1428337097168 32.1240005493164 32.1161651611328 32.1049995422363 32.0834999084473 32.0478324890137 32.0178337097168 31.9901676177979 31.9970016479492 32 32.0351676940918 32.0590019226074 32.0438346862793 32.0234985351562 32.0101661682129 31.986499786377 31.9670009613037 31.9298343658447
31.0611667633057 30.8549995422363 29.8661670684814 31.1350002288818 31.2425003051758 31.3411674499512 31.3650016784668 30.3035011291504 31.2954998016357 31.3115005493164 31.4176654815674 31.6923332214355 31.6978340148926 31.6653347015381 31.660665512085 31.7748317718506 31.8258323669434 31.7415008544922 31.7784996032715 31.886833190918 31.9799995422363 31.969165802002 31.9793338775635 31.9895000457764 32.0045013427734 32.0428352355957 32.0719985961914 32.0616683959961 32.0519981384277 32.0441665649414 32.0243339538574 32.0133323669434 32.0265007019043 32.0356674194336 32.0231666564941 31.9675006866455 31.9526672363281 31.9375 31.9264984130859 31.9549999237061 31.9971656799316 32.0200004577637 32.0240020751953 32.0026664733887 31.9641666412354 31.9290008544922 31.921667098999 31.9095001220703 31.8778343200684
31.2548332214355 30.8435001373291 30.4610004425049 31.1001663208008 30.4469985961914 31.4718322753906 31.4500007629395 30.3991661071777 31.3864994049072 31.4806671142578 31.587833404541 31.5929985046387 31.7593326568604 31.8176670074463 31.7800006866455 31.8264999389648 31.8649997711182 31.7814998626709 31.951831817627 31.9171676635742 31.9090003967285 31.9241676330566 31.913667678833 31.9428329467773 32.0288314819336 32.0595016479492 32.0429992675781 32.0034980773926 31.9488334655762 31.9435005187988 31.9436664581299 31.9333343505859 31.9313335418701 31.9408321380615 31.9196662902832 31.8873329162598 31.875 31.8346672058105 31.8474998474121 31.9186668395996 31.9669990539551 31.9611663818359 31.941333770752 31.9254989624023 31.8850002288818 31.8501663208008 31.8435001373291 31.8344993591309 31.826000213623
30.525333404541 29.5926666259766 29.4443340301514 30.2116661071777 30.5874996185303 31.5974998474121 31.4716682434082 30.5248336791992 31.5511665344238 31.6086673736572 31.5701675415039 30.673999786377 31.7353324890137 31.780834197998 31.7670001983643 31.7845001220703 31.7676677703857 31.7551670074463 31.623498916626 31.5750007629395 31.753999710083 31.8443336486816 31.8721675872803 31.880500793457 31.9266662597656 32.0681648254395 32.0499992370605 31.9371662139893 31.8676662445068 31.8561668395996 31.8621673583984 31.8611660003662 31.8601665496826 31.8645000457764 31.8299999237061 31.8091659545898 31.8016662597656 31.7894992828369 31.8174991607666 31.8753337860107 31.8938331604004 31.8738327026367 31.8484992980957 31.837833404541 31.8041667938232 31.7919998168945 31.78466796875 31.7806663513184 31.779333114624
30.779333114624 30.5701675415039 30.6553344726562 30.8581676483154 30.8763332366943 30.7488327026367 31.4323329925537 30.5121669769287 30.5961666107178 31.6770000457764 31.658332824707 31.6176662445068 30.6648330688477 31.7264995574951 31.5494995117188 31.5796661376953 31.4685001373291 31.3973331451416 31.28466796875 31.4326667785645 31.6669998168945 31.757833480835 31.798999786377 31.7946662902832 31.8563327789307 31.8985004425049 31.8611679077148 31.8159999847412 31.808666229248 31.8008346557617 31.7688331604004 31.7879981994629 31.7426662445068 31.7744998931885 31.7478332519531 31.7554988861084 31.7721672058105 31.7584991455078 31.7593326568604 30.9773330688477 31.7838325500488 31.7665004730225 31.757833480835 31.7600002288818 31.7771682739258 31.7781658172607 31.7350006103516 30.9241676330566 30.9046669006348
31.1668338775635 31.0993328094482 31.1638336181641 31.076000213623 30.99049949646 30.7198333740234 30.4146671295166 30.5061664581299 30.6520004272461 31.6551666259766 31.7171669006348 31.654333114624 30.6940002441406 30.6838340759277 30.4103336334229 31.4479999542236 31.4153327941895 31.2116661071777 31.1560001373291 31.3451652526855 31.583833694458 31.6783332824707 31.6963348388672 31.7360000610352 31.7924995422363 31.7218341827393 31.71266746521 31.7241668701172 31.7256660461426 31.719165802002 31.6995010375977 31.7368316650391 31.6828327178955 31.6964988708496 31.7549991607666 31.7115001678467 31.7288341522217 30.8598327636719 30.8361663818359 30.8481674194336 30.8730010986328 30.8678321838379 30.8859996795654 30.9203338623047 30.9191665649414 30.9276676177979 30.913667678833 30.8776664733887 30.8623332977295
31.2161674499512 31.132999420166 31.0564994812012 30.9516677856445 30.779167175293 30.5236663818359 30.4556674957275 30.6168327331543 30.7281665802002 30.791332244873 31.7296676635742 31.6665000915527 30.707332611084 30.6431674957275 30.4676666259766 31.4664993286133 31.3126678466797 31.1283340454102 31.0790004730225 31.2821655273438 31.470832824707 30.6941680908203 30.7386665344238 30.8088340759277 30.7136669158936 31.566333770752 31.5846672058105 31.6133327484131 31.6136665344238 31.6089992523193 31.6350002288818 31.6825008392334 31.7188339233398 31.8061676025391 31.7968330383301 31.7264995574951 31.7451667785645 31.6300010681152 30.7325000762939 30.7411670684814 30.7763328552246 30.7784996032715 30.8061656951904 30.8533325195312 30.8681678771973 30.8959999084473 30.8938331604004 30.8266658782959 30.8304996490479
31.283166885376 30.9393329620361 30.8231678009033 30.5939998626709 30.5478324890137 30.5906677246094 30.6365013122559 30.7058334350586 30.7504997253418 30.7546653747559 30.781665802002 31.6268348693848 31.553165435791 31.4778327941895 30.4099998474121 30.3479995727539 30.2196655273438 31.087833404541 30.9980010986328 31.1873321533203 31.4179992675781 31.5441665649414 30.703332901001 30.6338329315186 30.6149997711182 30.5868339538574 31.5109996795654 31.5111656188965 31.5181655883789 31.529333114624 31.594165802002 31.609167098999 31.663667678833 31.7136669158936 31.7056655883789 31.8058319091797 31.8034992218018 31.6563320159912 31.5200004577637 31.5091667175293 31.5418338775635 31.5571670532227 31.5886650085449 31.6153335571289 31.6118335723877 31.6406669616699 31.6576671600342 31.6303329467773 31.5883331298828
31.1533336639404 30.6348342895508 30.7101669311523 30.6218338012695 30.6251678466797 30.6738338470459 30.6886672973633 30.7566661834717 30.7124996185303 30.6746673583984 30.6391658782959 30.6608333587646 30.6348342895508 30.3964996337891 30.2363338470459 30.1801662445068 29.9526672363281 29.8924999237061 30.0391674041748 30.2531661987305 31.3241653442383 31.4598331451416 31.4521675109863 30.5 30.5598335266113 30.5653324127197 30.5369987487793 31.4141674041748 31.4236660003662 31.4956665039062 31.6240005493164 31.5873336791992 31.5524997711182 31.5648345947266 31.6856651306152 31.7886657714844 31.8618335723877 31.5924987792969 31.4518337249756 31.484167098999 31.4876670837402 31.5098323822021 31.5773334503174 31.5909996032715 31.5648326873779 31.5751667022705 31.5638332366943 31.558666229248 30.6846675872803
31.0304985046387 30.8491668701172 30.7446670532227 30.6518325805664 30.6703338623047 30.6730003356934 30.7071666717529 30.7369995117188 30.6446666717529 30.5641651153564 30.6040000915527 30.6783332824707 30.3686656951904 30.0766677856445 30.1276664733887 30.0976657867432 29.945333480835 29.8548336029053 29.9879989624023 30.25 30.3873329162598 31.3601665496826 31.4778327941895 31.47216796875 30.5696659088135 30.5273342132568 30.4796676635742 30.4604988098145 30.4878330230713 31.5243339538574 31.5256671905518 31.4801654815674 31.5166664123535 31.545166015625 31.632999420166 31.6103324890137 31.4981651306152 31.420166015625 31.3986663818359 31.4223327636719 31.445333480835 31.4694995880127 31.5209999084473 31.5116653442383 31.5 31.5123329162598 30.6513328552246 30.6574993133545 30.6303329467773
30.9286651611328 30.8380012512207 30.6923332214355 30.5993328094482 30.6456661224365 30.6278324127197 30.6434993743896 30.6341667175293 30.5334987640381 30.5678329467773 30.5050010681152 30.296667098999 29.9418334960938 29.9018325805664 30.0458335876465 30.0193328857422 29.8158340454102 29.8971672058105 30.0168342590332 30.203332901001 30.320499420166 30.3643321990967 30.4438343048096 31.3363342285156 31.2959995269775 31.3248329162598 30.3981666564941 30.3759994506836 30.4610004425049 30.5126667022705 31.4521656036377 31.461332321167 31.4539985656738 31.4615001678467 31.5008335113525 31.4981670379639 31.4446659088135 30.5651664733887 30.6018333435059 30.5256671905518 30.5384998321533 30.5674991607666 30.6098327636719 30.5848331451416 30.5955009460449 30.5971660614014 30.5733337402344 30.5778331756592 30.5691661834717
30.8256664276123 30.7583332061768 30.5475006103516 30.560998916626 30.6578330993652 30.6016654968262 30.5113334655762 30.5111675262451 30.392333984375 30.2910003662109 30.0989990234375 29.8111667633057 29.7231674194336 29.8656673431396 29.9705009460449 29.8984985351562 29.7451667785645 29.8810005187988 30.0413341522217 30.1601676940918 30.1856670379639 30.2070007324219 30.2231674194336 30.2428321838379 30.2763328552246 31.2228336334229 31.2146663665771 30.3488330841064 30.3984985351562 30.4850006103516 30.5063343048096 30.5088348388672 30.5551681518555 30.6166667938232 30.5786666870117 30.5953330993652 30.6346664428711 30.5513343811035 30.5133323669434 30.4478340148926 30.4015007019043 30.4591674804688 30.5251655578613 30.5181655883789 30.5248336791992 30.5174999237061 30.5084991455078 30.5111656188965 30.4991664886475
30.7154998779297 30.4055004119873 30.3911666870117 30.4514999389648 30.4523334503174 30.4308338165283 30.4031677246094 30.2598342895508 30.0499992370605 29.9633331298828 29.6871681213379 29.5721664428711 29.630500793457 29.6595001220703 29.6224994659424 29.6940002441406 29.8003330230713 29.9116668701172 29.9538345336914 30.0048332214355 30.0338325500488 30.0753326416016 30.099666595459 30.1469993591309 30.1929988861084 30.2068328857422 31.1446666717529 31.1801662445068 30.3763332366943 30.3726654052734 30.4158325195312 30.4810009002686 30.517333984375 30.5621681213379 30.6168327331543 30.6521663665771 30.3444995880127 30.2676658630371 30.2304992675781 30.2486667633057 30.326000213623 30.4073333740234 30.4621677398682 30.4500007629395 30.4694995880127 30.4553337097168 30.4200000762939 30.4511661529541 31.296501159668
30.4636669158936 30.103832244873 30.1466674804688 30.1786670684814 30.1548328399658 30.0674991607666 30.0051670074463 29.8735008239746 29.7291679382324 29.6396675109863 29.5673332214355 29.5445003509521 29.576000213623 29.5513343811035 29.5388336181641 29.6121673583984 29.6754989624023 29.7740001678467 29.8238334655762 29.8308334350586 29.8490009307861 29.9738330841064 30.0446662902832 30.0774993896484 30.1213340759277 30.2064990997314 30.248664855957 30.3813323974609 30.2950000762939 31.1488342285156 31.2006664276123 31.3161659240723 30.529167175293 30.5286674499512 30.5844993591309 30.7854995727539 31.5493335723877 30.3506679534912 31.0893325805664 31.0816669464111 30.2469997406006 30.2895011901855 30.3640003204346 30.3851661682129 30.4029998779297 31.2313327789307 31.2163333892822 30.4013328552246 30.4565010070801
30.1523323059082 30.0241661071777 29.9791679382324 29.9941673278809 29.8974990844727 29.8256664276123 29.7588329315186 29.5359992980957 29.5298328399658 29.4974994659424 29.4884986877441 29.517333984375 29.4895000457764 29.5470008850098 29.4790000915527 29.6084995269775 29.6466674804688 29.6749992370605 29.7036666870117 29.726167678833 29.7118339538574 29.798999786377 29.8858337402344 29.9570007324219 30.0538330078125 30.1848335266113 30.2773323059082 30.2674999237061 30.2159996032715 30.1998329162598 30.3369998931885 30.4221668243408 31.2966651916504 31.2718334197998 31.400333404541 30.748498916626 30.4643325805664 30.341667175293 30.1731662750244 30.1469993591309 30.179666519165 30.2091674804688 30.3064994812012 30.3213329315186 30.3196659088135 30.3359985351562 30.3586673736572 30.4031658172607 30.4391670227051
29.8880004882812 29.8778324127197 29.8554992675781 29.7961673736572 29.7644996643066 29.6118335723877 29.5128345489502 29.4855003356934 29.4570007324219 29.3751678466797 29.367166519165 29.4348335266113 29.4825000762939 29.4665012359619 29.4814987182617 29.5468330383301 29.5841674804688 29.5736656188965 29.5898323059082 29.6283340454102 29.638500213623 29.6800003051758 29.7516670227051 29.8939990997314 30.0100002288818 30.0608329772949 30.0886669158936 30.1018333435059 30.2040004730225 30.21533203125 30.2636661529541 30.2999992370605 30.2964992523193 30.3051662445068 30.3971672058105 30.4743347167969 30.1641654968262 30.099666595459 30.0116672515869 30.091667175293 30.113166809082 30.1381664276123 30.2250003814697 30.2663326263428 30.2738342285156 30.304666519165 30.3850002288818 30.4443321228027 30.4764995574951
