rasters/Niger_bio8.asc
NCOLS 190 
NROWS 142 
XLLCORNER 0.152941121 
YLLCORNER 11.695773031 
CELLSIZE 0.0832493725157895 
NODATA_value -3.4e+38 
[rows 88 to 109 of 142, columns 98 to 146 of 190]
29.7331676483154 29.7445011138916 29.6844997406006 29.6216659545898 29.4853343963623 29.4558334350586 29.4475002288818 29.3563327789307 29.3541660308838 29.3330001831055 29.3964996337891 29.4511661529541 29.4796676635742 29.4290008544922 29.453332901001 29.4818344116211 29.5270004272461 29.4939994812012 29.5208339691162 29.5648326873779 29.6068344116211 29.6646671295166 29.7386665344238 29.8489990234375 29.9136657714844 29.9258346557617 29.9300003051758 30.0023345947266 30.1284999847412 30.1453342437744 30.1846675872803 30.220666885376 30.1818332672119 30.2256660461426 30.4238338470459 30.453498840332 30.1646671295166 29.9183330535889 29.8729991912842 29.9388332366943 30.0523338317871 30.095832824707 30.1733322143555 30.2131652832031 30.2714996337891 30.3553333282471 30.3843326568604 30.3888320922852 30.423999786377
29.6168327331543 29.6306667327881 29.5541667938232 29.4489994049072 29.458833694458 29.4438323974609 29.3628330230713 29.2906665802002 29.3343334197998 29.3563327789307 29.3178329467773 29.2976665496826 29.3216667175293 29.3229999542236 29.3546676635742 29.3813323974609 29.4098339080811 29.4375 29.4544982910156 29.4963321685791 29.5246658325195 29.6081676483154 29.6814994812012 29.7568321228027 29.8144989013672 29.8388328552246 29.8758335113525 29.9340000152588 30.0223331451416 30.0533332824707 30.0879993438721 30.0890007019043 30.1401672363281 30.2456665039062 30.6741676330566 30.4656658172607 30.3198337554932 30.1641674041748 29.9948329925537 29.9436664581299 30.0394992828369 30.1206665039062 30.1628322601318 30.2313327789307 30.2660007476807 30.2771682739258 30.3196659088135 30.3293342590332 30.3675003051758
29.5475006103516 29.5561676025391 29.5109996795654 29.4580001831055 29.3376655578613 29.308500289917 29.2991676330566 29.2963333129883 29.2431659698486 29.2388343811035 29.191499710083 29.2333335876465 29.2415008544922 29.2695007324219 29.296667098999 29.3020000457764 29.3048324584961 29.3374996185303 29.3505001068115 29.4529991149902 29.5026664733887 29.5400009155273 29.619499206543 29.7188339233398 29.8094997406006 29.7686672210693 29.8128337860107 29.8745002746582 29.9556674957275 29.9671669006348 29.9778327941895 30.0141658782959 30.119499206543 30.1474990844727 30.2936668395996 30.4541664123535 30.0120010375977 29.7740001678467 29.7744998931885 29.9113330841064 30.0655002593994 30.1491661071777 30.1791667938232 30.24049949646 30.2770004272461 30.264331817627 30.2884998321533 30.3131675720215 30.3413333892822
29.3655014038086 29.4794998168945 29.4366664886475 29.2528343200684 29.2490005493164 29.2606658935547 29.2268333435059 29.1494998931885 29.1313323974609 29.1398334503174 29.1809997558594 29.2428340911865 29.2321662902832 29.1753330230713 29.2434997558594 29.3009986877441 29.2770004272461 29.3021659851074 29.3501663208008 29.4025001525879 29.4594993591309 29.5279998779297 29.5515003204346 29.6061668395996 29.6781673431396 29.6901664733887 29.7296657562256 29.7661666870117 29.8093338012695 29.8474998474121 29.9253330230713 30.0513324737549 30.0543327331543 30.0733337402344 30.1473331451416 30.4151668548584 30.5030002593994 29.9173336029053 29.8194999694824 29.9508323669434 30.045166015625 30.1311664581299 30.2028331756592 30.2058334350586 30.218334197998 30.2361679077148 30.2651672363281 30.298999786377 30.337833404541
29.2233333587646 29.3238334655762 29.2036666870117 29.1180000305176 29.0646667480469 29.127498626709 29.1626663208008 29.1790008544922 29.1018333435059 29.1233329772949 29.2111663818359 29.2430000305176 29.2029991149902 29.173999786377 29.2151660919189 29.2621669769287 29.2336673736572 29.28733253479 29.3610000610352 29.3811664581299 29.4381675720215 29.4788341522217 29.4769992828369 29.5555000305176 29.5865001678467 29.57200050354 29.6101665496826 29.6833343505859 29.696834564209 29.8170013427734 29.9120006561279 29.9158325195312 29.9343338012695 29.9271659851074 29.9641666412354 30.030834197998 30.1515007019043 29.914665222168 29.810001373291 29.9173336029053 29.996000289917 30.1111660003662 30.1768341064453 30.2276668548584 30.2408332824707 30.2654991149902 30.2684993743896 30.2919998168945 30.3403339385986
29.0261669158936 29.0540008544922 29.0109996795654 29.0014991760254 29.0186653137207 29.0605010986328 29.0865001678467 29.0685005187988 29.0100002288818 29.0811672210693 29.1153335571289 29.2031669616699 29.2341651916504 29.2059993743896 29.166332244873 29.2185001373291 29.2426662445068 29.2823333740234 29.3333339691162 29.3918342590332 29.3998336791992 29.4249992370605 29.428165435791 29.4448337554932 29.4741668701172 29.5066680908203 29.6168327331543 29.6735000610352 29.7290000915527 29.7623329162598 29.7509994506836 29.7393341064453 29.7883338928223 29.8021659851074 29.8311672210693 29.9366664886475 30.0166664123535 29.9640007019043 29.8110008239746 29.8680000305176 29.9873332977295 30.1088333129883 30.173999786377 30.195499420166 30.2196674346924 30.2356662750244 30.2413330078125 30.30299949646 30.3194999694824
28.8891677856445 28.9568328857422 28.8571662902832 28.8901672363281 28.8906669616699 28.9225006103516 28.9699993133545 28.9165000915527 28.9693336486816 29.0183334350586 29.0606670379639 29.0891666412354 29.1245002746582 29.1189994812012 29.1515007019043 29.2098331451416 29.2298316955566 29.2413330078125 29.2534999847412 29.3388328552246 29.3388328552246 29.3371658325195 29.3543319702148 29.41233253479 29.4936676025391 29.5511665344238 29.5930004119873 29.6445007324219 29.6498336791992 29.6389999389648 29.6163330078125 29.6044998168945 29.6298332214355 29.6653327941895 29.7563323974609 29.9103317260742 29.9143333435059 29.9583320617676 29.8834991455078 29.9029998779297 29.9766654968262 30.0626678466797 30.1126670837402 30.134334564209 30.1831665039062 30.1870002746582 30.2211666107178 30.2678337097168 30.2943344116211
28.8020000457764 28.8776664733887 28.7841663360596 28.7419986724854 28.7959995269775 28.8724994659424 28.844165802002 28.8144989013672 28.8843326568604 28.9426670074463 28.9535007476807 28.9571666717529 29.0161666870117 29.0174999237061 29.093334197998 29.1095008850098 29.1136665344238 29.1749992370605 29.2146663665771 29.2756671905518 29.2534999847412 29.2670001983643 29.3533344268799 29.4286651611328 29.4076652526855 29.4939994812012 29.5393333435059 29.545166015625 29.5518341064453 29.513500213623 29.5263328552246 29.5448341369629 29.5851669311523 29.6711654663086 29.7469997406006 29.8020000457764 29.8043327331543 29.8126678466797 29.7988319396973 29.8511657714844 29.9491653442383 30.0125007629395 30.0053329467773 30.0494995117188 30.1113338470459 30.144832611084 30.1800003051758 30.2129993438721 30.2836666107178
28.7638320922852 28.7164993286133 28.6754989624023 28.7331657409668 28.7686672210693 28.7633323669434 28.6561660766602 28.7101669311523 28.7723331451416 28.8341655731201 28.8699989318848 28.8486671447754 28.9179992675781 28.9236679077148 28.9934997558594 29.0628337860107 29.1086673736572 29.0970001220703 29.1040000915527 29.1884994506836 29.2231674194336 29.219165802002 29.271167755127 29.3035011291504 29.3498344421387 29.3943328857422 29.3994998931885 29.4106674194336 29.4241676330566 29.4659996032715 29.5228328704834 29.6184997558594 29.6476669311523 29.6480007171631 29.6770000457764 29.6713333129883 29.683666229248 29.7228336334229 29.7726669311523 29.7953338623047 29.8481674194336 29.9281673431396 29.9446678161621 30.0051670074463 30.0708332061768 30.1155014038086 30.1451663970947 30.1748332977295 30.2320003509521
28.6184997558594 28.6186676025391 28.6246662139893 28.6101665496826 28.6123332977295 28.5809993743896 28.5418319702148 28.621166229248 28.6376667022705 28.6235008239746 28.7070007324219 28.7700004577637 28.7918338775635 28.8618335723877 28.9663333892822 28.9848327636719 29.0263328552246 29.0171661376953 29.0254993438721 29.0186653137207 29.0960006713867 29.1798324584961 29.1863327026367 29.2369995117188 29.2940006256104 29.3326663970947 29.3579998016357 29.3724994659424 29.4264984130859 29.484001159668 29.5209999084473 29.5818328857422 29.5895004272461 29.529333114624 29.5400009155273 29.621166229248 29.6596660614014 29.7061672210693 29.7598323822021 29.7713317871094 29.828498840332 29.880500793457 29.9343338012695 29.9826679229736 30.0396671295166 30.0628337860107 30.0788326263428 30.111499786377 30.1599998474121
28.5556659698486 28.554500579834 28.5405006408691 28.4916667938232 28.4138336181641 28.3848342895508 28.4846668243408 28.4899997711182 28.4841651916504 28.5470008850098 28.5629997253418 28.6043319702148 28.6916656494141 28.7756652832031 28.8455009460449 28.8493328094482 28.9010009765625 28.9265003204346 28.9461669921875 28.9231662750244 28.9681663513184 29.0926666259766 29.1023330688477 29.1030006408691 29.1700000762939 29.2283344268799 29.2501678466797 29.2921676635742 29.3606662750244 29.3950004577637 29.4221668243408 29.4794998168945 29.5226669311523 29.5328330993652 29.5881671905518 29.6494998931885 29.683666229248 29.7173328399658 29.7448329925537 29.7978324890137 29.8743343353271 29.8834991455078 29.8850002288818 29.9543342590332 30.0111675262451 30.0363349914551 30.054500579834 30.0753326416016 30.1189994812012
28.503833770752 28.4206657409668 28.3191661834717 28.2455005645752 28.1665000915527 28.1450004577637 28.1666679382324 28.2193336486816 28.2083320617676 28.1969985961914 28.2755012512207 28.488000869751 28.5633335113525 28.6753330230713 28.6751670837402 28.6663341522217 28.7196655273438 28.7663326263428 28.7508335113525 28.7836666107178 28.9163341522217 28.9863338470459 28.9863338470459 29.0081672668457 29.0773334503174 29.1591663360596 29.2013339996338 29.1905002593994 29.2633323669434 29.3030014038086 29.3301658630371 29.3833332061768 29.4610004425049 29.5386657714844 29.6070003509521 29.566499710083 29.6078338623047 29.6695003509521 29.7223339080811 29.7654991149902 29.8221664428711 29.8676662445068 29.8819999694824 29.9259986877441 29.9851665496826 30.0381660461426 30.0481662750244 30.0628337860107 30.0690002441406
28.3983345031738 28.2894992828369 28.1693344116211 28.0820007324219 28.0594997406006 28.0699996948242 28.0168342590332 28.0471668243408 28.0114994049072 28.0231666564941 28.1991672515869 28.3554992675781 28.3853340148926 28.4776668548584 28.460334777832 28.4629993438721 28.5261669158936 28.5188331604004 28.6106662750244 28.6975002288818 28.8111667633057 28.8684997558594 28.9109992980957 28.9316673278809 29.011833190918 29.132999420166 29.1486663818359 29.1253337860107 29.1721668243408 29.2434997558594 29.3301658630371 29.3556671142578 29.3903331756592 29.4604988098145 29.525333404541 29.5616664886475 29.6021671295166 29.6026668548584 29.6706657409668 29.7315006256104 29.7660007476807 29.8131675720215 29.8439998626709 29.924165725708 30.0156669616699 30.0480003356934 30.0363330841064 30.0128326416016 30.0316677093506
28.2581672668457 28.1438331604004 28.07200050354 28.0288333892822 27.9148330688477 27.882999420166 27.7560005187988 27.8106670379639 27.853666305542 27.9766654968262 28.078332901001 28.2108325958252 28.2413330078125 28.3094997406006 28.2516670227051 28.3026657104492 28.3493328094482 28.4133338928223 28.4946670532227 28.5816669464111 28.6938343048096 28.7159996032715 28.6660003662109 28.7566680908203 28.8658332824707 28.9839992523193 29.025333404541 29.0763339996338 29.1181659698486 29.2063331604004 29.2603321075439 29.3506660461426 29.3701667785645 29.420166015625 29.4948329925537 29.5244998931885 29.5733337402344 29.5836658477783 29.6514987945557 29.6758327484131 29.7176666259766 29.7681655883789 29.8151664733887 29.8871669769287 29.9928321838379 30.0180015563965 29.9621677398682 29.9531669616699 30.0001678466797
28.0496673583984 28.0236663818359 28.0036659240723 27.9209995269775 27.8681659698486 27.8166656494141 27.6771678924561 27.7066669464111 27.8048324584961 27.9466667175293 27.9389991760254 27.9078330993652 27.933666229248 28.0130004882812 28.1256656646729 28.1496677398682 28.2790012359619 28.388500213623 28.3931674957275 28.4996662139893 28.5848331451416 28.6060009002686 28.5928344726562 28.683500289917 28.7226657867432 28.8381671905518 28.8738327026367 28.9661674499512 29.0255012512207 29.1098327636719 29.1686668395996 29.281665802002 29.3320007324219 29.4051666259766 29.4388332366943 29.4769992828369 29.5104999542236 29.5573348999023 29.5984992980957 29.6246662139893 29.7071666717529 29.7583332061768 29.7705001831055 29.8661670684814 29.908332824707 29.9273338317871 29.9243335723877 29.933666229248 29.9529991149902
28.0470008850098 27.9891662597656 27.9426670074463 27.8525009155273 27.7744998931885 27.6931648254395 27.6511650085449 27.6983337402344 27.7476673126221 27.8169994354248 27.8533325195312 27.9014987945557 27.8198337554932 27.8228340148926 27.9700012207031 28.1103324890137 28.1894989013672 28.2876663208008 28.3568325042725 28.4314994812012 28.5181674957275 28.5233325958252 28.4909992218018 28.470666885376 28.4860000610352 28.5631675720215 28.6389999389648 28.7446670532227 28.8673324584961 29.0756664276123 29.1560001373291 29.1896667480469 29.2941665649414 29.3769989013672 29.4120006561279 29.4173336029053 29.4635009765625 29.5290012359619 29.5921669006348 29.6136665344238 29.6213340759277 29.6599998474121 29.7051658630371 29.7849998474121 29.7851676940918 29.8353328704834 29.8836669921875 29.9226665496826 29.9151668548584
27.8746662139893 27.852165222168 27.8555011749268 27.8053340911865 27.6350002288818 27.5598316192627 27.6976661682129 27.6103324890137 27.632833480835 27.6304988861084 27.7399997711182 27.8115005493164 27.8753337860107 27.9565010070801 28.0416660308838 28.0551662445068 28.1713333129883 28.2813339233398 28.3066673278809 28.3558330535889 28.4313335418701 28.3994998931885 28.429500579834 28.388500213623 28.3655014038086 28.4743347167969 28.6124992370605 28.6471672058105 28.738166809082 28.9506664276123 29.1035003662109 29.1276664733887 29.2178344726562 29.2676658630371 29.3719997406006 29.429500579834 29.4200000762939 29.4741668701172 29.5596675872803 29.5939998626709 29.6178340911865 29.6364994049072 29.7098331451416 29.7428340911865 29.7864990234375 29.7996673583984 29.8115005493164 29.8439998626709 29.8408336639404
27.7953338623047 27.7661666870117 27.695499420166 27.6098327636719 27.5240001678467 27.6271667480469 27.7146663665771 27.6683330535889 27.6215000152588 27.6296672821045 27.5811672210693 27.6631660461426 27.7445011138916 27.8400001525879 27.8973331451416 28.0045013427734 28.05299949646 28.1223335266113 28.1651668548584 28.1833343505859 28.1399993896484 28.2140007019043 28.2013339996338 28.2654991149902 28.3068332672119 28.4751663208008 28.5675010681152 28.640832901001 28.7318344116211 28.9130001068115 29.0065002441406 29.0255012512207 29.0491676330566 29.1735000610352 29.2976665496826 29.3311653137207 29.3540000915527 29.4179992675781 29.5380001068115 29.5856666564941 29.5973339080811 29.6308326721191 29.6971664428711 29.7153339385986 29.7448329925537 29.7228336334229 29.8048324584961 29.7574996948242 29.8306655883789
27.795166015625 27.7943325042725 27.5421676635742 27.5218334197998 27.6438331604004 27.7279987335205 27.6461658477783 27.6393337249756 27.6858329772949 27.6550006866455 27.6313323974609 27.6429996490479 27.6553344726562 27.6749992370605 27.8356666564941 27.954833984375 27.9109992980957 27.9508323669434 27.9419994354248 27.9489994049072 27.859167098999 28.0096664428711 27.9405002593994 27.9933338165283 28.1228332519531 28.2333335876465 28.3933334350586 28.5651664733887 28.6643333435059 28.735668182373 28.8059997558594 28.9008331298828 28.982666015625 29.0541667938232 29.0356674194336 29.1293334960938 29.2591667175293 29.3611679077148 29.4266662597656 29.4971656799316 29.5581665039062 29.6103324890137 29.6833324432373 29.6903343200684 29.6916675567627 29.8026657104492 29.8314990997314 29.796667098999 29.890832901001
27.6136665344238 27.7150001525879 27.576831817627 27.6026668548584 27.6674995422363 27.7109985351562 27.6961669921875 27.7630004882812 27.7806663513184 27.7278327941895 27.6666679382324 27.6633338928223 27.6245002746582 27.5793323516846 27.6873340606689 27.7958335876465 27.8470001220703 27.841833114624 27.7853336334229 27.8133335113525 27.7056674957275 27.8655014038086 27.6620006561279 27.9151668548584 28.2016658782959 27.9951667785645 28.2688331604004 28.4546661376953 28.6300010681152 28.7336654663086 28.8123321533203 28.8643341064453 28.8933334350586 28.9411678314209 29.0403327941895 29.178165435791 29.2333335876465 29.3091659545898 29.3561668395996 29.3943328857422 29.4758338928223 29.5625 29.6219997406006 29.6704998016357 29.7028331756592 29.7513332366943 29.7858333587646 29.9011669158936 29.9211673736572
27.5971660614014 27.6351661682129 27.6399993896484 27.6456661224365 27.6813335418701 27.6949996948242 27.7203330993652 27.7179985046387 27.7243328094482 27.742166519165 27.670166015625 27.632833480835 27.6233329772949 27.5771675109863 27.6521663665771 27.7181663513184 27.753999710083 27.7268333435059 27.6058330535889 27.5946655273438 27.6674995422363 27.5869998931885 27.599666595459 27.9759998321533 28.2336654663086 28.0376663208008 28.1556663513184 28.3628330230713 28.5186672210693 28.6749992370605 28.8058338165283 28.7638320922852 28.8215007781982 28.8880004882812 29.0961666107178 29.2016677856445 29.2481670379639 29.2973327636719 29.3438339233398 29.3811664581299 29.4806671142578 29.5319995880127 29.6218338012695 29.6430015563965 29.6243324279785 29.7290000915527 29.8091678619385 29.8773326873779 29.8759994506836
27.6165008544922 27.6476669311523 27.6261672973633 27.6766662597656 27.7234992980957 27.8063316345215 27.8326663970947 27.7070007324219 27.6884994506836 27.7171669006348 27.6848335266113 27.7415008544922 27.6833343505859 27.6436672210693 27.6366672515869 27.6609992980957 27.7248344421387 27.6100006103516 27.5496673583984 27.6865005493164 27.5866661071777 27.4624996185303 27.5656661987305 27.8126678466797 28.1580009460449 28.0206680297852 27.9570007324219 28.1951656341553 28.445333480835 28.6450004577637 28.7126655578613 28.6963329315186 28.7398338317871 28.8918323516846 29.0224990844727 29.1478328704834 29.203332901001 29.2415008544922 29.2743320465088 29.3581657409668 29.4171676635742 29.4495010375977 29.5104999542236 29.6310005187988 29.6176662445068 29.7123336791992 29.746166229248 29.8131675720215 29.8443336486816
