rasters/Niger_SNDPPT_M_sl2_250m_ll.asc
NCOLS 190 
NROWS 142 
XLLCORNER 0.152941121 
YLLCORNER 11.695773031 
CELLSIZE 0.0832493725157895 
NODATA_value -9999 
[rows 92 to 114 of 142, columns 106 to 158 of 190]
86.4148999258717 79 88.5857672349879 85.97976278725 73.8473684210528 75.3289103039294 75.0967383246848 78.408450704226 77 80.591549295774 88.591549295774 87.6730911786509 88 87.9142327650117 89.7208302446261 88.4987398072676 88 88.7633802816915 92.3051148999264 90.408450704226 91.3667902149746 93.1590066716075 90.485693106003 87.1830985915481 87.9968865826531 91.1613046701254 92.4229058561901 88.7303187546317 84.6581912527788 59.9738324684979 91.4062268346973 96.4495922905865 97 90 92.5080800593047 91.3206819866568 89.2957746478878 92.3586360266884 86.0687916975524 91.3242401779093 87.6532246108216 91.4733135656032 92.1207561156386 89.5056338028131 90.8523350630056 90.955670867309 89.1686434395836 91.5982950333575 85.6505559673841 92.0386953298738 83.2984432913281 92.2505559673846 90.6750185322483
89.9913269088213 78.599332839139 85.7404002965166 84.9003706449227 85.8326167531496 77.2139362490734 79.3439584877686 76.8742772424021 77.6939955522608 80 78.4052631578941 81.4507042253516 90.1702742772415 85.7719051149007 86.4927353595255 86.8727946627145 79.7034840622692 81.1352112676059 88.7851742031122 85.9808747220179 92.2019273535951 84.0593031875463 90.4998517420311 88.9479614529274 92.1009636767992 91.0581171237975 92.3005930318765 91.5492957746484 92.6736842105288 78.9459599703403 99.5492957746484 97 96.3671608598968 92.2454410674574 94.2633061527058 92.6570793180123 91.323943661972 92.0985915492968 88.0349147516657 90.304744255004 91.7875463306138 91.9299481097102 91.8708673091192 89.7565604151165 91.3473684210473 92.8789473684199 87.6716085989642 90.1022238695341 89.9971089696074 86.1681245366928 85.7542624166073 87.0200148257951 86.1673091178603
83.5381764269841 81.4536693847299 82.0346923647143 78.617568569311 88.5070422535219 83.1833951074856 81.5037064492221 89.8624907338774 89.1719051149002 90.6317272053376 86.9645663454402 87.8187546330611 86 78.4929577464781 76 73.1948109710907 73.2438843587932 86.6999999999991 88.2615270570805 90.1094143810234 88.8544106745752 90.5070422535219 93.4175685693106 90 87.4984432913274 91.5297998517402 87.9870274277228 90.5053372868798 86.4125277983691 86.5070422535219 87.4065974796028 93.1367679762775 90.0094143810241 92.6771682727929 93.4157894736834 93.9496664195685 90.2535211267616 80.2321719792448 86.1277983691654 87.5017049666389 81.3389177168276 87.8532246108225 82.7262416604869 83.0216456634592 86.7681986656778 84.6140103780581 86.6519644180886 88.4747961452917 88.0060785767259 85.5111934766535 83.1592290585634 87.9914751667892 84.0856189770192
80.4574499629357 78.9859154929564 88.0318013343214 87.4246849518163 85.717272053374 90.2700518902895 85.8899184581174 91.3351371386216 80.6366197183094 88.6847294292063 80.4471460340984 92 79.7380281690143 82.0374351371384 91.3070422535211 92.7397331356532 86.4647887323946 91.3746478873233 90.3101556708676 92.8845070422533 89.708895478132 92.8684210526325 89.5830985915494 90.0197183098581 87.9842105263122 86.0368421052622 92.036693847294 88.0845811712401 90.6225352112667 90.2200889547827 89.9769458858398 83.380281690141 87.3549295774642 91.8384729429196 86.2929577464778 82.174647887324 84.7323943661966 84.4960711638258 83.8917716827194 85.8263157894733 84.0257968865819 80.5993328391405 83.8991104521857 81.8214232765032 84.1462564862863 81.814158636025 80.7101556708679 83.1072646404747 84.4486286137898 84.4184581171243 85.3400296515953 82.4647887323946 81.2441067457357
81.8475166790226 88.5622683469236 88.6458858413628 89.1378057820599 88 90.3071905114896 88.8817642698302 89.8821349147517 91.2868791697562 88.1549295774637 86.4507783543341 83.3617494440327 89 88.775389177168 89.6687175685695 91.038324684951 89.9195700518909 78.7042253521127 88.1646404744253 92 89.4941438102309 89.8128243143067 91.0378057820611 91.9799851742029 90.8481097108987 85.6221645663493 89.0455893254258 87.492438843588 87.4143068939962 88.2052631578937 89.8692364714605 86.4088213491482 88 79.3128243143055 86.8566345441115 80.7358042994834 84.9225352112679 85.4223128243162 81.5130467012598 82.7473684210539 83.100518902891 81.4551519644173 76.9879169755384 81.6839881393653 85.7951816160071 80.5947368421075 84.6289844329107 83.5774647887319 84.0135656041499 88.4025203854713 87.1680504077118 84.5570793180131 81.5263899184654
86.5406968124538 90.2431430689399 91.577316530764 90.2962194217942 89.3222386953299 89.7404002965159 87.9073387694584 87.8271312083027 88.2129725722763 88.3946627131214 90.3802816901408 87 89 90.4684210526316 76.4015567086731 87.3842105263171 91.7016308376579 86.4338028169009 91.3861378799093 85.7277983691616 91.4879169755376 87.8369162342474 87.0554484803563 82.3622683469234 87.0012601927357 88.0228317272047 85.225722757596 85.9656782802101 86.7456634544079 86.1311341734643 83.9059303187549 83.0378057820589 84.668421052632 84.9171237954056 85.3841363973329 84.1219421793911 79.1901408450683 82.3613787991122 83.3620459599693 82.7368421052609 82.2861378799112 80.3802816901408 80.5177168272795 83.2872498146751 82.6277983691656 83.7145292809484 85.9510748702737 86.3257968865816 81.0052631578942 86.5249814677545 86.7482579688671 84.3539659006659 86.4879169755365
93.0053372868793 90.0348406226823 88.3380281690149 89.9626389918459 83.3942179392114 84.7277983691616 81.7561156412173 87.1392883617484 86.6590808005928 85 86.7964418087434 85.8487768717567 81.8274277242397 84.6899184581175 78.7643439584884 76.638547071907 77 90.1985915492962 89.4912527798358 86.7842105263153 90.1031875463304 90.8684210526315 89.307783543366 88.9366197183091 88.9912527798349 80.2865826538169 85.2987398072683 86.6619718309851 87.5563380281683 83.0785025945094 90.7420311341724 85.7105263157901 87.2224610822831 84.7473684210499 82.6619718309851 82.492809488511 81.3309859154917 84.4787249814669 86.6132690882151 80.4643439584891 78.6619718309851 80.9540400296534 83.9930318754648 84.6791697553776 83.8802816901419 83.3397331356572 84.4562638991846 81.911119347659 83.0210526315769 86.6959229058527 86.3670126019277 82.777613046702 81.6760563380298
89.6249073387688 92.2957746478868 87.6280948851012 81.9570051890311 86.2957746478868 84.2713120830256 74.4625648628605 85.1139362490735 85.6530022238683 84.6589325426227 88.5811712379532 86 89.6404744254999 81.7074128984448 81.5781319495931 85.9704966642005 82.9814677538893 88.0845070422521 91.2268346923652 91 88.3471460340988 88.1641957005182 87.1432913269069 89.0807264640484 86.9947368421041 89.2262416604906 84.4069681245351 86.1883617494442 82.2957746478868 85.675389177167 89.6925871015555 86.2086730911797 82.9209785025925 82.7547071905067 76.7496664195728 88.322461082283 82.9647887323934 80.8663454410697 76.7861378799182 84.8220904373618 78.5724981467744 84.7223869532964 80.7526315789473 83.7968124536698 85.4467753891751 86.9641957005186 82.5126019273515 89.9891030392882 85.8126019273563 85.2290585618975 82.8070422535178 83.0600444773893 83.8776871756866
87.9899184581173 87.2535211267605 84.5234247590806 77.659525574499 81.3392142327655 87.6030392883617 84.313565604151 80.5128243143077 80.1721275018535 87.8158636026691 89.8095626389913 88.1401037805783 82.3600444773903 83.730467012602 71.172794662713 77.325500370647 77.4240177909577 88.4915492957724 78.4929577464789 89.640103780578 85.5568569310606 85.1649369903634 89.8651593773154 86.9879911045217 89.2495181616003 89.0280207561149 88.4269829503343 89.3122312824323 83.9965159377279 86.2014825796889 87.6899184581181 89.9266123054116 83.592438843588 75.4052631578896 73.6551519644182 87.732765011119 89.9999999999974 87.4260192735346 81.2028910303887 79.7175685693127 79.084062268347 81.7824314306897 77.742105263158 80.9184581171288 81.9195700518896 87.2035581912499 83.1378799110468 86.064343958489 87.4942920681986 84.4816160118608 73.2371386211984 75 80.0440326167528
88.4067457375855 88.2223869532996 89.1908080059285 81 82.146775389178 79.2893254262438 83.473684210525 83.2369903632354 91.8565604151213 86.4977020014826 91.2750926612322 87.5163083765786 81.3694588584125 86.0032616753179 81.242401779097 80.3939214232752 85.1100815418802 84.8366197183121 89.1011119347665 89.618532246107 86.1378799110458 84.6052631578927 86.9672349888807 88.3606375092615 87.2007412898431 84.1375833951106 89.7798369162365 84.9097850259434 87.70815418829 84.4155670867297 83.4868791697543 81.6997776130449 77.1412157153455 71.9255744996265 85.038769458852 84.2896960711643 83.0281690140918 85.8551519644152 82.2206819866547 81.5609340252008 84.8085248332103 74.7716827279468 75.6842105263141 81.540103780575 81.9528539658961 88.0255744996297 90.8054114158628 84.2403261675332 85.7898443291315 86.3862120088921 85.0050407709419 85.1315789473677 81.8083765752455
90.3091178650843 92.1908821349138 89.7856931060051 76.3315789473672 79.8404002965163 79.9670867309119 76.2368421052625 81.8781319495924 86.4759822090441 82.3017790956258 87.1677538917715 78.2268346923641 83.1654558932539 80.2375092661227 89.2107487027435 87.6807264640462 87.8269088213477 86.4126760563378 83.2578947368428 81.4607116382538 84.8556708673088 87 88.3821349147515 88.404299481095 87.328391401035 87.8128243143076 89.6360266864337 84.9094143810203 80.5816160118584 86.3048925129717 87.2821349147531 88.7594514455156 86.3799851742042 85.1707931801309 86.7607116382511 84.4504818383995 81.0845070422566 85.3662713120845 78.0080800593085 76.41638250556 73.1129725722755 80.6130467012608 87.2055596738326 82.7947368421037 86.2828762045951 79.0117123795425 85.9343958487761 83.9472201630864 80.8415122312817 84 79.8309859154933 82.9848035581906 84.1736842105249
92.7484803558192 90.1267605633803 85.2260934025218 87.0280207561155 84.3609340252038 86.635211267606 82.8598962194225 78.9900667160856 86.4254262416616 80.9306152705704 78.2188287620494 78.0481838398807 86.0830985915498 80.8812453669385 86.9018532246112 84.2574499629369 88.5744996293541 86.0084507042262 85.2252038547078 88.0512972572287 84.5759822090441 70.8684210526315 85.7283172720522 88.9879911045217 85.864047442548 85.1058561897674 86.6085989621956 87.9846553002225 87.7878428465527 87.2539659006665 85.6855448480341 87.9099332839139 82.076649369904 73.3263157894725 73.4157894736834 75.9371386211999 73 73.2091919940691 77.5842105263141 77.6736842105257 79.4163083765756 86.6690140845075 75.8793921423276 89.4887323943633 79.2826538176379 83.9732394366219 81.001111934768 84.1314306893997 89 86.0733876945889 86.0521868050389 85.1100815418829 82.3033358042971
87.0845070422546 80.9154929577453 87.6941438102288 82.2608598962211 81.0681245366925 83.2463306152711 86 83.7917716827292 90.3819125278005 86.5292068198659 75.1290585618948 81.3676797627795 85.615344699779 89.7989621942143 88.5108228317282 89.7163825055618 86.6286137879927 90.1887323943619 90.0409191994074 82.5160859896241 85.7160118606358 80.3157894736884 88.5826538176381 84.2951074870309 85.9991104521866 80.715492957737 88.1022979985224 86.794440326167 83.3538917716805 86.0671608598972 83.1054114158649 83.2049666419553 81.7761304670134 79.3371386212048 80.0350630096304 81.5108228317274 80 84 78.7613046701282 75.4848035581931 83.1393624907304 76.6145292809498 86.7099332839134 78.9154929577454 76.197998517414 82.6368421052598 76.0656041512237 83.8542624166028 86.0845070422547 87.7876204595978 80.7391401037834 80.1578947368443 83.9108228317297
85.0573758339518 82.899555226091 82.9212750185312 86.1174203113433 84.1461823573014 83.2967383246835 87.5040770941448 89.0235730170499 74.2923647146019 76.9039288361737 87.7693106004464 78.5437361008157 90.3632320237192 88.3652335062988 87.1951816160127 79.2478131949568 78.3962194217988 84.3422535211282 91.9564121571528 87.4781319495902 85.0495922905863 74.3061527057102 85.4870274277198 85.9597479614525 86 83.8871756856945 81.8487768717584 85.1896219421776 85.5960711638265 85.145663454409 80.8157894736857 82.9699777613043 83.6541882876207 83.5998517420321 80.7893254262395 83.5614529280957 82.5422535211284 82.4962935507768 79.398220904375 76 84.3175685693109 88.2594514455151 83.4312083024452 85.4887323943621 85.9577464788727 87.1947368421069 86.2323943661998 78.2027427724268 79.1944403261672 80 84.8644922164571 82.2520385470704 85.0073387694589
86.9842105263148 79.0526315789482 82.9315789473683 85 89.9999999999984 85.9999999999993 87.2368421052621 80.836842105262 91.3210526315773 78.9105263157928 81.5947368421095 88.5526315789456 86.5315789473709 77.9999999999996 88.4263157894737 89 85.6578947368418 85.6000000000033 91.7421052631576 90.4315789473698 86.9999999999997 89.6052631578945 84.9105263157879 84.9526315789452 87.0052631578968 87.0000000000008 82.92105263158 83.2421052631559 89.5105263157943 80.2052631578939 87.7526315789471 79.8684210526328 81.3315789473646 81.6263157894745 82.0000000000012 82.5421052631607 79.0000000000021 79.9999999999996 84.1684210526311 81.8789473684175 88.3368421052617 86.1315789473671 85.2473684210531 87 84.4894736842152 86.8789473684195 84.0000000000016 89.9631578947345 83.9999999999992 86.9052631578946 80.0000000000001 80.0000000000032 82.3473684210497
84 83.9529280948866 86.8951074870282 80.8472201630845 87.9577464788735 77.7630837657517 78.9577464788735 87.9459599703488 89.9713120830246 77.609933283915 79.7215715344667 92.9388435878433 84.5303187546332 84.6288361749472 80.2102297998529 90.2736842105285 83.8309859154941 88.0295774647885 84.5580429948122 87.248925129726 83.618458117124 76.6100815418838 88.9105263157887 84.1752409191999 87.0420311341731 86.0438102297995 82.7620459599721 86.0045218680506 85.3478873239412 81.9664195700521 79.9681986656785 82.9699777613049 84.6401779095632 80.5318754633006 80.9824314306896 81.6843587842861 85.4788732394355 85.4385470719063 81.8809488510037 86 86.6824314306889 86.9399555226098 90.194292068199 90 83.1985174203124 88.6836174944387 83.954410674574 82.9991845811702 72.0523350630084 85.9134914751674 88.9577464788735 85.2153446997765 82.2085989621926
83.1965900667153 84.8914010378071 82.7057079318036 86.2775389177157 88.9283914010383 85.7795404002957 86.2123795403997 90.1472942920687 64.7948109710795 80.6061527057091 81.5627131208309 90.8806523350654 79.061378799112 73.4288361749447 78.6673832468477 89.6678280207543 74.6556708673086 83.1507042253491 85.5878428465506 81.5853965900677 73.0551519644177 79.2201630837642 76.8335804299479 82.75448480356 85.084507042253 77.7495922905872 81.053372868791 86.6602668643404 83.3891030392858 85.472498146778 81.9790956263901 79.2765011119369 79.4725722757585 81.8473684210571 82.3103780578207 79.7111193476644 79.6690140845044 83.3492216456664 83.4300222386967 86.8941438102306 84.9767976278714 87.2294292068206 83.4676797627892 83.8483320978514 87.304595997035 79.8628613787963 79.9221645663461 75.9523350630109 77.8213491475187 78.084507042253 82.8210526315808 88.1204595997029 85.9008154188296
84.9979985174203 79.0033358042994 89.5088954781306 81.3175685693093 85.2859154929572 88.7278724981464 83.6371386212009 88.1885841363966 87.2126019273514 79.4263157894764 70.9259451445508 67.964788732394 70.1294292068208 77.899184581172 89.1808005930331 86.1332839140138 75.3387694588591 87.6197183098566 83.0283172720547 89.5957746478865 83.6028169014092 82.4065974796157 76.5266864343922 79.5437361008205 85.7471460340978 89.1174203113428 87.5429948109676 85.9192735359518 85.6040029651589 83.8992587101549 80.2535211267623 81.9514455151969 77.3756856931075 85.2526315789501 83.4168272794653 85 83.5000000000013 85.331134173462 85.7636767976276 88.846923647144 83.2094143810214 80.2853965900702 86.4098591549289 84.2052631578963 86.2252038547094 84.1267605633811 88.1378799110467 78.9584877687167 73.872572275759 76.1207561156421 85.0113417346182 78.20348406227 78.1838398813973
84.8467753891776 89.6182357301725 85.3611564121563 83.5030392883606 90.1853965900663 87.8638991845814 86.4336545589314 87.2789473684206 84.5878428465511 72.8994810971101 77.9768717568599 78.836916234247 78.844922164567 72.9208302446258 90.0504077094148 90.173684210526 77.5959970348377 88.3000000000009 75.4825055596714 78.9252779836914 87.5716827279463 83.124536693847 87.044106745738 82.1216456634536 86.3380281690135 78.562045959968 77.0782060785776 77.620014825794 79.0434395848753 87.5607857672359 83.2909562638987 83.9284655300224 76.8870274277244 87.3514455151981 84 87.5421052631585 84.5000000000013 84.2031134173431 83.0987398072642 85.790066716087 88.3315789473689 86.853224610823 83.5070422535202 88.1992587101543 85.1631578947382 87.8789473684199 88.986656782802 81.4515196441789 81.9929577464796 87.4455893254274 78.0151223128241 55.4403261675311 54.3133432171965
90.4191994069683 91 87.4765011119344 91.4031134173467 87.2757598220905 88.4896219421791 89.6019273535957 85.3723498888063 90 83.4413639733125 86.2122312824322 83.9054855448481 83.195848776872 84.4326167531504 88.5387694588588 82.9713862120067 84.9277242401776 74.0971830985902 86.5853224610816 77.8632320237209 90.4852483320984 87.4466271312086 80.5322461082345 83.6839881393612 89.2143068939963 79.0446256486274 70.875463306154 85.4714603409959 89.8576723498882 83.9252779836942 78.2134914751676 80.5285396590066 69.9288361749442 82 84.1328391401051 83.885470719051 85.5774647887322 84.7887323943661 82.9189028910285 86.1856931060041 84.8085248332096 85.7398072646408 85.5936249073387 86 88.6600444773895 87.7887323943661 87.921052631578 75.5774647887322 85.0011119347664 75.962638991846 62.3335063009625 53.2909562639001 50.1378799110459
88.284877687176 82.5070422535211 81.6761304670133 86.2535211267606 82.2278724981465 81.0728687916976 77.646404744256 86.9234988880645 85.3210526315779 83.7464788732395 86.7068198665675 84.639362490734 81.0122312824315 83.5089696071164 84 78.3728687917006 90.7464788732395 77 77 88.9830244625642 91.4630096367678 80.6148999258709 79.3203113417352 81.2255003706475 76.7398813936234 88.7237212750194 86.9610822831731 76.2939214232775 84.1317272053382 81.6415122312842 76.0079318013334 82.0233506300969 82.0787991104509 83.5578947368401 82.4016308376577 88.4365455893245 84.0000000000019 87.5207561156407 88.9776130466991 84.1894736842109 83.3329132690883 84.0333580429946 88.6166790214975 89.3879911045192 86.2849518161624 85.222831727205 82.8254262416614 83.8020014825808 83.0078576723491 50.8765752409184 46.7905856189766 46.2868791697552 47.4272053372855
86.5979985174181 87.3713862120123 78.8892512972568 78.6357301704982 75.4987398072665 81.6276501111923 79.4673832468513 85.5747220163068 84.7848035581926 84 83.4052631578941 81.805411415864 84.9189770200174 87.591475166792 86.6785025945132 84.1882876204554 79.7390659747961 82.1971830985929 77.4546330615209 82.9687175685682 80.0511489992567 75.6304670125995 87.8700518902895 84.0860637509278 87.4047442550052 87.2480355819127 74.4303187546306 85.2200148258004 83.0666419570051 79.4192735359459 76.3194217939201 85.1775389177153 80.0268346923634 85.9326167531474 82.8696812453708 83.9238695329891 87.0563380281706 85.4561156412136 86 86.1852483320969 86.5650852483333 87.4140103780574 86.1215715344685 87.3544106745721 86 85.0990363232053 84.7831727205358 83.9564121571528 69.2979243884345 59.7515937731662 54.695033358046 43.3610081541878 41.7744996293591
82.3361008154163 78.653446997777 69.7182357301713 77.3521126760539 82.4906597479606 77.5958487768712 83.6727205337279 86.0062268346916 82.3719792438847 75.3913269088233 82.2676056338027 75.9644180874719 83.316975537434 71.9647887323936 65.764343958487 77.8842105263205 78.693476649371 85.9901408450684 87.4215715344699 87.8676797627845 82.8146775389189 78.5426241660479 86.761823573015 86.6619718309865 80.6988139362481 80.8586360266817 87.6886582653821 88.2011860637529 90.215937731655 79.6066716085982 83.7491475166772 86.6619718309865 83.2289103039276 88.126315789473 83.7106745737605 89 89.8380281690122 90.6411415863606 89.1114899925849 88.373684210527 89 89.8083765752406 86 87.9446997776109 84.4987398072622 85.0409191994073 76.7012601927383 86.3417346182321 78.3449962935495 74.3246108228329 55.1727946627203 42.5852483320978 42.7723498888089
