rasters/Niger_CLYPPT_M_sl2_250m_ll.asc
NCOLS 190 
NROWS 142 
XLLCORNER 0.152941121 
YLLCORNER 11.695773031 
CELLSIZE 0.0832493725157895 
NODATA_value -9999 
[rows 48 to 71 of 142, columns 110 to 164 of 190]
3.0687916975537 3.36293550778389 4 3 4 4 4.18265381764253 4.7542624166053 4.54929577464755 5 5.50726464047439 6 6 6 6.40763528539594 5.97872498146785 6.641512231283 8 6.95967383246812 7.47672349888869 6.99710896960646 6.96315789473783 6.45070422535245 5.50526315789485 5.71245366938317 5.5290585618976 6 6.13046701260175 4.69873980726424 6 6.18739807264617 6.45789473684147 7.2253521126768 5.30496664195697 5.26330615270513 3.20526315789497 8.36716085989575 5.54929577464755 2 3.79473684210372 3 6.0664936990369 5.45070422535245 4 7 3.97398072646423 5.13862120088805 9 10.4538917716832 10 9.59236471460313 8.68450704225294 8.15418828762032 6.78895478131982 6.02438843588062
3.93765752409191 3.67108969607059 3.68828762045886 4 4 4.18309859154805 4.64818383988136 4.59154929577402 3.79147516678979 5 5 5 5.26871756856925 5.87746478873182 6 6 5.92905856189746 6.48628613788052 7.94707190511451 6.61089696071127 6 6.9849518161605 6.79911045218808 6.64099332839062 6 7.08383988139334 6 5.70978502594445 5.33157894736802 6.22105263157791 6 6.45789473684147 5.20422535211351 5.81297257227504 5.33965900667353 4.15263157894787 5 6.61527057079013 5.44521868050358 1.30452186804994 3.87116382505441 4.21482579688836 5.03224610822874 5.59154929577402 6 4.56352853965859 5.08947368420958 6.92216456634596 10 10.6796886582641 4.1525574499622 5.7140845070415 9.52891030392874 8.22727946627086 7
3.46293550778418 3.19473684210509 4 3 3.88243143068951 4 5 5 4.31022979985113 4.66308376575293 5 5 4.75908080059285 6 6 4.99406968124327 6 6 6.6665678280202 7 6.63046701260026 5.64729429206696 5 5.12105263157837 6 6 6 5.54966641957032 7.42364714603374 9.6338028169005 5.95040770941613 5.65641215715354 5.49999999999966 2.19851742031144 3.26352853965972 4.37368421052698 5 3.54966641957086 3.6338028169005 1.49629355078006 3.10340993328461 2.23017049666601 6 4 5.00333580429916 4.0300222386951 4.0567086730905 6.31801334321826 7.47627872498134 10 4.27175685693209 4.74366197183007 4.78762045960398 9 10
1.20207561156394 2.86834692364739 4.75277983691553 3 4 3.84314306894154 4.59792438843581 4.30244625648568 4 5.68332097850286 4 4.19948109710893 5.67605633802752 6 5.75959970348382 5.25404002965193 6 5.4555226093395 7.5550778354321 6 6 5.34885100074124 6.27279466271417 7 5.38139362490734 5.86123054114241 6.08013343217188 5 4.33157894736802 7.62631578947505 6.9246108228321 4 4 7.54210526315682 2.67346182357715 3 4 2.51964418087535 4.00340993328387 2 1.16315789473817 2 6.40326167531445 2.6511489992576 4.9982950333582 8.50192735359574 1 5.62972572275738 7.61489992587108 4 4 3.67605633802752 3 4 8.81415863602571
1.042994810971 0 1.93328391401061 1.48206078576676 2.42186805040716 3.56338028168971 4.29110452186765 3 4 4.1319495922905 4.4120830244628 6 7 6.91549295774628 6 6.5633061527055 5.94091919940756 6.24462564862839 5.34595997034875 5.6976278724981 5.00378057820694 5.33461823572855 8.63936249073488 7.05285396590047 6.35292809488442 6.71830985915514 5.28169014084485 7 4 6 7 5 2.35915492957849 5.6340993328415 6 4.26842105263213 3 4 5 1.28169014084485 1.88280207561057 1 7.15492957746544 5 6 3.01334321719783 1.0252038547069 6 8.59355077835551 4 3.79095626389907 4.08450704225324 4.26871756856883 6 8
1.84736842105284 1.10340993328353 3.76056338028162 3.03951074870223 4.24418087472116 3.27620459599634 4 3.34025203854668 3.88280207561159 5 5.32424017790942 6.41289844329089 7.41845811712258 6.92816901408426 6 6.05166790214988 7 7 4.28606375092707 6.53246849518161 6.75255744996105 5 6.01890289103021 5.30252038547047 6.36352853965814 6.23943661971838 7.1881393624901 6.93068939955535 7 6.52364714603311 1.58421052631663 2.65174203113469 2.1197183098595 5.74040029651637 5.67279466271486 4 6.91934766493718 3.93068939955515 3.61571534469988 3.68776871756626 3.63647146033992 2 6.98109710896938 7.74136397331313 6 3 5 7.79206819866544 4.76056338028162 4.23943661971838 3 4 4 4.22053372868756 7.86263899184533
1.12253521126764 11.5098591549285 13.3758339510771 0.142179392141445 2.31830985915539 3.36315789473596 4 4 4.59014084506952 5 6 6 6.1971830985902 6 6.59577464788774 6 6.663380281691 6 4.1971830985902 4.96197183098541 5.00103780578229 6 6.01556708673065 5 4.70400296516103 5.32149740548414 6.90103780578202 4.71052631579008 9 7.12913269088544 0.918013343217923 2.54210526315853 1 1.58139362490693 1.53098591549355 2.49718309859124 5.40541141586153 0.767605633802229 2 5.16478873239588 3.32631578947635 1.72950333580464 8.04781319496 7 4.00526315789423 3 4 5.17123795403901 2.83706449221729 4.8453669384736 4 3 4 4.57012601927406 8
13.5657524091927 11.8052631578949 14.9180874722029 2.2394366197235 3.57375833951123 4.59444032616796 5.43461823572983 5.08561897702045 4.58636026686488 5 5.42631578947354 6.96412157153474 6.8980726464045 6 6 5.69614529280876 5.32861378799207 5.90919199406977 6 5.95997034840579 5.00889547813396 6 6.77835433654566 5.10229799851685 6.97472201630846 5.87687175685626 6 6.04484803558201 6.71979243884414 3.56775389177155 1 1.45811712379559 2.4225352112662 1.61304670125958 1.9094885100073 1 1.42987398072864 2.35470719051193 0.233209785026909 2.71667902149581 2.8703484062265 0.742772424016269 5.14269829503381 4.99429206819853 5.00444773906554 4.18762045960008 4.15492957746544 3.84507042253456 2.27479614529228 4.51942179392454 3.88502594514392 2.89154929577407 3.34210526315733 4 3.08888065233572
12.2081541882894 13.5197924388432 15.1986656782819 19.9415863602635 3.67894736842214 5 4.47227575982205 5.39696071163741 5 4.46842105263164 5.12928094885211 6 7 4 4.08361749444094 5.97568569310574 6.81378799110305 6 5.88732394366103 4.00533728687928 5.11267605633897 5.032690882134 5 8 6.07590808006021 6.97687175685685 6 5.4169755374358 5.66842105263198 3 0 1.94840622683433 0.943661971830662 0.887323943661035 1 1.95789473684168 1.40689399555329 2 3.97212750185299 1.27168272794837 2.18154188287784 3.09903632320307 4.89621942179316 2.08198665678446 4 5.10007412898384 1.19206819866569 2.90214974054766 2.77057079317317 3.45070422535586 7.65848776871774 5.26619718309763 5 6.79451445515155 3.55707931801464
14.9892512972573 13.8052631578949 12.2535211267598 2.71297257227245 0 4.97442550037088 5 5 5.52542624166 5.56456634544079 3.54366197183135 7.35715344699922 4.92957746478921 2.27887323943764 4.07042253521079 5.27101556708684 7.85915492957843 6 5.08317272053448 5 5.00489251297368 5.99740548554494 7.13269088213393 6.11252779836868 6.77790956264053 6 6 6.80133432171974 7.30822831727184 5.34736842105154 5.26137879911343 1.96182357301727 2 1.00593031875444 0.929577464789213 1.65263157894658 4.15381764269744 2.26908821349184 3 7.07042253521079 3.07042253521079 4.81704966641895 5.70681986656697 4.65759822090503 7.08020756115499 5.95263157894767 4 2.07042253521079 5.12231282432082 4.92957746478921 2.96590066716096 5 2 2.74588584136352 2.04966641956919
11.9957005189027 12 13.2368421052625 11.3071163825066 13.6879911045234 4 4.01675315048273 5.01260192735424 6 4.97183098591403 3 5.01734618235817 4.32542624165873 5.58309859155024 5 6.00607857672383 6 6.99629355077816 6.88487768717361 5.95263157894682 6 6.89918458117178 6 6.11764269829429 6.02357301705093 5.01156412157208 6 5.69051148999213 4.322238695329 5.50652335062515 3.0485544847979 1.55500370645051 4.01408450704302 0.987101556707972 1.56775389176916 5 5.00934025203904 1.97183098591403 5 4.00578206078611 4.78050407708988 4 4 4.03580429948174 7 8.9244625648617 4.00252038547082 2.05263157895013 3.97672349888682 4.79028910304158 3.78391401038126 1.0394366197204 3.63046701260101 2.08673091179107 2
13.8473684210528 12.9886582653818 15.0107487027427 14.9960711638251 17.9813936249075 1.36701260192647 4.41363973313493 3.98591549295784 4.51742031134195 3.55226093402501 4.42031134173451 3.00867309117857 5.99073387694597 4.9901408450705 6.25789473684284 6.98895478131958 5.18532246108252 6.99814677538919 6 6.01408450704216 5.01919940696919 6 7.8161601186081 7 5.83684210526438 6.79473684210628 5.24736842105182 6.98591549295784 5.34099332839094 2.26145292809757 1.99414381022985 0.00644922164561055 1.48591549295912 3.01289844329127 2.56426982950173 1.61749444032558 3.00474425500366 5.58487768717613 7.98591549295784 3.98880652335073 3 1.02816901408431 0.985915492957843 5 4 4 4.69184581171546 2.0018532246108 5.17123795403868 4.0030392883617 9.98954781319502 7.29999999999923 9.70274277242279 8 3.02008895478116
13.7765011119337 14.7942920681989 13.7765011119353 14.736767976279 12.3773906597465 0.98458117123796 3.46160118606269 5.03113417346164 4.94366197183137 6.4420311341737 3.02401779095609 3.61578947368286 6.32283172720655 6.66056338028107 6.01452928094879 6 6.882653817642 7.18050407709392 6.08947368421128 6.09836916234262 9 6.0931801334308 5.98183839881426 6.00681986656775 6.90570793180184 5.0231282431428 5.01393624907325 7 4.68710155670892 1.0352853965899 1.79481097108563 0.0563380281686298 1.52816901408311 2.43209785026064 1 2 5.62579688658376 6.93624907338817 3.87924388435788 4 1 1.87212750185208 1.05633802816863 3.12171979243978 7.05633802816863 1.00266864343955 3.08947368420958 4 4.23002223869356 5.23565604151041 3.82475908079665 4.03943661971808 4.96293550778377 4.58109710897018 2
0.319718309860736 16.4541882876213 15 12.8196441808762 15.0316530763531 1 4.46389918458117 5.05448480355881 6.34262416604715 5.52083024462625 5.7685693105993 6 6.3083765752416 6.93098591549233 6.07316530763598 7.41030392883695 8 7.98702742772409 7 8.00467012601938 7 5 10.8535952557448 10.3965159377254 5.75433654558956 6.20526315789372 5.22297998517322 5 0.495033358044111 1.96315789473659 1 5.46011860637512 1.45070422535275 3.70422535210958 1.58421052631407 3.09859154929681 5.70111193476643 4.1271312083038 0.826834692365448 1 0.815789473690874 2.91334321719713 3.90919199406882 6.86819866567664 5.78754633061468 4.95344699777482 3.70422535210958 8.55300222386919 4.09221645663217 4.77991104521257 4.25789473684113 6.80281690140639 5.02372127501699 4.8017049666424 3.69303187546352
2.57538917716803 1.11341734618298 10.5893254262415 12.6587842846553 10.7183098591534 2.91030392883558 4 6.83172720533608 6 5.47731653076362 5.57368421052646 5.47094143810392 5.3865826538187 6 8.25789473684284 7 6.43091178651016 8.62379540400159 7.08947368421128 6.24766493699153 7.14158636026778 5.85915492957672 7.20867309117866 5.34885100074086 7.02297998517415 6 5.14084507042328 4 4.24136397331071 1 3.50192735359554 2.06449221645689 2.85915492957672 4.14084507042328 5 5.94736842105226 2.29710896960357 1.6104521868043 1.85915492957672 2.83395107487026 1 0.123795404003461 5 5.57227575981973 4.85915492957672 5.32905856189889 5.01260192735353 3.11304670125946 2.16530763528608 3.65248332097618 5.06819866567892 4.65633802816799 2.43476649369904 4.91326908821298 4.14084507042328
8.55715344699658 12.5940696812445 0.623424759082285 2.94892512972615 3.5546330615288 2 2.66893995552266 5.81690140845195 5.60400296515905 5.47998517420307 5.53135656041428 6 6.72053372868656 6 5 7 7.17368421052663 8.73684210526293 7.9836174944403 6.04736842105318 5.63476649370175 6.00674573758317 7.82468495181674 7.076723498888 12.7134914751684 12.816901408452 5 6 2.05974796145223 2.51163825055786 0.183098591548047 3.09169755374538 6.54225352112803 5 3.84343958487452 3.37368421052698 3.87664936990481 4.36656782802039 4 2.54929577464414 4 1.60081541883185 2.36619718309609 2.03684210526387 6 4.96130467012621 7.73157894737126 6.44292068198974 6.14188287620368 8.35255744996015 5.68102297998717 5.146478873239 6.31578947368533 10.6157894736846 5.05107487027291
2.07272053372907 0.774647887323776 2 2.06286137879906 2 3 2.68606375092721 7.45070422535245 3.65959970348375 4 4.57368421052646 6.77464788732378 5.49036323202472 5 7 7 7 5.80429948109699 5.20518902891029 6 7.77464788732378 6.22535211267622 7.219421793922 7.9727205337288 6.87361008154286 8.87323943661888 5.97798369162441 6.80318754632889 2 3.8042994810985 4.67790956263971 6.22535211267622 6.6619718309871 4.58005930318847 5 3.8421052631561 3.77464788732378 5.77464788732378 4 5.84099332839024 5.39547813194641 2.31912527798471 5 5.5575982209042 3.77464788732378 5 7.06048925129666 7.86842105263232 8.17368421052493 8.93358042995081 3.1997776130459 9.22253521127102 4.30244625648639 5.96560415122334 3.70926612305548
8.73810229800028 0.927131208302396 13.8899184581174 2 1.7323943661973 4 3 3 5.00563380281704 4.21771682727961 3.84744255003677 6.89718309859123 6.48183839881318 5.40704225352152 6 4.15804299481138 7.12720533728713 5.53965900667153 4.08947368421128 8.01267605633817 7 7 7.07894736842027 6 11.8251297257221 6 7.81882876204653 6 3.48954781319533 3 6.69918458117097 5.03914010378119 2 7.08421052631364 5.07042253521079 5 3.2676056338027 3.82468495181617 2.7323943661973 4.21267605633752 4 5.3562638991853 4.66493699036579 3.45492957746484 2.53135656041525 3 3 8 8.95352112676096 9.88450704225466 10.7929577464797 4.32535211267658 10.3873239436615 3.26278724981403 9
3.58480355819174 2.30985915492917 2.23684210526251 5 6.46856931060147 4 8.44581171238153 5.69014084507083 4 4 3.30985915492917 5.26515937731762 6.30985915492917 7 3 4 5.76026686434338 5.59933283914038 8 5.34255003706448 7.30985915492917 8 6.01408450704029 7 6 7.4438843587847 8 8 12.8972572275762 4.76056338028332 2.40318754633143 4.87761304669929 7.14084507042322 3.37368421052953 4.69014084507083 4.72765011119445 6.84158636026764 3.49036323202384 5.53684210526374 6 3.72735359525314 2.97561156412087 11.2853965900661 4.69014084507083 3.68650852483397 2.9853224610824 8.02772424017758 8.18161601185972 8.11986656782713 8.93350630096844 5.74210526315887 10.2619718309895 9.30985915492917 9 10.1220904373561
12.5593773165282 2.87383246849516 2.50555967383152 3.35211267605564 1.67894736842214 8.87212750185379 7.98005930318908 4.55263157894784 4.8415863602659 7 5 5.46575240919223 6.57375833951103 7.35211267605564 5.73869532987475 6.43157894736947 6 6 7.41008154188273 7.63120830244679 13.6308376575209 7.96315789473783 10.9210526315797 7.64788732394436 7 7.92772424017841 11.3521126760556 13.1082283172736 8.31630837657634 7 8 7.67753891771791 5.29577464788962 2.72876204596295 9.80815418829183 8.23943661972179 3.78517420311289 5.29577464788872 8.54395848776713 7.61808747220321 9.24751667902227 8.654707190512 9.15789473684395 7.68680504077231 9.29080800593218 7.71823573016908 7.08947368420958 3.65789473684106 7.64788732394436 10.2957746478887 5.48080059303302 7.64788732394436 9.48035581912368 9.50214974054848 7.72105263158451
8.33417346182427 7.76412157153496 0.394366197183819 3.72105263157939 4 6.39436619718382 9.60563380281618 5.60563380281618 4.80696812453645 3.18472942920718 4.60563380281618 5 7.74054855448478 6 4.74210526315716 4.60563380281618 6 4.94810971089682 12 12 7.60244625648485 11.6201630837647 4.98332097850288 11 12.0988139362482 10.8756856931068 11.8169014084485 8.97331356560366 7.5951816160121 6.59058561897595 10.2415863602673 6 5.39436619718281 5.75589325426131 4.64618235730317 10.1962194217909 9.54084507042084 8.46478873239455 4 5 5.86300963676983 6.53232023721143 3.80541141586512 4 7.0031875463303 10 8.07057079317952 9.02742772424293 10.8254262416614 9.69073387694452 9.89770200148287 8.66056338028148 8.20311341734645 10.3943661971838 3.92194217939156
11.3699777613037 7.63135656041368 3 1 5 6 7.82305411415945 6.50518902890571 4 4 4.33350630096337 6.38421052631714 5.56338028169141 5 6.87323943661717 9.87131208302346 10.9241660489252 11.5107487027417 7.56338028169141 11.1997776130427 8.002965159378 6.42053372868712 11 12.0681986656781 12.0712379540393 7.19073387694222 6 11.400296515939 8 7.42105263157836 7.79762787249948 7.39006671609271 9 8.84751667902051 5.0547813194936 3.5842105263173 8.62935507783332 3.12638991845786 5.10800593031846 4.98888065233365 4 4 5.80429948109396 5.98391401037779 3.56634544106845 5 4.39696071163394 9.43180133432374 8.09785025945089 8.90578206078693 11.0475908080092 9.53098591549378 6 8.91030392883843 8.75982209043786
1.92045959970336 0.580355819123932 1 2 2 5.63684210526404 5.40066716086153 5 3.25507783543428 6.20185322460846 8 5.29488510007252 6 6.14366197183097 5.39229058562049 6 5.30518902890842 6 9.08510007413233 4.52112676056494 6.01645663454789 12.4980726464027 5.47998517420496 12 7.47887323943506 6 7 10.7983691623426 11.0140103780588 8.6736100815402 10.0071163825062 10.6945885841335 8.52112676056494 9.73847294291776 5.52112676056494 3 3.49036323202387 3.65974796145416 4.52112676056494 4.90170496664154 4.48576723498789 4 6.28428465529175 3.53876945886026 9 1.49644180874886 3.70822831726848 7.95774647887012 8.39570051890227 8 9 10.1014084507003 9.16382505559594 10.1531504818415 5.27472201630837
2.92690882134923 1.10148257968854 0 1.98821349147527 2 2.66812453669348 4.69807264640448 4 3.9893995552265 4.53157894736836 4.47887323943676 4.50489251297248 4.16382505559734 5.81408450704205 6.48977020014836 5 5 8.67420311341666 7 11.98243143069 10.9974796145287 6.5387694588578 11.0411415863598 6.64217939214161 9.69065974796007 12.2487027427737 7.52112676056324 6.37027427724262 11.1755374351375 3.82105263157955 9.41578947368337 4.51919940696889 4.76056338028223 6.08421052631364 4.27976278724908 4.82105263157858 4.34833209784993 5.44885100074165 4.59733135656061 3.81601186063967 7.55700518902972 8.90489251297232 8.52112676056324 7.62868791697416 7.00504077094095 6.4737583395109 4.51734618235722 10.5530022238692 9.82631578947507 8.6004447739055 9.52112676056324 11.1436619718307 10 10 10.0422535211265
