rasters/Niger_SNDPPT_M_sl2_250m_ll.asc
NCOLS 190 
NROWS 142 
XLLCORNER 0.152941121 
YLLCORNER 11.695773031 
CELLSIZE 0.0832493725157895 
NODATA_value -9999 
[rows 46 to 68 of 142, columns 106 to 158 of 190]
96.4647887323963 98 97.0318013343216 98 97.7764269829504 96.4309859154915 97 95.8703484062265 96 95 96 94.5037064492215 95.4894736842103 96.0028169014049 94 93.713787991104 92 93.325352112677 93.5352112676037 92.1002965159384 93 93.5352112676037 92.5289103039272 92.9746478873237 93 94.4476649369927 93.5352112676037 93 94.3889547813217 94 94 94.3302446256503 94.6893254262402 95 92.6383246849497 92 95.2323943661974 91.7098591549312 93.0901408450682 90.8263157894727 93 91 91.3922905856177 93 94.6279466271345 94.408524833211 97 97.5523350630081 97 95 94.1535952557406 94.4036323202392 92.4647887323963
97 97.5070422535211 96.486434395849 96.5615270570791 96.4929577464789 97.3969607116384 96.0140845070422 96 95.5070422535211 95.4929577464789 96 95.2205337286877 95 95 94.2101556708673 94 92 92 93 93.1063750926615 93 93 92.0894736842113 93 92.4903632320232 94 94.0400296515934 93.5053372868791 93.4929577464789 94.1011860637504 94.3710155670872 94.1426982950331 95 95.6824314306887 93.2879911045223 92.4578947368415 96.5000000000013 93.2257227575988 95.7950333580421 93.0052631578947 95.0072646404737 93.0719051149005 95.5070422535211 97.1040770941446 94 95.5667160859901 95.9610822831723 97.4929577464789 94.9886582653816 92.4929577464789 92.0453669384725 92.4403261675318 90.0880652335056
97.5635285396588 99 97 97.0378799110448 96.9312083024463 96.6370644922161 96 97 96 96 95.8173461823575 95.2457375833947 95.4507042253525 95 94.4927353595256 94 94 94 93.5923647146041 94.0212750185322 93.358487768717 92 93.0403261675319 92.5232765011113 93.0028910303936 93.0368421052622 93.5492957746476 94.4947368421051 94.2875463306168 94.4709414381024 94 93.8695329873983 95.3012601927358 94 93.8126019273538 93.5421052631585 92.7746478873232 94.695033358043 94.7366938472949 96.794736842105 90.1821349147518 93.4507042253525 98 96.2052631578963 97 93.9335063009631 94.5492957746476 96 93 96.0260192735358 94.861378799112 91 89.5461082283168
93.2053372868782 90.591549295774 92.5106004447741 96.3387694588566 96.0623424759081 94.2137138621209 96.3117123795411 96 96 95.816901408452 95.3518161601186 95.408450704226 96.2085248332102 95 95 95 94.7312824314308 94.1225352112682 94 94 94.0709414381025 93.5137138621195 92.0529280948855 93.3891030392887 94 93.0150481838395 93.2008895478119 93.3590066716094 94 92.9161601186067 94 94.2902149740555 94.668421052632 93.7789473684221 94 93.5421052631585 94.7957746478865 94.187027427725 94.6603409933265 95.8473684210521 95 92.9762787249839 94.5547813194964 98.6954781319501 96.1288361749456 95.7851742031117 94.9677538917713 94.408450704226 94 95.4364714603414 94.9105263157904 92.1556708673081 89.8263157894751
97 99.3828762045964 99.9566345441072 93.3957746478879 96.5370644922158 96.8052631578949 96 97 96.1175685693105 96 95 95 95.3158636026681 95.3369162342471 95 95 95.2409191994071 94 94 95.0059303187567 94 94 93.3334321719798 93 93.3695329873998 94.352705707933 95 94.8789473684216 94 94 94 94.4503335804297 92.5763528539663 90.3661971830995 94.0495922905839 94.3435878428465 94.5000000000003 97.8014825796886 96.7364714603403 95.626315789473 95 96.4503335804291 96.3661971830995 98.5037064492199 96.8965900667154 97.769829503334 94 96 94.9966641957008 95.9699777613049 95.9432913269095 93.6819866567817 92.5237212750187
73.9466271312077 98.0263157894728 83.2314306894011 94.2881393624914 98.7979243884361 97.1316530763526 95.2472201630844 97 96 96.1568569310585 95.4020756115642 95.6975537435143 96 90.9927353595247 95.352112676055 95.8005189028911 94.3239436619725 94 94.2404002965162 94.7459599703481 94 94.5444773906605 91.8550037064501 94 94 94.6511489992588 93.7272053372858 93 94.6186063750926 94.1387694588576 93.9198665678281 95 95.668421052632 92.3736842105249 93.0753891771679 96 96 92.4578947368432 97.3265381764228 97 96 97.4803558191246 95.9965900667161 98 98.8368421052618 98 93.5967383246855 97.3488510007424 95.0017049666418 91.4980726464042 99 94.3702742772426 91.6527798369171
99.9842105263156 98 92.7872498146775 98.2171979243888 98.957005189029 100 98.0667160859894 98.5179392142332 97.3475166790228 96.4366197183103 95.7088954781324 97 96 95.8680504077095 95.5879169755372 94 93 93.0845070422537 94 93.4366938472945 94.0590808005925 93.7553743513716 94.6540400296513 94.3023721275019 94.9962194217931 94.6653817642715 91.3606375092651 92.9471460340995 93.6470719051156 93.2816901408449 94.7183098591551 93 96 94 93 95 97.6408450704215 94.3659006671585 94 94.7315789473679 97 96 95 98.7183098591551 98.1171979243894 99 92.8450704225346 95 94 96.9866567828022 98.9747961452931 94 91.4064492216445
74.0220163083761 56.9799851742037 97.4170496664204 100 98.1526315789472 98.8965900667165 96.2394366197184 96.9604892512978 95.7558191252788 96.7237954040037 96 96.6597479614533 96.1171979243884 95 94.6757598220906 93.5871015567091 92.5815418828774 93.0718309859157 94 93.9483320978501 92.6042994810971 93 95.4959229058559 93.4675315048184 93.247442550039 95 93.9810971089698 94.6974796145295 93.6364714603419 93.7605633802816 92.8118606375099 93.0693106004447 93 93.4763528539669 98.4157894736834 97.3482579688653 97.8802816901405 94.2595997034836 94.3272053372851 96 93.0806523350628 96.0693106004449 96.3842846553001 96.3122312824337 96.3635285396601 98 93.0189028910306 88.9873239436628 92.7605633802816 97 93 91.9369903632324 95.2394366197184
57.990437361008 65.1104521868015 67.238621200888 85.8246108228329 95.1492957746451 74.8028169014098 74.7746478873209 99.6606375092683 97.6816901408446 95.6368421052641 96 96 95.4098591549305 95 94 94 93.8028169014098 94 93.4042253521123 94 93.1736842105266 94 95.8028169014098 95.0380281690146 94.9989621942177 94 93.0633802816896 95 95.295997034839 94.6785025945159 93.098962194218 95.2894736842099 91 92.8708673091146 99.0819866567821 97.4578947368415 99 98.4186063750931 98.4690140845065 97.5028169014088 94.5945885841385 99.2323943661978 98 94.8352112676041 96.6736842105236 98.2704966641954 91.95218680504 91 94.7996293550795 94.9619718309861 95.0718309859149 93 95.1629355077827
64.9866567828019 69.4684951816162 60.9968865826558 88.7859154929575 70.4342475908073 76.1645663454408 72.0819125277971 91.4939214232701 96.4262416604888 95.405559673832 94.5653817642702 94.9143810229796 95.4136397331351 95 94.5736842105265 93.0358784284653 93.1019273535955 94 94 94.3038547071912 94.6713862120079 93.8684210526315 94 94.0400296515942 94.991104521866 94 92 94.8977020014831 90.0252779836915 94.1231282431437 94 93.955151964418 93.2802075611559 96.4322461082285 99 98.5418828762044 97.5774647887338 98.3869532987404 98.0905114899927 99 98.5701260192714 97.6452928094881 99.7667902149731 97.2833209785042 97.1296515937735 99.2572275759837 94 93.0057079318015 94.9955522609345 93.8197183098588 93.8450704225346 94.1753150481844 96.4504077094155
84.0631578947376 77.0833951074889 71.911489992584 92.8141586360263 75.543736100813 79.1947368421051 69.3876945885821 64.1527057079358 96.3210526315779 95 95.527724240178 94.6030392883626 95 95.5315789473684 94.8707190511479 94 93 96 95.9163825055591 94.0243143068942 93.1862120088969 93.887323943661 94.112676056339 95.9946627131207 94.887323943661 94.967309117866 95 92 93.9240919199398 93.0231282431431 94 94.5830244625642 94.331578947368 97 100 98.0515937731657 99.0563380281693 99.112676056339 99 98.0421052631583 98.5931060044467 98 96.027872498147 98.7283172720516 97.8184581171221 96.9009636767969 90.1827279466288 95.8770200148233 93.9994069681246 92.9052631578953 97.8079318013343 96.0978502594523 95.2294292068268
80 78.9840622683457 68.345292809486 79.0155670867308 71.1623424759069 76.01371386212 77.2201630837653 94.6444773906659 100 95.0255744996291 95 95 93.47457375834 94.4354336545592 96.4563380281687 92.6428465530008 95.0704225352108 97.7211267605624 95.9295774647892 94.7289844329132 91.2112676056324 94 94.9168272794655 95 94.9951074870263 93.1046701260179 92.7939214232782 93.8874722016313 93.2220904373595 94 94 93.1986656782803 92.6917716827282 94.6526315789485 94.7386212008866 98.0381764269827 98 98.9940696812455 99.0704225352108 98.3473684210534 95.8461823573026 97.7309117865082 97 87 96.9295774647892 94.182950333581 90.2142327650111 88.4444773906592 88.7691623424792 93.0473684210523 92.0704225352108 95.9295774647892 92.6458117123747
78 85.9462564862855 79.052335063004 76.8988139362499 83.244625648625 79.9828020756107 76 80.4014825796874 74.9617494440306 96 95.405263157894 94.9747961452915 94 95.028169014086 97 91.7402520385483 93.6745737583413 87.4647887323959 94.2578947368428 93.9939214232761 94 93.0037064492218 93.1151223128264 94.0473684210532 94 92.1647887323943 94 93.8823573017057 93.9764269829491 94.9884358784279 92 93.5908080059298 95.677761304671 93.8671608598998 96.9397331356611 98.4449962935495 95 99.012898443292 98.4322461082308 95 94.6495922905842 96.7550037064513 95 95.9942179392139 94.2194959229101 95.028169014086 91 93.9012601927327 90.9947368421058 89.0755374351383 93.1126019273539 95.9510748702717 94.0183839881404
91.9547813194957 64.0122312824307 72.7965900667178 76.8769458858418 76.1526315789472 76.0113417346182 76 75.2930318754628 67.037212750185 97.6329873980735 94.5863602668651 96.0140845070422 95.4825796886581 91.4552260934027 93.5796886582655 95.9913269088214 91.990733876946 93 93.7421052631572 93.0110452186804 93.8287620459596 90.27909562639 94 92.9859154929578 93.9616011860616 94 92.1838398813919 91 92.1631578947356 90.4105263157874 92.7738324684959 92.0140845070422 93.6590066716091 97.1210526315749 98.0058561897702 99.9935507783544 98.4999999999987 96.9871015567087 97.4357301704983 98.3825055596744 96.9952557449963 92.1297257227569 89.9787991104523 94.0140845070422 96 96.9718309859157 98.0140845070422 92.050407709415 94 93.9865826538177 93.3222386953267 96.8684210526323 92.0140845070422
88.6628613788014 78.0467012601913 68.838695329875 69.2045218680494 73.3675315048193 73.9092661230547 74.7068198665689 74.3352853965892 74.0382505559672 98.0358784284653 96.5383988139373 94.9688658265384 95.0563380281686 91.5579688658263 95.1233506300968 95.3495181616028 91.0370644922161 90.3394366197189 90.7421052631572 94 90.5014825796897 90.8194959229061 89.9105263157887 89.9016308376574 88.9436619718314 92.9068198665692 91.0181616011857 91.9931801334323 91.0942920681982 92.9768717568572 92.9860637509268 91.0563380281686 93.2755374351372 94.5910303928852 96.5741289844366 99 98.4718309859169 96.5984432913255 95.5613787991111 98 92.4819125277978 87.376945885841 94.1770941438107 94 97.9528539659011 96.1278724981479 96.9436619718314 95.8435137138605 90.9436619718314 97 94.9105263157904 93 91.7699777613064
82.8094143810314 58.9065974796134 72.7411415863588 72.9782060785766 94.4441067457353 70.1563380281685 72.399184581171 75.081764269827 72.6472942920691 97.2736842105281 95.5361008154188 94.9455151964412 91.0903632320253 91.0107487027421 91.1893995552268 91 92.3495181615994 90.0690140845077 89.5449221645636 86.589696071163 90 88.0259451445518 89 89 90 92 87.1464047442552 86.811193476656 92.2456634544104 92 92.7770200148268 91.0785767234995 98.5049666419559 96.373684210525 97 93.1498146775399 96.5985915492958 95.2423276501138 96.8891771682767 96.7779095626368 92.2988880652336 93.7742772423994 97.1731653076346 97.9014084507032 97.1842105263091 95.0866567828029 93.1619718309875 91.0949592290595 88.2229799851738 91.9611564121591 91.833506300967 85.6641957005195 93.2444032616783
77.1272794662719 68.5848776871733 70.330837657525 97.0567828020744 94.0763528539664 90.0538917716818 76.8213491475169 74.4197924388439 77.366271312082 97.0896960711644 96 90.9877687175715 93.4205337286873 91.6518161601188 92.4263157894735 88.1122312824287 88.9555226093403 87.3000000000009 82.2751667902126 87.9696071163823 87.5067457375847 88.3762045959984 89.9105263157887 90.7656782802066 89.1393624907343 92 89.7913269088213 90.6681986656787 90.9540400296517 89.4225352112699 92.753150481837 94 93.7586360266893 98 95 96.5421052631585 93 94.4657524091907 93.1408450704233 92.0526315789478 95.846923647149 96.3895478131957 96.1408450704233 95.1660489251297 97 95.2987398072664 93 92.4277242401803 91.1408450704233 91.6369162342467 93 94.0277983691638 93.1838398813954
76.4722757598261 67.2212750185299 68.5897702001441 74.5839881393648 81.7226834692367 80.6578206078588 99.3765752409177 97.0510748702739 95.7076352853944 97.4797627872483 97.3310600444774 94.183098591548 91.8130467012614 89.2280207561177 88.5736842105265 88.5030392883614 86.6215715344725 89 87.285470719054 86.8959229058571 86.8263157894734 87.2357301704981 89.0163825055597 91 88.2792438843495 90.9932542624168 89.8487768717589 90.0221645663452 85.029873980726 85.2206819866551 93.2020756115638 90.3439584877702 96.1233506300958 95.556782802073 98.8169014084519 95.0075611564097 90.457746478872 93 95.1565604151255 94.626315789473 94.1840622683454 93.6334321719796 94 95.4507042253558 94 96.2382505559656 96.4507042253559 95.9631578947361 92 92.7782060785782 90.1789473684192 92.2664936990349 90.1575240919254
84.2095626389918 78.2487027427646 70.7512231282429 95.0899184581178 90.5381764269832 96.9644922164572 89.8176426982943 97.937138621201 98 96 95.4479614529278 90.0985915492951 95.2300963676801 90 91.2970348406224 86.3641215715344 90.5096367679753 90 84.0581171237956 87.6465530022238 87 92.0937731653077 90.1068939955515 88.9893254262415 90 91 89.4940696812453 90.801927353595 91.5035581912526 89.1267605633811 92.2693847294274 84.4210526315802 96 94.279911045217 89.7746478873238 92.6524833209781 91.4507042253513 93.5231282431425 92.6779095626377 93.3832468495201 94 92.2253521126762 93.4935507783539 92.1590066716097 92.7309117865127 95.6808747220153 93 90.2170496664196 95.2160118606386 91.7959970348403 90.144699777614 90.029651593773 89.9608598962197
74.7985915492954 78.7323943661973 95.1653817642705 95.6514455151969 80.6488510007389 96.0728687916976 70.9366197183101 96.8070422535211 97.1816901408453 96 97 95.0770941438109 92.994366197183 94.125352112676 90.4201630837659 87.1028169014088 87.7857672349895 90 88.7323943661973 91.8419570051886 90.3375833951075 92.1315789473686 89.9105263157887 89.2225352112683 90.2661971830982 90.6685693106023 89.653446997777 91.3562638991841 85.6056338028162 92 90.7985915492957 87.7557449962915 94.5104521868047 96 91.300815418829 91.9383246849509 96 90.580429948111 92.9295774647892 93 94.7323943661973 94.6957005189028 95.5352112676054 93 94.3434395848782 91.9113417346174 94.6026686434369 95.8126760563379 96.4686434395848 96.2676056338027 93.7147516679024 91.0352112676054 87.3140845070417
81.4887323943686 94.7064492216455 93.2858413639749 75.4557449962905 95.4151964418083 94.6901408450708 96.7631578947375 92.9135656041515 90.5314306893985 91.8026686434396 89.1489251297244 92.3098591549292 94 94 94.3802816901417 90.3816160118593 89.6901408450708 89.7929577464781 91.5920681986656 93.7842105263152 92.2397331356566 92.0908080059305 89.3716085989624 91.6574499629355 87.6828762045948 87.2648628613765 91.5567086730929 90.0375092661228 91 90.4925129725723 90 90 85.1027427724238 89.497331356558 92.4157894736834 91.7482579688672 90.8591549295768 92.9361749443996 91.8189770200156 92.5822090437347 90.1584136397324 94.8194959229053 93.2924388435871 92.2651593773135 93.2726464047469 94.0948109710916 86.714603409934 93.3352853965902 95.6269829503321 95.0146775389176 90.6283914010388 91.4177168272813 90.3098591549292
79.4604892512951 76.6742031134172 82.6276501111943 92.6478873239444 69.5412157153468 96.1261675315049 96.731282431431 91.7210526315794 94.2080059303183 89 89.6146775389169 92.5366938472927 93.1584136397341 91 92.5736842105265 92.1821349147521 91.2045959970336 90.894366197183 92.2613046701252 91.5684210526306 92 91 89.8260934025187 89.9693106004444 79.7228317272082 89.6608598962197 85.5500370644936 90.3521126760556 91 90.0722757598216 85.6478873239444 85.0793180133414 88.0563380281669 87 88 90.1315789473675 92.7042253521104 94.462120088951 88.9224610822776 89.7605633802782 94.2148257968871 91.2438843587826 88.2086730911802 91.6617494440299 88.4003706449221 89.9931801334324 88.8421052631561 90.6653076352833 90.7023721275007 89.8733135656084 90.942031134174 94.2568569310615 89.4132690882122
74.6218680504071 84.9692364714534 95.9585618977024 72.3710155670877 84.3943661971838 89.1179392142325 96.7234988880632 94.8845811712368 94 91.6056338028162 88.3943661971838 92.2361008154198 93.1930318754635 94.3468495181612 93.0469236471471 93 90.7928094885096 92 93.1017049666424 93.3943661971838 91.5004447739058 92.2386953298743 84.7534469977772 82 88.8231282431423 84.3575240919216 91.9688658265384 86.0733135656037 85.5711638250554 84.0433654558928 85.9879911045243 89.5963676797634 90.2740548554482 91.409414381024 87.7584136397327 90.8194217939214 91.8028169014086 91.424684951818 92.3538176426968 87.8037805782091 87.2478873239468 90.5352112676054 94.0975537435139 91.2052631578963 91.531356560414 91.5154188287639 93.0311341734622 93.9854707190509 90.9968124536697 88.5956263899179 90.9294292068205 89.8409933283894 88.1745737583386
