rasters/S.Sudan_bio10.asc
NCOLS 142 
NROWS 105 
XLLCORNER 24.121555621 
YLLCORNER 3.490201537 
CELLSIZE 0.0830935196478873 
NODATA_value -3.4e+38 
[rows 22 to 43 of 105, columns 49 to 97 of 142]
-3.4e+38 -3.4e+38 -3.4e+38 -3.4e+38 -3.4e+38 -3.4e+38 -3.4e+38 -3.4e+38 -3.4e+38 -3.4e+38 -3.4e+38 -3.4e+38 -3.4e+38 -3.4e+38 -3.4e+38 -3.4e+38 -3.4e+38 -3.4e+38 -3.4e+38 -3.4e+38 -3.4e+38 -3.4e+38 -3.4e+38 -3.4e+38 -3.4e+38 -3.4e+38 -3.4e+38 -3.4e+38 -3.4e+38 -3.4e+38 -3.4e+38 -3.4e+38 -3.4e+38 -3.4e+38 -3.4e+38 -3.4e+38 -3.4e+38 -3.4e+38 -3.4e+38 -3.4e+38 -3.4e+38 -3.4e+38 -3.4e+38 -3.4e+38 30.4781665802002 30.5141677856445 30.5676670074463 30.5855007171631 30.5088348388672
-3.4e+38 -3.4e+38 -3.4e+38 -3.4e+38 -3.4e+38 -3.4e+38 -3.4e+38 -3.4e+38 -3.4e+38 -3.4e+38 -3.4e+38 -3.4e+38 -3.4e+38 -3.4e+38 -3.4e+38 -3.4e+38 -3.4e+38 -3.4e+38 -3.4e+38 -3.4e+38 -3.4e+38 -3.4e+38 -3.4e+38 -3.4e+38 -3.4e+38 -3.4e+38 -3.4e+38 -3.4e+38 -3.4e+38 -3.4e+38 -3.4e+38 -3.4e+38 -3.4e+38 -3.4e+38 -3.4e+38 -3.4e+38 -3.4e+38 -3.4e+38 -3.4e+38 -3.4e+38 -3.4e+38 -3.4e+38 -3.4e+38 30.4408340454102 30.5068321228027 30.5251655578613 30.5510005950928 30.5851669311523 30.5283336639404
-3.4e+38 -3.4e+38 -3.4e+38 -3.4e+38 -3.4e+38 -3.4e+38 -3.4e+38 -3.4e+38 -3.4e+38 -3.4e+38 -3.4e+38 -3.4e+38 -3.4e+38 -3.4e+38 -3.4e+38 -3.4e+38 -3.4e+38 -3.4e+38 -3.4e+38 -3.4e+38 -3.4e+38 30.5281658172607 30.5526657104492 -3.4e+38 -3.4e+38 -3.4e+38 -3.4e+38 -3.4e+38 -3.4e+38 -3.4e+38 -3.4e+38 -3.4e+38 -3.4e+38 -3.4e+38 -3.4e+38 -3.4e+38 -3.4e+38 -3.4e+38 -3.4e+38 -3.4e+38 -3.4e+38 -3.4e+38 30.4323329925537 30.4685001373291 30.5186672210693 30.5993347167969 30.6028327941895 30.6056671142578 30.5666656494141
-3.4e+38 -3.4e+38 -3.4e+38 -3.4e+38 -3.4e+38 -3.4e+38 -3.4e+38 -3.4e+38 -3.4e+38 -3.4e+38 -3.4e+38 -3.4e+38 -3.4e+38 -3.4e+38 -3.4e+38 -3.4e+38 -3.4e+38 -3.4e+38 -3.4e+38 30.488166809082 30.4368324279785 30.4204998016357 30.4160003662109 30.396167755127 30.3234996795654 -3.4e+38 -3.4e+38 -3.4e+38 -3.4e+38 -3.4e+38 -3.4e+38 -3.4e+38 -3.4e+38 -3.4e+38 -3.4e+38 -3.4e+38 -3.4e+38 -3.4e+38 -3.4e+38 -3.4e+38 -3.4e+38 30.3818321228027 30.433666229248 30.4433326721191 30.5136661529541 30.5603332519531 30.5776672363281 30.5151672363281 30.5576667785645
-3.4e+38 -3.4e+38 -3.4e+38 -3.4e+38 -3.4e+38 -3.4e+38 -3.4e+38 -3.4e+38 -3.4e+38 -3.4e+38 -3.4e+38 -3.4e+38 -3.4e+38 -3.4e+38 -3.4e+38 -3.4e+38 -3.4e+38 30.5559997558594 30.5338325500488 30.3881664276123 30.2743339538574 30.3448333740234 30.2956657409668 30.1940002441406 30.166332244873 30.2565002441406 -3.4e+38 -3.4e+38 -3.4e+38 -3.4e+38 -3.4e+38 -3.4e+38 -3.4e+38 -3.4e+38 -3.4e+38 -3.4e+38 -3.4e+38 -3.4e+38 -3.4e+38 -3.4e+38 30.4138336181641 30.501501083374 30.5219993591309 30.5016670227051 30.4734992980957 30.4951667785645 30.4796676635742 30.4560012817383 30.3898334503174
-3.4e+38 -3.4e+38 -3.4e+38 -3.4e+38 -3.4e+38 -3.4e+38 -3.4e+38 -3.4e+38 -3.4e+38 -3.4e+38 -3.4e+38 -3.4e+38 -3.4e+38 -3.4e+38 -3.4e+38 -3.4e+38 -3.4e+38 30.4378337860107 30.3638343811035 30.2663326263428 30.1761665344238 30.2723331451416 30.2348327636719 30.1296653747559 30.0930004119873 30.1646671295166 30.2123336791992 30.21266746521 -3.4e+38 -3.4e+38 -3.4e+38 -3.4e+38 -3.4e+38 -3.4e+38 -3.4e+38 -3.4e+38 -3.4e+38 -3.4e+38 -3.4e+38 30.408166885376 30.4893321990967 30.5911655426025 30.5831661224365 30.5706672668457 30.4573345184326 30.4631671905518 30.5048332214355 30.4391670227051 30.4409999847412
-3.4e+38 -3.4e+38 -3.4e+38 -3.4e+38 -3.4e+38 -3.4e+38 -3.4e+38 -3.4e+38 -3.4e+38 -3.4e+38 -3.4e+38 -3.4e+38 -3.4e+38 -3.4e+38 -3.4e+38 -3.4e+38 -3.4e+38 30.2916679382324 30.2099990844727 30.1458320617676 30.1088333129883 30.1224994659424 30.1256675720215 30.0955009460449 30.087833404541 30.0104999542236 30.0561656951904 30.1713333129883 30.1766662597656 -3.4e+38 -3.4e+38 -3.4e+38 -3.4e+38 -3.4e+38 -3.4e+38 -3.4e+38 -3.4e+38 -3.4e+38 30.4268321990967 30.4389991760254 30.5185012817383 30.6623344421387 30.6823348999023 30.5678329467773 30.4790000915527 30.4976673126221 30.3990001678467 30.4104995727539 30.4793338775635
-3.4e+38 -3.4e+38 -3.4e+38 -3.4e+38 -3.4e+38 -3.4e+38 -3.4e+38 -3.4e+38 -3.4e+38 -3.4e+38 -3.4e+38 -3.4e+38 -3.4e+38 -3.4e+38 -3.4e+38 -3.4e+38 30.2255001068115 30.1451663970947 30.1181659698486 30.0370006561279 29.9948329925537 29.950834274292 29.9475002288818 29.9713325500488 30.0176658630371 30.0384998321533 29.9966659545898 30.1800003051758 30.2374992370605 30.1983337402344 -3.4e+38 -3.4e+38 -3.4e+38 -3.4e+38 -3.4e+38 -3.4e+38 -3.4e+38 30.5361671447754 30.4615001678467 30.5223331451416 30.6226673126221 30.6686668395996 30.6678352355957 30.6145000457764 30.5621681213379 30.4630012512207 30.5326671600342 30.5753326416016 30.4818344116211
-3.4e+38 -3.4e+38 -3.4e+38 -3.4e+38 -3.4e+38 -3.4e+38 -3.4e+38 -3.4e+38 -3.4e+38 -3.4e+38 -3.4e+38 -3.4e+38 -3.4e+38 30.0950012207031 30.0218353271484 29.9409999847412 29.9773330688477 30.0273323059082 29.8903331756592 29.8576679229736 29.86549949646 29.8176651000977 29.8316669464111 29.888500213623 29.9343338012695 29.9689998626709 29.9543323516846 30.0914993286133 30.1793327331543 30.1830005645752 30.1978340148926 30.2383346557617 30.333667755127 30.4090003967285 30.4790000915527 30.5276660919189 30.5226669311523 30.593334197998 30.6000003814697 30.6111660003662 30.6854991912842 30.7054996490479 30.6516666412354 30.554666519165 30.4141654968262 30.4914989471436 30.6221656799316 30.5468330383301 30.4521675109863
-3.4e+38 -3.4e+38 -3.4e+38 -3.4e+38 -3.4e+38 -3.4e+38 -3.4e+38 -3.4e+38 -3.4e+38 -3.4e+38 -3.4e+38 30.099666595459 30.064998626709 29.9580001831055 29.9131660461426 29.8173332214355 29.8028335571289 29.7778339385986 29.5858345031738 29.5463333129883 29.6578330993652 29.6798324584961 29.728832244873 29.7701663970947 29.8106670379639 29.8554992675781 29.8858337402344 29.912166595459 30.0365009307861 30.138500213623 30.1720008850098 30.2104988098145 30.316333770752 30.4689998626709 30.4978332519531 30.4903335571289 30.4876670837402 30.568000793457 30.6533336639404 30.6916675567627 30.711332321167 30.6386680603027 30.4368324279785 30.5026664733887 30.5995006561279 30.6141662597656 30.507833480835 30.4586658477783 30.389331817627
-3.4e+38 -3.4e+38 -3.4e+38 -3.4e+38 -3.4e+38 -3.4e+38 -3.4e+38 -3.4e+38 -3.4e+38 30.1226673126221 30.0431671142578 29.9631652832031 29.8846664428711 29.8185005187988 29.7283325195312 29.6738338470459 29.6498336791992 29.5719985961914 29.4976673126221 29.4148330688477 29.4143333435059 29.4148330688477 29.4711666107178 29.4969997406006 29.507999420166 29.3261661529541 29.2315006256104 29.2199993133545 29.3648338317871 29.5531673431396 29.7588329315186 29.9249992370605 30.1391658782959 30.2558326721191 30.3681678771973 30.4463329315186 30.4626655578613 30.5496673583984 30.6221656799316 30.6743335723877 30.6606674194336 30.473165512085 30.6054992675781 30.6690006256104 30.6141662597656 30.5570011138916 30.4868335723877 30.4561672210693 30.3941669464111
-3.4e+38 -3.4e+38 -3.4e+38 -3.4e+38 -3.4e+38 -3.4e+38 -3.4e+38 -3.4e+38 30.0399990081787 30.0398330688477 29.8986663818359 29.8371677398682 29.8476676940918 29.771333694458 29.5701675415039 29.5091667175293 29.4514999389648 29.3983325958252 29.33766746521 29.2726669311523 29.2041664123535 28.882833480835 28.7666664123535 28.7516670227051 28.7476673126221 28.650333404541 28.6630001068115 28.7690010070801 29.058500289917 29.1851673126221 29.280834197998 29.4226665496826 29.7758331298828 30.0381660461426 30.1421661376953 30.1550006866455 30.3043327331543 30.3926658630371 30.5060005187988 30.5811653137207 30.4696655273438 30.3838348388672 30.5745010375977 30.5914993286133 30.5345001220703 30.4584999084473 30.4883346557617 30.4160003662109 30.3953323364258
-3.4e+38 -3.4e+38 -3.4e+38 -3.4e+38 -3.4e+38 -3.4e+38 -3.4e+38 -3.4e+38 30.0321655273438 29.8933334350586 29.8578338623047 29.8463344573975 29.8818340301514 29.8033332824707 29.6501655578613 29.5176658630371 29.3439998626709 29.2043342590332 29.1731662750244 29.1183338165283 28.9821662902832 28.8111667633057 28.9018325805664 28.9730014801025 28.8936672210693 28.6981658935547 28.5953330993652 28.8466663360596 29.0926666259766 29.4978332519531 29.8780002593994 29.9103317260742 30.0914993286133 30.1875 30.2724990844727 30.3131675720215 30.3873329162598 30.3063335418701 30.2604999542236 30.283332824707 30.3001670837402 30.4794998168945 30.5216674804688 30.5186672210693 30.4435005187988 30.4258346557617 30.4338340759277 30.4305000305176 30.3778324127197
30.0816669464111 30.2323341369629 30.3360004425049 30.3700008392334 30.36549949646 30.2018337249756 29.9134998321533 29.7730007171631 29.8000011444092 29.7471656799316 29.8040008544922 29.8313331604004 29.8351669311523 29.7621669769287 29.6469993591309 29.490665435791 29.3653335571289 29.2205009460449 29.0423336029053 28.8831672668457 28.8836669921875 29.0223331451416 29.1356678009033 29.22216796875 29.1515007019043 28.872501373291 28.6750011444092 28.9330005645752 29.1178321838379 29.6816654205322 29.9223327636719 29.9685001373291 30.0340003967285 30.0353336334229 30.0780010223389 30.2691669464111 30.3121662139893 30.2686653137207 30.3091659545898 30.3978328704834 30.3920001983643 30.4101657867432 30.4396667480469 30.3183326721191 30.2948341369629 30.2845001220703 30.2880001068115 30.3571662902832 30.279167175293
30.087833404541 30.1991672515869 30.2520008087158 30.2278347015381 30.1856651306152 29.9393329620361 29.3400001525879 29.2991676330566 29.6450004577637 29.7723331451416 29.8800010681152 29.8775005340576 29.8093338012695 29.7191677093506 29.5951671600342 29.4763336181641 29.3648338317871 29.1679992675781 28.9776649475098 28.9463329315186 28.9978332519531 29.0501670837402 29.1108341217041 29.2229995727539 29.2719993591309 29.0616683959961 28.7161674499512 28.9023323059082 29.0553340911865 29.5066661834717 29.8163318634033 29.9248332977295 29.9193325042725 29.9195003509521 30.0738334655762 30.1263332366943 30.1841659545898 30.2171669006348 30.2703323364258 30.344165802002 30.3215007781982 30.3053321838379 30.3393325805664 30.2729988098145 30.2788333892822 30.2826671600342 30.2548332214355 30.1926670074463 30.2561664581299
30.1863346099854 30.111499786377 30.2143325805664 30.1848335266113 30.0014991760254 29.7463340759277 29.1940002441406 29.3138332366943 29.7423324584961 29.8780002593994 29.9549999237061 29.8811664581299 29.7509994506836 29.6650009155273 29.5403327941895 29.4251670837402 29.3053340911865 29.2233333587646 29.1099987030029 28.9915008544922 29.0138339996338 29.0799999237061 29.1264991760254 29.3013343811035 29.3423347473145 28.9331665039062 28.6218338012695 28.7353324890137 28.9088325500488 29.3231658935547 29.6781673431396 29.7493343353271 29.8016662597656 29.8835010528564 29.9338340759277 30.023832321167 30.1025009155273 30.1525001525879 30.1898326873779 30.2045001983643 30.1639995574951 30.1776657104492 30.2134990692139 30.1975002288818 30.1736660003662 30.2418327331543 30.2186660766602 30.1893329620361 30.1539993286133
29.9883327484131 30.0434989929199 30.1073341369629 29.7853336334229 29.3476657867432 29.1294994354248 29.0906658172607 29.3996658325195 29.7991676330566 29.8658332824707 29.7513332366943 29.732666015625 29.7070007324219 29.5415000915527 29.3743324279785 29.4254989624023 29.3613338470459 29.2805004119873 29.1515007019043 28.9804992675781 29.0275001525879 29.1181678771973 29.1730003356934 29.3248329162598 29.1733341217041 28.5069999694824 28.5965003967285 28.7841663360596 29.1253337860107 29.2593326568604 29.4553337097168 29.5618324279785 29.5926666259766 29.7108325958252 29.8216667175293 29.9486656188965 30.0498332977295 30.1296672821045 30.1889991760254 30.1408348083496 30.1416664123535 30.1895008087158 30.1858329772949 30.2054996490479 30.2143325805664 30.2221660614014 30.1958332061768 30.1935005187988 30.2013339996338
30.1126670837402 30.0634994506836 30.0364990234375 29.7430000305176 29.3769989013672 29.1354999542236 29.140832901001 29.171501159668 29.4311676025391 29.4376659393311 29.2856674194336 29.2793350219727 29.4053325653076 29.2395000457764 29.1188335418701 29.3841667175293 29.3859996795654 29.280834197998 29.1936664581299 29.0458335876465 29.0911674499512 29.1896667480469 29.2204990386963 29.2355003356934 28.8418350219727 28.4933338165283 28.6339988708496 28.8508338928223 29.0031661987305 29.1571674346924 29.3526668548584 29.4191665649414 29.3848342895508 29.5606670379639 29.7425003051758 29.8993339538574 30.0066680908203 30.0960006713867 30.1298332214355 30.1083335876465 30.1606674194336 30.2455005645752 30.2638339996338 30.2469997406006 30.2931671142578 30.218334197998 30.207332611084 30.191333770752 30.2059993743896
30.1251678466797 30.0671672821045 30.041166305542 29.9803333282471 29.7726669311523 29.5955009460449 29.6006660461426 29.5711669921875 29.5198345184326 29.4541664123535 29.3953342437744 29.3698329925537 29.0914993286133 28.7621669769287 28.773998260498 29.2854995727539 29.3879985809326 29.2866668701172 29.2251663208008 29.1598339080811 29.1451663970947 29.2371673583984 29.2566680908203 29.2158336639404 28.8241672515869 28.5625 28.7070007324219 28.8274993896484 28.8668327331543 29.1353340148926 29.3344993591309 29.2760009765625 29.1453323364258 29.4158325195312 29.6628322601318 29.8973350524902 29.9558334350586 30.0069999694824 30.0939998626709 30.1031665802002 30.1766662597656 30.2854995727539 30.3091659545898 30.2526664733887 30.2606658935547 30.2123336791992 30.1381664276123 30.1861667633057 30.1630001068115
30.0879993438721 30.037166595459 30.0458335876465 29.9896659851074 29.8875007629395 29.816499710083 29.7390003204346 29.5896663665771 29.2841682434082 28.894832611084 28.8848323822021 29.033166885376 28.7560005187988 28.6143341064453 28.6048336029053 28.9991664886475 29.3143329620361 29.3041667938232 29.2390003204346 29.2534999847412 29.2761650085449 29.2721672058105 29.3306655883789 29.2035007476807 28.898832321167 28.59033203125 28.7103328704834 28.7611656188965 28.7868328094482 28.9686660766602 29.1403331756592 29.1153335571289 29.0776672363281 29.3349990844727 29.7019996643066 29.8854999542236 29.9876670837402 30.0011672973633 30.1156673431396 30.1634998321533 30.1596660614014 30.2939987182617 30.2616672515869 30.2184982299805 30.2014999389648 30.2268333435059 30.1310005187988 30.1480007171631 30.1310005187988
30.0839996337891 30.0461673736572 30.0408325195312 29.9646663665771 29.9686660766602 29.9340000152588 29.8798332214355 29.570333480835 29.1158332824707 28.845832824707 28.8546657562256 28.7843322753906 28.6590003967285 28.6208343505859 28.5648345947266 28.7038345336914 29.1786670684814 29.3581657409668 29.3191661834717 29.316333770752 29.2838325500488 29.2898330688477 29.2991676330566 29.1084995269775 28.867166519165 28.611665725708 28.7201671600342 28.7681655883789 28.8643341064453 28.88450050354 29.0303325653076 29.0836658477783 29.138334274292 29.3763332366943 29.681999206543 29.8653335571289 30.0053329467773 30.0550003051758 30.1291675567627 30.2341651916504 30.1634998321533 30.1843338012695 30.1515007019043 30.1636657714844 30.2348327636719 30.3073329925537 30.1963329315186 30.1083335876465 30.1975002288818
30.0271682739258 29.994499206543 29.9788341522217 29.9564990997314 29.9629993438721 29.9710006713867 29.9276657104492 29.8023338317871 29.594165802002 29.3120002746582 29.0750007629395 28.8751659393311 28.7118339538574 28.6079998016357 28.6318340301514 28.8088340759277 29.1273345947266 29.3753337860107 29.3876686096191 29.3626670837402 29.3083343505859 29.3291664123535 29.2626667022705 29.2185001373291 29.042667388916 28.6399993896484 28.7436656951904 28.7998332977295 28.8803329467773 28.9871673583984 29.1639995574951 29.041166305542 29.1346664428711 29.345832824707 29.6223335266113 29.8953323364258 30.0354995727539 30.1231670379639 30.1951675415039 30.2854995727539 30.2479991912842 30.2146663665771 30.1951675415039 30.2196674346924 30.316333770752 30.2886657714844 30.234167098999 30.1786670684814 30.2040004730225
