rasters/S.Sudan_SNDPPT_M_sl2_250m_ll.asc
NCOLS 142 
NROWS 105 
XLLCORNER 24.121555621 
YLLCORNER 3.490201537 
CELLSIZE 0.0830935196478873 
NODATA_value -9999 
[rows 46 to 68 of 105, columns 52 to 103 of 142]
61.6783702213277 60.6157947686118 57.6408450704203 53.9084507042258 58.8391348088534 50.8221327967809 50.8142857142862 54.9620724346079 48.5427565392343 48.0132796780672 50.1870221327973 43.0640845070422 45.0898390342037 51.3361167002011 47.8085513078473 45.1056338028184 45.3960764587492 46.6285714285724 43.9697183098588 52.7109657947697 46.8814889336022 47.6691146881296 42.8142857142862 48.8072434607648 47.4558350100582 46.5641851106638 45.1281690140837 47 44.4644869215286 45.5519114688081 45.5002012072448 45.891448692152 55.6020120724386 51.0248490945673 53.6593561368205 45.2924547283709 46.9019114688131 42.2297786720331 45.0183098591633 44.1548289738431 44.2487927565389 46.9713279678055 43.6122736418502 47.3680080482902 41.606036217304 38.8247484909441 45.1857142857138 44 44.1530181086515 44.0633802816913 50.0091549295769 45.1857142857138
59.8727364185117 60.5095573440639 57.2047283702164 54.6458752515098 50.2057344064374 49.0684104627766 48.0201207243455 53.0714285714284 51.6116700201204 54.8848088531104 53.5422535211271 53.6795774647882 45.9285714285715 49.8571428571431 46.0709255533198 42.9773641851104 49.9436619718386 42.9285714285716 46.0236418511066 44.0633802816903 44.7404426559356 56.6856136820929 48.0980885311869 46.0070422535215 46.1428571428569 48.0382293762575 45.0714285714284 46.56790744467 51.1307847082476 43.5658953722373 45 47.3465794768642 49.0940643863152 53.1242454728366 52.9461770623744 42.359154929578 42.6373239436623 47.6141851106636 48.705231388324 43.9678068410458 43.7957746478871 47.9210261569414 48.5442655935612 45.2947686116704 43.5191146881281 44.5140845070395 45.7389336016124 41 50.8697183098594 49.1348088531197 43.0457746478848 45.8978873239413
65.9571428571424 60.4834004024139 57.9417505030174 55.4712273641837 46.6722334004013 50.9369215291753 49.1791750503003 48.2042253521118 50.3797786720315 50 54.4148893360153 49.0484909456758 47.189537223338 47.9948692152917 45.9574446680076 41.3845070422583 43.1567404426536 44.0857142857152 47.0428571428576 41.9778672032234 44.9713279678065 43.7071428571428 45.7688128772652 45.1643863179089 47 48.8732394366207 48.3598591549285 48.4100603621696 49.5459758551296 47.9956740442721 44.2811871227364 51.9960764587524 49.1681086519082 53.8776659959764 53.2787726358163 48.9450704225347 48.4087525150895 47.9821931589535 45.7400402414522 44.1819919517101 43.0379275653921 49.9969818913479 45.4436619718309 49.2382293762578 47.2695171026135 48.0440643863181 40.9743460764585 44.0304828973846 46.2113682092558 44.8991951710248 43.0900402414465 44
66.6110663983897 65.9170020120728 57.2163983903317 52.364889336015 53.0210261569414 51.8639839034206 57.6229376257565 49.6857142857159 54.2013078470827 56.016297786725 54.3275653923525 55.1823943661983 54.9247484909465 43.741951710262 46.6797786720335 47.9109657947673 41.9656941649904 42.1738430583525 45.8251509054335 46.3562374245497 45.2622736418498 48.157142857142 49.4757545271612 53.8380281690147 51.4714285714261 48.9269617706241 46.1018108651874 52.3138832998011 52.4807847082491 45.2671026156962 45 53.263078470825 56.6890342052326 49.6923541247459 50.3530181086502 46.1455734406455 52.9258551307852 45.2849094567414 45.8904426559357 39.7799798792759 48.7144869215285 49.1825955734431 46.4296780684097 44.5144869215299 44.6267605633791 46.933601609663 46.708752515089 47.7125754527191 49.9625754527177 42.2006036217304 44.8689134808848 45.1062374245461
66.6157947686113 61.8406438631804 53.5536217303745 49.8623742454724 53.2351106639843 57.8067404426568 56.4296780684094 56.0496981891357 59.3577464788729 58.7392354124763 58.1858148893365 51.1777665995976 53.4571428571424 43.6088531187117 44.010261569417 47 43.8017102615675 41.6690140845054 46.6767605633804 48.4783702213293 43.5125754527164 49 49.7887323943667 50.0921529175062 49 48.1021126760565 50.3930583501006 48.1242454728377 48.8102615694181 48.4067404426505 44.0672032193169 48.5951710261556 50.4417505030194 53.1739436619724 48.6305835010078 50.5992957746496 49.4147887323948 42.4362173038218 45.5587525150952 44.1385311871226 41.7495975855129 51.0665995975855 46.7930583501002 44.8101609657945 41.6267605633791 43.4935613682105 52.2924547283694 49.3251509054319 46.248189134809 45.4915492957748 48.9640845070443 45.8905432595592
63.0087525150895 50.2898390342048 58.1809859154882 53.3114688128778 59.1643863179066 59 59.7959758551325 55.5919517102619 54.8777665995973 55.3504024144851 54.5622736418514 56.3832997987935 48.5284708249489 46.6142857142854 43.0043259557346 46.4098591549301 47.9157947686123 44.4318913480889 43.8723340040241 45.8728370221335 44.7194164989943 44.6142857142854 51.6142857142854 49.2372233400401 52.7605633802775 47.7608651911472 52.8262575452705 -9999 47.3504024144861 44.0534205231416 41.2846076458764 39.8823943661994 51.7762575452716 53.1032193158951 53 52.220623742455 48.0612676056339 43.4154929577469 45.8831991951721 44.9216297786717 43.6142857142854 43.3857142857146 53.285613682092 42.4206237424555 45.528973843058 44.3857142857145 41.7534205231395 46.1481891348073 45.4536217303826 43.4246478873249 43.4462776659928 41.5772635814883
57.5387323943671 51.2077464788726 52 59.8767605633806 59.1338028169007 59 54.4084507042261 54.4084507042237 56.5 55.1408450704171 58.9577464788729 57.5176056338036 43.8838028169022 49 44.5105633802822 47.6056338028183 46.5 48.6654929577473 44.2218309859155 43.7218309859163 48.1619718309857 50 48.8943661971834 42.5035211267607 41.6795774647919 49.7323943661973 47.327464788733 50 48.5 46.3661971830944 42 50.5457746478877 54 53.5 54.7535211267595 52.7429577464769 46.7359154929575 44.6690140845063 46.3028169014053 51.2147887323945 43.1936619718314 44.4119718309819 42.5739436619718 41.8697183098589 44.6267605633791 42.7711267605592 39.2007042253516 43.6443661971835 49.676056338028 44 47.4014084507097 43.419014084506
64.6409456740444 49.152213279679 58.2816901408405 57.367806841047 58.9483903420526 59.787726358148 48.441951710261 57.3292756539225 58.7519114688119 57.9561368209227 58.6343058350096 56.5188128772636 45.5390342052327 48.6142857142859 53 46.4506036217311 47.4801810865204 51.723742454725 45.5568410462774 48.7161971831013 49.2580482897384 47.6040241448689 51.8770623742449 46.0043259557346 42.2933601609641 54.0896378269618 51 52.3656941649868 44.9018108651908 46.7026156941669 40.181891348089 37.8067404426559 48 53.3857142857141 53.3678068410453 44.2737424547273 46.549899396379 42.7745472837024 52.2689134808864 46.2231388329982 44.260663983903 42.2341046277671 44.3857142857141 45.0595573440646 43.6142857142859 43.1002012072464 45.3857142857141 45.6142857142859 42.7903420523139 44.8248490945681 46.019014084506 46
50.989637826962 58.0870221327957 55.7280684104648 56.8661971830992 61.6960764587541 59.2388329979885 51.2714285714279 47.673138832999 56.9139839034206 51.9757545271689 52.8528169014087 46.822233400403 48.5982897384333 45.6848088531181 54.2541247484895 56.0286720321935 45.8814889336029 47.5772635814884 45.5946680080479 51.5775653923556 51.5721327967807 52.9468812877268 51.971327967807 48.732394366198 52.999496981886 53.1693158953724 48.1882293762584 53.1471830985906 44.4678068410467 47 38.0185110663957 37.7534205231396 48.4320925553361 49.7648893360165 53.524044265595 48.6521126760575 43.0563380281699 45.6972837022127 52.2873239436667 42 42 42.9391348088503 43.8922535211267 40.2714285714279 38.7280684104617 43.2919517102569 44.053521126761 46.1930583500999 44.6480885311876 42.3348088531192 45.9732394366213 47.4334004024159
60.4154929577468 53.323541247485 57.4394366197173 58.0440643863153 57.7721327967813 53.8888329979915 49.0915492957739 43.7807847082505 49.2090543259554 48.6379275653899 48.7713279678064 50.0542253521126 46.3164989939624 49.9625754527171 57.9951710261567 51.2487927565453 46.3411468812858 48.1051307847077 53.0177062374245 45.3142857142848 45.5638832997992 52.7473843058353 41.0707243460763 50.1489939637819 51.1197183098613 50.0818913480875 47.6007042253536 52.4710261569432 44.5867203219321 45.1073440643857 40.8428571428576 37.159959758549 34.8428571428576 42.7511066398397 45.5607645875254 48.1007042253517 44 45.2730382293755 54.0619718309867 46.3174044265589 40.4326961770618 38.151609657947 44.8428571428576 40.9247484909461 42.4717303822945 44.5140845070395 44.1971830985935 44.8428571428576 44.1483903420523 45.7056338028181 42.1986921529147 44.974547283702
52.9749496981891 52.4920523138828 56.0428571428572 58.9677062374245 57.3956740442636 45.0220321931582 44.0350100603622 47.2383299798785 46.0721327967807 47.0673038229375 50.0392354124748 47.9438631790745 46.7446680080498 46.890543259557 58.9363179074437 46.0045271629779 44.218309859153 49.6403420523123 45.8492957746478 48 48.6548289738432 50.1419517102614 45.9616700201207 43.0287726358142 45.7708249496942 51.6918511066397 47.3450704225341 51.8762575452761 47.0184104627767 46.2876257545294 39.7275653923549 40.1265593561376 40.0437625754526 44.9942655935614 48.0751509054326 56 55.0765593561377 46.5845070422532 43.782897384309 41.1901408450703 42.3510060362178 39.0413480885311 43.8521126760564 39.8450704225367 42.9840040241448 40.5030181086598 40 43.4044265593545 39.4227364185109 42 43.8671026156968 43.8878269617687
58.1151911468801 57.4572434607638 60.6151911468786 58.7887323943671 54.7942655935634 56.1961770623771 51.5437625754528 50.8003018108631 48.0487927565397 48.0120724346143 57.3596579476849 49.8299798792738 48.8571428571414 47.9828973843056 46.0714285714293 46.0372233400402 48.6856136820931 46.3546277666016 44.0397384305839 44.2555331991933 48.2359154929567 45.2585513078473 50.0980885311868 47.0845070422548 47.7691146881248 -9999 50.6795774647901 45.9612676056336 47.0306841046282 43 38.9431589537217 40.9285714285707 40.1836016096547 44.0286720321934 44.0714285714293 51 45.5809859154937 45.5427565392346 43.2811871227333 41 43.4964788732419 43.0714285714293 42.0870221327961 40.8043259557324 39.5819919517087 43.4426559356102 44.5558350100608 45.9285714285707 39.3858148893361 41.1257545271646 42.1629778671987 43.3008048289774
54.7828973843056 50.6598591549282 62.7706237424585 61.3714285714291 54.5444668008048 52.5863179074456 53.2602615694161 52.0379275653923 53.4302816901416 56.8142857142854 51.9298792756544 48.5244466800782 47.625050301812 45.6730382293759 47.0026156941651 47.4574446680097 46.3461770623744 47.3937625754538 46.02092555332 49 48.4832997987926 48.8548289738428 46.4574446680084 58.3701207243465 46.2517102615679 42.9183098591542 45.3360160965773 50.5584507042274 45.5093561368222 42.1412474849129 41.6479879275658 34.3518108651929 44.0383299798748 40.5374245472828 44.4321931589551 46.1334004024149 44.1439637826971 42.6766599597589 42.8645875251462 41.9021126760569 43.8286720321929 42.1439637826945 41.9621730382291 40.3494969818918 40.8142857142854 42.6958752515137 39.5871227364178 40.4719315895358 41.6581488933604 39.4230382293777 40.9507042253549 44.161971830988
56.6999999999999 55.488732394366 64.487323943664 56.580985915494 54.4802816901403 55.9640845070435 56.0640845070417 52.6471830985902 50.2922535211275 52.3000000000001 60.2950704225348 51.3929577464787 50.7605633802829 48.352112676056 46.0070422535215 47.0577464788724 48.218309859153 51 47.5767605633803 48.177464788733 47.2056338028172 49.5471830985916 46.478169014085 48.6119718309866 43.1802816901388 41.4626760563381 43.0929577464796 48.8626760563373 46.3985915492944 38.265492957751 41.0816901408447 41.4711267605613 40.0633802816828 43.9063380281693 44.3246478873241 45.3232394366203 40.7415492957747 44.7661971830988 42.1211267605621 41.2661971830984 40.0542253521128 39.0352112676073 41.8035211267605 40 41.3732394366209 40.0880281690064 44.4366197183121 40.497887323943 41.3000000000001 39.8732394366175 41.7640845070386 42.9760563380241
62.8266599597578 58.1954728370218 52.1811871227304 50.8051307847071 53.5073440643869 53.0123742454724 54.8285714285709 49.4142857142854 50.4544265593563 58.2910462776698 56.0905432595584 53.3450704225357 51.0291750503045 46.8802816901404 48.1843058350112 51.1675050301834 46.9190140845056 47.8285714285709 42.9115694164994 50.3482897384322 45.1105633802819 45.2769617706243 44.4761569416495 46.9970824949697 43 46.6865191146881 45.3143863179074 47.4819919517076 51.3493963782705 48.2829979879265 38.3296780684106 42.844265593561 43.6279678068364 44.2268611670023 45.2464788732406 49.1167002012067 44.5293762575447 43.4142857142854 39.0536217303878 43.5857142857146 41.8285714285709 44.0352112676073 39.3552313883304 42.3251509054324 42.9504024144855 41.6988933601625 39.4322937625769 42.7112676056329 43.658651911469 41.4142857142854 44.9218309859199 42.9905432595589
53.1958752515091 60.6910462776651 59.1898390342065 50.928772635812 54.3871227364194 48.0211267605626 52.5285714285717 51.6010060362147 52.6649899396372 61.2443661971812 54.2866197183102 48.4517102615689 51.1294768611692 52.0701207243464 56.0530181086523 58.2648893360133 42.9527162977832 46.4903420523139 50.2940643863181 56.2369215291737 46.7641851106632 43.1611670020113 44.3671026156948 44.5211267605633 40.8802816901387 37.7543259557342 47.8373239436626 42.6948692152956 43 40.98933601609 42.4830985915491 49.6734406438603 45.9888329979892 42.7254527162974 43.8266599597575 51.2816901408439 44.2493963782695 36.8041247484909 40.3028169014053 42.5285714285717 41.0365191146882 40.9834004024137 40.4227364185103 42.6165995975848 40.6687122736423 41.0289738430645 40.9657947686113 40.1361167002015 41 39.9464788732389 44.4532193158999 46.0763581488943
56.8606639839041 56.418008048289 52.4597585513085 55.4617706237421 56.4612676056347 54.6504024144867 52.1830985915478 55.4884305835004 63.0578470824941 67.5301810865179 60.6976861166993 57.6670020120713 56.3571428571428 58.5945674044261 53.366197183099 52.0377263581494 48.2791750503025 48.4300804828964 49.7283702213278 53 48 43.2791750503019 44.9320925553321 42.7117706237423 41.7142857142857 48.9466800804829 47 46.0301810865175 47 46.8868209255526 43.0513078470809 41.0326961770627 50 41.4673038229371 41.0226358148878 45.5900402414496 45.6790744466807 40.3153923541248 42.2162977867181 39 42.3294768611669 42.0352112676073 42.9577464788732 40.735915492958 39.3571428571428 41.5040241448684 41.5985915492967 42.8460764587523 37.7107645875253 40.6836016096587 45.5935613682121 46.9537223340034
60.1996981891346 57.7283702213277 58.9315895372245 57.7571428571429 49.7246478873242 55.762273641851 53.1264587525159 57.1436619718313 58.6338028169022 65.861468812878 63.589436619718 65.2428571428571 59.394768611671 66.0290744466802 63.251609657948 54.1658953722323 47.0530181086514 42.5886317907425 54 54.8698189134776 44.6958752515094 44.1652917505029 41.5142857142859 44.7571428571429 45.1197183098613 52.1128772635815 42.606338028167 40.4577464788756 46.1066398390327 47.2003018108615 43.4474849094569 -9999 45 44.6117706237412 45.5703219315865 43.3689134808843 42.9436619718301 41.3145875251512 45.1693158953729 39.6066398390343 40.2240442655935 39.9914486921525 40 38.0809859154936 40.5254527162987 39.3677062374238 40.9960764587512 43.6653923541229 43.4237424547286 46 42.7571428571429 45.59295774648
59.455935613682 55.471830985915 55.5122736418492 56.098490945676 55.9775653923546 55.8898390342049 54.7001006036234 51.6655935613659 51.5952716297785 59.5210261569431 57 59.9157947686119 53.1584507042247 54.3306841046275 72 60.0229376257527 55.8097585513094 49.2024144869235 40.7428571428578 44.0303822937651 45.7541247484908 43.4348088531194 42.1192152917502 46.1074446680067 47.8956740442637 46.0648893360166 43.5707243460777 45.2571428571422 45.1285714285711 44.9248490945662 41.3590543259544 48.5462776659963 51.4331991951784 48.7548289738437 47.0968812877259 48.9637826961773 40.0534205231385 42 38.7361167002038 37.8714285714289 40.3246478873234 40.4118712273644 40.2764587525147 40.6462776659955 40.5941649899388 44 42.5985915492967 43.2396378269607 43.9189134808859 44.055231388331 41.3303822937579 43.9457746478847
55.4130784708254 57.0412474849106 50.9897384305836 58.460462776662 57.8661971830993 56.9509054325968 55.7922535211287 57.7730382293775 45.0195171026153 55 49 56.6505030181082 53.5385311871259 58.8711267605632 67.9787726358148 65.0928571428589 59.0062374245471 44.0095573440642 39.5674044265592 46.4277665995996 46.6547283702217 46.6455734406435 37.5634808853099 52.9929577464785 40.5148893360237 41.9890342052316 45.718712273639 51.9493963782706 47.4315895372243 42.2397384305924 53.7730382293775 45.9214285714275 41.9651911468839 -9999 -9999 46.3631790744472 48.0412474849106 38.5785714285712 41.9800804828977 37.2044265593558 41.8341046277665 42.9862173038232 40.1457746478874 44.0242454728365 41.3536217303839 41.9783702213284 41.3956740442648 42.3920523138822 40.9949698189136 42 39.0343058350076 47.1859154929593
53.5950704225339 57.522535211268 56.3232394366217 54.0492957746479 56.6929577464791 54.8232394366186 55.0823943661965 53.6119718309875 54.8021126760574 51.7704225352089 55.4718309859133 56.9309859154927 50.7999999999997 56.0042253521126 55.0070422535215 64.9211267605635 62.9035211267625 49.4619718309888 52.6415492957743 40.7549295774667 41.2978873239435 41.7816901408453 47.904929577465 44.0985915492959 55.8999999999998 43.3626760563383 47.9309859154931 52.2626760563378 56.5239436619666 45.3169014084528 51.3323943661982 43.918309859155 47.8830985915511 44.7661971830989 44.8753521126757 47 54.5788732394379 38.7894366197189 40.9302816901404 40.1091549295772 43.2619718309864 39.8753521126748 39.8852112676054 45.6394366197176 41.5894366197169 41.4373239436644 43.4211267605626 39.8999999999998 41.1936619718309 43.8429577464777 39.3901408450716 43.7704225352095
57.3264587525154 53.7550301810856 53.2072434607683 56.6338028168999 56.6805835010065 53.9451710261561 52.6302816901403 51.8033199195166 53.1851106639829 53.4275653923516 55.396881287727 52.13078470825 59.0885311871276 53.1197183098596 55.9929577464785 58.2142857142858 55.9532193158958 66.428068410463 47.5714285714285 42.6448692152875 45.6634808853117 52.9532193158954 46.2746478873238 41.996981891348 52.9743460764583 52.1644869215292 52.8873239436589 50 52.8953722333978 51.3465794768623 54.9662977867214 54.7857142857142 46.0120724346063 43.7193158953721 47.7857142857142 48.5035211267601 42.9879275653922 39.1252515090543 39 38.8506036217305 42.2142857142858 42.2344064386328 40.2957746478873 43.5809859154925 43.4924547283692 43.67555331992 42.2142857142858 39.8822937625769 39.9617706237423 45.9230382293749 42.6207243460736 46.7354124748504
54.7440643863187 51 52.6714285714282 55.917907444667 51.6571428571436 50.6646881287731 51.6099597585515 53.7972837022148 53.6123742454745 54.7034205231379 56.6359154929577 51.5415492957738 54.0198189134833 54.609054325957 49.9951710261585 54.6714285714282 56.4366197183061 58.4586519114639 51.6467806841065 52.854225352112 51.5460764587525 44.130080482897 48.2810865191161 46.9835010060355 46.4319919517057 56.3593561368206 54.1133802816899 48.8430583501002 43.2884305835015 42.4210261569446 53.5327967806837 54.3599597585519 46 46.7928571428573 45.742957746482 42.7700201207258 47.6831991951715 46.7765593561365 38.7328973843117 38.1901408450703 42 42.9763581488923 43.330684104628 45.5820925553316 43.2059356136819 42.3378269617692 43.3881287726387 39.6714285714282 41.233903420523 40.6913480885313 48.6526156941653 48.6714285714282
