rasters/S.Sudan_bio10.asc
NCOLS 142 
NROWS 105 
XLLCORNER 24.121555621 
YLLCORNER 3.490201537 
CELLSIZE 0.0830935196478873 
NODATA_value -3.4e+38 
[rows 66 to 87 of 105, columns 49 to 97 of 142]
28.332332611084 28.4104995727539 28.5149993896484 28.6510009765625 28.5718326568604 28.4404983520508 28.4206657409668 28.4570007324219 28.34983253479 28.576000213623 28.8125 28.9820003509521 28.9584999084473 29.0170001983643 29.1468334197998 29.242000579834 29.3856678009033 29.5098342895508 29.5380001068115 29.5098323822021 29.5606670379639 29.6426658630371 29.6758327484131 29.7243328094482 29.6908340454102 29.5400009155273 29.556999206543 29.7383327484131 29.7685012817383 29.8233337402344 29.7929992675781 29.7721672058105 29.7226657867432 29.7819995880127 29.6689987182617 29.4090003967285 29.0226669311523 28.8094997406006 28.9531669616699 29.5349998474121 30.003999710083 30.1200008392334 30.1008338928223 29.9990005493164 30.1308326721191 30.1000003814697 29.9519996643066 29.9343338012695 29.9680004119873
28.2601661682129 28.4558334350586 28.5504989624023 28.6403331756592 28.4395008087158 28.3705005645752 28.388500213623 28.460334777832 28.3990001678467 28.6271667480469 28.8264999389648 28.9356670379639 29.0043334960938 28.8981666564941 29.0638332366943 29.138500213623 29.1813335418701 29.3379993438721 29.4796676635742 29.4663333892822 29.5178337097168 29.5971660614014 29.6063327789307 29.6420001983643 29.6491661071777 29.6276664733887 29.5988330841064 29.6406669616699 29.6919994354248 29.6684989929199 29.5713329315186 29.5768337249756 29.6758327484131 29.6944999694824 29.7480010986328 29.6733322143555 29.386833190918 28.9680004119873 28.824333190918 29.3248329162598 29.9435005187988 30.0485000610352 30.0693340301514 29.9468326568604 30.0144996643066 30.0303325653076 29.9258327484131 29.9456672668457 29.9315013885498
28.238166809082 28.3530006408691 28.5206680297852 28.5456657409668 28.3933334350586 28.2199993133545 28.2434997558594 28.3528327941895 28.308666229248 28.5358333587646 28.7443332672119 28.7823333740234 28.8818321228027 28.8719997406006 28.8756675720215 29.0463333129883 29.1158332824707 29.1644992828369 29.32200050354 29.4321670532227 29.4636669158936 29.5060005187988 29.5323333740234 29.5434989929199 29.5468330383301 29.5611667633057 29.5543327331543 29.5271663665771 29.6436672210693 29.6359996795654 29.6193332672119 29.5138320922852 29.5773334503174 29.6623344421387 29.7660007476807 29.7835006713867 29.6923332214355 29.4553337097168 28.9008331298828 29.1221656799316 29.8325004577637 29.9643325805664 29.9615001678467 29.9248332977295 29.8808326721191 29.8953342437744 29.9211673736572 29.9190006256104 29.8726654052734
28.1683330535889 28.3658332824707 28.4321670532227 28.5083332061768 28.3553333282471 28.1843338012695 28.1821670532227 28.2426662445068 28.3349990844727 28.5275001525879 28.5739994049072 28.6813335418701 28.844165802002 28.8648338317871 28.7684993743896 28.8791656494141 29.0130004882812 28.953332901001 29.0951671600342 29.2980003356934 29.3075008392334 29.363000869751 29.4349994659424 29.4505004882812 29.4828338623047 29.5701675415039 29.6286659240723 29.6469993591309 29.476167678833 29.6356658935547 29.5993328094482 29.6178321838379 29.6505012512207 29.7226676940918 29.7773323059082 29.7560005187988 29.7223339080811 29.6163330078125 29.1878337860107 28.8836669921875 29.5844993591309 29.7919998168945 29.8863334655762 29.9008331298828 29.7929992675781 29.828332901001 29.9528331756592 29.8743343353271 29.7973327636719
28.0026664733887 28.1690006256104 28.3193340301514 28.4344997406006 28.2431659698486 28.0694999694824 28.0928344726562 28.1511669158936 28.291166305542 28.3941669464111 28.560998916626 28.7363338470459 28.7641658782959 28.8051662445068 28.7930011749268 28.7373332977295 28.8733329772949 28.9241676330566 29.0266666412354 29.1648330688477 29.1446666717529 29.1846656799316 29.3070011138916 29.3343334197998 29.4203338623047 29.515832901001 29.576000213623 29.6208343505859 29.3809986114502 29.5483341217041 29.6586666107178 29.6916675567627 29.6616668701172 29.7291679382324 29.7463340759277 29.7425003051758 29.728666305542 29.6276664733887 29.2138328552246 28.7473335266113 29.2943344116211 29.7458343505859 29.765832901001 29.8753337860107 29.8413333892822 29.8008327484131 29.8761672973633 29.8116664886475 29.7513332366943
27.8344993591309 28.0559997558594 28.2810001373291 28.3348331451416 28.0953330993652 28.0163326263428 27.9648323059082 28.0440006256104 28.2740001678467 28.4393329620361 28.5539989471436 28.6405010223389 28.6303329467773 28.7186679840088 28.7024993896484 28.595832824707 28.7209987640381 28.8063335418701 28.9540004730225 29.0786666870117 29.0246658325195 28.9901657104492 29.0948333740234 29.2451667785645 29.3473320007324 29.4698333740234 29.5351676940918 29.5405006408691 29.5138339996338 29.7061672210693 29.7325000762939 29.7035007476807 29.6613349914551 29.6746673583984 29.7136669158936 29.69700050354 29.7383346557617 29.6428337097168 29.363000869751 28.7869987487793 29.1030006408691 29.5999984741211 29.7358341217041 29.7075004577637 29.8363342285156 29.7959995269775 29.7548332214355 29.7271671295166 29.736499786377
27.9028339385986 28.0796661376953 28.2205009460449 28.1986656188965 28.1364994049072 28.0086669921875 27.9311656951904 27.9386672973633 28.1628341674805 28.320333480835 28.4718322753906 28.4508323669434 28.5178337097168 28.6469993591309 28.6149997711182 28.5799999237061 28.6499996185303 28.6536674499512 28.8853340148926 29.0283336639404 28.9379997253418 28.8470001220703 28.8910007476807 29.0686664581299 29.2606658935547 29.3291664123535 29.4134998321533 29.5006656646729 29.5813331604004 29.6691665649414 29.7383327484131 29.7765007019043 29.6773338317871 29.7181663513184 29.736499786377 29.6708335876465 29.673999786377 29.5201663970947 29.5594997406006 29.0605010986328 29.0408325195312 29.5136661529541 29.6813335418701 29.6846675872803 29.7866668701172 29.8411674499512 29.7280006408691 29.689998626709 29.691333770752
27.8326663970947 27.9985008239746 28.0974998474121 28.1276664733887 28.1301651000977 27.9885005950928 28.0086669921875 27.9193344116211 28.0415000915527 28.3145008087158 28.3486671447754 28.2935009002686 28.3575000762939 28.5121650695801 28.5790004730225 28.4605007171631 28.4916667938232 28.6161670684814 28.8430004119873 28.9823322296143 29.0098342895508 28.9004993438721 28.974666595459 29.0968341827393 29.1801681518555 29.1263332366943 29.2313327789307 29.3588333129883 29.4484996795654 29.5556659698486 29.6485004425049 29.6873321533203 29.6401672363281 29.6893329620361 29.6576671600342 29.6533336639404 29.6784992218018 29.4611663818359 29.636833190918 29.4095001220703 28.8341674804688 29.396333694458 29.5174999237061 29.6266670227051 29.7186660766602 29.7910003662109 29.6748332977295 29.6464996337891 29.6631660461426
27.6683330535889 27.8414993286133 27.8491668701172 27.9606666564941 27.9168338775635 27.96533203125 27.9286670684814 27.8618316650391 28.0184993743896 28.1406669616699 28.2078323364258 28.1220016479492 28.2540016174316 28.3824996948242 28.4715003967285 28.4596672058105 28.5044994354248 28.7008323669434 28.8134994506836 28.8641662597656 28.924165725708 28.9531669616699 28.9346675872803 29.0804996490479 29.1636657714844 29.1301670074463 29.0950012207031 29.1585006713867 29.3071670532227 29.4248332977295 29.4518337249756 29.5208320617676 29.5804996490479 29.6088333129883 29.6033325195312 29.6525001525879 29.6749992370605 29.6618328094482 29.6593341827393 29.6055011749268 28.9305000305176 29.0468330383301 29.4824981689453 29.6516666412354 29.6688327789307 29.7613334655762 29.6326675415039 29.5535011291504 29.6181659698486
27.5445003509521 27.6093330383301 27.6978340148926 27.8541660308838 27.8543338775635 27.6446666717529 27.8193340301514 27.8113327026367 27.8215007781982 27.8968334197998 28.0603332519531 27.9728317260742 28.154167175293 28.3369998931885 28.3430004119873 28.3098335266113 28.4791660308838 28.5888328552246 28.6391677856445 28.6791667938232 28.742000579834 28.816499710083 28.818000793457 28.9466667175293 29.0828323364258 29.0648345947266 29.0184993743896 29.1245002746582 29.1359996795654 29.2261657714844 29.2733345031738 29.4033336639404 29.4484996795654 29.5023326873779 29.5528335571289 29.5880012512207 29.6160011291504 29.6206665039062 29.5834999084473 29.5260009765625 29.2908325195312 28.8253326416016 29.2138328552246 29.6840000152588 29.7478332519531 29.7406673431396 29.5768337249756 29.5731678009033 29.5646667480469
27.3748321533203 27.3563327789307 27.5056667327881 27.7393341064453 27.8261661529541 27.5273323059082 27.5086669921875 27.6300010681152 27.6628341674805 27.7116661071777 27.8321666717529 27.8268337249756 28.0163326263428 28.2328338623047 28.2884998321533 28.2185001373291 28.3388328552246 28.390832901001 28.4578323364258 28.4930000305176 28.5088329315186 28.6843338012695 28.7096672058105 28.8226661682129 28.9265003204346 29.0501670837402 28.9745006561279 28.9773330688477 29.0206680297852 29.0841674804688 29.1491661071777 29.3448333740234 29.2801666259766 29.3333339691162 29.42799949646 29.5033340454102 29.6005001068115 29.6298332214355 29.6180000305176 29.5520000457764 29.5001659393311 29.2455005645752 28.9321670532227 29.5123329162598 29.7291679382324 29.6829986572266 29.558666229248 29.5711669921875 29.5389995574951
27.1955013275146 27.1774997711182 27.3339996337891 27.6003341674805 27.6180000305176 27.7005004882812 27.5861663818359 27.4071655273438 27.4658336639404 27.5808334350586 27.5613327026367 27.7126655578613 27.9235000610352 28.1119995117188 28.1421661376953 28.1048336029053 28.1788330078125 28.3091659545898 28.2438335418701 28.2958335876465 28.3133335113525 28.5628337860107 28.6016654968262 28.609167098999 28.7866668701172 28.9393329620361 28.9278335571289 28.8321666717529 28.9116668701172 29.0566673278809 29.1434993743896 29.2573337554932 29.2416667938232 29.2858333587646 29.3371658325195 29.4236679077148 29.5511665344238 29.6031665802002 29.6058330535889 29.5325012207031 29.4748344421387 29.3646659851074 28.9839992523193 29.1653327941895 29.5533332824707 29.6053333282471 29.5551662445068 29.5224990844727 29.5676670074463
27.0773334503174 27.1981658935547 27.2900009155273 27.3371658325195 27.2953338623047 27.4428329467773 27.6086654663086 27.4916667938232 27.3601665496826 27.3326663970947 27.4060001373291 27.5971660614014 27.7200012207031 27.8794994354248 27.9418334960938 27.8940010070801 27.9998321533203 28.1483325958252 28.1356658935547 28.1143341064453 28.2668342590332 28.4885005950928 28.4755001068115 28.5211658477783 28.7136669158936 28.8325004577637 28.8264999389648 28.6751651763916 28.7884998321533 28.9231662750244 29.132999420166 29.1936664581299 29.155834197998 29.2040004730225 29.2408332824707 29.3295001983643 29.4500007629395 29.486499786377 29.5026664733887 29.4693336486816 29.425666809082 29.367166519165 29.1646671295166 28.9355010986328 29.4158325195312 29.6229991912842 29.6126670837402 29.5391674041748 29.5693340301514
26.9418334960938 26.9856662750244 27.132999420166 27.1493339538574 27.0128326416016 27.1391677856445 27.3514995574951 27.4356670379639 27.4184989929199 27.3159999847412 27.2686672210693 27.4283332824707 27.5321674346924 27.7026672363281 27.8621673583984 27.6711673736572 27.8239994049072 27.8934993743896 27.9435005187988 28.1178321838379 28.2841663360596 28.3883323669434 28.3055000305176 28.3740005493164 28.5865001678467 28.71533203125 28.6259994506836 28.5830001831055 28.6151657104492 28.8144989013672 29.041332244873 29.1300010681152 29.1096668243408 29.1253337860107 29.1433334350586 29.2888336181641 29.3521671295166 29.3860015869141 29.4090003967285 29.4268341064453 29.4253330230713 29.3784999847412 29.3646659851074 28.9698333740234 29.255500793457 29.5869998931885 29.5949993133545 29.5440006256104 29.5740013122559
26.9235000610352 26.7906665802002 26.9558334350586 26.9941673278809 26.9538345336914 26.9391670227051 27.0749988555908 27.1798343658447 27.3064994812012 27.2728328704834 27.1875 27.1666660308838 27.3263320922852 27.603666305542 27.6778335571289 27.5869998931885 27.5836658477783 27.5573329925537 27.7483329772949 27.9743328094482 28.1215000152588 28.2709999084473 28.2075004577637 28.1666679382324 28.3924999237061 28.5661659240723 28.5276660919189 28.3956661224365 28.5944995880127 28.8240013122559 28.9741668701172 29.0183334350586 29.0311660766602 29.0471649169922 29.1894989013672 29.244499206543 29.2648334503174 29.306999206543 29.3761672973633 29.4324989318848 29.4278335571289 29.3926658630371 29.3470001220703 28.9703330993652 29.2094993591309 29.5470008850098 29.5738334655762 29.5416679382324 29.5798320770264
26.8851661682129 26.6860008239746 26.7134990692139 26.8974990844727 26.9051666259766 26.7264995574951 26.7956657409668 26.9479999542236 27.0983333587646 27.1290016174316 27.0381660461426 27.1156673431396 27.1838340759277 27.3696670532227 27.4291667938232 27.4323329925537 27.3553333282471 27.3439998626709 27.4874992370605 27.8448333740234 27.9406661987305 27.8889999389648 27.9949989318848 28.0050010681152 28.21533203125 28.3783340454102 28.4288330078125 28.3221664428711 28.5166664123535 28.6753330230713 28.8408336639404 28.8810005187988 28.882999420166 28.9428329467773 29.076000213623 29.0853328704834 29.1776657104492 29.2915000915527 29.3726673126221 29.3365001678467 29.3848342895508 29.3719997406006 29.2406673431396 28.8745002746582 29.2641658782959 29.5496673583984 29.5900001525879 29.566333770752 29.5638332366943
26.7443332672119 26.625 26.5193328857422 26.7690010070801 26.8073348999023 26.6446666717529 26.6571655273438 26.7423324584961 26.9204998016357 27.0146675109863 26.8166656494141 26.8839988708496 26.9659996032715 27.1108341217041 27.1201667785645 27.1070003509521 27.0976676940918 27.1778335571289 27.3673324584961 27.5266666412354 27.6958332061768 27.6678333282471 27.7263336181641 27.8274993896484 27.9756660461426 28.1398334503174 28.1963329315186 28.2063331604004 28.3486671447754 28.5163326263428 28.7821655273438 28.8196659088135 28.8349990844727 28.8369998931885 28.912166595459 29.0319995880127 29.1156673431396 29.2163333892822 29.2980003356934 29.3691673278809 29.4006671905518 29.3864994049072 29.3068332672119 28.9278335571289 29.3544998168945 29.5848350524902 29.5855007171631 29.5668334960938 29.5249996185303
26.529167175293 26.4143333435059 26.3489990234375 26.5296669006348 26.5796661376953 26.5246658325195 26.4101676940918 26.5550003051758 26.8026657104492 26.8526668548584 26.6860008239746 26.6433334350586 26.7294998168945 26.8775005340576 26.9131660461426 26.8401660919189 26.8723335266113 27.0100002288818 27.2046661376953 27.4061660766602 27.3850002288818 27.3836669921875 27.5170001983643 27.6620006561279 27.8876667022705 28.0144996643066 28.0421657562256 28.0048332214355 28.1108341217041 28.3738327026367 28.5728340148926 28.66233253479 28.7030010223389 28.7111663818359 28.8605003356934 28.9638328552246 29.0769996643066 29.1981658935547 29.2043342590332 29.3439998626709 29.4576663970947 29.3848342895508 29.3665008544922 29.0944995880127 29.4103336334229 29.6253337860107 29.6456680297852 29.5986671447754 29.4780006408691
26.3941669464111 26.1886672973633 26.2806663513184 26.3446674346924 26.3781661987305 26.3223342895508 26.275333404541 26.4863338470459 26.6526660919189 26.7273330688477 26.6908340454102 26.5154991149902 26.4758338928223 26.6471672058105 26.7789993286133 26.6824989318848 26.6986675262451 26.7980003356934 27.0646667480469 27.2376670837402 27.2451667785645 27.203498840332 27.265832901001 27.509334564209 27.6964988708496 27.7679996490479 27.7993335723877 27.8740005493164 27.9034996032715 28.1821670532227 28.3333339691162 28.449499130249 28.5826663970947 28.5761680603027 28.7415008544922 28.9063339233398 29.0828342437744 29.1065006256104 29.1646671295166 29.2859992980957 29.394832611084 29.3638343811035 29.3708343505859 29.2786674499512 29.4556674957275 29.6243324279785 29.6766662597656 29.6746673583984 29.5383338928223
26.4346656799316 26.3771667480469 26.382999420166 26.3803329467773 26.4446678161621 26.3898334503174 26.3343334197998 26.3471660614014 26.5443344116211 26.6216659545898 26.5856666564941 26.4853324890137 26.3421669006348 26.494499206543 26.6823329925537 26.627498626709 26.5563335418701 26.695499420166 26.9549999237061 27.0683345794678 26.9761657714844 26.9799995422363 26.9896659851074 27.2656669616699 27.5871658325195 27.658166885376 27.6346664428711 27.7375011444092 27.8176670074463 27.9678344726562 28.1453323364258 28.3386669158936 28.5121669769287 28.4516677856445 28.636999130249 28.8468322753906 29.0276660919189 29.117166519165 29.1883335113525 29.2374992370605 29.295166015625 29.2888336181641 29.2956657409668 29.283332824707 29.4876651763916 29.6518325805664 29.671501159668 29.6363334655762 29.6280002593994
26.3748340606689 26.382999420166 26.3866672515869 26.3693332672119 26.3699989318848 26.4281673431396 26.4558334350586 26.4406661987305 26.4260005950928 26.4409999847412 26.4609985351562 26.3928337097168 26.2548332214355 26.308666229248 26.4249992370605 26.4701652526855 26.3263320922852 26.5581665039062 26.6746673583984 26.8016662597656 26.9586658477783 26.8936653137207 26.8503341674805 27.0776672363281 27.3751659393311 27.3851661682129 27.4615001678467 27.7058334350586 27.7141666412354 27.8226661682129 28.0219993591309 28.2311668395996 28.4195003509521 28.4821662902832 28.5803337097168 28.8218326568604 29.0128326416016 29.0478324890137 29.1903343200684 29.2553329467773 29.3488330841064 29.4381675720215 29.234167098999 29.4276676177979 29.6059989929199 29.6641654968262 29.6634998321533 29.6613330841064 29.6549987792969
26.1931667327881 26.1276664733887 26.1241664886475 26.2238330841064 26.183666229248 26.2628326416016 26.2503337860107 26.3808326721191 26.3423347473145 26.220832824707 26.3336658477783 26.3640003204346 26.1848335266113 26.1176681518555 26.0953330993652 26.2436676025391 26.1978321075439 26.3264999389648 26.4748344421387 26.5053329467773 26.7040004730225 26.6716651916504 26.6549987792969 26.9400005340576 27.0844993591309 27.0650005340576 27.2916660308838 27.5726661682129 27.6143341064453 27.6086673736572 27.7143325805664 28.056999206543 28.2891674041748 28.4021663665771 28.4418334960938 28.6941661834717 28.9433345794678 29.0428333282471 29.2530002593994 29.3693332672119 29.4483337402344 29.4213333129883 29.2873344421387 29.5113334655762 29.5275001525879 29.5831661224365 29.6271667480469 29.6258335113525 29.6054992675781
