rasters/S.Sudan_SNDPPT_M_sl2_250m_ll.asc
NCOLS 142 
NROWS 105 
XLLCORNER 24.121555621 
YLLCORNER 3.490201537 
CELLSIZE 0.0830935196478873 
NODATA_value -9999 
[rows 69 to 91 of 105, columns 52 to 103 of 142]
51.2738430583507 50.0249496981895 50.8020120724367 49.3106639839042 50.4825955734412 56.4241448692158 50.4145875251522 51.8513078470807 53.302515090543 52.8097585513067 45.9154929577459 45.6745472837026 50.4732394366172 49.1727364185116 50.8935613682093 51.885714285714 53.66116700201 52.0417505030157 49.4250503018114 62.9805835010038 48.3380281690143 47.114285714286 43.9879275653923 47.9929577464785 42.6238430583515 50.6600603621732 53.5206237424498 45.9476861166998 46.6954728370214 47.5427565392324 49.1464788732371 51.1038229376259 55.5453722334019 52.074547283702 48.0590543259538 45 43.2339034205232 53.6743460764589 47.442857142857 38.114285714286 36.2069416498999 40.4820925553337 40.0654929577465 41.9330985915501 41.2795774647895 45.8005030181044 40.7084507042274 41.6782696177052 40.6390342052312 42.9490945674052 43.2565392354048 41.9097585513067
48.0898390342055 52.6807847082486 53.8878269617726 49.332595573441 52.3683098591546 52.4310865191145 47.5976861167004 50.1481891348096 47.8378269617712 47.1611670020224 48.3021126760568 49.2276659959766 52.8599597585568 51.0245472837008 54.563380281691 55.5137826961776 53.9396378269617 50.7360160965799 49.8366197183093 52.9356136820898 49.7037223340044 51.4667002012078 42.3960764587521 45.1213279678083 42.133400402417 48.412474849096 42.1528169014077 44.014889336019 43.0651911468818 46.2532193159004 44.1137826961767 57.1320925553331 56.636116700207 50.0745472837021 40.9076458752527 43.5182092555338 43.053923541248 50.4822937625765 44.474044265601 46.3586519114684 40.3565392354116 41.4624748490949 44.3118712273638 43.1451710261574 43.2755533199162 45.0712273641829 42.9955734406439 41.8128772635825 33.7910462776661 43.4501006036213 38.426659959759 37.0902414486934
55.2004024144868 53.1432595573437 45.6571428571428 49.5750503018102 50.4164989939633 48.9579476861175 52.7424547283721 48.0572434607656 49.0116700201203 50.0465794768657 49.2506036217298 50 50.2323943661955 52.5517102615691 49.3285714285714 48.1918511066377 45.0496981891374 50.6737424547268 50.1457746478873 49.3058350100616 49.4491951710263 45.3671026156943 47 48.3332997987929 46.7518108651926 42.4846076458753 46.4397384305843 46.0567404426528 46.1874245472833 49.7872233400388 48.9872233400416 49.8545271629795 42.3358148893351 43.2865191146882 48.8369215291759 45.4302816901405 45.471830985915 53.8079476861169 50.203319919515 45.3802816901407 43.1283702213282 38.2955734406418 41.7078470824949 44.9106639839032 45.2059356136817 43.3262575452735 43.9266599597578 43.4664989939612 46.4007042253522 45.5446680080461 42.3292756539235 43.7246478873247
52.7857142857146 46.4149899396384 55.2821931589556 48 45.3194164989931 50.0120724346072 46.7741448692143 48.5915492957763 46.932092555332 52.0115694165024 50.5130784708248 47.2047283702222 49 51.9054325955742 49.998490945674 45.3802816901428 45.7349094567428 46.3309859154946 46.904929577465 51.4763581488939 48.8832997987925 49.1675050301808 50 47.4270623742447 44.1202213279658 45.0181086519119 45.2711267605626 46.8174044265637 50 44.4195171026203 47.2067404426581 40.7530181086519 39.440643863177 45.2560362173054 40.9471830985914 43.0774647887341 37.8088531187101 47.1881287726377 52.7857142857146 49.7545271629774 45.9834004024145 46.5085513078449 44.0663983903417 48.8324949698189 48.1182092555326 44.7505030181011 45.1433601609659 50.136317907446 43.6046277665987 45.8626760563397 47.3782696177061 48.6705231388255
52.2521126760558 53.1528169014088 50.2873239436637 50.1753521126764 53 45.1169014084503 48.6352112676067 47.9161971830995 49.5704225352119 51.9570422535208 48.154225352113 48.5105633802825 48.8140845070436 50.8802816901404 48.1922535211267 49.7098591549268 47.3147887323906 46.1338028169013 50.8429577464787 49.3676056338005 47.8359154929582 44.6112676056332 48.8999999999998 48.9077464788734 50.6802816901384 50.6908450704223 49.9654929577465 49.3964788732366 47.2408450704207 42.0633802816907 44.1042253521117 42.2007042253532 47.3549295774589 44.7591549295783 43.2464788732406 45.3873239436625 54.466197183098 45.3338028169013 51.1725352112646 49.2866197183099 46.1845070422538 44.9704225352143 44.0478873239435 47.9260563380281 47.3732394366209 43.0718309859212 45.3612676056329 45.2598591549303 47.6767605633801 48.6556338028156 48.0950704225356 46.2838028169017
53.5737424547279 49 49.6734406438612 47.27152917505 49.987625754527 52.9297786720333 48.0142857142859 50.413983903419 47.0142857142859 48.5642857142829 47 52.3561368209275 49.7709255533216 46.8551307847076 51 46.9872233400401 48.0031187122736 44.335714285716 44.3484909456741 46.8809859154962 46.6810865191147 40.254929577465 47.0270623742458 49.9856136820924 50.1180080482918 46.0142857142859 48.6455734406449 48.5422535211244 50.4458752515102 44.3123742454749 42.189939637826 46.1973843058368 38.9788732394391 44.1909456740444 53 52.9897384305834 48.4869215291748 44.401207243461 59.3800804829035 49.7982897384306 47.6671026156933 45.9847082494968 47.2793762575451 47.2214285714287 49.9910462776659 44.50714285714 48.0085513078472 46.2988933601619 45.4743460764591 45.8759557344043 46.0142857142859 47.161971830988
52.6596579476857 52.4602615694168 51.5122736418487 45.5070422535223 54.1338028169007 51.7325955734408 50.9319919517108 50.3904426559387 55.680885311872 48.0733400402411 47.9450704225357 53.9601609657949 53.4416498993974 47.9603621730384 44.8784708249499 49.1056338028183 45.9275653923536 49.7115694164976 46.0266599597585 46.7830985915448 50.0860160965795 46.4085513078467 49.9864185110664 46.8652917505026 50.8714285714285 49.406639839034 49.4736418511056 44.4686116700219 44.3857142857145 51.3191146881251 48.208953722336 48.5997987927597 42.2517102615702 45.9947686116705 48.8714285714285 53.1747484909459 51.5281690140849 45.2335010060364 46.6952716297729 49.6197183098593 46.3246478873243 43.1195171026154 46.1672032193158 48.0670020120726 47.3732394366209 50.0660965794765 46.9483903420524 43.8027162977858 49.2842052313881 46.9447686116691 46.1285714285715 49.4813883299764
53.1279678068405 53.0563380281699 51 55.5705231388335 51.0765593561376 46.2325955734409 53.7545271629779 53.2428571428571 47.7877263581499 49.3275653923515 51.58199195171 50.3450704225358 48.778068410466 49.7314889336007 47.751810865191 50.6771629778662 50.0530181086514 46.9929577464837 47.0273641851107 50.1077464788736 48.0803822937625 45.0284708249495 46.057243460765 50.003420523139 50.7571428571429 48.6512072434608 48 50.5627766599563 46.9976861167019 51.0740442655958 46.154627766599 47.2899396378273 45.0371227364142 41.7285714285712 42.8589537223356 48.2719315895377 47.7847082494976 55.0306841046283 49.5320925553265 42.9538229376258 44.9811871227364 42.0704225352145 47.4138832997987 50.4788732394356 45.4527162977875 49.2430583501035 47 48.3212273641853 46.9522132796781 48.0633802816912 48.5262575452711 49.634507042252
51.6448692152911 50.5095573440639 49.8189134808882 52.8641851106651 51.6247484909443 49.9924547283705 54.124245472836 53.7142857142856 53.9914486921526 51.203722334003 45.7142857142857 48.4089537223342 46 48.7484909456741 46.7188128772637 52.846579476864 47.3586519114657 47.5412474849138 49.3571428571428 47.8868209255577 50 47.4959758551309 48.6126760563381 49.9974849094566 48.5860160965772 46.4934607645875 42.2218309859147 50.6971830985886 46.8410462776704 49.7560362173046 47.189637826961 47.29828973843 47.3143863179042 49.3370221327978 42.8158953722351 45 46.0362173038235 49.6222334004033 46.891851106641 40.2248490945674 48.0276659959759 48.3571428571428 41.6956740442656 44.6901408450693 47.2399396378277 48.1267605633835 49.9834004024161 50.7112676056329 49.2439637826962 49 48.0316901408433 48
49.5876257545284 52.5020120724336 48.6978873239444 48.9127766599594 55.9369215291753 55.5696177062355 56 50.9375251509051 51.4895372233403 52.5949698189104 47.7580482897389 49.2001006036214 49.5942655935609 50.5285714285709 50.5285714285709 49.8445674044244 50 47.0311871227404 48.3218309859158 44.4714285714291 47 45.9542253521115 45.5272635814893 46.9324949698196 48.8864185110665 50.3047283702228 49.4714285714291 49.0845070422489 48.0989939637811 51.5778672032124 50.5793762575453 51.9032193158946 51.4738430583503 48.0195171026175 43.014084507042 49.9839034205235 46.5619718309848 53.3089537223335 48 53.1807847082503 45.5403420523122 43.9249496981931 48.5495975855135 47.4515090543255 47.2186116700202 47.7709255533183 49.3163983903422 46.9511066398367 44.3525150905428 48.5285714285709 48.5467806841009 46.6905432595589
54.5144869215292 50.3093561368213 50.7183098591595 50.9729376257537 51.4142857142854 51.9577464788747 52.5320925553327 52.4142857142854 53.8143863179071 53.5857142857146 53.3176056338031 48.0591549295777 47.5504024144858 47.0807847082496 50.7518108651917 53.9381287726349 47.4578470824963 49.4485915492955 50.2304828973842 48.2598591549307 50.4710261569415 46.5857142857146 47.3524144869214 47.592756539236 46.5857142857146 49.3180080482895 46.4042253521115 49.872032193161 52.9847082494957 46.0882293762612 47.4887323943693 52.1021126760562 46.4529175050254 48.2103621730376 53.6878269617713 52.640845070422 54.7248490945665 52.2421529175047 50.9940643863202 55.3802816901407 42.909255533199 43.6998993963838 47.3765593561372 45.4788732394356 43.5155935613663 49.687223340044 45.6365191146867 46.7112676056329 44.8968812877264 49.4251509054325 47.9795774647899 50.5091549295784
50.7063380281696 50.2605633802812 49.9105633802856 53.8274647887328 50.6063380281694 51.2852112676062 50.0549295774643 54.3612676056337 51.6830985915489 54.9014084507081 51.602112676055 56.1964788732393 54 52.4605633802808 53.0070422535215 48.9683098591545 47.7654929577458 48.4323943661978 47.3000000000001 50.3105633802828 50.1323943661971 49.1690140845072 55.3739436619717 46.6119718309866 46.6999999999999 49.0767605633801 50 51.4577464788756 51.7422535211261 47.395070422536 48.6126760563355 46.0091549295775 45.916901408449 44.4739436619714 50.6999999999999 53.1922535211266 56.4978873239445 52.984507042253 51.6971830985947 53.9098591549294 42.5140845070418 47.9894366197178 47.255633802817 48.7781690140846 46.1028169014064 51.3514084507039 46.2809859154922 46.7866197183101 48.7014084507047 48.4077464788752 50.6507042253548 47.5380281690119
46.093863179075 49.912374245473 54.4695171026148 54.6135814889342 53 49.8010060362179 51.1687122736419 52.0379275653922 52.4293762575452 51.788128772637 47.526559356137 53.2169014084511 52.9533199195186 52.6945674044263 53.6215291750503 50.4770623742466 45.4445674044241 47.3380281690109 54.0708249496983 49.4530181086506 50.2695171026157 48.6365191146884 52.7691146881293 52.3714285714283 47.1634808853113 51.1892354124749 48.7190140845079 48.6591549295787 48.2916498993959 46.1177062374252 47.9620724346078 47.6120724346095 48 49.5103621730366 47.3864185110672 43.0508048289761 54.1984909456739 55.8142857142859 56.8828973843088 51.8495975855132 43.0774647887326 47.9778672032183 50.5081488933604 52 46.3246478873232 47.3956740442679 46.5491951710256 41.397686116699 45.4724346076456 45.4112676056342 50.4024144869195 44.8443661971836
49.7831991951699 48.4904426559361 56.9285714285715 50 53.1956740442649 50.0211267605627 52.064889336016 51.2188128772627 53.9024144869218 51.8978873239436 51.0266599597584 50.4386317907448 52.2489939637809 50.9371227364186 53.0774647887326 49.1544265593572 59.7761569416574 50 49.4849094567406 51.7590543259618 50 53.2027162977866 54.2067404426556 53.9934607645872 50.4748490945637 48.8224346076457 48.0221327967808 50.0714285714285 49.0306841046278 49.3174044265554 50.0145875251508 51.9149899396371 48.8893360161012 49.6086519114698 44.8787726358135 47.9743460764588 47.8722334004016 52.0578470824941 57.3661971831044 51.3138832997993 52.9884305835007 45.0362173038212 46.7303822937628 45.1891348088538 44.0447686116699 41.9738430583553 51.1830985915511 46.9285714285716 48.601609657948 42.2605633802835 43.9215291750508 46.9285714285716
53.0178068410465 49.5686116700209 52 53.5146881287717 48.7605633802812 51.041951710262 53.9123742454736 53.7704225352118 51.2876257545273 52.5215291750473 50.5190140845071 52.9852112676055 51.9800804828973 50.0717303822937 50 51.7504024144837 50.2424547283687 53.071529175051 51.0190140845072 48.5563380281673 50.0570422535217 46.0763581488942 52.9954728370221 51.0003018108652 50.9571428571424 49.8104627766603 48.6697183098604 48.9840040241444 50 45.9843058350101 46.0769617706246 48.7740442655915 44.1053319919449 51.7433601609649 48.9571428571424 46.3640845070419 46.5686116700209 46.1261569416487 52.6802816901435 54.9734406438629 44.9637826961767 52.1179074446703 47.8092555331988 47.9571428571424 43.3572434607656 44.9571428571424 47.4787726358145 47.6503018108638 38.8314889336018 43.1240442655957 47.0386317907451 49.4789738430644
53.5726358148897 49.9733400402423 51.5401408450685 51.4779678068416 51.2932595573441 53 51.311468812876 54.5627766599609 56.2173038229379 54 47.0132796780685 47 53.1117706237406 50.3589537223346 47.6819919517101 50.7538229376246 49.3754527162959 52.8428571428572 50.3739436619718 48.8009054325936 46.6099597585511 48.8771629778672 50.0724346076457 53.6938631790749 56.6412474849087 55.0365191146881 47.4490945674053 48.6861167001996 48.2979879275633 48.5233400402372 45.5014084507028 47.1687122736433 48.5207243460774 54.2699195171022 50.4101609657951 49.7421529175052 42.8691146881283 44.4926559356134 50.1132796780727 46.7469818913483 47.132796780684 48.0296780684118 49.1246478873239 47 45.941348088531 42.8283702213251 46.8428571428572 43.5576458752522 41.2866197183098 45.0633802816912 43.3973843058303 48.161971830988
53.8726358148893 49.328470824949 52.1739436619714 51.548993963783 50.1013078470835 50.5159959758565 53.9751509054328 52 55.0408450704218 53.5461770623778 51.9770623742453 51.9063380281688 48.7916498993958 49.6738430583498 48.7234406438627 45.805533199196 50.1529175050313 50.0898390342057 51.3229376257547 50.151006036217 49.0302816901412 46.2775653923539 53.1087525150901 49.0108651911474 54.2714285714288 56.5832997987925 48.9615694164969 49.147183098591 49.196378269618 49.6784708249442 51 48.0915492957754 48.4206237424585 46.866197183099 46.1546277666013 46.3027162977861 50.0557344064393 58.4258551307843 48.4009054325959 41.4099597585514 46.7706237424546 55 47.4729376257544 43.8101609657945 46.0509054325924 48.7855130784682 45.3481891348086 42.2905432595553 46.8092555331985 46.288631790745 46.7687122736394 44.9259557344056
54 48.9782696177059 52.7229376257526 48.5701207243448 51.4288732394372 48 51.8276659959759 54.0466800804826 51.9465794768608 50.5514084507057 50.8434607645875 47.2119718309861 48.4715291750511 51.0735412474851 47.0108651911474 47.743360160971 47.8669014084484 48.8696177062386 50.4436619718309 48.7017102615693 48.2033199195169 45.2183098591548 47.1705231388326 50.0027162977868 52.6416498993965 53.47152917505 49.866901408451 49.1572434607667 47 53.278370221328 51.0239436619735 49.2133802816914 51.2318913480876 55.331790744466 50.4807847082503 47.9179074446681 51.3244466800806 49.4926559356129 53.7663983903443 47.7310865191143 42.8926559356134 43.956740442654 46.2387323943661 44.6462776659968 45.1439637826967 48.899798792754 45.2465794768605 47.6511066398367 56.1883299798789 43.9610663983897 47.9922535211272 47
53.2077464788734 56.028169014085 50.1795774647899 53.2535211267612 53.0669014084504 52.468309859156 51 53.1021126760559 52.5246478873233 50.5704225352086 49.2711267605635 46.1725352112679 53.6161971830978 47.9401408450702 49.5070422535215 50.1056338028184 49.6091549295765 50.5 53.2781690140845 53.3873239436653 48.1690140845071 49.8908450704226 49.5528169014083 49.0070422535214 51.6795774647919 50.1161971830986 54 49 46.1443661971846 48.3415492957736 51.2042253521118 49.1373239436632 50 47.5 50.3767605633797 47.320422535211 51.5 50.2077464788734 47 46 47.5 48.0528169014109 45.9260563380282 48.6302816901411 45.9401408450686 49.4859154929605 48.5 47.7887323943671 43.588028169014 41.6584507042281 51.5 46.419014084506
54.9645875251517 54.289839034205 51.6328973843047 53.6763581488933 55.2519114688134 53.5801810865204 52.6142857142859 51.2602615694168 55 49.7873239436555 52.7908450704225 48.116498993964 45.8793762575454 51.3857142857141 48.6072434607644 48.5901408450702 49.0498993963779 50.6690140845054 54.3304828973845 48.828873239436 49.7194164989938 50.6539235412472 50 48.0113682092561 49.6142857142859 52.8572434607645 52.5354124748494 51.7908450704235 47.6934607645892 49.9768611669951 51.2058350100622 52.7714285714283 50.5883299798824 51.7786720321928 46.0563380281693 52.1119718309868 53.557947686116 59.2552313883303 40.9012072434528 45.1466800804828 47.6463782696171 45.3992957746484 48.8521126760564 47.9404426559354 47.7127766599594 49.7995975855072 45.966297786722 43 42.579979879276 40.3857142857141 45.6030181086527 51.3191146881304
56.1440643863185 53.4001006036224 55.2616700201225 54.7954728370221 55.9025150905437 51.0365191146869 52.6121730382306 49.4991951710269 53.7151911468818 53.6870221327947 52.9770623742453 50.7742454728377 48.7676056338045 48.1951710261566 51.9891348088526 50.0769617706248 48 51.241146881289 51.1947686116702 51.1722334004043 49.6154929577473 50.4571428571433 51.7285714285716 50.7234406438631 50.2714285714284 50.8306841046277 52.1873239436612 49.9613682092576 52.8451710261573 43.9457746478895 48.9445674044268 50.1830985915509 48.9788732394391 49.4625754527149 48.933098591549 46.6506036217291 59.0723340040241 57.5741448692154 58.5990945674036 51.1901408450703 51.6511066398391 49.7190140845068 50.3115694164988 48.6094567404425 48.2719315895382 50.5966800804825 44.4686116700218 43.7896378269611 40.2567404426558 50.9366197183088 51.1934607645807 52.360663983899
52.1040241448691 47.2401408450698 48.0442655935605 54.3239436619708 54.75342052314 50.9821931589543 50.0143863179073 52.8278672032199 50.8428571428576 52.7275653923509 54.3851106639847 55.8120724346066 52.8428571428576 52.8428571428576 51.1571428571424 50.5966800804825 48.0039235412551 49.6158953722325 51.5310865191144 53.0697183098592 49.8428571428576 47.0686116700199 47.2278672032187 49.8298792756538 50.9625754527189 49.8793762575456 52.0542253521123 48.914788732395 49.3142857142848 51.6389336016098 49.1571428571424 50.9856136820925 52.8250503018134 50.1361167002009 47.3648893360167 47.5605633802815 57.9644869215301 58.1690140845063 53.7808853118709 52.429577464789 50.7775653923544 54.2220321931615 51.7321931589545 49.9872233400416 53.5303822937633 48.9955734406447 51.1661971831003 51.888229376258 42.740543259556 50.5788732394356 51.0015090543342 51
51.9498993963783 52.0226358148894 55.6754527163023 50.5604627766611 54.2080482897378 53.9586519114703 52.8616700201215 50.2724346076451 51.667404426559 50.9326961770625 49.0268611670021 49.2874245472842 -9999 -9999 -9999 47.9462776659947 45.2611670020102 46.3738430583517 47.8492957746478 53.9571428571428 52.6548289738432 49 50.8560362173041 49.0495975855134 48.8476861166983 52.7247484909456 49.6416498993974 51.9571428571428 49.588832997987 51.3890342052334 51.9571428571428 51.0837022132804 50.9580482897383 51.0057344064386 52.9142857142857 52.6837022132791 55.4828973843062 52.9393360160965 52.3028169014053 54.1982897384305 48.1598591549297 53 54 55.18601609658 51.9122736418476 53.0220321931588 53.1543259557363 52.0428571428572 46.0550301810864 50.2043259557365 45.0921529175023 44.7523138832977
