rasters/S.Sudan_SNDPPT_M_sl2_250m_ll.asc
NCOLS 142 
NROWS 105 
XLLCORNER 24.121555621 
YLLCORNER 3.490201537 
CELLSIZE 0.0830935196478873 
NODATA_value -9999 
[rows 23 to 45 of 105, columns 0 to 51 of 142]
-9999 -9999 -9999 -9999 -9999 -9999 -9999 -9999 -9999 -9999 -9999 57.2227364185092 58.0771629778685 54.5524144869172 46.5396378269612 48.2007042253516 51.6516096579436 49.9541247484902 47.2628772635818 47.6971830985913 43.871227364186 -9999 -9999 -9999 -9999 -9999 -9999 -9999 -9999 -9999 -9999 -9999 -9999 -9999 -9999 -9999 -9999 -9999 -9999 -9999 -9999 -9999 -9999 -9999 -9999 -9999 -9999 -9999 -9999 -9999 -9999 -9999
-9999 -9999 -9999 -9999 -9999 -9999 -9999 -9999 -9999 -9999 -9999 49.551408450702 52.6359154929587 53.3915492957756 52.6464788732399 49.0725352112663 49.4049295774682 50.9112676056347 50.4000000000007 48.9056338028172 52.0570422535211 47.0232394366197 -9999 -9999 -9999 -9999 -9999 -9999 -9999 -9999 -9999 -9999 -9999 -9999 -9999 -9999 -9999 -9999 -9999 -9999 -9999 -9999 -9999 -9999 -9999 -9999 -9999 -9999 -9999 -9999 -9999 -9999
-9999 -9999 -9999 -9999 -9999 -9999 -9999 -9999 -9999 -9999 -9999 50.6994969818893 53.859959758551 44.1801810865189 49.8285714285714 48.7535211267612 51.1487927565383 49.1468812877274 48.486720321932 52.8226358148891 46.921227364185 48.9546277665995 43.3232394366199 -9999 -9999 -9999 -9999 -9999 -9999 -9999 -9999 -9999 -9999 -9999 -9999 -9999 -9999 -9999 -9999 -9999 -9999 -9999 -9999 -9999 -9999 -9999 -9999 -9999 -9999 -9999 -9999 -9999
-9999 -9999 -9999 -9999 -9999 -9999 -9999 -9999 -9999 -9999 -9999 48.7952716297772 46.5145875251502 45.5385311871227 43.7961770623732 44 43.4304828973875 46.2791750503022 45.5285714285717 45.6971830985912 50.2812877263576 52.0044265593562 46 48.9218309859154 -9999 -9999 -9999 -9999 -9999 -9999 -9999 -9999 -9999 -9999 -9999 -9999 -9999 -9999 -9999 -9999 -9999 -9999 -9999 -9999 -9999 -9999 -9999 -9999 -9999 -9999 -9999 -9999
-9999 -9999 -9999 -9999 -9999 -9999 -9999 -9999 -9999 -9999 46.8375251509067 47.4386317907459 47.518611670022 42.3707243460754 44.4049295774639 43.8415492957749 41.6448692152907 43.2087525150907 46.2671026156947 49.9828973843068 52.1634808853128 42.6428571428578 48.0125754527162 49.4949698189141 49 -9999 -9999 -9999 -9999 -9999 -9999 -9999 -9999 -9999 -9999 -9999 -9999 -9999 -9999 -9999 -9999 -9999 -9999 -9999 -9999 -9999 -9999 -9999 -9999 -9999 -9999 -9999
-9999 -9999 -9999 -9999 -9999 -9999 -9999 -9999 -9999 41.2428571428573 46.7629778672028 44.784004024145 44.5365191146877 44.4805835010065 40.7323943661975 47.1267605633799 46.3591549295753 44.6288732394363 47.7571428571427 37.7749496981898 47.9373239436612 47.1173038229378 48.295171026157 49.5502012072432 48.8659959758552 50.5540241448689 -9999 -9999 -9999 -9999 -9999 -9999 -9999 -9999 -9999 -9999 -9999 -9999 -9999 -9999 -9999 -9999 -9999 -9999 -9999 -9999 -9999 -9999 -9999 -9999 -9999 -9999
-9999 -9999 -9999 -9999 -9999 -9999 -9999 -9999 41.0697183098593 47.0058350100597 51.9529175050301 47.1023138833003 47.9865191146866 45.1258551307853 43.8422535211252 46.0316901408451 45.3129778672011 40.3995975855131 47.9061368209265 46.6990945674029 47.0244466800806 43.8714285714281 46.2742454728378 48.2954728370227 47.8680080482901 44.0842052313898 49.6390342052317 -9999 -9999 -9999 -9999 -9999 -9999 -9999 -9999 -9999 -9999 -9999 -9999 -9999 -9999 -9999 -9999 -9999 -9999 -9999 -9999 -9999 -9999 -9999 -9999 -9999
-9999 -9999 -9999 -9999 -9999 -9999 -9999 -9999 48.529175050301 50.1449698189149 47.6876257545268 50.8016096579485 50.8169014084525 48 45.129979879275 44.9896378269595 46.6368209255554 47.5206237424551 49.5642857142851 43.0517102615681 46.974144869215 46.0285714285717 49.0642857142859 53.1457746478873 49 46.3732394366199 46.0142857142859 52.5900402414489 -9999 -9999 -9999 -9999 -9999 -9999 -9999 -9999 -9999 -9999 -9999 -9999 -9999 -9999 -9999 -9999 -9999 -9999 -9999 -9999 -9999 -9999 -9999 -9999
-9999 -9999 -9999 -9999 -9999 -9999 -9999 -9999 49.1063380281666 48.0838028169026 41.5345070422529 47.0591549295777 42.1739436619701 48.8830985915497 45.1809859154914 53.6781690140849 42.8126760563401 49.9035211267611 45 42.5119718309865 47.1901408450707 47.7676056338023 49.9647887323945 46.3859154929575 43.9126760563375 41.9176056338025 48.1000000000002 47.321126760563 56 -9999 -9999 -9999 -9999 -9999 -9999 43.3999999999991 45.2873239436609 44.3471830985919 45.2077464788742 48.2049295774652 41.2204225352137 48.4992957746474 46.228873239437 -9999 -9999 -9999 -9999 -9999 -9999 -9999 -9999 -9999
-9999 -9999 -9999 -9999 -9999 -9999 -9999 -9999 51.4416498993957 50.1106639839045 44.2837022132806 49.3410462776661 49.5005030181076 50.5714285714289 44.0518108651918 44.3314889336004 40.9104627766564 43.2263581488934 39.2811871227362 43.9496981891352 47.6363179074446 48.693158953723 46.0075452716298 47.2459758551306 48.7781690140844 51.0799798792756 44.4039235412474 46.170020120725 49.6800804828989 -9999 -9999 -9999 45.2545271629789 47.9411468812877 52.3873239436628 44.2142857142869 49.3350100603587 48.1710261569414 47.3239436619731 43.4557344064403 46.0497987927575 39.7469818913477 37.1524144869215 38.8470824949684 37.1675050301815 40.3088531187064 -9999 -9999 -9999 -9999 -9999 -9999
-9999 -9999 -9999 -9999 -9999 -9999 -9999 47.3285714285714 44.4010060362187 47.8588531187125 43.8653923541249 49.8184104627748 48.8846076458732 52.650301810866 41.9560362173041 43.755935613682 45.7743460764499 46.1542253521125 48.7440643863182 53.7451710261574 46.7848088531188 52.0520120724347 42.9598591549293 48 45.7640845070423 44.860160965795 45.1361167002019 52 47.9449698189139 48.4953722334009 46.4887323943674 52.6240442655931 45.3262575452715 49.2383299798792 45.1804828973853 43.8285714285717 51.6071428571437 53.1480885311869 51.2055331991959 48.6383299798789 49.1475855130813 43.5046277665991 43.9051307847084 41.1399396378265 35.6714285714286 31.7160965794788 -9999 -9999 -9999 -9999 -9999 -9999
-9999 -9999 -9999 -9999 -9999 -9999 -9999 50.9211267605636 47.5273641851097 50.2393360160961 49.7611670020112 52.7613682092544 54.6081488933594 53 51.3090543259567 45.1153923541256 47.6387323943717 48.319215291751 47.1840040241451 51.0510060362168 48.5354124748489 44.0343058350102 49.0352112676055 46.655432595574 48.0606639839038 49.7149899396373 50.1855130784698 46.8442655935614 55.0677062374237 42.553219315895 44.3761569416477 51.4428571428574 47.0902414486925 47.686619718309 44.9002012072441 43.2785714285727 53.7286720321926 56.8155935613683 52.6233400402423 51.7481891348089 48.9719315895367 45.1760563380277 45.8924547283699 46.0414486921535 36.7848088531185 41.533098591546 40.5869215291746 -9999 -9999 -9999 -9999 -9999
-9999 -9999 -9999 -9999 -9999 -9999 -9999 49.3450704225358 50.9006036217313 49.8230382293774 52.2402414486915 51.0914486921526 49.5976861166996 50.5758551307838 52.2345070422548 53 49.8409456740452 49.2403420523143 50.4399396378261 41.2197183098587 51.9074446680085 49.9720321931596 52.3170020120732 53 53 48.8106639839029 51.5016096579477 45.4239436619715 53.2887323943659 52.0980885311868 52.0280684104626 52.0767605633811 53.3526156941649 52.406539235413 51.0095573440625 56.2785714285744 50.6271629778667 55.153018108652 54.0902414486925 54.4092555331972 52.0633802816914 47.0411468812864 51.2277665995971 48.5571428571426 48.7848088531185 38.3732394366216 42.4428571428574 51.0336016096585 49.9013078470838 51.0711267605628 48.2393360160961 41.4774647887325
-9999 -9999 -9999 -9999 -9999 -9999 53 49.9196177062384 50.0212273641846 49.5384305835014 47.6338028169022 48.9886317907443 51.609959758552 50.6572434607651 49.8661971830993 51.2475855130786 53.4517102615686 54.708450704226 51.5206237424545 52.3686116700199 46.8500000000002 47.0642857142857 47.3285714285714 54.608551307847 52.9143863179074 55.0303822937626 52.3378269617704 53.5843058350102 49.8602615694172 48.3285714285714 59.928269617707 53.7045271629783 46.9444668008046 51.3065392354122 51.1860160965805 53.3357142857154 53.988329979882 54.7831991951705 53.1253521126753 53.0195171026159 56.6788732394369 55.0460764587522 51.5815895372227 53.401408450704 48.9718309859159 51.5738430583512 47.4751509054324 47.1478873239437 51.0231388329991 56.1148893360149 52.5321931589535 52.9742454728374
-9999 -9999 -9999 -9999 -9999 -9999 45.8118712273653 48.3898390342064 50.9974849094567 49.0910462776661 45.1358148893361 50.4009054325959 50.2862173038221 56 51.2907444668003 51.4220321931607 56.6408450704248 53.5603621730392 54.459255533199 49.6056338028175 47.4285714285711 48.7842052313879 47.7932595573442 50.2756539235416 52.4285714285711 55.3727364185107 49.046780684104 46.6866197183091 54.8636820925556 50.6851106639843 50.4341046277665 50.4954728370226 56.0870221327961 49.0794768611665 53.0900402414496 54.6428571428562 54.5256539235402 54 56.4547283702183 58.0281690140848 54.0497987927575 59.2188128772644 55.2323943661981 49.4134808853113 52.485915492958 51.6277665995944 44.1116700201207 48.4869215291754 56.5865191146892 54.6488933601615 52.461770623743 46.7012072434611
-9999 -9999 -9999 -9999 -9999 53.1880281690144 47.2556338028175 48.7204225352108 47.303521126761 49.8021126760548 51.9950704225353 51.8345070422547 53.1823943661965 50.9746478873248 51.5795774647888 46.0464788732385 53.971830985915 52.6753521126767 47.5323943661977 50.9697183098591 51.0809859154931 54.7225352112671 51 52.7669014084506 47.170422535211 55.7267605633803 48.0718309859161 55.0422535211267 46.0577464788733 49.6654929577473 51.8239436619722 45.1887323943674 47.3239436619731 53.6528169014081 45.8126760563376 46.500000000001 49.2000000000003 44.1887323943672 52.5408450704213 52.0457746478869 54.3140845070448 55.8281690140838 54.0711267605635 54.1401408450706 43.8654929577469 49.8014084507031 49.4950704225353 46.4514084507045 50.8612676056318 49.3415492957753 55 46.9176056338036
-9999 -9999 -9999 -9999 -9999 50.9071428571427 54.2433601609664 48.0396378269634 47.5410462776654 47.5541247484914 45.326659959759 51.0172032193161 47.0013078470825 49.0279678068413 48 53.0107645875253 55.3397384305811 53.95120724346 50.5013078470848 50.5340040241466 50.8329979879276 53.1835010060368 47.9719315895369 53.9878269617705 46.25 39.1465794768618 51.514084507042 50.8056338028164 51.6969818913483 54.178571428571 48.9393360160971 54.9928571428571 48.1836016096588 46.1735412474842 56.0142857142859 54.0214285714288 46.63249496982 45.5660965794775 51.1882293762584 47.0500000000006 44.9937625754521 50.3353118712264 57.3597585513081 47.9656941649896 51.9718309859159 46.6410462776643 48.5528169014089 49.5341046277664 48.8387323943608 46.1790744466806 48.2071428571433 49.0043259557345
-9999 -9999 -9999 -9999 47.8723340040237 49.113179074447 54.6689134808846 51.8315895372229 52.6119718309855 52.0181086519117 51.9936619718311 52.4088531187124 56.1285714285719 52.8373239436627 52.8834004024151 56.6249496981893 56.6408450704248 54.0679074446683 54.3620724346078 49.864688128773 56.5215291750508 51.0986921529178 48.0352112676055 49.2767605633802 52.5826961770627 55.2055331991947 54.924144869214 55.5985915492961 55.5654929577462 48.411167002013 50.726559356136 42.4490945674022 48.8014084507035 50.5897384305848 55.9321931589557 56.5642857142852 51.4261569416497 47.4433601609658 49.8922535211265 51.8221327967797 49.3060362173036 52.4812877263582 48.3682092555336 53.9124748490926 49.0870221327967 49.016096579481 48.3837022132801 47.7615694164987 51.8714285714281 55.0163983903418 59.7365191146876 57.2638832997989
-9999 -9999 50.2183098591547 48.0799798792754 46.7641851106642 47.1556338028167 50.4647887323953 49.9329979879288 48.8888329979877 45.570422535212 51.1658953722334 54.6899396378264 52.6185110663996 53.0531187122718 55.898692152918 55.1197183098589 51.3393360161037 54.6290744466802 54.343762575453 52.944265593562 56.9538229376257 54.2240442655936 51.7656941649898 49.135110663984 52.6231388329979 48.1522132796781 54.2430583501007 54.5050301810871 46.6303822937651 53.380985915493 48.2274647887326 51.0119718309861 43.2868209255536 47.7890342052321 56.2428571428573 53.1357142857134 54.752816901407 46.3095573440646 43.8096579476877 49.3668008048305 46.0153923541251 54.1332997987924 53.3402414486922 44.692152917505 51.2358148893363 54.0218309859134 50.0034205231385 59.3019114688131 58.6867203219282 58.3601609657951 60.4681086519111 54.1693158953723
-9999 46.2811871227374 52.2183098591548 49.2555331991963 48.3596579476856 52.1946680080472 48.6725352112675 53.0880281690124 51.4577464788739 46.9275653923542 47.6514084507046 56.2842052313881 55.0915492957738 51.9924547283705 50.8279678068417 49.595070422536 52.7162977867175 50.9637826961765 48.5155935613685 47.6428571428577 44.3802816901413 47.4069416498989 51.0704225352111 44.2328973843071 47.189637826961 51.0905432595571 53.6695171026155 49.0442655935617 50.8490945674044 50.0714285714268 53.9366197183104 55.7318913480875 51.8380281690134 57.098088531187 46.7746478873255 57.2857142857155 56.495472837021 56.2590543259552 53.6564386317894 47.2223340040246 49 48.9371227364188 47.1685110663994 53.2137826961768 50.1836016096576 54.6267605633785 57.3415492957767 57.5477867203225 53.402414486923 56.3571428571422 56.8908450704219 56.5890342052312
-9999 52.0226358148891 48.5410462776652 46.0571428571417 53.0534205231375 53.9367203219314 53.8332997987935 55.3076458752528 49.8425553319907 51.0047283702235 57.5155935613678 49.3005030181075 52.3938631790752 46.9540241448699 48.1892354124741 51.8481891348084 53.2264587525131 56.2489939637832 55.5845070422532 53.9343058350109 50.5719315895378 53.5533199195177 53.9813883299799 53 52.0880281690144 54.4508048289734 53.5008048289738 48.3163983903419 52.7383299798772 52.1764587525154 55.495070422535 58.4453722334007 47.2330985915488 56.1451710261569 57.1475855130798 53.5857142857109 60 56.2589537223345 58.9236418511063 51.4039235412455 51.2950704225281 50.730885311872 56 52.4826961770627 47.2717303822934 54.197283702214 56.8200201207253 62.9789738430573 56.4933601609636 56.4758551307852 59.8561368209244 51.194466800805
-9999 53.5318913480887 44.4142857142857 48 48.5886317907446 53.0906438631794 50.2677062374248 50.5957746478867 48.9070422535212 53.095472837021 47.9314889336013 46.7957746478882 49.7527162977874 52.0422535211253 54.4844064386323 54.2501006036206 54.5403420523178 54.528169014085 52.1431589537226 42.5198189134804 52.5992957746479 53.6498993963784 52.3996981891348 48.1203219315895 52.9800804828975 57.2596579476861 54.6988933601611 55.4142857142857 53.7790744466801 54.3065392354132 53.6457746478883 56.5483903420519 57.3056338028175 56.9635814889341 53.8949698189136 56.6714285714285 61 55.3005030181085 52.2800804828968 59.6962776659973 60.1532193158936 44 46.1668008048285 54.8337022132798 53.4259557344062 52.6907444667993 58.2616700201207 49.9658953722334 56.3524144869186 50.1260563380281 51 52.9281690140839
50.0338028169014 53.5316901408448 44.7654929577467 45.2373239436626 47.6126760563379 45 45.9978873239428 49.979577464789 51.3591549295763 47 47.5218309859155 51.0612676056335 53.2725352112676 52.3211267605623 58.5661971830996 53.2999999999997 49.5154929577446 52.528169014085 53.8309859154937 57 51.7570422535215 54.7232394366201 54.9542253521128 54.4887323943668 56.1387323943676 59.477464788732 56.5056338028168 55 57 49.0070422535238 54.9746478873241 54.100000000001 57.1781690140854 57.1098591549299 59.7000000000003 56.4500000000018 53.28732394366 57.7000000000003 51.1140845070397 61.6147887323938 60.7000000000003 58.3704225352109 58.704225352112 55.4605633802815 46.7683098591555 46.7492957746482 49.7746478873243 47.5999999999993 48.0471830985901 50.9619718309851 54.9429577464789 56.3028169014087
