rasters/S.Sudan_bio8.asc
NCOLS 142 
NROWS 105 
XLLCORNER 24.121555621 
YLLCORNER 3.490201537 
CELLSIZE 0.0830935196478873 
NODATA_value -3.4e+38 
[rows 44 to 65 of 105, columns 49 to 97 of 142]
26.4586658477783 26.4910011291504 26.5163326263428 26.568000793457 26.5548324584961 26.5475006103516 26.5531673431396 26.6035003662109 26.7065010070801 26.7585010528564 26.7378330230713 26.6446666717529 26.5825004577637 26.5146675109863 26.4703330993652 26.4489994049072 26.4020004272461 26.3716659545898 26.2956657409668 26.2755012512207 26.2211666107178 26.1800003051758 26.203498840332 26.1509990692139 26.1766662597656 26.0773334503174 26.158332824707 26.2928333282471 26.336498260498 26.3156661987305 26.3120002746582 26.2448329925537 26.2019996643066 26.2215003967285 26.0826663970947 26.1193332672119 26.1655006408691 26.3088340759277 26.2870006561279 26.2709999084473 26.269832611084 26.295166015625 26.2496662139893 26.3554992675781 26.3846664428711 26.3589992523193 26.2070007324219 26.1443328857422 26.291166305542
26.4540004730225 26.4761657714844 26.5533332824707 26.6086673736572 26.6315002441406 26.6604995727539 26.6616668701172 26.6868324279785 26.7896671295166 26.8516674041748 26.8700008392334 26.7868328094482 26.7049999237061 26.5813331604004 26.484167098999 26.5244998931885 26.4241676330566 26.3589992523193 26.3933334350586 26.3448333740234 26.3206672668457 26.2231674194336 26.2566661834717 26.2848339080811 26.2486667633057 26.0960006713867 26.0831661224365 26.2075004577637 26.2611656188965 26.3226661682129 26.3223342895508 26.2611675262451 26.2263336181641 26.1926670074463 26.1553344726562 26.1893329620361 26.2309989929199 26.3093338012695 26.2875003814697 26.1746673583984 26.2571678161621 26.2614994049072 26.2153339385986 26.2986660003662 26.4116668701172 26.3421669006348 26.2356662750244 26.1946678161621 26.3108329772949
26.4263343811035 26.3738327026367 26.5051670074463 26.5214996337891 26.5265007019043 26.6078338623047 26.6551666259766 26.7066669464111 26.7858333587646 26.8156661987305 26.8234996795654 26.6866664886475 26.6028327941895 26.5636672973633 26.5559997558594 26.5003337860107 26.4381675720215 26.3888339996338 26.4038333892822 26.3903331756592 26.3256664276123 26.4440002441406 26.4618339538574 26.5191669464111 26.4663333892822 26.0948333740234 26.1318340301514 26.3024997711182 26.271333694458 26.2936668395996 26.2873344421387 26.2864990234375 26.2338333129883 26.2403335571289 26.1833343505859 26.2081661224365 26.1943321228027 26.2414989471436 26.2691669464111 26.2823333740234 26.316499710083 26.2633323669434 26.2551670074463 26.3091659545898 26.2964992523193 26.2711658477783 26.2755012512207 26.2826671600342 26.3219985961914
26.425500869751 26.4513320922852 26.5318336486816 26.5396671295166 26.5725002288818 26.6013336181641 26.6319999694824 26.7068328857422 26.7161674499512 26.6300010681152 26.6456661224365 26.605167388916 26.5326671600342 26.4796676635742 26.530834197998 26.5416660308838 26.4811668395996 26.4536666870117 26.4321670532227 26.4456672668457 26.3659992218018 26.3293342590332 26.3368339538574 26.3699989318848 26.3566665649414 26.1006660461426 26.1928329467773 26.3540000915527 26.2600002288818 26.2280006408691 26.2514991760254 26.2483329772949 26.1510009765625 26.1578330993652 26.1534996032715 26.1509990692139 26.1568336486816 26.1168327331543 26.1753330230713 26.2988338470459 26.28733253479 26.2693328857422 26.2961654663086 26.3266658782959 26.3325004577637 26.3973331451416 26.4203338623047 26.3906669616699 26.3610000610352
26.3823337554932 26.4174995422363 26.5163326263428 26.47216796875 26.416332244873 26.433666229248 26.5131664276123 26.5936660766602 26.6539993286133 26.6254997253418 26.595666885376 26.5611667633057 26.5653343200684 26.5193328857422 26.4640007019043 26.4213333129883 26.4634990692139 26.4863338470459 26.5668334960938 26.4483337402344 26.445333480835 26.3426666259766 26.3426666259766 26.2714996337891 26.2224998474121 26.1386661529541 26.1571674346924 26.3349990844727 26.3279991149902 26.2068328857422 26.2441654205322 26.2428340911865 26.2193336486816 26.1416664123535 26.093334197998 26.09716796875 26.1388339996338 26.1306667327881 26.1660003662109 26.2906665802002 26.3128318786621 26.3091659545898 26.3098335266113 26.3255004882812 26.378833770752 26.4376659393311 26.4289989471436 26.3773326873779 26.3791656494141
26.378833770752 26.3598327636719 26.4111671447754 26.4356670379639 26.38450050354 26.4491653442383 26.4761657714844 26.4436664581299 26.5236663818359 26.5361671447754 26.5256671905518 26.558666229248 26.5755004882812 26.6041660308838 26.5206661224365 26.4328327178955 26.4034996032715 26.3983325958252 26.6093330383301 26.5249996185303 26.5675010681152 26.4516677856445 26.3810005187988 26.2609996795654 26.2196655273438 26.1531677246094 26.0423336029053 26.2028331756592 26.2836666107178 26.3023338317871 26.2104988098145 26.2296657562256 26.2151660919189 26.1698341369629 26.1273326873779 26.1083335876465 26.1650009155273 26.2098331451416 26.1791667938232 26.2081661224365 26.2449989318848 26.2630004882812 26.2425003051758 26.328498840332 26.4406661987305 26.4858341217041 26.4271659851074 26.2943325042725 26.2614994049072
26.2968330383301 26.1690006256104 26.2299995422363 26.3645000457764 26.367000579834 26.4321670532227 26.3793334960938 26.4023342132568 26.4449996948242 26.4166660308838 26.4673328399658 26.4988327026367 26.5421657562256 26.5584983825684 26.5741653442383 26.5288333892822 26.4646663665771 26.6826667785645 26.6108322143555 26.6475009918213 26.6018333435059 26.4898338317871 26.4244995117188 26.3626670837402 26.3013324737549 26.2396659851074 26.0555000305176 26.1113338470459 26.2918338775635 26.2321662902832 26.2075004577637 26.2886657714844 26.1808338165283 26.0988330841064 26.0990009307861 26.1268329620361 26.1593322753906 26.2506675720215 26.2110004425049 26.1758327484131 26.2473335266113 26.2406673431396 26.2810001373291 26.343334197998 26.4366664886475 26.4521656036377 26.3824996948242 26.2378330230713 26.2201671600342
26.0323333740234 26.0368328094482 26.1446666717529 26.3893337249756 26.4109992980957 26.433666229248 26.4151668548584 26.4375 26.3919982910156 26.365665435791 26.3776664733887 26.4318332672119 26.5693321228027 26.5911655426025 26.5410003662109 26.5481662750244 26.6961669921875 26.7173347473145 26.6669998168945 26.6889991760254 26.6298332214355 26.5501670837402 26.4710006713867 26.4325008392334 26.3546657562256 26.2880001068115 26.1763343811035 26.050666809082 26.2678337097168 26.1555004119873 26.2131671905518 26.2894992828369 26.2281665802002 26.1816673278809 26.1458339691162 26.1293334960938 26.1033325195312 26.1593341827393 26.1599998474121 26.1533336639404 26.2893333435059 26.3413333892822 26.3368339538574 26.3571662902832 26.4158325195312 26.2741661071777 26.2703323364258 26.2346668243408 26.1726665496826
25.9874992370605 25.9586658477783 26.1556663513184 26.428165435791 26.4535007476807 26.3945007324219 26.3675003051758 26.3505001068115 26.333833694458 26.3393325805664 26.3141670227051 26.4230003356934 26.5616664886475 26.5083332061768 26.496000289917 26.548999786377 26.6951675415039 26.7521667480469 26.6931667327881 26.6568336486816 26.6021671295166 26.6065006256104 26.4751663208008 26.3465003967285 26.3145008087158 26.3239994049072 26.33766746521 26.1666660308838 26.166166305542 26.1906661987305 26.2220001220703 26.2943325042725 26.2433338165283 26.1854991912842 26.066499710083 26.132999420166 26.0896663665771 26.1580009460449 26.1681671142578 26.1366672515869 26.2581672668457 26.3279991149902 26.3304996490479 26.3488330841064 26.3486671447754 26.2094993591309 26.2473335266113 26.1730003356934 26.121000289917
25.8859996795654 25.8703327178955 26.021333694458 26.2315006256104 26.3696670532227 26.3393325805664 26.3323345184326 26.3269996643066 26.3133335113525 26.2531661987305 26.2556667327881 26.4139995574951 26.5893325805664 26.5736675262451 26.693000793457 26.6571655273438 26.6595001220703 26.6725006103516 26.6338329315186 26.5926666259766 26.5530014038086 26.5948333740234 26.5061664581299 26.3823337554932 26.3325004577637 26.3330001831055 26.3718338012695 26.2476673126221 26.1094989776611 26.1921672821045 26.2563323974609 26.344165802002 26.2363338470459 26.2131671905518 26.2001667022705 26.1731662750244 26.0776672363281 26.1011657714844 26.1485004425049 26.2185001373291 26.2516670227051 26.246166229248 26.2591667175293 26.30299949646 26.2686653137207 26.1891670227051 26.2329998016357 26.1733322143555 26.1375007629395
25.7361660003662 25.8136672973633 25.9093322753906 26.0276660919189 26.1851673126221 26.2775001525879 26.320333480835 26.3056678771973 26.246166229248 26.1995010375977 26.2603340148926 26.5833339691162 26.7108345031738 26.679666519165 26.6585006713867 26.5904998779297 26.6711654663086 26.6440010070801 26.5575008392334 26.5543346405029 26.5056667327881 26.5288333892822 26.503833770752 26.4061660766602 26.4323329925537 26.3544998168945 26.316333770752 26.2258319854736 26.1321678161621 26.1754989624023 26.1725006103516 26.3414993286133 26.255500793457 26.2204990386963 26.2281665802002 26.2150001525879 26.0604991912842 26.058666229248 26.1178321838379 26.2878322601318 26.2443332672119 26.1303329467773 26.1511669158936 26.2611656188965 26.2891674041748 26.2678337097168 26.2711658477783 26.2049999237061 26.1316661834717
25.7355003356934 25.7941665649414 25.8811664581299 25.9394989013672 26.1048336029053 26.2954998016357 26.3665008544922 26.3148326873779 26.1631660461426 26.3213329315186 26.4028339385986 26.503999710083 26.5408325195312 26.5503330230713 26.6188335418701 26.6506671905518 26.5923347473145 26.6103343963623 26.6053333282471 26.5503330230713 26.5058326721191 26.4619998931885 26.5074996948242 26.4956665039062 26.46266746521 26.4393329620361 26.3886661529541 26.2436676025391 26.1643333435059 26.2513332366943 26.2521667480469 26.3770008087158 26.2626667022705 26.1736660003662 26.2171669006348 26.2448329925537 26.1805000305176 26.1633338928223 26.1228332519531 26.2469997406006 26.2478332519531 26.1631679534912 26.1140003204346 26.2576656341553 26.2479991912842 26.2878341674805 26.2999992370605 26.2401657104492 26.2111663818359
25.6790008544922 25.683500289917 25.7714996337891 25.8718338012695 26.0051670074463 26.1868324279785 26.3113327026367 26.4064998626709 26.2731666564941 26.1688327789307 26.2701663970947 26.396167755127 26.4545001983643 26.5214996337891 26.6173324584961 26.5745010375977 26.4998340606689 26.6511669158936 26.6698341369629 26.5656661987305 26.5520000457764 26.5310001373291 26.488000869751 26.5206680297852 26.5111656188965 26.5590000152588 26.5178337097168 26.4551658630371 26.2811660766602 26.2880001068115 26.3210010528564 26.304666519165 26.2414989471436 26.2119998931885 26.1901664733887 26.2123336791992 26.1826667785645 26.0935001373291 26.0671653747559 26.2268333435059 26.2681674957275 26.2478332519531 26.2233333587646 26.2608337402344 26.2763328552246 26.2884998321533 26.2736663818359 26.2245006561279 26.2329998016357
25.6713333129883 25.6276664733887 25.6811656951904 25.7931671142578 25.8430004119873 26.0583324432373 26.2744998931885 26.3303337097168 26.3479995727539 26.242000579834 26.2733325958252 26.3385009765625 26.4076652526855 26.4593334197998 26.5138339996338 26.4301662445068 26.4535007476807 26.6178340911865 26.6604995727539 26.5856666564941 26.5721664428711 26.5616664886475 26.5241661071777 26.5388336181641 26.5151672363281 26.5785007476807 26.6653327941895 26.5620002746582 26.2474994659424 26.2229995727539 26.3611660003662 26.3125 26.2081661224365 26.150333404541 26.1186676025391 26.1508331298828 26.1768341064453 26.1145000457764 26.0913333892822 26.2426662445068 26.2509994506836 26.304500579834 26.2746658325195 26.2754993438721 26.2898330688477 26.2961673736572 26.2395000457764 26.2210006713867 26.2391662597656
25.5358333587646 25.5543327331543 25.6133327484131 25.708833694458 25.8411674499512 25.9363346099854 26.0711669921875 26.228832244873 26.2028331756592 26.2173328399658 26.2626667022705 26.3815002441406 26.4223327636719 26.4244995117188 26.4360008239746 26.3865013122559 26.4799995422363 26.5928325653076 26.6103343963623 26.5736675262451 26.545166015625 26.5578327178955 26.5058345794678 26.5391674041748 26.5196666717529 26.5353336334229 26.6421661376953 26.6258335113525 26.3521671295166 26.1474990844727 26.2356662750244 26.3381671905518 26.232666015625 26.1219997406006 26.1443328857422 26.1744995117188 26.2163333892822 26.2056655883789 26.2561664581299 26.2776660919189 26.2668342590332 26.3235015869141 26.3041667938232 26.2259998321533 26.2373332977295 26.2390003204346 26.214334487915 26.1893329620361 26.1823329925537
25.4220008850098 25.3945007324219 25.5179996490479 25.7283325195312 25.7950000762939 25.8451671600342 25.9888343811035 25.8955001831055 25.9064998626709 26.0020008087158 26.0976657867432 26.3406677246094 26.4200000762939 26.4078330993652 26.4211673736572 26.4006671905518 26.4996662139893 26.6035003662109 26.6135005950928 26.5796680450439 26.5351676940918 26.5156669616699 26.4916667938232 26.5286674499512 26.517333984375 26.5143337249756 26.545166015625 26.6009998321533 26.435001373291 26.2916660308838 26.1725006103516 26.2666664123535 26.2701663970947 26.1674995422363 26.1545009613037 26.2111663818359 26.1946659088135 26.1614990234375 26.2889995574951 26.2996673583984 26.2626667022705 26.2908344268799 26.2761669158936 26.2228336334229 26.2290000915527 26.2408332824707 26.2253341674805 26.2061672210693 26.2188339233398
25.4433326721191 25.3523330688477 25.5771675109863 25.5511665344238 25.6684989929199 25.8526668548584 25.8366661071777 25.7876663208008 25.8511657714844 25.9076671600342 26.0246658325195 26.3264999389648 26.2943325042725 26.3048324584961 26.3079986572266 26.3008346557617 26.4316673278809 26.6048336029053 26.6370010375977 26.5643329620361 26.5228328704834 26.5963325500488 26.5745010375977 26.5168342590332 26.4755001068115 26.466667175293 26.3938331604004 26.4448337554932 26.4209995269775 26.3531665802002 26.2516670227051 26.1900005340576 26.3278331756592 26.1518325805664 26.1336669921875 26.2346668243408 26.212833404541 26.1853332519531 26.3146667480469 26.3336658477783 26.2821674346924 26.2778339385986 26.2603340148926 26.259334564209 26.218334197998 26.2338333129883 26.2270011901855 26.2098331451416 26.2496662139893
25.4514999389648 25.2985000610352 25.4263324737549 25.5058326721191 25.6391658782959 25.783332824707 25.6691665649414 25.7806663513184 25.8928337097168 25.9151668548584 26.066333770752 26.3460006713867 26.2934989929199 26.3039989471436 26.253833770752 26.2901668548584 26.4605007171631 26.6338329315186 26.6696662902832 26.5228328704834 26.4151668548584 26.5233345031738 26.5494995117188 26.5438346862793 26.4551658630371 26.372501373291 26.3721656799316 26.3753337860107 26.3773326873779 26.3916664123535 26.3531665802002 26.2333335876465 26.2294998168945 26.2830009460449 26.1611671447754 26.1736660003662 26.2385005950928 26.223165512085 26.3320007324219 26.3229999542236 26.3066673278809 26.2908344268799 26.2661666870117 26.2686672210693 26.2226676940918 26.2133331298828 26.2220001220703 26.2360000610352 26.2666664123535
25.3443336486816 25.3053340911865 25.4033336639404 25.5091667175293 25.6884994506836 25.6875 25.5906677246094 25.6490001678467 25.7560005187988 25.8798332214355 25.9798336029053 26.2721672058105 26.3390007019043 26.4078330993652 26.3961658477783 26.38450050354 26.5028324127197 26.6268329620361 26.7583332061768 26.6246662139893 26.4928321838379 26.4338340759277 26.4554996490479 26.53733253479 26.4608325958252 26.3593330383301 26.3591651916504 26.3794994354248 26.3279991149902 26.3439998626709 26.3651676177979 26.2443332672119 26.0748329162598 26.1679992675781 26.232666015625 26.109167098999 26.1844997406006 26.212833404541 26.2258338928223 26.2596664428711 26.3123340606689 26.2705001831055 26.2736663818359 26.246166229248 26.2186660766602 26.2051658630371 26.2531661987305 26.2171669006348 26.2278327941895
25.2411670684814 25.208833694458 25.3488330841064 25.5214996337891 25.6466655731201 25.6153335571289 25.5061664581299 25.50950050354 25.6591663360596 25.7781677246094 25.896333694458 26.1248321533203 26.2398338317871 26.3519992828369 26.4546661376953 26.5128326416016 26.5326652526855 26.6346664428711 26.7913341522217 26.719165802002 26.5278339385986 26.4193344116211 26.4603328704834 26.5259990692139 26.4743328094482 26.3773326873779 26.3959999084473 26.3498344421387 26.273832321167 26.3473339080811 26.3613338470459 26.3143329620361 26.1113338470459 26.0559997558594 26.0459995269775 26.0166664123535 26.1006660461426 26.1685009002686 26.2176666259766 26.2158336639404 26.298168182373 26.2611656188965 26.2736663818359 26.2518329620361 26.2493324279785 26.2399997711182 26.2568340301514 26.1763343811035 26.1744995117188
25.1101665496826 25.2633323669434 25.4289989471436 25.503833770752 25.5440006256104 25.4783325195312 25.5111675262451 25.3934993743896 25.5383338928223 25.7243328094482 25.8016662597656 26.0736656188965 26.1431655883789 26.199499130249 26.3001670837402 26.3875007629395 26.4815006256104 26.6928329467773 26.7451667785645 26.7636661529541 26.5563335418701 26.4723339080811 26.4860000610352 26.5226669311523 26.4845008850098 26.3276672363281 26.3143329620361 26.3121681213379 26.2998332977295 26.3171672821045 26.292667388916 26.2870006561279 26.2049999237061 26.1773338317871 26.0895004272461 26.0209999084473 26.0081672668457 26.0960006713867 26.1738338470459 26.1585006713867 26.2296657562256 26.2801666259766 26.2478332519531 26.2431659698486 26.2395000457764 26.2369995117188 26.236499786377 26.191499710083 26.1678333282471
25.1431674957275 25.2816677093506 25.4278335571289 25.529333114624 25.5051670074463 25.3588333129883 25.4998340606689 25.4306659698486 25.4423332214355 25.628833770752 25.7385005950928 25.9843330383301 25.9948329925537 26.0868339538574 26.1936664581299 26.2961673736572 26.4290008544922 26.5978336334229 26.7026672363281 26.655834197998 26.6188335418701 26.5155010223389 26.4876670837402 26.4965000152588 26.5131664276123 26.3423328399658 26.2843341827393 26.3866653442383 26.3161659240723 26.2253341674805 26.1866664886475 26.1081657409668 26.1790008544922 26.1941661834717 26.1921672821045 26.1163330078125 25.9886665344238 25.9726657867432 26.0973339080811 26.1434993743896 26.2005004882812 26.2118339538574 26.2023334503174 26.2135009765625 26.2006664276123 26.2046661376953 26.2398338317871 26.2385005950928 26.1730003356934
