rasters/S.Sudan_bio8.asc
NCOLS 142 
NROWS 105 
XLLCORNER 24.121555621 
YLLCORNER 3.490201537 
CELLSIZE 0.0830935196478873 
NODATA_value -3.4e+38 
[rows 22 to 43 of 105, columns 49 to 97 of 142]
-3.4e+38 -3.4e+38 -3.4e+38 -3.4e+38 -3.4e+38 -3.4e+38 -3.4e+38 -3.4e+38 -3.4e+38 -3.4e+38 -3.4e+38 -3.4e+38 -3.4e+38 -3.4e+38 -3.4e+38 -3.4e+38 -3.4e+38 -3.4e+38 -3.4e+38 -3.4e+38 -3.4e+38 -3.4e+38 -3.4e+38 -3.4e+38 -3.4e+38 -3.4e+38 -3.4e+38 -3.4e+38 -3.4e+38 -3.4e+38 -3.4e+38 -3.4e+38 -3.4e+38 -3.4e+38 -3.4e+38 -3.4e+38 -3.4e+38 -3.4e+38 -3.4e+38 -3.4e+38 -3.4e+38 -3.4e+38 -3.4e+38 -3.4e+38 26.6636657714844 26.6321659088135 26.5715007781982 26.6168327331543 26.6726665496826
-3.4e+38 -3.4e+38 -3.4e+38 -3.4e+38 -3.4e+38 -3.4e+38 -3.4e+38 -3.4e+38 -3.4e+38 -3.4e+38 -3.4e+38 -3.4e+38 -3.4e+38 -3.4e+38 -3.4e+38 -3.4e+38 -3.4e+38 -3.4e+38 -3.4e+38 -3.4e+38 -3.4e+38 -3.4e+38 -3.4e+38 -3.4e+38 -3.4e+38 -3.4e+38 -3.4e+38 -3.4e+38 -3.4e+38 -3.4e+38 -3.4e+38 -3.4e+38 -3.4e+38 -3.4e+38 -3.4e+38 -3.4e+38 -3.4e+38 -3.4e+38 -3.4e+38 -3.4e+38 -3.4e+38 -3.4e+38 -3.4e+38 26.5906677246094 26.6693344116211 26.7185001373291 26.6378326416016 26.5766677856445 26.6373329162598
-3.4e+38 -3.4e+38 -3.4e+38 -3.4e+38 -3.4e+38 -3.4e+38 -3.4e+38 -3.4e+38 -3.4e+38 -3.4e+38 -3.4e+38 -3.4e+38 -3.4e+38 -3.4e+38 -3.4e+38 -3.4e+38 -3.4e+38 -3.4e+38 -3.4e+38 -3.4e+38 -3.4e+38 26.3393325805664 26.3454990386963 -3.4e+38 -3.4e+38 -3.4e+38 -3.4e+38 -3.4e+38 -3.4e+38 -3.4e+38 -3.4e+38 -3.4e+38 -3.4e+38 -3.4e+38 -3.4e+38 -3.4e+38 -3.4e+38 -3.4e+38 -3.4e+38 -3.4e+38 -3.4e+38 -3.4e+38 26.4238338470459 26.5394992828369 26.6848335266113 26.6528339385986 26.5406665802002 26.515832901001 26.591833114624
-3.4e+38 -3.4e+38 -3.4e+38 -3.4e+38 -3.4e+38 -3.4e+38 -3.4e+38 -3.4e+38 -3.4e+38 -3.4e+38 -3.4e+38 -3.4e+38 -3.4e+38 -3.4e+38 -3.4e+38 -3.4e+38 -3.4e+38 -3.4e+38 -3.4e+38 26.5091667175293 26.4773330688477 26.378833770752 26.3488330841064 26.3851661682129 26.3891658782959 -3.4e+38 -3.4e+38 -3.4e+38 -3.4e+38 -3.4e+38 -3.4e+38 -3.4e+38 -3.4e+38 -3.4e+38 -3.4e+38 -3.4e+38 -3.4e+38 -3.4e+38 -3.4e+38 -3.4e+38 -3.4e+38 26.3566665649414 26.4308338165283 26.4791660308838 26.5214996337891 26.5369987487793 26.5051670074463 26.4953327178955 26.5368328094482
-3.4e+38 -3.4e+38 -3.4e+38 -3.4e+38 -3.4e+38 -3.4e+38 -3.4e+38 -3.4e+38 -3.4e+38 -3.4e+38 -3.4e+38 -3.4e+38 -3.4e+38 -3.4e+38 -3.4e+38 -3.4e+38 -3.4e+38 26.6146659851074 26.6044998168945 26.5781669616699 26.541166305542 26.5388336181641 26.5074996948242 26.5368328094482 26.3874988555908 26.3778324127197 -3.4e+38 -3.4e+38 -3.4e+38 -3.4e+38 -3.4e+38 -3.4e+38 -3.4e+38 -3.4e+38 -3.4e+38 -3.4e+38 -3.4e+38 -3.4e+38 -3.4e+38 -3.4e+38 26.3648338317871 26.4261665344238 26.4701652526855 26.4440002441406 26.3771667480469 26.4155006408691 26.4783325195312 26.5254993438721 26.5499992370605
-3.4e+38 -3.4e+38 -3.4e+38 -3.4e+38 -3.4e+38 -3.4e+38 -3.4e+38 -3.4e+38 -3.4e+38 -3.4e+38 -3.4e+38 -3.4e+38 -3.4e+38 -3.4e+38 -3.4e+38 -3.4e+38 -3.4e+38 26.6620006561279 26.6243324279785 26.61549949646 26.566499710083 26.583833694458 26.5676670074463 26.5860004425049 26.4594993591309 26.3178329467773 26.3048324584961 26.2994995117188 -3.4e+38 -3.4e+38 -3.4e+38 -3.4e+38 -3.4e+38 -3.4e+38 -3.4e+38 -3.4e+38 -3.4e+38 -3.4e+38 -3.4e+38 26.28733253479 26.4293327331543 26.4419994354248 26.4873332977295 26.5068340301514 26.404333114624 26.4029998779297 26.5410003662109 26.5803337097168 26.5305004119873
-3.4e+38 -3.4e+38 -3.4e+38 -3.4e+38 -3.4e+38 -3.4e+38 -3.4e+38 -3.4e+38 -3.4e+38 -3.4e+38 -3.4e+38 -3.4e+38 -3.4e+38 -3.4e+38 -3.4e+38 -3.4e+38 -3.4e+38 26.650333404541 26.6113338470459 26.621000289917 26.5803337097168 26.5671672821045 26.5844993591309 26.6061668395996 26.5678329467773 26.3978328704834 26.316333770752 26.3050003051758 26.2883319854736 -3.4e+38 -3.4e+38 -3.4e+38 -3.4e+38 -3.4e+38 -3.4e+38 -3.4e+38 -3.4e+38 -3.4e+38 26.1975002288818 26.2360000610352 26.367000579834 26.4314994812012 26.4238319396973 26.332332611084 26.3269996643066 26.3998336791992 26.5228328704834 26.5769996643066 26.6095008850098
-3.4e+38 -3.4e+38 -3.4e+38 -3.4e+38 -3.4e+38 -3.4e+38 -3.4e+38 -3.4e+38 -3.4e+38 -3.4e+38 -3.4e+38 -3.4e+38 -3.4e+38 -3.4e+38 -3.4e+38 -3.4e+38 26.6878337860107 26.611499786377 26.5796661376953 26.5553321838379 26.5539989471436 26.5669994354248 26.5796661376953 26.5965003967285 26.5691680908203 26.5123329162598 26.3621673583984 26.3448333740234 26.3330001831055 26.2733325958252 -3.4e+38 -3.4e+38 -3.4e+38 -3.4e+38 -3.4e+38 -3.4e+38 -3.4e+38 26.3290004730225 26.2468338012695 26.3148326873779 26.4338340759277 26.3680000305176 26.207332611084 26.2181663513184 26.3255004882812 26.4166660308838 26.4186668395996 26.4783325195312 26.5861663818359
-3.4e+38 -3.4e+38 -3.4e+38 -3.4e+38 -3.4e+38 -3.4e+38 -3.4e+38 -3.4e+38 -3.4e+38 -3.4e+38 -3.4e+38 -3.4e+38 -3.4e+38 26.4333343505859 26.4145011901855 26.4616661071777 26.5463333129883 26.5598335266113 26.5026664733887 26.5218334197998 26.5283336639404 26.5286655426025 26.5524997711182 26.6016674041748 26.5748329162598 26.5214996337891 26.3651657104492 26.3603324890137 26.367000579834 26.3315010070801 26.3041667938232 26.2695007324219 26.2601661682129 26.2796669006348 26.4058322906494 26.4435005187988 26.4085006713867 26.3791656494141 26.3333320617676 26.3290004730225 26.2856674194336 26.1653327941895 26.1119995117188 26.2024993896484 26.3139991760254 26.3306655883789 26.328332901001 26.4438323974609 26.6645011901855
-3.4e+38 -3.4e+38 -3.4e+38 -3.4e+38 -3.4e+38 -3.4e+38 -3.4e+38 -3.4e+38 -3.4e+38 -3.4e+38 -3.4e+38 26.4606666564941 26.441333770752 26.4213333129883 26.4153327941895 26.3883323669434 26.390832901001 26.3686676025391 26.3271675109863 26.3596668243408 26.4173336029053 26.4545001983643 26.5201663970947 26.5176658630371 26.5436668395996 26.5611667633057 26.5603332519531 26.4790000915527 26.388500213623 26.3571662902832 26.3344993591309 26.2851676940918 26.2838325500488 26.3299999237061 26.3444995880127 26.3248329162598 26.4021663665771 26.3108329772949 26.2523326873779 26.1421680450439 26.0625 26.0650005340576 26.103666305542 26.1855010986328 26.2794990539551 26.2859992980957 26.2993335723877 26.4678325653076 26.6228332519531
-3.4e+38 -3.4e+38 -3.4e+38 -3.4e+38 -3.4e+38 -3.4e+38 -3.4e+38 -3.4e+38 -3.4e+38 26.4855003356934 26.454833984375 26.4468326568604 26.4446659088135 26.4244995117188 26.3836669921875 26.3634986877441 26.3479995727539 26.2891654968262 26.2988338470459 26.3015003204346 26.2938346862793 26.3678321838379 26.4734992980957 26.478832244873 26.4783325195312 26.4305000305176 26.4328327178955 26.3946666717529 26.4008331298828 26.3753337860107 26.3174991607666 26.2961673736572 26.3026657104492 26.4108333587646 26.474666595459 26.49049949646 26.4541664123535 26.3266677856445 26.2196674346924 26.0741672515869 26.0526676177979 26.0820007324219 26.1591682434082 26.2008323669434 26.2463340759277 26.3365001678467 26.4578323364258 26.5120010375977 26.5786666870117
-3.4e+38 -3.4e+38 -3.4e+38 -3.4e+38 -3.4e+38 -3.4e+38 -3.4e+38 -3.4e+38 26.4586658477783 26.4896659851074 26.4519996643066 26.4513320922852 26.5165004730225 26.53733253479 26.4265003204346 26.3326663970947 26.3115005493164 26.3133335113525 26.3080005645752 26.2881679534912 26.3073348999023 26.3484992980957 26.3633327484131 26.2976665496826 26.3000011444092 26.2754993438721 26.253833770752 26.2291660308838 26.3474998474121 26.3675003051758 26.3013324737549 26.2898330688477 26.3439998626709 26.4055004119873 26.4235000610352 26.4033336639404 26.3776664733887 26.3525009155273 26.2611656188965 26.1053333282471 26.1100006103516 26.1046676635742 26.0590000152588 26.1440010070801 26.25 26.3489990234375 26.3678321838379 26.4103317260742 26.4629993438721
-3.4e+38 -3.4e+38 -3.4e+38 -3.4e+38 -3.4e+38 -3.4e+38 -3.4e+38 -3.4e+38 26.4928321838379 26.4416675567627 26.4406661987305 26.453332901001 26.5623321533203 26.6078338623047 26.5498332977295 26.4195003509521 26.3533344268799 26.3136672973633 26.2986660003662 26.310001373291 26.3061676025391 26.3515014648438 26.3891677856445 26.3666667938232 26.3581657409668 26.2636661529541 26.1901664733887 26.2985000610352 26.3233337402344 26.3533325195312 26.363166809082 26.2918319702148 26.3483333587646 26.3288326263428 26.3688335418701 26.3624992370605 26.3509998321533 26.2511672973633 26.2164993286133 26.1733341217041 26.1650009155273 26.1614990234375 26.0715007781982 26.1725006103516 26.2954998016357 26.3444995880127 26.2528324127197 26.300666809082 26.3806667327881
26.3500003814697 26.4195003509521 26.5279998779297 26.6025009155273 26.6338329315186 26.5733337402344 26.5461673736572 26.5154991149902 26.4996662139893 26.4566669464111 26.4728336334229 26.566333770752 26.6376667022705 26.6373329162598 26.546667098999 26.423999786377 26.3863334655762 26.4088325500488 26.3854999542236 26.3916664123535 26.3998336791992 26.4398326873779 26.4433326721191 26.3899993896484 26.3404998779297 26.2733325958252 26.2639999389648 26.3628330230713 26.3064994812012 26.2881660461426 26.332332611084 26.2755012512207 26.3169994354248 26.320333480835 26.2905006408691 26.2705001831055 26.2613334655762 26.1665000915527 26.1800003051758 26.1636657714844 26.1071662902832 26.1375007629395 26.2041664123535 26.1598339080811 26.1213340759277 26.195499420166 26.3373336791992 26.3924999237061 26.4876670837402
26.4716663360596 26.5265007019043 26.5944995880127 26.6105003356934 26.5960006713867 26.5694999694824 26.5284996032715 26.4661674499512 26.4424991607666 26.4818325042725 26.546667098999 26.6975002288818 26.6828327178955 26.58766746521 26.473165512085 26.378833770752 26.3759994506836 26.3481674194336 26.3623332977295 26.3754997253418 26.3933334350586 26.3541660308838 26.2600002288818 26.2513332366943 26.3020000457764 26.2749996185303 26.2415008544922 26.3419990539551 26.283166885376 26.2469997406006 26.2968330383301 26.3040008544922 26.2668342590332 26.2006664276123 26.1798324584961 26.1609992980957 26.1511669158936 26.1110000610352 26.1054992675781 26.1180000305176 26.0943336486816 26.0828323364258 26.1603336334229 26.0651664733887 26.0936660766602 26.1221656799316 26.1774997711182 26.3813323974609 26.4571666717529
26.5926666259766 26.6515007019043 26.7121658325195 26.6691665649414 26.5891666412354 26.5534992218018 26.4624996185303 26.4231662750244 26.4361667633057 26.5968322753906 26.6646671295166 26.7038326263428 26.6534996032715 26.6346664428711 26.5151672363281 26.4505004882812 26.4138336181641 26.4381675720215 26.3261680603027 26.2590007781982 26.2709999084473 26.2691669464111 26.2026672363281 26.3108329772949 26.3168334960938 26.228666305542 26.2164993286133 26.2350006103516 26.2639999389648 26.2700004577637 26.341833114624 26.3278331756592 26.2496662139893 26.1758327484131 26.1298332214355 26.1445007324219 26.1073341369629 26.0834999084473 26.0713329315186 26.0856666564941 26.0591659545898 26.0696678161621 26.0755004882812 26.0796661376953 26.1061668395996 26.1424999237061 26.1848335266113 26.3318328857422 26.4285011291504
26.617000579834 26.6879997253418 26.7193336486816 26.578332901001 26.4773330688477 26.4416656494141 26.4545001983643 26.4776668548584 26.5728340148926 26.6996669769287 26.63450050354 26.6640014648438 26.712833404541 26.6893329620361 26.5979995727539 26.5721664428711 26.5166664123535 26.4996662139893 26.3334999084473 26.1814994812012 26.1758327484131 26.2106666564941 26.2248344421387 26.3216667175293 26.2775001525879 26.1588325500488 26.210334777832 26.2681655883789 26.2655010223389 26.2216663360596 26.2291660308838 26.2766666412354 26.2038326263428 26.1831665039062 26.1338329315186 26.1108322143555 26.1081657409668 26.093334197998 26.0739994049072 26.058500289917 26.0834999084473 26.0818328857422 26.1599998474121 26.1440010070801 26.1394996643066 26.1700000762939 26.203332901001 26.234167098999 26.2283325195312
26.6136665344238 26.6268348693848 26.6268348693848 26.498498916626 26.4253330230713 26.4396667480469 26.4203338623047 26.4178333282471 26.5618324279785 26.5846672058105 26.5431671142578 26.5774993896484 26.6456661224365 26.6609992980957 26.5865001678467 26.5755004882812 26.5515003204346 26.4696674346924 26.3439998626709 26.1770000457764 26.1528339385986 26.2194995880127 26.2313327789307 26.2915000915527 26.2080001831055 26.2269992828369 26.2573337554932 26.296667098999 26.1984996795654 26.2770004272461 26.2521667480469 26.2563323974609 26.2250003814697 26.1126670837402 26.0931663513184 26.0895004272461 26.0844993591309 26.1129989624023 26.0795001983643 26.0629997253418 26.0836658477783 26.158332824707 26.3115005493164 26.1838340759277 26.1316680908203 26.170166015625 26.1598339080811 26.183500289917 26.203332901001
26.521333694458 26.4468326568604 26.4726676940918 26.4820003509521 26.4833335876465 26.4321670532227 26.406665802002 26.3806667327881 26.3546676635742 26.4561672210693 26.5523338317871 26.5594997406006 26.537166595459 26.4626655578613 26.4856662750244 26.5571670532227 26.5866661071777 26.454833984375 26.3318328857422 26.204833984375 26.1690006256104 26.2604999542236 26.3369998931885 26.2998332977295 26.158332824707 26.228666305542 26.2943344116211 26.2754993438721 26.2070007324219 26.2098331451416 26.2746658325195 26.2918338775635 26.2124996185303 26.1791667938232 26.1101665496826 26.0808334350586 26.0801658630371 26.0953330993652 26.193000793457 26.1911659240723 26.1266670227051 26.2649993896484 26.344165802002 26.1673336029053 26.1023330688477 26.1151657104492 26.1405010223389 26.1655006408691 26.2360000610352
26.3999996185303 26.3689994812012 26.4451675415039 26.4645004272461 26.47483253479 26.3940010070801 26.3478336334229 26.3223342895508 26.3566665649414 26.416166305542 26.5161666870117 26.5358333587646 26.4759998321533 26.486499786377 26.4759998321533 26.4621677398682 26.5168342590332 26.4179992675781 26.2784996032715 26.2303333282471 26.1938323974609 26.2318344116211 26.2803344726562 26.271167755127 26.140832901001 26.2456665039062 26.3048324584961 26.2550010681152 26.1998329162598 26.1656665802002 26.2396659851074 26.2415008544922 26.2070007324219 26.2099990844727 26.0723342895508 26.1083335876465 26.09983253479 26.1226673126221 26.2031669616699 26.2604999542236 26.1673336029053 26.2604999542236 26.2171669006348 26.1253337860107 26.0965003967285 26.1280002593994 26.1281661987305 26.1805000305176 26.2838325500488
26.4365005493164 26.429500579834 26.4368343353271 26.5048332214355 26.5349998474121 26.4421653747559 26.439998626709 26.4146671295166 26.423999786377 26.4834995269775 26.5171661376953 26.5408325195312 26.5231666564941 26.505500793457 26.4726657867432 26.4013328552246 26.367000579834 26.3636665344238 26.2754993438721 26.2293319702148 26.2053337097168 26.2003326416016 26.2816677093506 26.1969985961914 26.1515007019043 26.2423324584961 26.2981662750244 26.2255001068115 26.2756671905518 26.1748332977295 26.2333335876465 26.2530002593994 26.2210006713867 26.1404991149902 26.0555000305176 26.1121673583984 26.1068344116211 26.1294994354248 26.2409992218018 26.3568344116211 26.2154998779297 26.1468334197998 26.1735000610352 26.1496658325195 26.1259994506836 26.1728343963623 26.1935005187988 26.2600002288818 26.3334999084473
26.4039993286133 26.4365005493164 26.468334197998 26.5268325805664 26.5200004577637 26.4698333740234 26.5161666870117 26.5613327026367 26.5853328704834 26.5888328552246 26.5473327636719 26.5394992828369 26.5283336639404 26.5004997253418 26.4213333129883 26.3798332214355 26.3439998626709 26.3826675415039 26.324333190918 26.2304992675781 26.1690006256104 26.1978321075439 26.2093334197998 26.1636657714844 26.2078342437744 26.1124992370605 26.2986679077148 26.2671661376953 26.2813339233398 26.2471656799316 26.2604999542236 26.2093334197998 26.2224998474121 26.1443328857422 26.0839996337891 26.1086654663086 26.1096668243408 26.2361660003662 26.3268337249756 26.3571662902832 26.2741661071777 26.2741661071777 26.3388328552246 26.2781677246094 26.226167678833 26.275333404541 26.2390003204346 26.1926670074463 26.2943344116211
