rasters/S.Sudan_bio10.asc
NCOLS 142 
NROWS 105 
XLLCORNER 24.121555621 
YLLCORNER 3.490201537 
CELLSIZE 0.0830935196478873 
NODATA_value -3.4e+38 
[rows 44 to 65 of 105, columns 0 to 48 of 142]
-3.4e+38 26.5143337249756 26.5149993896484 26.7776660919189 26.8689994812012 26.9125003814697 27.0906658172607 27.2193336486816 27.3133335113525 27.441499710083 27.462833404541 27.6630001068115 27.7223320007324 27.7959995269775 27.892333984375 27.9435005187988 28.0688323974609 28.2544994354248 28.464334487915 28.7568340301514 28.7854995727539 28.7035007476807 28.7756671905518 28.9911670684814 28.9953327178955 28.986499786377 28.8903331756592 28.9500007629395 29.0713329315186 29.1223335266113 29.2889995574951 29.3754997253418 29.3301658630371 29.2813339233398 29.3886661529541 29.3315010070801 29.4101676940918 29.4998321533203 29.5403327941895 29.5839996337891 29.5978336334229 29.792667388916 29.8718338012695 29.946834564209 30.0393333435059 30.1038341522217 30.0616664886475 29.9995002746582 30.0113334655762
-3.4e+38 26.4388332366943 26.5983333587646 26.7534999847412 26.9931659698486 27.1350002288818 27.183500289917 27.234001159668 27.3276672363281 27.3470001220703 27.3811664581299 27.3911666870117 27.4371681213379 27.4291667938232 27.9246654510498 28.0984992980957 28.1748332977295 28.2478332519531 28.4798336029053 28.607666015625 28.4206657409668 28.478832244873 28.6293334960938 28.8889999389648 28.8258323669434 28.7588329315186 28.6844997406006 28.901834487915 28.9925003051758 29.0946674346924 29.1843338012695 29.1421661376953 29.1921653747559 29.1611671447754 29.324333190918 29.1863327026367 29.400333404541 29.4570007324219 29.453498840332 29.4411659240723 29.4776668548584 29.6963329315186 29.6746673583984 29.8803329467773 30.0436668395996 30.0804996490479 30.0381660461426 30.0126667022705 30.0454998016357
26.4231662750244 26.3715000152588 26.5011672973633 26.6849994659424 26.7881660461426 26.8816661834717 26.9265003204346 27.0353336334229 27.0653343200684 27.1441669464111 27.1056671142578 27.2928333282471 27.5471668243408 27.7371673583984 28.0691661834717 28.214334487915 28.2586669921875 28.2826671600342 28.2345008850098 28.1611671447754 28.0634994506836 28.1521663665771 28.4468326568604 28.6813335418701 28.7438335418701 28.5611667633057 28.7493324279785 28.9375 28.945499420166 28.9869995117188 29.0058326721191 28.8139991760254 28.9993324279785 29.0434989929199 29.2133331298828 29.1639995574951 29.2336673736572 29.3271656036377 29.373498916626 29.3583335876465 29.4606666564941 29.595666885376 29.5109996795654 29.683666229248 29.8281669616699 29.9368343353271 30.007833480835 30.0033340454102 30.0599994659424
-3.4e+38 26.2019996643066 26.3946666717529 26.4566669464111 26.3940010070801 26.4508323669434 26.4983329772949 26.6965007781982 26.7781677246094 26.9491672515869 26.9781665802002 27.2280006408691 27.5063323974609 27.6481666564941 27.9213333129883 28.0031661987305 28.0791664123535 28.1758346557617 28.0629997253418 27.8626670837402 27.7993335723877 27.9570007324219 28.3018321990967 28.4153327941895 28.4718322753906 28.5353336334229 28.7980003356934 28.9169998168945 28.9294986724854 28.9973335266113 28.9268341064453 28.7943344116211 28.7876663208008 28.8503322601318 29.030834197998 29.0141677856445 29.075834274292 29.1389999389648 29.320333480835 29.3945007324219 29.3575000762939 29.5120010375977 29.5069999694824 29.5543327331543 29.5655002593994 29.719165802002 29.9085006713867 29.9660015106201 30.0003337860107
-3.4e+38 -3.4e+38 -3.4e+38 -3.4e+38 -3.4e+38 -3.4e+38 -3.4e+38 26.3871669769287 26.5031661987305 26.6591682434082 26.8751659393311 27.011999130249 27.3409996032715 27.5236663818359 27.6365013122559 27.7825012207031 27.9591655731201 27.996166229248 27.9361667633057 27.7553329467773 27.7011661529541 27.7584991455078 27.9953346252441 28.2153339385986 28.2476673126221 28.4025001525879 28.6636657714844 28.8159999847412 28.894832611084 28.910665512085 28.8589992523193 28.7385005950928 28.7141666412354 28.8203315734863 28.8356666564941 28.9506683349609 29.1560001373291 29.1254997253418 29.1865005493164 29.3479995727539 29.3880004882812 29.5081672668457 29.4605007171631 29.4031658172607 29.5183334350586 29.6153335571289 29.8446674346924 29.9026660919189 29.9700012207031
-3.4e+38 -3.4e+38 -3.4e+38 -3.4e+38 -3.4e+38 -3.4e+38 -3.4e+38 -3.4e+38 -3.4e+38 -3.4e+38 26.675500869751 26.8993339538574 27.2294998168945 27.3751659393311 27.3696670532227 27.566333770752 27.7569999694824 27.6151676177979 27.5725002288818 27.5423336029053 27.5886669158936 27.8001670837402 27.9593334197998 28.0815010070801 28.0431671142578 28.325834274292 28.525333404541 28.7024993896484 28.7376670837402 28.5948333740234 28.6180000305176 28.5025005340576 28.5639991760254 28.6751670837402 28.6361675262451 28.8563327789307 29.0788345336914 29.246166229248 29.203332901001 29.3118324279785 29.4680004119873 29.4853343963623 29.412166595459 29.3698329925537 29.4963321685791 29.6241664886475 29.8241672515869 29.8558330535889 29.8728332519531
-3.4e+38 -3.4e+38 -3.4e+38 -3.4e+38 -3.4e+38 -3.4e+38 -3.4e+38 -3.4e+38 -3.4e+38 -3.4e+38 26.5713329315186 26.7794990539551 27.0391674041748 27.0518341064453 27.1168327331543 27.4355010986328 27.484001159668 27.4249992370605 27.4790000915527 27.4371662139893 27.4851665496826 27.7379989624023 27.8251667022705 27.9211654663086 27.9230003356934 28.2346668243408 28.439998626709 28.5701675415039 28.6961669921875 28.5266666412354 28.46266746521 28.4285011291504 28.4181671142578 28.4163341522217 28.5311660766602 28.693000793457 28.8745002746582 29.0486679077148 29.1998329162598 29.3138332366943 29.3073329925537 29.3821678161621 29.389835357666 29.3940010070801 29.4018325805664 29.4398326873779 29.6464996337891 29.764331817627 29.8426666259766
-3.4e+38 -3.4e+38 -3.4e+38 -3.4e+38 -3.4e+38 -3.4e+38 -3.4e+38 -3.4e+38 -3.4e+38 -3.4e+38 -3.4e+38 26.5789985656738 26.8280010223389 26.8518333435059 26.9481658935547 26.962833404541 27.0881671905518 27.117000579834 27.218334197998 27.3668327331543 27.5375003814697 27.6283340454102 27.7526664733887 27.7988338470459 27.908166885376 28.158166885376 28.2253341674805 28.5330009460449 28.7238330841064 28.469165802002 28.3303337097168 28.2480010986328 28.2625007629395 28.2098331451416 28.4473342895508 28.6338329315186 28.8066673278809 28.9783325195312 29.1359996795654 29.2666664123535 29.2334995269775 29.3629989624023 29.3910007476807 29.4150009155273 29.4418334960938 29.5276660919189 29.6149997711182 29.6431655883789 29.6886672973633
-3.4e+38 -3.4e+38 -3.4e+38 -3.4e+38 -3.4e+38 -3.4e+38 -3.4e+38 -3.4e+38 -3.4e+38 -3.4e+38 -3.4e+38 -3.4e+38 -3.4e+38 26.6441669464111 26.7061653137207 26.8328342437744 26.9925003051758 27.0883331298828 27.2199993133545 27.4238338470459 27.5976657867432 27.7178325653076 27.7146663665771 27.7319984436035 28.021333694458 28.1848335266113 28.2636661529541 28.4598331451416 28.5314998626709 28.3321666717529 28.2568340301514 28.1798343658447 28.0575008392334 28.1233329772949 28.2250003814697 28.5190010070801 28.7345008850098 28.9361667633057 29.0536651611328 29.156665802002 29.0881652832031 29.2398338317871 29.3111667633057 29.3759994506836 29.4718341827393 29.4704990386963 29.5756664276123 29.5843334197998 29.6006660461426
-3.4e+38 -3.4e+38 -3.4e+38 -3.4e+38 -3.4e+38 -3.4e+38 -3.4e+38 -3.4e+38 -3.4e+38 -3.4e+38 -3.4e+38 -3.4e+38 -3.4e+38 -3.4e+38 26.5674991607666 26.7621669769287 26.8955001831055 27.0418319702148 27.2049999237061 27.3535003662109 27.3873329162598 27.5363330841064 27.5281677246094 27.7154998779297 28.0104999542236 28.0650005340576 28.1231670379639 28.1324996948242 28.2936668395996 28.3331680297852 28.1956672668457 28.1118335723877 28.2154998779297 28.3120002746582 28.3174991607666 28.4794998168945 28.6926670074463 28.8876667022705 29.0193328857422 28.9793338775635 28.978666305542 29.0808334350586 29.1359996795654 29.287166595459 29.324333190918 29.3610000610352 29.6181678771973 29.6053333282471 29.4988327026367
-3.4e+38 -3.4e+38 -3.4e+38 -3.4e+38 -3.4e+38 -3.4e+38 -3.4e+38 -3.4e+38 -3.4e+38 -3.4e+38 -3.4e+38 -3.4e+38 -3.4e+38 -3.4e+38 26.3658332824707 26.5144996643066 26.695333480835 26.9260005950928 27.1928329467773 27.3348331451416 27.4601669311523 27.4370002746582 27.5248336791992 27.6805000305176 27.7794990539551 27.7469997406006 27.8716659545898 27.8875007629395 28.1121654510498 28.1803321838379 28.0866661071777 28.1324996948242 28.2188339233398 28.4553337097168 28.5480003356934 28.6193332672119 28.7706680297852 28.871000289917 28.8778343200684 28.8706665039062 28.9403343200684 29.0203342437744 29.107666015625 29.1536655426025 29.0443325042725 29.255500793457 29.6876659393311 29.71266746521 29.4769992828369
-3.4e+38 -3.4e+38 -3.4e+38 -3.4e+38 -3.4e+38 -3.4e+38 -3.4e+38 -3.4e+38 -3.4e+38 -3.4e+38 -3.4e+38 -3.4e+38 -3.4e+38 -3.4e+38 26.4029998779297 26.6823329925537 26.7788333892822 26.9829998016357 27.1941661834717 27.3059997558594 27.3946666717529 27.3661670684814 27.4839992523193 27.5856666564941 27.5126667022705 27.583667755127 27.72483253479 27.8328323364258 28.0535011291504 28.147834777832 28.1083335876465 28.2718315124512 28.4111671447754 28.4734992980957 28.6696662902832 28.767333984375 28.7508335113525 28.7643337249756 28.6898326873779 28.7923336029053 28.8719997406006 28.8561668395996 28.8838348388672 29.0376663208008 28.9403343200684 29.1464996337891 29.4330005645752 29.5436668395996 29.4651660919189
-339999999999999996123846586046231871488.000000000000000 -3.4e+38 -3.4e+38 -3.4e+38 -3.4e+38 -3.4e+38 -3.4e+38 -3.4e+38 -3.4e+38 -3.4e+38 -3.4e+38 -3.4e+38 -3.4e+38 26.3803329467773 26.5986671447754 26.8409996032715 26.8946666717529 26.9724998474121 27.0524997711182 27.2205009460449 27.4006671905518 27.4750003814697 27.5761661529541 27.5628337860107 27.4575004577637 27.513334274292 27.6679992675781 27.8568325042725 28.0441665649414 28.0859985351562 28.1124992370605 28.3015003204346 28.5353336334229 28.6418323516846 28.7346668243408 28.7608337402344 28.5931663513184 28.6048336029053 28.6639995574951 28.7276668548584 28.7718334197998 28.7140007019043 28.7786655426025 28.9306659698486 28.9981670379639 29.125 29.3166675567627 29.2513332366943 29.4015007019043
-3.4e+38 -3.4e+38 -3.4e+38 -3.4e+38 -3.4e+38 -3.4e+38 -3.4e+38 -3.4e+38 -3.4e+38 -3.4e+38 -3.4e+38 -3.4e+38 -3.4e+38 -3.4e+38 26.445333480835 26.5516662597656 26.7373332977295 26.7343330383301 26.8565006256104 27.1508331298828 27.2623329162598 27.4773330688477 27.5170001983643 27.511833190918 27.4318332672119 27.5498332977295 27.7205009460449 27.8896675109863 28.074333190918 28.0676670074463 28.0746669769287 28.2848339080811 28.4020004272461 28.5993328094482 28.6278324127197 28.529167175293 28.4401664733887 28.46266746521 28.6331672668457 28.7043342590332 28.7131671905518 28.7358322143555 28.792667388916 28.8836669921875 29.0433330535889 29.1176662445068 29.1199989318848 29.0935001373291 29.2728328704834
-3.4e+38 -3.4e+38 -3.4e+38 -3.4e+38 -3.4e+38 -3.4e+38 -3.4e+38 -3.4e+38 -3.4e+38 -3.4e+38 -3.4e+38 -3.4e+38 -3.4e+38 -3.4e+38 -3.4e+38 26.3143329620361 26.5170001983643 26.5723323822021 26.8141670227051 26.9531669616699 27.0071659088135 27.3646659851074 27.3745002746582 27.4361667633057 27.3976669311523 27.6293334960938 27.8403339385986 27.9330005645752 28.0243339538574 27.9688339233398 27.9936676025391 28.1551666259766 28.3051681518555 28.5283336639404 28.4441661834717 28.291332244873 28.3255004882812 28.3646659851074 28.474666595459 28.6595001220703 28.7693328857422 28.8199996948242 28.8559989929199 28.9609985351562 29.0398330688477 28.9855003356934 28.9020004272461 29.0446662902832 29.1228332519531
-3.4e+38 -3.4e+38 -3.4e+38 -3.4e+38 -3.4e+38 -3.4e+38 -3.4e+38 -3.4e+38 -3.4e+38 -3.4e+38 -3.4e+38 -3.4e+38 -3.4e+38 -3.4e+38 -3.4e+38 -3.4e+38 26.5019989013672 26.496000289917 26.7156658172607 26.5901679992676 26.8936672210693 27.191333770752 27.2379989624023 27.2686672210693 27.2098331451416 27.5818328857422 27.7761669158936 27.906665802002 27.9558334350586 27.9074993133545 27.9793338775635 28.2070007324219 28.3498344421387 28.4553337097168 28.3344993591309 28.303165435791 28.443000793457 28.4441661834717 28.5463333129883 28.6521663665771 28.7859992980957 28.8531665802002 28.8766670227051 28.8996658325195 28.9165000915527 28.8436660766602 28.8901672363281 28.9733333587646 29.0166664123535
-3.4e+38 -3.4e+38 -3.4e+38 -3.4e+38 -3.4e+38 -3.4e+38 -3.4e+38 -3.4e+38 -3.4e+38 -3.4e+38 -3.4e+38 -3.4e+38 -3.4e+38 -3.4e+38 -3.4e+38 -3.4e+38 -3.4e+38 -3.4e+38 26.6336669921875 26.3404998779297 26.6499996185303 26.8754997253418 27.0181674957275 27.0408325195312 27.0578327178955 27.5065002441406 27.6681671142578 27.8018341064453 27.8681678771973 27.892333984375 28.0574989318848 28.1751670837402 28.3096675872803 28.2708339691162 28.2281665802002 28.2308330535889 28.3726673126221 28.5469989776611 28.638500213623 28.704833984375 28.7016677856445 28.7290000915527 28.8396663665771 28.7433338165283 28.6946659088135 28.7081661224365 28.7996654510498 28.9379997253418 28.9340000152588
-3.4e+38 -3.4e+38 -3.4e+38 -3.4e+38 -3.4e+38 -3.4e+38 -3.4e+38 -3.4e+38 -3.4e+38 -3.4e+38 -3.4e+38 -3.4e+38 -3.4e+38 -3.4e+38 -3.4e+38 -3.4e+38 -3.4e+38 -3.4e+38 -3.4e+38 -3.4e+38 -3.4e+38 26.6176662445068 26.7929992675781 26.8759994506836 26.9231662750244 27.3015003204346 27.4646663665771 27.6931667327881 27.724666595459 27.894832611084 28.0653324127197 28.1966667175293 28.1275005340576 28.1096668243408 28.2363338470459 28.3651676177979 28.4401664733887 28.529333114624 28.5636672973633 28.7616672515869 28.7473335266113 28.7845001220703 28.7670001983643 28.6893329620361 28.5729999542236 28.5716667175293 28.6689987182617 28.9355010986328 28.8531665802002
-3.4e+38 -3.4e+38 -3.4e+38 -3.4e+38 -3.4e+38 -3.4e+38 -3.4e+38 -3.4e+38 -3.4e+38 -3.4e+38 -3.4e+38 -3.4e+38 -3.4e+38 -3.4e+38 -3.4e+38 -3.4e+38 -3.4e+38 -3.4e+38 -3.4e+38 -3.4e+38 -3.4e+38 -3.4e+38 26.5643329620361 26.6599998474121 27.1049995422363 27.2798347473145 27.4593334197998 27.5450000762939 27.6126670837402 27.8508338928223 28.0273323059082 28.0846672058105 28.0858345031738 28.22483253479 28.3395004272461 28.4425010681152 28.5301666259766 28.6013336181641 28.7001667022705 28.7866668701172 28.7469997406006 28.7193336486816 28.5873336791992 28.5288333892822 28.5503330230713 28.5948333740234 28.7296676635742 28.8546676635742 28.6763324737549
-3.4e+38 -3.4e+38 -3.4e+38 -3.4e+38 -3.4e+38 -3.4e+38 -3.4e+38 -3.4e+38 -3.4e+38 -3.4e+38 -3.4e+38 -3.4e+38 -3.4e+38 -3.4e+38 -3.4e+38 -3.4e+38 -3.4e+38 -3.4e+38 -3.4e+38 -3.4e+38 -3.4e+38 -3.4e+38 -3.4e+38 26.6925010681152 27.0766658782959 27.3831672668457 27.4496669769287 27.4758338928223 27.5566673278809 27.9061679840088 28.0354995727539 27.9908332824707 28.1098327636719 28.2746658325195 28.3666667938232 28.4324989318848 28.5694999694824 28.613166809082 28.6205005645752 28.6353340148926 28.6879997253418 28.6218338012695 28.5843334197998 28.4566669464111 28.5178337097168 28.5803337097168 28.7146663665771 28.7298336029053 28.5194988250732
-3.4e+38 -3.4e+38 -3.4e+38 -3.4e+38 -3.4e+38 -3.4e+38 -3.4e+38 -3.4e+38 -3.4e+38 -3.4e+38 -3.4e+38 -3.4e+38 -3.4e+38 -3.4e+38 -3.4e+38 -3.4e+38 -3.4e+38 -3.4e+38 -3.4e+38 -3.4e+38 -3.4e+38 -3.4e+38 -3.4e+38 -3.4e+38 26.8134994506836 27.181999206543 27.4091663360596 27.4055004119873 27.5249996185303 27.8453330993652 27.9409999847412 27.9263324737549 28.095666885376 28.1741676330566 28.2080001831055 28.3780002593994 28.4928340911865 28.5839996337891 28.5089988708496 28.4908332824707 28.6809997558594 28.5378341674805 28.5295009613037 28.4696674346924 28.4426670074463 28.5531673431396 28.683666229248 28.6286659240723 28.4561672210693
-3.4e+38 -3.4e+38 -3.4e+38 -3.4e+38 -3.4e+38 -3.4e+38 -3.4e+38 -3.4e+38 -3.4e+38 -3.4e+38 -3.4e+38 -3.4e+38 -3.4e+38 -3.4e+38 -3.4e+38 -3.4e+38 -3.4e+38 -3.4e+38 -3.4e+38 -3.4e+38 -3.4e+38 -3.4e+38 -3.4e+38 -3.4e+38 -3.4e+38 26.9270000457764 27.1938323974609 27.3400001525879 27.55299949646 27.7773342132568 27.83766746521 27.9885005950928 28.1800003051758 28.1669998168945 28.2291660308838 28.3383331298828 28.5826683044434 28.5143337249756 28.4064998626709 28.5568332672119 28.6065006256104 28.5358333587646 28.4436683654785 28.4858341217041 28.5046672821045 28.5415000915527 28.6516666412354 28.683666229248 28.5444984436035
