rasters/S.Sudan_SNDPPT_M_sl2_250m_ll.asc
NCOLS 142 
NROWS 105 
XLLCORNER 24.121555621 
YLLCORNER 3.490201537 
CELLSIZE 0.0830935196478873 
NODATA_value -9999 
[rows 46 to 68 of 105, columns 0 to 51 of 142]
51.361267605634 47.6005030181086 46.1451710261566 43.7282696177069 48.9929577464785 49.141951710262 48.4743460764583 45.588329979879 47.3727364185118 45.5442655935619 49.57494969819 47.0185110663981 47 52.6113682092571 54.2946680080473 51.8600603621733 57.0667002012067 56.1984909456744 54.9519114688129 61.1916498993965 52.9602615694158 56.8738430583498 51.6447686116709 48.3610663983898 58.9735412474842 53.4896378269616 59.8142857142862 58.9003018108665 54.5732394366196 46.20875251509 58.6285714285724 55.9105633802806 52.3176056338029 54.3204225352104 51.1323943661966 56.6857142857133 58.6168008048291 56.6329979879277 59.3777665995978 62.2568410462781 55.6476861166975 60.2867203219311 58.5255533199204 46.1045271629783 58.5761569416499 59.8836016096586 49.7209255533187 58.2294768611683 56.0704225352145 60.8142857142862 62.6638832997997 61.0562374245472
-9999 -9999 46.4673038229381 48.7887323943667 47.9929577464786 50.9828973843058 47.7842052313879 46.7484909456733 47.9929577464799 46.429577464788 48.3656941649902 47 58.4391348088569 51.8405432595582 48.1146881287721 47.3893360160957 55.6725352112631 54.8913480885295 57.3023138833004 52.7188128772633 47.8340040241441 52.7847082494968 56.0689134808852 60 54.5553319919518 53.7912474849096 54.937122736419 56.4728370221324 54.145875251509 51.7062374245479 60.0080482897388 53.1428571428569 57.3953722334015 53.8571428571431 55.1589537223336 60.4642857142866 56.0276659959757 59.6735412474848 61.1096579476878 57.0880281690151 61.0759557344064 46.23490945674 58.619215291751 55.0573440643862 57.548792756539 60.7942655935621 54.1841046277665 51.8521126760564 60.1041247484923 62 60.2374245472844 61.7469818913477
-9999 -9999 -9999 -9999 -9999 -9999 -9999 -9999 47.5153923541239 47.4724346076456 48.0721327967814 48.9571428571424 48 53.0202213279671 49.0799798792765 53.5681086519111 51 57.0539235412483 55.2464788732405 51.6802816901404 54.8955734406445 58.9258551307846 60 50.6248490945666 59.925452716297 54.6427565392354 55 53.2383299798788 59.73601609658 53.1836016096576 56.0232394366188 61.9935613682091 55.0787726358157 52.4624748490942 56.8546277665975 59.0214285714288 56.0691146881295 61.0235412474852 55.8449698189129 58.9507042253516 62.962575452716 59.0353118712277 59.0914486921539 58.9227364185103 64.0428571428576 60.4429577464813 59.7617706237426 57.9314889336024 56.0091549295764 64.7709255533195 61.8180080482896 62.944164989939
-9999 -9999 -9999 -9999 -9999 -9999 -9999 -9999 -9999 49.6157947686118 52.7930583501016 48.9679074446683 49.154325955733 56.6111670020162 51.593963782698 53.2077464788729 48.842857142858 53.629376257546 53.6763581488925 50.649597585513 57.869617706237 58.0796780684095 56.0352112676056 53.4529175050293 57.3002012072429 58.3145875251513 58.276156941651 61.3783702213294 58.6892354124736 57.8792756539235 54 61.8506036217313 57.7063380281692 59.842857142858 59 54.5785714285703 57.5566398390336 57.8393360160957 62.2524144869244 62.7259557344058 52.7690140845102 58.9811871227362 62.4669014084496 61.2111670020094 61.590442655935 60.0419517102629 64.3626760563385 52.0392354124761 67.0811871227321 60.9756539235413 61.6558350100621 64.6352112676058
-9999 -9999 -9999 -9999 -9999 -9999 -9999 -9999 -9999 -9999 48 48.8512072434614 47.4401408450702 50.164587525151 55.26217303823 47.3694164989947 51.4356136820916 57 55.11277665996 56.5901408450702 56.5384305835006 56.8270623742455 59.5685110663988 59.8223340040236 59 52.2860160965793 52 56.891046277666 56.4034205231388 58.0806841046267 58 59.7778672032197 55.2799798792767 56.9313883299792 53.9388329979883 55.2714285714271 56.1158953722323 58.3524144869219 56.4485915492945 57.0492957746484 62.567404426556 61 62.5774647887317 63.7075452716301 65.3745472837019 63.7280684104615 64.549597585513 62.3493963782692 63.0352112676073 59.0984909456743 54.6297786720327 65
-9999 -9999 -9999 -9999 -9999 -9999 -9999 -9999 -9999 -9999 -9999 48.1818913480883 54.0966800804859 47.7973843058346 51.0821931589533 54.8664989939642 50.6328973843071 56.3857142857145 51.2254527162978 55.0425553319913 52.5025150905436 57.7891348088537 50.2572434607651 57.2957746478873 56.7147887323942 58.3857142857146 58.4859154929579 54.7511066398385 58.3857142857145 59.7903420523132 57.4146881287726 56.6030181086515 56.223742454728 61.2746478873242 53.7636820925555 57.078571428573 58.5163983903423 52.8984909456726 58.5772635814886 53.1792756539224 59.2140845070415 59.9320925553321 62.2743460764591 61.1254527162972 63.0763581488938 62.5532193158902 63.4542253521124 57.2049295774648 60.5790744466782 48.5782696177073 56.8152917505026 63.5803822937621
-9999 -9999 -9999 -9999 -9999 -9999 -9999 -9999 -9999 -9999 -9999 -9999 -9999 54.4788732394374 53.0669014084504 48.5 52.8204225352124 52 54.2077464788734 52.3485915492956 52.3802816901413 53.8063380281686 54.4647887323944 54.2218309859155 59.7605633802817 54.5598591549298 59.742957746479 59.4014084507039 58.2112676056341 60.6760563380277 56 58.9753521126758 60.5 56.7746478873242 58.8873239436628 59.2499999999987 63.387323943661 63.5 64 62.5246478873242 60.5633802816914 64.3239436619723 64.8556338028171 65.299295774648 54.514084507042 64.5598591549323 45.9366197183095 56 64.9647887323927 57.1161971830988 59.5 66.3485915492956
-9999 -9999 -9999 -9999 -9999 -9999 -9999 -9999 -9999 -9999 -9999 -9999 -9999 -9999 49.446881287726 51.1901408450699 49.5401408450726 49.5281690140849 51.4597585513067 54.5111670020115 56.1955734406435 55.5368209255533 55.2069416498997 54.9091549295774 51.742354124749 57.8567404426558 57.8997987927562 58.7354124748496 55.3709255533202 57.9663983903414 61 57.5840040241447 56.4523138832993 56.8290744466804 61.3873239436627 62.1142857142867 63.7746478873221 59.3857142857141 57.9423541247494 66.6030181086519 60.2290744466845 64 65.7256539235412 60.5512072434611 59.4159959758554 57.831086519118 54.2836016096576 58.328672032193 58.7724346076431 53.0774647887325 63.068309859155 59.890442655936
-9999 -9999 -9999 -9999 -9999 -9999 -9999 -9999 -9999 -9999 -9999 -9999 -9999 -9999 49.3596579476878 52.6866197183108 48.4766599597613 48.2004024144871 48.9541247484913 51.5836016096568 52.9703219315903 54.5910462776676 54.2970824949691 50.1857142857162 56.0108651911462 59 60.1318913480883 53 53.1511066398404 60.0576458752534 54.3004024144861 56.8368209255517 57.4334004024145 57.47152917505 59.7285714285721 59.8214285714308 54.4226358148857 57.0032193158962 59.249899396379 60.8861167002002 57.2080482897366 62.0955734406434 62.8069416498998 57.0532193158935 59.21448692153 57.8976861166955 55.1414486921526 58.6348088531182 58.0608651911497 60.0810865191136 61.1284708249505 60.5234406438639
-9999 -9999 -9999 -9999 -9999 -9999 -9999 -9999 -9999 -9999 -9999 -9999 -9999 52.0211267605626 49.535211267603 52.3358148893353 47.0442655935619 50.6857142857152 52.2849094567411 53.1571428571424 53.5750503018106 57.2489939637816 58.935110663984 54.9720321931582 52.5198189134806 50.47203219316 57.3331991951716 52.3383299798792 53.4912474849085 57.8428571428576 56.0099597585512 57.9014084507031 60.0048289738441 58.0708249496979 56.5190140845071 61.0785714285725 57.218008048289 57.6201207243463 60.7317907444667 61.9584507042248 65.1267605633827 60.749798792757 59.1791750503027 57.0320925553318 62.1001006036212 55.5681086519095 56.6514084507053 57.3142857142848 59.0593561368237 59.379577464788 59.8428571428576 58.3028169014087
-9999 -9999 -9999 -9999 -9999 -9999 -9999 -9999 -9999 -9999 -9999 -9999 -9999 46.0217303822945 44.9205231388336 50.9677062374245 47.218108651905 50.8829979879267 57.0250503018109 51.6432595573428 50.9387323943662 47.1944668008051 51.9662977867204 56.8584507042254 52.3239436619719 51.026861167002 55.5275653923544 55.3413480885309 54.9147887323934 53.0857142857143 54.9767605633808 55.0407444668008 55.7327967806829 58.0117706237425 60.1797786720308 60.0428571428588 58 58.2082494969821 59.5638832997969 53.0858148893365 58.9830985915506 61.6276659959766 62.392052313884 59.8369215291745 58.1567404426556 53.9622736418513 55.6673038229373 59.2957746478873 58.0810865191165 60.1482897384309 64.9571428571428 52.5328973843064
-9999 -9999 -9999 -9999 -9999 -9999 -9999 -9999 -9999 -9999 -9999 -9999 -9999 -9999 49.9280684104641 46.5291750503011 48.9341046277654 52.96629778672 53.4713279678053 49.7902414486928 55.2615694165 55.0055331991952 52.0352112676056 54.2696177062387 49.8158953722339 56.6981891348095 52.4773641851101 56.386820925553 48.8661971830975 57.2142857142879 55.8697183098589 56.8863179074435 58.8264587525143 54.3978873239452 58.9562374245469 62.8928571428561 58 58.0518108651917 59.9884305835008 56.0784708249506 62.0679074446694 59.0840040241457 64.1016096579488 58.2857142857172 53.6307847082512 61 64.0155935613684 56.9180080482889 59.9698189134795 54.0663983903421 58.3581488933587 57.5181086519076
-9999 -9999 -9999 -9999 -9999 -9999 -9999 -9999 -9999 -9999 -9999 -9999 -9999 -9999 -9999 54.1399396378273 48.9210261569392 54.5177062374248 47.6616700201205 55.7534205231387 49.716398390343 51.0938631790745 54.5712273641847 51.1686116700206 57.7878269617706 53.5103621730379 53.9947686116701 54.8522132796777 51.4453722333994 53 56.9085513078478 53.4703219315891 50.556841046277 54.3204225352117 59.3413480885312 60.9071428571429 59.2434607645867 57.8142857142854 58.3176056338036 60.0802816901417 61.8894366197195 58.768812877263 58.7606639839031 55.5240442655938 59.3956740442656 62.9306841046273 60.9735412474852 60.7213279678066 58.6220321931581 61.1713279678071 61.6947686116697 56.5860160965781
-9999 -9999 -9999 -9999 -9999 -9999 -9999 -9999 -9999 -9999 -9999 -9999 -9999 -9999 -9999 -9999 53.6105633802779 52.3302816901405 54.1154929577468 52.9971830985913 47.3999999999998 55.7464788732395 55 55.3999999999998 51.7387323943661 51.6000000000002 55.214084507042 56.5394366197184 54.4908450704219 57.8239436619723 55.8732394366207 52.0112676056325 50.4788732394352 57.2176056338028 60.2253521126745 59.6999999999999 58.2295774647865 57.6999999999999 58.048591549296 60.2852112676055 62.6366197183086 58.0528169014083 62.1908450704218 61.9408450704223 61.1654929577463 63.7387323943649 60.1176056338029 60.9450704225353 59.0211267605644 60.4232394366196 56.5056338028163 57.09647887324
-9999 -9999 -9999 -9999 -9999 -9999 -9999 -9999 -9999 -9999 -9999 -9999 -9999 -9999 -9999 -9999 -9999 -9999 54.8278672032193 51.2828973843058 51.5857142857146 55.9225352112674 53.0352112676055 54.2326961770629 52.7394366197182 51.3236418511066 55.0164989939636 53.4142857142854 55.7053319919518 54.5220321931575 55.8207243460779 53.9507042253515 53.7476861167011 55.5751509054325 58.0933601609651 56.5357142857151 57.0539235412488 57.8862173038229 58.2523138832989 61.5857142857146 57.5331991951703 57.7556338028166 55.5834004024141 58.7648893360162 56.9436619718318 62.7813883299787 59.3063380281688 57.4396378269616 60.5505030181073 58.3821931589534 60.8424547283701 60.4083501006036
-9999 -9999 -9999 -9999 -9999 -9999 -9999 -9999 -9999 -9999 -9999 -9999 -9999 -9999 -9999 -9999 -9999 -9999 -9999 -9999 54.4280684104629 52.1711267605642 52.907645875251 57.4714285714283 54.8200201207238 50.6480885311872 52.2278672032186 55.0342052313887 53.5285714285717 53.1861167002009 53.5384305835002 54.9660965794765 53.6049295774653 58 57.1825955734409 59.9428571428548 58.9365191146897 57.6165995975854 59.5285714285717 59.3988933601599 57.0870221327979 56.3061368209254 59.0895372233395 55.5285714285717 56.7854124748496 58.3526156941645 56.6822937625748 61.2260563380282 59.5989939637862 60 59.2797786720325 56.6314889336016
-9999 -9999 -9999 -9999 -9999 -9999 -9999 -9999 -9999 -9999 -9999 -9999 -9999 -9999 -9999 -9999 -9999 -9999 -9999 -9999 -9999 -9999 52 54.1056338028169 58.3536217303824 52.5362173038229 54.173541247485 50.9129778672035 54.0855130784703 52.3028169014086 54.0226358148891 55.0492957746484 53.1373239436611 56.5337022132798 57.7877263581479 57.9642857142868 57.387323943661 57 60.9401408450705 57.9461770623745 56.9773641851102 59.1725352112679 55.3541247484913 54.0442655935611 56.8163983903421 54.2665995975868 54.378772635815 60.9577464788732 58.6554325955741 53.4290744466802 61.669517102616 61.5518108651913
-9999 -9999 -9999 -9999 -9999 -9999 -9999 -9999 -9999 -9999 -9999 -9999 -9999 -9999 -9999 -9999 -9999 -9999 -9999 -9999 -9999 -9999 -9999 50.4138832997987 52.2605633802818 54.1919517102617 50.3610663983906 56.4532193158956 51.704325955734 52.8239436619722 51.0787726358143 56.0239436619721 53.9584507042262 53.7571428571429 50 49.5000000000004 52.144466800804 52.1412474849096 56.6738430583498 57.769114688129 54.2102615694158 55.5810865191152 56.929879275654 56.5467806841044 54.0281690140841 54.8589537223357 56.5421529175049 57.4668008048289 57.2076458752498 53.9413480885311 57.813279678069 56.4721327967809
-9999 -9999 -9999 -9999 -9999 -9999 -9999 -9999 -9999 -9999 -9999 -9999 -9999 -9999 -9999 -9999 -9999 -9999 -9999 -9999 -9999 -9999 -9999 -9999 52.482293762576 49.5941649899396 49.0660965794766 54.8714285714289 56 54.765492957747 54.6957746478883 51.761871227365 58.6968812877251 54.9067404426562 51.0180080482888 50.6285714285717 53.9321931589517 55.0353118712273 56.8588531187117 54.122233400402 55.1285714285711 56.3404426559348 51.8398390342052 54.8797786720315 58.4895372233402 54.5135814889328 59.0984909456745 58.6136820925556 57.1592555332003 55.1549295774651 55.91398390342 56.6464788732393
-9999 -9999 -9999 -9999 -9999 -9999 -9999 -9999 -9999 -9999 -9999 -9999 -9999 -9999 -9999 -9999 -9999 -9999 -9999 -9999 -9999 -9999 -9999 -9999 -9999 51.6320925553318 49.0073440643862 52.3984909456738 52.9571428571437 53.81217303823 54.8893360160972 52.9364185110661 52.3359154929588 54.4507042253516 51.3960764587531 55.47142857143 51.9912474849096 52.9299798792741 55.8260563380278 52.1957746478896 56.0294768611664 55.0075452716296 50.7601609657942 58.2029175050306 58.0073440643862 59.3679074446699 56.2816901408447 60.8663983903418 58.8882293762552 61.8950704225356 56.2017102615694 57.3270623742453
-9999 -9999 -9999 -9999 -9999 -9999 -9999 -9999 -9999 -9999 -9999 -9999 -9999 -9999 -9999 -9999 -9999 -9999 -9999 -9999 -9999 -9999 -9999 -9999 -9999 -9999 53.8999999999998 49.1373239436624 53.5535211267607 52.9352112676054 53.7922535211275 53.9457746478867 53.245774647888 53.174647887324 49.8514084507039 52.0500000000002 56.2485915492947 49.9436619718316 52.0457746478877 57 55.9492957746469 53.0176056338028 53.7197183098588 56.6760563380287 56.4373239436621 60.3985915492973 57.6915492957745 59.9478873239433 55.8683098591533 55.690845070422 54.4422535211273 56.3549295774642
-9999 -9999 -9999 -9999 -9999 -9999 -9999 -9999 -9999 -9999 -9999 -9999 -9999 -9999 -9999 -9999 -9999 -9999 -9999 -9999 -9999 -9999 -9999 -9999 -9999 -9999 -9999 54.3425553319921 52.0744466800801 54.2188128772637 51.5216297786723 51 50.0347082494971 52.0015090543261 52.6916498993977 49.8214285714297 56.7857142857142 52.6443661971834 51.6931589537219 52.47786720322 53.0905432595591 56.2947686116706 52.0905432595575 56.4114688128779 54.8103621730385 60.2132796780694 58.6332997987929 59.2987927565393 56.4285714285716 53 55.6121730382293 52.9763581488932
-9999 -9999 -9999 -9999 -9999 -9999 -9999 -9999 -9999 -9999 -9999 -9999 -9999 -9999 -9999 -9999 -9999 -9999 -9999 -9999 -9999 -9999 -9999 -9999 -9999 -9999 50.3262575452716 49.9994969818911 46.7662977867199 48.6110663983902 52.2860160965802 47 53.9444668008047 51.7253521126758 48.6714285714282 49.8357142857144 51.1513078470837 52.396780684104 52.6691146881286 53.5721327967792 46.7565392354137 57.6110663983902 58.5765593561364 56.1328973843064 57.8403420523136 54.2059356136817 51.8602615694162 53.6628772635827 54.3401408450714 56.0265593561368 51.6821931589534 55.4280684104634
