rasters/S.Sudan_bio8.asc
NCOLS 142 
NROWS 105 
XLLCORNER 24.121555621 
YLLCORNER 3.490201537 
CELLSIZE 0.0830935196478873 
NODATA_value -3.4e+38 
[rows 44 to 65 of 105, columns 0 to 48 of 142]
-3.4e+38 23.2729988098145 23.2288341522217 23.4261665344238 23.3894996643066 23.4211673736572 23.664665222168 23.7973327636719 23.7768325805664 23.9338340759277 23.9966659545898 24.1226673126221 24.0206661224365 23.9814987182617 24.0318336486816 24.1595001220703 24.2933330535889 24.4701671600342 24.6254997253418 24.8288326263428 24.9040012359619 24.818000793457 24.8926658630371 25.0678329467773 25.0240001678467 25.0030002593994 24.9029998779297 24.8853340148926 25.013500213623 25.1048336029053 25.2936668395996 25.4141654968262 25.3493328094482 25.281665802002 25.3861675262451 25.3438339233398 25.388500213623 25.4969997406006 25.5808334350586 25.5976676940918 25.5830001831055 25.8008327484131 25.9743328094482 26.0008335113525 25.9736671447754 25.9685001373291 26.1898326873779 26.2993335723877 26.3964996337891
-3.4e+38 23.2333335876465 23.3649997711182 23.4561672210693 23.5936660766602 23.7255001068115 23.8013324737549 23.8050003051758 23.871166229248 23.8969993591309 23.9356670379639 23.8571662902832 23.8344993591309 23.8003330230713 24.1685009002686 24.4021663665771 24.4461669921875 24.5566673278809 24.7553329467773 24.8193340301514 24.6399993896484 24.7096672058105 24.829833984375 25.0503330230713 24.954833984375 24.8133335113525 24.7573337554932 24.8981666564941 25.0256671905518 25.1761665344238 25.283166885376 25.1951675415039 25.2648334503174 25.2418327331543 25.3570003509521 25.2203330993652 25.4328327178955 25.521333694458 25.5454998016357 25.5084991455078 25.5383338928223 25.7954998016357 25.7523326873779 25.8976669311523 25.9828338623047 26.0009994506836 26.1948337554932 26.3463325500488 26.4036655426025
23.2303333282471 23.2006664276123 23.2320003509521 23.4169998168945 23.5156669616699 23.5849990844727 23.6158332824707 23.6860008239746 23.6816673278809 23.7243328094482 23.6763343811035 23.7546672821045 23.9386672973633 24.0746669769287 24.3354988098145 24.57200050354 24.6476669311523 24.7124996185303 24.654167175293 24.5493335723877 24.4843330383301 24.5281677246094 24.7378330230713 24.8873329162598 24.9188327789307 24.6801662445068 24.8385009765625 24.9899997711182 25.0251655578613 25.1531658172607 25.1571655273438 24.9386672973633 25.1035003662109 25.1456661224365 25.3148345947266 25.2291679382324 25.3234996795654 25.4403343200684 25.4773330688477 25.4419994354248 25.5893325805664 25.7269992828369 25.6263332366943 25.7696666717529 25.8818340301514 25.9783325195312 26.2561664581299 26.3893337249756 26.4478340148926
-3.4e+38 23.0401668548584 23.091833114624 23.1938323974609 23.1520004272461 23.2469997406006 23.269832611084 23.421667098999 23.482666015625 23.5461673736572 23.5343341827393 23.7386665344238 23.933500289917 24.1146659851074 24.3606662750244 24.4143333435059 24.4618339538574 24.6713333129883 24.5971660614014 24.4184989929199 24.454833984375 24.4060001373291 24.5718326568604 24.6660003662109 24.7615013122559 24.7035007476807 24.8736667633057 25.0050010681152 25.1003341674805 25.2026672363281 25.0843334197998 24.9186668395996 24.9438343048096 25.0480003356934 25.1823329925537 25.1488342285156 25.1806659698486 25.2443332672119 25.4223327636719 25.5138320922852 25.5083332061768 25.6579990386963 25.6245002746582 25.6821670532227 25.6735000610352 25.8583335876465 26.1984996795654 26.3738327026367 26.3951663970947
-3.4e+38 -3.4e+38 -3.4e+38 -3.4e+38 -3.4e+38 -3.4e+38 -3.4e+38 23.2223339080811 23.2884998321533 23.3185005187988 23.5478343963623 23.6771659851074 23.8929996490479 24.0858345031738 24.1918334960938 24.2046661376953 24.3843326568604 24.4981670379639 24.4715003967285 24.3453330993652 24.3571662902832 24.2329998016357 24.34983253479 24.617000579834 24.6458339691162 24.6358337402344 24.8225002288818 25.0149993896484 25.1398334503174 25.11549949646 25.0523338317871 24.8901672363281 24.9038333892822 25.0524997711182 24.9918327331543 25.0993328094482 25.2701663970947 25.2480010986328 25.2761669158936 25.4918327331543 25.5865001678467 25.6800003051758 25.6186676025391 25.5769996643066 25.6753330230713 25.7888336181641 26.1731662750244 26.3463325500488 26.3878326416016
-3.4e+38 -3.4e+38 -3.4e+38 -3.4e+38 -3.4e+38 -3.4e+38 -3.4e+38 -3.4e+38 -3.4e+38 -3.4e+38 23.4448337554932 23.6613330841064 23.9001655578613 24.0235004425049 23.990665435791 24.1160011291504 24.3126678466797 24.2709999084473 24.2108345031738 24.1984996795654 24.208833694458 24.3301658630371 24.4939994812012 24.6556663513184 24.5018329620361 24.6860008239746 24.8488330841064 25.0319995880127 25.0588340759277 24.9174995422363 24.9344997406006 24.8020000457764 24.8784999847412 24.9459991455078 24.8715000152588 25.0753326416016 25.2264995574951 25.384334564209 25.3561668395996 25.5081672668457 25.6653327941895 25.6641674041748 25.6035003662109 25.5745010375977 25.7058334350586 25.824333190918 26.1691665649414 26.326000213623 26.2861671447754
-3.4e+38 -3.4e+38 -3.4e+38 -3.4e+38 -3.4e+38 -3.4e+38 -3.4e+38 -3.4e+38 -3.4e+38 -3.4e+38 23.4518337249756 23.6046676635742 23.763500213623 23.7754993438721 23.8001670837402 24.0393333435059 24.1660003662109 24.132833480835 24.1989994049072 24.1023330688477 24.1136665344238 24.3443336486816 24.4558334350586 24.5801658630371 24.4896659851074 24.7003326416016 24.8748321533203 24.9548320770264 25.0375003814697 24.894832611084 24.8334999084473 24.7604999542236 24.7928333282471 24.7615013122559 24.8334999084473 24.9643325805664 25.0774993896484 25.2491664886475 25.4276657104492 25.5521659851074 25.492000579834 25.6106662750244 25.6410007476807 25.6183338165283 25.646167755127 25.6898326873779 25.9545001983643 26.1416664123535 26.1480007171631
-3.4e+38 -3.4e+38 -3.4e+38 -3.4e+38 -3.4e+38 -3.4e+38 -3.4e+38 -3.4e+38 -3.4e+38 -3.4e+38 -3.4e+38 23.5238342285156 23.6561660766602 23.6778335571289 23.8116664886475 23.8430004119873 23.9381675720215 23.9093322753906 23.9791660308838 24.095832824707 24.2271671295166 24.3320007324219 24.4996662139893 24.5069999694824 24.5031661987305 24.6658325195312 24.7456665039062 24.9558334350586 25.0761661529541 24.9235000610352 24.7994995117188 24.7019996643066 24.6901664733887 24.6063327789307 24.7740001678467 24.9218330383301 25.0928325653076 25.234001159668 25.3778324127197 25.5281677246094 25.4436664581299 25.5716667175293 25.6569995880127 25.6744995117188 25.7111663818359 25.8153343200684 25.9096660614014 25.9556655883789 25.9563331604004
-3.4e+38 -3.4e+38 -3.4e+38 -3.4e+38 -3.4e+38 -3.4e+38 -3.4e+38 -3.4e+38 -3.4e+38 -3.4e+38 -3.4e+38 -3.4e+38 -3.4e+38 23.6563339233398 23.6981658935547 23.8050003051758 23.9355010986328 24 24.0795001983643 24.2035007476807 24.3221664428711 24.4203338623047 24.44700050354 24.4143333435059 24.6126670837402 24.7836666107178 24.8938331604004 24.9753341674805 25.0405006408691 24.8928337097168 24.8120002746582 24.6981658935547 24.5478324890137 24.5685005187988 24.6490001678467 24.8808326721191 25.0876655578613 25.2236671447754 25.3173332214355 25.4521675109863 25.3769989013672 25.4820003509521 25.5808334350586 25.6828327178955 25.7786674499512 25.7448329925537 25.8793334960938 25.8773326873779 25.8838329315186
-3.4e+38 -3.4e+38 -3.4e+38 -3.4e+38 -3.4e+38 -3.4e+38 -3.4e+38 -3.4e+38 -3.4e+38 -3.4e+38 -3.4e+38 -3.4e+38 -3.4e+38 -3.4e+38 23.607666015625 23.7863330841064 23.8649997711182 23.9718322753906 24.0596656799316 24.1223335266113 24.1704998016357 24.3208332061768 24.2509994506836 24.3928337097168 24.6386661529541 24.7749996185303 24.8271675109863 24.7726669311523 24.9521675109863 24.9298324584961 24.8133335113525 24.6851673126221 24.6783332824707 24.763500213623 24.7970008850098 24.9343338012695 25.1240005493164 25.2548332214355 25.3740005493164 25.3281669616699 25.3336658477783 25.4375 25.4993324279785 25.6433334350586 25.6474990844727 25.6436672210693 25.9505004882812 25.9109992980957 25.826000213623
-3.4e+38 -3.4e+38 -3.4e+38 -3.4e+38 -3.4e+38 -3.4e+38 -3.4e+38 -3.4e+38 -3.4e+38 -3.4e+38 -3.4e+38 -3.4e+38 -3.4e+38 -3.4e+38 23.5513343811035 23.6105003356934 23.6838340759277 23.8368339538574 24.0555000305176 24.1983337402344 24.333833694458 24.2870006561279 24.3728332519531 24.5499992370605 24.6481666564941 24.599666595459 24.7150001525879 24.6386661529541 24.8421669006348 24.7898330688477 24.7056674957275 24.718334197998 24.7113342285156 24.9178333282471 25.0184993743896 25.1149997711182 25.246000289917 25.2975006103516 25.2549991607666 25.2784996032715 25.4195003509521 25.4726676940918 25.5286674499512 25.5541667938232 25.4010009765625 25.5671672821045 26.074499130249 26.0863342285156 25.8186683654785
-3.4e+38 -3.4e+38 -3.4e+38 -3.4e+38 -3.4e+38 -3.4e+38 -3.4e+38 -3.4e+38 -3.4e+38 -3.4e+38 -3.4e+38 -3.4e+38 -3.4e+38 -3.4e+38 23.5655002593994 23.7281665802002 23.7616653442383 23.9365005493164 24.1389999389648 24.1696662902832 24.2853317260742 24.2256660461426 24.3463325500488 24.5606670379639 24.4815006256104 24.5056667327881 24.6058330535889 24.6181659698486 24.8024997711182 24.7513332366943 24.6746673583984 24.7970008850098 24.8699989318848 24.9025001525879 25.109167098999 25.2115001678467 25.1803321838379 25.1844997406006 25.1146659851074 25.2603340148926 25.3593330383301 25.3139991760254 25.3398323059082 25.4723339080811 25.3395004272461 25.5149993896484 25.7666664123535 25.9010009765625 25.825834274292
-339999999999999996123846586046231871488.000000000000000 -3.4e+38 -3.4e+38 -3.4e+38 -3.4e+38 -3.4e+38 -3.4e+38 -3.4e+38 -3.4e+38 -3.4e+38 -3.4e+38 -3.4e+38 -3.4e+38 23.5804996490479 23.7164993286133 23.8883323669434 23.9150009155273 24.0101661682129 24.0323333740234 24.0701675415039 24.2194995880127 24.2534999847412 24.4088325500488 24.5294990539551 24.4138336181641 24.3896675109863 24.4770011901855 24.5885009765625 24.7556667327881 24.6971664428711 24.6494998931885 24.7923336029053 24.962833404541 25.0568332672119 25.154167175293 25.1248321533203 24.9858322143555 25.070333480835 25.170166015625 25.2476673126221 25.2773342132568 25.1674995422363 25.2348327636719 25.4118328094482 25.4675006866455 25.5523338317871 25.7351665496826 25.6399993896484 25.7924995422363
-3.4e+38 -3.4e+38 -3.4e+38 -3.4e+38 -3.4e+38 -3.4e+38 -3.4e+38 -3.4e+38 -3.4e+38 -3.4e+38 -3.4e+38 -3.4e+38 -3.4e+38 -3.4e+38 23.6264991760254 23.6853332519531 23.8381671905518 23.8050003051758 23.8763332366943 24.0938339233398 24.0398330688477 24.2081661224365 24.3506660461426 24.4068336486816 24.3120002746582 24.3158340454102 24.4203338623047 24.5685005187988 24.7325000762939 24.6609992980957 24.6096668243408 24.7933330535889 24.8318328857422 24.9901657104492 25.0520000457764 24.9578323364258 24.886833190918 24.9568328857422 25.1186676025391 25.1905002593994 25.1625003814697 25.1924991607666 25.2810001373291 25.3983345031738 25.5499992370605 25.5796661376953 25.6031665802002 25.5391654968262 25.7273330688477
-3.4e+38 -3.4e+38 -3.4e+38 -3.4e+38 -3.4e+38 -3.4e+38 -3.4e+38 -3.4e+38 -3.4e+38 -3.4e+38 -3.4e+38 -3.4e+38 -3.4e+38 -3.4e+38 -3.4e+38 23.5923347473145 23.6808338165283 23.6704998016357 23.8596668243408 23.9444999694824 23.8973331451416 24.1935005187988 24.2513332366943 24.3146667480469 24.2854995727539 24.3479995727539 24.5289993286133 24.6043338775635 24.6868324279785 24.609167098999 24.5605010986328 24.6684989929199 24.7660007476807 24.9818344116211 24.9138336181641 24.7985000610352 24.8381671905518 24.9069995880127 25.0009994506836 25.0813331604004 25.189998626709 25.2728328704834 25.3570003509521 25.4658336639404 25.5335006713867 25.4798336029053 25.412166595459 25.5751667022705 25.6473331451416
-3.4e+38 -3.4e+38 -3.4e+38 -3.4e+38 -3.4e+38 -3.4e+38 -3.4e+38 -3.4e+38 -3.4e+38 -3.4e+38 -3.4e+38 -3.4e+38 -3.4e+38 -3.4e+38 -3.4e+38 -3.4e+38 23.6176662445068 23.6518325805664 23.8129997253418 23.6884994506836 23.896333694458 24.1440010070801 24.1324996948242 24.1684989929199 24.0885009765625 24.2696666717529 24.412166595459 24.5516662597656 24.6578330993652 24.576000213623 24.5286674499512 24.7106666564941 24.8443336486816 24.9333343505859 24.8444995880127 24.8056659698486 24.954833984375 24.9615001678467 25.0359992980957 25.0626659393311 25.2163333892822 25.3391666412354 25.4133338928223 25.3991661071777 25.386833190918 25.3388328552246 25.4421653747559 25.5485000610352 25.5993328094482
-3.4e+38 -3.4e+38 -3.4e+38 -3.4e+38 -3.4e+38 -3.4e+38 -3.4e+38 -3.4e+38 -3.4e+38 -3.4e+38 -3.4e+38 -3.4e+38 -3.4e+38 -3.4e+38 -3.4e+38 -3.4e+38 -3.4e+38 -3.4e+38 23.7746658325195 23.5423336029053 23.7611656188965 23.917667388916 24.0513343811035 24.0254993438721 23.978666305542 24.2376670837402 24.3794994354248 24.4773330688477 24.5758323669434 24.5191669464111 24.630500793457 24.7096672058105 24.8428344726562 24.7916660308838 24.7428321838379 24.7351665496826 24.8621673583984 25.0276660919189 25.1135005950928 25.1129989624023 25.179500579834 25.2498321533203 25.3793334960938 25.2488327026367 25.1725006103516 25.2171669006348 25.3428325653076 25.5318336486816 25.5721664428711
-3.4e+38 -3.4e+38 -3.4e+38 -3.4e+38 -3.4e+38 -3.4e+38 -3.4e+38 -3.4e+38 -3.4e+38 -3.4e+38 -3.4e+38 -3.4e+38 -3.4e+38 -3.4e+38 -3.4e+38 -3.4e+38 -3.4e+38 -3.4e+38 -3.4e+38 -3.4e+38 -3.4e+38 23.7466659545898 23.9060001373291 23.9241676330566 23.9026660919189 24.1596660614014 24.2846660614014 24.494499206543 24.4085006713867 24.5028324127197 24.632999420166 24.757833480835 24.7076663970947 24.6493339538574 24.74049949646 24.8403339385986 24.8959999084473 24.9729995727539 25.0174999237061 25.1984996795654 25.2238330841064 25.2733325958252 25.2584991455078 25.1828346252441 25.046667098999 25.0990009307861 25.2360000610352 25.5223331451416 25.4954986572266
-3.4e+38 -3.4e+38 -3.4e+38 -3.4e+38 -3.4e+38 -3.4e+38 -3.4e+38 -3.4e+38 -3.4e+38 -3.4e+38 -3.4e+38 -3.4e+38 -3.4e+38 -3.4e+38 -3.4e+38 -3.4e+38 -3.4e+38 -3.4e+38 -3.4e+38 -3.4e+38 -3.4e+38 -3.4e+38 23.7251663208008 23.7666664123535 24.0091667175293 24.1761665344238 24.3608341217041 24.404167175293 24.3561668395996 24.5033340454102 24.6266670227051 24.695333480835 24.6580009460449 24.7473335266113 24.8286666870117 24.928165435791 24.96533203125 25.0373344421387 25.1515007019043 25.2513332366943 25.2111663818359 25.2355003356934 25.1366672515869 25.0558338165283 25.0335006713867 25.1574993133545 25.3286666870117 25.4591674804688 25.3530006408691
-3.4e+38 -3.4e+38 -3.4e+38 -3.4e+38 -3.4e+38 -3.4e+38 -3.4e+38 -3.4e+38 -3.4e+38 -3.4e+38 -3.4e+38 -3.4e+38 -3.4e+38 -3.4e+38 -3.4e+38 -3.4e+38 -3.4e+38 -3.4e+38 -3.4e+38 -3.4e+38 -3.4e+38 -3.4e+38 -3.4e+38 23.804666519165 24.0591659545898 24.242166519165 24.3063335418701 24.2703323364258 24.3136672973633 24.5196666717529 24.591667175293 24.5834999084473 24.6539993286133 24.7998332977295 24.8598327636719 24.8903331756592 24.9966678619385 25.0921669006348 25.1526679992676 25.1023330688477 25.1545009613037 25.1000003814697 25.1180000305176 25.0091667175293 25.0774993896484 25.1925010681152 25.3541660308838 25.3544998168945 25.1949996948242
-3.4e+38 -3.4e+38 -3.4e+38 -3.4e+38 -3.4e+38 -3.4e+38 -3.4e+38 -3.4e+38 -3.4e+38 -3.4e+38 -3.4e+38 -3.4e+38 -3.4e+38 -3.4e+38 -3.4e+38 -3.4e+38 -3.4e+38 -3.4e+38 -3.4e+38 -3.4e+38 -3.4e+38 -3.4e+38 -3.4e+38 -3.4e+38 23.9016666412354 24.021167755127 24.2536659240723 24.2299995422363 24.25 24.4360008239746 24.5659999847412 24.5074996948242 24.6350002288818 24.7018337249756 24.7223339080811 24.8673324584961 24.9448337554932 25.1081676483154 25.0289993286133 25.0161666870117 25.2051658630371 25.0563335418701 25.0265007019043 25.0111675262451 25.0394992828369 25.1595001220703 25.3199996948242 25.2803344726562 25.1416664123535
-3.4e+38 -3.4e+38 -3.4e+38 -3.4e+38 -3.4e+38 -3.4e+38 -3.4e+38 -3.4e+38 -3.4e+38 -3.4e+38 -3.4e+38 -3.4e+38 -3.4e+38 -3.4e+38 -3.4e+38 -3.4e+38 -3.4e+38 -3.4e+38 -3.4e+38 -3.4e+38 -3.4e+38 -3.4e+38 -3.4e+38 -3.4e+38 -3.4e+38 23.9173336029053 24.0646667480469 24.174165725708 24.2918319702148 24.4323329925537 24.4713344573975 24.5646667480469 24.7194995880127 24.7108325958252 24.7569999694824 24.8125 25.0170001983643 25.0096664428711 24.9046669006348 25.0816669464111 25.1283340454102 25.0325012207031 24.9370002746582 25.0069999694824 25.0923328399658 25.1691665649414 25.2683334350586 25.3514995574951 25.2218341827393
