rasters/S.Sudan_bio12.asc
NCOLS 142 
NROWS 105 
XLLCORNER 24.121555621 
YLLCORNER 3.490201537 
CELLSIZE 0.0830935196478873 
NODATA_value -3.4e+38 
[rows 35 to 69 of 105, columns 0 to 78 of 142]
-3.4e+38 -3.4e+38 -3.4e+38 -3.4e+38 -3.4e+38 -3.4e+38 -3.4e+38 844 858 858 854 852 863 871 872 874 876 879 877 871 872 870 865 862 858 856 846 841 838 833 830 822 817 810 807 801 797 792 790 788 784 786 781 777 773 772 769 766 768 767 766 771 770 770 769 771 771 769 769 769 768 769 770 767 764 762 759 754 754 747 747 743 745 753 747 739 744 734 720
-3.4e+38 -3.4e+38 -3.4e+38 -3.4e+38 -3.4e+38 -3.4e+38 -3.4e+38 868 875 877 875 877 888 894 900 902 902 901 899 893 887 883 880 878 875 872 865 860 852 850 847 839 832 826 824 819 811 806 803 801 797 797 793 787 784 781 779 780 778 776 776 777 777 777 778 790 790 779 779 780 781 779 779 776 776 772 767 762 757 753 750 744 743 753 756 739 742 731 728
-3.4e+38 -3.4e+38 -3.4e+38 -3.4e+38 -3.4e+38 -3.4e+38 -3.4e+38 893 898 897 900 899 908 923 920 918 921 917 918 917 911 907 901 894 893 890 884 877 873 866 862 856 850 845 839 834 827 821 818 816 810 807 804 802 798 795 794 791 788 785 788 790 788 786 787 796 790 785 788 793 790 786 787 783 780 778 775 772 765 761 755 750 753 757 758 736 731 731 738
-3.4e+38 -3.4e+38 -3.4e+38 -3.4e+38 -3.4e+38 -3.4e+38 929 924 924 918 927 925 931 937 935 931 933 934 931 937 933 929 922 916 909 906 903 898 890 886 877 875 866 858 852 851 844 836 832 829 824 820 818 814 809 807 803 802 797 798 799 798 794 796 802 814 813 799 813 808 800 796 799 797 792 789 786 778 770 767 763 767 768 764 747 742 749 746 739
-3.4e+38 -3.4e+38 -3.4e+38 -3.4e+38 -3.4e+38 -3.4e+38 951 953 951 946 955 955 958 961 954 954 953 953 952 951 949 945 945 941 932 922 917 913 909 909 898 892 882 874 870 865 859 852 846 846 836 833 829 824 820 817 815 810 807 807 803 802 806 808 815 820 823 833 837 829 825 812 822 808 799 797 793 789 780 777 773 769 783 765 753 752 758 748 747
-3.4e+38 -3.4e+38 -3.4e+38 -3.4e+38 -3.4e+38 970 970 990 980 974 980 987 983 988 982 985 979 982 980 975 976 966 961 956 947 941 943 935 931 925 917 912 900 892 885 883 877 865 856 855 849 844 837 834 829 827 822 818 815 812 809 808 809 818 823 823 830 822 826 828 829 831 824 814 810 809 803 798 790 783 784 786 797 775 772 767 763 757 755
-3.4e+38 -3.4e+38 1000 1029 1045 1023 1007 1006 1006 995 999 1005 1001 1011 1007 1003 997 998 999 995 998 990 982 973 969 964 964 956 950 943 938 928 917 904 900 897 886 876 869 863 857 849 844 840 835 833 829 824 822 821 815 816 817 823 823 823 821 825 832 838 838 834 818 824 830 816 809 805 802 798 796 801 809 787 775 775 763 756 756
-3.4e+38 1027 1042 1050 1063 1057 1033 1022 1021 1021 1021 1019 1024 1021 1023 1019 1020 1020 1020 1017 1013 1008 1003 999 994 988 985 982 970 965 955 943 931 923 914 910 902 890 883 872 864 858 855 848 843 840 832 830 829 827 826 826 828 831 832 831 833 836 842 844 845 827 820 831 839 826 822 816 813 813 809 811 814 800 788 783 775 774 763
-3.4e+38 -3.4e+38 1053 1049 1063 1080 1051 1041 1035 1040 1038 1039 1037 1038 1043 1049 1055 1056 1062 1049 1037 1033 1029 1023 1021 1012 1009 1002 992 981 969 958 947 942 929 923 914 901 893 882 874 868 863 856 849 844 839 837 835 832 832 836 837 836 837 836 841 842 855 859 858 848 831 839 847 839 835 832 823 816 820 827 828 817 797 789 788 783 778
-3.4e+38 1066 1066 1057 1060 1065 1056 1055 1056 1053 1056 1056 1065 1069 1076 1079 1081 1076 1077 1071 1064 1064 1057 1045 1045 1038 1036 1028 1014 999 986 975 964 956 945 938 927 913 902 894 888 878 867 860 853 849 842 840 841 839 840 840 839 841 846 844 846 850 852 857 865 870 856 858 862 856 845 842 834 830 831 833 826 836 812 802 797 793 796
-3.4e+38 1085 1080 1079 1074 1071 1067 1070 1070 1071 1075 1089 1094 1101 1092 1093 1093 1093 1091 1097 1094 1092 1083 1069 1070 1066 1062 1051 1034 1014 1002 998 983 974 960 954 937 925 915 907 895 884 877 865 858 852 847 847 844 843 845 843 847 846 850 852 854 859 862 863 864 875 875 868 871 870 869 871 858 850 858 846 855 854 832 812 804 803 801
1102 1106 1103 1095 1096 1101 1102 1098 1098 1099 1108 1115 1107 1110 1107 1107 1108 1108 1115 1121 1122 1118 1108 1098 1093 1094 1080 1066 1053 1036 1022 1022 1007 994 977 966 953 938 928 918 903 891 885 876 864 858 854 847 847 848 847 849 849 850 855 857 861 865 868 872 871 872 876 878 880 882 880 876 879 876 872 858 858 867 842 821 817 808 804
-3.4e+38 1134 1127 1123 1128 1126 1131 1129 1127 1127 1134 1133 1133 1130 1128 1134 1138 1136 1141 1147 1142 1144 1135 1130 1116 1114 1099 1083 1068 1051 1044 1042 1027 1009 992 984 969 954 939 926 914 901 894 882 877 865 861 855 853 851 851 854 856 858 861 866 869 869 872 876 875 875 873 872 872 880 892 887 883 882 877 887 882 875 841 834 829 820 819
-3.4e+38 -3.4e+38 -3.4e+38 -3.4e+38 -3.4e+38 -3.4e+38 -3.4e+38 1157 1159 1158 1155 1157 1155 1150 1151 1161 1160 1160 1163 1169 1167 1174 1166 1152 1144 1137 1119 1100 1084 1076 1066 1063 1047 1025 1014 999 978 965 953 934 920 906 899 892 879 871 863 858 857 855 854 858 861 863 867 868 872 875 877 880 882 884 882 877 877 874 882 894 886 891 882 887 882 871 856 841 839 834 821
-3.4e+38 -3.4e+38 -3.4e+38 -3.4e+38 -3.4e+38 -3.4e+38 -3.4e+38 -3.4e+38 -3.4e+38 -3.4e+38 1182 1177 1174 1175 1185 1187 1180 1190 1200 1198 1195 1191 1182 1171 1169 1158 1139 1123 1106 1101 1083 1076 1060 1043 1032 1010 992 972 962 943 923 916 907 898 883 872 866 858 858 856 857 861 864 868 874 878 879 881 884 887 891 890 889 886 883 880 880 886 898 900 898 893 872 870 859 841 835 827 829
-3.4e+38 -3.4e+38 -3.4e+38 -3.4e+38 -3.4e+38 -3.4e+38 -3.4e+38 -3.4e+38 -3.4e+38 -3.4e+38 1201 1200 1196 1205 1212 1209 1202 1216 1232 1225 1222 1211 1204 1195 1194 1178 1159 1144 1131 1122 1109 1095 1080 1067 1049 1028 1008 987 967 949 940 922 910 899 887 877 865 859 859 859 859 863 867 874 881 884 888 887 890 896 897 896 894 893 892 886 886 883 895 900 896 893 885 873 858 846 842 836 829
-3.4e+38 -3.4e+38 -3.4e+38 -3.4e+38 -3.4e+38 -3.4e+38 -3.4e+38 -3.4e+38 -3.4e+38 -3.4e+38 -3.4e+38 1224 1222 1230 1229 1233 1232 1235 1239 1237 1232 1230 1223 1219 1214 1202 1189 1168 1153 1141 1130 1116 1103 1087 1068 1047 1021 998 977 957 947 934 915 901 885 873 865 860 860 861 865 869 876 885 889 892 892 896 899 900 903 905 904 901 898 895 892 889 886 884 895 899 892 888 868 857 842 842 833
-3.4e+38 -3.4e+38 -3.4e+38 -3.4e+38 -3.4e+38 -3.4e+38 -3.4e+38 -3.4e+38 -3.4e+38 -3.4e+38 -3.4e+38 -3.4e+38 -3.4e+38 1249 1253 1249 1250 1249 1252 1249 1245 1246 1243 1245 1232 1217 1203 1189 1171 1161 1146 1137 1124 1107 1089 1058 1031 1009 988 967 958 943 923 905 894 882 868 861 865 868 872 876 888 904 894 898 901 906 905 907 909 912 909 904 902 899 895 893 890 888 894 904 885 882 873 871 859 844 833
-3.4e+38 -3.4e+38 -3.4e+38 -3.4e+38 -3.4e+38 -3.4e+38 -3.4e+38 -3.4e+38 -3.4e+38 -3.4e+38 -3.4e+38 -3.4e+38 -3.4e+38 -3.4e+38 1273 1266 1267 1268 1272 1268 1270 1270 1274 1266 1255 1243 1230 1216 1193 1177 1164 1153 1137 1113 1092 1069 1044 1021 997 986 968 950 932 913 898 885 868 862 870 876 883 886 893 901 905 909 911 915 912 913 915 917 915 912 906 903 899 896 894 889 888 883 879 873 869 872 870 849 844
-3.4e+38 -3.4e+38 -3.4e+38 -3.4e+38 -3.4e+38 -3.4e+38 -3.4e+38 -3.4e+38 -3.4e+38 -3.4e+38 -3.4e+38 -3.4e+38 -3.4e+38 -3.4e+38 1289 1289 1295 1291 1284 1283 1279 1282 1282 1277 1276 1272 1255 1239 1212 1197 1184 1164 1146 1118 1097 1074 1050 1032 1017 1000 973 955 944 926 915 894 880 868 877 890 895 898 906 910 917 921 924 926 925 923 923 925 924 917 911 908 904 900 897 894 892 886 879 876 871 869 868 854 842
-3.4e+38 -3.4e+38 -3.4e+38 -3.4e+38 -3.4e+38 -3.4e+38 -3.4e+38 -3.4e+38 -3.4e+38 -3.4e+38 -3.4e+38 -3.4e+38 -3.4e+38 -3.4e+38 1305 1306 1308 1303 1296 1300 1296 1301 1298 1290 1293 1284 1272 1256 1228 1214 1197 1174 1151 1133 1104 1082 1069 1054 1035 1009 986 971 958 939 928 909 896 884 889 902 910 912 921 924 929 935 937 936 938 935 935 932 930 921 915 911 908 903 900 896 891 894 888 878 873 874 864 856 857
-339999999999999996123846586046231871488.000000000000000 -3.4e+38 -3.4e+38 -3.4e+38 -3.4e+38 -3.4e+38 -3.4e+38 -3.4e+38 -3.4e+38 -3.4e+38 -3.4e+38 -3.4e+38 -3.4e+38 1318 1314 1311 1317 1310 1313 1317 1317 1315 1305 1302 1305 1297 1285 1264 1240 1224 1210 1186 1162 1137 1114 1099 1092 1070 1044 1022 1003 989 973 951 936 921 910 909 908 919 930 929 938 938 941 949 952 953 950 944 941 935 934 928 922 916 915 910 904 901 896 890 884 880 876 881 870 867 864
-3.4e+38 -3.4e+38 -3.4e+38 -3.4e+38 -3.4e+38 -3.4e+38 -3.4e+38 -3.4e+38 -3.4e+38 -3.4e+38 -3.4e+38 -3.4e+38 -3.4e+38 -3.4e+38 1338 1334 1329 1334 1333 1329 1335 1328 1317 1313 1316 1308 1292 1273 1250 1235 1222 1194 1179 1154 1132 1116 1104 1084 1061 1040 1024 1007 988 968 950 939 931 934 928 934 946 947 950 964 960 966 971 967 960 955 950 944 938 934 929 924 921 913 909 902 899 893 889 885 881 878 886 870 864
-3.4e+38 -3.4e+38 -3.4e+38 -3.4e+38 -3.4e+38 -3.4e+38 -3.4e+38 -3.4e+38 -3.4e+38 -3.4e+38 -3.4e+38 -3.4e+38 -3.4e+38 -3.4e+38 -3.4e+38 1353 1349 1355 1345 1346 1350 1337 1332 1324 1323 1314 1295 1279 1262 1247 1233 1213 1191 1161 1148 1136 1119 1096 1078 1059 1040 1019 1000 984 970 966 960 952 951 961 976 978 979 989 987 982 982 978 974 964 959 954 945 942 937 931 925 919 911 908 903 899 896 890 886 881 884 887 870
-3.4e+38 -3.4e+38 -3.4e+38 -3.4e+38 -3.4e+38 -3.4e+38 -3.4e+38 -3.4e+38 -3.4e+38 -3.4e+38 -3.4e+38 -3.4e+38 -3.4e+38 -3.4e+38 -3.4e+38 -3.4e+38 1367 1367 1357 1367 1360 1346 1345 1338 1337 1324 1308 1290 1268 1256 1247 1221 1194 1176 1165 1146 1124 1109 1087 1072 1052 1030 1013 1002 995 991 982 975 972 987 994 997 1007 1020 1004 1005 996 988 982 975 969 964 956 949 942 934 927 922 918 911 905 901 898 895 891 888 886 898 881
-3.4e+38 -3.4e+38 -3.4e+38 -3.4e+38 -3.4e+38 -3.4e+38 -3.4e+38 -3.4e+38 -3.4e+38 -3.4e+38 -3.4e+38 -3.4e+38 -3.4e+38 -3.4e+38 -3.4e+38 -3.4e+38 -3.4e+38 -3.4e+38 1371 1383 1375 1363 1353 1353 1347 1327 1312 1297 1278 1269 1247 1227 1205 1195 1182 1163 1140 1118 1098 1084 1064 1048 1031 1026 1023 1014 1007 997 993 1019 1019 1005 1013 1021 1019 1022 1014 1001 992 986 979 970 960 953 943 936 932 925 921 917 912 907 901 896 891 892 888 897 894
-3.4e+38 -3.4e+38 -3.4e+38 -3.4e+38 -3.4e+38 -3.4e+38 -3.4e+38 -3.4e+38 -3.4e+38 -3.4e+38 -3.4e+38 -3.4e+38 -3.4e+38 -3.4e+38 -3.4e+38 -3.4e+38 -3.4e+38 -3.4e+38 -3.4e+38 -3.4e+38 -3.4e+38 1379 1367 1361 1356 1334 1320 1296 1289 1272 1254 1232 1221 1212 1191 1167 1149 1133 1115 1095 1078 1064 1050 1044 1047 1037 1027 1012 1016 1018 1027 1026 1027 1028 1032 1037 1025 1012 1002 995 987 977 967 955 946 939 937 929 926 918 917 912 910 900 895 899 890 885 889
-3.4e+38 -3.4e+38 -3.4e+38 -3.4e+38 -3.4e+38 -3.4e+38 -3.4e+38 -3.4e+38 -3.4e+38 -3.4e+38 -3.4e+38 -3.4e+38 -3.4e+38 -3.4e+38 -3.4e+38 -3.4e+38 -3.4e+38 -3.4e+38 -3.4e+38 -3.4e+38 -3.4e+38 -3.4e+38 1385 1376 1358 1341 1322 1309 1303 1279 1259 1243 1233 1213 1196 1173 1158 1143 1126 1108 1096 1082 1075 1071 1065 1050 1038 1033 1036 1042 1039 1041 1038 1040 1045 1056 1038 1029 1014 1005 997 988 975 963 950 944 939 932 926 923 920 916 914 902 904 900 896 891 889
-3.4e+38 -3.4e+38 -3.4e+38 -3.4e+38 -3.4e+38 -3.4e+38 -3.4e+38 -3.4e+38 -3.4e+38 -3.4e+38 -3.4e+38 -3.4e+38 -3.4e+38 -3.4e+38 -3.4e+38 -3.4e+38 -3.4e+38 -3.4e+38 -3.4e+38 -3.4e+38 -3.4e+38 -3.4e+38 -3.4e+38 1381 1359 1344 1332 1323 1310 1290 1274 1261 1243 1225 1207 1192 1174 1155 1138 1132 1118 1109 1093 1093 1081 1064 1055 1051 1062 1055 1058 1054 1048 1049 1056 1057 1050 1043 1027 1014 1006 996 985 971 958 949 940 935 928 924 922 920 919 912 914 920 903 898 897
-3.4e+38 -3.4e+38 -3.4e+38 -3.4e+38 -3.4e+38 -3.4e+38 -3.4e+38 -3.4e+38 -3.4e+38 -3.4e+38 -3.4e+38 -3.4e+38 -3.4e+38 -3.4e+38 -3.4e+38 -3.4e+38 -3.4e+38 -3.4e+38 -3.4e+38 -3.4e+38 -3.4e+38 -3.4e+38 -3.4e+38 -3.4e+38 1375 1361 1342 1333 1324 1302 1282 1274 1256 1241 1227 1205 1189 1168 1163 1153 1131 1128 1118 1108 1100 1086 1072 1071 1075 1074 1075 1069 1064 1061 1062 1060 1061 1057 1045 1027 1015 1007 994 981 968 956 948 938 937 931 931 928 924 919 913 915 912 904 902
-3.4e+38 -3.4e+38 -3.4e+38 -3.4e+38 -3.4e+38 -3.4e+38 -3.4e+38 -3.4e+38 -3.4e+38 -3.4e+38 -3.4e+38 -3.4e+38 -3.4e+38 -3.4e+38 -3.4e+38 -3.4e+38 -3.4e+38 -3.4e+38 -3.4e+38 -3.4e+38 -3.4e+38 -3.4e+38 -3.4e+38 -3.4e+38 -3.4e+38 1376 1361 1348 1328 1311 1299 1280 1261 1249 1234 1217 1196 1190 1183 1160 1150 1145 1140 1128 1115 1104 1094 1088 1086 1093 1087 1081 1073 1076 1085 1073 1067 1062 1053 1037 1023 1015 1005 993 981 964 953 946 940 944 938 933 930 926 920 924 934 918 906
-3.4e+38 -3.4e+38 -3.4e+38 -3.4e+38 -3.4e+38 -3.4e+38 -3.4e+38 -3.4e+38 -3.4e+38 -3.4e+38 -3.4e+38 -3.4e+38 -3.4e+38 -3.4e+38 -3.4e+38 -3.4e+38 -3.4e+38 -3.4e+38 -3.4e+38 -3.4e+38 -3.4e+38 -3.4e+38 -3.4e+38 -3.4e+38 -3.4e+38 -3.4e+38 1377 1363 1340 1326 1305 1283 1271 1253 1239 1224 1210 1207 1193 1178 1168 1162 1155 1144 1137 1121 1114 1106 1111 1109 1102 1093 1085 1099 1093 1077 1075 1075 1062 1047 1032 1025 1015 1002 996 981 968 959 954 950 948 940 938 935 938 930 931 933 921
-3.4e+38 -3.4e+38 -3.4e+38 -3.4e+38 -3.4e+38 -3.4e+38 -3.4e+38 -3.4e+38 -3.4e+38 -3.4e+38 -3.4e+38 -3.4e+38 -3.4e+38 -3.4e+38 -3.4e+38 -3.4e+38 -3.4e+38 -3.4e+38 -3.4e+38 -3.4e+38 -3.4e+38 -3.4e+38 -3.4e+38 -3.4e+38 -3.4e+38 -3.4e+38 -3.4e+38 -3.4e+38 1357 1331 1310 1296 1277 1267 1253 1236 1230 1225 1201 1195 1185 1186 1176 1165 1150 1137 1124 1127 1134 1132 1115 1103 1098 1104 1100 1092 1085 1083 1067 1056 1043 1032 1027 1014 1007 1004 989 975 968 961 954 951 949 943 939 934 939 929 930
-3.4e+38 -3.4e+38 -3.4e+38 -3.4e+38 -3.4e+38 -3.4e+38 -3.4e+38 -3.4e+38 -3.4e+38 -3.4e+38 -3.4e+38 -3.4e+38 -3.4e+38 -3.4e+38 -3.4e+38 -3.4e+38 -3.4e+38 -3.4e+38 -3.4e+38 -3.4e+38 -3.4e+38 -3.4e+38 -3.4e+38 -3.4e+38 -3.4e+38 -3.4e+38 -3.4e+38 1375 1352 1333 1318 1302 1293 1284 1263 1254 1251 1233 1214 1216 1207 1201 1188 1171 1164 1157 1141 1142 1147 1149 1133 1120 1117 1116 1115 1112 1099 1096 1083 1069 1061 1047 1036 1031 1018 1011 1004 995 981 977 967 962 956 952 944 940 938 937 934
-3.4e+38 -3.4e+38 -3.4e+38 -3.4e+38 -3.4e+38 -3.4e+38 -3.4e+38 -3.4e+38 -3.4e+38 -3.4e+38 -3.4e+38 -3.4e+38 -3.4e+38 -3.4e+38 -3.4e+38 -3.4e+38 -3.4e+38 -3.4e+38 -3.4e+38 -3.4e+38 -3.4e+38 -3.4e+38 -3.4e+38 -3.4e+38 -3.4e+38 -3.4e+38 1393 1374 1357 1341 1325 1317 1310 1297 1277 1276 1263 1245 1236 1231 1230 1217 1200 1190 1185 1166 1162 1159 1163 1158 1144 1136 1126 1130 1129 1126 1115 1110 1095 1091 1080 1060 1048 1048 1034 1022 1024 1022 999 990 979 979 964 959 954 954 947 943 938
