rasters/S.Sudan_bio10.asc
NCOLS 142 
NROWS 105 
XLLCORNER 24.121555621 
YLLCORNER 3.490201537 
CELLSIZE 0.0830935196478873 
NODATA_value -3.4e+38 
[rows 44 to 65 of 105, columns 49 to 97 of 142]
30.048999786377 30.0153331756592 29.9715003967285 29.9753341674805 29.9633331298828 29.99049949646 29.9349994659424 29.8998336791992 29.8903331756592 29.8523330688477 29.7604999542236 29.4409999847412 28.9379997253418 28.7343330383301 28.7525005340576 28.9729995727539 29.1366672515869 29.3811664581299 29.3438339233398 29.4184989929199 29.3935012817383 29.4274997711182 29.4114990234375 29.3875007629395 29.1973342895508 28.683500289917 28.7249984741211 28.833667755127 28.9141674041748 29.0736675262451 29.1176662445068 29.031665802002 29.1619987487793 29.4290008544922 29.6401672363281 29.8978328704834 30.0196666717529 30.1725006103516 30.1941680908203 30.2488327026367 30.3074989318848 30.3241672515869 30.2878341674805 30.3486671447754 30.3933334350586 30.3474998474121 30.2495002746582 30.1640014648438 30.1988334655762
30.087833404541 30.0650005340576 29.9895000457764 30.0026664733887 30.0153331756592 30.0246677398682 29.9721660614014 29.9888324737549 30.0098342895508 29.9753341674805 30.0025005340576 29.9418334960938 29.5696678161621 29.0516662597656 28.8080005645752 28.9169998168945 29.1830005645752 29.2068328857422 29.1806678771973 29.3506660461426 29.4566669464111 29.441333770752 29.4811668395996 29.454833984375 29.324333190918 28.8556671142578 28.7016677856445 28.8379993438721 28.8981666564941 29.0396671295166 29.0459995269775 29.0715007781982 29.2866668701172 29.6095008850098 29.779167175293 29.9150009155273 30.0485000610352 30.1418342590332 30.2245006561279 30.238000869751 30.3134994506836 30.3623332977295 30.3371658325195 30.3150005340576 30.3754997253418 30.3468322753906 30.2978324890137 30.2621669769287 30.3208332061768
30.0601673126221 29.9888343811035 29.9710006713867 29.9278335571289 29.9330005645752 30.0028343200684 29.997501373291 30.0233325958252 30.0243339538574 29.9773330688477 29.9895000457764 29.9036674499512 29.791332244873 29.4856662750244 29.2530002593994 29.2068328857422 29.2390022277832 29.1326675415039 28.9753341674805 29.1035003662109 29.1533336639404 29.21266746521 29.4543342590332 29.5348320007324 29.3878326416016 28.9351654052734 28.7574996948242 28.8976669311523 28.9191665649414 29.0031661987305 29.021333694458 29.1081657409668 29.296667098999 29.6273326873779 29.7866668701172 29.9633331298828 30.048999786377 30.127498626709 30.2123336791992 30.2093334197998 30.3299999237061 30.3509998321533 30.3503341674805 30.3528327941895 30.371166229248 30.355167388916 30.3821659088135 30.3915004730225 30.4370002746582
29.9923324584961 29.9458332061768 29.9206657409668 29.9060001373291 29.9463348388672 30.0200004577637 30.0621662139893 30.0531673431396 29.9898338317871 29.8881664276123 29.9055004119873 29.849666595459 29.7151660919189 29.6356658935547 29.6358337402344 29.4981670379639 29.3363342285156 29.2115001678467 28.9850006103516 28.9656677246094 28.9798336029053 28.8915004730225 29.0739994049072 29.3373336791992 29.3116664886475 28.8793334960938 28.8400001525879 28.9741668701172 28.9566669464111 29.0136661529541 29.025333404541 29.0911655426025 29.1736660003662 29.4293346405029 29.7258338928223 29.9538326263428 30.0345001220703 30.0428333282471 30.1319999694824 30.2453327178955 30.3176670074463 30.3783321380615 30.4438323974609 30.4384994506836 30.4204998016357 30.4466667175293 30.4681663513184 30.4820003509521 30.4685001373291
29.9516658782959 29.894832611084 29.8889999389648 29.8509998321533 29.8343334197998 29.8446655273438 29.9646663665771 29.9458332061768 29.886833190918 29.8691673278809 29.8904991149902 29.8715000152588 29.8210010528564 29.7631683349609 29.7200012207031 29.675500869751 29.632999420166 29.5690002441406 29.1218338012695 28.9885005950928 29.144832611084 29.019832611084 29.1134986877441 29.1229991912842 29.0188331604004 28.8931674957275 28.8228340148926 28.9823341369629 29.023832321167 29.005500793457 29.0301666259766 29.0948333740234 29.1508331298828 29.30299949646 29.7251663208008 29.9273338317871 30.003999710083 30.0446662902832 30.1361675262451 30.2630004882812 30.357666015625 30.404167175293 30.4451656341553 30.4200000762939 30.4384994506836 30.4798336029053 30.507833480835 30.5033340454102 30.4973335266113
29.8938331604004 29.8808326721191 29.8466663360596 29.8096675872803 29.7761669158936 29.8863334655762 29.9353332519531 29.8481674194336 29.8234996795654 29.7664985656738 29.8208332061768 29.8231658935547 29.7858352661133 29.8066673278809 29.7509994506836 29.6895008087158 29.6526660919189 29.6679992675781 29.474666595459 29.1891670227051 29.2374992370605 29.2709999084473 29.1518325805664 28.9098339080811 28.8743324279785 28.8414993286133 28.7714996337891 28.9179992675781 29.0041656494141 29.0558338165283 29.0486660003662 29.1161670684814 29.1491661071777 29.4488334655762 29.7891674041748 29.9291667938232 30.0319995880127 30.0990009307861 30.1508331298828 30.1898345947266 30.2825012207031 30.3313331604004 30.4084987640381 30.4383335113525 30.4326667785645 30.4785003662109 30.5088348388672 30.5208339691162 30.501501083374
29.8748340606689 29.7950000762939 29.7898330688477 29.7810001373291 29.7866668701172 29.8968334197998 29.8785018920898 29.8404998779297 29.7776679992676 29.6674995422363 29.7238330841064 29.7318325042725 29.6893329620361 29.6901664733887 29.742166519165 29.7545013427734 29.6963329315186 29.7136669158936 29.6366672515869 29.4678344726562 29.345832824707 29.2625007629395 29.1464996337891 29.0348339080811 28.9411659240723 28.8935012817383 28.796501159668 28.8716678619385 29.0186672210693 29.0141658782959 29.0470008850098 29.1324996948242 29.1316661834717 29.5138320922852 29.8071670532227 29.9018325805664 29.9903316497803 30.1281661987305 30.1566677093506 30.2066669464111 30.3000011444092 30.2508335113525 30.3198337554932 30.4108333587646 30.423999786377 30.4656658172607 30.5018329620361 30.5014991760254 30.4729995727539
29.796501159668 29.7076663970947 29.7274990081787 29.7768325805664 29.7731666564941 29.787166595459 29.8074989318848 29.7518329620361 29.6615009307861 29.6665000915527 29.6471672058105 29.6773338317871 29.7106666564941 29.7158336639404 29.7373332977295 29.7428340911865 29.6958351135254 29.7181663513184 29.6863327026367 29.671667098999 29.6059989929199 29.4085006713867 29.2236652374268 29.1873321533203 29.082332611084 28.9211673736572 28.8766670227051 28.8518333435059 28.9895000457764 28.9615001678467 29.0328330993652 29.1180000305176 29.1825008392334 29.6060009002686 29.8686676025391 29.953332901001 29.9703330993652 30.0475006103516 30.1059989929199 30.2158336639404 30.2888336181641 30.2506675720215 30.2853336334229 30.3783340454102 30.429666519165 30.4069995880127 30.4759998321533 30.4630012512207 30.4769992828369
29.6929988861084 29.5843334197998 29.6973323822021 29.8003330230713 29.6516666412354 29.7345008850098 29.6856670379639 29.6129989624023 29.5936660766602 29.5788326263428 29.5188331604004 29.6189994812012 29.6991653442383 29.6351661682129 29.6231670379639 29.6471672058105 29.5901660919189 29.720666885376 29.7333335876465 29.7346668243408 29.720666885376 29.5903339385986 29.3183326721191 29.0769996643066 29.0190010070801 28.9739990234375 28.9764995574951 28.9249992370605 28.9120006561279 28.9688339233398 29.0419998168945 29.1241664886475 29.1956672668457 29.5868320465088 29.8066673278809 29.9341659545898 29.9314994812012 30.0345001220703 30.1140003204346 30.2014999389648 30.3061656951904 30.2988338470459 30.3274993896484 30.3903331756592 30.4358329772949 30.4080009460449 30.4908332824707 30.4823341369629 30.4988327026367
29.5383338928223 29.4811668395996 29.5796661376953 29.6928329467773 29.7486667633057 29.7451667785645 29.6339988708496 29.5693321228027 29.5479984283447 29.4559993743896 29.4500007629395 29.5713329315186 29.6813335418701 29.6436653137207 29.621166229248 29.5174999237061 29.5163326263428 29.6983337402344 29.719165802002 29.7374992370605 29.728666305542 29.6556663513184 29.4911670684814 29.2801666259766 29.0674991607666 28.9863338470459 28.9893341064453 28.9608325958252 28.8863334655762 28.9543342590332 29.0186672210693 29.1391677856445 29.2151660919189 29.5421657562256 29.8264999389648 29.8784999847412 29.9028339385986 29.9664993286133 30.0869998931885 30.2565002441406 30.3040008544922 30.2274990081787 30.2621669769287 30.3635005950928 30.4055004119873 30.4061660766602 30.5030002593994 30.4946670532227 30.5043334960938
29.392333984375 29.4676666259766 29.4858341217041 29.57200050354 29.650333404541 29.6695003509521 29.570499420166 29.5450000762939 29.4391670227051 29.4424991607666 29.486499786377 29.5310001373291 29.6261672973633 29.6761665344238 29.5571670532227 29.3986663818359 29.636833190918 29.6558322906494 29.6525001525879 29.7256660461426 29.6916656494141 29.6823329925537 29.6060009002686 29.5805015563965 29.4576663970947 29.0699996948242 28.9388332366943 28.9181671142578 28.8743324279785 28.9278335571289 28.953332901001 29.1346664428711 29.2584991455078 29.6708335876465 29.816333770752 29.7864990234375 29.8238334655762 29.9253330230713 30.0303325653076 30.2671661376953 30.2776660919189 30.1061668395996 30.2228336334229 30.375 30.4298324584961 30.4461669921875 30.4783325195312 30.4821662902832 30.4545001983643
29.3649997711182 29.4128341674805 29.4156665802002 29.4238338470459 29.5163345336914 29.5938339233398 29.531665802002 29.4615001678467 29.3886661529541 29.369499206543 29.3414993286133 29.3746662139893 29.4128341674805 29.494499206543 29.6079998016357 29.6436653137207 29.4728336334229 29.5384998321533 29.6855010986328 29.7194995880127 29.681999206543 29.6643333435059 29.5740013122559 29.5678329467773 29.5563335418701 29.2211666107178 29.0361671447754 28.9303321838379 28.8873329162598 28.9594993591309 28.9973335266113 29.1248340606689 29.2545013427734 29.6335010528564 29.792667388916 29.716667175293 29.738166809082 29.8666667938232 29.9063339233398 30.1981658935547 30.2806663513184 30.1949996948242 30.2514991760254 30.3911666870117 30.421667098999 30.4621677398682 30.4958343505859 30.5161666870117 30.4349994659424
29.2614994049072 29.2253341674805 29.2078323364258 29.2876663208008 29.4076671600342 29.4641666412354 29.457332611084 29.441499710083 29.3343334197998 29.0056667327881 29.0699996948242 29.2334995269775 29.2331657409668 29.4575004577637 29.6338329315186 29.5081672668457 29.2258338928223 29.576831817627 29.7433319091797 29.7378330230713 29.7159996032715 29.7024993896484 29.6055011749268 29.5643329620361 29.6809997558594 29.6009998321533 29.2988338470459 29.1044998168945 28.950834274292 28.9715003967285 29.0413341522217 29.0550003051758 29.1893329620361 29.6271667480469 29.6814994812012 29.5591659545898 29.6111679077148 29.7469997406006 29.8185005187988 30.1281661987305 30.269832611084 30.2784996032715 30.3431663513184 30.4099998474121 30.4148330688477 30.4669990539551 30.4946670532227 30.5211658477783 30.4581661224365
29.1916656494141 29.0968322753906 29.0821666717529 29.1494998931885 29.1901664733887 29.2456665039062 29.3246650695801 29.3741664886475 29.355167388916 29.0994987487793 29.1433334350586 29.1238327026367 29.2083320617676 29.4363327026367 29.5335006713867 29.3361663818359 29.429666519165 29.6983337402344 29.7043323516846 29.7721672058105 29.7425003051758 29.7123336791992 29.6450004577637 29.5648345947266 29.6643333435059 29.7495002746582 29.7360000610352 29.470832824707 29.0168342590332 28.9246673583984 29.0391674041748 29.037166595459 29.1083335876465 29.4340000152588 29.3613319396973 29.3521671295166 29.4820003509521 29.6771678924561 29.8151664733887 30.0826663970947 30.2473335266113 30.2501659393311 30.3321666717529 30.3993320465088 30.3698329925537 30.3911666870117 30.4901676177979 30.515998840332 30.4564990997314
28.9885005950928 28.9669990539551 28.9726676940918 29.0403327941895 29.0540008544922 29.1236667633057 29.1450004577637 29.2623329162598 29.2649993896484 29.3041667938232 29.3234996795654 29.3911666870117 29.3945007324219 29.4309997558594 29.4818325042725 29.2761669158936 29.5305004119873 29.6691665649414 29.6956672668457 29.7031669616699 29.6059989929199 29.6350002288818 29.6461658477783 29.6548347473145 29.634334564209 29.7118339538574 29.8476676940918 29.6623344421387 29.1365013122559 28.9085006713867 28.9325008392334 29.0316677093506 29.0806674957275 29.2536659240723 29.2309989929199 29.2171669006348 29.3815002441406 29.6183338165283 29.8581657409668 30.0930004119873 30.2304992675781 30.2320003509521 30.3021659851074 30.3455009460449 30.4091663360596 30.4011669158936 30.4678325653076 30.4933338165283 30.406665802002
28.8093318939209 28.7401657104492 28.8571662902832 28.9243335723877 28.9848346710205 29.0149993896484 29.1275005340576 29.0733337402344 29.0561676025391 29.1468334197998 29.2110004425049 29.3771667480469 29.429666519165 29.4411659240723 29.496166229248 29.408332824707 29.5669994354248 29.6511669158936 29.7021656036377 29.6393337249756 29.5438327789307 29.5884990692139 29.6014995574951 29.6326675415039 29.6603336334229 29.6221656799316 29.7418327331543 29.6493339538574 29.255500793457 28.9891662597656 28.9034996032715 28.9810009002686 29.0483341217041 29.1005001068115 29.1340007781982 29.1851673126221 29.2608337402344 29.4663333892822 29.8021659851074 30.070333480835 30.203498840332 30.2241668701172 30.2613334655762 30.3608322143555 30.4160003662109 30.3961658477783 30.4160003662109 30.441333770752 30.3940010070801
28.7683334350586 28.6338329315186 28.7889995574951 28.7516670227051 28.853666305542 28.9968338012695 28.992000579834 28.9365005493164 28.9988327026367 29.056999206543 29.1304988861084 29.3239994049072 29.320333480835 29.3363342285156 29.3859996795654 29.3766670227051 29.5049991607666 29.6464996337891 29.7075004577637 29.6708335876465 29.5636672973633 29.6599998474121 29.712833404541 29.5196666717529 29.3808326721191 29.3513336181641 29.3646659851074 29.3808326721191 29.3393325805664 29.1996669769287 28.9818344116211 28.9119987487793 29.026834487915 28.9696655273438 29.03466796875 29.2125015258789 29.2099990844727 29.3091659545898 29.7486667633057 30.1071662902832 30.2283325195312 30.2078323364258 30.2360000610352 30.3241672515869 30.3476676940918 30.3383331298828 30.3333339691162 30.3793334960938 30.3508338928223
28.7479991912842 28.5758323669434 28.6088333129883 28.6840000152588 28.8055000305176 28.9408340454102 28.804500579834 28.8939990997314 28.9888343811035 28.9851665496826 29.1040000915527 29.3110008239746 29.2728328704834 29.2950000762939 29.2694988250732 29.3211669921875 29.4559993743896 29.6315002441406 29.6935005187988 29.558666229248 29.4376659393311 29.6613330841064 29.6996669769287 29.546667098999 29.0473327636719 28.9739990234375 28.9699993133545 29.0683326721191 29.2563323974609 29.5856666564941 29.490665435791 29.0725002288818 28.9285011291504 28.997501373291 28.9763336181641 29.0476665496826 29.1375007629395 29.2056674957275 29.7028331756592 30.0804996490479 30.2204990386963 30.2231674194336 30.2274990081787 30.3234996795654 30.3398323059082 30.3048324584961 30.2781677246094 30.3099994659424 30.2205009460449
28.6375007629395 28.5634994506836 28.5830001831055 28.6714992523193 28.8346672058105 28.8053321838379 28.6588325500488 28.7338333129883 28.8156661987305 28.9284992218018 29.0201663970947 29.2388343811035 29.2788333892822 29.3225002288818 29.3190002441406 29.3581657409668 29.4915008544922 29.6643333435059 29.7306671142578 29.4981670379639 29.4340000152588 29.503833770752 29.6525001525879 29.6580009460449 29.0745010375977 28.9026660919189 28.9440002441406 29.0914993286133 29.4018325805664 29.8665008544922 29.8663330078125 29.2503337860107 28.8211669921875 28.900333404541 28.9883327484131 28.9286670684814 29.0708332061768 29.158332824707 29.5984992980957 29.9956665039062 30.1889991760254 30.1956653594971 30.2456665039062 30.2854995727539 30.3233337402344 30.2819995880127 30.2196655273438 30.2385005950928 30.1443328857422
28.4958343505859 28.4405002593994 28.5191669464111 28.6509990692139 28.7456665039062 28.6723327636719 28.5555000305176 28.5610008239746 28.6738319396973 28.8026657104492 28.9191665649414 29.1123332977295 29.1969985961914 29.2325000762939 29.3241672515869 29.4448337554932 29.542667388916 29.6410007476807 29.7274990081787 29.5356674194336 29.2318325042725 29.3446674346924 29.6886672973633 29.7320003509521 29.2053337097168 28.9443340301514 29.0049991607666 29.1464996337891 29.5806655883789 29.8568344116211 29.8628330230713 29.458667755127 28.8748340606689 28.8400001525879 28.8430004119873 28.8549995422363 28.9771671295166 29.0766677856445 29.5571670532227 29.9096660614014 30.1391658782959 30.2124996185303 30.2205009460449 30.2518329620361 30.2638320922852 30.2196655273438 30.1434993743896 30.1513328552246 30.0543346405029
28.3858337402344 28.530834197998 28.6146659851074 28.6655006408691 28.6873321533203 28.5809993743896 28.5403327941895 28.3941669464111 28.5176658630371 28.7061672210693 28.8245010375977 29.0611667633057 29.1455001831055 29.2511672973633 29.303165435791 29.3838329315186 29.529333114624 29.6389999389648 29.6711673736572 29.6116676330566 29.4051666259766 29.4371662139893 29.7371673583984 29.7580013275146 29.3225002288818 28.8524990081787 28.9381675720215 29.3575000762939 29.6736660003662 29.8448333740234 29.845832824707 29.6733322143555 29.1466674804688 29.0496673583984 28.9365005493164 28.8500003814697 28.8543338775635 28.9658336639404 29.388500213623 29.8481674194336 30.0984992980957 30.2109985351562 30.1588325500488 30.208833694458 30.2175006866455 30.1556663513184 30.0616664886475 30.0656661987305 30.0270004272461
28.4379997253418 28.5221672058105 28.5893325805664 28.6826667785645 28.6398334503174 28.4416656494141 28.5294990539551 28.4384994506836 28.4069995880127 28.6319999694824 28.7788333892822 29.0266666412354 29.0690002441406 29.173999786377 29.265832901001 29.3956661224365 29.5268325805664 29.6018333435059 29.6410007476807 29.5708332061768 29.5618324279785 29.644832611084 29.7205009460449 29.7439994812012 29.5688323974609 28.9524993896484 29.1639995574951 29.5591659545898 29.7756671905518 29.8093338012695 29.8066654205322 29.728666305542 29.6858329772949 29.5921669006348 29.3021659851074 29.0598335266113 28.8513336181641 28.8315010070801 29.1508331298828 29.7443332672119 30.070499420166 30.132999420166 30.0966663360596 30.1145000457764 30.1793346405029 30.1256675720215 29.9711666107178 29.9556674957275 29.9669990539551
