rasters/S.Sudan_bio8.asc
NCOLS 142 
NROWS 105 
XLLCORNER 24.121555621 
YLLCORNER 3.490201537 
CELLSIZE 0.0830935196478873 
NODATA_value -3.4e+38 
[rows 22 to 43 of 105, columns 0 to 48 of 142]
-3.4e+38 -3.4e+38 -3.4e+38 -3.4e+38 -3.4e+38 -3.4e+38 -3.4e+38 -3.4e+38 -3.4e+38 -3.4e+38 -3.4e+38 -3.4e+38 -3.4e+38 -3.4e+38 -3.4e+38 -3.4e+38 -3.4e+38 -3.4e+38 25.9653339385986 25.9663333892822 26.0219993591309 26.1023330688477 -3.4e+38 -3.4e+38 -3.4e+38 -3.4e+38 -3.4e+38 -3.4e+38 -3.4e+38 -3.4e+38 -3.4e+38 -3.4e+38 -3.4e+38 -3.4e+38 -3.4e+38 -3.4e+38 -3.4e+38 -3.4e+38 -3.4e+38 -3.4e+38 -3.4e+38 -3.4e+38 -3.4e+38 -3.4e+38 -3.4e+38 -3.4e+38 -3.4e+38 -3.4e+38 -3.4e+38
-3.4e+38 -3.4e+38 -3.4e+38 -3.4e+38 -3.4e+38 -3.4e+38 -3.4e+38 -3.4e+38 -3.4e+38 -3.4e+38 -3.4e+38 -3.4e+38 26.0321655273438 26.0283317565918 25.9403324127197 25.949333190918 25.9775009155273 25.9428329467773 25.9303340911865 25.9845008850098 26.0186672210693 26.1116676330566 -3.4e+38 -3.4e+38 -3.4e+38 -3.4e+38 -3.4e+38 -3.4e+38 -3.4e+38 -3.4e+38 -3.4e+38 -3.4e+38 -3.4e+38 -3.4e+38 -3.4e+38 -3.4e+38 -3.4e+38 -3.4e+38 -3.4e+38 -3.4e+38 -3.4e+38 -3.4e+38 -3.4e+38 -3.4e+38 -3.4e+38 -3.4e+38 -3.4e+38 -3.4e+38 -3.4e+38
-3.4e+38 -3.4e+38 -3.4e+38 -3.4e+38 -3.4e+38 -3.4e+38 -3.4e+38 -3.4e+38 -3.4e+38 -3.4e+38 -3.4e+38 25.7696666717529 25.8731670379639 25.8833332061768 25.920166015625 25.9766654968262 26.0301666259766 26.0241661071777 25.9808330535889 25.9768333435059 26.001335144043 26.1166667938232 -3.4e+38 -3.4e+38 -3.4e+38 -3.4e+38 -3.4e+38 -3.4e+38 -3.4e+38 -3.4e+38 -3.4e+38 -3.4e+38 -3.4e+38 -3.4e+38 -3.4e+38 -3.4e+38 -3.4e+38 -3.4e+38 -3.4e+38 -3.4e+38 -3.4e+38 -3.4e+38 -3.4e+38 -3.4e+38 -3.4e+38 -3.4e+38 -3.4e+38 -3.4e+38 -3.4e+38
-3.4e+38 -3.4e+38 -3.4e+38 -3.4e+38 -3.4e+38 -3.4e+38 -3.4e+38 -3.4e+38 -3.4e+38 -3.4e+38 -3.4e+38 25.7528343200684 25.77516746521 25.8315010070801 25.9581661224365 26.0044994354248 25.9149990081787 25.9785003662109 26.0154991149902 26.0275001525879 26.0580005645752 26.1814994812012 26.1606674194336 -3.4e+38 -3.4e+38 -3.4e+38 -3.4e+38 -3.4e+38 -3.4e+38 -3.4e+38 -3.4e+38 -3.4e+38 -3.4e+38 -3.4e+38 -3.4e+38 -3.4e+38 -3.4e+38 -3.4e+38 -3.4e+38 -3.4e+38 -3.4e+38 -3.4e+38 -3.4e+38 -3.4e+38 -3.4e+38 -3.4e+38 -3.4e+38 -3.4e+38 -3.4e+38
-3.4e+38 -3.4e+38 -3.4e+38 -3.4e+38 -3.4e+38 -3.4e+38 -3.4e+38 -3.4e+38 -3.4e+38 -3.4e+38 -3.4e+38 25.7671661376953 25.6601676940918 25.7276668548584 25.8516674041748 25.9178333282471 25.9856662750244 25.9806671142578 25.9233341217041 25.9366664886475 26.0276679992676 26.1486663818359 26.1641674041748 26.1254997253418 -3.4e+38 -3.4e+38 -3.4e+38 -3.4e+38 -3.4e+38 -3.4e+38 -3.4e+38 -3.4e+38 -3.4e+38 -3.4e+38 -3.4e+38 -3.4e+38 -3.4e+38 -3.4e+38 -3.4e+38 -3.4e+38 -3.4e+38 -3.4e+38 -3.4e+38 -3.4e+38 -3.4e+38 -3.4e+38 -3.4e+38 -3.4e+38 -3.4e+38
-3.4e+38 -3.4e+38 -3.4e+38 -3.4e+38 -3.4e+38 -3.4e+38 -3.4e+38 -3.4e+38 -3.4e+38 -3.4e+38 -3.4e+38 25.6094989776611 25.566499710083 25.6078338623047 25.744499206543 25.8274993896484 25.8328323364258 25.8568344116211 25.7988319396973 25.8613319396973 25.9503326416016 26.0265007019043 26.1401672363281 26.1618328094482 26.0881671905518 -3.4e+38 -3.4e+38 -3.4e+38 -3.4e+38 -3.4e+38 -3.4e+38 -3.4e+38 -3.4e+38 -3.4e+38 -3.4e+38 -3.4e+38 -3.4e+38 -3.4e+38 -3.4e+38 -3.4e+38 -3.4e+38 -3.4e+38 -3.4e+38 -3.4e+38 -3.4e+38 -3.4e+38 -3.4e+38 -3.4e+38 -3.4e+38
-339999999999999996123846586046231871488.000000000000000 -3.4e+38 -3.4e+38 -3.4e+38 -3.4e+38 -3.4e+38 -3.4e+38 -3.4e+38 -3.4e+38 -3.4e+38 25.5995006561279 25.525333404541 25.4763336181641 25.5060005187988 25.5323333740234 25.5579986572266 25.6138343811035 25.6669998168945 25.7514991760254 25.8328323364258 25.8269996643066 25.9243335723877 26.0170001983643 26.1461658477783 26.1424999237061 26.0788345336914 -3.4e+38 -3.4e+38 -3.4e+38 -3.4e+38 -3.4e+38 -3.4e+38 -3.4e+38 -3.4e+38 -3.4e+38 -3.4e+38 -3.4e+38 -3.4e+38 -3.4e+38 -3.4e+38 -3.4e+38 -3.4e+38 -3.4e+38 -3.4e+38 -3.4e+38 -3.4e+38 -3.4e+38 -3.4e+38 -3.4e+38
-3.4e+38 -3.4e+38 -3.4e+38 -3.4e+38 -3.4e+38 -3.4e+38 -3.4e+38 -3.4e+38 -3.4e+38 25.5478324890137 25.4309997558594 25.4253330230713 25.4103336334229 25.3853340148926 25.3740005493164 25.4818344116211 25.5706672668457 25.5913333892822 25.6641654968262 25.7770004272461 25.727165222168 25.8308334350586 25.986665725708 26.0728340148926 25.9553337097168 25.988000869751 26.132833480835 -3.4e+38 -3.4e+38 -3.4e+38 -3.4e+38 -3.4e+38 -3.4e+38 -3.4e+38 -3.4e+38 -3.4e+38 -3.4e+38 -3.4e+38 -3.4e+38 -3.4e+38 -3.4e+38 -3.4e+38 -3.4e+38 -3.4e+38 -3.4e+38 -3.4e+38 -3.4e+38 -3.4e+38 -3.4e+38
-3.4e+38 -3.4e+38 -3.4e+38 -3.4e+38 -3.4e+38 -3.4e+38 -3.4e+38 -3.4e+38 -3.4e+38 25.3438339233398 25.2816677093506 25.3153343200684 25.2988338470459 25.204833984375 25.1438331604004 25.2915000915527 25.4071674346924 25.5096664428711 25.5671672821045 25.6696662902832 25.6941661834717 25.8198337554932 25.9653339385986 25.976167678833 25.8768329620361 25.9323329925537 26.0608329772949 26.0658340454102 -3.4e+38 -3.4e+38 -3.4e+38 -3.4e+38 -3.4e+38 -3.4e+38 -3.4e+38 -3.4e+38 -3.4e+38 -3.4e+38 -3.4e+38 -3.4e+38 -3.4e+38 -3.4e+38 -3.4e+38 -3.4e+38 -3.4e+38 -3.4e+38 -3.4e+38 -3.4e+38 -3.4e+38
-3.4e+38 -3.4e+38 -3.4e+38 -3.4e+38 -3.4e+38 -3.4e+38 -3.4e+38 -3.4e+38 -3.4e+38 25.2133331298828 25.2378330230713 25.2506675720215 25.1936664581299 25.0528335571289 24.9890003204346 25.0590000152588 25.1875 25.359167098999 25.1311664581299 25.5970001220703 25.6614990234375 25.7098331451416 25.7858333587646 25.8578338623047 25.8554992675781 25.9263324737549 25.988166809082 25.9943332672119 26.1319999694824 -3.4e+38 -3.4e+38 -3.4e+38 -3.4e+38 -3.4e+38 -3.4e+38 -3.4e+38 -3.4e+38 -3.4e+38 -3.4e+38 -3.4e+38 -3.4e+38 -3.4e+38 -3.4e+38 -3.4e+38 -3.4e+38 -3.4e+38 -3.4e+38 -3.4e+38 -3.4e+38
-3.4e+38 -3.4e+38 -3.4e+38 -3.4e+38 -3.4e+38 -3.4e+38 -3.4e+38 -3.4e+38 -3.4e+38 25.0380001068115 25.1286659240723 25.1598339080811 25.0463333129883 25.011833190918 24.9609985351562 24.8950004577637 25.1604995727539 25.0361671447754 25.2956657409668 25.4276676177979 25.4396667480469 25.533166885376 25.5981674194336 25.7228336334229 25.7878341674805 25.8150005340576 25.8716659545898 25.980167388916 26.0691661834717 -3.4e+38 -3.4e+38 -3.4e+38 -3.4e+38 -3.4e+38 26.0884990692139 26.1404991149902 26.2070007324219 26.1146659851074 26.1431655883789 26.2443332672119 26.2038326263428 26.3038330078125 26.3708343505859 26.3673324584961 26.4021663665771 26.4341659545898 -3.4e+38 -3.4e+38 -3.4e+38
-3.4e+38 -3.4e+38 -3.4e+38 -3.4e+38 -3.4e+38 -3.4e+38 -3.4e+38 -3.4e+38 24.9739990234375 24.9398326873779 25.0076656341553 25.0209999084473 24.8724994659424 24.8438339233398 24.9311656951904 25.0370006561279 25.1593341827393 25.1590003967285 25.1853332519531 25.2285003662109 25.289665222168 25.3778343200684 25.4759998321533 25.6246662139893 25.6443328857422 25.720666885376 25.8455009460449 25.9204998016357 25.9476661682129 25.957332611084 26.0176658630371 26.0865001678467 26.0461673736572 26.0063323974609 26.0669994354248 26.1726665496826 26.1561660766602 26.1718330383301 26.1599998474121 26.1451663970947 26.2066669464111 26.2360000610352 26.2668342590332 26.3346672058105 26.4661674499512 26.4796676635742 26.4903335571289 -3.4e+38 -3.4e+38
-3.4e+38 -3.4e+38 -3.4e+38 -3.4e+38 -3.4e+38 -3.4e+38 -3.4e+38 24.8676662445068 24.7943344116211 24.7838325500488 24.9169998168945 24.8946666717529 24.6356658935547 24.7503337860107 24.8920001983643 25.0003337860107 25.007833480835 25.0126667022705 24.9931659698486 25.0650005340576 25.2049999237061 25.3115005493164 25.4288330078125 25.5021667480469 25.5453338623047 25.6693325042725 25.7668323516846 25.8278331756592 25.8486671447754 25.8941669464111 25.9193344116211 26.0223331451416 25.9803333282471 26.0056667327881 26.117166519165 26.1618328094482 26.098165512085 26.1223335266113 26.0959987640381 26.1284999847412 26.1933326721191 26.2536659240723 26.2768325805664 26.3271656036377 26.3864994049072 26.3888320922852 26.3334999084473 -3.4e+38 -3.4e+38
-3.4e+38 -3.4e+38 -3.4e+38 -3.4e+38 -3.4e+38 -3.4e+38 -3.4e+38 24.6951675415039 24.5056667327881 24.6158332824707 24.7738342285156 24.8241672515869 24.7133331298828 24.6331672668457 24.7773323059082 24.8271675109863 24.8693332672119 24.7999992370605 24.8583335876465 25.0639991760254 25.166166305542 25.2616672515869 25.3398342132568 25.3831672668457 25.431999206543 25.5138339996338 25.6526660919189 25.7323341369629 25.7338333129883 25.7683334350586 25.8330001831055 25.8743343353271 25.9023342132568 26.0834999084473 26.1476669311523 26.1414985656738 26.0528335571289 26.0018329620361 26.0709991455078 26.1911659240723 26.2434997558594 26.3073329925537 26.2948341369629 26.3156661987305 26.3258323669434 26.3169994354248 26.275333404541 26.3225002288818 26.3513336181641
-3.4e+38 -3.4e+38 -3.4e+38 -3.4e+38 -3.4e+38 -3.4e+38 -3.4e+38 24.5261669158936 24.4540004730225 24.5060005187988 24.671501159668 24.695333480835 24.5793342590332 24.5126667022705 24.5093326568604 24.5943336486816 24.6693325042725 24.6968326568604 24.8328323364258 25.0383338928223 25.2196655273438 25.3579998016357 25.4016666412354 25.4323329925537 25.4638328552246 25.4773330688477 25.5583324432373 25.6198329925537 25.7096672058105 25.7526664733887 25.7546672821045 25.8115005493164 25.929666519165 26.1518325805664 26.1653327941895 26.2138328552246 26.1089992523193 26.0521659851074 26.0931663513184 26.1818332672119 26.2391662597656 26.3064994812012 26.3698329925537 26.3661670684814 26.3460006713867 26.3596668243408 26.4195003509521 26.4998321533203 26.505500793457
-3.4e+38 -3.4e+38 -3.4e+38 -3.4e+38 -3.4e+38 -3.4e+38 -3.4e+38 24.4825000762939 24.4459991455078 24.5089988708496 24.5361671447754 24.6101665496826 24.4723320007324 24.2986660003662 24.4813327789307 24.6145000457764 24.6061668395996 24.7970008850098 24.8601665496826 24.9133338928223 25.0736656188965 25.2765007019043 25.3871669769287 25.4389991760254 25.4890003204346 25.4878330230713 25.5568332672119 25.5811653137207 25.6404991149902 25.7509994506836 25.8696670532227 25.970832824707 26.0715007781982 26.1159992218018 26.158166885376 26.132999420166 26.1486663818359 26.0718326568604 26.1298332214355 26.2531661987305 26.2621669769287 26.2964992523193 26.372501373291 26.4276657104492 26.529167175293 26.5236663818359 26.5120010375977 26.5424995422363 26.5594997406006
-3.4e+38 -3.4e+38 -3.4e+38 -3.4e+38 -3.4e+38 -3.4e+38 23.8266658782959 24.1811676025391 24.2553329467773 24.4363327026367 24.3503341674805 24.4611663818359 24.4056663513184 24.4031658172607 24.5229988098145 24.7024993896484 24.772834777832 24.9106674194336 25.0131664276123 24.8880004882812 24.9781665802002 25.1254997253418 25.3113327026367 25.3985004425049 25.4820003509521 25.4750003814697 25.5021667480469 25.5628337860107 25.7754993438721 25.8150005340576 25.7923336029053 25.7220001220703 25.8500003814697 25.9815006256104 25.8728332519531 25.8346672058105 25.9623336791992 26.1030006408691 26.216667175293 26.2671661376953 26.2446670532227 26.3188323974609 26.3503341674805 26.4751663208008 26.5821666717529 26.5265007019043 26.4856662750244 26.5 26.558500289917
-3.4e+38 -3.4e+38 -3.4e+38 -3.4e+38 -3.4e+38 -3.4e+38 23.8143329620361 23.8568325042725 24.0508327484131 24.2636661529541 24.1529998779297 24.2196674346924 24.3471660614014 24.4078330993652 24.5556659698486 24.6310005187988 24.8261661529541 24.8896675109863 24.9623336791992 25.0406665802002 25.103666305542 25.1806659698486 25.2215003967285 25.2655010223389 25.3746662139893 25.5283336639404 25.6121673583984 25.6356658935547 25.6625003814697 25.5071659088135 25.5681667327881 25.5813331604004 25.7006664276123 25.8698329925537 25.6301670074463 25.6388320922852 25.7203330993652 25.9580001831055 26.1979999542236 26.2385005950928 26.292667388916 26.3425006866455 26.3983325958252 26.4716663360596 26.4621658325195 26.4233322143555 26.4435005187988 26.4858322143555 26.5538330078125
-3.4e+38 -3.4e+38 -3.4e+38 -3.4e+38 -3.4e+38 23.7151660919189 23.8050003051758 23.492166519165 23.8111667633057 24.0340003967285 24.0373344421387 24.0221672058105 24.183500289917 24.1496658325195 24.365665435791 24.462833404541 24.7333335876465 24.7670001983643 24.8201675415039 24.9663333892822 24.9869995117188 25.1280002593994 25.2361660003662 25.255500793457 25.3986663818359 25.4993324279785 25.4536666870117 25.4386672973633 25.3675003051758 25.4130001068115 25.4738330841064 25.4095001220703 25.5418338775635 25.6901664733887 25.5886669158936 25.4638328552246 25.5719985961914 25.7501678466797 25.9718322753906 26.1669998168945 26.1491661071777 26.2689990997314 26.3460006713867 26.3554992675781 26.3979988098145 26.5288333892822 26.5453338623047 26.5394992828369 26.5428333282471
-3.4e+38 -3.4e+38 23.3463325500488 22.7548332214355 22.3980007171631 22.9861679077148 23.3966674804688 23.496000289917 23.5939998626709 23.943000793457 24.0985012054443 24.0860004425049 24.2361679077148 24.1341667175293 24.3330001831055 24.5701675415039 24.7674999237061 24.8471660614014 24.9351654052734 25.0091667175293 24.9645004272461 25.1271667480469 25.2043342590332 25.3026657104492 25.3190002441406 25.4053344726562 25.2550010681152 25.279167175293 25.3255004882812 25.320499420166 25.3171672821045 25.3771667480469 25.5410003662109 25.658332824707 25.5475006103516 25.4403343200684 25.5738334655762 25.6356658935547 25.7768325805664 26.0995006561279 26.1180000305176 26.170166015625 26.1823329925537 26.1263332366943 26.28733253479 26.3939990997314 26.4699993133545 26.462833404541 26.486499786377
-3.4e+38 23.2228336334229 22.904333114624 22.7671661376953 22.4449996948242 22.5965003967285 23.2626667022705 23.6464996337891 23.7059993743896 23.828498840332 24.0914993286133 24.1738338470459 24.220666885376 24.3106670379639 24.3624992370605 24.6003341674805 24.6894989013672 24.8208332061768 24.9039993286133 24.9923324584961 25.1089992523193 25.1718330383301 25.1984996795654 25.1879997253418 25.2910003662109 25.3240013122559 25.2488327026367 25.1353340148926 25.244499206543 25.1765003204346 25.25950050354 25.3859996795654 25.5100002288818 25.4891662597656 25.5296669006348 25.4563331604004 25.4733333587646 25.5464992523193 25.6456661224365 25.8501663208008 25.8933334350586 25.984001159668 26.0886669158936 26.1049995422363 26.2923336029053 26.3455009460449 26.3578338623047 26.3819999694824 26.4249992370605
-3.4e+38 -3.4e+38 23.0165004730225 23.1281661987305 22.8781661987305 22.7136669158936 23.4056663513184 23.6399993896484 23.8374996185303 23.8560009002686 23.9793338775635 24.1568336486816 24.2864990234375 24.2323341369629 24.2518329620361 24.3115005493164 24.3656673431396 24.4720001220703 24.5688323974609 24.8236675262451 25.0068340301514 24.9816665649414 25.0063343048096 25.1243324279785 25.0628337860107 25.1911659240723 25.1061668395996 25.0329990386963 25.0960006713867 25.1791667938232 25.2866668701172 25.3651657104492 25.4521675109863 25.3638343811035 25.445499420166 25.4776668548584 25.4354991912842 25.5111675262451 25.570499420166 25.708833694458 25.783166885376 25.9113330841064 26.0883331298828 26.1741676330566 26.1556663513184 26.1123332977295 26.2328338623047 26.3249988555908 26.4103336334229
