rasters/SaudiArabia_bio4.asc
NCOLS 253 
NROWS 189 
XLLCORNER 34.572764529 
YLLCORNER 16.370957701 
CELLSIZE 0.0832600798498024 
NODATA_value -3.4e+38 
[rows 132 to 153 of 189, columns 200 to 249 of 253]
628.822814941406 627.939208984375 627.469299316406 627.859558105469 627.380126953125 626.742980957031 626.848388671875 627.141174316406 626.626098632812 626.37939453125 626.219848632812 625.723022460938 624.924682617188 625.001159667969 625.287475585938 624.845642089844 624.352966308594 623.775512695312 623.486633300781 624.564025878906 624.890991210938 624.393249511719 624.396728515625 624.744079589844 624.588073730469 625.005187988281 625.015014648438 623.595520019531 622.058654785156 621.114685058594 620.066772460938 619.554260253906 619.031921386719 618.621826171875 618.20947265625 617.562316894531 616.901062011719 617.171997070312 616.36962890625 614.717590332031 613.367309570312 613.280578613281 612.101684570312 609.424987792969 607.832885742188 610.483825683594 613.036987304688 611.732116699219 609.895935058594 -3.4e+38
626.947204589844 626.953369140625 626.11328125 625.050659179688 625.535705566406 625.461547851562 624.206970214844 624.074157714844 623.870727539062 623.544311523438 623.355224609375 622.722900390625 622.962524414062 622.781799316406 622.989929199219 623.17724609375 622.521179199219 622.036315917969 622.211669921875 622.551330566406 622.906005859375 622.336059570312 621.950500488281 622.131164550781 622.163757324219 622.103271484375 621.637512207031 620.340270996094 619.029602050781 618.610717773438 617.641296386719 616.281860351562 615.734436035156 615.72998046875 615.461547851562 614.766662597656 614.543334960938 613.959167480469 613.380798339844 612.359375 611.158569335938 609.889770507812 611.414733886719 607.273620605469 609.051696777344 611.145263671875 610.721618652344 609.241577148438 606.924560546875 -3.4e+38
624.415222167969 624.964904785156 624.532409667969 623.512817382812 623.447204589844 622.404052734375 621.888244628906 621.620483398438 622.008544921875 621.714782714844 621.008666992188 620.230041503906 620.007263183594 620.567749023438 620.313110351562 620.646423339844 620.192504882812 620.371276855469 620.512817382812 620.754943847656 620.210388183594 620.173889160156 619.903503417969 620.0185546875 620.306640625 620.388610839844 619.090759277344 617.402954101562 616.684814453125 616.331787109375 615.382141113281 613.8134765625 612.350280761719 611.504028320312 611.233093261719 611.245483398438 611.415710449219 610.887023925781 610.327026367188 609.692504882812 608.68310546875 609.722290039062 612.842590332031 608.974670410156 609.680603027344 609.519409179688 608.843627929688 606.516296386719 -3.4e+38 -3.4e+38
623.144714355469 623.053527832031 621.884216308594 621.723754882812 620.87744140625 620.381286621094 619.955261230469 619.724853515625 619.068664550781 619.151245117188 618.709289550781 617.915710449219 618.142028808594 617.694885253906 617.855834960938 618.246765136719 617.790283203125 618.169677734375 618.210144042969 618.233581542969 618.453002929688 618.251525878906 617.598388671875 617.793395996094 618.290161132812 617.521301269531 616.603942871094 615.061401367188 614.247924804688 612.89208984375 612.084533691406 611.265563964844 610.027160644531 608.867309570312 608.173522949219 607.795654296875 607.789672851562 607.983581542969 607.307739257812 607.05908203125 607.285339355469 609.10986328125 611.192138671875 610.2744140625 608.803039550781 607.615356445312 604.320983886719 597.950439453125 -3.4e+38 -3.4e+38
621.216003417969 620.529113769531 620.009399414062 618.631591796875 618.457275390625 618.282775878906 617.624084472656 616.417724609375 616.545471191406 616.019958496094 615.939697265625 615.527709960938 615.569152832031 615.937744140625 615.853454589844 615.856994628906 615.706787109375 615.552062988281 616.380187988281 616.432739257812 616.217102050781 615.574157714844 615.317810058594 615.828002929688 615.740844726562 614.939086914062 613.864440917969 612.128601074219 610.671813964844 610.317504882812 609.991455078125 608.122863769531 607.529174804688 606.127258300781 605.882080078125 605.891479492188 605.588806152344 605.682312011719 605.440185546875 605.855224609375 606.770812988281 605.442077636719 605.680969238281 606.936706542969 604.81591796875 604.140625 599.962036132812 594.399353027344 -3.4e+38 -3.4e+38
618.459228515625 618.336364746094 617.122009277344 616.433166503906 616.720642089844 615.513671875 614.572204589844 614.286682128906 614.168334960938 614.063415527344 614.224243164062 613.559936523438 613.6513671875 613.016540527344 613.024536132812 613.1123046875 613.224304199219 613.440612792969 613.786071777344 613.85791015625 613.677551269531 613.142395019531 613.080688476562 613.193969726562 613.01025390625 612.164611816406 610.663696289062 609.421264648438 608.240112304688 608.419982910156 607.914123535156 605.1552734375 603.430480957031 603.021911621094 602.593872070312 603.402770996094 603.385864257812 603.038696289062 604.973876953125 606.328186035156 605.254699707031 603.374328613281 601.760375976562 603.282653808594 597.541442871094 597.210571289062 599.220092773438 -3.4e+38 -3.4e+38 -3.4e+38
616.152099609375 616.538757324219 615.10693359375 614.211730957031 613.444030761719 613.059020996094 613.107299804688 612.625793457031 612.239196777344 612.231506347656 611.983764648438 611.450927734375 610.286804199219 609.901184082031 609.859680175781 610.242736816406 610.795166015625 610.94140625 610.815002441406 610.641967773438 610.340148925781 609.823608398438 610.019348144531 610.567749023438 610.20263671875 609.616271972656 607.611572265625 606.715698242188 607.336364746094 605.945251464844 605.10400390625 603.213928222656 601.247619628906 600.431091308594 600.597839355469 600.515014648438 600.438171386719 600.711364746094 604.134033203125 606.105041503906 604.156860351562 601.490905761719 601.022888183594 601.19140625 597.493713378906 593.726013183594 595.843994140625 -3.4e+38 -3.4e+38 -3.4e+38
613.603759765625 612.794311523438 612.499267578125 611.846496582031 611.010131835938 610.244079589844 610.626098632812 610.382568359375 609.643188476562 609.249633789062 608.712585449219 607.9443359375 607.146606445312 607.415710449219 607.12841796875 607.510009765625 607.511291503906 607.307678222656 607.282470703125 607.392395019531 606.392883300781 607.040832519531 606.970764160156 607.503662109375 607.109191894531 606.045532226562 604.612854003906 604.210815429688 604.027770996094 603.618347167969 603.502014160156 601.207763671875 599.418395996094 599.328002929688 598.969848632812 598.562927246094 599.735961914062 599.973327636719 602.57666015625 604.338256835938 603.100219726562 602.234313964844 601.2861328125 599.132141113281 595.987670898438 590.066101074219 588.577880859375 -3.4e+38 -3.4e+38 -3.4e+38
610.302490234375 610.358825683594 610.2626953125 609.67333984375 608.692443847656 607.482421875 607.13330078125 606.976867675781 606.005615234375 605.493408203125 604.960510253906 604.960632324219 604.3994140625 604.087097167969 604.20068359375 604.217651367188 603.732727050781 603.662658691406 602.848388671875 602.888061523438 603.616821289062 603.279052734375 603.58447265625 603.778503417969 603.5673828125 602.22998046875 601.373962402344 601.586730957031 601.744995117188 600.845031738281 599.417358398438 598.013061523438 597.567443847656 596.585754394531 596.859252929688 598.587280273438 599.548767089844 600.550598144531 601.411437988281 600.591247558594 599.415222167969 598.588989257812 597.090698242188 594.716430664062 591.119262695312 588.950439453125 -3.4e+38 -3.4e+38 -3.4e+38 -3.4e+38
608.928405761719 608.192016601562 606.859313964844 605.855834960938 605.43701171875 604.733581542969 604.084899902344 603.556823730469 603.314086914062 602.509521484375 601.673095703125 601.562316894531 601.211242675781 600.836791992188 600.777526855469 600.589660644531 600.303161621094 600.032043457031 599.905212402344 599.945373535156 600.230834960938 600.6796875 600.887023925781 600.960998535156 599.938598632812 598.446716308594 597.446472167969 596.883422851562 597.662475585938 597.000671386719 595.945983886719 595.6298828125 595.373413085938 594.872863769531 596.002075195312 597.076232910156 597.130126953125 599.203735351562 597.700439453125 598.144409179688 596.705932617188 594.833618164062 593.840637207031 591.790832519531 589.040588378906 586.957153320312 -3.4e+38 -3.4e+38 -3.4e+38 -3.4e+38
605.848205566406 604.910766601562 603.796813964844 603.192321777344 602.647705078125 602.03515625 601.710266113281 600.645874023438 600.650512695312 599.817260742188 598.876708984375 598.583801269531 597.731811523438 597.387817382812 598.146118164062 597.947875976562 597.191589355469 596.786560058594 596.883239746094 596.733581542969 596.968688964844 597.63525390625 597.608154296875 597.649536132812 596.209777832031 594.990295410156 593.138122558594 593.384216308594 593.5810546875 594.729919433594 594.812377929688 593.342834472656 593.929260253906 594.121215820312 595.752380371094 596.134704589844 596.237365722656 595.443420410156 596.005920410156 595.692932128906 594.24169921875 592.365844726562 590.2109375 589.156799316406 586.854736328125 585.418884277344 -3.4e+38 -3.4e+38 -3.4e+38 -3.4e+38
603.990112304688 602.851379394531 601.749938964844 600.86865234375 599.530517578125 599.435363769531 598.596374511719 597.959167480469 596.958679199219 596.486206054688 596.032653808594 595.274963378906 594.872741699219 594.974060058594 593.877014160156 593.78662109375 593.559143066406 593.405700683594 593.481750488281 593.854431152344 594.3193359375 594.418579101562 594.11767578125 593.563232421875 591.956298828125 591.18994140625 590.474365234375 590.020080566406 590.807067871094 591.879455566406 593.18798828125 592.296447753906 594.267639160156 594.9970703125 595.400085449219 595.050354003906 595.881713867188 594.847534179688 593.409240722656 592.572631835938 592.139099121094 590.515380859375 588.942199707031 586.995483398438 586.507202148438 -3.4e+38 -3.4e+38 -3.4e+38 -3.4e+38 -3.4e+38
601.236877441406 599.917602539062 598.335510253906 597.788208007812 597.140991210938 595.516174316406 595.338073730469 594.648071289062 593.582153320312 593.12060546875 592.414306640625 591.546508789062 591.444152832031 590.963989257812 590.4384765625 590.025817871094 589.741638183594 590.176879882812 590.597351074219 590.685241699219 590.604309082031 590.283508300781 589.314331054688 588.482116699219 588.013366699219 587.939575195312 588.133605957031 587.344360351562 587.101135253906 588.002624511719 589.414672851562 589.930847167969 592.323120117188 592.673217773438 593.230407714844 593.614135742188 593.330078125 593.443603515625 591.810424804688 591.548034667969 590.644470214844 588.289611816406 586.990295410156 585.835815429688 584.037170410156 -3.4e+38 -3.4e+38 -3.4e+38 -3.4e+38 -3.4e+38
597.033996582031 596.118957519531 595.513244628906 594.673583984375 593.104370117188 591.979553222656 591.414123535156 590.719665527344 590.430297851562 589.336853027344 588.400024414062 587.462280273438 587.147094726562 587.213745117188 586.562072753906 585.994079589844 586.216491699219 586.589416503906 587.237854003906 586.892578125 585.990478515625 585.292785644531 584.111083984375 583.325439453125 583.699768066406 584.1787109375 584.228088378906 583.816345214844 583.679626464844 585.257080078125 586.793884277344 588.468627929688 589.710266113281 590.343933105469 590.334899902344 591.183227539062 591.274047851562 591.456726074219 590.048767089844 588.959289550781 586.938232421875 585.719604492188 584.555541992188 -3.4e+38 -3.4e+38 -3.4e+38 -3.4e+38 -3.4e+38 -3.4e+38 -3.4e+38
594.402038574219 593.3935546875 592.016784667969 590.848266601562 589.901184082031 589.086486816406 587.5654296875 587.190124511719 586.334899902344 585.26025390625 584.692016601562 583.846557617188 583.925415039062 583.276489257812 582.579711914062 582.579956054688 582.708618164062 582.647216796875 582.691650390625 581.761047363281 580.905517578125 580.912170410156 580.353759765625 579.419921875 579.495239257812 579.166381835938 579.565856933594 579.498901367188 580.437133789062 582.447937011719 584.452209472656 585.651306152344 586.458740234375 587.380798339844 586.86865234375 587.704223632812 587.592041015625 586.47998046875 585.8388671875 584.628845214844 -3.4e+38 -3.4e+38 -3.4e+38 -3.4e+38 -3.4e+38 -3.4e+38 -3.4e+38 -3.4e+38 -3.4e+38 -3.4e+38
590.718994140625 589.292175292969 588.283630371094 587.209716796875 585.585754394531 584.946899414062 584.094604492188 582.937927246094 582.309509277344 581.401062011719 580.598693847656 579.832580566406 579.505310058594 579.069702148438 578.378112792969 578.537963867188 578.448181152344 577.577697753906 576.566650390625 575.943054199219 575.989624023438 576.056274414062 576.597045898438 575.635314941406 573.425964355469 573.10986328125 573.788818359375 574.263793945312 574.870788574219 576.057189941406 580.719299316406 582.332336425781 582.6640625 583.503356933594 582.686828613281 582.685729980469 581.97802734375 -3.4e+38 -3.4e+38 -3.4e+38 -3.4e+38 -3.4e+38 -3.4e+38 -3.4e+38 -3.4e+38 -3.4e+38 -3.4e+38 -3.4e+38 -3.4e+38 -3.4e+38
587.232421875 586.102172851562 585.210632324219 583.722778320312 582.480651855469 581.609375 580.712829589844 579.352600097656 578.631530761719 577.663757324219 576.447875976562 576.094604492188 575.640991210938 574.859191894531 574.720703125 574.537170410156 574.344970703125 572.804931640625 571.985229492188 571.715209960938 571.936462402344 572.456665039062 572.285400390625 572.093505859375 570.288330078125 569.403076171875 570.197814941406 570.828430175781 572.741394042969 574.274963378906 576.586730957031 578.611877441406 579.814514160156 580.441772460938 -3.4e+38 -3.4e+38 -3.4e+38 -3.4e+38 -3.4e+38 -3.4e+38 -3.4e+38 -3.4e+38 -3.4e+38 -3.4e+38 -3.4e+38 -3.4e+38 -3.4e+38 -3.4e+38 -3.4e+38 -3.4e+38
583.749816894531 582.769348144531 581.12548828125 579.683044433594 578.4619140625 577.416381835938 576.307250976562 575.575439453125 574.913024902344 573.959899902344 572.804870605469 571.594177246094 571.575622558594 570.955444335938 570.941162109375 570.192993164062 568.899780273438 568.115783691406 568.328002929688 568.059631347656 567.758361816406 568.670837402344 568.420043945312 568.19921875 568.969116210938 568.696472167969 569.097045898438 569.918701171875 570.983520507812 572.888305664062 573.980041503906 -3.4e+38 -3.4e+38 -3.4e+38 -3.4e+38 -3.4e+38 -3.4e+38 -3.4e+38 -3.4e+38 -3.4e+38 -3.4e+38 -3.4e+38 -3.4e+38 -3.4e+38 -3.4e+38 -3.4e+38 -3.4e+38 -3.4e+38 -3.4e+38 -3.4e+38
580.562866210938 578.851806640625 577.580749511719 576.094787597656 574.829956054688 574.013977050781 572.920043945312 571.800903320312 570.943481445312 569.76904296875 568.589050292969 568.033386230469 567.595947265625 567.359680175781 566.767272949219 564.944213867188 564.337890625 564.497924804688 564.524230957031 564.760620117188 564.758056640625 565.4755859375 564.614868164062 564.659606933594 565.426330566406 566.811218261719 567.455017089844 568.195922851562 -3.4e+38 -3.4e+38 -3.4e+38 -3.4e+38 -3.4e+38 -3.4e+38 -3.4e+38 -3.4e+38 -3.4e+38 -3.4e+38 -3.4e+38 -3.4e+38 -3.4e+38 -3.4e+38 -3.4e+38 -3.4e+38 -3.4e+38 -3.4e+38 -3.4e+38 -3.4e+38 -3.4e+38 -3.4e+38
577.356872558594 575.398132324219 573.985900878906 572.803405761719 571.332824707031 570.050109863281 568.676147460938 567.72021484375 566.7939453125 565.183227539062 564.2861328125 563.600646972656 563.585327148438 562.272644042969 560.596130371094 560.006225585938 559.61962890625 559.602111816406 560.312072753906 560.927795410156 560.904357910156 561.411926269531 561.712463378906 562.162963867188 562.129516601562 -3.4e+38 -3.4e+38 -3.4e+38 -3.4e+38 -3.4e+38 -3.4e+38 -3.4e+38 -3.4e+38 -3.4e+38 -3.4e+38 -3.4e+38 -3.4e+38 -3.4e+38 -3.4e+38 -3.4e+38 -3.4e+38 -3.4e+38 -3.4e+38 -3.4e+38 -3.4e+38 -3.4e+38 -3.4e+38 -3.4e+38 -3.4e+38 -3.4e+38
573.065002441406 571.21337890625 570.241882324219 569.117797851562 567.641845703125 566.221557617188 564.624206542969 563.48291015625 562.115112304688 561.383666992188 560.249389648438 559.233642578125 557.432495117188 556.227783203125 555.721374511719 555.351928710938 555.684143066406 555.643920898438 556.356140136719 556.56884765625 556.787353515625 557.019836425781 -3.4e+38 -3.4e+38 -3.4e+38 -3.4e+38 -3.4e+38 -3.4e+38 -3.4e+38 -3.4e+38 -3.4e+38 -3.4e+38 -3.4e+38 -3.4e+38 -3.4e+38 -3.4e+38 -3.4e+38 -3.4e+38 -3.4e+38 -3.4e+38 -3.4e+38 -3.4e+38 -3.4e+38 -3.4e+38 -3.4e+38 -3.4e+38 -3.4e+38 -3.4e+38 -3.4e+38 -3.4e+38
568.9501953125 567.305969238281 565.986511230469 564.559936523438 562.960021972656 561.628967285156 560.368286132812 558.84326171875 557.99853515625 556.565856933594 554.88134765625 552.648010253906 551.451782226562 550.918823242188 551.043762207031 551.244750976562 551.236022949219 551.119506835938 551.1533203125 -3.4e+38 -3.4e+38 -3.4e+38 -3.4e+38 -3.4e+38 -3.4e+38 -3.4e+38 -3.4e+38 -3.4e+38 -3.4e+38 -3.4e+38 -3.4e+38 -3.4e+38 -3.4e+38 -3.4e+38 -3.4e+38 -3.4e+38 -3.4e+38 -3.4e+38 -3.4e+38 -3.4e+38 -3.4e+38 -3.4e+38 -3.4e+38 -3.4e+38 -3.4e+38 -3.4e+38 -3.4e+38 -3.4e+38 -3.4e+38 -3.4e+38
