rasters/SaudiArabia_bio4.asc
NCOLS 253 
NROWS 189 
XLLCORNER 34.572764529 
YLLCORNER 16.370957701 
CELLSIZE 0.0832600798498024 
NODATA_value -3.4e+38 
[rows 66 to 87 of 189, columns 100 to 149 of 253]
836.484008789062 836.929565429688 837.813903808594 839.669250488281 840.877624511719 843.601867675781 847.736267089844 849.05322265625 848.487487792969 850.619201660156 851.950500488281 853.210205078125 855.197143554688 857.534973144531 861.905700683594 865.087890625 868.763427734375 872.532287597656 875.7529296875 880.169921875 883.996948242188 886.283386230469 888.258666992188 890.728088378906 888.338928222656 888.74267578125 890.831909179688 892.1103515625 893.184387207031 893.776916503906 893.202880859375 892.668395996094 893.199035644531 894.306396484375 896.261840820312 898.137145996094 897.553955078125 895.853149414062 894.2236328125 892.426208496094 889.636962890625 886.986206054688 884.149047851562 881.150512695312 877.618896484375 874.329895019531 871.131530761719 867.07373046875 862.676635742188 858.139404296875
833.466491699219 834.189575195312 835.073608398438 834.457763671875 832.822326660156 833.398376464844 837.100463867188 842.331909179688 844.8681640625 847.372924804688 847.948669433594 848.1904296875 849.420532226562 852.481872558594 858.965698242188 861.265380859375 863.324829101562 868.501037597656 872.31005859375 875.859741210938 880.530212402344 882.262329101562 880.962219238281 885.110778808594 887.571533203125 885.422119140625 886.130065917969 888.626342773438 889.514831542969 890.067199707031 889.948303222656 889.701477050781 889.641296386719 889.34912109375 890.445739746094 892.653503417969 893.273681640625 892.008666992188 891.035095214844 889.488342285156 887.373168945312 884.472778320312 882.112915039062 878.994995117188 875.180969238281 872.207580566406 868.284912109375 864.350341796875 860.012451171875 855.813232421875
831.4150390625 833.01318359375 833.691040039062 832.869384765625 830.661315917969 831.138916015625 828.3642578125 828.998413085938 835.577941894531 840.78076171875 843.04833984375 843.843444824219 845.430297851562 848.01025390625 855.289916992188 857.885192871094 860.157165527344 863.820495605469 868.59130859375 872.031616210938 876.694885253906 878.998840332031 877.225830078125 878.578918457031 882.389465332031 882.444519042969 882.596313476562 884.387084960938 885.936279296875 885.851257324219 885.707580566406 886.450439453125 885.994506835938 886.533142089844 886.340270996094 887.924621582031 887.591552734375 886.461120605469 885.750854492188 884.899169921875 883.518737792969 881.65087890625 878.568298339844 875.723083496094 871.687683105469 868.795593261719 865.27783203125 861.579528808594 857.100219726562 853.149475097656
831.179260253906 831.775146484375 832.372375488281 831.567016601562 831.436157226562 829.493103027344 825.740539550781 820.757446289062 828.410400390625 834.213073730469 837.001037597656 840.003051757812 842.465759277344 845.318786621094 849.705627441406 853.868408203125 857.361877441406 859.85791015625 863.569396972656 867.806457519531 872.3486328125 876.011169433594 874.200439453125 874.796813964844 877.095520019531 879.469665527344 880.05908203125 880.309997558594 882.124206542969 882.276123046875 882.6123046875 883.201110839844 882.4326171875 883.055847167969 882.726867675781 882.775268554688 881.462097167969 879.453552246094 879.372680664062 880.355651855469 880.168762207031 877.688415527344 874.898803710938 871.996826171875 868.466186523438 865.784240722656 861.929016113281 858.098388671875 854.46923828125 849.979370117188
825.893920898438 828.59814453125 829.346252441406 828.5205078125 828.353637695312 828.018188476562 824.912414550781 820.037536621094 825.131164550781 830.024841308594 834.041320800781 837.236022949219 839.643615722656 841.999450683594 845.510620117188 849.574340820312 854.528137207031 856.548767089844 859.709899902344 862.829528808594 866.728942871094 871.625427246094 871.551025390625 871.737243652344 873.188598632812 875.6865234375 877.725463867188 877.575378417969 877.320617675781 878.860473632812 879.55615234375 880.300720214844 880.167724609375 879.568420410156 879.715698242188 879.075561523438 877.803466796875 876.689025878906 875.712707519531 874.831481933594 874.544555664062 874.268615722656 871.678283691406 868.089172363281 865.19091796875 862.575866699219 859.028747558594 854.929260253906 851.1201171875 846.621337890625
822.053100585938 824.626708984375 826.810363769531 824.571472167969 825.17724609375 826.075012207031 826.835083007812 826.583129882812 828.559631347656 833.120239257812 834.274475097656 833.83740234375 834.686828613281 837.523559570312 840.712951660156 843.721984863281 851.394897460938 855.033447265625 856.182983398438 859.437133789062 861.300231933594 866.208068847656 868.3056640625 866.619567871094 869.442687988281 871.137451171875 873.797241210938 874.955444335938 873.321655273438 873.980224609375 875.659301757812 876.650634765625 877.684265136719 876.787719726562 876.536499023438 874.857971191406 875.215515136719 874.158020019531 873.698974609375 872.0224609375 870.733276367188 870.23974609375 869.391479492188 865.097900390625 861.962463378906 858.951538085938 855.288208007812 851.623229980469 847.203918457031 842.682800292969
819.11865234375 821.084045410156 822.804077148438 822.591857910156 823.794128417969 824.419616699219 824.952209472656 826.032592773438 827.838989257812 829.418151855469 830.239990234375 832.576843261719 833.502380371094 835.338012695312 834.824340820312 838.22705078125 846.741088867188 852.915710449219 853.378112792969 855.018005371094 857.309936523438 860.69189453125 864.609130859375 862.963989257812 866.03173828125 868.184692382812 869.838256835938 870.887390136719 870.696472167969 870.520263671875 871.791442871094 872.709045410156 873.712097167969 872.941101074219 872.173706054688 872.355102539062 871.878601074219 871.18212890625 870.290100097656 868.860534667969 866.5302734375 865.705139160156 865.018737792969 861.781188964844 858.343994140625 855.537170410156 852.273498535156 847.6904296875 843.5546875 838.716125488281
816.193908691406 817.673889160156 818.292846679688 818.105651855469 818.871398925781 820.922424316406 821.481079101562 821.624572753906 823.514892578125 823.777893066406 825.344116210938 828.717651367188 832.445190429688 833.655578613281 830.525268554688 832.979309082031 844.005920410156 850.854125976562 851.693542480469 851.220397949219 853.484130859375 856.539733886719 860.780151367188 861.232543945312 862.919250488281 865.589294433594 866.169921875 867.232360839844 868.001892089844 867.963256835938 868.090637207031 868.758239746094 868.296447753906 868.731201171875 869.431274414062 870.1328125 869.12353515625 867.939636230469 866.716369628906 865.285278320312 863.729797363281 861.306701660156 859.822326660156 857.777648925781 855.135070800781 852.461181640625 848.783020019531 844.783142089844 839.830322265625 835.105407714844
818.264404296875 816.261779785156 814.791381835938 814.482177734375 814.920471191406 818.11474609375 820.237670898438 820.881958007812 820.635925292969 822.031616210938 821.930541992188 824.697082519531 828.68017578125 831.077392578125 829.185180664062 829.384460449219 839.354736328125 847.080932617188 850.228881835938 849.253234863281 849.872436523438 852.469055175781 856.357116699219 859.342468261719 859.121337890625 860.9287109375 862.449768066406 863.269226074219 863.886047363281 864.804321289062 864.269226074219 863.986572265625 864.062377929688 865.735778808594 866.635314941406 867.342834472656 866.979431152344 865.655456542969 863.822387695312 861.453857421875 860.521240234375 858.827392578125 856.253295898438 854.448608398438 851.495666503906 848.318969726562 844.757263183594 841.185180664062 837.142700195312 832.826171875
815.0498046875 814.278442382812 812.957214355469 813.451232910156 813.635559082031 816.159851074219 817.707580566406 818.675476074219 816.30029296875 818.49755859375 819.142456054688 822.115173339844 825.952941894531 828.651245117188 829.387512207031 828.247802734375 833.616516113281 841.809265136719 847.313781738281 848.036987304688 847.512512207031 849.409057617188 851.791015625 855.943908691406 855.824096679688 857.328369140625 859.262512207031 860.14453125 860.751647949219 862.396240234375 861.897277832031 861.220947265625 862.059631347656 863.643493652344 863.137756347656 863.6005859375 863.626525878906 863.331848144531 861.189270019531 859.923278808594 858.109313964844 855.524658203125 853.455200195312 850.99951171875 848.532775878906 845.777893066406 842.304016113281 838.107299804688 834.124206542969 828.962158203125
806.986083984375 808.405456542969 809.413757324219 809.910400390625 810.331115722656 811.975646972656 814.312744140625 814.338012695312 814.579162597656 816.823791503906 818.364318847656 819.334289550781 822.857177734375 826.290405273438 828.888916015625 828.117919921875 829.75244140625 836.819458007812 843.329711914062 846.168334960938 845.122863769531 845.630493164062 846.979187011719 850.446594238281 854.296691894531 853.841125488281 855.903747558594 857.142272949219 857.081970214844 859.175598144531 858.16162109375 858.600036621094 858.716430664062 859.466491699219 860.138122558594 860.124450683594 860.072021484375 859.69384765625 858.062194824219 856.6376953125 854.703979492188 852.992126464844 850.376098632812 848.137878417969 845.93359375 843.872741699219 839.990783691406 835.420532226562 830.441101074219 825.788269042969
802.587585449219 804.303405761719 804.33740234375 806.095458984375 807.62255859375 809.227905273438 811.322631835938 811.657348632812 812.353637695312 813.847412109375 815.739074707031 815.763732910156 818.0859375 821.006896972656 825.777038574219 827.239318847656 825.665588378906 828.897888183594 837.207214355469 841.243591308594 842.796081542969 841.905517578125 843.256225585938 847.077880859375 849.045959472656 851.227172851562 851.960021972656 852.971252441406 854.433837890625 855.775573730469 855.326721191406 855.201477050781 855.539306640625 855.854675292969 856.564147949219 857.043212890625 856.1376953125 855.033935546875 853.963073730469 852.461791992188 851.72216796875 850.809204101562 848.742797851562 845.372253417969 842.084350585938 839.368774414062 835.525146484375 831.353393554688 826.2724609375 821.806762695312
801.042846679688 801.785888671875 801.697570800781 801.901245117188 803.273132324219 805.649597167969 808.592163085938 808.614196777344 809.218933105469 810.869750976562 813.10888671875 814.088806152344 814.54736328125 816.615844726562 816.43798828125 821.179077148438 822.174377441406 822.818298339844 829.962219238281 835.302307128906 838.828430175781 838.955810546875 839.401428222656 841.943359375 843.734680175781 846.969543457031 848.922241210938 848.789306640625 850.104919433594 853.185241699219 853.494323730469 853.024780273438 852.866394042969 852.762451171875 853.135070800781 852.726257324219 851.736083984375 850.417419433594 849.58984375 848.396545410156 847.887573242188 847.62744140625 846.162841796875 843.742126464844 840.375061035156 836.411926269531 831.026977539062 825.942321777344 821.559265136719 816.701843261719
797.537048339844 798.206726074219 798.357971191406 799.034362792969 800.129577636719 802.687805175781 805.558776855469 805.790893554688 806.762573242188 808.242614746094 811.43212890625 813.425537109375 812.775634765625 814.039672851562 813.266967773438 813.843322753906 818.681396484375 818.833068847656 822.375122070312 828.314697265625 833.402954101562 837.191040039062 836.966064453125 837.936645507812 840.782165527344 842.020080566406 843.869506835938 844.947082519531 845.615112304688 847.831909179688 849.410278320312 850.981628417969 850.812866210938 849.8837890625 849.685180664062 849.318420410156 847.7939453125 847.153198242188 847.273132324219 845.857727050781 844.312683105469 844.810302734375 843.094421386719 839.936279296875 836.722045898438 833.269470214844 828.643188476562 823.228210449219 817.48828125 812.408264160156
794.660278320312 795.163757324219 794.970825195312 796.949768066406 800.27392578125 802.176391601562 803.614990234375 805.559631347656 805.58740234375 807.3740234375 809.389831542969 810.850769042969 812.335876464844 812.9697265625 812.04296875 812.137756347656 816.78125 817.013000488281 817.3466796875 820.689453125 827.501342773438 833.114562988281 834.641479492188 836.036804199219 838.10888671875 839.195129394531 839.815307617188 840.062316894531 841.505615234375 841.359313964844 842.25830078125 844.134460449219 844.226013183594 844.01806640625 845.537963867188 846.029907226562 846.624816894531 845.957458496094 844.982849121094 843.37158203125 842.423156738281 841.45849609375 842.127746582031 839.843627929688 834.869140625 829.958190917969 824.503845214844 820.535827636719 814.567260742188 807.698669433594
792.233520507812 792.038146972656 792.535034179688 793.649353027344 796.542663574219 798.579711914062 800.995666503906 803.385803222656 803.680969238281 805.661682128906 806.416381835938 807.264343261719 809.196228027344 810.459655761719 810.490966796875 809.835998535156 811.6796875 814.061218261719 813.896362304688 816.026794433594 821.428344726562 827.709411621094 830.869384765625 831.372375488281 834.168029785156 835.722595214844 837.040161132812 836.463745117188 837.620544433594 839.490539550781 838.07958984375 837.357727050781 837.388427734375 839.032836914062 841.109924316406 842.66845703125 843.588989257812 843.953674316406 843.05322265625 840.847839355469 839.719299316406 838.071838378906 838.480041503906 837.375854492188 834.051696777344 828.8994140625 821.362243652344 816.838195800781 810.425842285156 801.319091796875
789.296813964844 788.406372070312 789.155029296875 792.947448730469 795.365112304688 795.265808105469 797.95654296875 800.388549804688 801.976806640625 802.464233398438 802.665710449219 804.294128417969 806.556945800781 807.290954589844 807.599731445312 806.567016601562 807.430236816406 811.671813964844 810.397644042969 811.07470703125 815.392883300781 822.794982910156 826.300231933594 828.132568359375 829.266479492188 831.750244140625 832.268981933594 833.190368652344 832.922424316406 835.205200195312 836.755249023438 835.147216796875 834.662719726562 836.058471679688 837.819885253906 838.221740722656 840.729919433594 840.424133300781 839.36328125 838.02099609375 837.165710449219 835.541625976562 834.616394042969 834.820922851562 832.340087890625 827.324462890625 821.183959960938 814.285217285156 806.466186523438 795.466247558594
785.393310546875 785.181640625 786.969116210938 789.808227539062 791.73828125 791.834411621094 794.444702148438 796.366088867188 797.72802734375 797.759948730469 798.904418945312 801.432373046875 802.973937988281 804.128540039062 805.383483886719 804.843505859375 804.427856445312 807.324829101562 807.4150390625 806.879943847656 810.918823242188 817.368408203125 821.221313476562 823.855041503906 824.591247558594 826.505187988281 827.881896972656 828.8603515625 830.258666992188 830.380249023438 831.070556640625 833.18017578125 834.264892578125 833.234313964844 834.039672851562 835.748413085938 838.321166992188 837.896423339844 836.58837890625 836.319641113281 835.0224609375 833.278259277344 831.454711914062 831.866638183594 829.960754394531 825.201171875 818.47802734375 810.983154296875 803.292236328125 794.542236328125
780.165771484375 781.271545410156 781.847961425781 784.223693847656 786.736083984375 790.031188964844 791.514526367188 791.131042480469 792.484741210938 793.372009277344 795.435241699219 798.088134765625 798.754272460938 799.766967773438 800.840454101562 802.142456054688 802.697875976562 803.506225585938 806.423217773438 806.600830078125 807.076965332031 811.01123046875 816.051025390625 819.21044921875 820.611145019531 821.40673828125 823.016784667969 824.378295898438 824.898193359375 825.772399902344 826.345458984375 826.372497558594 828.833068847656 830.154663085938 830.595031738281 832.761901855469 833.544250488281 833.044311523438 832.75537109375 832.403930664062 831.495727539062 830.84375 829.319580078125 828.35986328125 825.574340820312 822.10107421875 815.036315917969 807.017883300781 798.315551757812 790.135437011719
777.306884765625 777.912475585938 779.6865234375 782.616943359375 783.396362304688 787.359375 789.181823730469 788.450317382812 789.346069335938 790.463623046875 792.793640136719 794.205200195312 794.738952636719 796.010070800781 798.156799316406 800.438842773438 800.969177246094 802.076477050781 802.28955078125 803.169677734375 804.142944335938 807.34326171875 811.532043457031 814.557250976562 816.766296386719 817.610717773438 818.28564453125 818.179931640625 820.886657714844 822.381469726562 823.548400878906 823.513244628906 823.784851074219 825.789367675781 826.712646484375 827.337036132812 828.062133789062 829.009094238281 828.650024414062 828.281433105469 827.9775390625 826.98876953125 826.55615234375 825.010620117188 822.270568847656 819.05859375 812.047607421875 804.281372070312 794.957092285156 785.076538085938
774.081604003906 776.116455078125 778.856384277344 779.920532226562 781.905700683594 783.264831542969 785.736938476562 785.935546875 787.263366699219 788.14501953125 789.68994140625 789.4716796875 790.944641113281 793.857238769531 795.635375976562 798.736083984375 799.353820800781 799.077270507812 798.937744140625 800.818786621094 801.798767089844 803.714416503906 806.520141601562 808.791320800781 811.787658691406 814.574340820312 814.916625976562 814.616455078125 816.574829101562 818.650939941406 819.565002441406 820.018493652344 820.399108886719 820.628295898438 820.73291015625 821.173217773438 822.779113769531 823.665405273438 824.540100097656 823.842102050781 824.020568847656 822.689025878906 822.282409667969 821.759460449219 819.649047851562 815.909362792969 808.875 799.895935058594 789.207763671875 780.156799316406
770.705383300781 772.75244140625 775.442016601562 776.927185058594 779.080200195312 780.742858886719 784.604736328125 784.292846679688 784.487854003906 784.814392089844 786.236633300781 789.264587402344 788.955139160156 790.161254882812 792.119567871094 793.512329101562 795.597534179688 797.167602539062 797.372924804688 797.686767578125 799.755920410156 800.723937988281 802.251953125 804.018676757812 805.820251464844 808.745971679688 810.936706542969 810.519165039062 811.997619628906 813.05126953125 815.384155273438 815.228637695312 815.177673339844 816.142944335938 815.22021484375 815.330078125 816.16162109375 817.697387695312 819.484375 819.777160644531 819.604614257812 818.130615234375 817.370239257812 816.232360839844 817.247253417969 814.75 805.665283203125 794.145446777344 784.020080566406 773.325622558594
