rasters/SaudiArabia_CLYPPT_M_sl2_250m_ll.asc
NCOLS 253 
NROWS 189 
XLLCORNER 34.572764529 
YLLCORNER 16.370957701 
CELLSIZE 0.0832600798498024 
NODATA_value -9999 
[rows 150 to 174 of 189, columns 114 to 170 of 253]
8.53798858146531 0.180354267311728 2 1 1 0.750988142289983 0 1.42146098668067 3.10013175230594 0.264675742937298 1 1.3213292343743 2.70370370370339 0.0105401844537784 0.703703703703388 2.67208315034296 1.68174498609495 4.13087395695974 0.52935148587337 1 1 0.201434636217336 0 0 1.30039525691645 1.8407261015959 2 1 1.70370370370339 1.58659054311191 0.450592885376743 1.68423364074921 2 0 0 0 0 0 0 0 0 1.02225150051117 1 0 0 1 1 0.531254574730975 2.50622163665742 0.093690528473297 1.54384423949728 2.18152539891608 2.59259259259322 0.13585126628607 0 0 0
10.0231507622797 0.183574879227879 2 1 0.69841269841259 1.75098814228998 0.850931677017668 1.52054708576148 0 0.90476190476223 1.02145680406462 1.87991718426407 10.6984126984126 0 2.69841269841259 0.967814793901011 0.94422485726962 3.3426814731172 1.83060417842923 0 0.397515527948121 1.60317460317482 0.805696718740839 1 1 2 0.849802371540964 1.69841269841259 1 0.880795532969476 1.69841269841259 0 1 0 0 0.246753246752587 3.09523809523777 0 0.0524499654937369 0 0 1.33320785494541 0.718677457807869 0.0309931614286178 0 0.249137336094171 0 1.30158730158741 1 0.220841959972502 1.10609197565752 0 0.872451220276473 0 0 0.657004830915513 0
13.5276366145935 0.271221532089389 2 0.725285986155967 9.61404939665643 0 1 2.05458309806223 1.69312169312179 2.61915218437061 1.04931300583272 1.98908338038717 2.69312169312179 1.96442687746854 0.950686994164921 1.93142606185778 0 1.88510362423364 0.545182675616555 0.172595520421595 0.174665913795357 2.04067591024078 0.395424221509602 1.15619967793992 1.29587803500811 1 0.652069347722584 1 2 1 1.08611999916472 0.432063910323672 0.0885459146331859 0 0 0 0.898634376894774 0 0 0.294748729531669 2.30566534914345 0.0316205533579987 0.646548298722127 0 0.0424535207145999 0 0.0642867599392812 0.830144091012034 3.18894953677955 1.20984168810243 0 1.5424012380498 1.25957295522665 0 0 0 0
11.1147081581861 10.8504715895985 2.79887905974849 0.532383880210046 15.0888386975338 9.67202041115076 1.62120166467986 1 0 0 0.710040362213643 1 3.31216931216901 2.03557312253146 1.92885375494024 1.7711483363685 1.68783068783099 0.434510738857951 1.75445971098213 0.483447309533999 0.984168810258301 0.900056465273824 1 1 1.11470815818615 1.17372482589953 3 1 1.68783068783099 1.18878223226038 1 0.687830687830995 1.26726896292115 0 0.606165171383405 1 0 0 0.687830687830995 2.31216931216901 2 0 0 0 0 0 1.58705063053009 2 0 2 0 0 0 0 0 0 0
13.3281887194941 10.7329192546599 0.11293054771264 0 11 1 0.932241671371767 0.561139343746493 1 0.609699479266085 2.07114624505635 1.02428006775959 2.6825396825402 1.98870694522812 0.0225861095427445 3.93224167137068 2.0971202710337 1 1.46910094736092 0.0790513833990643 1.46489742142338 1.3174603174598 1 0.94962042788262 1.6825396825402 2 2.3174603174598 0.68166133383393 2.36507936508039 2 2 0.77878160487029 1 1 0 3 3.30472426124638 1.60700169395688 0.392559131689483 1.30491247882547 1.99874521613645 0 0 0 0 0 0 0 0 1.59984942593574 0.926093230442898 0 0 0.458498023714997 0 0 0
11 8.78260869564713 1.14779262605257 1 2.09297948427304 0.491394274004126 0 0.614195788108274 0.142292490119035 0.927724449464425 1 3 4.6772486772494 2.65315682706933 0.700211221951175 1.03444381705321 2.0459250894034 2.3227513227506 0.0688876341053282 0 1 1 0.563669824540522 1.46146767885914 2.13777526820956 1 1.82472760733398 2.15053223748893 1.52452056799906 2 2.20666290231528 0.896752201099102 1.09312587573472 0.918355396616675 1.71911663215873 2.99422799422752 2 1.07495242278037 2.02423824162963 0.309994353472369 0.00803061672671568 0.6558336993138 0 3.18213187778174 2.86166007905066 3 1.3544973544988 1.1342200472631 0 0 0 0.125018298931955 0 0 0 0 0
13.0982704895755 13.2629399585901 7.92686701381945 0.640316205534433 9 0.167325428196485 0.401447184056811 0 1 0.0350084697907147 0.92885375494365 0.6597235292874 3 1.3280423280431 1.02333897986093 2.07171089779939 5.60940669636451 2.11951816299593 3.92998306041721 0.586318673274824 1 0.671957671956896 1.09465252943381 0.671957671956896 0.713156408809304 1 1.50197628458338 4.34391534391379 3 1.33914716523483 1.99429073342204 1.67588932806602 1.52192734801561 2.66003722525595 0.671957671956896 2.2443482443513 0 1 0 0 0 0 0 1.69142773490814 0 0 0 0 0.483384570341702 0 0.236380366815511 0 0 0 0 0 0
16.6179183135694 3.21739130435012 15.5704874835295 2.26613965744184 4.13833992094496 1 0.786561264820719 17.3109354413602 1 0.0711462450583202 2 2.97628458497904 0 1.02371541502096 1 2 3.85770750988096 3.76284584980218 0.857707509880601 0 1.09486166007822 1.34650856389888 1 0.405797101448336 1.80895915678472 2.02503293807463 0.333333333333902 0.644268774704912 2 1.3333333333339 1 0.450592885378114 1.19235836627199 1.91567852437427 2.85507246376943 1.39393939394058 1.71541501976258 0.963109354412952 1.38339920948553 0 0 0.0632411067159435 0 0.965744400526218 0.287220026350708 1.65217391304355 0.628458498027315 0 0.801054018442833 0.911725955204335 1.11725955204268 0 0 0 0 0 0
0 13.2072693811742 10.7317481230564 0 8.90814982119303 6.57705418575067 0.661375661377006 0 0.709559361734583 1.10671936758757 0.614321266498372 2.35067026371297 3 1 0 0.0705815923224622 0.0941087897614581 1.66137566137701 3 1.91567852437453 2 1.21174477696288 0 0 1.29079616036177 1.67724867724599 2.50592885375456 0.352907961603288 0.338624338622994 2.72898759855488 2.52422778509911 2 1.4317502143587 1 2.14377731768948 0 1 0.0731957253715258 1.95033147207022 0 0 2.067904720072 0.38306460045482 3.48901018466029 1 2.13089487002101 0 0 0 0 0 0 0 0 0 0 0
0.573122529644848 9.73521969173736 11.4985256289555 0 0 0 9.80289436811362 2.53938975678044 2 1 0.0466779597196203 3 1.65608465608621 0.63274567622424 3 2 1.53062718280059 1.88330510069647 1.48394922307937 1 1 2 0.122341426689512 0 2.19710563188755 1.65608465608621 2 1 1.08691469561154 2 1 0 1.22105109061283 0.343915343913792 2.62433862434483 1.28138528138316 1.90405086057194 0 0.318087709390473 0.356254051904363 1.65744400527171 0.35378631030607 2.38800008365098 0 2.47016751364656 0.284103979755127 0 0 0 0 0 0 0 0 0 0 0
4.45065562456855 0 13.9562707823598 1 0 1 3.3492063492063 0.0621118012432338 4 1.51188907710828 2.5830353221686 1 2 1 1 1 0 1.88424618859435 1.86109542631189 1 2 1 0.124223602485277 0 0 1.95238095238112 1 1 1 1.18238283455689 0 0.886818495515135 0.926030491246503 1.95238095238111 4.42512077294617 0 0.948930296756161 0 1.30033251772348 1.62507058159328 1.04623878536898 0 0 0 0 0 0 0 0 0 0 0 0 0 0 0 0
9.05692536127306 4.31400966182763 0 0 2.28458498023563 5 1.72116611246983 2 4 0.316665621015219 1 2 4.3544973544988 2.34188677667013 2.04592508940355 0 2.6455026455012 0 0.354497354498798 1 2 3.6455026455012 1 0.392914653782766 0.203170420562758 1.3811196854681 2.82345191040714 2.53359683794309 1 0 0 1.6455026455012 0.102285797938785 1 1.29767655853934 7.22751322750601 1.60294455946508 0 1.6455026455012 1.99004538134357 1 2.3636991028304 1.60212894995352 0 0 0 0 0 0 0 0 0 0 0 0 0 0
7.15358554488948 5.35978835978789 0.227743271221026 7.60438756090836 0 0 0.282995587342535 1 0.0511951816300624 0 1 3.64021164021211 4.35978835978789 3 1.04554865424464 3.86335403726389 0 1.06399397703718 1 1.96158270071391 0.458017023235725 2 0 1.53048079135021 2.64021164021211 2 2 0 2.03879373444624 0.746951920864934 1 2.75682288725699 2.64021164021211 2.25628960411421 0.359788359787891 0 0 0 2.51703369094646 1.39931405148611 0.364849321370871 1.33954451345815 0 0 0 0 0 0 0 0 0 0 0 0 0 0 0
14.3706004140736 8.61352657004526 0 0 0.261183261182113 0.476817868122413 8.07792207792209 0 2.90965556182884 0.932241671372716 1.6608946608958 2.02258610954387 2 2.90476190476905 1.36507936507698 1.03896103896167 0.738816738818778 2.69985569985747 0 0 1 0.431645649038307 1 1 2.63611267958921 3.83116883116944 3 3 0 0 0.868686868688478 1 2 3.5864232385977 2 2.18181818182066 0 1.92973210364321 0.757575757570972 0 0 0 0 0 0 0 0 0.536796536798084 0 0 0 0 0 0 0 0 0
10.6652027521607 16.8550724637694 11.5021226760341 7.8707363489974 10 0.629629629630514 0 0 0 2.06719367588856 2.97364953886808 3 2 1.39276826233377 1.61118430683712 1.43756404626043 2 2.91948470209358 0 0.498023715414912 1.28458498023563 1 1.13175230566591 1.14492753623187 1.21226760357166 2.82872200263495 4.68642951251502 3.53359683794309 3 0 0.237154150197826 2.63680281071895 1.62962962963051 3.56404625969905 1.62962962963051 0 1.22412531108029 1.20904699166095 0 0.370370370369486 0 0 0 0 0 0 0 0 0 0 0 0 0 0 0 0 -9999
10.3207227555055 4.3984357027914 10 10.1202710333149 4.58500115021296 0 0 0 0.322207583077502 1.33557103122426 0.651065520629064 2.37566137566199 1 3.23531380052926 1.60664617186292 0 1 1.13762887675852 2.62433862433801 1.71788276136054 1.85375494070689 1.12027103331486 0.624338624338011 0 2.57312252964485 3.04004851831118 2 2.46640316205691 3 2.37566137566199 2.39977413890547 1.57801618671052 1 0.87730305121478 0.135725787898457 0 1.76244850157795 1.66591379634902 1 0 0 0 0 0 0 0 0 0 0 0 0 0 0 0 -9999 -9999 -9999
18.5435723696606 21.5403726708044 9.20233389798613 7.93920572181378 7.89158667419565 0 0 2 2.05420666290264 1 1.64615095049668 1.96442687746854 1.61904761904656 1.97797854319485 1.04404291360835 1.34029738377567 0.435159043856077 1 1.81272350837768 0.821193299455742 0 1.38095238095344 0.380952380953437 1.13457556935685 0.645209862601413 1 1 1.50799924712924 0 0 3.77733860342722 3 3 1.53754940711498 3.40165631470052 2 1 1.86297760210502 0 0.0639939770351655 0 0.368906455864642 0 0 0 0 0 0 0 0 0 0 -9999 -9999 -9999 -9999 -9999
15.0677583286281 12.378651943868 10 11.1236589497461 9.87818139992212 0 0 0 1 1 1.31509714118723 1.02183323922565 0 0.394336742163427 2 2.49296275383493 1 1.38624338624359 0 0.613756613756415 0.109919066440274 0.123658949746131 0 0.898320680928464 0.703515486124666 1.43233578016038 0.806114980028543 1.60762908588891 0.430830039525328 3.52383043687393 0 2.44341970429221 4.17709182926637 2.4584980237157 1.86657464918448 2 0.580483928309725 0 1.1297237384198 0.0242591546930773 0.00242591546952533 0 0 0 0 0 0 0 0 0 -9999 -9999 -9999 -9999 -9999 -9999 -9999
8.25612229960056 9.62985967333616 6 0 9.54225484660463 0 0 1.67810611289126 0 0 1.6363218102353 0.608465608467323 1 2 2.97214379823069 0 0.944287596461574 0.177865612647696 2.39153439153268 3 2 1.32015810276722 1.60798460798494 0.238325281802151 1.57312252964485 0 2.08609908609749 0.208921513267807 0 0.721500721502311 0.469561034777498 3.60557960558187 2 2.09904427295661 2.39590522198746 1.88936988936807 2.6713721061461 1.14959114959279 0 0.0550013593471855 0 0 0 0.120710207668782 0 0 0 0 0 -9999 -9999 -9999 -9999 -9999 -9999 -9999 -9999
11.0882113056033 8.08626639061617 4.64426877470461 0.410063366585001 0 0 0 0 0 0 0 0 0 0 2.58849363197198 0.893280632408654 0.943534726143271 1.10728402032722 0 2.95100069013121 3.28389484911269 1.19311123658982 2.38860656251832 0.39682539682518 0.772570424744232 1.21331325679086 2.30039525691807 2.93042223476827 0 0 2.76667294058443 1.67588932806602 0.282326369282293 4.56126482213462 0 0.675324675325837 0 2.28615346006366 0 0 0 0 0 0 0 0.655624568668278 0.523182131878337 0 -9999 -9999 -9999 -9999 -9999 -9999 -9999 -9999 -9999
14.9504778635285 15.4405337014001 9.88397431875522 6.48842461885969 8.34510738858852 0 0 0 0 0 0 0 0 0.0143045360445045 2 0 1.74017608799965 0.928477319781348 1 3.00158939289384 2 3 2.78731413513987 0 0.597883597880611 0.49264905786694 1 1.3862224731733 2.82675617458112 3.56151577890535 1.04243260765505 2.40410314323322 1.59543676934738 0.402116402119389 0.685300207036285 2.16017316016779 0 0 0 0 0 0 0 0 0 0 0 -9999 -9999 -9999 -9999 -9999 -9999 -9999 -9999 -9999 -9999
21.6007905138332 18.360708534623 21.2510613380175 8.86956521739111 2.69887278583004 1.78012004098347 0 0 0 0 0 0 1.18518518518506 0 1 0.043478260870555 2.1159420289859 0 1 1.55496998975261 1.5760503586582 3.18972332015833 2.21080368906593 2.52012882447647 0.2529644268771 0.681452203192174 1.59493485580246 1.25384277558489 0 0 1.57370809544972 1.55072463768351 0.710144927536643 1.69565217391271 2.65378421900446 0 0 0.0655833699327468 0 0 0 0 0 0 0 0 -9999 -9999 -9999 -9999 -9999 -9999 -9999 -9999 -9999 -9999 -9999
15.5731225296448 19.1959972394789 12.791078486731 17 0.352343308862446 7.14624505929022 0 0 0 0 0 0 0 0.0146809712034315 1.97063805759444 3.05445761967143 1.5037329819943 0 0 0 4 3.1321287408243 2.49087144739301 4.44720496894317 0 0.315703620051098 1 2.92471296818919 0 0.163121902251905 0.211242863415867 0.190350712088484 2.41269841269757 0.765167199948934 0 0 0.352343308864059 0 0 0 0 0 0.0277307233829466 0 0 -9999 -9999 -9999 -9999 -9999 -9999 -9999 -9999 -9999 -9999 -9999 -9999
13.6753246753242 17.7994018863645 12.7929606625261 17.8884915406641 2.23790702051385 0 0 0 0 0 0 0 0 0.56130664826312 0.92885375494024 2 0.582010582011629 1 1 1.37218980697394 0.416379112032921 1 2.62502875546424 2 0.666436622957425 0.193299454169104 0.787878787881847 1 0 0 0.267645398080373 0 0 0 0 0.582010582011629 0 0 0 0 0 0 0 0 -9999 -9999 -9999 -9999 -9999 -9999 -9999 -9999 -9999 -9999 -9999 -9999 -9999
19.9108476064984 12.5677478720947 15.7276491624357 8.39207813120802 6.60564234477471 4.46148859192399 0 0 0 0 0 0 1.42328042328087 1.45885354581234 1 1.93845285149499 2 0.897421419160933 0.0903444381712206 3.50197628458509 1.12045925089352 0 0.423280423280874 1.48332183114815 0.180688876340998 2.77246585942272 1 2.95687726122396 1.99245038375555 0.772047598134873 0 1.26984126984262 0 2.19727293640095 0 0 0 0 0 0 0 0 0 -9999 -9999 -9999 -9999 -9999 -9999 -9999 -9999 -9999 -9999 -9999 -9999 -9999 -9999
