rasters/SaudiArabia_CLYPPT_M_sl2_250m_ll.asc
NCOLS 253 
NROWS 189 
XLLCORNER 34.572764529 
YLLCORNER 16.370957701 
CELLSIZE 0.0832600798498024 
NODATA_value -9999 
[rows 50 to 74 of 189, columns 57 to 113 of 253]
7.87782587782668 12.705355835788 10.6166007905134 8.69634230503845 5.23280423280533 6 7.23280423280533 6.60271451576071 6 8.03584499237178 6.76719576719467 7.7334002551384 6.53439153438933 7.52832674571553 4.72371750632614 4.80400276052387 4.02668507016403 4 9.9567517828387 1.63745111571078 5.05981136415956 4.45720141372495 5.07637451115742 6.68253968253833 3.75544262500772 3.76719576719467 4.04548591505355 4.49683167074455 8.1260639521516 20.0984587071546 7.68452642365762 8.73011690402961 16.0097873141365 21.0016521320867 7.76719576719467 7.83928310015198 9.63377041637877 13.0644122383243 8.15396198005135 10.9015203797807 6.45824706694528 6 6.23280423280533 5 5 9.5612648221324 7 6.76719576719467 8.92094861660248 7 6.76719576719467 6.91626409017614 8.90798251667779 10.5691699604747 8.76719576719467 8.61883848840439 7.35479013739937
8.94612794612901 8.83794466403356 5.22751322751283 5.34782608696067 7.46872451220167 6.9037789907326 6 5.04676161197898 6 7.7923750967273 5.77248677248717 5 6.75111362068069 6.77248677248717 3.4361628709415 7.71142062446398 3 5.88397431875581 4.1852479243782 5.87937344459007 5.83231904970843 1.54654202480215 6.03812451638634 5.36363636363574 3.75345588389069 3.22751322751283 8.0018403496649 23.316874751654 17.9965284313107 18.9649287910154 9.43860969947954 9.93255536733852 9.15557228600598 16.819185645275 15.1551121985946 8.27598971077415 6 17.8814647510313 8.14812723508453 14.8915866741962 10.2275132275128 8.99209486165965 6.01798523537588 6 9.77248677248717 8 5.77248677248717 9.77248677248717 8.03210155384073 6 7.32411067193739 7.42353138005441 5 9.22751322751283 9.29079616036094 7.61222996005576 9
10.353535353535 6.74176548089657 10.0851998243303 9.65217391303933 6.0834431269218 4.43741765480995 3 6.77777777777797 6.03776899429049 7 7.29907773386145 8.06324110671941 7.00614844093062 7.22837066315342 5.06763285023995 5.28370663153304 4.11462450593131 4.22222222222203 5.22222222222203 2.98902064119334 3.47913921826984 4.7075098814216 4.59552042160759 2.69696969697009 1.0447957839262 4.3285024154569 13.647342995171 16 13.6991655687303 12.15415019763 12.0860781730348 19.5823451910404 16.6258234519115 9.21826965305096 10 14.1185770750982 10.0241545893707 15.7211242863359 19.1901624945162 10.2744839701362 15.9262187088313 15.671936758893 10.4444444444441 11.9029424681607 7.16073781291193 9 6.18181818181747 6.56038647343192 10.8032498902069 8.064119455424 6.25208607817359 8.35968379446898 4.82696530522623 6.31796223100536 6.48133509003161 6.22222222222203 8.89723320158081
7.35594035593986 4.63676098458674 9.13375995984683 5.64159190246234 1.47531212748364 0 6.59426563774426 7.16094694355586 8.61620344228816 9.0226906748594 8.09881422925065 8.92303992303987 8.0806616893518 17.9694250998582 8.975385323212 6.01714871280103 6.08975887236949 5.96741744567801 2.59729803208135 7 3.63761842022689 1 2.9876194658797 16.6695526695559 13.5051132442438 18.3404646882922 16.2633582198825 20.5059288537553 17.458498023715 16 15.5202543028635 16.1558232427781 11.0685948512043 11.8439467135115 8.40882949579051 10.8908338038812 16.4893029675627 16.8913984566137 16.0804734717766 9.86561264822083 6.24855177028923 14.2152163456511 8.99142564359986 11.3508375682297 15.058242884331 10.4776962168278 9.56277056276273 5.78306878306877 6.16205533596855 6 6.92969027751622 8.78306878306876 6 6.5543007716918 4 5.38998682476934 11.3043269130218
1.92833092832997 7.91132860698048 5.37392559131749 5 5.77006085701561 4.77112742330609 5.73733191124478 0.330175460610539 7.13399000355443 20.990359077323 7.36744254135836 7 5.78250413033039 4.20540811845148 6.0526800092005 7.12464186377326 14.812618943054 5 3.9348139782914 3.21164021164044 1.05437396741758 0.442227659620165 17.0099755317146 2 14.8410816236903 19.2116402116404 17.8753581362265 17.8954346780433 17 18.6656210134475 16.3037413472207 14.7139092791262 10.5390760608122 9.62651358303623 9.21164021164044 9.29075433423065 14.1198527720253 11.8616600790541 11.3580316623809 21.5867787606908 17.9616872660371 16.7844072191894 14.2428006775824 20.1957462827029 8 8.78835978835956 10.1433381433401 7.78260869565395 7 16.7883597883596 5.46424911642217 6 6.22795240186513 6.32070184244174 4.6922642574828 6.78835978835956 7
2.67965367965379 1.66120835685984 2.43152017065098 2 5.20634920634964 4.16996047430393 2.4091850178809 0.780538302278568 6.54758767802249 6.86561264822424 7.02039023778192 8.94980864546082 6.00570926657845 3.78900809335524 4.57625948929982 11.3644519731493 3.4800175669763 3.53008344312573 4.83198444067959 7.20634920634964 3.84666541188256 4 1.32806324110645 6.88744588744514 19.3576134010915 18.7446514837812 18.5796474057333 18.4245561202098 24.2692766171021 20.0974967061907 15.539117886945 12.8834933182734 12.0652487609018 14.422485726834 17.4008407051934 14.4210427253888 9.79365079365036 11.7233201581081 15.4853503983981 22.4521613652058 22.2314448836179 19.9991843904887 9.8881360185703 8 14.0878348704429 12 8.3881673881703 9.23119392685046 10.7936507936504 13.2750486228762 7.78769057030069 8 5.47995482778084 5.54827780914733 6 4.60474308300425 4.63297571993136
5.43578643578658 5.13367630758922 5.43028629985194 2.27789279963502 5.8617228182439 6.20105820105884 7.04847648325915 0.963151180541939 4.937804546497 8.89263232741734 7 7.81165694209113 4 2.39893761633002 6.96526340004687 5.93684254553774 2.91356630487247 4.55894347198431 19.6131710479537 6 8.95999330781651 12.2010582010588 8.59190246146803 17.1279461279467 21.0373507330011 17.2010582010588 19.6242131459539 19.6052659096143 14.6595562247738 16 15.8705272183518 15.1661124704582 17.3162055336004 18.4069473199931 11.2010582010588 16.3684254553834 14.0349666436623 15.02781437564 27.9793378923816 15 22.1883430579096 8.2042160737821 8.58728067423963 11.940000418261 8.59788359788232 19.6200723592013 10 10.1736829997684 18.5554509902314 17.3822280778848 18.2536545579995 9.0795742100032 7.40368488194535 5.88556371165023 5 6 5.20105820105884
6 4.4506974506979 6.62481962481885 8 6.25112407721043 8.49428027688938 5.29713281887084 4.32082732082699 8.83750548967993 15.6894619068455 8.01934458456221 7 6 7.20057720057662 4 3.10124014471686 3.40257648953668 4.39153439153268 8.84060062320987 16.3737791998664 12.9605579605595 3.13850722546288 14.5649664345279 16.9567099567093 19 19.2390154129311 14 18.5036075036077 12.6082564778229 17.8030198464982 14.2356902356913 14.9910282953783 13.7077399251331 13.8042328042337 15.607148085405 12.9452705104858 8.8479411088113 13.912897086811 17.2474015517543 17.7494196624614 14.1895769287069 13.6028818202745 19.7801827801844 22.5480686785048 25.711316059144 11.9427400296965 14.1322751322806 10.128364389231 21.5435932827248 20.432900432901 18.1491519752371 16.8273208273247 9.19576719576634 5.80423280423366 5.53359683794309 6 6.80423280423366
8 7.11067193675833 7.1174477696212 7.28157349896839 19.6960286090701 4.41445511010799 8.66233766233823 6.96085074345952 12.092603049119 6.45416901938772 8.80952380952446 4.80952380952446 7.19047619047554 7.0063993977041 4 8 6 4.31206474684792 6 5.22134387351888 4.19047619047554 17.2380952380978 20.1375870506309 17.1212121212118 15.6768304159606 18.1076604554858 19.5183512140044 12.7786561264809 17.3711650668172 15.919442875965 9.50404667795987 15.3517786561274 18.0886504799624 12 11 17.2612460003749 17.0331262939956 15.8095238095245 18 18 17.4005270092204 18.1897233201574 13.7850555241874 13.9249011857703 15.0212685864891 20.8095238095245 11.7272727272826 12.5300207039323 16.8285337850589 16.7114624505918 19.9557688688091 14.2010163749362 8.92471296819153 8.15829098437858 7.56804065499811 4.09561453039683 3.20478072651864
6.18518518518474 8.75581906016962 9.19484702093313 5.71658615136522 18.0746596398803 8.13394817742585 8.38164251207656 8.33230859317731 7.86151368760135 8.18518518518474 7 8 8.81481481481526 5.99853608549253 5.17713365539429 6.18518518518474 5.18518518518474 6.65744400527116 6 19.8902064119485 16.7465963987706 18.5775142731641 20.8148148148153 14.3265993266008 13.3043478260877 16.9194847020933 17.6406089884365 17.8029571073047 14.458498023715 10.5297906602245 16.1851851851847 10.3517786561274 12.1266286048885 14.051968965012 20.4447372273564 18.2927829014774 16.1739130434775 16.8148148148153 20.833845703411 14.9751134533743 17.0058556580292 19.3743229395397 8.78260869565373 21.6435368174508 10.7246376811605 7.84189723320208 8.55218855218517 8.22544283413762 15 6.28853754940823 9 21.4444444444458 13.9617918313568 6.43083003952533 8.71878202312783 11.8140828575615 8.46245059288674
9.08177008176986 7.40113348808927 17.1109228935314 6.63308028526184 9.61586883325886 7.04977309325155 5.95662630445254 10.0113348808996 11.6600790513853 11.6885626450837 5.9822238952671 6 7.82010582010606 4.17847209151526 12.7844490453197 3.9857791162138 5.39011230316522 20.5370056674416 12.6677541460158 9.40123805341282 16.3905933036369 18.6475312127459 20.1208775121817 17.6402116402121 17.9460024677415 16 15.5656356525907 18 17.3466758684155 16.8961875483615 14.3306355480261 17.4683899031731 10.123010644749 17.8705899575463 10 16.4765041721545 18.3850931677007 18.6817658991601 16.5929062885596 15.9328063241104 12.1742058263798 17.8168642951252 10.0071104418928 7.75851684547323 18.8694188259415 8.1462450592892 9.63443963443196 12.6418219461714 6.86561264822139 7.16054959533369 15.9366543279617 18.0788213396957 14.5374657548565 14.8514545036285 7.47849091327452 8 8
7 5.17861848296521 7 10.5383022774293 10.3274985883687 18.0788004266226 8.39801744149491 9.82539682539685 9.88474810213909 8 7.3377250768582 7.83643892339548 6.80255975908309 12.1797477884437 5.00759144237387 10.3354037267079 11.4314574314617 20 19 19.0386473429954 19.9151138716358 19.7085137085161 14.8465399334967 16.1746031746031 21.5041094171528 21.0759144237408 16.0879603488313 12 12.4437543133195 20.3490808708194 16.2520860781735 17.9299203212262 18.7518037518103 17.4142668925252 10.378066378056 14.8030616726305 16.6818495514154 17.8858146684256 18.1746031746031 16.8371290545204 12.968379446642 9.82539682539685 18.316581968757 8.98688750862657 8.01932367149745 10.997176736308 18.2929292929309 13.7460317460285 14.0441683919944 6.41276115189249 6.26751991969437 8.40868310433695 9.60474308300419 15.3556057469098 15.9445385532368 9.08369408369387 10
6 8.65196478239883 9 6.27973314929796 10.6238367107967 9.60085325302583 6.4301189953371 6.35470648514059 6.83003952569266 6.54974172365684 7 18.4309764309766 14.9817010686589 13.4999686304033 11.1693121693124 19.6704101051901 11.7760001673066 10 15.8142292490126 9.94796829579347 15.4914570131956 18.8306878306877 16.7274818579169 14.4963924963911 14.5009306313655 8.23073383943445 9.07963694920198 20.3247589769324 20.2696739653258 16.2670180061489 18.1693121693123 15.720936068762 15.737331911242 23.6443524269696 13.0863291298055 14.2394755003497 18.4828617437326 18.7157705418596 17.6108078716779 16.1928602798166 13.1955789781865 9.83464039985783 16.7142857142835 9.56392078131374 9.0919338310636 14.6383085513521 9 14.2997469519282 13.5487588096281 12 8.43854696028674 5.82778091474227 15 15.0963674007154 11 9 7.09101365623091
8 6.90469916556866 9.10113557939661 10.9429491603396 8.83597883597845 9.83597883597845 8.03954660476401 6.96628814020106 4.31204383378114 23.7753100361846 8.72095698182421 15.0632411067194 20.1594830290489 7.48687705209531 15.3572578789971 9 13.0958236610431 16.5407072798414 17.7111487546273 14.2003262438052 15.1218813392729 17.4085367128859 12.9029842942901 14.1640211640216 13.557542296674 14.8359788359784 18.7491059664964 17.5059288537553 16.3969090490826 16.6464437334011 19.1228433402348 16.7782796913225 16.3675889327991 12 20.9598050902388 14.9201748332172 14.8359788359784 14.5819896689508 18 7.22019365497684 20.031620553358 11.0046008741663 8.80293619424133 19.4070100591823 9.40240918501805 9 14.3039923039963 11.6185875316324 10.6719576719569 14.1640211640216 17.183219357131 15 12.2399565008265 9 9.08752117447764 12.6659974486066 7.08816947947381
5 8.0665035447641 7.32254219210822 5.89648033126432 7.371855197941 7.23276240667698 3.79716418846868 6.63573624443272 17.5368592759865 21.5908149821232 24.5313382269978 20.8713846539943 20.3363448146022 19.0079051383404 10.7681159420317 16.0796787753292 13.1223414266876 17.158730158729 17.3445009097165 14 16.7023025283893 16.4047932743588 13.5652801304985 15.5468975468967 11.1695840391495 18.6908212560453 14.158730158729 18.7509881422936 16.924273793841 9 16.3616287094553 13 15.4667168580203 10.8858146684239 16.5962105527277 11.3017127799738 11.692201518289 7.15873015872905 18.5696718740167 19.13739883305 16.8146684233666 17.1581027667973 12.0332517723811 9 13.3350272915466 8.98751490056015 8.68831168831051 14.1828847481009 8.04015308363095 9.57418909592583 10.8113432461257 6.15873015872905 12.841269841271 10.5895601982544 13.7672375933259 12.1620553359675 13.6007277746372
6 5 3.66723131940697 4.44789510007305 1.04791183052061 11.3218311479157 7.30141999707345 19.313591400546 23.8656753874172 19.3809732940125 20.4056925361306 19.4139531965635 20.5013279795892 18.8623711232407 18.1902461467678 12.0865173473872 14.9029633812223 22.0525754438793 17.15343915344 10.2728945772433 11.2174958696699 15.5732898341614 16 17.3078403078395 12.6448334274434 12.7798481711511 8.39818474600909 10.3506702637132 11.7525566221232 9.79540749106148 12.1188698580011 11.6586569630073 8 11.1103791538583 10.3984984419832 13.9429909864695 12 7.270552314029 16.7595624986935 13.6362381579755 19.6395842482812 16.0045590480376 7 7.46031746031987 11.1106719367581 8.12380534119709 8.69264069263794 8.93604784909391 9.06071062592642 8.24426459209139 16.6758893280626 16.434071564502 9.5157789070814 9.43083003952533 14.8776376602476 7.49802371541491 10
5.46464646464644 4.50505050505192 5 4.16264090176391 0 14.0409896062075 16.2929292929286 23.3806177719224 18.8518518518508 23.0137607963734 19.9158249158236 22.053872053872 20.1245791245818 19.0055628751284 18.9259259259278 19.8752744839695 17.1481481481492 15.9777484994873 12.6110379153853 16.5580442102209 11.5229102620389 15 14.540623627582 15.6902356902366 15.1837212706803 16.7681159420277 16 11.4327331283852 12.1604450300115 17.84584980237 6.90923730054113 10.9039672083145 11.5824915824878 15.7218562435924 16.2087542087588 15 20.6070853462129 15.2258820084822 17.969843361145 11.5854194115037 16.1481481481492 12 14.051237007757 8.34914361001535 9.86824769433364 7.74893866198096 7.84511784511592 8.81481481481655 10.1048162787276 15.4700629483199 18.3560240081969 9.85185185185084 18.456594934855 11.2021665934721 13.4664031620569 8.92621870882692 8
8.72727272727384 7.7741389045746 5.0880858272159 6 2.13438735178148 3.68718238283941 15 22.3483907396949 22.0242800677581 19.8955392433649 21.7865612648214 21.802936194241 19 17.8582721626205 18.0993788819881 15.8684359119147 15.9017504234874 16.1287408243942 19.2795031055924 10 14.5228684359111 14.1078486730678 13 10.1688311688313 7.91417278373829 16.6894409937871 15.1089779785426 12.0604178430257 15.0773574251833 14.2145680406563 12.3320158102774 16.2591756070031 12.1428571428567 12.8972332015811 6.64709203839185 10.6815358554518 9.87577639751241 12.1383399209459 14 14 14 13.1394692264251 15 12.3500846979102 9.04743083003903 9.8780350084703 16.8831168831176 15.7018633540388 16.1151891586643 11.0767927724442 8.27780914737507 6.94861660079032 6.85714285714334 8.69226425748149 14.3145115753805 20.4957651044622 5.68379446640585
23.859066859066 4 12 10.6625258799028 7.33837338185432 3.4376267854534 22 28 20.7482485308576 22.8809210113556 24.6280820628661 18.1375661375659 20.9961938222811 20.8556162034422 18.6813894639998 18.8733086559177 20.1217976870145 15.9919693832752 13.974444235314 15.5644226948571 13.7784260827735 13.7075098814216 12.7170671518499 10.0115440115437 7 11.512537382104 15.0728611163395 21.0561097517611 13.458498023715 16.444130748478 21.080828993873 12.9108266934357 13.6402952924652 13.5159462116012 15.9662881402005 15.5953112909623 7 10.8814647510298 16.0141372315283 18.9420498985714 11.9596796118557 10.8629776021083 13.8624338624341 8.20233389798618 9.35535479013634 7.12612669134469 11.3578643578715 18.6250287554665 15.4474977518446 20.2169521299955 19.5301252692544 18.172637346553 19 10.1550494593951 6.51510968902206 14.1381098772401 12.3387498170102
19.9879749879748 21.0554196206371 17.8503042850864 22.4340924775743 10.7703536399196 19 7.28615346006577 14.9267415354368 23.0224815442205 27.0632829328468 26.7485204006947 25.0083652257565 19.1286153460068 18.8687705209446 19.094547964114 20.9314051487959 18.3640127987974 16.2824727607349 16.078068469372 12.7670284626837 14.7770667335881 9.25380094945429 17.3438735177871 11.5882635882643 14.547985026246 15.8102139406486 12.9299412342889 15.5697137001486 14.5301252692553 15.2143170838815 14 12.9142564359957 7.72562059518266 12.8677248677249 18.212644038736 15.9722901896814 16.1322751322751 15.7630131543077 17.7944664031652 12.1905807557983 16.8951628082049 17.8637722985548 17.8677248677249 18.1322751322751 9.88236401279875 6.98065541543795 6 15.470209339783 18.3936884371684 19.5552000334586 20.9309450613804 20.3968044837629 13.2906915950393 7.19532802141563 7.71317732187525 19.4355773051427 19.0711044189303
19.5238095238091 14.5665349143619 16.3347135955835 19.3864734299548 22.9603488299141 6.91272978229885 20.2411067193671 12.921450530146 20.1699604743073 19.8752744839757 18.9137336093844 20 19.8765292678332 18.8740197001066 17.0489993098677 17.8730158730157 20.1022648848784 18.7460317460315 19.0235899366333 15.8067632850232 12.0326243804505 16.0912227868757 9.95834117573247 13.888888888888 12.5261936131502 11.0731538992396 12.4699165568748 14.8730158730157 14.3315138967307 17.3616287094528 13.6904448208789 12.04467030554 16.4095614530416 12.5612648221309 13.9041345128308 13.734613212872 14.4748102139393 13.3571742267377 15.8075161553452 14.8815484032874 14.9046364263737 11.3740510697033 12.1909781040195 13.2771817554436 16.1106719367581 5.76391241608574 5.71428571428344 5 16.0933559194434 21.2788757136564 15.1028295376139 18.3229813664666 21.5838509316774 17.507936507937 7.66114561766894 5.63492063492131 13.6122090469939
19 14 15.0364723842998 16.6098458707113 17.0836940836933 22.1213166865371 20.0923520923511 9.30221469351821 18.9058912102412 21.9836459836465 21.0867892172256 25.1216931216918 22.8850408850417 21.1147499843135 21.0381872555777 17.7662337662365 20.6630068803948 18.2353347135957 16.9009139009149 17.5622059100335 14 6.9644059644062 18 12.558922558924 16 15.1674718196424 14.8855218855236 12.2433862433835 16.6530940878758 11.0324570759383 16 14.0553359683823 18 14.5271137879805 16.0298220298224 16.530041616996 15.6250287554664 14 14.7691197691222 17.9918229918231 14.8744588744605 13.8748353096191 15 9.29911955998456 6 11.8961038961051 13.0221260221261 6.21693121692901 9.12899178117118 20.092958571221 14.3896940418707 12.3554593554544 15.5009724574914 7.30913691783357 15.7955957086317 4.5591107765013 8.4721333416981
17.116402116401 15.4866051822575 17.3833992094866 17 17.6877470355742 20 21.3294435033552 20.0239245456635 22.0966183574871 19.6304661522117 19.7786979526134 18 17.1408494886728 21.7699562916979 20.845180584313 20.8045465001992 19.7823159127495 18.9360478490924 16.2843340234619 16.05152979066 17.0864964343216 14.7415563502505 15.883597883599 15.3953823953816 14.9535311709229 15.4336323901541 15.5296442687763 14.4365602191692 20.800593931029 15.7473910952168 13.8009285400599 15.7380638685 16.8467908902702 20 16.7549407114567 14.3702030658578 14.5401426270959 12.8616600790541 13.0908045255859 15.4679507288174 14.0073613986653 14.9995399125834 13.1467260597674 5.1827592697151 6.11640211640096 16.9218478783686 11.8393458393434 7.36899010811722 6.90336072944439 11 14.4027856201767 15.116402116401 6.3952569169958 5.61931948888453 18.8242256937948 12.2253591818782 15.0300102473988
16.6767676767686 18.5164690382069 17.0425999121655 17.2367149758488 17.2990777338619 21.1418533157675 22.1686429512529 20.9284145805892 21.0588493631955 22.4044795783994 21.9011857707493 20.7285902503279 23.0404040404097 21.0079051383404 21.9613526570058 18.9912165129555 18.8981115502834 14.7553798858128 15.1857707509874 16.3935002195888 20.4220465524828 17.9538866930171 19.6196750109786 18.4949494949469 16.0443566095743 13.3236714975856 18.3526570048281 13 14.8888888888881 12.9530083443125 16.9648660518231 17.5761967501085 17.5147123407968 17.6394378568302 13.2450592885433 7 6.82608695652248 8.51075977162224 15.302151954326 14.1111111111119 16.1075977162943 16.1036451471238 15.0087834870441 8 6.20948616600788 8.25999121651391 7.22222222222374 8 11.4391743522187 7.92094861660038 22.4475186649128 17.640316205531 25.5322793148848 18.8256477821683 3.47386912604432 6.00351339481793 6.88449714537
19.5454545454552 19.6253633644926 17.510780684694 17.0368069933289 23.8941798941806 26.5713449191733 24.8354350963045 23.7321454712761 26.8941798941806 21.8798335320099 20.2825354999291 20.8941798941806 20.202856724595 20.0079051383404 17.1104209799853 18.9209486166002 20.7828805654845 20.0899261768819 18.8535458100678 18.1389463998177 18.8422527552958 15.8941798941806 14.848861283643 15.9615199615203 16.7174645000739 12.494593972856 14 11.9477173390221 12.1498211933013 12.3781709433879 12.3873517786568 13.4262291653602 14.9276407972069 16.7193675889345 15 12.3574879227084 6 16.7233201581081 13.1027667984174 12.3318066796318 15 13.2155927808089 14.9337055858789 8.77470355731096 8.90589121023961 10.8941798941806 7.98075998075985 8.75960432482384 7.83434761695169 15.6972415668061 6.96568166133288 15.9322416713729 18.6846937281722 14.8941798941806 5.47351360394958 3.89417989418063 5.4806658719694
