rasters/SaudiArabia_bio8.asc
NCOLS 253 
NROWS 189 
XLLCORNER 34.572764529 
YLLCORNER 16.370957701 
CELLSIZE 0.0832600798498024 
NODATA_value -3.4e+38 
[rows 44 to 65 of 189, columns 0 to 49 of 253]
-3.4e+38 -3.4e+38 20.9464988708496 20.5188331604004 17.0136680603027 21.2243328094482 20.6280002593994 15.2491664886475 13.6239995956421 13.4021663665771 12.1701669692993 11.5605001449585 12.0130004882812 12.368332862854 12.6081666946411 11.8109998703003 11.2829999923706 11.7233333587646 12.4794998168945 12.8461666107178 12.9599990844727 13.0391664505005 13.265832901001 13.326000213623 13.1811666488647 13.0180006027222 12.9444999694824 12.9379997253418 12.9209995269775 12.671667098999 12.3385000228882 11.8454999923706 11.6991672515869 11.9353332519531 12.2484998703003 12.4246664047241 12.4868335723877 12.7065000534058 12.5226669311523 12.3091669082642 12.2554998397827 12.2875003814697 12.3959999084473 12.4311666488647 12.4498329162598 12.5126667022705 12.6050004959106 12.688666343689 12.7386665344238 12.8261671066284
-3.4e+38 21.3880271911621 21.21266746521 21.4284992218018 21.4868335723877 21.5799999237061 21.4926662445068 18.8846664428711 12.316333770752 19.8391666412354 15.1116666793823 12.1386661529541 12.0236663818359 12.4530000686646 12.6263332366943 12.2455005645752 11.5026664733887 11.5920000076294 12.3268337249756 12.6494998931885 13.0966663360596 13.0183334350586 13.1418333053589 13.2855005264282 13.253833770752 13.1585006713867 13.0883340835571 13.0668334960938 13.0328330993652 12.7723331451416 12.6438331604004 12.5468339920044 12.3093328475952 12.2054996490479 12.3090000152588 12.3818330764771 12.3494997024536 12.5885000228882 12.5976667404175 12.2025003433228 12.3031673431396 12.5098333358765 12.6529998779297 12.7705001831055 12.8101663589478 12.7694997787476 12.8221664428711 13.0159997940063 13.0686664581299 13.0993337631226
-3.4e+38 21.9646453857422 22.1341667175293 21.8286666870117 21.8603324890137 21.9449996948242 21.8115005493164 21.6046676635742 21.0556659698486 20.7848339080811 19.9540004730225 12.6493330001831 10.7428331375122 12.4498338699341 12.5069999694824 12.3708333969116 11.7588329315186 11.5943336486816 12.126166343689 12.4943332672119 12.9434995651245 13.0633335113525 13.1711664199829 13.1683330535889 13.164999961853 13.212833404541 13.1579999923706 13.1016664505005 13.0328330993652 12.8903331756592 12.8255004882812 12.752667427063 12.6700000762939 12.6496667861938 12.5544996261597 12.445333480835 12.4595003128052 12.537166595459 12.6330003738403 12.4676666259766 12.449333190918 12.5903339385986 12.7294998168945 12.8540000915527 12.960000038147 13.0721664428711 13.1196670532227 13.1231670379639 13.1361665725708 13.1991662979126
22.4022521972656 -3.4e+38 22.3678569793701 22.3091583251953 22.2428302764893 22.1689186096191 21.8488216400146 21.8411655426025 21.6389999389648 21.2283325195312 20.450834274292 17.6145000457764 13.3538331985474 18.2133331298828 12.6451663970947 12.4549999237061 12.2258338928223 11.8535003662109 11.88450050354 12.4274997711182 12.650333404541 12.7735004425049 12.949333190918 13.025333404541 12.6163330078125 13.0325002670288 13.1096668243408 13.0228328704834 13.021333694458 12.8188333511353 12.9739999771118 12.9829998016357 12.8599996566772 12.8916664123535 12.6436672210693 12.49049949646 12.3339996337891 12.1595001220703 12.4066667556763 12.6001663208008 12.5108337402344 12.8648338317871 13.077166557312 13.0053329467773 12.8944997787476 13.0551662445068 13.123833656311 13.1129999160767 13.206166267395 13.3520002365112
22.480302810668899 -3.4e+38 -3.4e+38 -3.4e+38 -3.4e+38 -3.4e+38 -3.4e+38 -3.4e+38 21.9511661529541 21.5734996795654 21.0981674194336 15.9235000610352 19.5718326568604 19.3784999847412 18.2998332977295 12.7636661529541 12.522665977478 11.9910001754761 11.9718332290649 11.9624996185303 11.8976669311523 12.2721672058105 12.2213335037231 12.2898330688477 12.5141668319702 12.6890001296997 12.8360004425049 12.9811668395996 12.9173336029053 12.7630004882812 12.9551668167114 12.912166595459 12.9446668624878 12.8640003204346 12.8365001678467 12.6724996566772 12.3594999313354 12.2861671447754 12.4591665267944 12.6199998855591 12.6844997406006 13.0649995803833 13.2140007019043 13.308666229248 13.2298336029053 13.3474998474121 13.3871660232544 13.4338331222534 13.4663333892822 13.4499998092651
-3.4e+38 -3.4e+38 -3.4e+38 -3.4e+38 -3.4e+38 -3.4e+38 -3.4e+38 -3.4e+38 22.1700763702393 21.8718338012695 21.5578327178955 21.3234996795654 19.2801666259766 13.7788333892822 18.8489990234375 13.7375001907349 12.4991664886475 12.3555002212524 12.1319999694824 11.7385005950928 11.1561670303345 11.4923334121704 11.7241668701172 12.0799999237061 12.5114994049072 12.5869998931885 12.4420003890991 12.4844999313354 12.4583330154419 12.5729999542236 12.8065004348755 12.7866668701172 12.9779996871948 12.9836664199829 12.8696670532227 12.8233327865601 12.694167137146 12.5856666564941 12.4821662902832 12.5666666030884 12.9820003509521 13.1814994812012 13.3323335647583 13.4158334732056 13.4709997177124 13.456166267395 13.518500328064 13.5364999771118 13.5050001144409 13.4958333969116
-3.4e+38 -3.4e+38 -3.4e+38 -3.4e+38 -3.4e+38 -3.4e+38 -3.4e+38 -3.4e+38 -3.4e+38 22.2324180603027 21.9034996032715 21.6008338928223 20.0486679077148 13.2915000915527 14.0659999847412 14.132833480835 12.7141666412354 12.4936666488647 12.3915004730225 11.7798328399658 11.0631666183472 10.4689998626709 10.8873329162598 11.6726665496826 11.8088331222534 12.1228332519531 12.0953330993652 11.8023328781128 11.9031667709351 12.3610000610352 12.4954996109009 12.673999786377 12.9483337402344 13.0256671905518 13.0069999694824 12.9619998931885 12.929666519165 12.8129997253418 12.5524997711182 12.4910001754761 13.0216665267944 13.2573337554932 13.3401670455933 13.4980001449585 13.5799999237061 13.5966663360596 13.5946664810181 13.6378326416016 13.6048336029053 13.5391664505005
-3.4e+38 -3.4e+38 -3.4e+38 -3.4e+38 -3.4e+38 -3.4e+38 -3.4e+38 -3.4e+38 -3.4e+38 22.3056907653809 22.4080638885498 22.0935001373291 21.1315002441406 19.6811676025391 19.5633335113525 14.7358331680298 18.2933330535889 13.0609998703003 12.4883337020874 11.9700002670288 11.4333333969116 11.1015005111694 10.309666633606 10.7266664505005 11.4440002441406 11.4274997711182 11.6488332748413 11.4576663970947 11.7319993972778 12.0970001220703 12.2791662216187 12.5236663818359 12.8128328323364 13.0093336105347 13.1073331832886 13.0103330612183 13.0803337097168 12.944167137146 12.8448333740234 12.8821668624878 13.1799993515015 13.3531665802002 13.4951667785645 13.6081666946411 13.6908330917358 13.7189998626709 13.6653337478638 13.7601671218872 13.6894998550415 13.702000617981
-3.4e+38 -3.4e+38 -3.4e+38 -3.4e+38 -3.4e+38 -3.4e+38 -3.4e+38 -3.4e+38 -3.4e+38 -3.4e+38 22.619047164917 22.4128341674805 21.8693332672119 20.1471672058105 20.7043323516846 19.7841663360596 19.700834274292 15.7945003509521 14.4398336410522 12.6433334350586 12.3800001144409 13.765832901001 13.4326667785645 11.8718338012695 11.1343336105347 10.5170001983643 10.7974996566772 10.9221668243408 11.2325000762939 11.6468334197998 11.9721670150757 12.3363332748413 12.7234992980957 12.8926668167114 13.1828336715698 13.3106660842896 13.261999130249 13.2178335189819 13.0508337020874 13.1853332519531 13.3003339767456 13.5516672134399 13.6748332977295 13.7660007476807 13.7951669692993 13.7679996490479 13.8143329620361 13.981499671936 14.025333404541 13.8443336486816
-3.4e+38 -3.4e+38 -3.4e+38 -3.4e+38 -3.4e+38 -3.4e+38 -3.4e+38 -3.4e+38 -3.4e+38 -3.4e+38 -3.4e+38 22.5325298309326 22.0608329772949 20.3311672210693 19.3905010223389 20.3181667327881 20.3463325500488 20.1208324432373 19.9794998168945 19.4895000457764 19.6459999084473 15.7776670455933 15.1546669006348 13.9305000305176 13.1488332748413 11.091667175293 10.2298336029053 10.2551670074463 10.7153329849243 11.2136669158936 11.7910003662109 12.2138338088989 12.5351667404175 12.8116664886475 12.9610004425049 13.2655000686646 13.4763336181641 13.4965000152588 13.3943328857422 13.2255001068115 13.3889999389648 13.4755001068115 13.4739999771118 13.6365003585815 13.5891666412354 13.7031669616699 13.9401664733887 14.2174997329712 14.1319999694824 13.9618330001831
-3.4e+38 -3.4e+38 -3.4e+38 -3.4e+38 -3.4e+38 -3.4e+38 -3.4e+38 -3.4e+38 -3.4e+38 -3.4e+38 -3.4e+38 22.6860618591309 22.3759994506836 22.1858329772949 21.8645000457764 21.220832824707 20.962833404541 20.7551670074463 20.1728324890137 16.4363327026367 20.6609992980957 20.3834991455078 15.8656663894653 15.606499671936 13.8133335113525 11.9184999465942 9.78400039672852 10.0539999008179 10.4743337631226 10.8064994812012 11.3754997253418 11.8688335418701 12.3559999465942 12.6011667251587 12.8315000534058 13.0906658172607 13.3655004501343 13.3940000534058 13.4316663742065 13.2706661224365 13.2569999694824 13.2119998931885 13.166166305542 13.3610000610352 13.5193338394165 13.5085000991821 13.6248331069946 13.7255001068115 13.7593326568604 14.0718336105347
-3.4e+38 -3.4e+38 -3.4e+38 -3.4e+38 -3.4e+38 -3.4e+38 -3.4e+38 -3.4e+38 -3.4e+38 -3.4e+38 -3.4e+38 -3.4e+38 22.5891304016113 22.2805004119873 22.1564998626709 21.7311668395996 20.1301670074463 20.2223339080811 20.1456661224365 21.1061668395996 21.0826663970947 20.8713340759277 20.3146667480469 16.0690002441406 15.219500541687 12.6751670837402 10.2530002593994 10.6708335876465 10.3188333511353 10.6055002212524 10.9645004272461 11.8308334350586 12.1556663513184 12.1566667556763 12.5500001907349 12.875 13.1781663894653 13.2825002670288 13.2080001831055 13.1633329391479 13.1458330154419 13.1821670532227 13.2236671447754 13.3593330383301 13.5474996566772 13.6374998092651 13.5775003433228 13.5281667709351 13.5421667098999 13.6330003738403
-3.4e+38 -3.4e+38 -3.4e+38 -3.4e+38 -3.4e+38 -3.4e+38 -3.4e+38 -3.4e+38 -3.4e+38 -3.4e+38 -3.4e+38 -3.4e+38 -3.4e+38 22.7187042236328 22.3033332824707 22.109167098999 21.5854988098145 21.5468330383301 21.0526657104492 21.1205005645752 21.4538326263428 20.9741668701172 20.5190010070801 16.1680011749268 14.5820007324219 12.824333190918 11.0170001983643 11.1218338012695 11.5430002212524 10.8286666870117 11.2199993133545 11.9828329086304 11.9703330993652 11.6973333358765 11.8261671066284 12.3746662139893 12.9241666793823 13.1691665649414 13.0961666107178 12.9953327178955 12.9429998397827 13.0423336029053 13.1736669540405 13.2621669769287 13.4246664047241 13.4230003356934 13.6304998397827 13.6365003585815 13.5713338851929 13.5991668701172
-3.4e+38 -3.4e+38 -3.4e+38 -3.4e+38 -3.4e+38 -3.4e+38 -3.4e+38 -3.4e+38 -3.4e+38 -3.4e+38 -3.4e+38 -3.4e+38 -3.4e+38 -3.4e+38 22.7782192230225 22.4861660003662 22.3334999084473 22.0809993743896 22.0828323364258 21.2929992675781 20.703332901001 21.0533332824707 17.1844997406006 16.5366668701172 15.945333480835 13.0094995498657 12.3420000076294 12.3351669311523 12.297833442688 11.9423332214355 11.2194995880127 12.2265005111694 12.460000038147 11.9961671829224 11.3723335266113 11.8841667175293 12.6433334350586 12.8221664428711 12.9958333969116 13.0341663360596 13.0149993896484 13.0636672973633 13.2006664276123 13.4083337783813 13.507999420166 13.4581670761108 13.6133337020874 13.7456665039062 13.8111667633057 13.7480001449585
-3.4e+38 -3.4e+38 -3.4e+38 -3.4e+38 -3.4e+38 -3.4e+38 -3.4e+38 -3.4e+38 -3.4e+38 -3.4e+38 -3.4e+38 -3.4e+38 -3.4e+38 -3.4e+38 -3.4e+38 22.8188343048096 22.658332824707 22.361499786377 22.0834999084473 21.8518333435059 21.5208339691162 21.4615001678467 21.263500213623 16.4661674499512 15.5668334960938 13.0041666030884 12.1855001449585 12.914999961853 13.2446660995483 13.0548334121704 12.1234998703003 12.9218330383301 12.953332901001 12.4691667556763 11.5555000305176 11.4680004119873 12.4451665878296 12.9946670532227 12.797833442688 12.9305000305176 12.9976673126221 13.3553333282471 13.293999671936 13.3128337860107 13.6106662750244 13.7681665420532 13.6829996109009 13.8076667785645 13.8323335647583 13.9029998779297
-3.4e+38 -3.4e+38 -3.4e+38 -3.4e+38 -3.4e+38 -3.4e+38 -3.4e+38 -3.4e+38 -3.4e+38 -3.4e+38 -3.4e+38 -3.4e+38 -3.4e+38 -3.4e+38 -3.4e+38 22.8713340759277 22.7334995269775 22.5286674499512 22.3363342285156 22.1606674194336 21.9323329925537 21.8966674804688 21.3449993133545 20.8728332519531 20.5911674499512 15.1309995651245 13.3549995422363 12.5136671066284 12.9456672668457 13.2565002441406 13.4438333511353 13.5696668624878 13.2453336715698 12.6383333206177 12.0991668701172 11.5836668014526 12.4156665802002 13.518500328064 13.5006666183472 13.316499710083 13.3111667633057 13.6213331222534 13.6205005645752 13.5084991455078 13.6451663970947 13.7188329696655 13.6956672668457 13.6778335571289 13.7481670379639 13.8575000762939
-3.4e+38 -3.4e+38 -3.4e+38 -3.4e+38 -3.4e+38 -3.4e+38 -3.4e+38 -3.4e+38 -3.4e+38 -3.4e+38 -3.4e+38 -3.4e+38 -3.4e+38 -3.4e+38 -3.4e+38 -3.4e+38 22.9200000762939 22.7856674194336 22.558500289917 22.3010005950928 22.2674999237061 22.3479995727539 22.0890007019043 21.7425003051758 17.9333343505859 20.6623344421387 16.9500007629395 15.2931661605835 14.6763334274292 13.3439998626709 13.4138336181641 13.8471670150757 13.8016662597656 12.9321670532227 12.3938331604004 11.5235004425049 12.1284999847412 13.3416662216187 14.2468328475952 14.055832862854 13.9868335723877 13.9718332290649 13.9926662445068 13.871166229248 13.7544994354248 13.6323337554932 13.5936670303345 13.6774997711182 13.7019996643066 13.8111667633057
-3.4e+38 -3.4e+38 -3.4e+38 -3.4e+38 -3.4e+38 -3.4e+38 -3.4e+38 -3.4e+38 -3.4e+38 -3.4e+38 -3.4e+38 -3.4e+38 -3.4e+38 -3.4e+38 -3.4e+38 -3.4e+38 22.9947624206543 22.8198986053467 22.6981658935547 22.6364994049072 22.5674991607666 22.4974994659424 22.3166656494141 22.1791667938232 21.7041664123535 17.7118339538574 18.1048336029053 20.9991664886475 21.0071659088135 15.1043329238892 13.7053327560425 13.4566669464111 13.8996667861938 13.5380001068115 12.7104997634888 11.7828330993652 11.9285001754761 13.2848329544067 14.4633331298828 14.6440000534058 14.6059999465942 14.6493330001831 14.5966663360596 14.4026670455933 14.1566667556763 13.7959995269775 13.647500038147 13.6596670150757 13.7250003814697 13.8159999847412
-3.4e+38 -3.4e+38 -3.4e+38 -3.4e+38 -3.4e+38 -3.4e+38 -3.4e+38 -3.4e+38 -3.4e+38 -3.4e+38 -3.4e+38 -3.4e+38 -3.4e+38 -3.4e+38 -3.4e+38 -3.4e+38 -3.4e+38 -3.4e+38 22.7005004882812 22.6021671295166 22.9136657714844 22.7940006256104 22.5721664428711 22.3365001678467 22.1790008544922 21.5646667480469 21.7740001678467 18.3106670379639 18.0644989013672 16.3131675720215 14.0823335647583 13.1590003967285 13.9879999160767 14.1418333053589 13.198166847229 12.5711669921875 11.9460000991821 13.1181669235229 14.6881666183472 15.3593330383301 15.2241668701172 14.7841672897339 14.6050004959106 14.3841667175293 14.3886661529541 14.1000003814697 13.8208332061768 13.706000328064 13.6551666259766 13.8361673355103
-3.4e+38 -3.4e+38 -3.4e+38 -3.4e+38 -3.4e+38 -3.4e+38 -3.4e+38 -3.4e+38 -3.4e+38 -3.4e+38 -3.4e+38 -3.4e+38 -3.4e+38 -3.4e+38 -3.4e+38 -3.4e+38 -3.4e+38 -3.4e+38 22.9580764770508 22.8523330688477 22.9866676330566 22.8738327026367 22.7968330383301 22.5518341064453 22.4671669006348 22.4271659851074 21.9629993438721 18.5458335876465 18.0748329162598 16.5456657409668 15.3736667633057 13.5853328704834 13.9243335723877 14.4603338241577 13.7239999771118 13.6126670837402 12.8076667785645 12.5983333587646 14.0019998550415 15.3548336029053 15.6018333435059 14.9611663818359 14.2928333282471 14.1639995574951 14.1999998092651 14.2454996109009 13.9678335189819 13.7491664886475 13.5733337402344 13.7698335647583
-3.4e+38 -3.4e+38 -3.4e+38 -3.4e+38 -3.4e+38 -3.4e+38 -3.4e+38 -3.4e+38 -3.4e+38 -3.4e+38 -3.4e+38 -3.4e+38 -3.4e+38 -3.4e+38 -3.4e+38 -3.4e+38 -3.4e+38 -3.4e+38 -3.4e+38 23.2250843048096 22.7868347167969 22.7451667785645 22.8898334503174 22.8824996948242 22.3429985046387 22.3194999694824 22.1580009460449 18.2641677856445 21.1324996948242 16.3423328399658 14.7041664123535 14.7341661453247 14.7913331985474 15.5159997940063 15.558500289917 14.6868333816528 14.3991670608521 13.2720003128052 13.7714996337891 15.4391670227051 15.5998334884644 15.422833442688 14.6178331375122 14.6443338394165 14.5348329544067 14.1381664276123 14.0403337478638 13.9045000076294 13.7951669692993 13.8063335418701
-3.4e+38 -3.4e+38 -3.4e+38 -3.4e+38 -3.4e+38 -3.4e+38 -3.4e+38 -3.4e+38 -3.4e+38 -3.4e+38 -3.4e+38 -3.4e+38 -3.4e+38 -3.4e+38 -3.4e+38 -3.4e+38 -3.4e+38 -3.4e+38 -3.4e+38 -3.4e+38 23.2031669616699 22.7543334960938 19.4895000457764 19.8075008392334 19.6436672210693 22.4353332519531 22.0949993133545 18.5681667327881 18.0843334197998 16.6110000610352 14.8994998931885 14.2893333435059 14.349666595459 14.5669994354248 15.3188333511353 15.1754999160767 14.9001665115356 14.2073335647583 13.9895000457764 15.0130004882812 15.6916666030884 15.6840000152588 15.0628328323364 15.1346664428711 14.8703327178955 14.5521669387817 14.331000328064 14.1186666488647 13.9130001068115 13.7798328399658
