rasters/SaudiArabia_bio8.asc
NCOLS 253 
NROWS 189 
XLLCORNER 34.572764529 
YLLCORNER 16.370957701 
CELLSIZE 0.0832600798498024 
NODATA_value -3.4e+38 
[rows 44 to 65 of 189, columns 100 to 149 of 253]
12.9709997177124 17.3938331604004 17.4593334197998 17.5895004272461 17.6666660308838 17.6538333892822 17.7551670074463 17.8871669769287 17.9983329772949 18.0863342285156 18.2298336029053 18.3436660766602 18.4586658477783 18.5109996795654 18.5939998626709 18.753999710083 18.921667098999 18.8980007171631 19.0265007019043 19.1223335266113 19.2124996185303 19.3443336486816 19.3881664276123 19.5031661987305 19.5708332061768 19.61549949646 19.7351665496826 19.7614994049072 19.783166885376 15.1695003509521 15.166166305542 15.1788330078125 15.2065000534058 15.162166595459 15.139500617981 15.2445001602173 15.3255004882812 15.0821666717529 14.9938335418701 15.0363330841064 15.1628332138062 15.3050003051758 15.4598331451416 15.592999458313 15.702166557312 15.8041667938232 15.8556661605835 15.9113330841064 15.9718332290649 15.9883337020874
12.9704999923706 17.4615001678467 17.5301666259766 17.6053333282471 17.6336669921875 17.6838321685791 17.8198337554932 17.892333984375 17.9489994049072 17.9971656799316 18.1248340606689 18.2770004272461 18.4425010681152 18.6106662750244 18.6651668548584 18.7123336791992 18.8436660766602 18.9268341064453 18.9990005493164 19.0963325500488 19.2478332519531 19.4056663513184 19.3945007324219 19.5434989929199 19.5828342437744 19.6671676635742 19.7915000915527 19.8374996185303 19.8641662597656 15.253833770752 15.2330007553101 15.2290000915527 15.2585000991821 15.2311668395996 15.2591667175293 15.2573337554932 15.0994997024536 14.9808330535889 14.9379997253418 14.9906663894653 15.1191663742065 15.2585000991821 15.4008331298828 15.5194997787476 15.6353330612183 15.7229995727539 15.7756671905518 15.8501663208008 15.9236660003662 15.9616661071777
12.9998331069946 12.9823331832886 13.0908327102661 17.6879997253418 17.8055000305176 17.7875003814697 17.908166885376 18.0036678314209 18.0948333740234 18.1389999389648 18.2245006561279 18.4263343811035 18.5298328399658 18.5886669158936 18.7321662902832 18.7571678161621 18.8053321838379 18.9064998626709 19.0351657867432 19.1603336334229 19.2859992980957 19.4361667633057 19.4619998931885 19.5826663970947 19.6984996795654 19.7764987945557 19.8544998168945 19.9048328399658 19.9221668243408 19.9325008392334 19.9348335266113 15.2814998626709 15.2836666107178 15.3931665420532 15.3776664733887 15.176833152771 15.0715007781982 14.9833335876465 14.9785003662109 15.0223331451416 15.135666847229 15.2653331756592 15.3971662521362 15.5054998397827 15.6046667098999 15.6851663589478 15.7278337478638 15.8008327484131 15.8683338165283 15.9236669540405
13.0694999694824 13.0946664810181 17.5341663360596 17.6601657867432 17.8530006408691 17.9543323516846 18.0034999847412 18.0311660766602 18.1586666107178 18.3548336029053 18.4243335723877 18.4950008392334 18.6235008239746 18.6984996795654 18.7573337554932 18.8493328094482 18.8520011901855 18.9203338623047 19.0165004730225 19.1556663513184 19.3038330078125 19.4790000915527 19.5526676177979 19.628833770752 19.7399997711182 19.8309993743896 19.8675003051758 19.9235000610352 19.9603328704834 19.9985008239746 20.0231666564941 20.0335006713867 20.095832824707 15.5086669921875 15.3168334960938 15.1858329772949 15.1125001907349 15.0493335723877 15.03600025177 15.0808334350586 15.1668338775635 15.2845001220703 15.3926668167114 15.5134992599487 15.5961666107178 15.6916675567627 15.7335004806519 15.7679996490479 15.8530006408691 15.9083337783813
17.4893341064453 17.6270008087158 17.6383323669434 17.6588325500488 17.8610000610352 17.9981670379639 18.1865005493164 18.3601665496826 18.4101657867432 18.3138332366943 18.3728332519531 18.4648323059082 18.6421661376953 18.7929992675781 18.867000579834 18.9126663208008 18.9418334960938 18.9768333435059 19.0458335876465 19.1111660003662 19.2786674499512 19.4566669464111 19.5531673431396 19.6725006103516 19.7983341217041 19.8558330535889 19.9196662902832 19.9518337249756 19.9925003051758 20.0893325805664 20.2046661376953 20.3181667327881 20.2291660308838 15.41100025177 15.3391666412354 15.2799997329712 15.1916666030884 15.1529998779297 15.1521673202515 15.1858339309692 15.2518329620361 15.3410005569458 15.4191665649414 15.5166664123535 15.5979995727539 15.6916675567627 15.7476673126221 15.8115005493164 15.8873329162598 15.945333480835
17.5778331756592 17.6585006713867 17.7851657867432 17.7956657409668 17.8570003509521 18.0268325805664 18.171667098999 18.3519992828369 18.5266666412354 18.4406661987305 18.3945007324219 18.4658336639404 18.6416664123535 18.8156661987305 18.910665512085 18.9349994659424 18.9639987945557 19.050500869751 19.0993328094482 19.1641654968262 19.2231674194336 19.3811664581299 19.5061664581299 19.6450004577637 19.7853336334229 19.8993339538574 20.0289993286133 20.1111679077148 20.150333404541 20.2656669616699 20.4016666412354 20.4223327636719 20.2954998016357 20.1459999084473 20.0603332519531 15.3696670532227 15.3146667480469 15.2373332977295 15.2684993743896 15.3104991912842 15.33899974823 15.3838338851929 15.458833694458 15.5481672286987 15.6446666717529 15.7369995117188 15.8451671600342 15.9556665420532 15.985333442688 16.0604991912842
17.6513328552246 17.6891670227051 17.861499786377 17.9586658477783 17.9518337249756 18.0188331604004 18.2006664276123 18.3571662902832 18.3994998931885 18.5563335418701 18.6590003967285 18.6450004577637 18.7746658325195 18.8766670227051 18.9149990081787 18.9624996185303 19.0093326568604 19.1054992675781 19.1805000305176 19.2306671142578 19.2709999084473 19.3400001525879 19.4966659545898 19.6578330993652 19.7590007781982 19.8579998016357 20.1266670227051 20.2250003814697 20.2355003356934 20.3061676025391 20.3530006408691 20.3953323364258 20.2810001373291 20.1693325042725 20.1218338012695 20.05299949646 20.0148334503174 15.3273334503174 15.3444995880127 15.3999996185303 15.4355001449585 15.4803333282471 15.5503339767456 15.6175003051758 15.7019996643066 15.7868337631226 15.9681663513184 15.9428329467773 15.9568328857422 16.0196666717529
13.477499961853 17.8096656799316 17.8306655883789 18.0033340454102 18.0568332672119 18.0713329315186 18.1900005340576 18.3726654052734 18.4838333129883 18.4703330993652 18.5696678161621 18.7224998474121 18.8040008544922 18.7988338470459 18.9104995727539 18.962833404541 19.0441665649414 19.087833404541 19.185998916626 19.271333694458 19.3646659851074 19.3858337402344 19.5165004730225 19.6918334960938 19.8373336791992 20.0279998779297 20.175666809082 20.0906677246094 20.1648349761963 20.3063335418701 20.329833984375 20.2929992675781 20.2245006561279 20.2280006408691 20.1856670379639 20.1253337860107 20.0598335266113 15.4218330383301 15.4371662139893 15.4748334884644 15.4930000305176 15.5366668701172 15.6056671142578 15.6881666183472 15.7211666107178 15.7973337173462 15.9416666030884 15.878999710083 15.9411668777466 16.0641670227051
13.6710004806519 13.6624994277954 17.9736671447754 17.9946670532227 18.1058330535889 18.1603336334229 18.1949996948242 18.3171672821045 18.4781665802002 18.5010013580322 18.5498332977295 18.6375007629395 18.7706661224365 18.7931671142578 18.8194999694824 18.9400005340576 19.0151672363281 19.0653324127197 19.1474990844727 19.2553329467773 19.4270000457764 19.5025005340576 19.5463333129883 19.7273330688477 19.9968338012695 20.1611671447754 20.0588340759277 20.0826663970947 20.1071662902832 20.2098331451416 20.2509994506836 20.2456665039062 20.2329998016357 20.2584991455078 20.2233333587646 20.1983337402344 20.1140003204346 20.0883331298828 20.0659999847412 15.5518341064453 15.5749998092651 20.1253337860107 15.6816663742065 15.7655000686646 15.8596668243408 15.8906669616699 15.9203329086304 15.9259996414185 15.9856662750244 16.0384998321533
13.7305002212524 17.9689998626709 18.0394992828369 18.1216659545898 18.1726665496826 18.2280006408691 18.2598323822021 18.3495006561279 18.4971656799316 18.5605010986328 18.5848331451416 18.6553325653076 18.7509994506836 18.9006671905518 18.8261661529541 18.8848342895508 19.0296669006348 19.1291656494141 19.1811656951904 19.3076667785645 19.5081672668457 19.6066665649414 19.6546669006348 19.8594989776611 19.9899997711182 19.9143333435059 20.0706672668457 20.150333404541 20.1698341369629 20.1736679077148 20.1618328094482 20.1975002288818 20.2293338775635 20.2383327484131 20.2123336791992 20.2070007324219 20.1663341522217 20.173168182373 20.1555004119873 20.1631660461426 20.1480007171631 20.1233329772949 20.1776676177979 15.7888336181641 15.7906665802002 15.8515005111694 16.0143337249756 16.1316661834717 16.1066665649414 16.08766746521
18.0179996490479 18.1763324737549 18.1033325195312 18.138500213623 18.2481670379639 18.3139991760254 18.3640003204346 18.4648342132568 18.4991664886475 18.5673332214355 18.6235008239746 18.6928329467773 18.7788333892822 18.8928337097168 18.9428329467773 18.9676666259766 19.1803321838379 19.3594989776611 19.4366664886475 19.5548324584961 19.6771659851074 19.77516746521 19.6861667633057 19.7306671142578 19.7416667938232 19.7889995574951 20.0016670227051 20.0908336639404 20.1586666107178 20.1663341522217 20.1135005950928 20.1415004730225 20.1848335266113 20.2159996032715 20.2433338165283 20.2196655273438 20.1905002593994 20.170166015625 20.1901664733887 20.195499420166 20.1833343505859 20.1568336486816 20.1293334960938 20.22483253479 20.2646675109863 15.9661664962769 16.0424995422363 16.0686664581299 16.0604991912842 16.0223331451416
13.9049997329712 18.2306671142578 18.2070007324219 18.1995010375977 18.2719993591309 18.3575000762939 18.4361667633057 18.548999786377 18.5606670379639 18.5628337860107 18.6528339385986 18.7503337860107 18.8414993286133 18.9221668243408 19.0565013885498 19.2651672363281 19.3129997253418 19.4274997711182 19.5678329467773 19.675666809082 19.8213329315186 19.8150005340576 19.7255001068115 19.7398338317871 19.6900005340576 19.7051658630371 19.8811664581299 20.0074996948242 20.0685005187988 20.0951671600342 20.0818328857422 20.1346664428711 20.1623344421387 20.1578330993652 20.2414989471436 20.2550010681152 20.2583332061768 20.224666595459 20.1889991760254 20.2036666870117 20.1979999542236 20.2290000915527 20.1391658782959 20.150333404541 20.2318325042725 15.9506673812866 15.9636669158936 16.0536670684814 15.9370002746582 16.0353336334229
18.1476669311523 18.0906658172607 18.183500289917 18.2476673126221 18.3466663360596 18.3474998474121 18.4139995574951 18.5190010070801 18.6213340759277 18.5851669311523 18.6893329620361 18.7811660766602 18.8699989318848 18.9723339080811 19.0725002288818 19.200834274292 19.4433326721191 19.6308326721191 19.6508331298828 19.738000869751 19.8596668243408 19.7021675109863 19.7136669158936 19.7434997558594 19.7198333740234 19.6983337402344 19.7411670684814 19.8315010070801 19.921667098999 19.9978332519531 20.0826663970947 20.1354999542236 20.1619987487793 20.1646671295166 20.2098331451416 20.2716674804688 20.2431659698486 20.247501373291 20.1805000305176 20.1948337554932 20.2223339080811 20.2416667938232 20.2111663818359 20.1818332672119 20.2171669006348 15.9011669158936 15.9506664276123 15.9910001754761 15.96399974823 16.0516662597656
18.0138339996338 18.1494998931885 18.2325000762939 18.3341674804688 18.420166015625 18.4440002441406 18.5265007019043 18.5926666259766 18.6608333587646 18.7003326416016 18.7478332519531 18.8523330688477 18.9195003509521 19.0065002441406 19.1100006103516 19.1996669769287 19.2973327636719 19.4623336791992 19.6898326873779 19.8321666717529 19.7565002441406 19.6733341217041 19.6550006866455 19.7026672363281 19.7194995880127 19.7296657562256 19.7273330688477 19.8134994506836 19.8653335571289 19.9448337554932 20.0195007324219 20.0773334503174 20.1141662597656 20.1189994812012 20.171667098999 20.2333335876465 20.2413330078125 20.2123336791992 20.1726665496826 20.1625003814697 20.2108345031738 20.2953338623047 20.2938327789307 20.2630004882812 20.2651672363281 15.8791666030884 15.908332824707 15.8983335494995 15.9666662216187 15.9968338012695
18.3920001983643 18.343334197998 18.2726669311523 18.3994998931885 18.441333770752 18.5224990844727 18.5930004119873 18.6059989929199 18.6363334655762 18.8374996185303 18.7765007019043 18.904167175293 19.0621662139893 19.0861663818359 19.1494998931885 19.2271671295166 19.3433322906494 19.4559993743896 19.5801677703857 19.7236671447754 19.7456665039062 19.6843338012695 19.6030006408691 19.6639995574951 19.6806659698486 19.7185001373291 19.7321662902832 19.8040008544922 19.8468322753906 19.8959999084473 19.9514999389648 20.0116672515869 20.0803337097168 20.119499206543 20.1149997711182 20.1596660614014 20.2111663818359 20.2141666412354 20.1983337402344 20.1895008087158 20.1499996185303 20.2883338928223 20.3081665039062 20.2971668243408 20.2953338623047 20.2486667633057 20.1809997558594 15.8581666946411 15.9598331451416 15.9700002670288
18.4866676330566 18.582332611084 18.4608325958252 18.4131660461426 18.3090000152588 18.5448341369629 18.6156673431396 18.6905002593994 18.6776657104492 18.8414993286133 18.8519992828369 18.9033336639404 19.1026668548584 19.2401676177979 19.2024993896484 19.2781658172607 19.3713340759277 19.4993324279785 19.6373329162598 19.691333770752 19.6935005187988 19.6684989929199 19.5968322753906 19.6121654510498 19.662166595459 19.6758327484131 19.7508335113525 19.7910003662109 19.8228340148926 19.8636665344238 19.9426670074463 19.9766654968262 20.0279998779297 20.0930004119873 20.079833984375 20.1098346710205 20.1888332366943 20.2256660461426 20.2193336486816 20.166332244873 20.1546669006348 20.2544994354248 20.3093338012695 20.2958335876465 20.3308334350586 20.2636661529541 20.1983337402344 20.1941661834717 20.2514991760254 20.3023338317871
18.3081665039062 18.6725006103516 18.6076679229736 18.4284992218018 18.458833694458 18.5921669006348 18.7268333435059 18.7863330841064 18.7981662750244 18.8503341674805 18.9631671905518 18.9173336029053 19.037166595459 19.3278331756592 19.3688335418701 19.3586673736572 19.404333114624 19.5541667938232 19.6821670532227 19.6905002593994 19.6773338317871 19.6361656188965 19.5693340301514 19.5504989624023 19.6254997253418 19.6580009460449 19.7028331756592 19.7608337402344 19.7823333740234 19.8261661529541 19.9108333587646 19.9584999084473 19.9966659545898 20.0508327484131 20.1061668395996 20.1318340301514 20.171501159668 20.2550010681152 20.255500793457 20.1936664581299 20.1338329315186 20.1653327941895 20.2514991760254 20.296501159668 20.3098335266113 20.2771663665771 20.1966667175293 20.2181663513184 20.2740001678467 20.3514995574951
18.3101673126221 18.3741664886475 18.4861660003662 18.4836673736572 18.5550003051758 18.6696662902832 18.7765007019043 18.9715003967285 18.908166885376 18.9540004730225 19.0518341064453 19.0785007476807 19.0548324584961 19.3333339691162 19.5896663665771 19.4611663818359 19.4996662139893 19.6153335571289 19.6991672515869 19.6693325042725 19.6333332061768 19.5986671447754 19.5706672668457 19.5396671295166 19.5486679077148 19.67799949646 19.7133331298828 19.6846675872803 19.7449989318848 19.7913341522217 19.8301677703857 19.8941669464111 19.9611663818359 20.0363349914551 20.0555000305176 20.1386661529541 20.1690006256104 20.2630004882812 20.2898330688477 20.2200012207031 20.1638336181641 20.1026668548584 20.1509990692139 20.2423324584961 20.283166885376 20.2781658172607 20.2275009155273 20.2159996032715 20.2171669006348 20.287166595459
18.3575000762939 18.3923320770264 18.4503326416016 18.7416667938232 18.8409996032715 19.0188331604004 18.9020004272461 19.033166885376 19.0656661987305 19.0156669616699 19.1468334197998 19.2196655273438 19.1731662750244 19.257999420166 19.6798324584961 19.6883335113525 19.601167678833 19.6490001678467 19.6956672668457 19.6443328857422 19.611665725708 19.5795001983643 19.5334987640381 19.5254993438721 19.5353336334229 19.6003341674805 19.6650009155273 19.6529998779297 19.7433338165283 19.7686672210693 19.7999992370605 19.8664989471436 19.9311676025391 19.992000579834 20.0750007629395 20.0970001220703 20.138500213623 20.2053337097168 20.2801666259766 20.2493343353271 20.1855010986328 20.1316661834717 20.1278324127197 20.2576675415039 20.271333694458 20.2455005645752 20.2113342285156 20.238166809082 20.2338333129883 20.2495002746582
18.416166305542 18.4654998779297 18.3646659851074 18.7513332366943 19.0050010681152 19.1084995269775 19.1586666107178 18.9131660461426 19.0049991607666 19.0618324279785 19.1420001983643 19.2678337097168 19.3355007171631 19.2643337249756 19.5313339233398 19.8398323059082 19.7148323059082 19.6861667633057 19.6883335113525 19.6313323974609 19.611499786377 19.5633335113525 19.5359992980957 19.5258331298828 19.46266746521 19.5548343658447 19.5900001525879 19.6073322296143 19.7556667327881 19.8169994354248 19.7841663360596 19.8320007324219 19.8713340759277 19.9134998321533 19.9895000457764 20.0376663208008 20.0830001831055 20.1276664733887 20.2329998016357 20.2849998474121 20.2853336334229 20.2403335571289 20.2243328094482 20.2210006713867 20.3123321533203 20.253833770752 20.25 20.2274990081787 20.2551670074463 20.2315006256104
18.6009998321533 18.5541667938232 18.3371658325195 18.5571670532227 18.9141674041748 19.0694999694824 19.1651668548584 18.9093341827393 18.9373340606689 19.0746669769287 19.1513328552246 19.2761669158936 19.4643325805664 19.4209995269775 19.470832824707 19.8316669464111 19.8293342590332 19.7056655883789 19.6826667785645 19.6491661071777 19.6140003204346 19.5738334655762 19.5558338165283 19.529333114624 19.4663333892822 19.4838333129883 19.5393333435059 19.6326675415039 19.7504997253418 19.8605003356934 19.7863330841064 19.7861671447754 19.8313331604004 19.888500213623 19.9400005340576 19.9713325500488 19.9965000152588 20.0650005340576 20.1410007476807 20.2011661529541 20.2268333435059 20.2199993133545 20.2333335876465 20.179666519165 20.3094997406006 20.263500213623 20.2318344116211 20.2213325500488 20.2228336334229 20.2093334197998
18.6306667327881 18.6008338928223 18.4676666259766 18.5186672210693 18.7835006713867 19.0336666107178 19.1573333740234 18.9650001525879 18.957332611084 19.0686664581299 19.2223339080811 19.3003330230713 19.4653339385986 19.5961666107178 19.5535011291504 19.795166015625 19.8863334655762 19.6873321533203 19.6498336791992 19.6648330688477 19.617000579834 19.5861663818359 19.5543327331543 19.5378341674805 19.4268321990967 19.4654998779297 19.5578327178955 19.6778335571289 19.8738327026367 19.894832611084 19.8273334503174 19.7299995422363 19.7695007324219 19.8489990234375 19.9208335876465 19.9631671905518 19.9815006256104 19.9996662139893 20.0336666107178 20.070333480835 20.071834564209 20.1381664276123 20.1963329315186 20.1714992523193 20.1905002593994 20.2005004882812 20.2059993743896 20.2278327941895 20.1674995422363 20.1686668395996
