rasters/SaudiArabia_bio10.asc
NCOLS 253 
NROWS 189 
XLLCORNER 34.572764529 
YLLCORNER 16.370957701 
CELLSIZE 0.0832600798498024 
NODATA_value -3.4e+38 
[rows 110 to 131 of 189, columns 100 to 149 of 253]
34.9831657409668 34.8610000610352 34.7858352661133 34.6741676330566 34.5999984741211 34.5994987487793 34.6373329162598 34.7581672668457 34.8371658325195 34.7393341064453 34.6694984436035 34.6508331298828 34.803165435791 35.0714988708496 35.2466659545898 35.1838340759277 35.0774993896484 35.2094993591309 35.3209991455078 35.3756675720215 35.2881660461426 35.265998840332 35.4293327331543 35.110668182373 35.6520004272461 35.8525009155273 35.939998626709 36.111499786377 36.1241683959961 35.9226684570312 36.0276679992676 36.048999786377 35.916332244873 35.8115005493164 35.8048324584961 35.780834197998 35.7423324584961 35.7854995727539 35.087833404541 33.6586685180664 33.2089996337891 33.6289978027344 33.9346656799316 34.1471672058105 34.123664855957 34.3013343811035 34.3185005187988 34.638500213623 34.638500213623 34.344165802002
35.0808334350586 34.9819984436035 34.8838348388672 34.7053337097168 34.585334777832 34.4943313598633 34.5341682434082 34.6196670532227 34.5898323059082 34.6069984436035 34.6841659545898 34.8073348999023 34.8768348693848 35.0340003967285 35.2129974365234 35.1189994812012 34.977165222168 34.9594993591309 35.013500213623 35.1591682434082 35.1421661376953 35.1216659545898 35.2185020446777 34.5448341369629 35.3248329162598 35.7410011291504 35.9365005493164 35.9879989624023 36.1338348388672 36.1431655883789 36.123664855957 36.0224990844727 35.8506660461426 35.8525009155273 35.8110008239746 35.795166015625 35.8438339233398 35.6459999084473 34.3196640014648 33.6568336486816 33.4311676025391 33.6679992675781 34.0218315124512 34.0815010070801 34.3209991455078 34.4266662597656 34.5343322753906 34.8118324279785 34.6593322753906 34.4538345336914
35.2328338623047 35.0658340454102 34.9514999389648 34.7878341674805 34.7391662597656 34.6751670837402 34.621166229248 34.6349983215332 34.6040000915527 34.623664855957 34.765998840332 34.9366683959961 35.0411643981934 35.119499206543 35.2748336791992 35.4071655273438 35.3751678466797 35.2716674804688 35.1466674804688 35.0699996948242 34.9951667785645 34.9258346557617 34.9688339233398 34.9674987792969 35.3278350830078 35.6505012512207 35.8173332214355 35.9638328552246 35.9545021057129 36.0016670227051 35.9913330078125 35.9913330078125 35.8634986877441 35.8316650390625 35.8038330078125 35.8318328857422 35.8663330078125 35.5828323364258 34.4941673278809 33.8421669006348 33.6865005493164 34.054500579834 34.1834983825684 34.1896667480469 34.5303344726562 34.6059989929199 34.8209991455078 34.908332824707 34.7306671142578 34.6230010986328
35.285831451416 35.1801681518555 35.0813331604004 34.9473342895508 34.9103355407715 34.7876663208008 34.7509994506836 34.7341651916504 34.666332244873 34.678165435791 34.8728332519531 35.0196685791016 35.1360015869141 35.2648315429688 35.2198333740234 35.3543319702148 35.5563316345215 35.5668334960938 35.4124984741211 35.2328338623047 35.2091674804688 34.7823333740234 34.7501678466797 35.0515022277832 35.3751678466797 35.6966667175293 35.8564987182617 35.9738349914551 36.0206680297852 35.997501373291 35.9508323669434 35.8383331298828 35.763500213623 35.8703346252441 35.8395004272461 35.9249992370605 35.9123344421387 35.6279983520508 34.4888343811035 34.0783309936523 34.099666595459 34.4080009460449 34.5960006713867 34.4238319396973 34.7121658325195 34.8516654968262 35.0353317260742 35.0683326721191 34.8375015258789 34.7151679992676
35.3936653137207 35.3294982910156 35.1976661682129 35.0800018310547 35.0250015258789 34.8971672058105 34.8791656494141 34.8666687011719 34.7503318786621 34.6824989318848 34.8450012207031 34.9998321533203 35.0876655578613 35.1726684570312 35.1948318481445 35.2131652832031 35.3038330078125 35.5956649780273 35.6730003356934 35.5766677856445 35.5130004882812 35.2934989929199 35.0526657104492 35.3051681518555 35.4923324584961 35.7416687011719 35.9556655883789 36.0455017089844 36.0696678161621 35.936164855957 35.8183326721191 35.7416648864746 35.7939987182617 35.884334564209 35.8356666564941 36.0521659851074 36.0246658325195 34.980167388916 34.7803344726562 34.4428329467773 33.9715003967285 34.3499984741211 34.4831657409668 34.6963348388672 34.9011650085449 34.9951667785645 35.1828346252441 35.2206687927246 34.929500579834 34.8706665039062
35.4558334350586 35.3925018310547 35.2845001220703 35.2029991149902 35.1283340454102 35.0051651000977 35.0058326721191 34.8663330078125 34.664665222168 34.5711669921875 34.7136650085449 34.8186683654785 34.8628311157227 34.859001159668 34.9323310852051 35.068000793457 35.2498321533203 35.5164985656738 35.5499992370605 35.7226676940918 35.8266677856445 35.7261657714844 35.6251678466797 35.5608329772949 35.644832611084 35.8393325805664 36.0168342590332 36.0393333435059 35.9461669921875 35.8831672668457 35.7745018005371 35.6788330078125 35.8611679077148 35.8611679077148 35.8715019226074 36.1599998474121 35.9806671142578 34.8828315734863 34.9580001831055 34.9126663208008 34.5258331298828 34.6606674194336 34.5013313293457 34.9174995422363 35.1561660766602 35.2360000610352 35.3963317871094 35.3979988098145 35.1188354492188 35.0646667480469
35.4938316345215 35.4631652832031 35.3981666564941 35.328498840332 35.2061653137207 35.135498046875 35.0536651611328 34.8745002746582 34.6988334655762 34.5825004577637 34.5271682739258 34.6023330688477 34.6175003051758 34.611499786377 34.6346664428711 34.9938354492188 35.2799987792969 35.4228324890137 35.4549980163574 35.554500579834 35.7903327941895 35.808666229248 35.6723327636719 35.6071662902832 35.6616668701172 35.746166229248 35.8530006408691 35.9523315429688 35.9488334655762 35.9063339233398 35.7341651916504 35.7893333435059 35.9511680603027 35.9114990234375 36.0735015869141 35.9476661682129 34.6586647033691 34.9238319396973 34.9700012207031 34.7678337097168 35.0369987487793 35.1506652832031 34.9645004272461 35.2163314819336 35.3968353271484 35.4288330078125 35.4739990234375 35.4546661376953 35.3078346252441 35.2999992370605
35.5303344726562 35.507999420166 35.4604988098145 35.4338340759277 35.3168334960938 35.244499206543 35.107666015625 34.9749984741211 34.863166809082 34.7358322143555 34.546501159668 34.4306678771973 34.4478340148926 34.5163345336914 34.6471672058105 34.852668762207 35.082332611084 35.2626686096191 35.389331817627 35.5200004577637 35.519832611084 35.627498626709 35.5983352661133 35.4731674194336 35.5363349914551 35.6964988708496 35.8571662902832 35.8726654052734 35.9806671142578 35.9346656799316 35.8283309936523 36.002498626709 36.0078353881836 36.1283340454102 36.1809997558594 35.5965003967285 34.6258316040039 34.6105003356934 34.3240013122559 34.6098327636719 34.9013328552246 34.9365005493164 35.1326675415039 35.4015007019043 35.5136680603027 35.6030006408691 35.5738334655762 35.5558319091797 35.4729995727539 35.5366668701172
35.5559997558594 35.5429992675781 35.5083351135254 35.5130004882812 35.4243354797363 35.3261680603027 35.1643333435059 35.0131683349609 34.8870010375977 34.7266654968262 34.4594993591309 34.3455009460449 34.2916679382324 34.2716674804688 34.4416656494141 34.5970001220703 34.7986679077148 34.9888343811035 35.0951652526855 35.2701683044434 35.2828330993652 35.5023345947266 35.3375015258789 35.4786682128906 35.5576667785645 35.7273330688477 35.8515014648438 35.9353332519531 36.0320014953613 35.9546661376953 35.9724998474121 36.0423316955566 36.1083335876465 36.1894989013672 36.2281646728516 35.828498840332 34.7943344116211 34.2485008239746 34.6286659240723 34.8053321838379 35.0309982299805 35.0908317565918 35.287166595459 35.4794998168945 35.5968322753906 35.6371650695801 35.6643333435059 35.6366653442383 35.6093330383301 35.6129989624023
35.5320014953613 35.5456657409668 35.5686683654785 35.5081672668457 35.4449996948242 35.4356651306152 35.2044982910156 35.1006660461426 34.9596672058105 34.8251647949219 34.6283340454102 34.4291687011719 34.3525009155273 34.3671646118164 34.4078330993652 34.4845008850098 34.5714988708496 34.769832611084 35.0561676025391 35.2644996643066 35.3618316650391 35.2733345031738 35.1976661682129 35.3661651611328 35.7021675109863 35.8718338012695 35.9700012207031 36.0526657104492 36.0769996643066 36.0408325195312 36.0501670837402 36.0031661987305 36.1463317871094 36.2243347167969 36.2368316650391 35.8993339538574 35.5369987487793 34.5881652832031 34.755500793457 34.9366683959961 35.0493316650391 35.3451652526855 35.5284996032715 35.6674995422363 35.7330017089844 35.673168182373 35.7011680603027 35.7418327331543 35.7578315734863 35.632999420166
35.511833190918 35.5356674194336 35.5706672668457 35.5149993896484 35.5088348388672 35.4949989318848 35.329833984375 35.1413345336914 35.0270004272461 34.8963317871094 34.6380004882812 34.4303321838379 34.3559989929199 34.4118347167969 34.4828338623047 34.5968322753906 34.6878318786621 34.8185005187988 34.9833335876465 35.1553344726562 35.4070014953613 35.4524993896484 35.5461654663086 35.4311676025391 35.7041664123535 35.9018325805664 36.0761680603027 36.138500213623 36.1085014343262 36.099666595459 36.0581665039062 36.0321655273438 36.1886672973633 36.2319984436035 36.1585006713867 35.8793334960938 35.7050018310547 35.053165435791 35.1881675720215 35.1666679382324 35.4516677856445 35.7081680297852 35.7345008850098 35.8035011291504 35.7653350830078 35.8030014038086 35.8175010681152 35.8170013427734 35.7526664733887 35.7388343811035
35.4673347473145 35.5289993286133 35.5458335876465 35.4868354797363 35.502498626709 35.4375 35.4526672363281 35.2021675109863 35.0525016784668 34.936164855957 34.6378326416016 34.4505004882812 34.3196678161621 34.3769989013672 34.4469985961914 34.5361671447754 34.6258316040039 34.7496681213379 34.9233322143555 35.1306686401367 35.3106689453125 35.4863319396973 35.5591659545898 35.586498260498 35.7611656188965 35.9153327941895 36.1165008544922 36.1834983825684 36.1565017700195 36.113166809082 36.0779991149902 36.1576652526855 36.2744979858398 36.2053337097168 35.9459991455078 35.6426658630371 35.4731674194336 35.4811668395996 35.5755004882812 35.4640007019043 35.736499786377 35.8773345947266 35.8906669616699 35.8823318481445 35.864501953125 35.8233337402344 35.7363319396973 35.6450004577637 35.7031669616699 35.8701667785645
35.4249992370605 35.5260009765625 35.5599975585938 35.5028343200684 35.494499206543 35.4809989929199 35.4015007019043 35.2731666564941 35.0965003967285 34.8918342590332 34.5786666870117 34.3030014038086 34.3678321838379 34.4526672363281 34.505500793457 34.5429992675781 34.5783348083496 34.6710014343262 34.8366661071777 35.0671653747559 35.234001159668 35.4366683959961 35.6468353271484 35.6214981079102 35.6893348693848 35.941333770752 36.1308326721191 36.1428337097168 36.1203346252441 36.1081657409668 36.1178321838379 36.2458343505859 36.3186645507812 36.0621643066406 35.4261665344238 34.7668342590332 35.0395011901855 35.1843338012695 35.2431678771973 35.496166229248 35.7463340759277 35.8811645507812 35.8955001831055 35.9011688232422 35.8110008239746 35.6983337402344 35.5936660766602 35.6413345336914 35.7929992675781 35.9981689453125
35.4126663208008 35.522834777832 35.5509986877441 35.5168342590332 35.5123329162598 35.4956665039062 35.4480018615723 35.3064994812012 35.125 34.9508323669434 34.6371650695801 34.2681655883789 34.4396667480469 34.6093330383301 34.6613349914551 34.71533203125 34.7063331604004 34.7244987487793 34.7644996643066 34.9533348083496 35.1298332214355 35.4370002746582 35.7041664123535 35.7106666564941 35.6754989624023 35.8325004577637 36.0311660766602 36.0804977416992 36.1031684875488 36.1268348693848 36.1906661987305 36.3185005187988 36.2693328857422 35.3870010375977 34.6116676330566 34.7985000610352 35.212833404541 35.1088333129883 35.4508323669434 35.677001953125 35.8051681518555 35.910831451416 35.9150009155273 35.8255004882812 35.7006683349609 35.5908317565918 35.613166809082 35.7150001525879 35.9816665649414 36.1931648254395
35.3161659240723 35.4684982299805 35.5579986572266 35.5961685180664 35.613166809082 35.5830001831055 35.5058326721191 35.4748344421387 35.0928344726562 34.9005012512207 34.727668762207 34.548168182373 34.6251678466797 34.7308349609375 34.740665435791 34.8468322753906 34.8880004882812 34.9106674194336 34.9000015258789 34.9650001525879 35.1520004272461 35.3708343505859 35.6531677246094 35.7986679077148 35.8208312988281 35.8693313598633 35.9860000610352 36.0693321228027 36.119499206543 36.1573333740234 36.2323341369629 36.365665435791 36.1193351745605 34.6953315734863 34.701831817627 35.1908340454102 35.2503318786621 35.3628349304199 35.6216659545898 35.8349990844727 35.7266654968262 35.8439979553223 35.8983345031738 35.7341651916504 35.5898323059082 35.6008338928223 35.7065010070801 35.8899993896484 36.1601676940918 36.1494979858398
35.261833190918 35.3823318481445 35.5475006103516 35.5909996032715 35.6143341064453 35.6551666259766 35.6061668395996 35.3718338012695 35.3936653137207 34.997501373291 34.8004989624023 34.7678337097168 34.6344985961914 34.9391670227051 34.900333404541 34.8759994506836 35.0174980163574 35.1143341064453 35.1043319702148 35.0351676940918 35.1129989624023 35.3373336791992 35.574333190918 35.8526649475098 35.985164642334 36.0218353271484 36.0341682434082 36.0699996948242 36.1293334960938 36.2140007019043 36.3766670227051 36.4241676330566 35.8240013122559 34.7148323059082 35.0993347167969 35.458667755127 35.3161659240723 35.543830871582 35.7811660766602 35.8721656799316 35.7888336181641 35.8661651611328 35.7506675720215 35.663501739502 35.6318321228027 35.7001647949219 35.8251686096191 35.985668182373 36.0434989929199 36.0739974975586
35.1926651000977 35.3675003051758 35.5151672363281 35.5343322753906 35.6240005493164 35.7013320922852 35.701000213623 35.7993316650391 35.664665222168 34.8474998474121 34.9015007019043 35.0456657409668 34.9835014343262 34.9449996948242 35.0831680297852 35.2350006103516 35.2055015563965 35.2954978942871 35.3190002441406 35.1638336181641 35.2294998168945 35.4263343811035 35.6096649169922 35.8375015258789 36.0256652832031 36.109001159668 36.1606674194336 36.139331817627 36.173999786377 36.3178329467773 36.5579986572266 36.396167755127 35.4326667785645 34.8811683654785 35.3089981079102 35.5678329467773 35.7578315734863 35.8321685791016 35.9073333740234 35.9731674194336 36.009334564209 35.8559989929199 35.7509994506836 35.6908340454102 35.7383346557617 35.8721656799316 35.9886665344238 35.952335357666 36.0139999389648 36.1421661376953
35.0808334350586 35.3016662597656 35.4056663513184 35.4351654052734 35.5585021972656 35.6824989318848 35.8008346557617 35.8134994506836 35.5328330993652 35.1053352355957 35.1549987792969 35.5046653747559 35.2159996032715 34.9353332519531 35.0713348388672 35.2794990539551 35.4491653442383 35.4726676940918 35.5081672668457 35.4716682434082 35.4646682739258 35.6466674804688 35.7733306884766 35.9416656494141 36.1155014038086 36.2224998474121 36.271167755127 36.2286682128906 36.2601661682129 36.4448318481445 36.591667175293 36.2924995422363 35.0103340148926 35.2013320922852 35.4415016174316 35.5541648864746 35.8375015258789 36.0203323364258 36.1103324890137 36.1251678466797 36.234001159668 36.0126686096191 35.7978324890137 35.7999992370605 35.8738327026367 36.0288314819336 35.9061660766602 35.9481658935547 36.0919990539551 36.1353340148926
35.0535011291504 35.291332244873 35.2923316955566 35.3735008239746 35.4659996032715 35.523998260498 35.6790008544922 35.8099975585938 35.4448318481445 35.5943336486816 35.3896675109863 35.7116661071777 35.5086669921875 35.2303314208984 35.1310005187988 35.2680015563965 35.3393325805664 35.5279998779297 35.6518325805664 35.7336654663086 35.7168350219727 35.7683334350586 35.9459991455078 36.093334197998 36.2133331298828 36.3096656799316 36.3569984436035 36.3344993591309 36.3714981079102 36.5618324279785 36.6091690063477 35.8170013427734 35.1543350219727 35.4845008850098 35.7953338623047 35.7980003356934 35.9744987487793 36.1001663208008 36.1726684570312 36.2458343505859 36.2663345336914 36.1441688537598 35.9879989624023 35.9638328552246 36.0084991455078 36.0200004577637 35.9838333129883 36.0078315734863 36.021167755127 35.9976654052734
35.1300010681152 35.1860008239746 35.1995010375977 35.2738342285156 35.3330001831055 35.4243316650391 35.5345001220703 35.6759986877441 35.8941650390625 35.9466667175293 35.9796676635742 35.7433319091797 35.7238349914551 35.6279983520508 35.6406669616699 35.3790016174316 35.4235000610352 35.5699996948242 35.6020011901855 35.7436676025391 35.8386650085449 35.9411659240723 36.0701675415039 36.1995010375977 36.3161659240723 36.367000579834 36.3983306884766 36.4523315429688 36.5131683349609 36.6633338928223 36.545166015625 35.5793342590332 35.353832244873 35.6203346252441 35.8423347473145 36.0966682434082 36.1484985351562 36.201831817627 36.2900009155273 36.1803321838379 36.0498352050781 36.0961647033691 36.1155014038086 36.1199989318848 36.0965003967285 36.0376663208008 36.0391654968262 36.0271682739258 35.9860000610352 35.9959983825684
35.0881652832031 34.9575004577637 35.0306663513184 35.1660003662109 35.2369995117188 35.335334777832 35.406665802002 35.4889984130859 35.6198348999023 35.8376655578613 35.9934997558594 35.9941673278809 35.8908348083496 35.843334197998 35.8466682434082 35.4898338317871 35.5455017089844 35.6515007019043 35.6458320617676 35.7853317260742 35.9071655273438 36.0364990234375 36.1298332214355 36.3071670532227 36.4469985961914 36.4766654968262 36.4873352050781 36.5486679077148 36.6543350219727 36.7849998474121 36.4678344726562 35.3663330078125 35.5050010681152 35.7320022583008 35.9403343200684 36.0921669006348 36.2174987792969 36.2761688232422 36.2705001831055 35.9379997253418 35.9383316040039 35.9948348999023 36.0741653442383 36.1786651611328 36.224666595459 36.125 36.1221656799316 36.0993347167969 36.0195007324219 36.0294990539551
34.8660011291504 34.8779983520508 34.9836654663086 35.0881652832031 35.147834777832 35.216667175293 35.3316688537598 35.4411659240723 35.529167175293 35.6875 35.7853317260742 35.8193321228027 36.060001373291 35.9521675109863 35.8873329162598 35.7324981689453 35.6483345031738 35.6759986877441 35.7938346862793 35.9266662597656 36.0328330993652 36.0919990539551 36.2341690063477 36.4143333435059 36.5699996948242 36.5839996337891 36.6059989929199 36.6416664123535 36.7898330688477 36.8906669616699 36.1738357543945 35.4371681213379 35.7486686706543 35.8264999389648 36.0984992980957 36.1463317871094 36.1570014953613 36.2331657409668 36.0525016784668 35.8564987182617 35.9075012207031 36.0248336791992 36.1438331604004 36.2411651611328 36.2736663818359 36.2003326416016 36.1720008850098 36.1791648864746 36.1319999694824 36.0981674194336
