rasters/SaudiArabia_bio8.asc
NCOLS 253 
NROWS 189 
XLLCORNER 34.572764529 
YLLCORNER 16.370957701 
CELLSIZE 0.0832600798498024 
NODATA_value -3.4e+38 
[rows 132 to 153 of 189, columns 100 to 149 of 253]
28.3859996795654 28.4351654052734 28.5540008544922 28.5639991760254 28.6219997406006 28.6698322296143 28.7158336639404 28.7718334197998 28.9209995269775 29.0493335723877 29.0386657714844 29.0496673583984 29.367166519165 29.1720008850098 28.8911666870117 28.7923336029053 28.783332824707 28.6043338775635 28.7328338623047 28.8578338623047 29.0373344421387 29.154333114624 29.2403335571289 29.3331661224365 29.4103336334229 29.4233341217041 29.4768333435059 29.5629997253418 29.699499130249 29.6525001525879 28.8296661376953 28.4183330535889 28.8066673278809 28.8684997558594 29.0990009307861 24.6576671600342 24.6030006408691 24.605167388916 24.3928337097168 24.4258327484131 24.4965000152588 24.6315002441406 24.7478332519531 24.8488330841064 24.916332244873 24.9253330230713 24.9308338165283 24.9514999389648 24.9736671447754 25.0008335113525
28.2251663208008 28.3945007324219 28.478666305542 28.5048332214355 28.6358337402344 28.6765003204346 28.7469997406006 28.8268337249756 28.9633331298828 29.103666305542 29.1878337860107 29.3010005950928 29.4151668548584 29.1696662902832 29.1155014038086 29.0766658782959 28.8658332824707 28.7244987487793 28.8573322296143 28.9621658325195 29.0319995880127 29.1313343048096 29.3010005950928 29.441333770752 29.4631671905518 29.5046672821045 29.5633335113525 29.6790008544922 29.828332901001 29.4750003814697 28.4839992523193 28.8011665344238 29.0553321838379 29.1159992218018 24.9384994506836 24.8408336639404 24.8455009460449 24.6383323669434 24.5031661987305 24.5550003051758 24.6205005645752 24.728666305542 24.7975006103516 24.9090003967285 25.0153331756592 25.0593338012695 25.0480003356934 25.0618343353271 25.0891666412354 25.1228332519531
28.1453342437744 28.3391666412354 28.3701667785645 28.4716663360596 28.5394992828369 28.5716667175293 28.6919994354248 28.8704986572266 28.9834995269775 29.1263332366943 29.2273330688477 29.2075004577637 29.3396663665771 29.4126663208008 29.3461666107178 29.1988334655762 29.0591678619385 28.9554996490479 29.0633335113525 29.1683330535889 29.2086658477783 29.28733253479 29.4068336486816 29.5096664428711 29.5453338623047 29.6228332519531 29.6875 29.8216667175293 29.9281673431396 28.859001159668 28.6264991760254 29.1236667633057 29.2511672973633 24.8531665802002 29.6028327941895 29.5229988098145 29.4969997406006 24.7894992828369 24.7026672363281 24.7035007476807 24.7526664733887 24.8698329925537 24.9458332061768 25.031665802002 25.087833404541 25.1686668395996 25.1858329772949 25.2163333892822 25.2283344268799 25.2283344268799
27.9916667938232 28.2733345031738 28.2971668243408 28.416166305542 28.4861660003662 28.5131664276123 28.6455001831055 28.8074989318848 28.9236679077148 29.0913333892822 29.2678337097168 29.3066673278809 29.2746677398682 29.3999996185303 29.5475006103516 29.369499206543 29.3133335113525 29.2111663818359 29.2609996795654 29.3423328399658 29.408166885376 29.521167755127 29.5885009765625 29.6166667938232 29.6593322753906 29.7481651306152 29.8296661376953 29.9738330841064 29.9064998626709 28.5421657562256 28.8640003204346 29.3736667633057 25.0053329467773 25.0698337554932 29.716667175293 25.1918334960938 25.1158332824707 24.9498329162598 24.8985004425049 24.8608341217041 24.8991661071777 25.0480003356934 25.1354999542236 25.113000869751 25.1490001678467 25.2876663208008 25.3676662445068 25.4008331298828 25.3764991760254 25.3138332366943
28.0605010986328 28.1319999694824 28.1879997253418 28.2986660003662 28.3676662445068 28.4869995117188 28.5991668701172 28.6984996795654 28.8875007629395 29.0104999542236 29.1688327789307 29.2560005187988 29.2936668395996 29.3488330841064 29.4301662445068 29.5116653442383 29.4791679382324 29.4029998779297 29.4734992980957 29.4943332672119 29.5436668395996 29.63450050354 29.6968326568604 29.7239990234375 29.7749996185303 29.8643341064453 29.9816665649414 30.1238327026367 29.724666595459 28.7081661224365 29.0303344726562 25.1273326873779 29.7078323364258 29.7333335876465 25.413667678833 25.1878337860107 25.095832824707 25.103832244873 25.0666675567627 24.9911670684814 25.0651664733887 25.1643333435059 25.2668323516846 25.2591667175293 25.2976665496826 25.4753341674805 25.5368328094482 25.5116672515869 25.4508323669434 25.441333770752
28.0875015258789 28.0103340148926 28.0615005493164 28.1411666870117 28.3206672668457 28.5373344421387 28.6578330993652 28.700834274292 28.7724990844727 28.8665008544922 29.0478324890137 29.1775016784668 29.2386665344238 29.283166885376 29.3369998931885 29.3988342285156 29.4968338012695 29.545166015625 29.558500289917 29.594165802002 29.6203327178955 29.6903324127197 29.7441673278809 29.7679996490479 29.8185005187988 29.8846664428711 30.0051670074463 30.199499130249 29.535665512085 29.1536674499512 29.3118324279785 29.7338333129883 29.8185005187988 25.4578342437744 25.4774990081787 25.3159999847412 25.2173328399658 25.1631660461426 25.283332824707 25.1908321380615 25.2106666564941 25.2778339385986 25.3395004272461 25.3371658325195 25.4230003356934 25.6049995422363 25.587833404541 25.5946655273438 25.5713348388672 25.5694999694824
27.9968338012695 27.9220008850098 27.9531669616699 28.0416679382324 28.2503337860107 28.4393348693848 28.570499420166 28.6059989929199 28.6938323974609 28.8523330688477 29.0581665039062 29.15016746521 29.1571655273438 29.2151660919189 29.3048343658447 29.3781661987305 29.4603328704834 29.5555000305176 29.6000003814697 29.6403331756592 29.7150001525879 29.757999420166 29.7663326263428 29.8063335418701 29.8494987487793 29.9285011291504 30.0328330993652 30.2159996032715 30.0656661987305 29.3985004425049 29.5891666412354 29.8461666107178 29.933666229248 25.5764999389648 25.55299949646 25.4825000762939 25.4146671295166 25.4123344421387 25.4160003662109 25.3931674957275 25.3968334197998 25.449333190918 25.4591655731201 25.4771671295166 25.5846672058105 25.5761661529541 25.5656661987305 25.583833694458 25.595666885376 25.6506671905518
27.9333324432373 27.845832824707 27.8841667175293 28.021167755127 28.2140007019043 28.392333984375 28.5283336639404 28.6026668548584 28.7170009613037 28.8325004577637 28.9743328094482 29.0641670227051 29.1178321838379 29.2129993438721 29.2613334655762 29.3409996032715 29.3761672973633 29.468334197998 29.5483322143555 29.5631656646729 29.6054992675781 29.671667098999 29.7678337097168 29.8151664733887 29.900333404541 29.9718341827393 30.0626659393311 30.1708316802979 30.2586669921875 29.9560012817383 25.4074993133545 25.6033325195312 25.5860004425049 25.6458339691162 25.6646671295166 25.625 25.5648326873779 25.5670013427734 25.5764999389648 25.5641670227051 25.5831661224365 25.6300010681152 25.6198329925537 25.613166809082 25.65016746521 25.5696659088135 25.5701656341553 25.5773334503174 25.6443328857422 25.679500579834
27.7591667175293 27.6338348388672 27.8088340759277 27.8981666564941 28.0034999847412 28.1683330535889 28.5065002441406 28.611499786377 28.7255001068115 28.8063335418701 28.8886661529541 28.9818325042725 29.117000579834 29.1851673126221 29.134334564209 29.1886653900146 29.2316665649414 29.3581676483154 29.4004993438721 29.4428329467773 29.4736671447754 29.3780002593994 29.4060001373291 29.6083335876465 29.9166660308838 30.0034999847412 30.2055015563965 30.1940002441406 25.3484992980957 29.8118324279785 29.8420009613037 25.4361667633057 25.6223335266113 25.7406673431396 25.7413330078125 25.7674999237061 25.7665004730225 25.7626667022705 25.8066673278809 25.798999786377 25.7830009460449 25.7473335266113 25.7063331604004 25.7040004730225 25.6028327941895 25.5358333587646 25.5786666870117 25.6389999389648 25.6651668548584 25.6586666107178
27.4599990844727 27.3718338012695 27.6418323516846 27.7070007324219 27.91233253479 28.193000793457 28.4368324279785 28.5871658325195 28.685001373291 28.7480010986328 28.8461666107178 28.9703330993652 29.0729999542236 29.091667175293 28.994499206543 29.0431671142578 29.0820007324219 29.1695003509521 29.2291660308838 29.3589992523193 29.3969993591309 29.3661670684814 29.3856658935547 29.5890007019043 29.8530006408691 30.0073337554932 30.1246681213379 29.4636669158936 29.1770000457764 25.1803340911865 25.2176666259766 25.4514999389648 25.646333694458 25.7129993438721 25.7451667785645 25.795166015625 25.7736663818359 25.7921676635742 25.8050003051758 25.8021659851074 25.791166305542 25.7423343658447 25.6665000915527 25.5973339080811 25.5083332061768 25.5591659545898 25.6323337554932 25.6698341369629 25.6975002288818 25.7508335113525
27.3155002593994 27.30299949646 27.5625 27.5419998168945 27.8266658782959 28.1549987792969 28.3428344726562 28.4745006561279 28.609167098999 28.7039985656738 28.8194999694824 28.8809986114502 28.9378337860107 28.9610004425049 28.8961658477783 28.7998332977295 28.75950050354 29.0305004119873 29.1618328094482 29.3223323822021 29.3409996032715 29.3751678466797 29.3476657867432 29.515832901001 29.7304992675781 29.9349994659424 25.6981658935547 29.2245006561279 29.1011657714844 25.1378345489502 25.2353343963623 25.4698333740234 25.6246662139893 25.6766662597656 25.7266654968262 25.7309989929199 25.7433319091797 25.7453327178955 25.7338333129883 25.7021675109863 25.6316661834717 25.5603332519531 25.542667388916 25.4958324432373 25.5368328094482 25.6043338775635 25.6516666412354 25.69700050354 25.7395000457764 25.7880001068115
27.2145004272461 27.3216667175293 27.3666667938232 27.3211669921875 27.6703338623047 28.0523338317871 28.2889995574951 28.4639987945557 28.5755004882812 28.6348342895508 28.6816673278809 28.763500213623 28.8145008087158 28.8525009155273 28.7518329620361 28.5601673126221 28.6141662597656 28.9621658325195 29.0288333892822 29.2021656036377 29.2810001373291 29.3683319091797 29.3570003509521 29.3921661376953 29.5599994659424 29.8194999694824 29.4724998474121 28.7660007476807 29.1278324127197 25.1975002288818 25.3388328552246 25.5006675720215 25.609001159668 25.667667388916 25.6743335723877 25.6251659393311 25.5573329925537 25.521167755127 25.5006675720215 25.5025005340576 25.5060005187988 25.4986667633057 25.4739990234375 25.5058326721191 25.5598335266113 25.621000289917 25.6753330230713 25.7220001220703 25.7796669006348 25.8143329620361
26.9231662750244 27.0421676635742 27.1159992218018 27.2600002288818 27.6821670532227 28.0071659088135 28.2441673278809 28.3540000915527 28.4783325195312 28.4956665039062 28.554666519165 28.6498336791992 28.6555004119873 28.6844997406006 28.5611667633057 28.3051662445068 28.492000579834 28.7741661071777 28.8211669921875 29.017333984375 29.1100006103516 29.298999786377 29.2893333435059 29.3365001678467 29.4736671447754 29.6829986572266 29.3715000152588 28.8509998321533 24.9536666870117 25.2999992370605 25.4001655578613 25.5865001678467 25.6251678466797 25.574499130249 25.5266666412354 25.4496669769287 25.3975009918213 25.4158344268799 25.4475002288818 25.4654998779297 25.4758338928223 25.4523334503174 25.4934997558594 25.5370006561279 25.5839996337891 25.6515007019043 25.7051658630371 25.7563323974609 25.8120002746582 25.8328323364258
26.693000793457 26.8110008239746 27.0913333892822 27.4185009002686 27.7626667022705 28.0568332672119 28.1134986877441 28.3518333435059 28.337833404541 28.3491668701172 28.4091663360596 28.5161666870117 28.4669990539551 28.4681663513184 28.4435005187988 28.3231678009033 28.4173336029053 28.5590000152588 28.5893325805664 28.8584995269775 28.9909992218018 29.2054996490479 29.1928329467773 29.1941661834717 29.3958339691162 25.4261665344238 25.3150005340576 29.1299991607666 25.1340007781982 25.4050006866455 25.5069999694824 25.5843334197998 25.5004997253418 25.4464988708496 25.4068336486816 25.3758316040039 25.3943328857422 25.4193344116211 25.4353332519531 25.4444999694824 25.4449996948242 25.4756660461426 25.5361671447754 25.5628337860107 25.6111679077148 25.6783332824707 25.7290000915527 25.757833480835 25.7880001068115 25.8038330078125
26.5246658325195 26.7174987792969 26.9693336486816 27.3570003509521 27.6746673583984 28.0424995422363 28.2386665344238 28.3168334960938 28.2471675872803 28.2089996337891 28.1703338623047 28.162166595459 28.1909999847412 28.1738319396973 28.0861663818359 28.1476669311523 28.2954998016357 28.4638328552246 28.4363327026367 28.7463321685791 28.9638328552246 29.0856666564941 29.0626678466797 29.0399990081787 29.2013320922852 25.3144989013672 25.4606666564941 25.4736671447754 25.2525005340576 25.3649997711182 25.4818344116211 25.4640007019043 25.4218330383301 25.3871669769287 25.3933334350586 25.408332824707 25.4025001525879 25.4098339080811 25.4173336029053 25.4421672821045 25.4616661071777 25.4888324737549 25.5308322906494 25.5781669616699 25.6376667022705 25.6916656494141 25.7258338928223 25.7466659545898 25.7433338165283 25.7606658935547
26.4048328399658 26.7006664276123 26.9856662750244 27.2964992523193 27.6096668243408 27.8658332824707 28.078498840332 28.2046661376953 28.2283344268799 28.1275005340576 28.0408344268799 27.8873329162598 27.804500579834 27.8325004577637 27.6516666412354 27.8185005187988 28.1184997558594 28.4383335113525 28.4968338012695 28.7176666259766 28.9069995880127 29.0216655731201 29.0851669311523 29.1096668243408 29.2653331756592 25.291166305542 25.4351673126221 25.0938339233398 25.1633338928223 25.3896675109863 25.4549999237061 25.4538326263428 25.4479999542236 25.4538326263428 25.4541664123535 25.4253330230713 25.4044990539551 25.4079990386963 25.42799949646 25.4563331604004 25.4664993286133 25.5001659393311 25.5459995269775 25.5984992980957 25.6426658630371 25.6753330230713 25.7003326416016 25.7121677398682 25.7266654968262 25.7395000457764
26.3001670837402 26.4868335723877 26.8226661682129 27.1526660919189 27.4008331298828 27.5435009002686 27.7838325500488 28.1063327789307 28.1556663513184 28.0016670227051 27.8621673583984 27.718334197998 27.5986671447754 27.3660011291504 27.558666229248 27.896333694458 28.1731662750244 28.3463344573975 28.4686660766602 28.6066665649414 28.7720012664795 28.9404983520508 29.0541667938232 29.1546669006348 29.2201671600342 25.1598339080811 25.2591667175293 24.9444999694824 25.1924991607666 25.3585014343262 25.4198341369629 25.4879989624023 25.4656658172607 25.4653339385986 25.4554996490479 25.388334274292 25.3743324279785 25.389331817627 25.4106674194336 25.4300003051758 25.4459991455078 25.4914989471436 25.5450000762939 25.5970001220703 25.6303329467773 25.6518325805664 25.671667098999 25.6986656188965 25.7118339538574 25.7416667938232
25.9531669616699 26.224666595459 26.4068336486816 27.1340007781982 27.5221672058105 27.6816673278809 27.8099994659424 27.9783325195312 27.9204998016357 27.763500213623 27.6445007324219 27.6240005493164 27.3924999237061 27.392333984375 27.554500579834 27.9195003509521 28.0855007171631 28.1733322143555 28.3976669311523 28.5773334503174 28.724666595459 28.804666519165 28.9098339080811 29.0049991607666 29.0816669464111 25.1184997558594 25.0981674194336 24.7551670074463 25.1353340148926 25.2964992523193 25.4104995727539 25.4678325653076 25.4593334197998 25.4403343200684 25.4126663208008 25.3563327789307 25.3544998168945 25.367000579834 25.3894996643066 25.4153327941895 25.4469985961914 25.4983329772949 25.5424995422363 25.5793342590332 25.6026668548584 25.6308326721191 25.6631679534912 25.6781673431396 25.7026672363281 25.7369995117188
25.6964988708496 26.0375003814697 26.3796672821045 26.9833335876465 27.3531665802002 27.4471664428711 27.595666885376 27.7961673736572 27.6691665649414 27.4200000762939 27.1841659545898 27.3253326416016 27.2485008239746 27.4236660003662 27.5254993438721 27.7648334503174 27.8360004425049 27.9584999084473 28.2279987335205 28.5031661987305 28.6585006713867 28.7133331298828 24.8893337249756 24.953332901001 28.9785003662109 25.09983253479 25.1774997711182 24.7181663513184 25.0820007324219 25.2519989013672 25.3611660003662 25.4343338012695 25.4436664581299 25.421667098999 25.367166519165 25.3448333740234 25.3453330993652 25.3618335723877 25.3816680908203 25.4150009155273 25.4638328552246 25.4996662139893 25.5346660614014 25.5685005187988 25.6021671295166 25.6251678466797 25.6548328399658 25.6638336181641 25.711332321167 25.75950050354
25.7123336791992 25.9338340759277 26.5089988708496 26.9771671295166 27.2234992980957 26.9340000152588 27.3573341369629 27.6025009155273 27.429500579834 27.1969985961914 26.7101669311523 26.9538326263428 27.0913333892822 27.0774993896484 27.3956680297852 27.558666229248 27.753833770752 27.9618320465088 28.2245006561279 28.4211654663086 28.5271663665771 28.6471672058105 24.8546676635742 24.9488334655762 25.0136661529541 25.1331672668457 25.0550003051758 24.7224998474121 25.0363330841064 25.1983337402344 25.3155002593994 25.4029998779297 25.4198341369629 25.3956661224365 25.3479995727539 25.3279991149902 25.3396663665771 25.3523330688477 25.378833770752 25.4183330535889 25.4475002288818 25.4876670837402 25.50950050354 25.5499992370605 25.5734996795654 25.605167388916 25.6480007171631 25.6771678924561 25.7278327941895 25.7703342437744
25.7794990539551 26.2136669158936 26.6691665649414 26.9446678161621 26.5405006408691 26.5771675109863 27.3438339233398 27.4023323059082 27.2770004272461 27.050666809082 26.7008323669434 26.8176670074463 26.7583332061768 26.8096675872803 27.0226669311523 27.3073329925537 27.6666660308838 27.9076671600342 28.1358337402344 28.2756671905518 28.3451671600342 28.469165802002 24.6841659545898 24.8146667480469 24.9728336334229 25.1316661834717 24.8281669616699 24.6493339538574 25.0028324127197 25.1610012054443 25.2726669311523 25.3446655273438 25.359001159668 25.3566665649414 25.3308334350586 25.3053340911865 25.3073329925537 25.3223342895508 25.3665008544922 25.4038333892822 25.4395008087158 25.4736671447754 25.5096664428711 25.5454998016357 25.5788345336914 25.6135005950928 25.6516666412354 25.6870002746582 25.7321662902832 25.7771663665771
25.4316673278809 26.0754985809326 26.363166809082 26.4616661071777 26.0786666870117 26.0181655883789 27.007833480835 27.1826667785645 27.0909996032715 26.7963333129883 26.3126659393311 26.357666015625 26.3603343963623 26.5363330841064 26.9391670227051 27.1008338928223 27.5171661376953 27.6491661071777 28.0018348693848 27.9658336639404 28.0515003204346 28.2089996337891 24.517333984375 24.6679992675781 24.808500289917 25.1733322143555 24.5711669921875 24.5533332824707 24.9354991912842 25.1054992675781 25.1865005493164 25.2781658172607 25.3388328552246 25.325834274292 25.3023338317871 25.2613334655762 25.269832611084 25.3131656646729 25.3571662902832 25.3691673278809 25.4190006256104 25.4638328552246 25.4973335266113 25.5361671447754 25.576000213623 25.6143341064453 25.6469993591309 25.6894989013672 25.7378330230713 25.7816677093506
