rasters/SaudiArabia_CLYPPT_M_sl2_250m_ll.asc
NCOLS 253 
NROWS 189 
XLLCORNER 34.572764529 
YLLCORNER 16.370957701 
CELLSIZE 0.0832600798498024 
NODATA_value -9999 
[rows 25 to 49 of 189, columns 0 to 56 of 253]
-9999 -9999 -9999 -9999 -9999 -9999 -9999 -9999 -9999 -9999 -9999 -9999 -9999 -9999 -9999 -9999 -9999 -9999 -9999 -9999 -9999 -9999 -9999 -9999 -9999 -9999 -9999 -9999 -9999 -9999 -9999 -9999 -9999 -9999 -9999 13.4290733421163 7.9125415647146 14.6899429073287 19.5997239475505 18.5054269402083 7.02164502164484 8.28715728715955 15.6349206349213 30.8509944162081 26.9047619047639 28.6669176234409 25.1303720434182 25.5325302716608 17.5988455988482 11 10.1882175795216 10.3650793650787 9.23088023087916 13.3789447267702 12.6796536796553 9.46176046176132 8.82640065248846
-9999 -9999 -9999 -9999 -9999 -9999 -9999 -9999 -9999 -9999 -9999 -9999 -9999 -9999 -9999 -9999 -9999 -9999 -9999 -9999 -9999 -9999 -9999 -9999 -9999 -9999 -9999 -9999 -9999 11 14.4373130894999 20.7392350001026 22.8762783110623 20.3597883597862 18.825396825396 9.09128552607312 17.8983206809325 11.5019762845902 12.9206349206414 9.03413012108695 7.96204278812986 9.00853253027207 15.2898968985973 21.9392684610084 29.212560386477 28.085325302718 26.9530919965576 23.3290252420703 9 11.0989187945682 17.1972938494711 9.90689503732839 11.9627120061918 10 9.64067172762611 9.32689210949902 10.6402116402138
-9999 -9999 -9999 -9999 -9999 -9999 -9999 -9999 -9999 -9999 -9999 -9999 -9999 -9999 -9999 -9999 -9999 -9999 -9999 -9999 -9999 -9999 -9999 -9999 -9999 -9999 10.4426877470359 24.1872555785566 16.7673630717194 18.673965326136 15.9540539975409 16.4640608988387 20.4545663676087 16.5384904950142 24.9975949975984 14.8165924252959 11 8.70435200870086 4.64550264550461 9 9.038270907836 11.3078193947807 9.29100529100922 28.9089026915174 26.0777338603441 21.0139281008785 26.6841918146368 8.7550661898479 9.2746303615849 11.4771106510248 17.4125520212446 18.9443921617782 9.42131459523147 12 8.0842378233688 7.38766547461963 8.17374573896198
-9999 -9999 -9999 -9999 -9999 -9999 -9999 -9999 -9999 -9999 -9999 -9999 -9999 -9999 -9999 -9999 -9999 -9999 -9999 -9999 -9999 -9999 -9999 -9999 -9999 8.38584603802106 10.7119016249449 15.2960662525888 9.83022774327032 10.9916556873082 11.176422611204 22.1388418344938 11.3545391806277 17.3670870192679 21.2539682539681 22.9929104711723 17.2560386473427 11.0751615534252 7.613526570048 14.5273229186254 19.2899178116573 9.69841269841259 9.34092477570691 9.68184955141495 20.0765418156773 25.5741890959254 25.5969634230511 14.7974778844348 9.70675701110313 21.0786749482404 25.9105966497273 20.8642951251646 10.3492063492063 8.61158165506088 7.59194428759451 5 10.208294121338
-9999 -9999 -9999 -9999 -9999 -9999 -9999 -9999 -9999 -9999 -9999 -9999 -9999 -9999 -9999 -9999 -9999 -9999 -9999 -9999 -9999 -9999 -9999 -9999 9.38469581947588 8.73289834159584 10.6560846560828 12.2988267770875 15.0578873622347 14.4845766150118 10.3837965577058 23.1461404939637 21 9.51444047095932 12.6758056758035 21.9757826714306 22.7217307652066 15.260346738605 20.209339774558 15.2499320325362 16.9796097622185 14.6796745927213 12.6483049961288 20.016312190225 18.7417236547669 19.0777965995373 7.89886442060503 7.3439153439172 21.6268900181926 9.94547964113202 9.75803584499076 8 7.58508480247843 8 8.60001673044604 8.11272141706795 7.66905075600609
-9999 -9999 -9999 -9999 -9999 -9999 -9999 -9999 -9999 -9999 -9999 -9999 -9999 -9999 -9999 -9999 -9999 -9999 -9999 -9999 -9999 -9999 -9999 -9999 18.296902775169 8.26925570403753 9.67724867724714 15.965953531169 10 17.7980843633047 11.0294246815891 11.56385804212 10.0848233891755 23.9806554154393 25.6613756613764 21.8985298115734 14.6216617520933 11.7870422653006 16.5468138946382 22.6307589351069 9.29847125499257 12.3305937218969 10.9921576008528 9.67743689482865 12 8 8.4405755275302 7.4716523412182 9 9 8 6.77380429554392 8.41826128782583 8 7.80994207081158 7.81445929272178 8.33722316331087
-9999 -9999 -9999 -9999 -9999 -9999 -9999 -9999 -9999 -9999 -9999 -9999 -9999 -9999 -9999 -9999 -9999 -9999 -9999 -9999 -9999 -9999 -9999 22.1093544136993 11.7048748353138 9.13570487483328 9.6666666666661 8.65217391304417 10.8379446640313 19.4505928853762 22.1949934123827 21 19.7812911725952 18.1277997364942 26.9090909090906 26.4466403162074 19.6666666666661 21.8880105401831 19.6956521739152 20 9.31357048748258 12.9841897233193 9.01185770751049 9 8.30566534914376 8.07905138340091 7.94861660079103 7.72990777338561 8.15019762845923 7.91304347826052 9.46903820816883 9.22134387351755 7.24505928853851 5.3333333333339 7.14624505928831 9 13.1567852437415
-9999 -9999 -9999 -9999 -9999 -9999 -9999 -9999 -9999 -9999 -9999 -9999 -9999 -9999 -9999 -9999 -9999 -9999 -9999 -9999 -9999 6.75883054144114 5.47010477445489 14 9.82146516929024 9 6.96942509986387 12.8148148148246 15.4439843570222 18.9589058284773 10 16.9170796996873 19.3280005019039 27.8988644206037 24.9788359788412 20.6467574293638 18.2015810276681 17.6056005186389 18.3280423280397 11.0933559194435 19.8619737750183 11.3517577430608 9.99611017002304 15.73538699625 9.30081351820204 8 18.1035824079294 15.2164293033905 9.93360102056076 10 9.32804232803969 8.78087291130943 7.54553819771221 8.5968379446625 7.91070121504335 8 16.5124746429171
-9999 -9999 -9999 -9999 -9999 28 26.5375494071148 -9999 -9999 -9999 -9999 -9999 -9999 -9999 -9999 -9999 -9999 -9999 -9999 -9999 12.5219900872057 7.49789823702801 7.25769077943155 6.56881443837793 9.50850116068194 8.53851140807483 8.42863416776618 7.47711065102534 11.2065165108593 9.14542944977795 10.4510320597218 13.2569797352404 20.333542463975 16.3227513227523 12.9413179413181 12.8142292490154 14.807369763891 19.3544973544954 13.4214400736182 10.4807286111702 8.82213438735291 6.33115837463803 7.307066524458 7.64512621034322 11.2714934019251 10 2.97203923290348 10.2615178702143 8 7.50057510926963 7.20076541815584 11.1071585419415 8.9593659158893 8.59683794466249 8.80103310538153 12.202940376852 15.6772486772477
-9999 -9999 -9999 -9999 16.5584415584417 31.8385093167727 25.5862350210155 25.8884497145434 23.8023715415014 24.793148880109 28.8735177865612 25.4862914862905 25.3826463391733 -9999 -9999 -9999 -9999 -9999 -9999 8.38816738816615 7.70769809899797 5.66635297069786 6 9 4.23589936633374 6.40466779597459 8 6.97515527949966 9.48616600790779 18.9243992722254 18.6483468222681 20 17 16.6825396825419 15.0923520923562 14.9134199134191 7.13758705063103 7.79584666541328 13.4541062801922 14.3776899429056 15.3955706129591 13.6262626262576 9.97628458497902 12.3320158102709 9.05665349143705 8 9.2603676516854 9.38672438672305 7 5.84817115252042 11 10.789196310937 11 9.6825396825419 8.80381454294799 8.35635861722878 9.03055398707945
-9999 -9999 -9999 -9999 20.4121128468926 25.4695192086462 25.5375494071148 24.5053223748826 24 18.038647342991 19.7310579919234 25.5002405002454 12.3502310893621 17.9691532300213 11.0503586590567 3.72317376665317 1.77478720957263 3 0.26281448020504 16.3966162661784 5.81968755881982 1.44697492523603 2 3.44084739737032 6.05937218981041 14.4671769454479 10.4661103791444 18.41154819415 21.4861660079078 18.4112344981946 23 17.5693790911202 15.0099546186535 9.89988916076213 8.40788840788285 8.07403224794472 11.3884601710727 6.83275822406106 15.9510006901306 21.1876947529089 7.88142292490194 14.3519459606433 8.98814229248951 11.3121693121678 9.26034673860568 6.0370161239733 7.04812096116364 8.05922579835599 7.77470355731096 7 9.9238764456136 5.54325867369257 9.19741932785263 9.31216931216783 9.52301482736337 7.16410481627783 13
-9999 -9999 -9999 -9999 28.051927138884 29.9783758914197 27.528159441203 27.9814919380137 29.4438588786418 26.1448229709084 5.94284459501868 25.6464646464676 19.2213438735291 21.2290817073423 7.69797352406083 5.69312169312179 3.02668507016373 4.73072338289721 5.04851830938737 3.25311081832863 4.93155154024911 2.2839575883056 3.18436957567346 2.76713302800167 8 5.71782002216896 12.0442311311878 8.21486082355598 9.03009389966111 18.2383880209976 20.4054624924162 18.4233222494091 15 8.69312169312179 11.2727272727276 15.2162201727436 12.4296798209842 7.79032561641253 19.1260639521504 11.6795072882037 20.0928540058977 21.7095593617343 7.99636112679572 7.13150134889039 8.52711378798121 17.7503816634126 13.893155154026 6 9.12039651170144 10.8739360478496 10 8.05301461823221 8.36758893280808 8 9 11.328753372232 11
-9999 -9999 -9999 17.853754940705 26.7302214693509 24.8764665286412 27.8861283643892 30.0925403099312 25.7407616538039 23.3241106719397 23.3015873015874 25.3015873015874 22.7151013237977 23.6924524750607 9.02208419599837 5 5.02622498274713 3.96304661522068 1.80883367839765 1 5.53830227743158 6.38145429449788 10.9772256728786 4 4.69841269841259 5.82119329945361 7.22115565593803 18.1573498964802 16.0818119078991 21.9629211368325 28.591442374054 8.92728527511148 3 19.7846790890255 12.3304473304472 14.7699353786307 7.18238283455689 6.66905075600677 12.646652864044 22.6321601104199 16.9821193299455 7.68184955141376 10.2027730723385 13.4107534977082 16.3595583160809 18 17.1541501976266 10.1343873517784 12.88449714537 11.8178053830224 16.7208105903756 9.90476190476223 9.88913984566102 7.30158730158741 5.43873517786418 8.48980488110939 9
-9999 -9999 -9999 17.7776313863282 22.1717171717202 26.9178743961345 28.7312252964426 28.3022983457755 25 24.7037037037034 24.0374762113893 26.4882154882118 15.1111111111102 8.96632996632814 9 12.6078173034699 17.3107890499216 1 4.29629629629661 6.50065876152816 9.68599033816535 10.9967793880845 11.4186795491142 17.3359683794479 16.3715415019782 9 10.3921826965301 6.15458937198066 14.717171717177 3.29629629629661 14.7763138632739 20.6498316498317 13.458644415162 13.5107597716312 6.08080808080826 10.1222368613652 18.8165715122242 17.8831796223113 8.09178743961369 8.36876006441108 14.0417215634604 14.3200117113177 15.2962962962966 16.0808080808067 8.54340506514411 7.41487337139808 4.30830039525328 4.30215195432618 17.9136290440574 17.563607085347 10.2964426877462 10.5656565656563 8.74132630654258 10 7.47284438589092 12 11.1996779388078
-9999 -9999 -9999 24.7463036158695 21.2269904009012 20.2157809983892 27.6188803145326 27.737290085118 22.9340820210402 25.3502520024244 25.508396595354 20.9090909090928 27.2749022314236 25.7032436162862 6.72940585984117 18.3040550431857 17.5265700483133 9.86856139030311 2.7298032080669 21.3216429303374 20.7445469184619 10.8122425078949 11 20.0528054875879 17.5544262500801 16.1184725097766 12.4760440847399 16.6427421210034 12.6276428885161 13.3194679716422 16.7865194386936 14.4286132546974 8.66982453939236 15.1794340924791 8.82299182299114 9.2261120521969 9.29100529100581 13.0648932388092 14.7469519208646 14.1545893719796 13.6258025388454 19.6156387895547 19.9965493443752 16.9861973775019 7.08300395257029 9.70899470899418 8.99012903360338 7 5.84026601417826 13.0052910052887 13.0808289938738 9.19438693351774 10 9.57684505510733 4.68893908024467 9.33628207541254 10.4901185770746
-9999 -9999 -9999 21.8927159796732 27.7543760587241 27.4968944099389 25.6990400903458 21 24 25.1236589497435 24.1592320722745 24.2987012987057 19.4997176736362 8.56578204404068 9.98418972331935 20.0734048560128 12.7701863354053 2.12817617165429 19.3529079616084 16.3596837944665 20.8035008469785 19.1637492941861 14.9712027103302 14.8616600790529 18.3551665725612 9.70920383963941 12.2857142857133 11.7888198757754 13.1389045736875 8 22.5578769057101 18.177300959909 14.6787125917542 15.0118577075116 15.7142857142867 14.8865047995521 12.3133822698995 16.6668548842478 16.2857142857133 15.6245059288584 15.3026538678701 12 23.9915302089211 17.3608130999466 9 7.11857707510147 8.60417843026751 11.6357989836274 8.35008469790996 7.81366459627261 10.2964426877462 9.47713156408878 9.10502540937338 8.59683794466249 9.03783173348091 7.66120835685979 9
-9999 -9999 24.2612878265039 20.2387853692228 24.2501411631872 23.7195767195775 22.0113767070286 23.9618545705473 21.9172051780761 25.1330070895305 20.8735177865612 22.0909090909072 23.1499466716875 15.521237216889 7.02911098563418 25.6203860551665 10.6478030825855 11.0871656523822 13.9305686262213 20.6020871238276 20.395884308925 24.0898634376886 16.1119476336868 2.13066482631408 5.97160005854962 6.2929502059928 7.72311102745837 12.5095468138944 15.6501662588596 16 13.4626806365954 15.2804232804225 18.400966183575 18.2804232804225 22.931216931216 19.0056256143208 20 16.6001212957754 14.3742811134111 13.2952506430813 17.07591442374 8.30413869544357 10.6958613045565 16.9658698789139 12.6519856954592 8.63425141685888 9.76280402367373 11.4701466005807 8.87335048204675 6 7 7 7.71957671957749 7.71957671957749 9.28042328042251 10.7195767195775 11
-9999 -9999 -9999 19.9314888010535 21.5522303783124 10.8870485392226 19.0739485956876 24.5083338561585 26.4183867662128 28.7123198862333 23.1833657485834 26.0658970658958 25.9847752891224 25.5448271535214 26.4382750904495 19.4355982182082 25.3381642512082 24.7555471903325 12.7407616538052 18.0567371436928 20.2204864378774 17.6416964677846 20.6027145157573 11.2751322751317 21.1622017274153 13.3488926532439 18.3208900600209 12.6218081435474 13.5062216366552 16.804400108749 19.0090135307458 17.3795302925731 18.7049166614369 14.5289959637847 16.6546416546405 20.858063031978 16.2570424744338 17.5588598197317 14.3193006671276 16 16.0646422820344 9.73139260095872 9.45299788778177 8.30951335299049 10.0830039525703 14.5502645502634 13.501390718785 8 10.2462304201414 5.72486772486828 9.86667921450536 8.18378400987061 8.05429031515781 6.67829433046922 7.48162787293056 10.4743083003956 9.49011857707456
-9999 -9999 -9999 12.8523119392655 12.604429387038 10.6956521739135 25.0057720057711 24.1702741702736 22.5858585858585 25.7301587301591 21.5055524185952 25.0245310245305 24.7450906581352 19.0197628458509 12.2929292929301 21.1390927912684 12.1504485852335 10.2683982683972 15.2999560825643 3.26984126984092 13.1399711399654 14.2648221343873 12.0810590375805 14.7301587301591 21.3715415019782 22.6446452098613 14.7076980990019 16.5576259489295 23.8833678398793 14.2698412698409 26.7633477633517 20.3722316331008 17.4500909718287 20.5050505050492 14.2727272727276 17.4103143233567 15.2342054081185 20.3665223665264 18.5203588681859 10.8250203902396 11.9840015057408 11.1596085074433 8.00545830980642 10.2698412698409 7.64715477758879 13.1832611832588 7.73015873015908 8 8.16450216450319 7.07039337474127 9.1364577451532 7.9104084321477 7.09774766296716 7.80632411067501 7.11838885751875 5.73015873015908 13.8730786122096
-9999 -9999 14.7971432754031 19.4661103791537 13.5145450362852 8 12.3908860865384 21.8901854988815 21.3924754794312 22.6591379634852 22.2645502645501 21.4622414622425 26.2092142961678 25 22.9841897233193 20.5668904364549 9.98918794570809 25.620051446139 16.2743794048114 12.011962272833 10.3520505259641 6 17.4786791308541 27.2820126733157 28.0086998347884 26.7734278603861 24.0864127820644 22.5291005291002 23 15.5959386828957 14.9308823221889 21.4798293493948 22.8264215655516 18.4853503983913 21.1842231842225 17.6237739716005 18.9050756007277 16.1220904699153 10.5054060271455 13.2645502645501 14.6203233159763 12.0237154150211 16.2819917602534 6.74799757408445 15.4928581885109 6.47089947089976 13.817010686575 8.13953196561904 8.43024447372357 7.93098688750851 9.08139364661299 8.50873120438323 6.07005876570997 11 5.88393249262859 7.21316686534142 10
-9999 -9999 17.4110671936744 14.6993119601831 10 6.77455716586238 15.7968086663759 22.0344019909212 25.0016103059609 23.3372859025052 24.8344312692119 23.7643097643077 23.0226906748708 25.0051237007762 26.2668716146998 22.7140974967046 7.02254428341435 15.7811447811444 10.11711316059 19.7891963109415 8.68833260138032 11.0742204655234 2.48177426438371 16.8382374469337 17.8073488508248 18 27.1537110232747 22.2914653784227 24.2498902064013 9.95637534767748 12.6331430244438 11.9781876738421 12.6643244034553 21.0308885961067 19.8114478114466 19.5650709998528 16 17 18 16.6344605475088 18.0285463328938 13.6010832967434 17.2680427463058 15.7056067925622 7.67925633142779 8.77148294539512 12.5865905431123 6.8391157956365 13.8884497145302 8.80837359098113 9.07685551163842 9.25925925926103 7.63241106719192 8 6 8 7.87644561557801
-9999 11.8594642072903 10.5014116318465 10 10.2535918188102 8.1497584541059 12.6137775268208 9.94077420164394 20.8028107158555 19.7074471422293 18.7781542129366 20.1818181818145 25.3419286027902 22.253152644457 25.476504172155 14 5.81090407177434 9.66158479201946 14.5857331074719 7.15866741953719 18.4002760524525 15.6048685613906 27.2241043980169 23.085325302717 12.492063492063 18.3037204341539 17.5573122529641 16.7460317460315 16.0401530836215 18.4505928853762 24.2878474182798 16 13.9126670431022 15.5351025785775 14.5772005772013 14.3141978794154 19.6992283079239 17.1238471673241 18.7460317460315 16.2524625133322 17.8787251395935 18.006022962545 13.268649225172 14.2065374239298 14.2750486228753 14.1353911788671 6 10.9710772319459 7.19675010979347 16.686680469289 18.5482778091482 10 8.1606123345251 8.10239036326043 6 8.62086705564991 11.763849676894
-9999 15.1376079636941 11.5889328063256 10.437083045774 10 17.5129974695201 3 11.3337097684907 8.04619695924104 10.7452997887823 11.1264822134388 21.4761904761848 24.4149779367246 25 24.9881213794251 16.497354497352 6.06533241315961 5.34073655812637 13.8931551540273 12.6565447434965 14.9946462555203 23.6182110964726 20.8260242173293 28.7475793127953 19.5278248321734 20.2948742079171 19.7228182445589 16.118932597193 16.0233598929236 11.4605475040228 22.0244891983956 19.7149131062168 17.3025702156167 17.5196896501237 17.497354497352 19.9884769015209 13.5497417236559 21.1660079051366 20.1838049229343 15.6800510278771 16.8944099378837 14.0066294414079 16.0089089654312 16.5568312524801 17.0826693435354 16 17.2282033586394 13.2025012025011 8 14.3798021624106 13.9247129681904 9 8.15726624422155 7.04525587134087 8.86042620825263 11 10.1218813392719
13.2520442520429 -9999 -9999 -9999 -9999 -9999 -9999 17.0728611163381 15.5589852981145 18.9581111320254 21.5421084551537 22.9778739778744 14.2299182299182 21.5030846769958 23.0119622728324 20.4868561390291 21.760294455943 6.12252964426822 6.24338624338693 9.8063241106716 27 26.3773135077473 24.8128698998291 25.2433862433869 25 30.4033711859798 20.1587092456663 30.3289625028766 12.1250601250598 17 22.5573959052256 20 18.7566137566131 21.9249639249632 23.7272727272724 20.1481272350824 16 14.0851998243291 17.5944329422579 17.7566137566131 22.0304285086891 20 16.7534140577611 14.450885668279 15 8.1178869439844 12.8458498023734 19.5594035594023 19.1885521885524 16.8815274902251 16.1712361712369 7.58621410795304 7.38902482380499 7 4.89321789321794 8.76907794299128 9.12744421439931
-9999 -9999 -9999 -9999 -9999 -9999 -9999 19.8876341050299 5.76190476190387 8 20.361189535101 11.7835497835485 17.3945040466755 23.2531526444587 17.02409185018 26.4313946922628 20.5424430641849 11.8774703557318 9 13.7252023338997 27.3581780538315 23.0058347449668 27.1430453604369 22.6898174289502 22.8665537361179 23.6898174289495 26.0453604366657 25.6024844720506 28.2757387539961 23.6546207415758 22.0404667795954 24.003011481271 18.0818746470919 18.019386410696 20.7575757575763 20.0564652738566 19.7504234895536 9.87351778656274 15.2070393374748 17.9774138904569 15.4620741577282 9.04856013551922 8.27950310558709 16.0792396009749 10.9802371541499 20.2098626011671 21.3801995106376 20.713532843966 18.4761904761923 18.1035196687351 8 7 10.6687370600435 5.44927536231982 7 6 8.76190476190387
