rasters/SaudiArabia_bio10.asc
NCOLS 253 
NROWS 189 
XLLCORNER 34.572764529 
YLLCORNER 16.370957701 
CELLSIZE 0.0832600798498024 
NODATA_value -3.4e+38 
[rows 44 to 65 of 189, columns 50 to 99 of 253]
30.4873332977295 30.5990009307861 30.6809997558594 30.8093338012695 30.736499786377 30.6814994812012 30.6808338165283 30.5739994049072 30.5163345336914 30.5524997711182 30.6103324890137 30.6458339691162 30.6990013122559 30.7396659851074 30.7686653137207 30.7956657409668 30.8636665344238 30.9479999542236 31.019832611084 31.1033325195312 31.181999206543 31.2519989013672 31.3409996032715 31.424165725708 31.4998340606689 31.5418319702148 31.59983253479 31.6574993133545 31.7378330230713 31.7940006256104 31.8941669464111 32.0069999694824 32.0898323059082 32.1665000915527 32.235668182373 32.2980003356934 32.3574981689453 32.4145011901855 32.468334197998 32.505500793457 32.556999206543 32.6254997253418 32.703498840332 32.7408332824707 32.7869987487793 32.8591651916504 32.8904991149902 32.9031677246094 32.9183349609375 32.9549980163574
30.6571674346924 30.7318325042725 30.7408332824707 30.6966667175293 30.6081657409668 30.5244998931885 30.5400009155273 30.5551662445068 30.5176677703857 30.4806671142578 30.5603332519531 30.5750007629395 30.5655002593994 30.6140003204346 30.6870002746582 30.7738342285156 30.8579998016357 30.9476661682129 31.0229988098145 31.0848331451416 31.1423320770264 31.2140007019043 31.2976665496826 31.3705005645752 31.4488334655762 31.5196666717529 31.585334777832 31.666166305542 31.7216663360596 31.7861671447754 31.8438339233398 31.9183330535889 32.0241661071777 32.1124992370605 32.1798324584961 32.2558326721191 32.3331680297852 32.3889999389648 32.4456672668457 32.496166229248 32.5476684570312 32.6218338012695 32.7075004577637 32.7584991455078 32.7700004577637 32.8154983520508 32.8488349914551 32.8735008239746 32.8856658935547 32.9863319396973
30.7988319396973 30.8018321990967 30.6973342895508 30.5480003356934 30.4469985961914 30.3794994354248 30.4363327026367 30.5601673126221 30.4898338317871 30.4076671600342 30.4284992218018 30.4641666412354 30.503999710083 30.5781669616699 30.6695022583008 30.761833190918 30.8491668701172 30.9165000915527 30.982666015625 31.0476665496826 31.1188335418701 31.1958332061768 31.2653331756592 31.3380012512207 31.4074993133545 31.4899997711182 31.558500289917 31.6429996490479 31.7234992980957 31.7956676483154 31.8526668548584 31.9033336639404 31.9751663208008 32.0513343811035 32.1189994812012 32.1998329162598 32.289665222168 32.3600006103516 32.4174995422363 32.4713325500488 32.5468330383301 32.6310005187988 32.7076683044434 32.7700004577637 32.8156661987305 32.8153343200684 32.836498260498 32.8699989318848 32.8728332519531 32.9498329162598
30.7733325958252 30.7076663970947 30.6411666870117 30.49049949646 30.2721672058105 30.3120002746582 30.6646671295166 30.5125007629395 30.3791656494141 30.3129997253418 30.3400001525879 30.3880004882812 30.47483253479 30.5580005645752 30.6393337249756 30.7261657714844 30.8038330078125 30.88450050354 30.9599990844727 31.0319995880127 31.1006660461426 31.1625003814697 31.2236671447754 31.2919998168945 31.3628330230713 31.4673328399658 31.5731658935547 31.6695003509521 31.7558326721191 31.8198318481445 31.8665008544922 31.9163341522217 31.9571666717529 32.0121650695801 32.0683326721191 32.1708335876465 32.2661666870117 32.3411674499512 32.4166679382324 32.5063323974609 32.5838356018066 32.644832611084 32.7056655883789 32.795166015625 32.8546676635742 32.867000579834 32.8913345336914 32.9246673583984 32.949333190918 32.9606666564941
30.5991668701172 30.5511665344238 30.5983333587646 30.4306659698486 30.3064994812012 30.4160003662109 30.5913333892822 30.3916664123535 30.2686672210693 30.2556667327881 30.3056678771973 30.3681678771973 30.4429988861084 30.5168323516846 30.6049995422363 30.6921672821045 30.783166885376 30.871000289917 30.9458332061768 31.0314998626709 31.0848331451416 31.1376667022705 31.2011661529541 31.2474994659424 31.3030014038086 31.3838329315186 31.8411674499512 31.7968349456787 31.7996673583984 31.7816677093506 31.8448333740234 31.9068336486816 31.9401664733887 31.9738330841064 32.0296669006348 32.1258316040039 32.1609992980957 32.2389984130859 32.3930015563965 32.5098342895508 32.6331672668457 32.7198333740234 32.8051681518555 32.8758354187012 32.9378356933594 32.943000793457 32.9724998474121 32.9991683959961 33.0275001525879 33.0318336486816
30.4173336029053 30.4173336029053 30.454833984375 30.2509994506836 30.1525001525879 30.3236675262451 30.2644996643066 30.2328338623047 30.2036666870117 30.2294998168945 30.287166595459 30.3523330688477 30.4261665344238 30.4968318939209 30.5951671600342 30.6900005340576 30.791166305542 30.8701667785645 30.9523334503174 31.0255012512207 31.0831661224365 31.1490001678467 31.2063331604004 31.2509994506836 31.4266662597656 31.6946678161621 31.7604999542236 31.6974983215332 31.7253322601318 31.75950050354 31.7900009155273 31.8290004730225 31.8863334655762 31.929500579834 31.9551658630371 32.0311660766602 32.0099983215332 32.1206665039062 32.3235015869141 32.3880004882812 32.5513343811035 32.6916656494141 32.8661651611328 33.0838356018066 33.0596656799316 33.0615005493164 33.0825004577637 33.107666015625 33.0815010070801 33.0703353881836
30.4459991455078 30.4629993438721 30.2663345336914 30.1218338012695 30.0528335571289 30.0729999542236 30.0938339233398 30.1308326721191 30.1496658325195 30.2064990997314 30.273832321167 30.3483333587646 30.4228324890137 30.4895000457764 30.58766746521 30.6884994506836 30.7943325042725 30.8880004882812 30.9796657562256 31.0531673431396 31.1221675872803 31.195333480835 31.2789993286133 31.380500793457 31.594165802002 31.6266670227051 31.5948333740234 31.5799999237061 31.6005001068115 31.6458320617676 31.6603336334229 31.7133331298828 31.7898330688477 31.8889999389648 31.933500289917 32.007999420166 32.0651664733887 32.1646690368652 32.2681655883789 32.341667175293 32.4340019226074 32.5869979858398 32.9056663513184 33.2353324890137 33.1365013122559 33.1624984741211 33.1323318481445 33.2506675720215 33.2019996643066 33.1484985351562
30.5108337402344 30.4519996643066 30.1786670684814 30.0368328094482 30.0378322601318 30.0168342590332 30.050500869751 30.0961666107178 30.1396675109863 30.2019996643066 30.2695007324219 30.3483333587646 30.4141674041748 30.4605007171631 30.5358333587646 30.6526679992676 30.7998332977295 30.941333770752 31.0370006561279 31.0988330841064 31.1983337402344 31.3404998779297 31.4603328704834 31.507999420166 31.5009994506836 31.4576663970947 31.4676666259766 31.5106658935547 31.5498332977295 31.5718326568604 31.5410003662109 31.595832824707 31.7084999084473 31.9273338317871 31.9939994812012 32.0233345031738 32.0376663208008 32.0936660766602 32.1481666564941 32.2376670837402 32.3681678771973 32.5428314208984 32.7625007629395 33.0591659545898 32.8291664123535 33.0628318786621 33.1813316345215 33.2888336181641 33.3219985961914 33.2439994812012
30.4323348999023 30.3096656799316 30.0019989013672 29.9926662445068 29.9641666412354 29.9938335418701 30.0181674957275 30.0688343048096 30.1364994049072 30.2113342285156 30.2869987487793 30.3588333129883 30.4001655578613 30.4491653442383 30.4629993438721 30.5483322143555 30.9440002441406 31.1410007476807 31.2873344421387 31.2998332977295 31.2706661224365 31.6655006408691 31.8276672363281 31.7700004577637 31.6618347167969 31.6548328399658 31.7080001831055 31.5779991149902 31.4656677246094 31.5116672515869 31.4629993438721 31.5174999237061 31.6494998931885 31.6608333587646 31.8658332824707 31.9596672058105 31.9306678771973 31.9874992370605 32.0890007019043 32.2014999389648 32.2384986877441 32.3038330078125 32.6203308105469 32.8846664428711 32.7463340759277 32.9328346252441 33.1279983520508 33.2933349609375 33.3773345947266 33.390998840332
30.4213333129883 30.2896671295166 29.9409999847412 29.9128341674805 29.9619998931885 29.9736671447754 30.021333694458 30.0986671447754 30.167667388916 30.2325000762939 30.3056678771973 30.3846664428711 30.4351673126221 30.4508323669434 30.3904991149902 30.3886680603027 31.203332901001 31.4973335266113 31.4331665039062 31.4728336334229 31.3198337554932 31.7748336791992 31.771333694458 31.808666229248 31.7891654968262 31.7026672363281 31.5893325805664 31.4675006866455 31.3646659851074 31.4594993591309 31.583833694458 31.2588329315186 31.1473331451416 30.5808334350586 31.2399997711182 31.8178329467773 31.8376655578613 31.8573341369629 31.9676666259766 32.0839996337891 32.170166015625 32.2176666259766 32.3515014648438 32.626335144043 32.7653350830078 32.9038314819336 32.960334777832 32.9436645507812 33.1464996337891 33.2826652526855
30.4624996185303 30.3276672363281 29.9820003509521 29.9338340759277 29.9831676483154 29.9873332977295 30.0691661834717 30.1576671600342 30.2363338470459 30.2936668395996 30.3425006866455 30.4476661682129 30.5016670227051 30.5123329162598 30.4270000457764 30.1520004272461 30.7211666107178 31.4739990234375 31.4401664733887 31.4244995117188 31.5564994812012 31.7453327178955 31.8033332824707 31.7245006561279 31.5488338470459 31.4178333282471 31.5058345794678 31.6453323364258 31.5674991607666 31.3143329620361 31.3771667480469 30.8221664428711 30.4341659545898 30.4326667785645 30.9398326873779 31.7589988708496 31.681999206543 31.6946678161621 31.7740001678467 31.9400005340576 32.1173324584961 32.2768325805664 32.3969993591309 32.5231666564941 32.6023330688477 32.811164855957 32.5834999084473 32.6853332519531 33.0083312988281 33.2388343811035
30.2029991149902 30.3706665039062 30.2398338317871 29.9968338012695 29.9873332977295 30.0954990386963 30.1538333892822 30.2553329467773 30.2416667938232 30.3018341064453 30.3946666717529 30.5638332366943 30.7035007476807 30.7596664428711 30.5528335571289 30.2018337249756 30.4664993286133 31.4301662445068 31.3953323364258 31.4791660308838 31.6790008544922 31.8215007781982 31.5498332977295 31.3455009460449 31.3096675872803 31.4444999694824 31.783166885376 31.6041660308838 31.5923328399658 31.5289993286133 31.5590000152588 30.9433345794678 30.4103317260742 30.4499988555908 31.2976665496826 31.6865005493164 31.5343322753906 31.6275005340576 31.8256664276123 32.0200004577637 32.1643333435059 32.2928314208984 32.4109992980957 32.4556655883789 32.5263328552246 32.5970001220703 32.560001373291 32.5458335876465 32.9140014648438 33.2788314819336
29.9361667633057 29.9528331756592 30.0796661376953 30.2129993438721 30.0431652069092 30.3193340301514 30.5553340911865 30.6964988708496 30.5109996795654 30.3028335571289 30.4688339233398 30.8411674499512 31.0301666259766 31.199499130249 30.9258327484131 30.3846664428711 30.5939998626709 31.3488330841064 31.320333480835 31.5009994506836 31.5879993438721 31.5229988098145 31.2648334503174 31.173999786377 31.306999206543 31.5543327331543 31.6315002441406 31.607666015625 31.5861663818359 31.6183319091797 31.2005004882812 30.703332901001 30.7369995117188 31.1876659393311 31.4309997558594 31.3920001983643 31.3983345031738 31.6156673431396 31.7163333892822 32.0813331604004 32.0839996337891 32.1921653747559 32.3523330688477 32.469165802002 32.4954986572266 32.5978317260742 32.6501655578613 32.7303314208984 33.0083351135254 33.1728324890137
29.8155002593994 29.8903331756592 29.9766674041748 30.0936660766602 29.9803333282471 30.3561668395996 30.5256671905518 30.5890007019043 30.6618347167969 30.4914989471436 30.295166015625 30.8811664581299 31.1233329772949 31.1694984436035 30.9821681976318 30.7046661376953 30.9713325500488 31.2751655578613 31.3468322753906 31.4594993591309 31.3136672973633 31.2941665649414 31.3133335113525 31.2928333282471 31.4208335876465 31.5398349761963 31.5949993133545 31.4368324279785 31.2918338775635 31.2040004730225 30.6853332519531 30.8088321685791 31.0186672210693 31.0884990692139 31.1838340759277 31.2941665649414 31.4594993591309 31.7356662750244 31.867166519165 32.1048316955566 32.1653327941895 32.3053321838379 32.435001373291 32.6826667785645 32.7410011291504 32.6855010986328 32.7453346252441 32.7296676635742 32.7733345031738 32.8308334350586
29.9308319091797 29.9560012817383 30.0396671295166 30.0059986114502 29.8715000152588 30.2224998474121 30.3439998626709 30.2770004272461 30.6723327636719 30.7674999237061 30.507833480835 30.4878330230713 30.7803325653076 31.0580005645752 30.9576663970947 30.6149997711182 30.8934993743896 31.1673336029053 31.3315010070801 31.4726657867432 31.2958335876465 31.3598327636719 31.4276657104492 31.2443332672119 31.2566661834717 31.4219989776611 31.5301666259766 31.4741668701172 31.1709995269775 30.6871662139893 30.5294990539551 30.7730007171631 30.8091659545898 31.0196666717529 31.2290000915527 31.3870010375977 31.4738330841064 31.6811676025391 31.9536666870117 32.0991668701172 32.1520004272461 31.8309993743896 32.0460014343262 32.5094985961914 32.8925018310547 32.8638343811035 32.861499786377 32.9166679382324 32.9814987182617 33.1419982910156
29.7863349914551 29.8939990997314 30.0206661224365 30.0021667480469 29.7226657867432 29.9103336334229 29.9623336791992 30.0120010375977 30.0351676940918 30.4990005493164 30.5588340759277 30.4699993133545 30.7121658325195 30.5298328399658 30.9314994812012 30.7379989624023 30.8120002746582 31.1683330535889 31.4303321838379 31.5978336334229 31.53733253479 31.6673336029053 31.6520004272461 31.5911655426025 31.4381675720215 31.1741676330566 31.1063346862793 31.2670001983643 31.0846652984619 30.7058334350586 30.6973342895508 30.638500213623 30.769832611084 31.0284996032715 31.2178344726562 31.3673324584961 31.5991668701172 31.7720012664795 31.9731674194336 32.0776672363281 31.3796653747559 31.371166229248 31.8753318786621 32.4863319396973 32.7313346862793 32.8803329467773 32.8981666564941 32.8906669616699 32.954833984375 33.082332611084
29.7123336791992 29.7884998321533 29.7855014801025 29.8368339538574 29.9686679840088 30.076000213623 30.0995006561279 30.05299949646 29.792667388916 29.6648330688477 29.8544998168945 30.115665435791 30.8689994812012 30.7668342590332 30.6650009155273 30.724666595459 30.9963340759277 31.3898334503174 31.5319995880127 31.5880012512207 31.5793342590332 31.4329986572266 31.4448337554932 31.4651660919189 31.3794994354248 31.3465003967285 31.1898345947266 31.0336666107178 30.8873329162598 30.9188346862793 30.9696674346924 30.8936672210693 30.9770011901855 31.1701679229736 31.3161659240723 31.470666885376 31.675666809082 31.8478336334229 31.9648323059082 31.6643333435059 31.5725002288818 32.2680015563965 32.3938331604004 32.5801658630371 32.8423347473145 32.917667388916 32.8713340759277 32.9010009765625 32.9978332519531 33.0854988098145
29.7130012512207 29.7185001373291 29.6858329772949 29.7164993286133 29.8186664581299 29.9676666259766 30.0989990234375 30.175666809082 30.1346664428711 30.0089988708496 30.0453338623047 30.0323333740234 30.3803329467773 30.670166015625 30.7468338012695 30.9018325805664 31.136833190918 31.441499710083 31.7145004272461 31.628833770752 31.5688323974609 31.4549999237061 31.2861671447754 31.2366676330566 31.3004989624023 31.1501655578613 31.0851669311523 31.1433334350586 31.3839988708496 31.3383331298828 31.3311653137207 31.1748332977295 31.3531665802002 31.3940010070801 31.453332901001 31.6518325805664 31.6765003204346 31.8021659851074 31.7318325042725 31.0681667327881 31.8526668548584 32.2541656494141 32.4538345336914 32.6248321533203 32.7471656799316 32.8724975585938 32.9409980773926 32.9343338012695 33.0429992675781 33.1469993591309
29.6793327331543 29.755500793457 29.7005004882812 29.7135009765625 29.7440013885498 29.8133335113525 29.9403343200684 30.087833404541 30.158332824707 30.2294998168945 30.3738327026367 30.4766654968262 30.5608329772949 30.6281661987305 30.8723335266113 31.21266746521 31.4209995269775 31.6070003509521 31.7620010375977 31.7861671447754 31.7299995422363 31.4209995269775 31.2294998168945 31.1808319091797 31.2063331604004 31.3194999694824 31.3286666870117 31.3575000762939 31.6181659698486 31.6431655883789 31.5244998931885 31.308666229248 31.2730007171631 31.4019985198975 31.5929985046387 31.9049987792969 32.0161666870117 31.8145008087158 31.7818336486816 31.6336669921875 31.9183330535889 32.1271667480469 32.352165222168 32.5610008239746 32.6534996032715 32.7956657409668 32.8798332214355 32.9446678161621 33.0816650390625 33.165168762207
29.6358337402344 29.7263336181641 29.804500579834 29.8373336791992 29.8253326416016 29.8786659240723 29.9126663208008 29.9658336639404 30.0136661529541 30.2108325958252 30.4379997253418 30.6003341674805 30.7291660308838 30.8571662902832 31.058500289917 31.3968334197998 31.5261669158936 31.5413341522217 31.7616672515869 31.8613319396973 31.5235004425049 31.3958320617676 31.2396659851074 31.2726669311523 31.3113327026367 31.4831676483154 31.58766746521 31.6673336029053 31.8071670532227 31.8438339233398 31.818000793457 31.4056663513184 31.3481674194336 31.5510005950928 31.7821674346924 32.2656669616699 32.1481666564941 31.925666809082 32.0354995727539 31.9959983825684 31.8248329162598 32.0694999694824 32.3696670532227 32.466667175293 32.4986686706543 32.732666015625 32.8626670837402 33.0526657104492 33.160831451416 33.2068328857422
29.4849987030029 29.6456680297852 29.7748336791992 29.8796653747559 29.957332611084 29.9956665039062 30.0061664581299 29.962833404541 30.0100002288818 30.2541656494141 30.507833480835 30.6363334655762 30.8271675109863 30.9876670837402 31.0084991455078 31.2880001068115 31.4435005187988 31.4278335571289 31.6568336486816 31.8948345184326 31.8198337554932 31.3473339080811 31.4309997558594 31.5493316650391 31.4615001678467 31.5375003814697 31.6976661682129 31.8293323516846 31.9549999237061 32.0629997253418 32.0960006713867 31.9956665039062 31.8553333282471 32.1028327941895 32.0934982299805 32.5053329467773 32.2565002441406 32.0911674499512 32.1875 32.1268348693848 31.9576663970947 31.9681663513184 32.2584991455078 32.367000579834 32.5361671447754 32.8036651611328 32.9966659545898 33.0843353271484 33.1640014648438 33.2453346252441
29.3974990844727 29.5438346862793 29.6816673278809 29.8771667480469 29.9974994659424 30.0925006866455 30.0880012512207 30.0858345031738 30.0470008850098 30.24049949646 30.4981670379639 30.49049949646 30.6879997253418 30.9015007019043 30.9068336486816 31.007999420166 31.1420001983643 31.1625003814697 31.5214996337891 31.9130001068115 32.0214996337891 31.769832611084 31.8009986877441 31.8540000915527 31.8430004119873 31.6924991607666 31.7526664733887 31.8201675415039 31.9829998016357 32.1220016479492 32.2568321228027 32.3743324279785 32.4103317260742 32.4441680908203 32.5706672668457 32.667667388916 32.4899978637695 32.4326667785645 32.4505004882812 32.3768348693848 32.3168334960938 32.3168334960938 32.3434982299805 32.4763336181641 32.7336654663086 32.8605003356934 32.9183311462402 33.0260009765625 33.0984992980957 33.2154998779297
