rasters/SaudiArabia_bio10.asc
NCOLS 253 
NROWS 189 
XLLCORNER 34.572764529 
YLLCORNER 16.370957701 
CELLSIZE 0.0832600798498024 
NODATA_value -3.4e+38 
[rows 88 to 109 of 189, columns 150 to 199 of 253]
34.2568321228027 34.0345001220703 33.9291648864746 33.9063339233398 33.893669128418 33.4960021972656 33.5455017089844 33.6083335876465 33.5606689453125 33.6414985656738 33.7518310546875 33.8109970092773 33.7665023803711 33.7883338928223 33.8391647338867 33.9290008544922 33.9333343505859 34.0166664123535 33.9633331298828 33.8385009765625 33.8125 33.8294982910156 33.820499420166 33.9589996337891 34.1124992370605 34.1264991760254 34.272834777832 34.3781661987305 34.4323348999023 34.473331451416 34.443000793457 34.4269981384277 34.423999786377 34.4741668701172 34.5091667175293 34.4978332519531 34.4953346252441 34.514331817627 34.5309982299805 34.5309982299805 34.5315017700195 34.5605010986328 34.6628341674805 35.0618324279785 35.103889465332 -3.4e+38 -3.4e+38 -3.4e+38 -3.4e+38 -3.4e+38
34.2398338317871 34.2588348388672 34.1446685791016 34.0699996948242 34.0009994506836 33.4544982910156 33.3913345336914 33.5306663513184 33.5241661071777 33.5896682739258 33.6848335266113 33.7766647338867 33.7308349609375 33.7678337097168 33.810001373291 33.9206657409668 33.938835144043 34.0036659240723 33.9964981079102 33.869499206543 33.8233337402344 33.833667755127 33.8153343200684 33.9131660461426 34.1016654968262 34.101001739502 34.3461647033691 34.4456672668457 34.4996681213379 34.462833404541 34.4228324890137 34.4261665344238 34.4296646118164 34.4705009460449 34.4818344116211 34.4983329772949 34.5309982299805 34.5501670837402 34.5473327636719 34.571834564209 34.6184997558594 34.615665435791 34.6321678161621 34.8363342285156 35.129997253418 35.0751647949219 -3.4e+38 -3.4e+38 -3.4e+38 -3.4e+38
34.0863342285156 34.1365013122559 34.1259994506836 34.1339988708496 33.9836654663086 33.7760009765625 33.4213333129883 33.4678344726562 33.4996681213379 33.5398330688477 33.6059989929199 33.7083320617676 33.7234992980957 33.75 33.8214988708496 33.9199981689453 33.9676666259766 33.9998321533203 34.0056648254395 33.8986663818359 33.8583335876465 33.8883323669434 33.9543342590332 33.946834564209 34.102668762207 34.1290016174316 34.3720016479492 34.4851684570312 34.469165802002 34.4095001220703 34.4349975585938 34.4496650695801 34.4541664123535 34.4700012207031 34.4976654052734 34.5390014648438 34.5658340454102 34.5661659240723 34.5789985656738 34.6341667175293 34.6628341674805 34.6798324584961 34.6778335571289 34.7076644897461 34.9715003967285 35.1529998779297 35.039665222168 34.936164855957 35.0100021362305 35.0195007324219
33.9199981689453 34.0158309936523 33.9831657409668 34.0714988708496 33.9433326721191 33.9630012512207 33.9755020141602 33.8228340148926 33.5486679077148 33.5661659240723 33.5789985656738 33.6831665039062 33.7561683654785 33.7641677856445 33.8375015258789 33.9284973144531 33.9988327026367 34.0303344726562 34.0218315124512 33.9331665039062 33.8648338317871 34.0461654663086 34.0618324279785 33.9686660766602 34.1043319702148 34.1428337097168 34.3395004272461 34.4208335876465 34.3979988098145 34.4431686401367 34.454833984375 34.4716644287109 34.4734992980957 34.505500793457 34.5214996337891 34.5453338623047 34.563835144043 34.5653343200684 34.5921669006348 34.6525001525879 34.6860008239746 34.6938323974609 34.7036666870117 34.7104988098145 34.7568321228027 35.1538314819336 35.2936668395996 35.1523323059082 35.1110000610352 35.1251678466797
34.1513328552246 34.0499992370605 33.9501647949219 33.885498046875 33.7611656188965 33.8375015258789 34.0226669311523 34.1269989013672 33.9056663513184 33.8019981384277 33.6766662597656 33.7275009155273 33.7975006103516 33.798168182373 33.8823318481445 33.9744987487793 34.0263328552246 34.048999786377 34.0668334960938 33.9676666259766 34.0196685791016 34.1698341369629 34.0460014343262 33.9978332519531 34.0881652832031 34.1826667785645 34.3730010986328 34.3963317871094 34.4293327331543 34.4584999084473 34.4809989929199 34.5123329162598 34.5236663818359 34.5364990234375 34.5561676025391 34.5546646118164 34.5596656799316 34.5786666870117 34.6121673583984 34.6496658325195 34.681999206543 34.7249984741211 34.6948318481445 34.6990013122559 34.8643341064453 35.1569976806641 35.1093330383301 35.0608329772949 35.0383338928223 35.0439987182617
34.2358322143555 34.0789985656738 33.9326667785645 33.8566665649414 33.8489990234375 33.8728332519531 34.0439987182617 34.1889991760254 34.1931686401367 34.1973342895508 34.0791664123535 33.9546661376953 33.925666809082 33.8661651611328 33.9340019226074 34.0103340148926 34.0530014038086 34.0703315734863 34.0786666870117 34.1273345947266 34.1871681213379 34.2453346252441 34.0188331604004 34.0483322143555 34.1486663818359 34.2903327941895 34.406665802002 34.4506645202637 34.4905014038086 34.4785003662109 34.5131683349609 34.5553321838379 34.5628318786621 34.5595016479492 34.5801658630371 34.6036682128906 34.6331672668457 34.6521682739258 34.6623344421387 34.6773338317871 34.7065010070801 34.7161674499512 34.7514991760254 34.7471656799316 34.8503341674805 35.0675010681152 35.0699996948242 35.003833770752 35.0888328552246 35.0956687927246
34.1166648864746 33.9899978637695 33.8515014648438 33.9198341369629 33.9541664123535 33.9423332214355 34.0050010681152 34.0083351135254 33.9384994506836 34.0509986877441 34.1785011291504 34.1269989013672 34.1681671142578 34.0960006713867 34.1430015563965 34.228832244873 34.295166015625 34.2633323669434 34.2473335266113 34.2436676025391 34.2746658325195 34.2838325500488 34.1286659240723 34.1523323059082 34.296501159668 34.416332244873 34.4349975585938 34.4933319091797 34.5186653137207 34.5176658630371 34.5725021362305 34.5843315124512 34.6093330383301 34.5998306274414 34.6275024414062 34.6508331298828 34.6601676940918 34.6674995422363 34.6878356933594 34.699333190918 34.7161674499512 34.7361679077148 34.7836685180664 34.7836685180664 34.8473320007324 35.1619987487793 35.2471656799316 35.1506652832031 35.0914993286133 35.1346664428711
34.0530014038086 33.9738349914551 33.8596649169922 33.837833404541 33.8351669311523 33.7229995727539 33.7621650695801 33.7509994506836 33.775333404541 33.7285003662109 33.9103355407715 33.9953308105469 34.0901679992676 34.0681648254395 34.1128311157227 34.1738319396973 34.2051658630371 34.1841659545898 34.1725006103516 34.1985015869141 34.2543334960938 34.2874984741211 34.3979988098145 34.3945007324219 34.453498840332 34.4915008544922 34.4546661376953 34.5018348693848 34.5460014343262 34.5771675109863 34.5950012207031 34.6256675720215 34.6426658630371 34.6476669311523 34.6556663513184 34.693000793457 34.6878356933594 34.6923332214355 34.7329978942871 34.7751655578613 34.8154983520508 34.8483352661133 34.863166809082 34.8906669616699 34.8956680297852 35.0871658325195 35.236499786377 35.0948333740234 35.1100006103516 35.0538330078125
33.996166229248 33.8460006713867 33.6458320617676 33.7853317260742 33.7388343811035 33.6560020446777 33.6293334960938 33.6546669006348 33.5340003967285 33.5723342895508 33.8018341064453 33.8430023193359 33.9059982299805 33.9931640625 34.0748329162598 34.1468315124512 34.1985015869141 34.166332244873 34.1746673583984 34.2210006713867 34.2911682128906 34.3431663513184 34.461498260498 34.5270004272461 34.540168762207 34.5671691894531 34.5218353271484 34.5574989318848 34.5888328552246 34.6199989318848 34.6336669921875 34.6556663513184 34.6814994812012 34.6961669921875 34.7198333740234 34.740665435791 34.753833770752 34.7656669616699 34.7681655883789 34.7815017700195 34.8083343505859 34.843334197998 34.904167175293 34.9356651306152 34.9451675415039 35.0156669616699 35.1458320617676 35.3288345336914 35.2606658935547 35.1768341064453
34.0951652526855 33.9101676940918 33.6904983520508 33.7876663208008 33.6086654663086 33.5338325500488 33.4739990234375 33.5369987487793 33.4466667175293 33.5488319396973 33.7338333129883 33.7931671142578 33.8986663818359 34.0189971923828 34.0761680603027 34.1365013122559 34.186164855957 34.1813316345215 34.201000213623 34.3096656799316 34.3650016784668 34.3836669921875 34.4650001525879 34.5468330383301 34.5968322753906 34.5841674804688 34.5866661071777 34.6035003662109 34.6450004577637 34.6619987487793 34.6696662902832 34.6830024719238 34.7118339538574 34.7403335571289 34.769832611084 34.7744979858398 34.7859992980957 34.8038330078125 34.8018341064453 34.843334197998 34.8903350830078 34.8941650390625 34.9090003967285 34.9358329772949 34.969165802002 35.074333190918 35.3318328857422 35.2961654663086 35.1095008850098 35.0659980773926
34.1129989624023 33.9093322753906 33.7514991760254 33.7700004577637 33.5006675720215 33.5258331298828 33.515998840332 33.5550003051758 33.4673347473145 33.5861663818359 33.7796669006348 33.8411674499512 33.9471664428711 34.0880012512207 34.1408348083496 34.1901664733887 34.2583312988281 34.2423324584961 34.232666015625 34.320499420166 34.3730010986328 34.3451652526855 34.4845008850098 34.5621681213379 34.5410003662109 34.6098327636719 34.6494979858398 34.6754989624023 34.7078323364258 34.7255020141602 34.7185020446777 34.7234992980957 34.7596664428711 34.7866668701172 34.8196640014648 34.8291664123535 34.8408317565918 34.8504981994629 34.8573341369629 34.8675003051758 34.908332824707 34.9238319396973 34.9514999389648 35 35.0838317871094 35.1058349609375 35.1469993591309 35.2366676330566 35.1119995117188 35.0589981079102
34.1328353881836 33.9756660461426 33.8349990844727 33.6941680908203 33.4401664733887 33.5761642456055 33.6184997558594 33.7083358764648 33.6463317871094 33.6860008239746 33.835334777832 33.9236679077148 34.0213317871094 34.1613311767578 34.2061653137207 34.2560005187988 34.3085021972656 34.2939987182617 34.2551651000977 34.3246688842773 34.3169975280762 34.2983322143555 34.4594993591309 34.5281677246094 34.3998336791992 34.6493339538574 34.7314987182617 34.723331451416 34.7531661987305 34.7781677246094 34.7896690368652 34.7809982299805 34.8226661682129 34.8611679077148 34.8800010681152 34.8876647949219 34.880500793457 34.8898315429688 34.8958320617676 34.9174995422363 34.9589996337891 34.9758338928223 34.996166229248 35.0286674499512 35.0708312988281 35.0774993896484 35.1078338623047 35.2151679992676 35.1661682128906 35.2610015869141
34.1336669921875 34.0651664733887 33.946834564209 33.6711654663086 33.4544982910156 33.5950012207031 33.7428321838379 33.7783355712891 33.7389984130859 33.7788314819336 33.8943328857422 34.030330657959 34.1358337402344 34.2830009460449 34.3294982910156 34.3766670227051 34.4069976806641 34.3605003356934 34.3030014038086 34.3258323669434 34.3194999694824 34.2971649169922 34.5918350219727 34.7748336791992 34.7200012207031 34.7756652832031 34.8041648864746 34.7770004272461 34.8171653747559 34.8263320922852 34.824333190918 34.8206634521484 34.8494987487793 34.9076652526855 34.923999786377 34.9249992370605 34.9435005187988 34.9514999389648 34.9550018310547 34.9640007019043 34.9949989318848 35 35.0190010070801 35.0401649475098 35.0786666870117 35.0686645507812 35.111499786377 35.2676658630371 35.3966674804688 35.3443336486816
34.113166809082 33.955997467041 33.9568328857422 33.699333190918 33.5261650085449 33.6684989929199 33.8481674194336 33.8650016784668 33.7881660461426 33.8390007019043 33.9976654052734 34.1238327026367 34.244499206543 34.3696670532227 34.4338340759277 34.4723320007324 34.4681663513184 34.4166679382324 34.3716659545898 34.3040008544922 34.2861671447754 34.3515014648438 34.7150001525879 34.9113311767578 34.8986663818359 34.8671684265137 34.871166229248 34.8310012817383 34.8553314208984 34.8708343505859 34.8766670227051 34.8899993896484 34.9013328552246 34.941333770752 34.9824981689453 34.9838333129883 34.9726676940918 34.9828338623047 34.9883346557617 35.0009994506836 35.0331687927246 35.0441665649414 35.0526657104492 35.0608329772949 35.1008338928223 35.0831680297852 35.1036682128906 35.2234992980957 35.2483329772949 35.2391662597656
34.063835144043 34.0456657409668 33.9236679077148 33.7011680603027 33.6504974365234 33.7825012207031 33.9684982299805 33.8889999389648 33.8409996032715 33.9243316650391 34.1148338317871 34.2273330688477 34.3526649475098 34.4673347473145 34.5294990539551 34.5501670837402 34.5644989013672 34.4915008544922 34.4183349609375 34.333667755127 34.2815017700195 34.4835014343262 34.841667175293 34.9388313293457 35.0945014953613 34.9978332519531 34.9184989929199 34.8983345031738 34.9131660461426 34.9210014343262 34.935001373291 34.933666229248 34.9498329162598 34.9931678771973 35.0130004882812 35.015998840332 35.0066680908203 35.0214996337891 35.0406646728516 35.058666229248 35.0623321533203 35.0868339538574 35.1028327941895 35.1113319396973 35.1319999694824 35.1273345947266 35.082332611084 35.1538314819336 35.1898345947266 35.1853332519531
34.0993347167969 34.140998840332 33.8035011291504 33.7338333129883 33.7536659240723 33.917667388916 34.0164985656738 34.0046653747559 33.9906692504883 34.0766677856445 34.173168182373 34.3161659240723 34.433666229248 34.5678329467773 34.6204986572266 34.6363334655762 34.6414985656738 34.5331649780273 34.4384994506836 34.3571662902832 34.3544998168945 34.7430000305176 34.9206657409668 34.9930000305176 35.1843338012695 35.1766662597656 35.0296669006348 34.984001159668 34.9868316650391 34.9785003662109 34.9873313903809 34.9931678771973 35.013500213623 35.056999206543 35.0865020751953 35.0763320922852 35.0480003356934 35.0665016174316 35.0788345336914 35.0979995727539 35.1101684570312 35.1236686706543 35.1253356933594 35.144832611084 35.2613334655762 35.2776679992676 35.2333335876465 35.3098335266113 35.2169990539551 35.2228317260742
34.1593322753906 34.0481643676758 33.8081665039062 33.8013343811035 33.8581657409668 34.0644989013672 34.1533317565918 34.1283340454102 34.1421661376953 34.2013320922852 34.3544998168945 34.4568328857422 34.5566673278809 34.6728324890137 34.7068328857422 34.6986656188965 34.6923332214355 34.5733337402344 34.4576683044434 34.4101676940918 34.4541664123535 34.8914985656738 35.0706672668457 35.1716651916504 35.2736663818359 35.3516654968262 35.1720008850098 35.079833984375 35.0508346557617 35.0553359985352 35.0648345947266 35.0631675720215 35.0908317565918 35.1573333740234 35.1668319702148 35.1275024414062 35.0989990234375 35.1308326721191 35.1446685791016 35.1556663513184 35.1619987487793 35.1736679077148 35.1774978637695 35.2055015563965 35.2569999694824 35.3343353271484 35.4171676635742 35.4436645507812 35.3769989013672 35.4326667785645
34.1923332214355 33.9736671447754 33.9309997558594 33.9496688842773 34.0221672058105 34.206169128418 34.3245010375977 34.2620010375977 34.2770004272461 34.3388328552246 34.4824981689453 34.5605010986328 34.6586685180664 34.7783355712891 34.7750015258789 34.7828330993652 34.7383346557617 34.5868339538574 34.4946670532227 34.484001159668 34.6220016479492 35.03466796875 35.3206672668457 35.4391670227051 35.3894996643066 35.5953330993652 35.7229995727539 35.474666595459 35.1935005187988 35.1373329162598 35.1358337402344 35.1338348388672 35.1730003356934 35.238166809082 35.2361679077148 35.2121658325195 35.1716651916504 35.179500579834 35.219165802002 35.2243347167969 35.2416648864746 35.2428321838379 35.2615013122559 35.2905006408691 35.3258323669434 35.3713340759277 35.4155006408691 35.4378356933594 35.4311676025391 35.4485015869141
34.1083335876465 33.9953346252441 34.0591659545898 34.0558319091797 34.1441688537598 34.2656669616699 34.3156661987305 34.3509979248047 34.3846664428711 34.4813346862793 34.5745010375977 34.6295013427734 34.7460021972656 34.8753318786621 34.8601684570312 34.8580017089844 34.7741661071777 34.6421661376953 34.5456657409668 34.5181655883789 34.7471656799316 35.0841674804688 35.3889999389648 35.5088348388672 35.5431671142578 35.6266670227051 35.9020004272461 35.7243347167969 35.3540000915527 35.2226676940918 35.2493324279785 35.2215003967285 35.2491683959961 35.3121643066406 35.3110008239746 35.3375015258789 35.34033203125 35.3573341369629 35.3720016479492 35.373664855957 35.3746643066406 35.3643341064453 35.3841667175293 35.3831634521484 35.3875007629395 35.3908309936523 35.4198341369629 35.4309997558594 35.4248352050781 35.4781646728516
34.0909996032715 34.1391677856445 34.2113342285156 34.191333770752 34.2874984741211 34.3761672973633 34.3984985351562 34.4056663513184 34.4576683044434 34.5485000610352 34.6455001831055 34.7341651916504 34.8686676025391 34.9656677246094 34.931999206543 34.921501159668 34.8281669616699 34.6841659545898 34.5970001220703 34.5926666259766 34.8120002746582 35.0880012512207 35.3445014953613 35.318000793457 35.4456672668457 35.5716667175293 35.6581649780273 35.6083335876465 35.4656677246094 35.3648338317871 35.3349990844727 35.3573341369629 35.4104995727539 35.4728317260742 35.510498046875 35.511833190918 35.4741668701172 35.4206657409668 35.3956680297852 35.3974990844727 35.4043350219727 35.3953323364258 35.385498046875 35.3791656494141 35.3964996337891 35.4099998474121 35.4363327026367 35.4259986877441 35.427001953125 35.478832244873
34.0893325805664 34.1291656494141 34.2273330688477 34.28466796875 34.3773345947266 34.4743347167969 34.4669990539551 34.4934997558594 34.5825004577637 34.6886672973633 34.7884979248047 34.8356666564941 34.9638328552246 35.0299987792969 35.0050010681152 34.9728317260742 34.9085006713867 34.7449989318848 34.6655006408691 34.6358337402344 34.7726669311523 34.928165435791 35.1301651000977 35.2821655273438 35.4578323364258 35.5979995727539 35.6146659851074 35.5825004577637 35.5553321838379 35.5429992675781 35.5130004882812 35.5016670227051 35.514835357666 35.5886688232422 35.5441665649414 35.5094985961914 35.4766654968262 35.4645004272461 35.4715003967285 35.4765014648438 35.4376678466797 35.3928337097168 35.3953323364258 35.3863334655762 35.4243316650391 35.4431686401367 35.4513320922852 35.4365005493164 35.4571685791016 35.4913330078125
34.1681671142578 34.2031669616699 34.2961654663086 34.4000015258789 34.5128326416016 34.6371650695801 34.6196670532227 34.6488342285156 34.7299995422363 34.8216667175293 34.8940010070801 34.9249992370605 35.0595016479492 35.1166648864746 35.1043319702148 35.0526657104492 34.9381675720215 34.7830009460449 34.6986656188965 34.6748352050781 34.7311668395996 34.8261680603027 35.0596656799316 35.2615013122559 35.3796653747559 35.548168182373 35.6046676635742 35.593334197998 35.5998344421387 35.5664978027344 35.5358352661133 35.5200004577637 35.5733337402344 35.6301689147949 35.6026649475098 35.6428337097168 35.605167388916 35.5556678771973 35.5311660766602 35.4613342285156 35.4238319396973 35.4093322753906 35.4216651916504 35.4411659240723 35.4706649780273 35.4674987792969 35.4658355712891 35.4736671447754 35.5001678466797 35.5288314819336
