rasters/SaudiArabia_bio8.asc
NCOLS 253 
NROWS 189 
XLLCORNER 34.572764529 
YLLCORNER 16.370957701 
CELLSIZE 0.0832600798498024 
NODATA_value -3.4e+38 
[rows 88 to 109 of 189, columns 150 to 199 of 253]
25.5438327789307 25.4151668548584 20.8836669921875 21.0001659393311 21.0419998168945 20.7736663818359 20.8921661376953 21.0133323669434 21.0303325653076 21.1303329467773 21.2253322601318 21.2674999237061 21.2581672668457 21.3033332824707 21.3791675567627 21.4930000305176 21.5106678009033 21.5959987640381 21.5536670684814 21.4676666259766 21.4103336334229 21.4143333435059 21.4131660461426 21.5469989776611 21.6976661682129 21.695333480835 21.8134994506836 21.9010009765625 21.9346656799316 21.9523334503174 21.9225006103516 21.8921661376953 21.873498916626 21.8993339538574 21.9326667785645 21.9273338317871 21.8896675109863 21.8971672058105 21.8921661376953 18.6276664733887 18.6569995880127 18.6768321990967 18.8133335113525 19.3346672058105 19.5451850891113 -3.4e+38 -3.4e+38 -3.4e+38 -3.4e+38 -3.4e+38
25.6925010681152 25.7781677246094 25.7816677093506 21.3665008544922 21.3781661987305 20.9130001068115 20.9091663360596 21.0806655883789 21.132999420166 21.2218322753906 21.3113327026367 21.3733329772949 21.3356666564941 21.3924999237061 21.4481658935547 21.5843334197998 21.6079998016357 21.6703338623047 21.6648330688477 21.5659999847412 21.5034999847412 21.503833770752 21.4901657104492 21.5756664276123 21.7418327331543 21.736499786377 21.9606666564941 22.0408325195312 22.0725002288818 22.0091667175293 21.9506664276123 21.9519996643066 21.9429988861084 21.9734992980957 21.9633331298828 21.9703330993652 21.9836673736572 21.988166809082 21.9629993438721 21.9728336334229 18.7649993896484 18.7863330841064 18.8126659393311 19.0755004882812 19.5243339538574 19.4650001525879 -3.4e+38 -3.4e+38 -3.4e+38 -3.4e+38
25.7018337249756 25.8548336029053 21.5393333435059 21.6653327941895 21.6146659851074 21.4440002441406 21.0933322906494 21.1841659545898 21.2561664581299 21.32200050354 21.3864994049072 21.4501667022705 21.4551658630371 21.4908332824707 21.5639991760254 21.6733322143555 21.7248344421387 21.7491664886475 21.753999710083 21.6783332824707 21.6356658935547 21.6459999084473 21.6989994049072 21.6821670532227 21.8151664733887 21.8369998931885 22.0666656494141 22.1518325805664 22.0981674194336 22.0036659240723 22.0138339996338 22.0216655731201 22.0223331451416 22.0263328552246 22.0311660766602 22.0574989318848 22.0563335418701 22.0428333282471 22.0515003204346 22.0841655731201 18.84983253479 22.1226673126221 22.1233329772949 22.154333114624 19.3196678161621 19.5648345947266 19.4046669006348 19.2824993133545 19.3740005493164 19.4291667938232
25.6668338775635 21.6001663208008 21.6873321533203 21.8778343200684 21.8453330993652 21.8893337249756 21.8981666564941 21.734167098999 21.4428329467773 21.4761657714844 21.4799995422363 21.5610008239746 21.6005001068115 21.609167098999 21.6704998016357 21.7658348083496 21.845832824707 21.8506660461426 21.8503322601318 21.7859992980957 21.7269992828369 21.863166809082 21.863000869751 21.7861671447754 21.8833332061768 21.9133319854736 22.0939998626709 22.1316661834717 22.0801658630371 22.0935001373291 22.0953330993652 22.1073341369629 22.1044998168945 22.1148338317871 22.1156673431396 22.1216678619385 22.1118335723877 22.0904998779297 22.1013336181641 22.1590003967285 22.1803340911865 22.1948337554932 22.218334197998 22.2135009765625 22.2758331298828 19.5634994506836 19.7196674346924 19.5370006561279 19.5258331298828 19.57200050354
21.7721672058105 21.917667388916 21.9589996337891 21.96266746521 21.8738327026367 22.0026664733887 22.1736660003662 22.246166229248 21.9833335876465 21.8484992980957 21.6928329467773 21.7226657867432 21.7586669921875 21.736499786377 21.8213329315186 21.9085006713867 21.9636669158936 21.9648342132568 21.9803333282471 21.9026660919189 21.9523334503174 22.0576667785645 21.941499710083 21.8691673278809 21.9373340606689 22.0154991149902 22.1738338470459 22.1639995574951 22.1813335418701 22.1691665649414 22.1838340759277 22.1991672515869 22.1973342895508 22.1946678161621 22.179666519165 22.1714992523193 22.1521663665771 22.1508331298828 22.1814994812012 22.2113342285156 22.2290000915527 22.2653331756592 22.2536659240723 22.2530002593994 22.4346656799316 19.6343326568604 19.5520000457764 19.4973335266113 19.4535007476807 19.5538330078125
26.3331661224365 22.2545013427734 22.2431659698486 22.1995010375977 22.2058334350586 22.2643337249756 22.4163341522217 22.5221672058105 22.4934997558594 22.4506664276123 22.2598342895508 22.078498840332 22.0065002441406 21.912166595459 21.9731674194336 22.0386657714844 22.0821666717529 22.0628337860107 22.0643329620361 22.1056671142578 22.1533336639404 22.216667175293 21.9753341674805 21.9699993133545 22.0508327484131 22.1728343963623 22.2433338165283 22.2525005340576 22.2760009765625 22.2565002441406 22.2765007019043 22.2900009155273 22.2801666259766 22.2601661682129 22.2583332061768 22.2719993591309 22.2828330993652 22.2783336639404 22.2851676940918 22.2803325653076 22.3001670837402 22.3055000305176 22.3473339080811 22.3486671447754 22.4741668701172 19.5733337402344 19.5633335113525 19.4863338470459 19.529333114624 19.5909996032715
26.3383331298828 22.4136657714844 22.5149993896484 22.5853328704834 22.5771675109863 22.5329990386963 22.5366668701172 22.4818325042725 22.3665008544922 22.4436664581299 22.554500579834 22.4383335113525 22.3918342590332 22.2623329162598 22.2759990692139 22.3444995880127 22.3894996643066 22.3401660919189 22.3063335418701 22.3128337860107 22.3465003967285 22.3800010681152 22.1553344726562 22.1380004882812 22.2521667480469 22.3471660614014 22.3321666717529 22.3484992980957 22.3483333587646 22.3408336639404 22.3770008087158 22.3728332519531 22.3836669921875 22.3681659698486 22.3693332672119 22.3643321990967 22.3566665649414 22.3698329925537 22.3858337402344 22.3553333282471 22.3540000915527 22.3748340606689 22.4291667938232 22.4391670227051 22.5120010375977 22.8618335723877 22.9283332824707 19.6095008850098 19.5435009002686 19.6096668243408
26.3781661987305 22.5598335266113 22.6049995422363 22.6070003509521 22.5456657409668 22.3666667938232 22.3404998779297 22.2631664276123 22.2550010681152 22.1315002441406 22.2853336334229 22.3583335876465 22.3888320922852 22.2834987640381 22.3024997711182 22.3376655578613 22.3616676330566 22.332332611084 22.3021678924561 22.3186664581299 22.3678321838379 22.4155006408691 22.5086669921875 22.4344997406006 22.4441661834717 22.4580001831055 22.4053344726562 22.4236660003662 22.4341659545898 22.4451656341553 22.4419994354248 22.4626655578613 22.4721660614014 22.4584999084473 22.4449996948242 22.4650001525879 22.4401664733887 22.441499710083 22.4561653137207 22.4934997558594 22.5171661376953 22.541166305542 22.5475006103516 22.5881671905518 22.6026668548584 22.8221664428711 22.9598331451416 22.7865009307861 22.8306655883789 22.7814998626709
26.4391670227051 26.3943328857422 26.2290000915527 22.5596675872803 22.4521656036377 22.3001670837402 22.2083339691162 22.2091674804688 22.066333770752 22.0456657409668 22.2271671295166 22.232666015625 22.2585010528564 22.2886657714844 22.333667755127 22.3840007781982 22.4209995269775 22.3715000152588 22.3645000457764 22.4036674499512 22.4610004425049 22.4839992523193 22.583833694458 22.6416664123535 22.61549949646 22.5860004425049 22.5 22.5353336334229 22.5376663208008 22.5454998016357 22.5456657409668 22.5513324737549 22.5544986724854 22.5651664733887 22.5620002746582 22.5656661987305 22.5509986877441 22.5441665649414 22.5423336029053 22.5394992828369 22.5606670379639 22.587833404541 22.6389999389648 22.6643333435059 22.6928329467773 22.7875003814697 22.913667678833 23.0946674346924 23.0071659088135 22.928165435791
26.5674991607666 26.4543342590332 22.3759994506836 22.5366668701172 22.3285007476807 22.1753330230713 22.087833404541 22.1353340148926 22.0214996337891 22.087833404541 22.2216663360596 22.2556667327881 22.3146667480469 22.3811664581299 22.4099998474121 22.4503326416016 22.4763336181641 22.4528331756592 22.4701652526855 22.5563335418701 22.5943336486816 22.5846672058105 22.6219997406006 22.6828346252441 22.7315006256104 22.7061672210693 22.6331672668457 22.632999420166 22.6433334350586 22.6509990692139 22.6366672515869 22.6336669921875 22.6453342437744 22.6388339996338 22.6498336791992 22.6413345336914 22.638500213623 22.6438331604004 22.6396675109863 22.6491661071777 22.6765003204346 22.6866664886475 22.6895008087158 22.7220001220703 22.7646675109863 22.8728332519531 23.1546669006348 23.1061668395996 22.8936672210693 22.8563327789307
22.6143321990967 22.470666885376 22.4111671447754 22.4763336181641 22.2121658325195 22.1528339385986 22.1563339233398 22.1825008392334 22.1005001068115 22.1876678466797 22.3471660614014 22.3723335266113 22.4309997558594 22.496166229248 22.5136661529541 22.55299949646 22.5970001220703 22.5678329467773 22.554666519165 22.6398334503174 22.6825008392334 22.6253337860107 22.7199993133545 22.765832901001 22.7361679077148 22.7698345184326 22.7813339233398 22.7731666564941 22.7728328704834 22.7626667022705 22.7456665039062 22.7285003662109 22.7413330078125 22.7513332366943 22.7628345489502 22.7520008087158 22.746166229248 22.7336673736572 22.7270011901855 22.7211666107178 22.7509994506836 22.7601661682129 22.7880001068115 22.8388328552246 22.9191665649414 22.950834274292 23.003999710083 23.0833339691162 22.9460010528564 22.9046669006348
22.6140003204346 22.5214996337891 22.449333190918 22.3606662750244 22.111499786377 22.2058334350586 22.2660007476807 22.355167388916 22.30299949646 22.3223323822021 22.4418334960938 22.4969997406006 22.5494995117188 22.6151676177979 22.6310005187988 22.6743335723877 22.7083339691162 22.6709995269775 22.6313343048096 22.7059993743896 22.675500869751 22.6386661529541 22.7736663818359 22.8703327178955 22.7866668701172 22.8798332214355 22.8966655731201 22.8651676177979 22.8719997406006 22.8783340454102 22.8606662750244 22.8503341674805 22.8618335723877 22.8751659393311 22.8816661834717 22.861665725708 22.8308334350586 22.8320007324219 22.826000213623 22.828332901001 22.8528327941895 22.8583335876465 22.8738327026367 22.9006671905518 22.9460010528564 22.9580001831055 23.0153331756592 23.1053333282471 23.0634994506836 23.183666229248
22.6281661987305 22.6143341064453 22.5345001220703 22.3048324584961 22.0944995880127 22.2294998168945 22.3924999237061 22.4341659545898 22.4093341827393 22.4529991149902 22.5348320007324 22.6275005340576 22.7018337249756 22.7779998779297 22.7886657714844 22.8313331604004 22.845666885376 22.7981662750244 22.7446670532227 22.7614994049072 22.7323341369629 22.6758327484131 22.9360008239746 23.1079998016357 23.0273323059082 23.0161666870117 23.0026664733887 22.97216796875 22.9926662445068 22.9678344726562 22.9531669616699 22.9436664581299 22.9483337402344 22.9748344421387 22.9718341827393 22.966667175293 22.941499710083 22.9423332214355 22.925666809082 22.9244995117188 22.9260005950928 22.9214992523193 22.9263324737549 22.951831817627 22.9980010986328 23.0011672973633 23.0468330383301 23.1830005645752 23.3269996643066 23.2770004272461
26.6603317260742 26.50950050354 22.5391674041748 22.320333480835 22.1820011138916 22.318000793457 22.4933319091797 22.5270004272461 22.4891662597656 22.5413341522217 22.6520004272461 22.7504997253418 22.8388328552246 22.9021663665771 22.9251670837402 22.9563331604004 22.9578323364258 22.904333114624 22.853666305542 22.7808322906494 22.7501678466797 22.7718334197998 23.0953330993652 23.2721672058105 23.2196674346924 23.1511669158936 23.1339988708496 23.0721664428711 23.0890007019043 23.0723342895508 23.0598335266113 23.0516662597656 23.0466651916504 23.0621662139893 23.0738334655762 23.0550003051758 23.0138339996338 23.0156669616699 23.019832611084 23.0194988250732 23.0186672210693 23.0168323516846 23.0279998779297 23.0388336181641 23.0641670227051 23.0561676025391 23.0848331451416 23.1853332519531 23.2123336791992 23.2096672058105
26.5813331604004 26.5976676940918 26.5235004425049 22.3048324584961 22.2978343963623 22.425666809082 22.621166229248 22.5834999084473 22.5513324737549 22.634334564209 22.7891674041748 22.875 22.9729995727539 23.030834197998 23.0524997711182 23.0763339996338 23.0901660919189 23.0098323822021 22.9401664733887 22.8530006408691 22.7781658172607 22.9381675720215 23.2796669006348 23.3649997711182 23.4821662902832 23.3374996185303 23.2228336334229 23.1888332366943 23.1903324127197 23.1811656951904 23.1711673736572 23.1525001525879 23.136833190918 23.1573333740234 23.1458339691162 23.1371669769287 23.1301670074463 23.1164989471436 23.1030006408691 23.0986671447754 23.0984992980957 23.1135005950928 23.1173343658447 23.117000579834 23.1435012817383 23.154333114624 23.1086673736572 23.1603336334229 23.1896667480469 23.195333480835
26.6358337402344 26.6856670379639 22.3436679840088 22.3311653137207 22.3853321075439 22.5594997406006 22.6826667785645 22.7018337249756 22.699333190918 22.7916679382324 22.8698329925537 23.0049991607666 23.0779991149902 23.1513328552246 23.1669998168945 23.1778335571289 23.1975002288818 23.0949993133545 23.0030002593994 22.9099998474121 22.8776664733887 23.238000869751 23.4183330535889 23.50950050354 23.6441669464111 23.5851669311523 23.3816661834717 23.3178329467773 23.3033332824707 23.2768325805664 23.2718334197998 23.2438335418701 23.2474994659424 23.2674999237061 23.2651672363281 23.2363338470459 23.2049999237061 23.1944999694824 23.1921672821045 23.199333190918 23.1989994049072 23.2076663970947 23.1923332214355 23.2115001678467 23.3278331756592 23.3421669006348 23.3121662139893 23.375 23.2668323516846 23.2754993438721
26.6951656341553 26.6023330688477 22.3413333892822 22.3815002441406 22.4813327789307 22.7106666564941 22.8201675415039 22.8309993743896 22.8583335876465 22.9151668548584 23.0538330078125 23.1473331451416 23.2163333892822 23.2716674804688 23.27783203125 23.2768325805664 23.2835006713867 23.1700000762939 23.0536670684814 22.9976673126221 23.0174999237061 23.425666809082 23.5926666259766 23.6736660003662 23.7735004425049 23.8436660766602 23.5883331298828 23.4659996032715 23.4120006561279 23.3983325958252 23.3741664886475 23.3494987487793 23.36549949646 23.4125003814697 23.3871669769287 23.3443336486816 23.2968330383301 23.3004989624023 23.3033332824707 23.2996673583984 23.3059997558594 23.3034992218018 23.295166015625 23.306999206543 23.3446655273438 23.4238338470459 23.5325012207031 23.5694999694824 23.4839992523193 23.5393333435059
26.7441654205322 22.4583339691162 22.4778327941895 22.5396671295166 22.6431655883789 22.8428325653076 22.9883327484131 22.9610004425049 22.9948329925537 23.0556659698486 23.1831665039062 23.2718334197998 23.333833694458 23.4025001525879 23.382833480835 23.3910007476807 23.3606662750244 23.22483253479 23.1380004882812 23.1189994812012 23.2118339538574 23.6208343505859 23.9018325805664 23.9979991912842 23.9285011291504 24.1153335571289 24.2146663665771 23.9206676483154 23.5971660614014 23.511999130249 23.4926662445068 23.4678325653076 23.4879989624023 23.5223331451416 23.4930000305176 23.4554996490479 23.4095001220703 23.4079990386963 23.4308338165283 23.4203338623047 23.4248332977295 23.4101657867432 23.4160003662109 23.435998916626 23.4594993591309 23.4986667633057 23.5641670227051 23.5895004272461 23.5766677856445 23.5953330993652
26.6601657867432 26.5831661224365 22.6065006256104 22.6471672058105 22.7666664123535 22.9188346862793 23.003833770752 23.0559997558594 23.0960006713867 23.1956672668457 23.291332244873 23.3433322906494 23.4366664886475 23.5179996490479 23.4906673431396 23.5063343048096 23.4406661987305 23.3153343200684 23.2138328552246 23.1704998016357 23.3708343505859 23.7191677093506 24.0218334197998 24.1228332519531 24.1413326263428 24.1956672668457 24.4206676483154 24.2231674194336 23.7924995422363 23.6359996795654 23.6378326416016 23.6066665649414 23.6098327636719 23.6318321228027 23.6138343811035 23.6135005950928 23.6128330230713 23.6216659545898 23.6166667938232 23.6098327636719 23.6000003814697 23.5599994659424 23.5780010223389 23.587833404541 23.5836658477783 23.5766658782959 23.6103343963623 23.6148338317871 23.6101665496826 23.6551666259766
26.6650009155273 26.7446670532227 22.7525005340576 22.7819995880127 22.9034996032715 23.033166885376 23.0923328399658 23.1173324584961 23.183666229248 23.2744998931885 23.3660011291504 23.4571666717529 23.5581665039062 23.6141662597656 23.5841674804688 23.5849990844727 23.513334274292 23.3800010681152 23.2789993286133 23.2631664276123 23.4646663665771 23.7521667480469 24.021333694458 23.958667755127 24.0628337860107 24.154333114624 24.2220001220703 24.1219997406006 23.9365005493164 23.8261661529541 23.7690010070801 23.7711658477783 23.8111667633057 23.8279991149902 23.8406658172607 23.8254985809326 23.7826652526855 23.7094993591309 23.6749992370605 23.6693325042725 23.6645011901855 23.6394996643066 23.6151676177979 23.6108341217041 23.6153335571289 23.6338329315186 23.6599998474121 23.6576671600342 23.6528339385986 23.699499130249
26.675500869751 26.7511672973633 22.7736663818359 22.8684997558594 23.0019989013672 23.1310005187988 23.1666660308838 23.2193336486816 23.3126659393311 23.4204998016357 23.509334564209 23.5631675720215 23.674165725708 23.707498550415 23.6848335266113 23.667667388916 23.6096668243408 23.4623336791992 23.3645000457764 23.3213329315186 23.4533348083496 23.6060009002686 23.8058338165283 23.9456672668457 24.103832244873 24.1889991760254 24.1700000762939 24.1088333129883 24.0728340148926 24.0151672363281 23.966667175293 23.94700050354 23.9300003051758 23.9680004119873 23.9138336181641 23.8761672973633 23.8308334350586 23.8050003051758 23.7941665649414 23.7893333435059 23.755500793457 23.6936664581299 23.6884994506836 23.6709995269775 23.6973323822021 23.7154998779297 23.7255001068115 23.707332611084 23.7333335876465 23.7556667327881
26.767333984375 26.8368339538574 22.8400001525879 22.9775009155273 23.1356658935547 23.2858333587646 23.3094997406006 23.3730010986328 23.4561653137207 23.5499992370605 23.6266670227051 23.6660003662109 23.7795009613037 23.8016662597656 23.7983341217041 23.7709999084473 23.670166015625 23.5298328399658 23.4384994506836 23.3920001983643 23.4431667327881 23.5283336639404 23.7450008392334 23.9344997406006 24.0496673583984 24.1735000610352 24.1901664733887 24.1608333587646 24.1433334350586 24.0815010070801 24.0128345489502 23.996000289917 24.0208339691162 24.0446662902832 24.0116672515869 24.045166015625 23.9956665039062 23.9451675415039 23.8904991149902 23.8176670074463 23.7803325653076 23.7481670379639 23.7491664886475 23.7568340301514 23.7758331298828 23.7828330993652 23.7746658325195 23.780834197998 23.7958335876465 23.829833984375
