rasters/SaudiArabia_bio4.asc
NCOLS 253 
NROWS 189 
XLLCORNER 34.572764529 
YLLCORNER 16.370957701 
CELLSIZE 0.0832600798498024 
NODATA_value -3.4e+38 
[rows 110 to 131 of 189, columns 50 to 99 of 253]
-3.4e+38 -3.4e+38 -3.4e+38 444.524169921875 454.509399414062 462.455322265625 470.437347412109 480.966674804688 489.394073486328 498.609893798828 518.469055175781 540.668701171875 545.981628417969 557.055908203125 567.822570800781 580.621520996094 582.949584960938 584.310791015625 585.549926757812 586.3212890625 588.57958984375 591.009460449219 592.062133789062 594.827392578125 597.708679199219 603.155212402344 607.939453125 610.772094726562 613.706787109375 618.463989257812 624.1298828125 626.724426269531 627.805480957031 630.198608398438 633.252197265625 635.236633300781 639.402648925781 643.283203125 643.856323242188 646.611511230469 649.107421875 653.537963867188 656.626403808594 659.075988769531 664.603149414062 667.785827636719 670.498352050781 673.595031738281 674.127868652344 676.698486328125
-3.4e+38 -3.4e+38 -3.4e+38 435.755035400391 445.306060791016 454.203704833984 462.379455566406 470.287139892578 482.758148193359 493.402313232422 510.472412109375 525.368713378906 533.642211914062 549.00830078125 560.012451171875 571.469787597656 575.796508789062 577.88623046875 578.365356445312 580.2841796875 583.208129882812 585.230224609375 587.538635253906 590.0400390625 593.292907714844 598.176452636719 601.817749023438 605.146728515625 608.40771484375 612.144714355469 617.102111816406 619.670837402344 621.248046875 623.62255859375 626.644287109375 630.221313476562 632.178161621094 634.559265136719 637.5830078125 641.125915527344 644.984191894531 650.018371582031 653.051086425781 656.218872070312 661.823669433594 664.3212890625 666.391479492188 669.014343261719 670.711120605469 674.092102050781
-3.4e+38 -3.4e+38 -3.4e+38 421.530914306641 434.004058837891 443.724243164062 454.772827148438 464.504486083984 475.995788574219 489.419372558594 500.69189453125 513.932495117188 528.7626953125 542.455993652344 555.244079589844 561.290832519531 566.621765136719 570.072570800781 571.355590820312 573.38623046875 576.277221679688 578.985107421875 580.925964355469 582.631164550781 588.515197753906 592.366088867188 594.58349609375 598.732238769531 602.126342773438 605.291809082031 608.587585449219 611.393249511719 613.331420898438 616.165649414062 618.697875976562 622.650939941406 625.684997558594 628.532043457031 632.298034667969 635.655639648438 639.688781738281 643.674682617188 647.390869140625 652.311767578125 656.57861328125 659.924743652344 662.442810058594 664.731079101562 666.796630859375 670.392822265625
-3.4e+38 -3.4e+38 -3.4e+38 413.328704833984 421.752807617188 434.365966796875 444.751037597656 457.328460693359 468.097991943359 480.574096679688 490.964324951172 509.064483642578 531.4189453125 547.459045410156 548.760131835938 554.172241210938 559.484680175781 564.000122070312 565.307983398438 567.407531738281 569.826354980469 572.680297851562 576.222045898438 578.92431640625 581.597351074219 585.464782714844 587.100646972656 591.37060546875 595.589050292969 598.394714355469 602.318969726562 604.183410644531 606.453674316406 610.302368164062 611.559265136719 614.818725585938 619.370788574219 623.932861328125 627.472839355469 631.059326171875 634.879699707031 638.476135253906 641.733764648438 648.628601074219 653.499572753906 655.804809570312 658.190856933594 660.719970703125 663.546813964844 667.005493164062
-3.4e+38 -3.4e+38 -3.4e+38 -3.4e+38 411.530487060547 425.964477539062 437.261322021484 448.165100097656 460.094299316406 470.876922607422 480.302520751953 502.398468017578 526.238037109375 539.159423828125 538.439453125 547.775146484375 555.116271972656 559.030944824219 559.498352050781 561.340393066406 563.991760253906 567.764892578125 571.342956542969 574.464721679688 576.498352050781 578.814880371094 581.512634277344 585.274108886719 589.254211425781 592.837524414062 595.805908203125 597.207336425781 599.205017089844 603.099182128906 604.741333007812 609.29248046875 613.944763183594 618.598388671875 622.308654785156 626.036682128906 630.388793945312 633.936340332031 637.449340820312 644.224304199219 648.884094238281 651.1298828125 653.463562011719 656.642211914062 659.583251953125 663.39501953125
-3.4e+38 -3.4e+38 -3.4e+38 -3.4e+38 404.088195800781 418.436279296875 429.166748046875 440.906219482422 451.403747558594 461.534576416016 473.89013671875 492.165405273438 513.490661621094 516.632141113281 529.995666503906 540.201538085938 553.256103515625 557.247802734375 556.277709960938 557.672729492188 560.058166503906 563.131408691406 566.658935546875 569.749328613281 571.953979492188 574.186340332031 576.815063476562 579.442504882812 582.124145507812 586.998779296875 589.825622558594 591.452453613281 594.327758789062 597.564270019531 600.104370117188 604.758605957031 609.927795410156 614.237915039062 617.509521484375 620.853210449219 625.266784667969 629.147644042969 633.30810546875 639.12451171875 643.925903320312 646.587585449219 649.32568359375 652.713806152344 655.125183105469 659.826416015625
-3.4e+38 -3.4e+38 -3.4e+38 -3.4e+38 -3.4e+38 411.028869628906 421.97314453125 431.658416748047 443.647308349609 460.32470703125 473.536041259766 484.250427246094 496.973815917969 503.561248779297 520.732177734375 537.666687011719 547.87548828125 555.724731445312 554.470092773438 554.7353515625 556.232116699219 558.098083496094 561.739135742188 565.026550292969 566.911193847656 568.629577636719 571.700256347656 574.820617675781 577.803466796875 581.394836425781 585.461547851562 588.199096679688 590.881591796875 594.136413574219 597.269104003906 600.747314453125 605.938354492188 609.626525878906 613.097961425781 616.85400390625 620.5400390625 624.571594238281 628.36279296875 634.143981933594 638.604614257812 641.869506835938 645.235778808594 648.400817871094 651.611083984375 656.344055175781
-3.4e+38 -3.4e+38 -3.4e+38 -3.4e+38 395.364227294922 406.746368408203 416.145721435547 425.63720703125 439.326141357422 453.687927246094 468.559173583984 479.653350830078 486.303253173828 497.527313232422 523.37109375 532.135009765625 539.021850585938 549.296203613281 551.797546386719 550.943725585938 551.793823242188 553.936279296875 557.427978515625 560.358093261719 561.798400878906 564.511596679688 567.116943359375 570.107238769531 572.941589355469 576.095153808594 579.387084960938 582.020141601562 584.443359375 589.659057617188 593.904479980469 596.081604003906 600.936218261719 605.87744140625 608.953247070312 611.8955078125 615.53759765625 619.450073242188 623.785766601562 629.026428222656 633.971374511719 637.731872558594 643.646606445312 646.582214355469 650.100463867188 652.968200683594
-3.4e+38 -3.4e+38 -3.4e+38 381.595489501953 390.825958251953 401.356811523438 410.514587402344 421.462768554688 432.617492675781 443.609313964844 455.756408691406 467.912536621094 481.884368896484 494.577087402344 508.090423583984 523.538879394531 531.326110839844 542.045288085938 546.179748535156 545.437377929688 546.688903808594 549.730346679688 552.226928710938 555.32861328125 557.744201660156 559.866271972656 562.298034667969 564.983703613281 567.821044921875 570.292236328125 573.324035644531 576.636108398438 580.146484375 585.196838378906 588.608093261719 591.593566894531 596.11083984375 600.590698242188 604.223205566406 607.326843261719 610.371276855469 614.300109863281 619.066528320312 624.700134277344 629.448791503906 635.129211425781 641.523681640625 644.121887207031 646.73046875 649.99609375
-3.4e+38 -3.4e+38 -3.4e+38 -3.4e+38 385.709259033203 394.611480712891 404.372344970703 414.006408691406 424.463195800781 436.306823730469 449.563781738281 465.465209960938 477.834747314453 491.270263671875 503.375549316406 514.345336914062 522.3642578125 531.319458007812 536.785339355469 539.005920410156 540.613525390625 543.517395019531 546.796020507812 549.538024902344 552.309692382812 554.701599121094 557.26123046875 559.785888671875 562.067993164062 565.161254882812 568.901611328125 571.767639160156 575.564819335938 579.833068847656 583.587768554688 586.268493652344 590.913757324219 595.463989257812 599.047546386719 601.795532226562 605.676635742188 610.13623046875 615.177124023438 620.311584472656 625.992248535156 629.833984375 634.132690429688 638.039611816406 640.738342285156 644.931701660156
-3.4e+38 -3.4e+38 -3.4e+38 369.874450683594 378.484680175781 388.258941650391 398.533843994141 408.095092773438 419.881591796875 436.704162597656 447.065063476562 459.675659179688 473.294494628906 484.964294433594 496.306610107422 505.585693359375 515.560424804688 522.170715332031 527.052185058594 532.055236816406 535.404602050781 539.109191894531 543.0048828125 545.436157226562 548.147033691406 550.723022460938 553.344299316406 555.440551757812 557.918762207031 560.27685546875 563.583374023438 567.378784179688 572.04638671875 576.489013671875 579.871032714844 581.847290039062 585.797241210938 590.256164550781 593.498474121094 596.991149902344 601.520263671875 605.442626953125 610.326110839844 615.998901367188 620.3291015625 624.213195800781 628.256164550781 632.877319335938 636.879516601562 641.603942871094
-3.4e+38 -3.4e+38 355.226989746094 363.465301513672 372.103881835938 380.320831298828 391.410217285156 403.913269042969 417.604309082031 430.571502685547 444.551788330078 456.883972167969 468.563385009766 481.758605957031 491.001129150391 500.730163574219 510.121643066406 516.406616210938 521.513610839844 525.600830078125 531.144958496094 535.170837402344 539.315734863281 541.976257324219 545.107666015625 547.722351074219 549.511413574219 551.428771972656 553.986511230469 555.378234863281 558.442932128906 563.430908203125 568.152893066406 573.166259765625 576.3466796875 578.209106445312 582.299865722656 585.111145019531 588.474853515625 593.162902832031 596.931518554688 600.162414550781 605.793518066406 612.366882324219 617.206115722656 620.651794433594 624.089050292969 628.489440917969 632.674499511719 637.136779785156
-3.4e+38 -3.4e+38 -3.4e+38 353.497100830078 363.678527832031 372.863525390625 387.646392822266 397.193023681641 410.218536376953 427.013519287109 445.509796142578 456.716125488281 465.508270263672 477.518096923828 488.000122070312 497.26220703125 504.978668212891 513.279418945312 518.675842285156 521.886047363281 527.33837890625 531.09423828125 536.66064453125 539.205322265625 542.088439941406 544.032836914062 546.471923828125 548.837036132812 549.827270507812 551.547424316406 554.887390136719 560.872497558594 566.211364746094 569.814147949219 572.369934082031 574.792419433594 577.676086425781 579.928405761719 583.467712402344 587.844116210938 592.520935058594 595.925842285156 601.737670898438 607.673095703125 612.986145019531 617.97607421875 620.957946777344 624.768920898438 629.141967773438 633.310913085938
-3.4e+38 -3.4e+38 -3.4e+38 344.457733154297 352.241546630859 365.2177734375 384.501647949219 397.92626953125 404.999969482422 418.855377197266 434.524688720703 447.928375244141 461.460144042969 473.085632324219 480.927856445312 489.502044677734 505.375610351562 511.703674316406 516.329345703125 517.132751464844 524.976684570312 530.380065917969 533.474243164062 536.089721679688 538.986999511719 541.441162109375 543.90283203125 545.607299804688 546.210327148438 548.968383789062 553.848754882812 561.240234375 563.838684082031 565.789794921875 568.745483398438 571.000854492188 573.049560546875 575.827270507812 578.646667480469 583.39013671875 590.013916015625 593.461303710938 600.517578125 604.871643066406 608.2724609375 613.698181152344 618.022521972656 621.976745605469 626.199768066406 629.945251464844
-3.4e+38 -3.4e+38 -3.4e+38 -3.4e+38 343.015869140625 358.656311035156 379.448089599609 395.753540039062 404.5732421875 414.181762695312 430.776794433594 447.326263427734 457.010009765625 466.694763183594 475.143707275391 484.643096923828 497.127105712891 502.679351806641 513.80224609375 518.113952636719 523.417175292969 527.99609375 530.019836425781 533.143981933594 536.360656738281 538.136169433594 540.583129882812 542.760559082031 543.977783203125 543.698913574219 547.8388671875 557.747680664062 560.816223144531 562.447509765625 564.974426269531 567.884704589844 568.791931152344 571.150024414062 574.825073242188 581.361022949219 587.46240234375 592.271057128906 597.711547851562 601.353393554688 604.558532714844 608.66455078125 613.75537109375 617.682006835938 622.890319824219 626.661560058594
-3.4e+38 -3.4e+38 -3.4e+38 -3.4e+38 341.260894775391 355.200164794922 371.841247558594 385.937622070312 402.614624023438 413.688446044922 428.558868408203 439.98388671875 452.603332519531 465.461364746094 474.500091552734 480.110107421875 487.514373779297 496.553955078125 506.186309814453 513.327514648438 519.856262207031 524.325744628906 527.549926757812 530.654663085938 532.799499511719 534.914916992188 537.453125 539.867980957031 540.950012207031 540.556823730469 544.6904296875 555.034973144531 557.512878417969 558.790344238281 561.480224609375 563.800537109375 564.781311035156 567.982360839844 572.282836914062 576.630615234375 582.507080078125 588.913024902344 594.252807617188 597.744445800781 600.939575195312 603.511108398438 608.299743652344 612.445068359375 617.913391113281 622.786804199219
-3.4e+38 -3.4e+38 -3.4e+38 -3.4e+38 341.996948242188 356.267730712891 371.317352294922 386.465545654297 405.818756103516 422.137115478516 425.711761474609 441.087371826172 456.362518310547 464.732543945312 468.626861572266 475.287780761719 485.625244140625 498.12890625 512.013732910156 518.550109863281 519.793640136719 522.257080078125 525.539794921875 528.182861328125 529.996215820312 532.122375488281 533.971923828125 536.698425292969 538.86474609375 537.336303710938 540.063598632812 549.572937011719 552.641479492188 555.030578613281 557.496765136719 559.555358886719 560.642395019531 564.5400390625 570.642822265625 572.778564453125 578.683776855469 586.552551269531 590.553039550781 594.081115722656 596.430236816406 598.183532714844 601.769287109375 607.551208496094 613.33056640625 618.883117675781
-3.4e+38 -3.4e+38 -3.4e+38 -3.4e+38 -3.4e+38 357.0126953125 372.434295654297 387.655090332031 404.512512207031 415.459838867188 423.322601318359 441.836853027344 455.502288818359 463.038421630859 467.039123535156 473.017272949219 485.837768554688 495.560882568359 515.380432128906 516.732666015625 517.396179199219 520.031433105469 521.954162597656 524.536071777344 526.506530761719 528.278503417969 530.609924316406 533.656982421875 535.202392578125 534.889221191406 536.962097167969 546.027893066406 548.551452636719 550.935974121094 553.550048828125 555.482055664062 556.672607421875 559.763122558594 563.855712890625 568.726684570312 575.451354980469 583.491333007812 587.010009765625 590.449035644531 592.773620605469 595.384826660156 598.500671386719 603.361877441406 609.370239257812 614.635620117188
-3.4e+38 -3.4e+38 -3.4e+38 -3.4e+38 -3.4e+38 357.602172851562 370.197265625 383.218719482422 396.716094970703 412.854553222656 424.405303955078 435.466583251953 448.139404296875 455.933258056641 460.715789794922 467.932495117188 474.626007080078 483.653594970703 515.153686523438 513.962951660156 513.108581542969 514.476684570312 518.630615234375 521.472473144531 522.807861328125 525.128784179688 527.361572265625 529.294067382812 531.585998535156 533.111267089844 535.884033203125 545.622924804688 546.313598632812 546.915222167969 548.842529296875 550.225524902344 552.054382324219 556.322265625 560.152282714844 566.474365234375 573.731811523438 579.878662109375 583.838684082031 585.803527832031 588.668090820312 591.22802734375 594.094543457031 603.209838867188 607.319702148438 611.445678710938
-3.4e+38 -3.4e+38 -3.4e+38 -3.4e+38 350.203857421875 359.737640380859 369.333099365234 381.003845214844 394.811584472656 405.880249023438 419.960113525391 428.470397949219 439.936859130859 451.207336425781 455.743988037109 464.752105712891 477.706665039062 487.622589111328 510.719055175781 509.703125 510.901580810547 512.771545410156 516.244873046875 518.332397460938 519.430969238281 521.714782714844 524.329040527344 526.694946289062 528.726318359375 531.377624511719 532.747863769531 536.316528320312 541.127990722656 542.693420410156 543.8076171875 545.526794433594 548.115783691406 552.730224609375 557.576171875 564.868408203125 572.869445800781 576.290832519531 579.511779785156 582.343444824219 585.480590820312 587.931823730469 589.090393066406 596.946655273438 603.130065917969 607.572448730469
-3.4e+38 -3.4e+38 -3.4e+38 -3.4e+38 -3.4e+38 359.8916015625 369.721160888672 379.580749511719 391.125366210938 402.152526855469 414.620147705078 423.783172607422 435.348571777344 444.054107666016 450.042663574219 461.123931884766 476.652801513672 499.535888671875 509.923431396484 507.460083007812 509.016387939453 510.866241455078 514.510681152344 515.662536621094 517.40185546875 519.599487304688 522.009643554688 523.560546875 525.306396484375 528.618896484375 529.399658203125 530.847106933594 534.738464355469 538.464660644531 540.578247070312 542.705322265625 545.32421875 549.631164550781 555.856018066406 561.938903808594 568.606567382812 572.38623046875 574.359436035156 577.467163085938 581.633850097656 583.560607910156 584.45751953125 588.044128417969 597.328002929688 603.202392578125
-3.4e+38 -3.4e+38 -3.4e+38 -3.4e+38 -3.4e+38 359.022918701172 368.705993652344 378.008819580078 389.472381591797 399.502624511719 408.703582763672 419.416809082031 429.729217529297 436.380340576172 446.008239746094 458.817657470703 476.231872558594 500.6884765625 512.117431640625 511.038330078125 511.316986083984 513.052307128906 515.177124023438 517.240661621094 518.838806152344 518.939758300781 520.079650878906 520.277038574219 522.169311523438 525.159484863281 525.773315429688 527.49853515625 530.077392578125 533.006591796875 536.6962890625 540.286560058594 543.387451171875 548.564636230469 554.414794921875 559.240051269531 566.838073730469 568.082153320312 569.135925292969 571.900085449219 576.14794921875 579.675720214844 581.74462890625 584.172546386719 595.153686523438 602.010070800781
