rasters/SaudiArabia_bio4.asc
NCOLS 253 
NROWS 189 
XLLCORNER 34.572764529 
YLLCORNER 16.370957701 
CELLSIZE 0.0832600798498024 
NODATA_value -3.4e+38 
[rows 44 to 65 of 189, columns 100 to 149 of 253]
901.225402832031 902.405578613281 903.509948730469 905.617065429688 907.203430175781 909.613952636719 911.595703125 913.563781738281 915.405395507812 917.759033203125 919.662719726562 920.9423828125 922.45751953125 926.314636230469 929.364929199219 928.8701171875 928.784851074219 929.976440429688 931.075561523438 932.075561523438 933.029724121094 935.206420898438 936.552429199219 938.565368652344 941.055053710938 942.547729492188 942.855407714844 942.812561035156 943.963745117188 945.204223632812 944.007446289062 943.534301757812 944.261840820312 942.816223144531 942.8154296875 942.135559082031 941.381286621094 940.49267578125 937.559753417969 931.401733398438 923.414306640625 916.766540527344 910.271789550781 904.677917480469 899.607543945312 895.004516601562 892.456176757812 890.486877441406 889.087280273438 889.031921386719
900.372802734375 901.469543457031 902.2841796875 903.920227050781 905.76953125 907.926391601562 909.268493652344 911.496276855469 913.572937011719 916.05029296875 918.144958496094 919.75341796875 921.629028320312 923.083068847656 927.560913085938 930.233764648438 931.114013671875 930.820373535156 930.976440429688 932.391235351562 933.283020019531 935.030700683594 936.616516113281 937.380737304688 939.34375 941.751892089844 943.367431640625 944.759155273438 947.444519042969 949.150329589844 950.055725097656 948.711364746094 947.743103027344 947.754150390625 947.147033691406 945.599731445312 945.490051269531 945.013671875 943.922180175781 937.131225585938 928.605346679688 921.62109375 915.364868164062 909.580688476562 904.278625488281 899.807434082031 896.406494140625 893.966430664062 891.469421386719 889.982788085938
898.017578125 899.992919921875 901.180297851562 903.329650878906 904.826538085938 906.138305664062 907.84765625 910.005432128906 911.750122070312 914.173950195312 916.021789550781 918.2060546875 919.846130371094 921.414306640625 923.151123046875 928.214538574219 931.151672363281 932.240661621094 932.064270019531 933.364013671875 933.589660644531 934.368591308594 936.243286132812 937.438171386719 939.681091308594 942.492492675781 944.807067871094 946.817565917969 950.341186523438 952.960205078125 954.034912109375 952.994812011719 951.192138671875 952.117553710938 950.991333007812 949.744995117188 948.619079589844 946.501098632812 943.616394042969 938.772644042969 931.916137695312 924.922729492188 918.793823242188 913.420471191406 907.832153320312 902.96875 899.699157714844 896.394592285156 894.130859375 892.387023925781
894.1767578125 897.280334472656 898.154846191406 900.0107421875 903.090393066406 905.557922363281 907.147827148438 907.952819824219 909.470153808594 911.512329101562 913.754821777344 915.680786132812 917.766784667969 919.682556152344 922.180358886719 925.324768066406 929.361022949219 931.799682617188 933.090942382812 932.980712890625 932.87060546875 933.642150878906 936.272338867188 938.479553222656 940.288635253906 943.105041503906 946.028259277344 948.274719238281 951.193664550781 954.94482421875 956.645385742188 956.49365234375 955.342041015625 954.972290039062 953.492980957031 950.632385253906 949.194763183594 947.223876953125 943.796081542969 938.654052734375 932.775634765625 927.062866210938 921.644775390625 915.415771484375 910.437866210938 905.888977050781 902.010681152344 898.329223632812 895.775756835938 893.494689941406
891.136169433594 893.999694824219 897.248901367188 897.539001464844 899.119812011719 902.351013183594 905.870300292969 907.45947265625 907.705078125 908.809448242188 910.792419433594 913.26123046875 915.409729003906 918.242736816406 921.407287597656 924.261962890625 927.111755371094 930.691467285156 932.871948242188 934.196594238281 933.330993652344 934.257080078125 936.82373046875 939.251281738281 941.974182128906 944.054321289062 946.736938476562 948.136291503906 950.922119140625 956.224670410156 958.788818359375 959.109497070312 957.668273925781 955.381591796875 952.704223632812 950.799743652344 948.223327636719 946.016845703125 943.747131347656 938.789672851562 933.525146484375 928.339111328125 923.004577636719 917.681030273438 912.587463378906 908.381713867188 904.434265136719 900.299987792969 897.233459472656 894.359619140625
889.359985351562 891.330200195312 894.324157714844 896.493286132812 897.042907714844 897.909790039062 901.348999023438 905.681030273438 906.939636230469 907.696960449219 909.582458496094 911.731140136719 913.823059082031 916.606323242188 919.980590820312 922.6181640625 924.872741699219 928.804870605469 931.727783203125 933.849670410156 934.576416015625 934.733154296875 936.889770507812 938.938842773438 941.608825683594 944.618408203125 947.380065917969 949.131652832031 952.447082519531 956.070129394531 959.507995605469 960.817749023438 959.216857910156 955.521545410156 952.995788574219 951.395690917969 948.382690429688 945.119873046875 941.530395507812 937.660827636719 933.3876953125 929.294006347656 924.270202636719 919.342407226562 914.084350585938 909.329895019531 905.170104980469 901.011047363281 898.160339355469 894.598571777344
886.838806152344 888.908447265625 891.210205078125 893.196350097656 895.738220214844 897.059692382812 898.207458496094 901.451843261719 905.493347167969 907.344421386719 908.963623046875 911.304931640625 913.09228515625 914.400390625 917.567077636719 919.293029785156 922.846862792969 926.408996582031 928.455993652344 931.425842285156 933.784423828125 934.150024414062 936.059387207031 938.184936523438 940.697998046875 943.255065917969 946.920349121094 949.782104492188 952.454223632812 954.379211425781 956.595825195312 958.778686523438 956.245727539062 952.810852050781 950.737609863281 948.703674316406 945.847351074219 942.740173339844 939.265747070312 935.610290527344 931.777160644531 928.072998046875 923.835876464844 918.757934570312 913.520568847656 909.83740234375 904.434875488281 900.997314453125 898.3212890625 894.283813476562
882.276306152344 885.487365722656 888.022644042969 889.964233398438 891.921203613281 895.405822753906 896.89404296875 898.220336914062 901.2841796875 905.315368652344 907.663696289062 909.209411621094 910.851684570312 911.612915039062 913.574035644531 916.208740234375 919.243041992188 923.068725585938 925.342956542969 928.172668457031 931.50732421875 933.325561523438 934.11279296875 936.650451660156 939.540161132812 942.117858886719 945.228820800781 948.114562988281 950.131469726562 952.303588867188 953.470764160156 953.607727050781 952.164611816406 950.948425292969 948.848205566406 946.861145019531 943.691528320312 939.797241210938 937.423583984375 934.702026367188 930.387023925781 927.015258789062 922.527465820312 917.8818359375 913.758972167969 909.336364746094 904.686645507812 901.421691894531 897.500915527344 892.999877929688
878.141723632812 881.191833496094 884.339904785156 886.726379394531 888.780395507812 892.121520996094 895.001159667969 896.052001953125 898.8984375 902.655456542969 905.693054199219 907.85400390625 908.941345214844 909.894653320312 911.331298828125 913.747497558594 916.827941894531 920.160034179688 921.768493652344 924.134643554688 928.252075195312 932.436401367188 932.773559570312 934.609741210938 937.998352050781 940.828430175781 943.323791503906 945.836486816406 947.827026367188 949.3173828125 949.923217773438 949.751892089844 948.097473144531 947.684997558594 946.592529296875 944.420654296875 940.685119628906 936.474670410156 933.899230957031 930.207397460938 927.411010742188 924.355346679688 919.859130859375 916.10498046875 911.82861328125 908.505065917969 904.257995605469 900.441772460938 896.224853515625 892.115417480469
875.368347167969 876.857055664062 879.7041015625 883.053649902344 884.720092773438 888.237243652344 892.247619628906 894.170104980469 896.327453613281 899.99755859375 902.75634765625 905.1162109375 907.123718261719 908.262756347656 909.082153320312 911.504028320312 914.067138671875 916.92431640625 919.651794433594 922.231567382812 925.127563476562 930.480285644531 933.281127929688 934.452453613281 936.823181152344 938.832641601562 942.164123535156 944.750061035156 944.809692382812 945.775390625 946.741821289062 946.119689941406 945.09423828125 942.950622558594 942.312561035156 941.660827636719 938.658264160156 934.966552734375 932.291015625 927.386047363281 923.934204101562 921.247619628906 917.206726074219 913.396362304688 909.392944335938 906.044921875 901.438659667969 896.935180664062 893.107177734375 890.177062988281
873.721496582031 875.931945800781 876.649230957031 879.841735839844 881.53759765625 883.673767089844 888.286560058594 893.323852539062 894.814331054688 896.716430664062 898.905395507812 901.546752929688 904.195739746094 906.388366699219 907.699829101562 909.845703125 911.447326660156 913.882202148438 917.137023925781 920.041198730469 922.323852539062 926.131408691406 931.905090332031 934.066284179688 934.638549804688 935.928100585938 939.464782714844 941.348937988281 942.082885742188 942.702819824219 942.718505859375 943.188598632812 941.740783691406 938.346496582031 937.665832519531 937.749145507812 935.656127929688 933.1904296875 930.649291992188 926.648498535156 922.023498535156 919.116577148438 915.684143066406 911.52685546875 906.528076171875 902.554138183594 898.445373535156 893.604553222656 889.787170410156 885.831420898438
870.445129394531 873.227416992188 874.5986328125 876.410522460938 878.672119140625 881.914123535156 885.315551757812 888.543579101562 891.645690917969 893.447814941406 896.290649414062 898.736328125 900.987487792969 903.95361328125 906.541625976562 907.981872558594 909.114379882812 910.736450195312 913.401489257812 916.060974121094 918.831298828125 923.913635253906 928.307922363281 930.6748046875 931.100891113281 931.302001953125 935.031799316406 937.90673828125 938.031555175781 939.127746582031 939.181762695312 938.673706054688 937.804016113281 935.156982421875 933.943725585938 933.291320800781 931.432861328125 928.860595703125 927.360656738281 923.520812988281 920.847412109375 917.264526367188 914.133666992188 909.826721191406 906.247192382812 900.780944824219 895.895324707031 891.100891113281 887.911865234375 882.857482910156
862.894409179688 868.683166503906 872.280883789062 874.822692871094 876.239318847656 879.39453125 882.234619140625 883.872985839844 886.727294921875 889.146911621094 891.799560546875 894.686584472656 897.520080566406 900.336181640625 903.416076660156 905.889099121094 907.371704101562 909.166564941406 910.618835449219 912.841186523438 915.706970214844 921.015502929688 924.002258300781 927.16845703125 927.999816894531 927.270935058594 929.632385253906 932.369812011719 933.371765136719 934.096923828125 934.918884277344 934.604736328125 934.084838867188 931.468017578125 929.672912597656 929.687316894531 927.389343261719 924.951477050781 922.869018554688 920.481506347656 917.977905273438 914.251953125 911.192565917969 908.078430175781 903.981750488281 899.49853515625 894.863525390625 889.177612304688 884.944458007812 880.385803222656
854.360046386719 863.011779785156 867.237243652344 871.311340332031 873.598022460938 876.298889160156 877.873718261719 880.125671386719 882.470397949219 884.090087890625 886.022827148438 888.6953125 892.534423828125 895.785888671875 898.887756347656 902.107604980469 905.013000488281 907.283020019531 909.550659179688 910.877319335938 913.461181640625 916.976135253906 917.758972167969 922.211730957031 925.783203125 926.438781738281 926.15087890625 927.672912597656 929.036560058594 929.446166992188 929.615234375 929.592224121094 930.117248535156 929.211547851562 927.280334472656 926.555419921875 924.85888671875 922.455932617188 919.124877929688 916.52734375 914.835571289062 911.6513671875 907.915649414062 904.401733398438 901.539978027344 896.84033203125 893.478576660156 889.360107421875 882.782897949219 877.658630371094
859.242370605469 860.374328613281 862.591552734375 866.723022460938 869.532836914062 872.677856445312 873.723205566406 877.160339355469 880.213012695312 881.642272949219 882.833984375 884.542907714844 887.397705078125 892.171508789062 895.547424316406 898.917785644531 901.460144042969 904.748779296875 906.975158691406 908.618469238281 910.230773925781 913.051513671875 913.844909667969 916.000549316406 920.803894042969 923.658752441406 924.160522460938 924.263793945312 924.939880371094 925.42138671875 925.573852539062 925.516967773438 925.099304199219 925.094604492188 924.204650878906 922.388854980469 921.683471679688 919.389038085938 916.607543945312 914.291870117188 911.152893066406 909.162536621094 905.32470703125 901.799011230469 899.037719726562 895.435607910156 890.551025390625 886.612182617188 880.629943847656 876.992431640625
856.477661132812 858.737548828125 861.507507324219 862.830871582031 864.028564453125 867.981811523438 870.83447265625 873.209045410156 875.794799804688 878.827941894531 880.436157226562 880.910339355469 883.252014160156 887.135009765625 891.4501953125 894.700927734375 898.220764160156 901.163269042969 903.829162597656 906.172607421875 908.446716308594 909.665954589844 911.039855957031 911.790588378906 915.436706542969 919.579284667969 921.846313476562 922.141174316406 921.077697753906 920.936096191406 921.589660644531 921.76171875 921.34765625 921.001525878906 920.969970703125 918.989868164062 917.249450683594 916.0810546875 913.63818359375 911.286193847656 908.383972167969 905.306945800781 902.808837890625 898.210266113281 895.724731445312 893.139038085938 888.999755859375 884.574401855469 878.294128417969 873.645690917969
853.431335449219 855.034484863281 857.541076660156 860.610900878906 862.487976074219 865.004638671875 867.233337402344 869.655029296875 872.262084960938 875.947021484375 878.565795898438 878.498901367188 880.005065917969 882.700561523438 888.066040039062 890.719360351562 894.060913085938 896.665832519531 900.220275878906 902.92041015625 905.483459472656 906.670288085938 907.6953125 908.49853515625 910.410827636719 913.759643554688 917.3544921875 919.195678710938 919.171142578125 918.23193359375 917.225524902344 916.876953125 917.376281738281 916.768798828125 916.509216308594 915.802917480469 913.577941894531 912.706970214844 910.399841308594 908.05517578125 905.577087402344 902.505187988281 898.984680175781 895.300170898438 892.762573242188 889.871276855469 886.684509277344 882.365173339844 878.157653808594 871.482116699219
849.280334472656 851.784362792969 854.424865722656 857.650939941406 859.877868652344 861.139038085938 863.880798339844 866.350646972656 867.979858398438 871.357543945312 874.414978027344 876.095825195312 876.710998535156 878.941833496094 883.223876953125 886.423278808594 889.262878417969 892.853881835938 896.407592773438 899.218383789062 902.171081542969 904.200378417969 905.611145019531 905.267761230469 906.665954589844 908.495483398438 911.505004882812 914.072082519531 915.213073730469 915.890441894531 915.453308105469 913.553649902344 913.262512207031 913.077880859375 912.86669921875 912.364379882812 910.655517578125 908.907043457031 906.909484863281 903.929443359375 902.002197265625 899.326965332031 896.51513671875 893.015930175781 889.961303710938 887.274963378906 884.065063476562 880.815307617188 876.514038085938 869.730346679688
845.973388671875 846.565185546875 849.650268554688 854.061645507812 856.199096679688 858.297607421875 860.877502441406 862.980895996094 864.129943847656 866.814086914062 869.114318847656 871.443969726562 872.923583984375 875.666687011719 878.102600097656 882.802917480469 885.708435058594 889.273681640625 892.251525878906 895.82666015625 898.764587402344 901.191711425781 903.237854003906 902.91357421875 902.540161132812 904.482238769531 905.778137207031 907.279968261719 909.199035644531 911.891967773438 911.757568359375 911.203979492188 910.240234375 908.929138183594 908.613037109375 908.972534179688 907.3662109375 905.8515625 903.360412597656 901.214294433594 899.009887695312 895.887084960938 893.820251464844 890.962707519531 887.331298828125 884.588073730469 881.201904296875 877.872009277344 871.746154785156 866.559875488281
844.236450195312 844.351928710938 847.296203613281 851.3642578125 853.678344726562 855.206787109375 857.379089355469 858.967895507812 860.25244140625 861.024169921875 863.624084472656 866.233215332031 867.970703125 871.713562011719 873.999450683594 877.278930664062 881.110778808594 885.016479492188 888.877319335938 892.288696289062 894.932861328125 897.69677734375 900.2626953125 900.652648925781 899.773132324219 900.585998535156 901.666870117188 903.072875976562 903.383544921875 905.299438476562 907.137512207031 907.574279785156 907.7001953125 908.059814453125 906.38037109375 905.446655273438 904.795471191406 903.112365722656 899.875427246094 898.071960449219 895.938354492188 893.527954101562 890.83447265625 888.167175292969 884.414855957031 880.932678222656 877.746643066406 874.492126464844 869.18896484375 864.574401855469
839.747314453125 841.255004882812 843.95654296875 846.518859863281 849.204467773438 851.682556152344 853.889526367188 855.382690429688 856.903198242188 857.337768554688 859.067626953125 861.773742675781 863.010131835938 867.1376953125 870.245788574219 870.939086914062 875.623657226562 880.957641601562 885.57373046875 889.09228515625 891.604064941406 894.163757324219 896.403137207031 895.780944824219 895.443359375 896.636047363281 897.983215332031 899.605102539062 900.175109863281 900.567016601562 901.5791015625 902.298950195312 903.47314453125 904.973266601562 904.857482910156 903.0283203125 901.788879394531 899.67626953125 897.989135742188 895.922058105469 893.524841308594 891.797241210938 888.697937011719 885.519409179688 880.894592285156 877.464538574219 874.201477050781 870.279968261719 866.027099609375 861.271667480469
838.643798828125 839.503295898438 841.066284179688 842.718627929688 844.752502441406 848.5537109375 851.400024414062 851.683959960938 852.41455078125 853.289733886719 856.1162109375 857.672729492188 859.047729492188 862.4951171875 866.538513183594 867.962585449219 872.319702148438 876.352294921875 880.479248046875 884.762573242188 887.837036132812 890.349548339844 892.951477050781 892.629577636719 891.730346679688 893.037231445312 894.307922363281 895.585266113281 896.748352050781 897.910522460938 896.453063964844 896.053894042969 897.861694335938 900.0185546875 901.121032714844 901.171447753906 899.811767578125 898.224304199219 896.257080078125 894.157775878906 892.169555664062 889.381958007812 886.677124023438 883.508483886719 879.484375 876.272399902344 872.861511230469 869.360778808594 864.725708007812 859.619079589844
