rasters/SaudiArabia_bio10.asc
NCOLS 253 
NROWS 189 
XLLCORNER 34.572764529 
YLLCORNER 16.370957701 
CELLSIZE 0.0832600798498024 
NODATA_value -3.4e+38 
[rows 66 to 87 of 189, columns 50 to 99 of 253]
29.3063335418701 29.406665802002 29.681999206543 29.8128337860107 29.9576663970947 30.1630001068115 30.2013339996338 30.0756664276123 30.0391654968262 30.2140007019043 30.3733329772949 30.3306655883789 30.4818344116211 30.7569999694824 30.9053325653076 30.7981662750244 30.9575004577637 31.1544990539551 31.5069999694824 31.8151664733887 32.0238342285156 32.0550003051758 32.0494995117188 32.135498046875 32.0289993286133 31.9530010223389 32.0110015869141 32.0431671142578 32.1276664733887 32.2588348388672 32.3504981994629 32.3559989929199 32.4960021972656 32.5786666870117 32.708667755127 32.8354988098145 32.7861671447754 32.6438331604004 32.7174987792969 32.6511650085449 32.5909996032715 32.5526657104492 32.355167388916 32.614501953125 32.7056655883789 32.7051658630371 32.7976684570312 32.9178314208984 33.0683326721191 33.201831817627
29.1536674499512 29.2308330535889 29.4948329925537 29.6609992980957 30.054666519165 30.2880001068115 30.3951663970947 30.3268337249756 30.1905002593994 30.273832321167 30.4061660766602 30.2433338165283 30.291166305542 30.5879993438721 30.7951679229736 30.6746673583984 30.7245006561279 31.0926666259766 31.4549999237061 31.679500579834 32.0021667480469 32.058666229248 32.2464981079102 32.3411674499512 32.3306655883789 32.3035011291504 32.2746658325195 32.2268333435059 32.2516670227051 32.2448348999023 32.2181663513184 32.3098335266113 32.4729995727539 32.5178337097168 32.6344985961914 32.916332244873 32.9793319702148 32.9934997558594 33.0058326721191 32.9381675720215 32.7820014953613 32.6121673583984 32.5963325500488 32.6571655273438 32.5766677856445 32.6464996337891 32.7303314208984 32.855167388916 33.09716796875 33.2936668395996
29.1143341064453 29.2351684570312 29.585334777832 29.9814987182617 30.1741676330566 30.267333984375 30.6428337097168 30.8349990844727 30.5231666564941 30.531665802002 30.5360012054443 30.208667755127 30.0986652374268 30.3053340911865 30.5583324432373 30.6019992828369 30.7528324127197 31.2396659851074 31.5189990997314 31.7783336639404 31.9791660308838 32.009334564209 32.2224998474121 32.4541664123535 32.5873336791992 32.5243339538574 32.4160003662109 32.4645004272461 32.4173355102539 32.2936668395996 32.3540000915527 32.5353317260742 32.6669998168945 32.7924995422363 32.8456649780273 33.064998626709 33.1669998168945 33.2361679077148 33.1843338012695 33.0153350830078 32.9863319396973 32.9879989624023 32.9939994812012 32.78466796875 32.6936683654785 32.7309989929199 32.78466796875 32.8723335266113 33.1053314208984 33.3758316040039
29.3563327789307 29.3871669769287 29.3291664123535 29.8213329315186 29.9631671905518 29.9561672210693 30.7110004425049 31.3076667785645 31.230001449585 31.1346664428711 30.844165802002 30.3723335266113 29.8971652984619 29.9358329772949 30.0860004425049 30.5508346557617 31.0203323364258 31.435001373291 31.7671661376953 32.0561676025391 32.1879997253418 32.2793350219727 32.4313316345215 32.5691680908203 32.7028350830078 32.6775016784668 32.6806678771973 32.7449989318848 32.6923332214355 32.5455017089844 32.3916664123535 32.8313331604004 32.9828338623047 33.1136665344238 33.2620010375977 33.3066673278809 33.343334197998 33.3824996948242 33.3203315734863 33.1471672058105 33.27783203125 33.4013328552246 33.2266654968262 33.0968322753906 33.1921653747559 33.0736656188965 33.1696662902832 33.3484992980957 33.2734985351562 33.4334983825684
30.0633335113525 30.1240005493164 29.5631675720215 29.8836669921875 29.9428329467773 29.9309997558594 30.8146667480469 31.7754993438721 32.0098342895508 31.9365005493164 31.7530002593994 31.2521667480469 30.1044998168945 30.0048332214355 30.1088333129883 30.8013324737549 31.1586666107178 31.4498329162598 31.8128318786621 32.1418342590332 32.3673324584961 32.5066680908203 32.6653327941895 32.614501953125 32.8156661987305 32.9861679077148 33.0703315734863 32.97216796875 32.8945007324219 32.8165016174316 32.5028343200684 32.9160003662109 33.1430015563965 33.3028335571289 33.3933334350586 33.4633331298828 33.4113349914551 33.4965019226074 33.4956665039062 33.5241661071777 33.5081672668457 33.4743347167969 33.4676666259766 33.3038330078125 33.4309997558594 33.5136642456055 33.6066665649414 33.708667755127 33.7058334350586 33.6391677856445
31.3128337860107 31.045166015625 30.3316669464111 31.1813335418701 31.7744998931885 31.3008346557617 31.2921676635742 32.2876663208008 32.4333343505859 32.2188339233398 31.9793338775635 31.8111667633057 30.8813323974609 30.7571678161621 30.591667175293 31.0001659393311 31.4203338623047 31.7126655578613 31.9763336181641 32.21533203125 32.4729995727539 32.7179985046387 32.7491683959961 32.8861656188965 32.9283332824707 33.0931663513184 33.1531677246094 33.1484985351562 33.0576667785645 33.0408325195312 32.9264984130859 33.166332244873 33.2533340454102 33.4973335266113 33.5323333740234 33.5731658935547 33.6171684265137 33.6648330688477 33.6469993591309 33.670166015625 33.6898345947266 33.6778335571289 33.5808334350586 33.4736671447754 33.6505012512207 33.7958335876465 33.8498344421387 33.9213333129883 33.9560012817383 33.8693313598633
31.8316669464111 31.09716796875 31.1689987182617 31.3080005645752 32.0629997253418 31.986665725708 32.0216674804688 32.6720008850098 32.6679992675781 32.0629997253418 31.9879989624023 31.7141666412354 31.1798343658447 30.5841674804688 30.4023323059082 30.8913326263428 31.3928337097168 31.7046661376953 32.0281677246094 32.2648315429688 32.5008316040039 32.7421684265137 32.8675003051758 32.9923324584961 33.0448341369629 33.1296653747559 33.2294998168945 33.3191680908203 33.3489990234375 33.4130020141602 33.4711685180664 33.4833335876465 33.6134986877441 33.7226676940918 33.7321662902832 33.748664855957 33.8338317871094 33.8649978637695 33.8286666870117 33.8059997558594 33.8701667785645 33.8986663818359 33.4888343811035 33.3346672058105 33.7666664123535 33.9536666870117 34.0240020751953 34.0281677246094 34.1074981689453 34.0116653442383
31.9838333129883 30.9044990539551 31.5623340606689 31.4344997406006 32.1116676330566 32.4861679077148 32.7276649475098 32.7738342285156 32.7101669311523 32.3488311767578 31.9765014648438 31.5488338470459 31.0156669616699 30.308666229248 30.0739994049072 30.5788345336914 31.2228336334229 31.7436676025391 32.1561660766602 32.4246673583984 32.5638313293457 32.7775001525879 32.8946685791016 33.0263328552246 33.1031646728516 33.1730003356934 33.3001670837402 33.3986663818359 33.5281677246094 33.5951652526855 33.6511688232422 33.7169990539551 33.6978340148926 33.7065010070801 33.671501159668 33.6015014648438 33.7275009155273 33.8928337097168 34.061164855957 34.0633316040039 34.0578346252441 34.0653343200684 33.8315010070801 33.6575012207031 33.9044990539551 34.1091651916504 34.1800003051758 34.2169990539551 34.246997833252 34.1921653747559
32.3741683959961 32.4753341674805 32.7071647644043 32.7784996032715 32.553165435791 32.8783340454102 33.0114974975586 32.9194984436035 32.7351684570312 32.4448318481445 32.0636672973633 31.5464992523193 30.8234996795654 30.091833114624 29.530834197998 30.2241668701172 31.1015014648438 31.8568344116211 32.2598342895508 32.4739990234375 32.5955009460449 32.8549995422363 32.957332611084 33.0779991149902 33.066333770752 33.1556663513184 33.1748352050781 33.2534980773926 33.5229988098145 33.5693321228027 33.6818313598633 33.7330017089844 33.6573333740234 33.5825004577637 33.509334564209 33.4869995117188 33.6889991760254 33.8803329467773 34.1129989624023 34.2178344726562 34.2125015258789 34.2318344116211 34.1788330078125 34.1226654052734 34.2210006713867 34.3211669921875 34.3803329467773 34.3886680603027 34.4444999694824 34.4049987792969
32.7770004272461 32.9713325500488 33.030834197998 32.9941673278809 32.9918327331543 33.1271667480469 33.0304985046387 32.9166679382324 32.6921653747559 32.5724983215332 32.2050018310547 31.7448329925537 31.146333694458 30.1046676635742 29.0016670227051 29.9124984741211 31.1389999389648 31.9155006408691 32.2798347473145 32.3463325500488 32.6538352966309 32.8209991455078 32.9679985046387 33.0783309936523 33.1073341369629 33.2226676940918 32.7789993286133 33.1223335266113 33.4770011901855 33.5411682128906 33.6486663818359 33.7140007019043 33.6990013122559 33.5686645507812 33.3904991149902 33.5074996948242 33.8196678161621 34.0758323669434 34.2164993286133 34.3026657104492 34.3668327331543 34.4131660461426 34.4533348083496 34.4483337402344 34.3544998168945 34.4754981994629 34.5841674804688 34.5769996643066 34.6110000610352 34.6218338012695
32.8429985046387 33.0623321533203 32.8484992980957 32.5251655578613 32.6468353271484 33.0858345031738 33.0180015563965 32.9806671142578 32.9124984741211 32.8009986877441 32.5265007019043 31.9288330078125 31.3798332214355 30.4036674499512 28.9858341217041 30.1571674346924 31.2548332214355 31.7830009460449 32.223331451416 32.449333190918 32.6624984741211 32.7986679077148 32.928165435791 32.9936676025391 33.019832611084 33.1134986877441 32.8461685180664 33.0796661376953 33.2841682434082 33.3463325500488 33.568000793457 33.7145004272461 33.7418327331543 33.6366653442383 33.5351676940918 33.695499420166 33.9646682739258 34.1728324890137 34.2921676635742 34.397834777832 34.4638328552246 34.4488334655762 34.5405006408691 34.5863342285156 34.5540008544922 34.5739974975586 34.7044982910156 34.7613334655762 34.7545013427734 34.7509994506836
33.3370018005371 33.1226654052734 32.8271675109863 32.5885009765625 32.5648345947266 32.9448318481445 33.0548324584961 33.1375007629395 33.0986671447754 32.9285011291504 32.5213317871094 32.0511665344238 31.6736660003662 30.9816665649414 29.4976673126221 29.9981670379639 31.1560001373291 31.8505001068115 32.2203330993652 32.436164855957 32.6119995117188 32.6865005493164 32.7788314819336 32.8984985351562 32.9288330078125 33.0408325195312 33.0231666564941 33.1748313903809 32.8591651916504 33.1763343811035 33.4345016479492 33.6220016479492 33.638500213623 33.7963333129883 33.8955001831055 33.9923324584961 34.09716796875 34.1351661682129 34.2864990234375 34.3540000915527 34.4448318481445 34.4383316040039 34.511833190918 34.6178321838379 34.6565017700195 34.6306648254395 34.5681648254395 34.7205009460449 34.7231674194336 34.6956672668457
33.4623336791992 33.1515007019043 32.9356651306152 32.3786659240723 32.1259994506836 32.5470008850098 32.9496650695801 33.1508331298828 33.1101684570312 32.9743347167969 32.646167755127 32.1126670837402 31.5844993591309 30.8745002746582 29.8199996948242 30.2636680603027 31.13450050354 31.8833332061768 32.4658317565918 32.5789985656738 32.6370010375977 32.5865020751953 32.6653327941895 32.8696670532227 33.003833770752 33.0378341674805 33.0834999084473 33.155834197998 33.0149993896484 33.2108345031738 33.4124984741211 33.548168182373 33.6860008239746 33.7975006103516 33.9226684570312 34.0408325195312 34.0438346862793 34.1876678466797 34.2743339538574 34.3761672973633 34.3966674804688 34.4386672973633 34.4583320617676 34.6376647949219 34.59033203125 34.5023345947266 34.3849983215332 34.6529998779297 33.8466682434082 34.6333312988281
33.6266670227051 33.4738349914551 32.8754997253418 32.139835357666 31.7784996032715 32.0415000915527 32.53466796875 32.9996681213379 33.0685005187988 32.8390007019043 32.4298324584961 32.146167755127 31.630500793457 30.96266746521 30.4970016479492 30.6296672821045 31.2861671447754 32.1096649169922 32.7425003051758 32.9393310546875 32.8113327026367 32.6326675415039 32.7148323059082 32.7895011901855 32.9956665039062 33.0105018615723 33.0830001831055 33.1976661682129 33.1776657104492 33.3274993896484 33.4671669006348 33.6223335266113 33.666332244873 33.6761665344238 33.8041687011719 33.9833335876465 34.2158317565918 34.3461647033691 34.371166229248 34.47216796875 34.3530006408691 34.2893333435059 34.4676666259766 34.5815010070801 34.356330871582 34.4236679077148 34.3938331604004 34.3158340454102 33.8651657104492 34.6453323364258
33.8396644592285 33.3974990844727 32.9431648254395 32.0153350830078 31.6394996643066 31.9998340606689 32.5758323669434 33.0190010070801 32.9996681213379 32.8549995422363 32.5968322753906 32.2603340148926 31.833833694458 31.4080009460449 31.0456657409668 31.2786674499512 31.83766746521 32.4583320617676 32.9138336181641 33.1778335571289 33.0951652526855 32.9091682434082 32.947998046875 32.9324989318848 32.9505004882812 32.9954986572266 33.0061683654785 33.2901649475098 33.4225006103516 33.3564987182617 33.4506645202637 33.6748352050781 33.843334197998 33.8456649780273 33.9816665649414 34.1171684265137 34.2789993286133 34.4720001220703 34.5234985351562 34.548999786377 34.4576644897461 34.3796653747559 34.5270004272461 34.5811653137207 34.3928337097168 34.5783348083496 34.4591674804688 34.522834777832 34.5436668395996 34.589168548584
33.9085006713867 33.5699996948242 32.7123336791992 31.9816665649414 31.4143333435059 32.09716796875 32.772834777832 33.0421676635742 33.0571670532227 32.8824996948242 32.7874984741211 32.5429992675781 32.1206665039062 31.9131660461426 31.8023338317871 31.8020000457764 32.2430000305176 32.7893333435059 33.1969985961914 33.4269981384277 33.4394989013672 33.3310012817383 33.2826652526855 33.1911659240723 33.0115013122559 33.1141662597656 33.1216659545898 33.3699989318848 33.5678329467773 33.5341644287109 33.6590003967285 33.8914985656738 34.0236663818359 34.136833190918 34.1285018920898 34.220832824707 34.3230018615723 34.4458312988281 34.5839996337891 34.607666015625 34.6206665039062 34.6100006103516 34.6736679077148 34.5666656494141 34.3568344116211 34.5904998779297 34.644832611084 34.5646667480469 34.5746650695801 34.697998046875
33.7809982299805 33.5008316040039 33.1293334960938 32.5755004882812 31.9363327026367 31.7543334960938 32.644832611084 33.1061668395996 33.1684989929199 33.1488342285156 33.0051651000977 32.7866668701172 32.5226669311523 32.4513320922852 32.369499206543 32.4576683044434 32.7638320922852 33.0116653442383 33.4285011291504 33.6891670227051 33.8613319396973 33.8493347167969 33.6293334960938 33.6298332214355 33.1728324890137 33.2291679382324 33.3123321533203 33.449333190918 33.6098327636719 33.7350006103516 33.820499420166 34.0478324890137 34.1418342590332 34.3101654052734 34.3038330078125 34.3208351135254 34.4136657714844 34.4900016784668 34.5893325805664 34.7011680603027 34.6925010681152 34.6889991760254 34.6949996948242 34.5776672363281 34.3881683349609 34.619499206543 34.4786682128906 34.582332611084 34.4623336791992 34.6375007629395
33.2458343505859 33.3556671142578 33.6796684265137 33.6975021362305 32.9335021972656 32.6521682739258 32.9195022583008 33.0384979248047 33.1823348999023 33.1258354187012 33.1023330688477 33.0233345031738 32.9300003051758 32.8194999694824 32.8413314819336 33.1049995422363 33.3684997558594 33.3813323974609 33.5923347473145 33.9329986572266 34.1326675415039 34.1300010681152 33.8966674804688 33.9091682434082 33.6216659545898 33.4034996032715 33.4396667480469 33.4505004882812 33.4891662597656 33.8011665344238 33.9541664123535 34.0898323059082 34.2685012817383 34.3106689453125 34.3011665344238 34.3753318786621 34.4071655273438 34.4808311462402 34.6319999694824 34.7638320922852 34.7476654052734 34.7826690673828 34.7509994506836 34.6826667785645 34.5233345031738 34.6933326721191 34.6004981994629 34.560001373291 34.3466682434082 34.3758316040039
31.718334197998 33.1184997558594 34.0236663818359 33.6946678161621 33.4328346252441 33.5276679992676 33.7318344116211 33.7273330688477 33.4566650390625 32.865665435791 32.4469985961914 32.7476654052734 32.9061660766602 32.7868347167969 33.1061668395996 33.4886665344238 33.744499206543 33.8964996337891 34.0223350524902 34.0810012817383 34.2628326416016 34.3746681213379 34.3066673278809 34.2273330688477 33.9236679077148 33.7858352661133 33.4345016479492 33.4023323059082 33.4949989318848 33.7623329162598 34.0061683654785 34.0834999084473 34.15966796875 34.1591682434082 34.28466796875 34.3708343505859 34.4656677246094 34.5558319091797 34.6346664428711 34.6735000610352 34.7631683349609 34.7680015563965 34.759334564209 34.7958335876465 34.5846672058105 34.5834999084473 34.5149993896484 34.568000793457 34.4539985656738 34.3358345031738
30.1205005645752 32.6058349609375 34.0461654663086 34.1474990844727 34.0176658630371 34.2286682128906 34.4140014648438 34.3083343505859 33.8581657409668 33.393669128418 32.7786674499512 32.7171669006348 32.6776657104492 32.9871673583984 33.3418350219727 33.8564987182617 34.0185012817383 34.1591644287109 34.197998046875 34.357666015625 34.4400024414062 34.5778350830078 34.5023345947266 34.3878326416016 34.2106666564941 33.9334983825684 33.6533355712891 33.619499206543 33.6083335876465 33.7088317871094 33.8858337402344 34.0400009155273 34.0909996032715 34.191333770752 34.2809982299805 34.3003349304199 34.5265007019043 34.6168327331543 34.5896682739258 34.7159996032715 34.7625007629395 34.8465003967285 34.7410011291504 34.7248344421387 34.5849990844727 34.4964981079102 34.441333770752 34.553165435791 34.4630012512207 34.4501647949219
30.1643333435059 31.701000213623 33.5485000610352 33.9589996337891 34.4223327636719 34.7611656188965 34.5341682434082 34.2873306274414 33.7400016784668 33.2448348999023 33.1053314208984 33.3838348388672 33.0546646118164 33.1708335876465 33.6356658935547 34.2361679077148 34.2528343200684 34.4196662902832 34.3473320007324 34.3889999389648 34.6473350524902 34.7840003967285 34.7238311767578 34.4636650085449 34.0040016174316 33.9633331298828 33.9954986572266 33.9228324890137 33.7680015563965 33.6806678771973 33.8684997558594 34.0381660461426 34.0963325500488 34.1648330688477 34.1728324890137 34.25 34.5206680297852 34.610668182373 34.5888328552246 34.7285003662109 34.797664642334 34.8561668395996 34.8193321228027 34.7953338623047 34.5616683959961 34.6273345947266 34.5634994506836 34.3338317871094 34.2449989318848 34.2385025024414
29.7108345031738 30.8955001831055 32.4608345031738 33.3188323974609 34.0583343505859 34.7589988708496 34.3036651611328 33.2719993591309 33.1926651000977 33.1053314208984 33.602165222168 33.8626670837402 33.2719993591309 33.7818336486816 33.8964996337891 34.3154983520508 34.4693336486816 34.6828346252441 34.8025016784668 34.6223335266113 34.7818336486816 34.8743324279785 34.7251663208008 34.6459999084473 34.4011650085449 34.1941680908203 34.3008346557617 34.1580009460449 33.97216796875 33.798999786377 33.7830009460449 33.9478340148926 34.0313339233398 34.09716796875 34.1803321838379 34.272331237793 34.5048332214355 34.5854988098145 34.611499786377 34.7126655578613 34.8079986572266 34.8343353271484 34.7195014953613 34.8358345031738 34.6266670227051 34.7263336181641 34.5801658630371 34.2738342285156 34.1669998168945 33.9081649780273
