rasters/SaudiArabia_CLYPPT_M_sl2_250m_ll.asc
NCOLS 253 
NROWS 189 
XLLCORNER 34.572764529 
YLLCORNER 16.370957701 
CELLSIZE 0.0832600798498024 
NODATA_value -9999 
[rows 150 to 174 of 189, columns 57 to 113 of 253]
-9999 -9999 -9999 -9999 -9999 -9999 -9999 -9999 -9999 -9999 -9999 -9999 -9999 -9999 -9999 -9999 -9999 -9999 21.1105255453092 16.5270092226616 15.220172741912 13.4154589371987 11.2308593178155 17.0909090909072 17.4671351193085 19.3429951690864 22.9199238764492 25.4038940125888 19.8641487337139 20.6107451324827 27.137754355147 26.8077880251816 25.1826965305185 23.1538574147241 21.9273898404315 11.8859610598775 20.7745571658624 18.9590103937938 14.5286195286219 15.1144781144785 12.0222515005112 8.18840579710288 1.71541501976213 9.65085638998623 6.07744107744066 0 5.12794612794782 6.55072463768216 5.22134387351823 6.28853754940823 12.7719221197479 0.253110818329908 5 0 11.6247987117536 0.501976284585088 12.2481335090027
-9999 -9999 -9999 -9999 -9999 -9999 -9999 -9999 -9999 -9999 -9999 -9999 -9999 -9999 -9999 -9999 -9999 -9999 -9999 -9999 16.2569169960478 17.4850367024282 15.0989397076353 12.109668109668 19.0227743271223 20.1842650103481 18.2280569671889 21.8039400213316 24.3202208419596 22.5305853566726 24.2431143735488 30.4244933810147 28.1254783863493 24.5870506305295 27.813037204351 23.1463077984825 19.0524499654932 22.6670431018337 20.0717736369899 14.0671936758896 16.0537047493541 3.60355103833388 2.71033314511523 10.1811907898858 9.54087458435162 11.9930986887501 2 1 11.157726331639 8.88688123470897 14.8907083254894 0 3.06474684735574 8.82834556747583 9.65399334964542 0.347826086956392 12.2884120710174
-9999 -9999 -9999 -9999 -9999 -9999 -9999 -9999 -9999 -9999 -9999 -9999 -9999 -9999 -9999 -9999 -9999 -9999 -9999 -9999 13.5841855407077 14.5945375075791 18.2062028148985 17.1890331890341 17.5835790618398 15.6986427421197 21.5114499027549 18.848380283163 23.541501976285 25.7022397891976 13.5742518351213 25.9604743083011 30.7358889098032 28.7193675889345 28.1698559089903 23.0809126461305 26.091787439615 24.7355752138353 22 13.9793797185101 11.6931216931218 7.3135704874838 13.9694669259897 8.84331932158115 8.38358742706506 5.41585628542347 9.31601731601652 15 17.4822134387346 9.41832402702007 9.55070372461583 14.6911349520019 4.60474308300419 8.65679570027473 4.4095823660972 0.847167325428278 12
-9999 -9999 -9999 -9999 -9999 -9999 -9999 -9999 -9999 -9999 -9999 -9999 -9999 -9999 -9999 -9999 -9999 -9999 -9999 -9999 18.0802016019408 16.312169312169 15.6719367588935 16.2390572390579 15.312169312169 15.0766045548647 20.1876111006562 20.3875190831725 28.6473848213011 22 19.3873517786568 22.3427651253712 28.6837944663996 30.4387351778691 25.884957232789 27.6091348265259 22.5157579940188 24.1383399209459 22.4398226572135 20 13.6660811008652 13.6902984294293 17 10.6596189639669 9.96545161762581 9.44099378881902 16.3982683982556 16.7556935817802 21.7193675889321 9 7 7.19302758432848 8.12338707990862 12.391492565406 15.1752096534714 0.499257586214066 13.0750988142265
-9999 -9999 -9999 -9999 -9999 -9999 -9999 -9999 -9999 -9999 -9999 -9999 -9999 -9999 -9999 -9999 -9999 -9999 -9999 -9999 -9999 15.3992722253613 16.5413764978977 20.6810966810955 20.5817805383017 16.593512767426 15.8318589622935 17.0278562017702 24.4480833176504 19.6534914361023 22.3466340422866 30.219085262563 25.4667168580191 33.6825396825402 26.8327373109941 26.2094861660091 26.1435472739823 21.7204341552245 24.8270907836151 20.774264382961 19.0487483530896 15.3216011042095 14.7158541941113 16.5287659200698 12.4219838132888 9.05339105339145 12.8181818181793 18.2484472049691 18.3977664847221 10.9085262563497 9.60725265073178 7.50900307421658 7.25095677269534 17.5018508061993 17.169395821569 14.6573812660766 8.51552795030842
-9999 -9999 -9999 -9999 -9999 -9999 -9999 -9999 -9999 -9999 -9999 -9999 -9999 -9999 -9999 -9999 -9999 -9999 -9999 -9999 -9999 15.6772486772494 13.7831315222624 14.5892255892261 17.7423092205707 15.5231193926841 17.6814522031921 17.8485685007433 23.1066357153297 17.8635004287184 17.6402116402103 20.4474559257169 25.4282995587397 26.7449860928105 29.8114687245148 22.4646255515823 24.2861743731294 20.1383399209459 17.7991509295863 22.7206223727971 23.3544973544988 16.0012756969279 12.6900056465276 17.5797937971878 20.5348307087431 11.9009557270421 15.9413179413173 9.54014262709665 16.2529644268768 15.6772486772494 7.67452997887582 14.6606437041207 11.6172909216398 18.5691699604747 14.8132254219316 15.8194993412376 12.0508605725979
-9999 -9999 -9999 -9999 -9999 -9999 -9999 -9999 -9999 -9999 -9999 -9999 -9999 -9999 -9999 -9999 -9999 -9999 -9999 -9999 -9999 -9999 16.2204236986852 17.2799422799402 16.0756634669666 15.6719576719569 17.0278562017691 16.8420017985235 19.4943221030164 16.0881694794733 16 22.0078633122136 18.4594809377389 31.8446577577014 32.2476525085208 23.7905138339909 27.0570508396594 24.2350837568256 26 21.3511512641955 17.9896271200624 17.3294016772286 14.6188384884049 22.3034067381899 19.6719576719569 13.9164732208213 9.18181818182066 15.9875776397533 19 15.755317146623 7.3478470000195 9.64031620553102 14.4577033272695 18.3885019971966 21.1529999790878 13.4874626178983 12.5953531170879
-9999 -9999 -9999 -9999 -9999 -9999 -9999 -9999 -9999 -9999 -9999 -9999 -9999 -9999 -9999 -9999 -9999 -9999 -9999 -9999 -9999 -9999 13.6666666666661 13.7575757575764 16.7997364953883 17.2898550724647 16.0592885375526 16.831357048748 16.2081686429562 17.2819499341221 17.3873517786568 22.4321475625813 25.4216073781336 26.5204216073774 32.591567852428 28.8603425559941 29.7101449275376 23.75889328063 22.9657444005275 15.9552042160737 12.6561264822151 13.3333333333339 13.0395256916982 15.6666666666661 19.0737812911722 15.2358366271395 10.939393939393 17.3333333333322 16.5783926218722 15.4808959156802 18.4505928853747 11.5849802371686 8.6666666666678 16 19.1119894598085 19.5006587615301 15.666666666667
-9999 -9999 -9999 -9999 -9999 -9999 -9999 -9999 -9999 -9999 -9999 -9999 -9999 -9999 -9999 -9999 -9999 -9999 -9999 -9999 -9999 -9999 13.8730367860848 15.1582491582466 17.532530271661 15.8527720266851 14.4904322730404 19.6694062781037 21.8166342514174 20.422924901185 22.7925424012391 27.0290273333734 22.2539682539612 19.2226404835079 27.7457598762031 31.7542714934038 30.6052449965505 24.1361440491854 15 16.7058159232088 14.6720831503448 16.6587615283279 13.3890457368721 21.2495346843189 18.4492962753811 16 15.9605579605644 16.0701633310329 19.9143400882537 18.7114624505918 14.2143589100119 7.07905138340693 8.73858669510806 12.7868122215882 21.4891565761135 15.1501558023329 12.1989250684903
-9999 -9999 -9999 -9999 -9999 -9999 -9999 -9999 -9999 -9999 -9999 -9999 -9999 -9999 -9999 -9999 -9999 -9999 -9999 -9999 -9999 -9999 -9999 17.0423280423318 16.0502540937349 17.5203588681846 15.4907459690062 15.0119831858937 17.6991864817947 17.577075098815 14.8521864608826 18.6482213438726 14.2074575987648 26.7997574084504 22.8959575046744 30.4562603258288 26.1700023004363 25.8420017985213 18 15.0440847397372 14.3439153439138 11.61779283519 9.50452767843316 17.4941129723732 16.305853566722 16.3895685634807 16.1928811928824 14.142627099148 21.6560846560862 14.6878306878276 21.5565593826457 21.5798983625078 9.87811866072754 8 13.5104879017919 13.1898069724127 6.52594265636949
-9999 -9999 -9999 -9999 -9999 -9999 -9999 -9999 -9999 -9999 -9999 -9999 -9999 -9999 -9999 -9999 -9999 -9999 -9999 -9999 -9999 -9999 -9999 21.3492063492063 21.1394064872325 22.9337474120095 16.3653930610474 14.8515590689504 23.469979296065 21.2015182884751 17.2252964426864 18.4552983248638 14.0774201643816 24.9068950373345 20.576886881233 33.6131501348895 28.8329882677701 23.9026915113898 20.8972332015826 15.3282514586864 19.011042097998 17.3478260869564 22.3216011042107 18.6019198193109 17.4895539243353 14.7459690068391 16 14.4347826086921 19.5703620051458 16.0606687997981 15.4398644833424 21.1826337913261 10.4684108162368 12.1987577639753 14.5558065123267 20.1792458748983 18.5595708639173
-9999 -9999 -9999 -9999 -9999 -9999 -9999 -9999 -9999 -9999 -9999 -9999 -9999 -9999 -9999 -9999 -9999 -9999 -9999 -9999 -9999 -9999 -9999 17.7744107744096 14.2243762678562 13.7089947089976 15.8248530857225 15 21.1040006692162 19.7270008574368 18.2171821737046 17.808645460821 15.2424033293596 20.1098563272463 22.8290566116768 28.2910052910024 30.4715896020237 26.5216136520548 26.2152999979121 17.2873036786092 21.2818035426708 19.3567977915819 18.9859882468582 19.8982788547999 19.6132965263391 15.0518434866265 16.9470899470898 16 14.6810757680321 16.25221155656 15.9458769893562 12.5866741953724 11.5304807913501 9 19.3111236589533 21.8220507350935 18.6796327665901
-9999 -9999 -9999 -9999 -9999 -9999 -9999 -9999 -9999 -9999 -9999 -9999 -9999 -9999 -9999 -9999 -9999 -9999 -9999 -9999 -9999 -9999 -9999 -9999 -9999 15.8350586611496 18.1692285170538 21.1342827864569 20.2935357717966 19.0986887508638 17.9951272559976 19.4071146245097 21.6759938933883 20.5397034527497 21 27.5814668423363 27.0625718886585 25.1383399209459 23.425580860362 21.9758244975636 20.3395445134582 20.9920948616597 20.9746951920874 20.4348871740176 11.5693581780547 16.6402116402121 14.5233285233252 16.2815734989651 14.2529644268768 16.4554865424427 23.2074994248913 14 14.312232051364 9.07104167973744 21.6402116402121 23.3213710605018 21.2960662525891
-9999 -9999 -9999 -9999 -9999 -9999 -9999 -9999 -9999 -9999 -9999 -9999 -9999 -9999 -9999 -9999 -9999 -9999 -9999 -9999 -9999 -9999 -9999 -9999 -9999 17.5942028985512 20.1933621933615 20.0589121023874 21.730158730154 19.5383650166312 17.91774891775 19.3166447079481 21.7992345818402 20 18.1555931990757 23.7140347575119 23.1104209799861 28.5470857644808 22.662651358306 26.4077420164356 21.3736118953483 21.0039525691702 17.9604743083018 20.3448146056813 10 18.9605370474927 16.0490620490636 16.417529330577 12.5864232385977 18.5383650166302 15.5708639186888 16.0808708200185 16.2509567726967 15.584415584418 25.8034381077891 16.548340548337 13.1703369094575
-9999 -9999 -9999 -9999 -9999 -9999 -9999 -9999 -9999 -9999 -9999 -9999 -9999 -9999 -9999 -9999 -9999 -9999 -9999 -9999 -9999 -9999 -9999 -9999 -9999 -9999 22.3807641633706 19.5177865612658 21 18.2137315180791 21.5292050944225 19.7599180207885 20.746742790223 20.7193675889345 21 23.5668276972607 28.7761674718215 28 22.259259259261 25.0174205826382 22.142878055914 22.9975113453373 19.7114624505922 16.2397891963125 8.75259844825034 18.6486605182234 15.7340067340108 15.4347826086921 8.71263358219778 15.9071878202255 18.7496706192367 14.7628458498039 14.6047430830042 18.283267457179 17.7063387498156 18.6889181671788 19.0513833992084
-9999 -9999 -9999 -9999 -9999 -9999 -9999 -9999 -9999 -9999 -9999 -9999 -9999 -9999 -9999 -9999 -9999 -9999 -9999 -9999 -9999 -9999 -9999 -9999 -9999 -9999 19.7560491038743 21.375661375662 23.3692619779579 21.7602526298175 21.3824999477165 24.3964489616681 20.2568751699177 21.7409289583243 26.5011606750696 24.1573917226103 29.1364159190261 28.2373214547161 23.0386055168659 24.2832256310519 28.7275655101767 25.0014848275719 21.6391869000554 20.3005625614323 15.2649894389039 20.8537549407108 18.5791245791236 18.2939958592144 15.6286258025388 16 15.3241106719374 17.640316205531 24.0019030888588 18.6446452098627 26.0844678670765 23.9985151724281 20.7112742330128
-9999 -9999 -9999 -9999 -9999 -9999 -9999 -9999 -9999 -9999 -9999 -9999 -9999 -9999 -9999 -9999 -9999 -9999 -9999 -9999 -9999 -9999 -9999 -9999 -9999 -9999 20.7841144362865 19.4940711462447 22.3491436100171 20.7801618671175 21.3792584227356 20.8870694522872 21.8176171654496 24.8972332015785 27.3739883305033 25 27.5445134575539 31.2426124600075 29.6190476190466 31.0877093920547 22.968379446642 25.0039525691702 20.3809523809534 22.9821193299455 22.6612083568593 26.7075098814216 22.6926406926417 19.1635610766074 17.7470355731232 17.4496517974786 15.123470732167 21.6190476190466 22.8706945228704 17.5691699604747 23.4664031620569 22.3107472237902 21.6941464332731
-9999 -9999 -9999 -9999 -9999 -9999 -9999 -9999 -9999 -9999 -9999 -9999 -9999 -9999 -9999 -9999 -9999 -9999 -9999 -9999 -9999 -9999 -9999 -9999 -9999 -9999 -9999 21.8045883263272 20.7908484430221 21.0503377459924 17.4857059204899 16.6598280946089 19.0855344333628 24.666875797309 22.6137566137564 29.9487211661138 25.7481021394058 25.4931091452812 24.9369261977967 27.4534370621332 25.2009118096085 25.2235606583427 26.6137566137564 22.9539076060813 23.5458309806139 29.6137566137564 27.4319384319358 20.5642972164714 18.5562038605517 17.2243762678553 18.3241106719374 20.7792416922837 19.2425915469391 24.6506681724072 26.6290440638257 19 21.6126482213398
-9999 -9999 -9999 -9999 -9999 -9999 -9999 -9999 -9999 -9999 -9999 -9999 -9999 -9999 -9999 -9999 -9999 -9999 -9999 -9999 -9999 -9999 -9999 -9999 -9999 -9999 -9999 -9999 20.4794529142388 21.422924901185 16.3957170044086 20.9049082962125 20.347470564859 19 16.850889850886 22.8725348725338 21.3234414538751 21.2280987933046 23.8542359411903 22.3652257565284 28.4176338958918 25.6100131752324 26.4155844155819 23.5903548946987 27.7786561264838 26.8720538720511 26.1106301106319 22.4819415688949 20.8542150281308 19.7326892109479 19.1269004747263 20.2487818139983 21.3679653679666 20.707844490452 18.8513708513761 24.5059288537553 18.5333667942408
-9999 -9999 -9999 -9999 -9999 -9999 -9999 -9999 -9999 -9999 -9999 -9999 -9999 -9999 -9999 -9999 -9999 -9999 -9999 -9999 -9999 -9999 -9999 -9999 -9999 -9999 -9999 -9999 16.1703369094678 18.0430390865156 22.2801932367084 17.2572306920128 17.0962419223232 15.5660957400076 17.7391304347903 15.3790702051595 18.930986887509 26.7936507936504 24.8210050818761 20.5093167701862 25.4158981115491 28.0023840893407 29.8018068887627 26.070079678774 21.3968253968252 23.4267519919687 26.4343434343438 28.8205659075209 23.5928853754943 20.1144990275429 19.8045046740694 16.2540937323534 20.5521048999306 19.1369596586987 24.6781479390183 13.9976159106593 17.494761277367
-9999 -9999 -9999 -9999 -9999 -9999 -9999 -9999 -9999 -9999 -9999 -9999 -9999 -9999 -9999 -9999 -9999 -9999 -9999 -9999 -9999 -9999 -9999 -9999 -9999 -9999 -9999 -9999 -9999 18.7679486375118 22.2105318192238 19.6840035970427 16.1890541020988 14.8785160089461 17.1570571135761 16.6526130873989 18.3321831147946 17.2766798418919 18 20.0270196791939 23.4565531087469 23.7944664031532 32.4021164021194 23.362130622989 29.4872116611225 27.4230085534404 25.1847041847053 28.4446744881541 24.1067193675926 19.7114624505918 20 20.5978835978806 19.5063262019771 15.7093084049543 21.8124516385366 15.7981471024934 15.1256247778022
-9999 -9999 -9999 -9999 -9999 -9999 -9999 -9999 -9999 -9999 -9999 -9999 -9999 -9999 -9999 -9999 -9999 -9999 -9999 -9999 -9999 -9999 -9999 -9999 -9999 -9999 -9999 -9999 -9999 -9999 17.8421900161028 20.4306836480757 18.1664470794971 17.7713365539466 18.3021519543191 20.9834577660652 18.0112721417075 17.9180207875876 20.0837359098216 18.5527741179913 24.5281803542707 22.0032206119164 19.0234226321175 18.1056946274344 21 26.9285609720398 18.6262626262659 23.4154589371994 21.5056360708544 23.8028107158557 22.8748353096181 19.1465378421911 21.0853462157812 19.5691699604747 23.8820084907011 17.997657736788 15.5925925925925
-9999 -9999 -9999 -9999 -9999 -9999 -9999 -9999 -9999 -9999 -9999 -9999 -9999 -9999 -9999 -9999 -9999 -9999 -9999 -9999 -9999 -9999 -9999 -9999 -9999 -9999 -9999 -9999 -9999 -9999 -9999 -9999 20 17.7258297258309 18.4861660079038 23.3732354601894 18.8978605935131 18 17.4191605495903 17.4286969069568 17.6003513394819 16.4143296317202 15.5967124662781 24.1811280506958 18.2213438735162 14.91097308489 19.7691197691231 24.6169772256755 26.4387351778666 24.3338352468827 24.1451784930038 22 21.1996988518728 20 22.6051822573556 18.8758391367097 21.7284020327487
-9999 -9999 -9999 -9999 -9999 -9999 -9999 -9999 -9999 -9999 -9999 -9999 -9999 -9999 -9999 -9999 -9999 -9999 -9999 -9999 -9999 -9999 -9999 -9999 -9999 -9999 -9999 -9999 -9999 -9999 -9999 -9999 -9999 17 17.6844427714025 19.296066252586 14 15.7233201581081 15.8972332015826 14.5429031515996 17.431206474683 21.4156889809052 20.0560470125667 28.7294895120956 24.4824016563133 24.935629587806 24.5238095238101 16.0910973084901 22.7292385553264 25.4179894179884 26.389443085092 22.3733609385823 22.6823932910887 19 26.622247317903 21.0800342974265 17.5375494071133
-9999 -9999 -9999 -9999 -9999 -9999 -9999 -9999 -9999 -9999 -9999 -9999 -9999 -9999 -9999 -9999 -9999 -9999 -9999 -9999 -9999 -9999 -9999 -9999 -9999 -9999 -9999 -9999 -9999 -9999 -9999 -9999 -9999 -9999 17.3316602881759 18.3303009389984 15.5767195767191 17.1968965012406 16 20.3276449798189 17.5852521069904 19.5727670075489 22.9604743083018 28.1852270113133 15.6873915134772 22.0224397180919 25.5767195767191 18.9079825166788 26.3794466403182 29.2759269715815 21.1154192023742 20.6307171089798 18.0927912667038 19.2484681180329 24 16.3665223665218 18.5767195767191
