rasters/Sudan_bio4.asc
NCOLS 202 
NROWS 163 
XLLCORNER 21.809448692 
YLLCORNER 8.681641793 
CELLSIZE 0.0831293288316832 
NODATA_value -3.4e+38 
[rows 126 to 146 of 163, columns 0 to 47 of 202]
-3.4e+38 -3.4e+38 -3.4e+38 -3.4e+38 -3.4e+38 -3.4e+38 -3.4e+38 -3.4e+38 -3.4e+38 219.034912109375 216.840850830078 217.853012084961 220.1748046875 215.834106445312 213.033203125 209.586502075195 207.390151977539 207.857162475586 211.709091186523 215.24626159668 217.846206665039 222.815536499023 226.31494140625 229.173110961914 229.171478271484 230.241943359375 232.706924438477 232.413330078125 235.28498840332 234.796783447266 235.133895874023 237.650314331055 239.785110473633 242.59260559082 239.189895629883 237.848342895508 239.760894775391 240.006790161133 243.337677001953 244.395355224609 242.633163452148 244.108108520508 248.04084777832 250.426605224609 250.744110107422 251.609771728516 252.165985107422 250.442245483398
-3.4e+38 -3.4e+38 -3.4e+38 -3.4e+38 -3.4e+38 -3.4e+38 -3.4e+38 -3.4e+38 -3.4e+38 212.832229614258 210.817398071289 214.057586669922 213.635192871094 215.934539794922 215.513900756836 213.388809204102 210.731521606445 211.4912109375 211.749694824219 211.386123657227 212.613555908203 220.627304077148 223.725982666016 226.936325073242 228.841217041016 230.358581542969 232.490661621094 232.312072753906 232.138549804688 232.331008911133 232.489227294922 235.623321533203 234.862152099609 238.475341796875 233.874328613281 234.892593383789 237.085922241211 239.10986328125 238.250289916992 238.776504516602 238.739898681641 241.375961303711 245.871566772461 246.547225952148 246.872421264648 246.867416381836 247.355926513672 245.836227416992
-3.4e+38 -3.4e+38 -3.4e+38 -3.4e+38 -3.4e+38 -3.4e+38 -3.4e+38 -3.4e+38 -3.4e+38 211.031188964844 212.798294067383 212.01171875 213.346389770508 217.994537353516 217.756942749023 217.522216796875 215.196197509766 213.076187133789 209.735977172852 210.411605834961 215.712203979492 219.556686401367 224.711318969727 227.921813964844 228.128967285156 228.315719604492 230.373916625977 230.772262573242 229.087020874023 232.705612182617 232.170989990234 232.863372802734 234.160888671875 231.9755859375 230.366455078125 234.355911254883 236.154388427734 238.063888549805 236.144302368164 235.23974609375 237.472915649414 241.175491333008 241.820693969727 242.642013549805 243.324066162109 243.440032958984 243.743896484375 242.84797668457
-3.4e+38 -3.4e+38 -3.4e+38 -3.4e+38 -3.4e+38 -3.4e+38 -3.4e+38 -3.4e+38 -3.4e+38 -3.4e+38 -3.4e+38 213.064849853516 214.22053527832 219.408477783203 217.671936035156 214.132141113281 212.362716674805 211.199554443359 211.744186401367 213.59033203125 216.007781982422 219.474517822266 224.808975219727 227.970687866211 228.420501708984 225.697372436523 228.653182983398 231.014205932617 229.03352355957 231.57209777832 232.692153930664 231.640335083008 233.079330444336 230.376831054688 231.308670043945 231.461639404297 233.078536987305 234.843734741211 234.533676147461 234.849166870117 237.665084838867 238.823913574219 239.236587524414 239.428833007812 240.928237915039 241.015396118164 240.340591430664 238.984710693359
-3.4e+38 -3.4e+38 -3.4e+38 -3.4e+38 -3.4e+38 -3.4e+38 -3.4e+38 -3.4e+38 -3.4e+38 -3.4e+38 -3.4e+38 -3.4e+38 -3.4e+38 219.12419128418 216.183059692383 217.764984130859 215.923645019531 214.377243041992 215.545227050781 216.359725952148 218.142105102539 220.502014160156 221.989700317383 225.137390136719 229.137237548828 226.157363891602 227.02571105957 227.592636108398 225.453384399414 229.525573730469 232.574325561523 230.767684936523 229.623062133789 229.680770874023 230.109756469727 228.826019287109 230.495208740234 233.307083129883 233.052139282227 232.905090332031 234.762878417969 236.525756835938 237.102783203125 237.19694519043 237.745330810547 238.080535888672 237.212631225586 236.617736816406
-3.4e+38 -3.4e+38 -3.4e+38 -3.4e+38 -3.4e+38 -3.4e+38 -3.4e+38 -3.4e+38 -3.4e+38 -3.4e+38 -3.4e+38 -3.4e+38 -3.4e+38 220.201797485352 219.217864990234 220.845077514648 217.579666137695 215.249664306641 219.166320800781 217.386352539062 217.897811889648 221.441009521484 220.936431884766 222.979843139648 224.815063476562 227.295654296875 224.787475585938 223.16667175293 227.429290771484 229.368789672852 229.59114074707 228.762832641602 226.642333984375 228.764709472656 228.551681518555 228.421691894531 229.920913696289 230.279235839844 230.862319946289 232.688186645508 233.46647644043 235.280838012695 235.854354858398 234.080001831055 234.407287597656 234.975082397461 233.67756652832 234.079147338867
-3.4e+38 -3.4e+38 -3.4e+38 -3.4e+38 -3.4e+38 -3.4e+38 -3.4e+38 -3.4e+38 -3.4e+38 -3.4e+38 -3.4e+38 -3.4e+38 -3.4e+38 220.110580444336 223.900588989258 221.1162109375 218.790512084961 217.296279907227 220.675430297852 223.554489135742 223.958877563477 223.257141113281 225.444290161133 221.3232421875 219.584808349609 223.174545288086 224.548889160156 225.026275634766 228.05989074707 228.271865844727 227.293930053711 227.823760986328 229.737335205078 229.738464355469 228.834136962891 228.141510009766 227.833343505859 228.475204467773 230.540420532227 231.742630004883 231.377365112305 231.654388427734 231.433517456055 230.844848632812 230.35514831543 231.385787963867 231.156799316406 230.963394165039
-3.4e+38 -3.4e+38 -3.4e+38 -3.4e+38 -3.4e+38 -3.4e+38 -3.4e+38 -3.4e+38 -3.4e+38 -3.4e+38 -3.4e+38 -3.4e+38 -3.4e+38 226.255447387695 225.052429199219 221.610687255859 219.68864440918 218.655624389648 220.364395141602 222.728744506836 228.661376953125 226.637603759766 225.044799804688 225.101577758789 224.497161865234 221.79118347168 221.992691040039 222.143997192383 225.521759033203 227.174743652344 226.884857177734 227.328598022461 228.212677001953 227.87629699707 228.094696044922 228.302154541016 228.571792602539 229.294662475586 229.414215087891 230.478912353516 229.730407714844 230.530303955078 230.540145874023 229.890686035156 227.488647460938 228.506134033203 228.601287841797 227.845306396484
-3.4e+38 -3.4e+38 -3.4e+38 -3.4e+38 -3.4e+38 -3.4e+38 -3.4e+38 -3.4e+38 -3.4e+38 -3.4e+38 -3.4e+38 -3.4e+38 -3.4e+38 223.03141784668 224.126510620117 221.410247802734 218.70979309082 219.402282714844 222.029891967773 222.94841003418 227.173049926758 227.889572143555 227.624725341797 229.30712890625 227.558044433594 218.88444519043 220.482192993164 221.282928466797 222.990615844727 226.649566650391 228.288269042969 228.419036865234 228.955093383789 225.579254150391 226.16047668457 229.103363037109 230.957138061523 230.895217895508 229.431640625 229.265350341797 229.063369750977 228.911956787109 226.826736450195 227.226364135742 227.47492980957 225.739044189453 227.58171081543 226.509078979492
-3.4e+38 -3.4e+38 -3.4e+38 -3.4e+38 -3.4e+38 -3.4e+38 -3.4e+38 -3.4e+38 -3.4e+38 -3.4e+38 -3.4e+38 -3.4e+38 225.675796508789 222.66423034668 220.792404174805 217.745819091797 216.182052612305 215.611038208008 220.933670043945 225.74186706543 227.568344116211 227.952789306641 228.31364440918 227.206985473633 221.995025634766 221.677459716797 223.368209838867 225.732131958008 225.094360351562 225.220504760742 226.878372192383 226.230331420898 223.349014282227 224.279190063477 226.464782714844 228.178787231445 229.805297851562 229.567489624023 228.827270507812 227.943359375 227.595581054688 226.445220947266 225.902450561523 224.489227294922 225.969375610352 225.785949707031 225.514831542969 224.549545288086
-3.4e+38 -3.4e+38 -3.4e+38 -3.4e+38 -3.4e+38 -3.4e+38 -3.4e+38 -3.4e+38 -3.4e+38 -3.4e+38 -3.4e+38 -3.4e+38 228.224258422852 225.399230957031 222.790710449219 221.210494995117 218.801849365234 217.066452026367 220.629455566406 223.181732177734 222.059341430664 223.315658569336 226.7734375 225.722595214844 225.570724487305 227.749694824219 230.295181274414 228.723678588867 226.105178833008 227.199813842773 228.564224243164 226.787673950195 224.304443359375 223.148910522461 227.71875 228.553039550781 229.985763549805 228.888305664062 225.684600830078 224.100173950195 225.082794189453 224.931625366211 224.284332275391 222.439727783203 222.816207885742 223.7060546875 223.002395629883 222.202972412109
-3.4e+38 -3.4e+38 -3.4e+38 -3.4e+38 -3.4e+38 -3.4e+38 -3.4e+38 -3.4e+38 -3.4e+38 -3.4e+38 -3.4e+38 -3.4e+38 -3.4e+38 222.974426269531 221.503890991211 220.68717956543 222.599166870117 220.335876464844 220.452362060547 221.744033813477 222.378326416016 224.607696533203 225.402969360352 224.217269897461 226.192352294922 226.949600219727 228.746917724609 228.267791748047 226.613555908203 225.756988525391 225.109024047852 228.093414306641 225.323089599609 222.960357666016 223.598327636719 228.104400634766 227.272521972656 224.921600341797 224.308929443359 220.799026489258 220.374664306641 221.893676757812 221.727096557617 221.549041748047 221.993545532227 222.293197631836 222.680389404297 221.064971923828
-3.4e+38 -3.4e+38 -3.4e+38 -3.4e+38 -3.4e+38 -3.4e+38 -3.4e+38 -3.4e+38 -3.4e+38 -3.4e+38 -3.4e+38 -3.4e+38 -3.4e+38 -3.4e+38 220.725540161133 223.12223815918 224.353118896484 225.074584960938 225.582427978516 225.94499206543 225.937454223633 225.749298095703 224.071029663086 222.241500854492 223.383636474609 223.691223144531 225.210784912109 225.196212768555 226.915054321289 225.474853515625 224.289901733398 225.876571655273 225.776840209961 225.109100341797 223.398376464844 224.761169433594 225.474014282227 225.98127746582 226.838989257812 220.994430541992 219.771362304688 218.868072509766 218.806335449219 220.26448059082 222.181411743164 222.486526489258 223.268692016602 223.285781860352
-3.4e+38 -3.4e+38 -3.4e+38 -3.4e+38 -3.4e+38 -3.4e+38 -3.4e+38 -3.4e+38 -3.4e+38 -3.4e+38 -3.4e+38 -3.4e+38 -3.4e+38 -3.4e+38 -3.4e+38 225.480743408203 226.366333007812 228.035461425781 230.602920532227 230.130630493164 224.728973388672 222.823745727539 222.332641601562 222.725173950195 222.503280639648 222.615036010742 222.410293579102 223.712188720703 226.38346862793 226.068099975586 225.72265625 225.52458190918 224.702026367188 225.130630493164 224.389038085938 224.200729370117 223.419723510742 224.757888793945 227.781768798828 223.84260559082 219.715103149414 217.792083740234 217.094940185547 220.760055541992 222.668991088867 222.134246826172 222.506942749023 222.657562255859
-3.4e+38 -3.4e+38 -3.4e+38 -3.4e+38 -3.4e+38 -3.4e+38 -3.4e+38 -3.4e+38 -3.4e+38 -3.4e+38 -3.4e+38 -3.4e+38 -3.4e+38 -3.4e+38 -3.4e+38 -3.4e+38 229.82243347168 232.795623779297 229.507034301758 225.923614501953 223.500106811523 222.761322021484 224.001815795898 224.109878540039 222.90185546875 221.394836425781 220.386123657227 223.629745483398 225.444641113281 225.062896728516 224.687683105469 224.335632324219 225.383544921875 224.667251586914 225.100219726562 223.335876464844 222.420761108398 222.41227722168 224.964447021484 232.31803894043 224.738327026367 217.472991943359 219.240280151367 222.47981262207 221.104415893555 220.812545776367 219.765472412109 220.051712036133
-3.4e+38 -3.4e+38 -3.4e+38 -3.4e+38 -3.4e+38 -3.4e+38 -3.4e+38 -3.4e+38 -3.4e+38 -3.4e+38 -3.4e+38 -3.4e+38 -3.4e+38 -3.4e+38 -3.4e+38 -3.4e+38 -3.4e+38 233.070571899414 228.659286499023 226.568954467773 225.836517333984 227.168869018555 227.976013183594 226.376449584961 224.401214599609 222.446670532227 223.057998657227 223.957611083984 224.409774780273 223.235565185547 223.099472045898 223.355026245117 225.718704223633 225.197784423828 223.873046875 223.941970825195 222.931228637695 221.218124389648 219.191116333008 224.830657958984 229.157775878906 219.880264282227 219.214324951172 218.632049560547 218.403625488281 219.573684692383 219.68115234375 220.016464233398
-3.4e+38 -3.4e+38 -3.4e+38 -3.4e+38 -3.4e+38 -3.4e+38 -3.4e+38 -3.4e+38 -3.4e+38 -3.4e+38 -3.4e+38 -3.4e+38 -3.4e+38 -3.4e+38 -3.4e+38 -3.4e+38 -3.4e+38 -3.4e+38 228.842834472656 229.196548461914 229.192520141602 229.395370483398 226.802261352539 225.349792480469 225.179260253906 224.766555786133 222.94807434082 222.523345947266 221.500122070312 221.747528076172 222.647338867188 223.558197021484 224.495742797852 225.606155395508 223.303970336914 223.828979492188 222.742141723633 221.400955200195 220.427047729492 222.202758789062 221.151962280273 219.325576782227 219.92253112793 221.257415771484 218.005020141602 -3.4e+38 -3.4e+38 -3.4e+38
-3.4e+38 -3.4e+38 -3.4e+38 -3.4e+38 -3.4e+38 -3.4e+38 -3.4e+38 -3.4e+38 -3.4e+38 -3.4e+38 -3.4e+38 -3.4e+38 -3.4e+38 -3.4e+38 -3.4e+38 -3.4e+38 -3.4e+38 -3.4e+38 -3.4e+38 226.113098144531 226.886871337891 227.927597045898 227.116561889648 225.568984985352 223.592025756836 223.45979309082 222.896179199219 224.056045532227 224.157638549805 223.355926513672 224.658050537109 225.44172668457 223.604141235352 225.785278320312 225.82991027832 224.8896484375 223.914215087891 220.078659057617 219.495056152344 -3.4e+38 -3.4e+38 -3.4e+38 -3.4e+38 -3.4e+38 -3.4e+38 -3.4e+38 -3.4e+38 -3.4e+38
-3.4e+38 -3.4e+38 -3.4e+38 -3.4e+38 -3.4e+38 -3.4e+38 -3.4e+38 -3.4e+38 -3.4e+38 -3.4e+38 -3.4e+38 -3.4e+38 -3.4e+38 -3.4e+38 -3.4e+38 -3.4e+38 -3.4e+38 -3.4e+38 -3.4e+38 220.091217041016 222.405899047852 225.194580078125 226.934280395508 224.503067016602 221.912811279297 221.594772338867 221.348159790039 222.273635864258 222.00358581543 221.189071655273 221.891250610352 222.46240234375 218.296417236328 221.611526489258 221.720077514648 221.549362182617 222.418609619141 217.921798706055 -3.4e+38 -3.4e+38 -3.4e+38 -3.4e+38 -3.4e+38 -3.4e+38 -3.4e+38 -3.4e+38 -3.4e+38 -3.4e+38
-3.4e+38 -3.4e+38 -3.4e+38 -3.4e+38 -3.4e+38 -3.4e+38 -3.4e+38 -3.4e+38 -3.4e+38 -3.4e+38 -3.4e+38 -3.4e+38 -3.4e+38 -3.4e+38 -3.4e+38 -3.4e+38 -3.4e+38 -3.4e+38 -3.4e+38 -3.4e+38 216.050384521484 217.589126586914 221.612014770508 221.706741333008 219.273544311523 218.709045410156 217.800170898438 217.20849609375 216.825912475586 216.373565673828 217.087783813477 219.167114257812 216.042236328125 217.276870727539 214.934036254883 215.210952758789 218.562316894531 218.300277709961 -3.4e+38 -3.4e+38 -3.4e+38 -3.4e+38 -3.4e+38 -3.4e+38 -3.4e+38 -3.4e+38 -3.4e+38 -3.4e+38
-3.4e+38 -3.4e+38 -3.4e+38 -3.4e+38 -3.4e+38 -3.4e+38 -3.4e+38 -3.4e+38 -3.4e+38 -3.4e+38 -3.4e+38 -3.4e+38 -3.4e+38 -3.4e+38 -3.4e+38 -3.4e+38 -3.4e+38 -3.4e+38 -3.4e+38 -3.4e+38 211.141525268555 209.921600341797 213.68913269043 216.836288452148 215.060424804688 211.867553710938 212.43782043457 212.112319946289 211.86540222168 213.539108276367 214.643371582031 215.081436157227 212.03596496582 211.265716552734 209.901473999023 212.251480102539 215.114669799805 215.677490234375 -3.4e+38 -3.4e+38 -3.4e+38 -3.4e+38 -3.4e+38 -3.4e+38 -3.4e+38 -3.4e+38 -3.4e+38 -3.4e+38
