rasters/Sudan_CLYPPT_M_sl2_250m_ll.asc
NCOLS 202 
NROWS 163 
XLLCORNER 21.809448692 
YLLCORNER 8.681641793 
CELLSIZE 0.0831293288316832 
NODATA_value -9999 
[rows 23 to 45 of 163, columns 104 to 155 of 202]
11.4020227176069 13.9679736378589 0 0 14.9049079754598 0.628287675393414 0.482491040514315 0.511708072649022 1.48284030857231 1.14233432545558 0 0 0.506818319867824 3.67571220312276 2.09509202454019 6.90490797545981 0 0 0 0.587863694348427 2 3.08803073558907 0.00470752596717539 0.804683229059185 0 0 9.51588410374884 8.4703729575389 3.65505983113485 4.88796088197544 2.1657504707511 1 0 0 5.212871287129 5.80369616716131 7.05601955901153 10.4434945028246 14.8841948612035 14.4158415841607 10.9816406487273 11.0772034258642 11.0991010143961 8.09407459150531 13.0899896738107 20.631643685842 14.5801797971213 17.8803680981652 1.09509202454019 2.1059193342657 11.3159509202461 19.7900443418568
5.62335236590796 11.3886594180877 1.55355949705587 0.680419729091201 7.95415477129319 2.9305412136325 0 0 0 3.16177185203021 9.03764502217063 9.94709348235347 0.965346534656234 1.68828585312651 2.79447852760846 1.26744821721736 0.753219340337562 0 0.794478527608455 0 0 0 16.7772277227799 0 0 0 4.54665006377913 4.89316953167814 2 1.14752778958817 1.89212172751071 1 2.21732065844477 0.341584158415588 8.212871287129 3.06409828099284 8 11.0849936220615 10.8996689546278 9.70792079208036 10.3559041487039 10 8.40900807871987 10.1594180890527 8.16380671809469 11.2289831743923 12.4009900990092 14.1917177914133 4.12310939682762 10.8758731701394 8.40493834659203 3.20552147239155
8.10063475672419 7.2499240721531 8.37690578873968 0 0 0 0.301387960881003 0.1704883678553 0 0 0.315950920246314 0.0203334750658103 0 0.592616777014649 2.31595092024631 1.31595092024631 0 1.52970297029782 0 3.62749802587414 0 0 1 0 13.35447670534 0 1.31595092024631 3.31595092024631 2 2.22679645265233 2 1.97341007106911 0 3.24400170078434 5.787128712871 4.21741177185353 4.51928567089687 11.4963554637674 7.57975460123157 12.1085312519025 11.4299793476257 13.9059405940589 11.3044858166811 0.103960396036413 1.93587134787147 11.9846777622568 4.84197898317201 4 2.59024782846762 2.79343072344006 1.11298062321602 2
6.63905424284684 13.147330377205 0 2.19100406973591 0 0 0.440594059405105 0 0 3.26237623762253 2.64327583065039 4.935643564355 0.01477555730916 1.00610459818976 0 1 0 0 0 1.582563931241 0.4263803680984 1 0 0.53192006317193 0 0 0 1.79525299155572 0 2.16186296543708 4 1.47465528761355 0 0 1.54848751746376 3.47230152463068 8.19068517281347 7.43544615197781 9.25962764988189 7.68521836846382 12.4170412439996 10.3060651157135 12 10.7092419364551 8.34076413776577 4 6 4.71319018405018 1.76998420700703 4 11.1173540666945 2
-9999 1.71220312214708 0 0.463190184049263 1.40659357346889 0.658415841584412 0 0 2 0 1 0 1.44713903905874 1.06191155925389 0 0 0 0.463190184049263 2.11386138614023 1.72772277227535 0.0802557249597267 0 0 0 0 0.957708194132966 0 0.463190184049263 0.844378302863086 3 3.56151673449483 0 0 0 0.364590293385178 5.8257304258007 3 6 10 11.5320415477109 5.91057219218809 14.0435673935494 17.1343163457447 11.6153040150596 5.10895644779084 5 4 4.73159509202372 4.67844560529938 3.23482961792997 4.47813278260357 3.9441930389357
11.0416843831646 2.03524570248328 2.01571706250391 0.0929204883672277 0.842996416207517 1 0 1.30149425985688 0.361386138615322 0.647239263803801 3 0.234723318962905 0.647239263803801 0 0 0 0 0 0.130975520865116 7.88174998481544 1.03960396040506 0 0 0 0 0 0 1.66120998602776 1.78170746522581 2 2.7118538540966 2.35385409706475 0.713615379940973 1.04016582639855 1.20257547227088 5.60415780842135 4.52624066087663 4 7.56756059041483 10.6871924922526 11.8750379639185 12.6804197290898 9.28981655834333 2 4.3527607361962 4 4 13.6763803680992 12.8585464374642 3.10652675697048 2.92840004859363 4
8.6089108910883 0 0 0.108774220979442 2.03579238291922 2 9.89323027394728 1.53960396039482 1.2738109700547 2.8212506833493 0.489886411955095 4.01559557796313 2 0 1.23267326732641 0.506362752840098 0 0 0.281312640466434 0 0 0.775663609304804 0 0 0 0 0 0.363831015004478 1 1.82604932272255 3 2.9796057826646 3.19366154407538 15.6679068213565 0 0.714936524323591 2.38021624248589 4 4 12.2232582153907 10.5757607969422 14.2423312883448 10.0063020105689 1.07328554941577 6.74561137093551 11 11.2423312883448 12.2576687116535 13.4009900990146 14.4556885136344 4.04918605357509 11.0787675393307
3.09076413776226 2 6.17399623398018 3.91315373868568 1.5556854765257 0.683168316831177 0.131901840491776 0 1 1.96539209135628 3.4641924315125 1.18776954382771 2.83801555002272 1 0 0.287933547954262 0 0.0698687966962433 2.17874931665226 0.236363360263767 0 0 0 0 0 0 1.86809815950822 0 0.330908704368682 2 3 8.1208011905497 8.85520561258523 3.71329648302694 2.31669501306061 3.31188118811606 3 4.11471177792773 4 11.6145447366826 11.7259612464301 12.1194952317326 13.8680981595082 12.0279414444554 9.37916843831205 12 10.2115653283132 4.56595092024737 9.07901050841276 11.5661179614875 9 12.4305867703355
18.6352426653762 11.073589260764 13.9339731519171 6.82571524023821 5.75157929903666 0.644278078115486 0.0214723926370063 1 1 2 1.83663366336624 1 1.95705521472599 2 3.97852760736299 1 0 1 0 0 0 0 0 0 0 0 1.97852760736299 2.53011298062046 1.99181497904427 0 2.36240357164256 6.91764866670932 10 7.88613861386147 6.79169956872938 4 5.02147239263701 5 3.38269149000787 13.2475247524821 10.0041456599646 7.97852760736299 7.02147239263701 11.8911954079208 11.7799155682468 11.6980198019816 9.01722043369895 9.5107361963201 6.978527607363 11 9.18149790439329 15
9 14 0.352016643381677 1.43950069853366 10.2209955658122 0.911042944785648 4.45116321448023 1.08895705521435 2.39833262467021 0 0 0.0889570552143525 1 0 0 0 0 1 0 0 1.92645629593678 0 0 0 0.202955111462134 0.971375205005251 1.91104294478565 2.43084492498135 3 1 0.500622608268964 -9999 10 -9999 -9999 6.66037477981238 3.49984814432088 4 5.46578691611592 8.93702545101152 5.92821782178256 4.17138431634677 10.7331288343569 10.7123701634031 11.9290985847052 10.2398864119528 13.3296483022533 11.1334355828251 6.9467138431641 11.2751169288718 12.0709014152946 19.3615835509923
21.4477616473318 11.8520014578125 1.84516795237847 0 7.80061349693258 7.47763165887318 4.91215149122294 6.63140071675779 0 1.5905515398176 0 0.206098523967439 2.00690943327406 0 0 3 0 0 0 0 0 0 0 1.75247524752553 1.13322298487498 2 1 1 2 14.7178217821791 12.653966470268 19.5506286825017 9.00296118568903 8.06282269331232 12.5877422098036 2 3.80061349693258 2 3 3.85885014881838 2 4 2.19839944117107 10.8960396039636 18.6345289436957 7.55884407459269 4.07773492073174 8.4999999999983 11.4795754115251 15.4411559254092 13.4428263378491 14.6134210046768
25.6930693069333 9.3267326732573 7.17776225474877 4.21073012209157 1.83257911680877 11.3098159509193 9.69590900807888 2.74485209257056 1 0 3.57743120937932 0 1 3.73159509202521 1 0 0 1.8542944785283 0 2 1.57059770394191 0 1.95049504950664 1.24752475247447 2 3 4.50909615501347 0 9.73609002004319 5.21929478223714 11.9693251533773 0 7.62067970600554 0.921414687480969 13.4773127619517 3 3 0 0 1.20158841037426 3.3098159509193 3.28067484662475 2.69171779141193 9.38156775799975 8.89315434610827 7.21625766871144 11.7845927230764 15.0352760736212 14.8144171779161 13.6039603960415 19.0158689181882 13.2453987730053
12.9539421733583 7.03157079511532 11.9741693494501 10.9396677397805 5.68169531676955 1.84049079754709 1.30396950738174 3 2.57975460122646 1.26237623762253 2 0 0.014562959362276 5.01357589746586 2.96288647269665 0.612540241753638 1.24969628864728 0 1.84396829253435 0 0 0.156031707467802 2 2 2 1.54090991921407 1 5.78155560954938 3.16271335722999 3.57975460122645 9.23707708194345 1.61512178825099 2 2.57975460122646 9.45634149304442 19.001397072219 5.00036445361509 2.22576383405195 2 10.830665735286 2 2.05453137338299 1.42024539877355 0.043688878088978 3.10122699386772 2.40468019194602 5.74826884528882 7.28987730061224 14 16.126905788739 12.0852973334147 15.3162850027337
20.4084613982817 7.94909797728743 10.0209105266356 12.4544888537946 7.30901111583455 5 4.26254327886769 4.17404179068354 0.169607604932653 2.34618538540966 4 9.01629411407471 0 4 3 0 4 0 0 0 0.0919486120400614 0 0.457708194131871 2 2.6863421004683 2.48906639130143 0 12 3 2.53067484662661 3.48601409220333 5.53067484662661 1.46235497782846 0.0604233736257572 1.58229059102178 2 12.4693251533734 9.93865030674678 2 1.68567393549219 2.57178217821762 0 3.99737289679896 6.42502885259607 4 3 4.59900990099081 7.2346625766859 12.5891848387359 11.3090718581044 16.5182226811643 17.0487912288161
13.0823209621618 14 6.34290530280063 3.3073710745316 7.27183684626257 3.74638583490124 3.35863755087187 1.64110429447797 1.4608819777689 2.52710623823081 3 5.7656715057957 4.71007714269306 1.79447852761016 4 4 0 2 1.0766871165661 0 1.40779323331185 1.04760675454117 0 1.27955111462154 22.0034319382867 8.35889570552203 6.66862054303941 7.48019801980429 9.31819838426019 2.74237684504575 2 3.41285002733306 2.96610581303635 2 7.59058191095164 4.35889570552203 8.0519953835845 17.9405940594076 1.60891089108955 1.64110429447797 6.12377756180573 7.96624248314378 5.35711899410861 9.28811577476262 4.92715483204827 6.76248253659463 8 15.8205521472384 8.35889570552203 6 14.6764259248021 20.3491921278025
10.4258640587987 6.75153374233103 4 4.14881856283601 3.21051752415282 0.513424041790126 5.24846625766897 2.46039603960518 1 2.81672538419437 0 2.70316770940766 4 0.651081212415847 0 2.91758792443694 0.858546437465792 1 2.41749681102909 5.1617111097487 2 2 7.00615015489259 21.5962613132482 24.1992498329579 7.67821782178182 5 8.49003826763162 6.15375387231942 1 0.227555731031489 0 10.4770546073015 1.08768146753366 6.80442507440915 3 2.24846625766897 17.6232764380732 1.44521047196728 2 2.24846625766897 7.54425074409354 10 11.5952742513561 5.85239628257183 11.2699842070113 5.75153374233103 13.8757668711651 16.702332503191 6.22694830832841 15.5989947154218 9
7.50402417542713 7.86948004616233 4.95544554455412 9.86196319018239 3 2.77405393913687 3.48218732916216 1.46511875113698 3 0.690184049088046 3.55770515702172 0 0 0.138036809817609 2.69352487395913 0 0 3 4 23.9071402539046 28.7662941140703 25.8722134483373 6.14145356253575 21.73133693738 9.61595699447322 7.10816679827755 7.05808479621048 12.4031768207557 3.73703152523709 0 0 5.2834841766465 6.01280143351717 2.11386138613853 11.5154892789879 3.90501427443206 6.50779019619861 21.7095912045164 0.391089108910452 3 2.96798882343218 6.01298366032945 5 2.12368644840137 2.86196319018239 5 5 7.43098159509267 10.9446486059636 12 9.68701026544189 12.786703516976
9.05097795055518 10.9440411832612 7.94355524509577 0 0.0209105266352845 0.683168316831177 0 3.88047439713587 0 0 3.78592905302855 0 3 0 0 0 0 1.54268663062686 4.05125129077267 19.9648757820571 21.7158932150941 0 23.969537751321 8.58033165279894 3.22277227722771 4 8.56321751807032 15.3972088926675 0.0683350543632502 5.55232946607379 7.80945149729847 0 0 2 1.212871287129 7.66912166677082 8.86339063352577 6.66365486241648 3.01079693858942 6.41201482110908 5.96534653465794 2 10.9725293081459 8.02760736196284 5 5 6 16.5000000000017 6.01107027880701 9.98072951466953 16.8026331774275 6
5.15346534653335 9.04994533195494 0.0445544554458822 0 0.242574257423413 0 0 0.5432181254954 1.43857437891571 2.02959667132552 0 0 0 0 0 1 3.53770576444285 4 23.3714693555276 24.0086405879854 8.68978922431887 0 2 0 0 6.34617019984384 10.5312367126273 0 0 0 0 0 0 0 0 4.94300856465947 2.58910891089347 17.1133754479736 1.71739658628308 4 2.01599040272145 11.0034471238533 4 4.88742938711388 4.18615987365399 4.9421885440072 5 15 10.4506013484831 4.69801980197924 12.7478284638271 3.17817226508006
6 1.01052359837174 0.0172204336998756 0.165507501669964 0 1.80674846625842 1 0 0.0698384255603593 0 0 0 0 0 1 0 0.413290408793718 4.80674846625842 9.17803559497183 24.9769331227756 2.05346838364609 6.10213812792086 0 5.8404907975505 0.193251533741583 4.80674846625842 0 0.512148454107825 0 0 7.45339549292093 0 6.39341250076234 1.1404361294996 1 2.25160967016748 2.19325153374158 12.3953866245526 13.2688301038682 3.80674846625842 3.15594059405863 4 2.80674846625842 3 5 3 10.1157595820929 12.1932515337416 14.6134969325168 6 14.8164672295471 4
4.48259733949067 7.40917511996634 0 2 3.28483569216246 1 4.13380003644491 0 0 1.81730243576579 0 0 0 0 0.0706584462125186 2 2 0 9 9.08268541578129 2.57566968353209 2.78527607362141 2.81534349754065 2 0 0 0 4.20269695681189 0 0 6.69631901840535 15.2270090506001 3.99416874202774 7 0.696319018405353 1.89397436675489 9 9.09144748830667 11.7175788130963 2.08869890056442 1.05863147664478 5.11425621089763 10 3.92761039907889 5.74869404118098 11.6980198019816 14.8180920852822 14.3481595092039 10.1217730668785 17.6963190184054 14.5066512786249 10.5116017736743
0 7.30519953836195 5.54777379578536 0 0.970342586404267 0 1.4405940594051 0.316148332624038 0 0 0 0 0 0 0.192704853307085 2 18.0342434550196 15.4141104294477 8.21753325639349 10 3 0.0922523233932223 0 0 4.1305199538359 4.07557857012648 16.8349025086564 8.3638310150053 1.91196926441886 0 9.5692006317216 14.8011449918114 7.39890967624255 0 0 0 11.4141104294477 1.66464192431434 11 11.827795663001 2.3341584158411 2.86698961307101 17.0008503917876 11.7920792079272 10.3435582822092 17.5781145599232 14.833945817895 14.7070552147249 11 15.5858895705523 12.3300583125794 5.04305108424961
0 0 6.49883071129201 2.52453987730078 0 3.05328615683552 0 0 0 0 0 0 1.04737897102639 1.06355160055859 0 0 6.65660875903613 8.5066209074902 8.62871287128659 8.65399684140294 0 0 15.217852153312 0 15.9618538540968 14.3557522930206 18.2698019801988 3.85276073619535 0 0 3.90392091356455 1.4354461519781 0 0 0 1.17888598676074 8.78447123853608 14.7273127619504 11.6335115106605 20.8166190852204 8.69618234829468 1.47546012269922 15.4731063597156 10.480562473425 3.09650428232903 11.8564204579974 13 12 13.3813096033574 6.69801980197924 12.7275101743311 6.95057097734305
