rasters/Sudan_SNDPPT_M_sl2_250m_ll.asc
NCOLS 202 
NROWS 163 
XLLCORNER 21.809448692 
YLLCORNER 8.681641793 
CELLSIZE 0.0831293288316832 
NODATA_value -9999 
[rows 44 to 65 of 163, columns 50 to 99 of 202]
95.7929447852761 94.4009900990102 94.2890572799613 95.5510235072587 95.9390906882098 96.5879396221839 96.5632782603421 94.3435582822092 94.5858895705523 96.1619540788441 98 95.8988033772703 95.5968383648184 98 96.0667101986273 97.5771882402958 98.5365820324369 96 96 95.7437435461325 96 96 97 95.1717791411046 95 94.8179706007411 94.9692492255363 93.9282481929176 94 95.1747099556592 95.6896525542119 97.0314644961407 98.2718064751275 99 100 99.0143503614168 93.0266506712013 93.6929174512554 92.8462764988152 96.7483144019928 96 98.0264836299601 96.2001305958816 97.2722772277195 96.0760341371594 96.9815495353208 95.1717791411046 96.8201725080478 99 100
95.2868098159512 94.4951406183563 96 96.7970297029697 96 95.0073042580355 95.9598949158718 95.724609730913 96 95.4754601226992 98.7429235254812 96.3291775496565 96.2126435036125 96.6257516855983 96 98.467669926501 99 96 95.8658355099315 96.3433001275605 96.7528548867144 95.5792079207906 95.1687875842801 97.8940806657353 98 95 99 96.082381704428 98.6539968414013 95.9767205248126 100 100 98.9697959059698 97.3648332624666 99.2572131446289 93.9835236591141 93 91.8366336633679 95 96.3036354248922 96.2188999574801 96.5245398773008 97.3130504768268 97 97.5927990038274 95.9788161331461 93 100 100 99.6916570491403
93 96.3650306748462 96.1884225232348 96.4939105873778 94.2079207920797 97.9981929174507 96.270971268905 95.2699386503077 95.6349693251539 96.8572404786487 95.3650306748462 96 97.4900838243321 99.787128712871 99 98.3744609123492 97.0307204033284 99 99 96.2420427625566 99 97.7885713417975 98 96.6479377999147 97 94 96.925742574258 95.5717214359479 95 96.6287128712866 97.2986241875718 93 92.121074530766 92.1477403875367 95.0334689910685 92.0126495778414 92 93.3053969507382 91.8973455627781 96.3650306748462 95.6573680374167 98.1188118811845 95.8843467168803 99.6349693251539 98 94.3144931057553 96.5398773006154 98 96.1603140375393 96.9469112555423
95 96.4009900990102 94.6039603960381 96.2029702970303 95.7453987730052 98 96.2306535868318 89.0123762376255 97 98 96 96 95 97 97.6605266354847 98 98 99 99 99 98 98.4611249468514 99.8273249104046 97.1660541821051 96.6531464496136 96.2546012269948 96.7453987730052 98.6162455202569 97.8147208892658 96 93.7453987730052 94.3394429933828 96.5018374536851 94.4796968960675 89.320202879184 98 97.9520287918377 96 93.1336026240668 95.9079906456901 98 96.996340278193 96.1676334811402 98.6263439227348 97.8929873048649 97.6895006985326 96 99 97.4723926380312 98.6910344408639
94.0720858895709 94.9421885440075 97 96 96.8708163761156 95.8523051691655 94.9195013059584 93.474640102046 97.3941414080059 98 95.9293415537869 97.0592388993505 97.5889114985108 98 96.2580331652805 97.7032284516776 95.0962916843824 96.8432393852873 96.2821782178217 95.4704033286741 98.7923069914357 100 98.3217821782182 97.7772277227723 96.8762376237626 97 97.8558282208583 94.0041152888286 98 96 94 94.4306930693074 96 94.8008716515813 94 96 95 96 97.2245489886414 97.0920700965806 97.5396039603965 98 99.9050750167037 99.6724017493764 97.1228664277478 97.8558282208583 98.4311638219012 99 100 97
95 97.9864696592364 92 96 96.033742331287 97 92.1246279535922 95 94.966257668713 96.3720464070968 96 96 98.9767812670847 97.033742331287 96.8899805624732 95.0813339002598 97.918681285307 96 94.4546862661721 96 94.9792717001701 94.9946546801923 96.6890755026415 97 96.0295663001872 94.0239172690268 97.8945058616309 95.8325791168074 97 98.3423889935022 96.5118295571903 95.5500971876332 95 93.2664155986151 96 95 97.0643564356417 96 96.2217244730591 94 97 97 95.0222164854514 95.7287250197443 96.4826125250568 98.9539421733564 96.9473820081393 93.8465346534649 96 96.9781175970366
95.4233128834356 96.0459363421004 96.6980198019809 95 96.0959879730306 95 96.1635333778781 97.6683623883869 93.2920792079204 94.9700085039178 95.9624157200996 94.5754419000174 93.0239172690276 96 94 93.9862874324231 95 76.82409038451 82.8249863329892 95 95.9631749984817 95.8537326125277 95.3217821782182 96.0170837635911 93.3819170260581 95 95.0766871165644 92.9034197898319 94.8252900443433 98 99.9593786065723 95.9233128834356 93.974184535018 93.8466257668712 97 99.1086831075751 98.82173662152 99.8466257668712 96 95.9233128834356 100 94 94.2910921460242 95.2425742574269 96.1325548199001 94.8821751807064 94.873033468991 95 97 96
92.9064417177913 94.0750318896922 95.5674087347389 93 95.9154923161026 96 95 94.9638735345928 95 95.8860626860233 94 93.4788768754166 95.5513120330431 94.212871287129 86.8063688270675 92.012072526272 95.9651946789805 87.8128834355825 93.2293779991494 94.1871165644175 97.5774615805117 95.5792079207906 95.5513120330433 96.8189121059346 94.93664581182 98.0201208771178 93.9396373686454 94.8453046224865 95.5231276195147 93.5110702788064 97.2354066695029 95.8934732430298 95.8749468505132 96.8108637550861 98 97 98.9356435643583 97 97 100 100 96 96.2776681042334 99.1417269027517 95.4205187389922 96 96.9455445544553 96.1534653465351 96 95.9444208224501
93 93 95.5801797971216 94 96.5984935916914 96 94.8678551904261 96.7024539877312 95.4158112130225 93 93.6359260159143 90.7496203608116 93 80.1698505740121 94.732673267323 93 93.8116534046043 92.2430450100212 93.7779414444502 99.4346868735983 96 96 94 95.2312610095357 95 95.0173874749433 94.9699325760798 94.5807416631245 93 95.8895249954446 93.2975460122688 94.4306930693074 93.8280841887855 96.2975460122688 96.133663366336 95.7024539877312 96.6572465528785 94.412303346897 95.4818532466739 95.7461428658201 95.8394429933796 95.8335509931373 97 96.4679432667192 96.4411103687054 94.5685780234432 96 96 95.2524752475255 95
94 93.3546285610149 93 94 95.8960396039602 95.5940442203727 96.5363390633531 94.7760736196293 96 93.9280204094033 92.4900990099013 96.4214754297498 96.776665856769 93 91 93 89.6916722347062 94.4835844013835 91.8499362206148 92.7743272793559 94.804090991922 95 94 95.4601378849535 94 93 94.4079754601236 94.3161787037595 94 92.7435005770512 94.4001548927889 94.4079754601236 94.5920245398764 94.1377482840315 93.487107453077 93 93.9356435643583 93.5046923403995 93 94.2605387839404 94.3194587863693 94.3311820445833 95.4079754601236 95.9010356557122 96 96.636578995324 98 94.1534653465351 95.4425529976299 97
91.7407975460121 93 94.3960396039619 95.7970297029697 97.5893822511085 94.5184049079758 97 96 94.8593360869832 93 93.5184049079758 98 92.9631901840483 90 94.4635698232403 91.5107058251835 90.3974366761833 93 92.6278776650668 92 95 95.2181406790995 94 94.1072860353519 95.0596033529732 95 94.6256909433269 93.9165553058375 92.8688726234595 93.6287128712866 93.4815950920242 92.3460335297326 94 94.1206189637377 93.0692917451251 93 93.450601348479 93 93.3823877786552 92.6689394399559 93 95 96.1887414201545 96 94.5875447974253 95.9769027516238 94.5360505375689 95.5611522808722 96.6124794994838 97.2993834659538
93 93 97.4389388325339 96 96 98 97 94.4357650488981 95.737244123185 91.2260068031338 94.3279930753806 94.8879305108438 90.5223227844265 94.4156897284819 92.4005041608457 92.3749924072167 90.6402842738242 96.0520257547208 93 92.371165644172 95 94.628834355828 96 98 96 96 95 94 96 94 95.6508838000369 92.6420002429695 93.371165644172 94 95.5447822389604 95 94.9356435643583 95 93 93 93.1708831926137 92.9806080301267 93.9275496568059 94.8474609730906 94.6821205126649 98 97.371165644172 96 97 99.1304592115652
92.5 96.2607361963189 95 95.1058434064268 95.1039603960398 97.7356040818795 95.2116868128527 95.8069306930701 94 89.7131142562113 94 91.0464678369672 90 91 90 93 93.7291957723403 92.8168316831671 92.7913958573772 94 93.2710623823132 92.4281874506459 93.5013818866547 92.2026514001093 91.7715331349086 92 91.2607361963189 95.9548229362814 91.2607361963189 93.5615926623335 92.6523264289625 92.8398681892731 93.3316831683174 95.2000698536107 94.5416388264604 95 95.0167800522378 94 92.8060347445784 92.7392638036811 94 94.6742847597629 96.2607361963189 97 95.9625675757758 97.7392638036811 98 97 98.3815525724355 97
96 95.6592814189397 94.1049170868017 93.9694921946179 97 95 96.2302283909389 94.878712871286 93 94.7581698353866 92.0766415598621 92.5891089108901 91.3118811881195 89.1567606147093 89.133192613741 93 98.0715088379996 95.8168316831671 95.5020348660615 92 92.4416722347098 94 94.6246431391598 93.2671293202963 92.8948399441174 92.9752475247532 96.6993865030649 93.8496932515324 94 95 94 92.1503067484676 95.2818289497662 94.0349723622674 95 93.9947913503006 93.8593664581167 93 92.7770606815282 94 94.9307993682799 96.4753234525884 97 96.7938862904689 97.9568426167763 95.0891089108952 96 96 98 97
97 95.0159904027217 95 94.9919060924495 96 95.9952469173283 96 93.8069306930701 95.3203091781574 91.0155955779632 91.0588896312948 90.5983872927163 90 92 94.0398773006145 96.0398773006145 97 96.0073042580334 97.2596732065838 94.747175484413 94.5006529794108 95.1751958938201 95.6640041304737 96.9291289558386 96.8811729332445 96.9601226993855 96.9970388143108 91.9601226993855 94.9891423191397 93.6583247281786 96 93.58648180769 93 94.7367278138836 93.9946698657595 93.001381886655 93.2033347506513 94.2803407641335 92 97 97.4603960396035 97 96.0398773006145 95.9806535868305 94.9259703577701 95.9554455445524 96 96.8526544372226 95.787402053089 97.3633298912711
95 96 93.0492467958449 92.9437678430425 94.0705521472387 93.0046012269953 93.912576687116 89.0705521472387 89.2215270606817 90 92.9654224624919 92.381901840492 92 93.8426623337173 97.8861386138613 93.0705521472387 91.1547105630795 96.1831683168329 94 93.6188118811913 96 97.9591356374906 98 99.2776073619627 97 95.0688058069606 94 92.1610429447852 95.9615805138802 94.4338061106723 97 95.4003067484669 98.3082822085897 95 94 93 93 92.8481595092039 95 96 97 96.5199386503054 97.0240994958389 97.0342282694526 99 96.0445544554476 97.9493865030673 98 97.7475247524745 97.3266871165641
94 92.1084097673568 94 94 90.7338729271702 90.0049504950511 93.9829769786794 95.2280112980613 92.8190184049084 92.5012907732502 97.5985998906635 95.6634726356061 94 94.1677094089788 97.8396252201911 97 95.2499088865932 95.8190184049084 95 94 94.0324363724762 94.2684808358149 94.0700358379392 96.8593360869832 98 96 94.0134392273582 94 95 95.8190184049084 98 93.6896221830771 95 95 96 96 93.4557340703361 93 95.128879912532 96.5884407459154 99 97 96 97.9560985239627 98.8450009111346 96 96 97 98 96
92.7714723926383 92.7085889570553 93.4946091234896 92.2621180829747 93.1039603960398 95.995049504949 96.0548198991681 97 92.7937040636578 92.5946212719428 93.1485907793232 97 94.7790044341853 95.8491617566662 97 97.7129168438321 96.9158415841592 96 94.6263591083037 94.396647026671 96.3402630140295 95.9605934519852 95.7719887019374 98 95.3791076960455 96 95.4604567818744 94.6363056551055 95.7879335479557 94.8918028305897 96 95 97 96 96 93 93.2914110429447 92 92.5226720524811 95.5474852699991 97 96.5594059405922 99 99.2914110429447 97 97 97 98.7995353216297 96.0389357954192 100
92.5 93.4009900990102 92.8786521290166 94.960153070522 96 96.6001488185626 96 96.1154862418751 94.7079207920796 91.6089108910875 96 93.8348873230874 97.6881188118805 96.787128712871 96 95.4018404907984 95.4687025451012 96.0736044463349 96 94.3811881188087 94.102047014517 95 95.0631719613674 96 97 96 93.5537417238652 97 94.1094120148207 94 97 95.2576231549534 96 94.6916570491404 92.4018404907984 96 95 93.3361932819063 94.0340308570734 96.6386138613864 96.7246097309124 94.6653860171309 96.2645781449317 96 96 96 97.8036809815969 96.9082032436371 91.1602229241376 94.5412136305605
94 91.5990099009898 93.6980198019809 95 97 96.5146844439058 99 96 94.9928324120753 92.8092540849171 94.4900990099013 93.6314614590316 97 96 97.1721891514307 94.4880945149725 93.4466834720281 95.9061683775733 96.6322814796813 93.1859169045722 95.7540089898573 95 93.652569398044 95.5068031343014 94.4243303164667 95.5116625159454 97 96 93 93.3066421672836 95.229377999149 95.7899380428841 94 95.1191915203799 94.8663366336641 94.5291714754306 90 94.9754601226984 93.3778624794996 97.1263439227356 96.9613679159323 97 96 96 96 96.0234465164317 95.5156259490976 89.5871196015313 93.9816558342944 95.6591599343974
93.3113496932514 94.0279870011548 95.2633632995206 97.4963099070637 96 97 96.9645113284332 96 96.6226993865028 96.7683897224097 92.8076140436129 92.2327340095981 97 96 95.8431786430175 96 96 94.9308904816857 96.1064660146996 94.6146662212215 93.8038783939732 94.0601196622755 96.0666038996525 95.3773006134972 96.0466956204823 97 94.6226993865028 94.1386594180895 94.2745702484366 94.7687997327338 94.8001427443353 94 94.0456174451797 96.0568395796618 95.6226993865028 93 91.0886381582918 96 93 95.7749650731947 95.2866883314094 98 95 97 92.2329617931133 94 92.3906639130173 93.8465346534649 94.65600133633 99.7553149486724
94.6334355828224 96 99 98 96 98 97.3358288282825 97 96 94.2668711656448 94.8639221284089 94.157216181741 96 95.7899380428837 94.8773765413347 95.9851485148503 95.3510295814856 97 96 95.1651430480483 94.124779809272 95.8877027273273 97 95.7331288343552 95.3576049322727 95 95 94 91.4664854522255 94 93.8744912834841 93 93 95.5625493530934 94.1959849359158 91 92.7503037113517 93.8964951709873 96 93.9158415841592 96 95 96.9088410374779 95 94.7331288343552 91.7895735892628 96.7331288343552 98.6206189637361 98.2811607847885 95.0491101257365
