rasters/Sudan_SNDPPT_M_sl2_250m_ll.asc
NCOLS 202 
NROWS 163 
XLLCORNER 21.809448692 
YLLCORNER 8.681641793 
CELLSIZE 0.0831293288316832 
NODATA_value -9999 
[rows 88 to 109 of 163, columns 50 to 99 of 202]
94 86.1094727570916 93.6959090080806 90.7857164550812 91.5460122699378 94.729241329042 95.1532679341543 93 87.9686418028321 73.4426744821712 94.4900990099013 75.6581880580688 76.9537295754126 79.3095122395681 94.2056581425018 93.2689515884096 67.9823239992731 92.5141681346081 87.3225262710305 89.2379274737295 90.1310970054051 89 87.766066330559 87.2121879365847 93.7607817530223 77.4224776772174 83.3269908279163 82.2205703699201 91.9336542550007 88.5864362509883 86.9080665735282 91.0255573103339 89.8175454048477 91.2094849055451 95.6663123367558 93.2635455263312 93.3604142622887 93.1633663366321 90 86.1828190487751 89.398697078296 74.7985027030259 84.1112494685044 90.7269938650311 84.3386685294342 86.7269938650311 94.5141833201723 82.1195407884338 92.377862479498 89.0745459515261
74.191717791411 90.4769179371926 91.2676456295938 89.4082488003389 87.0640982809939 91.9981018040449 90.0360657231369 96.2331288343561 87.7285579784972 91 88.187921399502 82.6367764077027 67.7433487213767 88.5146844439046 93.9617475551236 89.7703334750653 86.6684535017916 73.0170989491562 82.2382919273524 76.8534896434389 91.616564417178 89.2110490190108 86.0887292717013 90 86.5258610216858 87.3739446030494 84.6995687298774 74.383435582822 89.2790348053215 86.7752839701143 89.5069246188424 89.7021350908095 92.2774858774219 87.7595669076131 93.1507167587931 94.4180890481692 93.6015610763536 89.0626404665 89.9095851302918 82.7448217214356 81.3630717366222 81.299353094819 90.0603018890849 91.2445180100818 83 73.3284941991105 72.7795663001881 80.7700297637131 79.9411407398406 84.4973273400962
38.9815950920212 82.2275101743357 88.2041547713072 90.5036445362334 93.4425226264947 92.4963706493346 89.7078600498053 83.3154346109481 89 86.308191095183 79.2257638340509 89.2909402903469 76.4697351637018 85.6138765717077 91 90 87.0292929599682 82.5038875053156 83.1516278928525 91.3132023325055 90.4997570309177 88.0122699386525 85.5359442385985 85.9145204397787 88 89.5183593512733 87.6161544068517 79.7072070703988 68.3437860657203 85 69.1548168620485 85.7118538540966 88.3300583125787 92.53750835206 93.5615167344942 93.5114043612943 94.5379183623885 90.7501822268102 88.4970843710133 79.0987517463413 79.9363269149105 78.7824060013359 82.9835844013846 77.6073467776206 69.8792139950223 74.4053028002136 65.894111036866 78.7353914839352 70.7506226082729 72.6674512543261
71.5935582822066 84.3957055214711 87.1871165644132 87.5940594059394 91 90 90.1322966652456 88.4721041122498 84.7198718338099 86.8452438802161 80.4900990099013 86.4965984328518 86 90.9200479863915 82.6234282937485 88.9941231853242 89.4868341128616 81.3369677458605 86 89.6115379942856 88.809982992166 86.3706189637328 87.8585312518965 85.7772277227723 90.0747889206099 87.7666585676954 74.8716515823395 85.15387535686 82.7845167952398 85.751214845412 85.9254084917689 87.7397345562769 88.6732673267302 85.4683229059085 88.6571858106065 83.1320536961683 87.3957055214711 91.767660815161 86.3419182409047 81.2183836481811 75.047864909191 79.2213600194361 87.8626617262935 74 74.6611036870573 73 71.3412500759264 74.6699568729854 70.1865546984104 82.1756818319905
85.7147239263803 85.4009900990102 85.997782907126 87.6912166676803 89.3104993014635 81.5726781267092 79.3121089716336 86 87.1607392334327 83.9378606572323 82.1398135212295 82.7811000425204 82.8486606329346 83.9085828828281 84.2852760736197 92.7295754115301 83.5376146510346 86.6859169045719 87 85 84.4801980197992 91.1355160055897 90.3217821782182 89.2852760736197 88.6943145234768 85.1163518192321 75.7866579602785 73.3478557978501 82.4798791228806 83.7193555245088 82.563612342829 87.7372744943207 90.6683168316826 86.5926775192838 76.7813126404682 78.09407459151 79.4637216789323 90.8751290773349 86.2852760736197 92.7058251837458 88.1751199659838 67.6808297394166 90.3978922432115 87.2852760736197 89.6541183259413 69.4167375326483 72.1411042944788 72.6714146874801 71.6062989734553 61.4362206159264
86 82.6691216667676 76.6980198019809 85.2029702970303 88.4969173297698 77.1946486059709 72.8995930267892 89.4909949583926 85.4669106481208 80.5024448763883 75.3648028913337 86.163077810852 81.5678035594967 81 87.9589230395435 86.3593512725509 86.7557097734321 84.1748466257666 86.3583490250864 89.7585039178773 88.5198019802008 82.7330529065116 87.6503067484667 88.5844317560587 85.8272034258656 75.1461914596373 67.9484905545752 86.2891028366637 79.6314462734531 84.1748466257666 87.9073832229849 86.4697655348355 89.2736894855135 87.9593178643016 91 91.8251533742334 91.3789406548196 84.7133116685944 95.3046224867872 91.1748466257666 80.5685932090138 90.3077507137173 90 82.1071189941065 73.8383800036433 67.118082973947 64.2053696167155 79.1266324485213 69.8692978193528 80.2450950616544
83.5322085889572 69.6117657778045 78.3019801980191 86.1254783453807 88.9209135637492 75.069686569886 76.22289376177 86.6905333171356 79.3564963858348 84.1340430055324 79.9869555973995 84.2311547105614 84.5835813642724 84.5641438376979 93 89.0138947943886 86.044675939988 85.8168316831671 87.018177124461 87.421050233855 81.6374142015403 83.8711656441711 92.020728299824 92.5187389904633 88.7474032679337 85.0875751685594 73.208148575593 85.8934884285969 83.4085676972633 84.6765474093419 75.7461580513868 85.0366731458423 88 92.3019801980156 82.1808601105506 81.2554364332151 83.4769179372098 88.3162090748921 92.2285731640651 90.6386138613864 87.8911346656127 85.1111583550959 87.7008291319934 73.2425742574268 70.6265109639779 72.0388143108807 64.7183229059093 87.054531373383 63.8810210775719 74.8846352426666
91.5230061349693 81.5898985604079 76.940092935674 87.2489825669689 83.7675697017553 80.8621909736987 81.9539877300614 81.0371287128713 87.1966531008942 85.5808935187982 86.4440867399627 86.3459727874638 85.9712992771669 85.8159509202455 91.1138613861387 86.9249681103055 85.7934155378742 90.5876510963956 83.6044463342037 81.0690791471689 85.4341857498605 88.5792079207906 68.9227813885684 80.7619662272976 82.2687389904642 81.0212597946919 75.8125341675273 79.6313703456239 89.7597946911328 85.6287128712866 79.5866944056361 89.0926015914467 90.632615562171 91.0353064447548 86 80.9095699447246 82.8748253659745 92.2310484115959 84.1449917997921 88.8735649638578 83.9291593269757 81.6256909433257 86.286536475734 70.6082427261107 67.4579663487839 60.9030097795096 59.9687329162358 81 77.1720676668902 87.9649365243256
80.2346625766863 82.0733311061167 74.4943357832732 88.907064326065 88.9837362570613 76.9378758427954 73.3423130656613 84.6806930693081 80.9620968231772 87.6089108910875 82.05280021867 90 93.5804683229058 87.1564417177908 87 83.1689698110921 87.227434246491 84.9713448338698 89 79.4165249347063 89 89.4015215938778 79.1061015610759 93.436235801494 82.104400777501 84.1734495535433 78.8647117779224 79.8538389114986 77.4574348539171 85.2551175362943 81.9264259248015 90.2238200813939 88.2279049990897 89.120041912166 88.7326732673281 78.7202059163023 86.7691338152247 76 65.0084583611755 82.6951497296969 59.0896252201893 62.7873413108163 65.3415841584156 67.0379487335237 83 81.2404482779523 84.9235710380861 87.934869100409 91.4089169653164 86.602047014518
81.7668711656448 76.8672477677207 79.7331288343552 85.8313490858307 80.3430875296126 78.7367581850215 78.9212476462375 84.1930693069299 85.4937891028376 89.3329587560007 85.7331288343552 82.5813035291267 86.1746795845249 91.2100619571164 83.153009779506 86.2777592176411 91.0616989613066 83.0162181862328 75.5424588471106 84.8056095486895 82 55.121287128706 84.8592146024418 77.0444177853364 80.5186326914898 74.4383010386925 75.1449462430893 82.606101561076 82.3992285731615 76.4851485148537 87.7530219279599 92.9866822571817 87.5916600862611 89.0567029095534 92.0979924679579 85.0508109093127 83.3012209196376 76.7604628561041 71.8686752110792 87.7041699568746 70.9149304500999 76.8489947154337 86.4827036384618 84.2425742574268 85.2668711656448 86.01189029946 89.1978831318719 87.3348265808154 86.1321144384376 90.9863937313966
78.8113496932518 91.6226993865036 81.8872775314347 85.5036900929357 78.6244457267813 84.6196167162724 83.9290226568666 84.3822511085477 86.3306201785832 89.243530948188 80.1127983964049 86.222271153495 91.0511905485031 92 92.6656593573473 87 87.8634361902459 86.252277835147 65.9420974306019 71.1438225110841 77.9753386381548 73.0272125372097 80.9315282755251 80.7225596792806 68.2068426167768 83.0742574257403 83.8470813338986 84.6880732551786 85.1785822754065 72.229028731092 85.8475976431986 81.8908916965326 86.4667284213054 89.5221861143174 74.9210654194237 87.0431573832238 76.7113375447953 77.6349237684438 82.2623762376242 82.4977373504217 63.2487699690193 84.3246978071967 79.1786126465418 84.2262497722152 85.6462673874734 89.3436797667477 84.4584826580816 89.4728633906334 84.8061410435532 90.0265291866622
85.4631901840501 84.0146996294717 77.9860748344753 86.4927109275347 88.9780112980629 90.5001670412483 89.3968748101786 82.1732673267324 89.4417026058427 78.0815009414994 88.8401719006229 90.6035655712796 84.3525025815459 93.1090475611979 90.48773006135 86.4801220919635 87.5102047014515 85.1831683168329 70.1445514183319 57.1886199356238 73.4405940593975 85.3070369920416 72.6525693980445 72.7772277227723 83.6575350786601 81.0247524752468 82.3240296422265 76.2223470813323 85.2578509384688 88.7024691732975 88.4631901840501 81.0831713539477 82.4826580817613 81.3685385409704 87.4225384194868 80.9830984632202 77.0068486910039 75.4040423981061 81.9573589260779 84.6571858106061 73.6461459029362 80.879244366158 74.7077081941311 71.0185871347866 74.6932819048831 81.374081273155 85.917648666707 85.0245398772999 88.1293354795605 89.8199447245342
89.2009202453989 74.6425469234042 86.2862935066504 83.1697746461778 90.0529824454829 83.4008230577658 83.58995930268 86.8036809815955 78.7512604021134 89.4287037599495 80 85.3614316953169 84.4469719978135 89 88.3560863755088 91.9940320719183 89.497479195773 71.4679280811516 67.4018404907978 57.5521776103709 70.1542094393564 77.2244730608049 73.3357073437404 75.1790378424346 77.3760705825186 83.9851940715549 83.0630656623951 82.5751078175302 81.4284456052935 87.2338729271709 89.1278624795001 77.7423768450463 82.2636062686041 81.6281510052824 75.1345137581259 77.4432970904462 72.4403359047552 76.9343527911079 83.8070218064773 86.5165674542923 88 79.0515853732562 75.0670594666827 70.2951618781497 62.7417238656388 82.8303316527988 86.0544554455447 81.6247646237033 87.9504343072344 88
92.2085889570553 81.2337058859261 89.2034106784913 86.5647664459694 81.1039603960398 89 88.7085889570553 85.056262528093 90.052207981537 80.1400564903106 80.9072769240119 80.9546103383334 91 91.1508382433338 89 90.6918696470861 82.67347992468 59.3660329223054 68.8161483326253 78.4349753993708 76.3683259430258 72.7122031221541 72.4256514608517 78.7369555974001 80.5848265808179 83.0319656198739 89.6559709651952 85.2237593391238 81.2560742270492 83.3324424466972 76.488124886111 83.4306930693074 86.9888386077866 78.7769543825559 73.8663366336641 77.3159661058134 71.9812458239694 73.5229302071288 76.8161635181932 76.1406487274494 79.673768450465 75.2983660329262 66.6584158415844 71.1718854400785 76.7504251958942 73.9238747494346 85.0544554455447 90.6468444390451 87.9264259248009 88.8110156107634
89.4095092024538 93.4906001336325 90.3736560772639 88.7970297029697 86.1039603960398 84.6348782117457 82.7910769604594 84.7722772277195 91 90.217821782175 88.4176182955714 90.482491040514 87.6674816254647 88.0066360930575 85.3880975520871 84.9973121545281 85.2608424952908 72.3309998177745 86.690047378971 79.6244001700728 69.3547956022595 81 73.1809815950925 88.959682317925 68.1013636639736 89.9889145356256 88.5164004130476 78.0082457632254 83.1317044281121 81.5821235497778 83.5297029702978 83.4937891028344 84.3316831683175 70.8819625827644 69.4472453380311 74.993728360566 76.0232946607538 76.8605357468233 74.5768541578096 75.1850816983547 76.2650792686619 73.8025572495927 67.6462066452048 72.8945058616282 70.2183988337484 72.652417542374 85.9901445666038 86.3344469416275 87.7294235558521 88.117369252263
83.5 83.6412713357228 81.9573892972114 94.6482870679658 88.8181528275514 77.2208588957114 89.9125766871162 89.2772429083402 87.3312883435539 85.4478679462978 90 85.0289892486186 86.0281995991044 88.2684049079765 85.8316527971807 85.9841007106832 82.0118751138918 78.8065510538782 86.3129138067184 89.2208588957112 76.0646905181228 69.4393032861588 75.8432545708522 83.7825882281527 78.1682409038435 91.0230061349686 81.5886989005606 83.8267326732675 86.8075533013396 76.0523902083468 82.0705521472402 76.5693069306926 77 79.4263803680941 75.1336633663359 75.9331379456952 71.9294478527597 80.8020561258594 72.9294478527598 81.5348964344294 77.5340156715061 72.3422219522459 67.882995201359 69.38036809816 76.1107179736392 67.2838941869754 84.812124157199 81.6333444694147 77.8002642288768 85.0457541152895
79.5 88.6228967988821 90.1700631719638 86.4153708315601 77.3434671688036 78.955567029094 80.0903085707349 74.3063840126325 85.6796908218432 87.544751867823 84.5104324849667 83.7539178764547 81.9094180890462 83.5971572617379 84.8462613132476 73.4223258215523 71.3366336633634 89.1107179736388 82.7178217821783 84.2233189576534 75.3815677579943 60.4375721314478 87.6782178217818 84.3246370649339 88.1188270667556 90.8328372714582 72.9664702666575 76.2065085342903 81.3411741480885 79.436235801495 84.5460881977776 80.453395492924 71.3050324971153 74.0797546012273 72.1283332320955 80.9642683593512 72.9356435643583 79.8496628804 81.5332412075573 76.7338273704667 75.2717305472902 74.8443327461691 72.0262558464437 68.6139524995428 74.011449917998 77.8404907975454 77.0355342282696 85.1412257790199 83.4551722043353 75.0398773006137
82.4509202453976 82.8496932515341 74.5009566907624 85.5269240114198 77.9843740509021 82.0007440928144 77.0799216424715 78.0647816315378 87.2042762558464 88 78.0598159509205 85.8496932515341 84.319686569883 85.1488793051088 83.9203668833139 83.701618781511 82.7120360809094 86.3881127376527 85.6298366032918 80.2365759582 82.1443540059515 46.9129411407403 88.3217821782182 83.9275344712382 82.7896798882344 75.4235254813833 81.2134027819952 81.3235740751983 74.7277227722788 72.8370740448286 67.9910708862295 70.5901415294898 78.9044979651324 72.6835935127257 73.9381795541538 68.1208619328181 81.0666038996558 81.9885045252983 80.7464921338762 74.4466379153259 75.6088045921159 79.4194253781162 67.9486575958211 71 71.4158567697275 73.7305472878599 70.1170959120454 70.6350300674235 77.0277592176411 83.8004464556872
53.5 75.332138735345 86.4822784425636 76.5362935066499 78.5855554880632 75.0049504950511 77.9754753082668 76.1427291502149 79.5224138978297 75.1587651096398 78.7392638036802 84.2354370406356 84.247965133935 83.7316254631593 78.0544858166797 83.4972514122579 74.9907975460126 76 72.656502460063 75.8243333535763 83.3895857377219 82.7805685476509 89.2607361963198 88.2026514001099 79.1585676972585 77.2607361963198 81.0193615987365 75.5237046710792 78 75.7926410739231 69.0154892789897 82.9638583490252 77.0746066937967 73.0226113102112 75.1336633663359 74.9834173601407 74.9524236165962 83.8488124886154 73.9094029034824 74.9148697078318 72.0821994776202 73.6742847597633 73.3415841584156 76.458224503433 73.633131871468 72.0445544554476 66.8079177549651 64.7392638036802 70.9103292231037 80.5568699507992
78.628834355828 73.2521563506045 79.6302466136191 77.371165644172 75.6020470145172 80.3680526028055 81.564614590291 78.371165644172 82.0293233311054 76 77.1313855311909 85.41089108911 72.2554060620785 73.663320779931 68.8139312397502 86.9164034501539 85.1153951284689 84.628834355828 72.7178217821784 75.2296817105037 85.5391939500677 80.7353914839329 80.3771032011174 76.6022444268972 77.3495413958569 78.6380216242478 73.4921186903959 69.8267326732675 74.3424345502014 69.1848539148403 70.6669045738926 76.087165158233 80.1690912956334 72.628834355828 72.9159478831323 77.4281722650768 73.1121302314248 79.9922249893719 72.835008807629 75.2370315252386 76.7499088865933 82.9252566360957 69.8732156958027 74.3477039421734 85 69.0560347445813 69.0202119905243 75.3150549717543 66.7136761222136 83.8897527789584
76.9631901840492 86.0220494442081 74.1907307295154 71.1347870983434 77.0038267630444 72.4499179979366 76.3755846443532 75.3479317256886 73.2751776711424 87.5721010751367 74.2823756302008 66.1913229666531 65.8015094454229 56.084826580817 65.5774312093786 85.6359867581851 85.8045921156509 84.9796968960729 76.0103869282633 83.3671566543128 72.51700783575 88.2026514001101 74.3835570673633 79.965574318168 76.903586831076 77 76.0715240235675 67.2630899593024 73.7891483933708 77.4593786065714 79.2724138978318 77.279277774403 76.1499119237072 75.7844560529659 65.5134847840612 78.4661817408733 77.4148697078317 82.4114225839721 87.5184049079754 88 80.9618538540966 79.9837818137642 79 77.0368098159508 71.4815950920246 69 78.1633663366341 70.7673267326753 84.878409159934 88.2428931543456
88.2960122699386 79.5990099009898 80.7032891939512 73.0828069003222 73.5113436190243 71.1919303893604 75.630398469295 75.3519255299741 76.9967351029588 93.6089108910875 75.4319534714208 71.007668711653 74.3505740144566 72.5162333718031 82.8624035716456 87.606876025027 84.4046194496751 89.6664945635659 77.4492346473909 87.3461550142867 72.1163973759346 80.3552815404224 84.0861932819046 80.1318866549231 78.5187541760312 69.626875417602 84.4958998967375 67.4398651521594 71.2968930328622 69.5910982202523 71.4382402964211 70.2433942780772 68.5329982384733 72.4653465346562 66.2743120937868 78.4753082670208 92.4841766385206 86.7493014638894 87.7871287128727 84.6219249225535 79.3517736743006 76 78.3897983356619 79.0771730547309 78.5920245398773 75.9554455445524 82.2062655652068 83.9475794205176 76.6039148393373 70.8566026848086
