rasters/Sudan_CLYPPT_M_sl2_250m_ll.asc
NCOLS 202 
NROWS 163 
XLLCORNER 21.809448692 
YLLCORNER 8.681641793 
CELLSIZE 0.0831293288316832 
NODATA_value -9999 
[rows 115 to 137 of 163, columns 52 to 103 of 202]
14.402812367126 20.594104962643 20.6561228208718 20.5079420518737 18.485254813825 14.1930693069299 9.47231671019836 17.6899410799983 5.11071797363796 20.0516764866677 12.1751958938224 13.6803438012519 13.7100467715488 16.7343284941981 18.6826671931001 12.2200388750564 10.1827583065056 4.31510052845947 7.4666676790511 4.14746704731791 9.82732491040518 10.1019710866791 14.1552724290832 18.5150488975278 8.925742574258 12.1291532527484 8.40379942902448 15.8399289315435 13.9557188847707 18.1449462430905 17 19 10.0869070035847 13.2199477616468 18.4592115653291 13.1633663366321 19.7047773795789 19 14.7453987730061 15.1387657170578 20.3600042519587 16.061759703578 22 19.4865152159379 14.2268723804896 18.4833869890063 17.4332898013718 17.4834021745736 24.6054941383711 27.9747919577233 20 24.9357194921944
19.1917481625457 19.0547895280326 20.2610702788072 14.9945787523521 20.0253902690883 14.7301980198018 14.9943661544069 7 10.683456842617 15.5631264046652 13.8626617262957 14.0574621879365 11 12.9905697624969 9.19610642045442 10 12.4053331713534 9.34887323088532 13.1897436676195 17.2141772459436 13.6782178217818 17.4935157626189 10.0451770637186 15.0652220129968 18.871530097796 12.8735042215878 2.37166676790179 13.3992133875958 8.82832715786927 15.8427838182588 10 14.7454443297116 13 14.9522110186476 13.9591356374913 15.634969325153 18 15.7705308874449 11.1969719978137 15.0432484966237 16 17.5190578873848 18.9088410374774 11.6529794083675 16.3304531373386 21.365030674847 19.3824940776275 17.8852426653718 22.539877300612 24.5495049504952 48.7632721861141 39.5638856830457
15.1926592966037 33.2129320293998 19.6394035109044 18.9950495049489 12.515565206828 18.8521229423543 18.8467928081155 16.2350270303108 14.757562412683 15.1136487881904 11.1635941201485 10.212871287129 13.4754601226996 5.99220980380181 11.3962370163406 13.5155500212596 5.26832898013729 6.90572799610908 8.27265686691503 16.1716424709967 12.0995262102881 8.62511389175713 13.846747251412 19 17.4844955354394 10.2138431634569 13.3950829131997 12.5063171961367 12.9717548441953 8.77839701147987 10.3293294053347 17.792519589385 20.3698444997878 17.4408066573525 15.0643564356417 13.5677731883562 18.3273856526759 18.1895614408064 10.7811000425197 12.0290348053197 16.6261009536542 18.5655257243527 18.3133541881824 17.0235224442673 18.7518678248204 15.266688938831 19.2524752475255 22.0312670837616 21.3764502217126 21 45.7347233189585 37.3358288282832
21.703167709409 15.7888598675826 17.5858895705523 16.8261708072639 11.9764927412974 15.3341584158418 13.6360626860234 12.6662667800513 5.78884468201441 12.9294174816252 17.1291532527488 14.8869130778114 13.8861386138613 15.1692279657414 14.4634179675631 8.07585191034488 6.41411042944771 14.4549292352558 7.77221648544402 4.75346230942022 7.73589260766589 12.2776073619626 16.486621514912 13.2423312883431 16 14.4141104294477 14.1004980866167 15.6773978011301 13.7244578752358 13.178354491891 13.771244609123 15.8185628378804 16 17.5799368280387 17.7372137520524 16.2114438437766 14.832199477618 15.651339367065 14.2234556277715 13.7683441657057 25.3142045799674 33.3136578995317 16.3582123549764 15.4456812245463 14.6271487578208 21.7548897527797 41.7041547713044 23 25.8134453015848 42.6599647694846 40.954655895037 41.4379669562045
18.9082943570432 17.0796938589565 15.4557796270419 12.6963190184045 17.1222893761748 14.1106116746656 4.78501791896939 14.1849146571096 14.7622091963807 10.2861112798402 17.991799793476 16.8517736742998 4.8000516309298 15.0103413715613 12.6990068638765 15.0819261373962 11.5001670412442 14.8842404179076 12.3343710137863 17.607361963191 16.2433487213765 15 7 13.2961641256156 14.392638036809 17.8267326732675 13.8930936038397 17.8755694587851 11.958634513757 14.0201512482523 13.3611887262349 14.6963190184045 13.797743424647 23 18.0896252201881 16.8366336633679 16.8999119237074 16.9422948429819 22.2599769179376 18.8661999635539 30.2961641256156 19.5462552390223 13.2490736803724 19.6072101075093 24.3547196744205 21.3639373139772 26.4636457510832 27.2134787098341 35.5495049504935 43.6173692522627 44.899911923708 41.3036809815955
21.3376814675349 16.1148028913319 19.7665674542912 6.80978557978582 15.3631932211636 17.4207920792104 15 15.9244214298727 5.71203608090849 13.8217821782199 18.120543035899 16 8.90814250136662 8.00911134058267 7.06789467290227 7.81683168316712 10.559618538541 6.68871104901324 11.4193494502847 14.9878059891918 16.8067484662576 11 12.3625857984574 15.0095669076107 11.2675089594844 15.0534683836485 20.0526179918603 19.0717518070827 13.6750288525781 14.5407125068339 13.1321903662747 15.3809603352985 19.6021684990576 16.2212081637618 15.5615774767674 17 38.4049231610282 19.1234131081821 22.2822237745248 22.3324880034037 21.9376480592842 25.8536263135517 29.7024236165897 24.6494411711124 25.9560681528275 39.6626829860904 37.9512087711837 35.7843649395619 39.2994442082244 37.3331865395125 43.5560954868491 48.5438407337653
15 18.9339883374836 21.6795085950305 21.0824120755639 19.7334021745719 16.53103930025 16.3162698171655 14.1589169653206 15.0587529611855 13.6083793962212 12.7139494624305 12.1300492012388 9.99056976249764 7.08282208589022 10 8.08282208589022 12.753902690883 10.3496173236924 10.0430510842501 10.9592571220352 14.0561714146879 15.3515155196511 18.6073315920541 12.979347628015 10.9171779141098 16.8267326732675 17.5469082184289 19.8036050537553 17.5141681346045 15.0028397011499 12.0828220858902 11.5924497357747 15.3899198202008 24.8989096762419 51.7753295268182 18.9171779141098 22.8560863755076 26.4702970297047 23.0381309603356 29.9536688331408 29.4244062443058 33.8343558282196 32.2752384134136 25.0828220858902 34.0873321994783 33.8084036931292 41.0209105266357 47.0828220858902 37.3969962947263 40.0079876085764 33.1372775314349 46.0458300431263
22.3491617566685 18.8062777136634 19.8189576626381 13.0126192067009 14.974989370103 14.0498845896854 19.1203456235207 14.3250774463973 12.4900990099013 13.9610490190128 9.68811881188053 11.3948703152511 7.97553605053786 13 12.0818350239925 9.017493773917 6.03963433153085 13.3706645204368 14 12.4091751199675 13.622046407095 17.4454078843467 10 15.9752475247532 9.02109275344716 3.83151612707297 13.0075168559799 10 11.5426866306269 18 16.0184504646781 12 13.6303225414528 16.123564963859 22.0625797242283 26.5086861446831 31.8830711291991 37 29.1115379942927 37.9845562777139 27.962962400535 31.2425742574268 27.1396009232835 37.0420943934904 35.0253447123858 42.9723926380371 45.0165978254297 32.0470145174021 45.5619419303877 39.9848296179313 46.3417815707953 45.0069701755451
20.6433517584893 18.0159448460177 19.1039603960398 16.2888750531534 18.0241146814077 12.0816831683159 13.2920792079204 9.93986515216031 13.1551053878388 8.43549170868081 5.08610216849921 5 12.2361811334508 8.87681467533386 4.78942173358508 4.38339002611981 10.0662394460305 10.2234556277717 13.6202241389855 14.5873777561831 14.4500546680427 10.107286035352 16.8933213873536 18.1593725323446 15.9362206159261 13.994533195651 11.8328828281581 13.0512512907733 18.5297029702978 16.7073437405086 20.1337696653116 20.2005557917767 13.8847870983423 22.9014001093369 28.5587985178856 28.3944147482279 40.1243394278083 40.8120786004982 30 36.0608181983845 36.040758063537 34.9289315434614 29.589124096456 41.4540029156295 41.7605691550748 45.5819716941008 45.89681406791 45.3655925408491 48.1122365304029 45.0526939196983 42.7439713296484 48.7823756302004
22.0750318896917 20.9445878636938 18.2226356071184 9.50678794873589 15.1310362631343 12.6064356435654 15.5030674846638 11.4576170807256 14.2465528761472 9.24846625766812 9.67404179068276 7.55595881674171 7.58250318896816 13.4969325153362 14.8780295207431 11.9347020591648 11.6477100164008 11.8462461276798 14.6322207374127 15.1951952863951 13.6696076049322 4.83257911680727 11.5899441171098 17.2484662576681 19 17 15.0869981169864 12.6570035837938 15 12.54318775436 18.2484662576681 37.4128955840314 18.336193281907 31.9739567515029 28.1521290165849 32.8298001579279 43.6195407884347 42.5030674846638 30.4022201299879 35.0892911377001 36.1635941201479 32.0320567332857 39.4665158233622 39.0891089108952 43.765064083096 49.0772034258644 45.1230030978551 47.2484662576681 45.9099040272105 46 45.0873321994774 42.8096792808104
18.2222104112257 18.187405090203 14.9233128834365 10.3002338577478 10.4191975946062 13.2896039603961 11.6635030067424 18.9855585251749 8.01269513454375 9.58910891089006 13.2648666707178 16.212871287129 14.8229210957902 8.9904786490911 16.3049413837091 13.765140010932 18.6598584705101 13.777911073315 12.9157808418839 15.2078752353756 12.0881522201304 11.8433608698303 9.64110429447882 16.9410799975706 13.6677549656807 19.5065146085156 23.6619844499787 18.8667466439895 18.9167375326483 17.0657079511637 22.8777865516624 35.2753902690875 35.9415203790284 23.6881947397205 31.6937982141786 29.6675727388657 38.264730000607 36.1802223167106 31.654057583672 35.2827248982587 34.3084036931303 36.8836785519057 42 37.3269149000772 42.6801919455753 45.4876389479438 41.802967259917 44.787067970599 45.71118568912 44.288814310879 44.8169835388443 42.8796543764806
17.1346352426639 12.9366154406863 15.4691277409948 13.4693251533742 19.6190700358388 13.8480380246618 17.7513515155201 22.1022292413275 13.6680586770335 15.6621666767909 18.3038176517035 10.9517098949159 9.11293506651297 14.4623549778285 12.429827491952 8.14731519164241 18.2484966288041 18.7363633602641 14.5787219826301 11.4693251533742 9.32178217821818 14.3647725201968 15.9343224199722 18.5554273218725 12.4912682986093 18.9893701026545 20.1444906760607 21 21.088258519105 16.7223015246304 35.0943175605907 43.1673449553586 36.8049869404125 38.4610186478781 37.7207374111607 36.6219401081244 37.3461853854095 35.3613861386136 34.7749954443294 36.5306748466258 26.818729879123 26.7058707404488 38.0673783636037 34.5752293020733 41.4693251533742 44.2349055457699 44.4848144323635 46.1433973151914 47.610854643745 45.1588865941806 36.842373807933 33.0154892789893
8.93626617263003 10.9241632752225 13.579754601227 14.2565753507854 17.054531373383 16.4645113284321 15.957814493105 15.8031646722932 17.1861598736568 17.7246704731812 15.4429478223906 12.4563414930448 15.3157079511629 9.57975460122695 11.5309633724112 13.3718945514196 13.1185840976735 14.8007501670393 8.71891514305637 10.5544858166803 12.7420275769912 10.8708467472514 12.2767417846082 13.0312063414921 15.9687936585072 14.8276286217586 29.1039452104802 15.0410617748889 23.7523082062819 19.8613861386147 36.8027546619708 40.6119480046106 40.553908765109 48.1248557371067 42.1800400899024 38.7730365061012 40.5855099313605 38.579754601227 42.7330832776532 42.1851576261929 42.7233037720949 43.2163639676842 43.5423221770027 45.2607361963192 44.6026392516552 45.0829283848637 47.4333809147781 49.8751746340273 43.5797546012269 40.4202453987731 35.2282694527121 27.8938984389233
9.71148940047329 10.6569428415225 8.89603960396018 14.311698961308 16.9350816983535 19.4401840490791 16.9822632569999 16.8220707040054 21.4889904634631 15.3388051995384 11.6901840490795 16 16.1411042944779 13.3154649820817 5.36790074712964 8.68930328615768 17.0950920245402 12.8382433335369 12.6808449249871 12.5301281661903 13.0996932515339 10.1418787584277 14.0854188179553 13.9923312883438 13.6389327583067 27.5018070825494 20.9531828949788 29.7437435461335 19.5559284456081 29.8361780963373 32.6633663366349 36.380368098159 39.8144171779133 38.7929447852758 37.0688969203648 44.3098159509205 43.3988793051078 38.3613861386136 46.0079420518732 44.5594059405922 41.2745398773001 34.8417815707931 43 45.0753052299129 44.7070552147237 41.9265625949111 46.9567059466675 42.4603808540357 42.859320901414 42.1001184474275 32.3514851485149 26.2524752475255
9.86082427261121 5.00358379396288 17.3658506954993 17.3968899957467 18.3499969628873 17.7230304318779 22.6326155621692 10.8256089412648 12.8006134969326 14.3713023142853 14.6859472757106 12.212871287129 15.3188817347996 14.1993865030674 17.7643048047156 8.34603352973425 12.2556490311607 14.56298973455 14.5990099010041 14.389206098526 13.1993865030674 15.2438042884042 12.6012269938652 18.940624430543 15.6754844196072 18.1387201603594 30.7277227722788 24.7425742574268 22.0594059405956 33.3171809512245 42 47.6607240478641 31.8006134969326 43.9099647694814 39.9484753690108 35.6243394278036 36.7581698353888 43.2546619692644 42.6597825426709 40.5521320536976 45.540970661483 45.6115835509914 37.7734161452968 35.149015975215 46.0980532102292 44.9077324910403 46.5481382494071 46.5072738868986 46.4399410799964 43.2405545769303 37.2269483083277 30.1993865030674
10.0889570552152 9.94715422462474 15.647664459696 18 17 14.8292079207951 12.3810362631356 10.8557219218887 10.3483113648794 11.4108910891099 13.9665310089291 15.1211049019018 12.4102836664041 10.9001548927885 12.9430996780678 11.8494199113155 12.7178217821784 15.5463311668576 13.4801980197992 12.383359654985 13.028624794995 13.1338152220125 14.8872471602991 15.1982627710627 23.0205764441416 25.1270272732791 25 22 23.9405940594044 33.9513302557279 41.6338607787169 45.2326732673281 42.5219431452364 38.9110429447848 43.0397558160682 34.4901141954664 35.0656168377577 39.9678521533133 39.0070461033835 43.7373200510226 36.7777592176404 39.9730152463144 34.6838061106703 36.0808783332286 43.8614316953162 48.2904239810495 48.1105357468266 43 43.4993773917286 44.5996325092635 39.2937951770635 27.1635181923103
16.6980198019809 13.805746218793 14.3933062017859 19.0045252991571 14.4520287918377 12.0173267326732 14.8726234586636 14.4219158112143 15.466956204823 12.8773765413367 8.65331349085936 11.7962704245881 9.98097248375159 10.0003188969204 6.91945574925658 10.7914262285114 14.7024084310274 16.7511085464315 14.017281175976 12.8540211383129 13 12.4789224321202 15.1399198202026 15.9984055153982 23.0297181558644 24 26.7179432667209 32.0134999696288 21.4816710198619 28.7171688027685 42.3531555609553 34.2441535564612 50.8047895280337 38.9785276073621 38.9141711717204 31.0429447852758 36.2838486302621 38.6678460790865 36.9553544311489 35.7643655469886 38.3026939196993 49.0429447852758 29.8337484055213 51.0009566907611 48.0203031039299 46.8531251898192 50 49.9570552147242 44.5259065783866 36.9978740205309 37.6803286156839 29.5210016400427
14.656198748708 14 14.4237988215992 14.1319018404909 14.7616321448088 16.7004950495056 14.2839397436684 19.0803164672294 17.0672568790622 18 17.3762376237611 17.0499149608202 13.8023142805076 14.8571645508099 14.1319018404909 15.0241602381099 17.8883405211686 17.5058464435419 18.9366609973884 13.786080908707 14.720661483326 17.0731336937375 18.0344560529677 21.0641742088341 18.8583034683836 31.214632812974 29.3323513332918 34.917071615137 25.1240660875903 26 27.7273886897902 27.6673297697907 36.1495322845169 32.1574135941207 38.1792808115155 34.2422553605058 35.6749377391723 40.8070825487461 45.5291562898625 35.3824788920625 34.7361963190182 41.9360080179794 42.5436585069578 47.7420731336938 48.8208254874565 47.8667770151245 53.3644536232752 42.3987578205653 44.3910739233445 38.5360353520014 40.3514851485149 35.1319018404909
16.1463585008801 9.98394885500677 11.7576687116569 14.0156715057979 12.4846625766863 13.564599404727 12.9502520804228 14.9297363785484 19.5099009900987 21.4415659357374 14.3118811881195 12.5963827977891 11.2734161452953 15.2684352791125 12.673510295816 17.0056186600259 14.5643564356433 13.9377088015603 15.6413017068591 13.6631233675525 14.2423312883431 17.3397163335969 21.0585859199416 21.2663244852081 24.1680738626011 32.7576687116569 30.3083125797233 23.9100255117537 31.8860323148883 23.0335904756117 31.8470205916312 32.5949097977301 39.7900595274253 30.5489278989263 36.9019771609025 36.1888173479944 33.1130869221911 32.273810970054 36.1064963858352 46.5594059405922 40.5779171475425 46.183547956022 47.1890147603702 45.4846625766863 46.5127255056787 45.2568183198675 46.7576687116569 45.7643655469861 41.3754935309472 38.1331622426044 33.5566421672832 28.1912925955179
14.971952256577 15.730668772399 9.90923586223757 12.706979286886 13.7332199477616 13.9083399137478 14.9976006803128 14.003021927957 16.6600558828886 22.7673267326702 19.7390815768697 19.9249073680373 20.4847385045249 20.9851485148502 14.9789679888207 15.6472392638038 14.0705825183746 13.8655317985798 17.3247737350424 24.7614043612937 14.7091963797598 16.2741754236773 23 30.0087317013907 26.0261951041728 20.3556004373445 26.8237714875792 29.2217852153311 25.3638006438692 24.1054333960997 25.4097369859696 46.4586345137593 31 37.9653465346528 33.7888294964439 31.1057371074521 36.3826914900068 35.9913745975826 46.6472392638038 39.8445757152396 37.1117657778049 36.1765322237765 43.2441231853256 39.6629563263083 50.6318562837875 41.0006377938397 37.1409676243726 36.4549899775247 40.9621727510193 38.196744214299 34.2274949887627 37.5421095790553
14.4260918423149 20.3283879001413 15.8005375690956 19.6119935613218 14.1171870254525 17.4774038753564 18.608455324061 18.4277622547509 17.7623610520566 25.3162394460303 22.6881188118805 23.6354097066155 24.4229484298129 21.5288373929417 18.5368098159516 14.7072829982374 17.0207738565271 16.3651825305329 25.8341887869819 16.957358926076 19.9092966045065 23.9835995869523 27.660572192189 25.0990099009871 25.8225566421688 17.2662789285062 26.4631901840484 31.8344773127618 25.1469507380162 31.1994928020408 27.8490250865567 32.7673267326719 30.3292382919256 34.3946729028713 27.8965710988272 41.1492893154351 45.4768420093566 42.9548229362817 50.469021442021 46.0991161999654 39.804774342464 35.7008291319925 39.9965528761472 36.0412743728379 47.9606997509577 37.4631901840484 27.832609487943 38.6007714268356 35.2140709469703 39.2949796513398 37.1150610459808 35.3143868067789
18.2055518435285 21.8767539330625 19.9846929478223 18.426380368098 24.0539543218129 19.8855008200203 20.9667587924442 21.3910891089125 22.4432667193093 18.0030219279572 22.4448612039127 19.7300157929906 24.4763712567577 19.0148514851498 9.55881370345497 15.687648059286 14.8474002308211 22.0102047014538 21.6876176881558 30.5059982992136 22.3217821782182 25.5927838182593 25.6469355524515 25.5184808358107 23.1363056551057 21.6474974184535 21.14515884104 30 32.7994745793602 32.5058920002424 32.3345228694644 37.3066877239856 26.3693889327585 30.5883951892126 40.1746795845223 39.0079268663079 34.8881279232216 41.2023628743237 49.347172447305 38.6109609427231 46.4766749681102 34.6242938711077 37.22591568973 45.0635516005617 48.0392546923405 47.7862935066518 38.4221587802938 33.5039786187194 32.8320324363735 27.3961155317989 30.7546467836966 37.8923495110244
17.1925985543326 19.2670989491595 20.8726690153684 23.4267600072908 26.8937465832462 21.9289315434614 22.1161544068521 21.0484267751918 21.8316072404789 20.5970205916305 18.7988519710868 20.0672568790622 26.528275526939 23.6981261009548 22.373519407155 12.9737137824276 14.9140800583126 22.075077446397 23.7236378545923 24.9171019862709 20.608197169411 30.3979529854826 27.9674876996902 31.3328828281597 25.2182317925052 28.5655257243517 31 26.8633298912712 30.3159509202455 32.863922128409 28.8587894065485 34 33.908567697261 33 32.7913654862493 35.1525845836134 36.3250926319619 37.2017706371865 31.4864392881008 44.5073042580336 40.8486302617996 44.6840490797545 35.3159509202455 47.6981261009542 42.7040940290348 48.2019528639986 46.2883283727142 43.3176668893879 44.5104324849667 36 31.7778958877482 38.5049504950511
