rasters/Sudan_bio4.asc
NCOLS 202 
NROWS 163 
XLLCORNER 21.809448692 
YLLCORNER 8.681641793 
CELLSIZE 0.0831293288316832 
NODATA_value -3.4e+38 
[rows 84 to 104 of 163, columns 96 to 143 of 202]
351.846313476562 355.809906005859 358.714965820312 362.765838623047 362.078491210938 363.488800048828 365.494445800781 365.687347412109 365.243194580078 365.927795410156 367.151397705078 366.658966064453 366.452789306641 368.695953369141 368.845184326172 370.186584472656 370.413879394531 370.603057861328 371.058532714844 371.420928955078 371.481201171875 371.994842529297 371.025573730469 369.407897949219 368.243865966797 366.389709472656 364.274475097656 363.561492919922 360.579681396484 358.428070068359 357.859649658203 357.285583496094 354.470275878906 356.148132324219 359.167541503906 360.2587890625 358.254241943359 356.650787353516 352.25732421875 348.201416015625 337.37255859375 332.616790771484 327.745788574219 323.157196044922 319.144195556641 317.382995605469 316.910186767578 314.258758544922
344.910308837891 349.975219726562 354.796997070312 358.340789794922 356.772277832031 359.15966796875 360.003234863281 357.572692871094 354.953125 358.928588867188 361.51220703125 361.339904785156 361.431518554688 363.721588134766 364.014221191406 365.326843261719 365.705444335938 365.746246337891 365.890533447266 365.722412109375 366.073608398438 366.613006591797 364.699676513672 362.488189697266 362.372528076172 359.807800292969 356.845825195312 354.923248291016 350.600830078125 347.169158935547 345.070281982422 344.092712402344 342.549163818359 345.071350097656 345.512481689453 346.195678710938 350.645477294922 348.692443847656 348.925659179688 345.231018066406 334.274322509766 327.819854736328 324.499969482422 319.065063476562 315.113189697266 312.758392333984 311.306945800781 309.248016357422
340.193481445312 344.912963867188 350.43310546875 352.80078125 352.371063232422 354.878234863281 352.821838378906 347.563018798828 344.870941162109 351.476257324219 355.474609375 356.8291015625 357.277160644531 358.794799804688 359.335021972656 360.218109130859 360.334838867188 360.098327636719 360.440032958984 359.421356201172 359.046813964844 358.674407958984 358.437957763672 356.874481201172 354.155487060547 351.209594726562 348.598205566406 345.152496337891 340.237701416016 336.827697753906 334.428253173828 332.439453125 331.863189697266 334.548614501953 334.611267089844 338.308197021484 342.179321289062 342.546020507812 342.181610107422 342.001220703125 333.113128662109 321.044708251953 320.943786621094 319.974182128906 315.815704345703 310.288604736328 305.274444580078 304.081726074219
336.605407714844 340.460876464844 344.070098876953 346.713714599609 349.158508300781 351.241363525391 345.663543701172 341.178070068359 339.766998291016 344.678863525391 349.976440429688 352.677764892578 352.682830810547 353.591949462891 354.650512695312 355.226684570312 354.519195556641 355.337646484375 355.230529785156 354.423645019531 352.825256347656 352.838195800781 352.341583251953 349.240631103516 346.858581542969 343.446075439453 339.995269775391 335.647979736328 329.555450439453 326.142913818359 323.281005859375 321.264038085938 320.805725097656 324.423675537109 329.3212890625 334.220367431641 335.389617919922 336.486541748047 334.945831298828 335.073120117188 332.298828125 320.464416503906 310.958770751953 312.545288085938 313.220794677734 306.368530273438 301.956665039062 299.657806396484
330.063171386719 334.044097900391 338.710296630859 341.189270019531 344.678436279297 347.244262695312 341.590454101562 336.859771728516 338.468017578125 342.811798095703 345.915496826172 347.873901367188 348.330444335938 349.982299804688 350.457458496094 350.263092041016 349.550415039062 350.062622070312 349.117797851562 349.055267333984 349.381439208984 348.514312744141 346.126800537109 343.041259765625 339.616851806641 335.147583007812 331.567565917969 329.322448730469 324.142669677734 319.036071777344 314.752899169922 309.831787109375 313.129119873047 316.159698486328 321.033142089844 327.342254638672 329.450592041016 329.986877441406 329.878112792969 327.483703613281 325.573211669922 317.532775878906 307.500305175781 305.258880615234 304.588653564453 302.044006347656 298.961578369141 296.74267578125
322.865814208984 326.255249023438 333.066436767578 336.808380126953 337.849853515625 340.414916992188 339.777008056641 335.926696777344 338.298248291016 341.184539794922 341.371856689453 343.700744628906 344.655792236328 345.505340576172 346.273162841797 347.016754150391 345.444976806641 345.000457763672 344.104125976562 342.796417236328 343.283142089844 343.749725341797 341.5263671875 339.049560546875 334.536102294922 329.681762695312 327.204986572266 324.392883300781 319.076141357422 314.969787597656 309.356414794922 306.048004150391 308.975402832031 310.545349121094 313.745758056641 318.616424560547 325.314514160156 325.256195068359 324.536804199219 322.649017333984 319.520172119141 316.688232421875 306.576751708984 303.6064453125 301.296844482422 297.1708984375 294.357696533203 292.475738525391
319.768981933594 322.778167724609 329.356872558594 332.213714599609 330.640472412109 332.281555175781 335.501190185547 334.641540527344 336.3486328125 337.788482666016 338.910400390625 339.728942871094 340.894073486328 341.436737060547 342.166717529297 342.275115966797 341.508697509766 341.247772216797 340.144836425781 338.791656494141 337.491790771484 338.400146484375 336.062530517578 332.691040039062 329.196380615234 326.221923828125 323.360229492188 319.546813964844 316.210144042969 312.561248779297 307.565795898438 305.269927978516 305.083892822266 306.951110839844 308.723114013672 311.080841064453 316.659515380859 321.256439208984 319.885894775391 321.795806884766 320.039428710938 316.134155273438 309.290008544922 302.017395019531 299.085693359375 295.293762207031 291.722747802734 288.102966308594
317.537689208984 321.594757080078 325.814758300781 328.612152099609 326.142608642578 327.594360351562 332.890228271484 331.508422851562 332.031005859375 334.143524169922 335.732208251953 336.768035888672 336.972106933594 338.234771728516 338.426544189453 339.139739990234 337.87548828125 336.591278076172 336.356018066406 334.512054443359 333.439758300781 333.548950195312 331.693359375 328.71142578125 325.458740234375 322.259643554688 318.669158935547 316.4892578125 317.089752197266 309.725555419922 307.283203125 305.54541015625 304.661499023438 305.221618652344 306.533874511719 307.51171875 310.926849365234 315.170257568359 315.495056152344 317.297760009766 319.672698974609 318.251281738281 316.299835205078 306.949768066406 295.696319580078 292.525054931641 290.079650878906 284.618865966797
315.241149902344 318.740386962891 322.799499511719 324.095977783203 321.278656005859 325.192993164062 329.81103515625 328.780792236328 330.012359619141 332.903991699219 334.112579345703 334.211700439453 334.846618652344 334.532165527344 335.683868408203 335.782867431641 335.511596679688 334.323577880859 333.577972412109 332.432800292969 331.526763916016 330.213287353516 329.402191162109 326.734954833984 322.464385986328 319.170745849609 317.469421386719 315.133880615234 315.960388183594 308.176116943359 307.282135009766 305.506774902344 309.114196777344 310.843658447266 310.514892578125 310.638427734375 311.037231445312 315.910949707031 316.010223388672 311.763397216797 316.635314941406 317.099151611328 314.717498779297 311.018829345703 298.759613037109 291.112487792969 290.472015380859 285.577270507812
312.170593261719 316.069549560547 319.328521728516 320.363983154297 319.860504150391 322.932464599609 326.789733886719 328.105560302734 329.835601806641 331.944702148438 333.446411132812 333.298248291016 332.799011230469 333.145141601562 333.071563720703 332.275543212891 331.776702880859 330.878601074219 331.256591796875 330.100677490234 328.2412109375 326.873077392578 324.777740478516 322.544464111328 319.811767578125 316.940063476562 315.678558349609 315.824951171875 315.553039550781 307.752777099609 306.612609863281 304.889587402344 306.596527099609 310.068206787109 311.883270263672 311.583923339844 313.373901367188 314.4892578125 314.258422851562 312.092895507812 312.988403320312 316.430053710938 312.668365478516 310.408935546875 302.574584960938 290.228912353516 287.341156005859 286.229858398438
310.552001953125 314.486053466797 317.357879638672 318.648559570312 320.50390625 321.714416503906 325.018798828125 327.872497558594 330.078674316406 331.520477294922 332.36669921875 332.523712158203 332.417388916016 331.633697509766 331.672149658203 330.646942138672 329.667724609375 327.575958251953 327.223693847656 326.297973632812 324.974304199219 323.3671875 321.639892578125 319.127380371094 316.641967773438 315.578765869141 314.278839111328 314.000701904297 312.506286621094 307.879150390625 306.394439697266 304.961029052734 305.463104248047 306.348815917969 312.861694335938 314.181884765625 312.835693359375 311.376403808594 310.889678955078 311.579833984375 310.326782226562 312.297790527344 313.308410644531 310.392761230469 303.919616699219 290.792449951172 284.664398193359 281.237426757812
308.501373291016 312.63916015625 315.736755371094 318.413513183594 320.792510986328 322.496704101562 323.929565429688 326.954895019531 328.915374755859 330.303863525391 331.369384765625 331.723846435547 330.911376953125 331.109191894531 331.141754150391 329.647613525391 328.226806640625 326.168487548828 324.158630371094 322.483795166016 321.151916503906 321.197601318359 317.553527832031 316.055816650391 314.956604003906 314.841430664062 312.040374755859 311.463684082031 312.501220703125 308.774169921875 306.505584716797 306.849304199219 308.218231201172 306.901397705078 310.769989013672 312.290252685547 312.868927001953 310.116729736328 307.767791748047 305.152648925781 306.289001464844 307.2099609375 306.790832519531 307.763671875 304.861785888672 295.322601318359 283.37451171875 278.923248291016
309.588714599609 313.317596435547 316.502288818359 319.0205078125 320.430541992188 323.491363525391 323.064636230469 324.963928222656 327.586029052734 329.03076171875 329.682922363281 329.821105957031 329.531585693359 330.154510498047 328.835144042969 328.358673095703 326.286468505859 324.342681884766 322.151245117188 319.766296386719 317.342407226562 316.838104248047 313.958953857422 312.991424560547 313.372772216797 312.268615722656 309.839996337891 310.162353515625 309.841583251953 307.351379394531 306.183441162109 305.390167236328 305.567504882812 306.140899658203 308.617004394531 309.228973388672 310.334167480469 310.744354248047 305.394012451172 298.252563476562 299.603240966797 304.338745117188 302.370361328125 301.995300292969 303.410247802734 298.573028564453 286.462188720703 276.916137695312
310.827453613281 314.980834960938 317.983703613281 320.934997558594 322.525817871094 325.129913330078 323.395751953125 324.717651367188 326.602966308594 328.069885253906 328.627288818359 327.965209960938 327.590393066406 327.140167236328 326.4619140625 325.656402587891 323.742736816406 321.340545654297 319.678253173828 317.941986083984 315.626098632812 313.673278808594 311.511901855469 310.305053710938 310.550720214844 309.039581298828 307.928405761719 308.782989501953 308.043334960938 308.476348876953 306.949554443359 304.58984375 303.035827636719 304.88232421875 307.741394042969 307.894256591797 307.982391357422 308.626617431641 302.646118164062 294.485748291016 293.300872802734 296.253479003906 297.131988525391 298.874084472656 299.694274902344 296.191253662109 286.623809814453 276.727813720703
312.404815673828 315.204071044922 318.863555908203 321.078186035156 324.570251464844 325.986968994141 325.16015625 325.739349365234 326.347564697266 327.066528320312 327.604064941406 326.447631835938 324.666778564453 324.281127929688 323.391723632812 322.222808837891 320.626861572266 318.402435302734 316.830047607422 315.545715332031 313.726440429688 311.880798339844 310.184692382812 309.340240478516 308.191864013672 306.196472167969 305.663482666016 306.19140625 305.618743896484 306.561645507812 306.691833496094 304.60986328125 303.589477539062 305.659851074219 306.821838378906 304.550964355469 306.549438476562 307.402770996094 300.343475341797 292.263336181641 289.768920898438 290.025390625 290.08984375 293.554718017578 294.017883300781 293.979125976562 283.623352050781 273.448699951172
312.704528808594 315.400360107422 319.417297363281 321.907592773438 324.369689941406 326.0224609375 326.018249511719 326.401397705078 326.610687255859 326.211883544922 326.402618408203 325.289611816406 323.036102294922 321.662445068359 320.554656982422 319.114990234375 317.285858154297 315.667205810547 314.521270751953 313.447418212891 310.794921875 308.518859863281 307.114105224609 305.822540283203 305.071166992188 303.705749511719 302.850158691406 303.747741699219 302.606018066406 304.018585205078 308.044677734375 304.238250732422 303.392608642578 303.458190917969 305.116485595703 304.322784423828 305.373504638672 306.772155761719 298.567932128906 291.533508300781 288.28759765625 287.644561767578 287.008666992188 286.474487304688 285.874359130859 291.161285400391 281.011383056641 272.735260009766
314.061187744141 316.626403808594 320.111389160156 322.63134765625 325.785095214844 328.039459228516 327.023193359375 326.237487792969 327.232727050781 326.343414306641 325.769500732422 324.230377197266 322.39453125 320.246948242188 318.702209472656 316.324401855469 313.517486572266 312.081665039062 311.331817626953 309.814422607422 307.197784423828 305.800903320312 303.471466064453 302.515991210938 301.152923583984 300.094543457031 298.794555664062 299.713134765625 300.054351806641 300.702117919922 306.370758056641 302.493621826172 300.571960449219 299.894439697266 301.020080566406 302.905059814453 305.237609863281 303.144226074219 294.755706787109 289.543609619141 286.247131347656 284.48583984375 284.621490478516 283.564453125 278.579742431641 284.164611816406 277.802093505859 274.719970703125
315.456268310547 318.726165771484 321.092346191406 324.029815673828 327.152282714844 329.343811035156 328.638031005859 327.657897949219 327.729583740234 327.112609863281 325.767761230469 323.940063476562 321.112976074219 319.111206054688 315.828979492188 313.071258544922 311.304412841797 308.810943603516 306.691162109375 305.635192871094 303.736968994141 302.517700195312 300.381622314453 299.470336914062 298.264343261719 296.654327392578 294.957305908203 295.942749023438 296.296295166016 297.478485107422 302.227661132812 301.487854003906 296.276672363281 296.545593261719 297.355773925781 299.95166015625 302.191009521484 298.070068359375 291.413543701172 288.25537109375 285.309112548828 283.117767333984 283.022613525391 282.628112792969 277.495971679688 277.897979736328 275.664276123047 274.451629638672
316.230865478516 320.406341552734 322.556274414062 325.488037109375 328.344543457031 330.801788330078 330.685668945312 329.614074707031 328.403137207031 327.234771728516 325.834564208984 323.486114501953 320.316345214844 317.484008789062 313.154235839844 310.007568359375 308.365020751953 306.001800537109 304.231597900391 302.183074951172 300.150299072266 299.125 297.0517578125 295.891754150391 294.698822021484 292.704376220703 291.587127685547 292.669372558594 293.126403808594 294.6259765625 298.499145507812 301.291473388672 296.14794921875 293.389678955078 295.53662109375 297.436157226562 298.716888427734 295.643402099609 288.5751953125 286.573913574219 283.837799072266 281.916198730469 282.054504394531 280.178802490234 277.812286376953 281.582336425781 275.982299804688 272.606048583984
317.731201171875 320.674194335938 324.108093261719 327.781921386719 330.619049072266 332.450561523438 332.239379882812 331.353210449219 329.286315917969 327.08203125 325.225921630859 322.190795898438 319.447021484375 315.377197265625 310.419311523438 307.596557617188 305.217895507812 303.104766845703 301.330291748047 298.770446777344 297.274322509766 295.417633056641 292.991271972656 291.7275390625 290.3837890625 288.959136962891 288.272979736328 289.292999267578 289.054382324219 289.714385986328 292.322113037109 296.138305664062 296.486450195312 293.633514404297 293.308685302734 295.515625 296.069793701172 292.523986816406 287.087341308594 284.677490234375 282.71533203125 281.001037597656 280.01611328125 278.492919921875 274.238311767578 281.299438476562 276.005004882812 269.380462646484
317.929351806641 321.383483886719 325.678741455078 329.638031005859 332.20556640625 334.190643310547 333.858337402344 332.216339111328 330.189453125 327.363494873047 323.640045166016 320.459411621094 317.233184814453 313.162170410156 308.303161621094 304.558563232422 302.636444091797 299.910552978516 297.369934082031 294.178955078125 292.397613525391 290.601379394531 288.500640869141 287.332397460938 286.157440185547 284.546203613281 284.270080566406 285.713073730469 286.081970214844 286.471527099609 287.012451171875 289.241058349609 290.016876220703 291.691040039062 291.1103515625 290.714660644531 290.066864013672 287.577880859375 284.332550048828 282.334808349609 279.418487548828 277.655059814453 276.28515625 276.718231201172 275.164581298828 274.193878173828 272.996307373047 268.182525634766
