rasters/Sudan_bio4.asc
NCOLS 202 
NROWS 163 
XLLCORNER 21.809448692 
YLLCORNER 8.681641793 
CELLSIZE 0.0831293288316832 
NODATA_value -3.4e+38 
[rows 0 to 20 of 163, columns 96 to 143 of 202]
-3.4e+38 -3.4e+38 -3.4e+38 -3.4e+38 -3.4e+38 -3.4e+38 -3.4e+38 -3.4e+38 -3.4e+38 -3.4e+38 -3.4e+38 -3.4e+38 -3.4e+38 -3.4e+38 -3.4e+38 -3.4e+38 -3.4e+38 -3.4e+38 -3.4e+38 -3.4e+38 632.205383300781 -3.4e+38 -3.4e+38 -3.4e+38 -3.4e+38 -3.4e+38 -3.4e+38 -3.4e+38 -3.4e+38 -3.4e+38 -3.4e+38 -3.4e+38 -3.4e+38 -3.4e+38 -3.4e+38 -3.4e+38 -3.4e+38 -3.4e+38 -3.4e+38 -3.4e+38 -3.4e+38 -3.4e+38 -3.4e+38 -3.4e+38 -3.4e+38 -3.4e+38 -3.4e+38 -3.4e+38
-3.4e+38 -3.4e+38 -3.4e+38 -3.4e+38 -3.4e+38 -3.4e+38 -3.4e+38 -3.4e+38 -3.4e+38 -3.4e+38 -3.4e+38 -3.4e+38 -3.4e+38 -3.4e+38 -3.4e+38 -3.4e+38 -3.4e+38 -3.4e+38 -3.4e+38 633.162048339844 643.673095703125 -3.4e+38 -3.4e+38 -3.4e+38 -3.4e+38 -3.4e+38 -3.4e+38 -3.4e+38 -3.4e+38 -3.4e+38 -3.4e+38 -3.4e+38 -3.4e+38 -3.4e+38 -3.4e+38 -3.4e+38 -3.4e+38 -3.4e+38 -3.4e+38 -3.4e+38 -3.4e+38 -3.4e+38 -3.4e+38 -3.4e+38 -3.4e+38 -3.4e+38 -3.4e+38 -3.4e+38
-3.4e+38 -3.4e+38 -3.4e+38 -3.4e+38 -3.4e+38 -3.4e+38 -3.4e+38 -3.4e+38 -3.4e+38 -3.4e+38 -3.4e+38 -3.4e+38 -3.4e+38 -3.4e+38 -3.4e+38 -3.4e+38 -3.4e+38 -3.4e+38 652.383850097656 629.3212890625 -3.4e+38 -3.4e+38 -3.4e+38 -3.4e+38 -3.4e+38 -3.4e+38 -3.4e+38 -3.4e+38 -3.4e+38 -3.4e+38 -3.4e+38 -3.4e+38 -3.4e+38 -3.4e+38 -3.4e+38 -3.4e+38 -3.4e+38 -3.4e+38 -3.4e+38 -3.4e+38 -3.4e+38 -3.4e+38 -3.4e+38 -3.4e+38 -3.4e+38 -3.4e+38 -3.4e+38 -3.4e+38
685.81787109375 686.70703125 686.427673339844 686.327575683594 685.228454589844 684.75048828125 683.101013183594 681.801086425781 680.986694335938 679.573364257812 677.859680175781 677.086120605469 674.659606933594 670.884521484375 667.868469238281 664.98974609375 662.445556640625 659.117980957031 638.650756835938 625.654235839844 651.53369140625 651.062133789062 649.396667480469 647.968811035156 646.392028808594 644.132385253906 642.683654785156 642.279479980469 641.089050292969 638.691345214844 637.017395019531 634.050537109375 631.05908203125 627.129028320312 622.510437011719 618.946044921875 616.465209960938 614.200012207031 610.922180175781 607.915893554688 603.164855957031 598.672302246094 595.213989257812 591.106323242188 587.800598144531 584.479553222656 580.221984863281 577.495422363281
684.793884277344 685.273132324219 684.475891113281 684.490051269531 684.282287597656 683.139892578125 681.510620117188 680.052856445312 678.639892578125 677.908264160156 676.9521484375 674.725891113281 671.855712890625 668.229614257812 666.154968261719 663.373291015625 659.18359375 642.294189453125 618.4580078125 634.77099609375 648.794738769531 648.207153320312 647.665893554688 645.525695800781 644.025573730469 642.626892089844 640.90283203125 639.276428222656 638.154846191406 636.327941894531 634.035949707031 631.157165527344 627.094787597656 622.756652832031 618.335632324219 617.278259277344 616.126159667969 613.843933105469 609.999084472656 605.584411621094 600.408874511719 596.254577636719 593.327880859375 589.924987792969 586.838928222656 582.897338867188 578.54248046875 575.02197265625
683.020263671875 683.666198730469 683.217834472656 682.330200195312 682.6142578125 681.481140136719 679.865356445312 678.280578613281 676.621398925781 675.830505371094 673.866394042969 671.351806640625 668.460693359375 665.865356445312 664.003540039062 662.346618652344 655.129028320312 629.278015136719 626.521423339844 640.308837890625 646.876403808594 645.18603515625 645.064453125 644.575927734375 642.162414550781 640.464050292969 637.255554199219 634.314208984375 633.063842773438 632.968872070312 629.585876464844 627.568786621094 624.355895996094 621.775634765625 618.761291503906 617.585754394531 616.219421386719 613.249145507812 607.761291503906 603.530700683594 598.275146484375 593.548461914062 592.63427734375 589.413330078125 585.33642578125 582.133117675781 577.724060058594 574.479919433594
681.577758789062 681.658996582031 681.730651855469 681.29150390625 680.206237792969 679.068359375 677.2109375 675.400146484375 674.570861816406 673.112976074219 670.3544921875 669.103881835938 666.990966796875 664.732849121094 662.601806640625 661.3623046875 656.625366210938 643.522155761719 650.031066894531 648.562133789062 647.180480957031 643.877197265625 641.344177246094 639.950134277344 639.445861816406 637.533569335938 635.014526367188 631.981018066406 629.012817382812 627.169921875 624.708984375 624.082702636719 622.92529296875 620.518859863281 617.970703125 615.0859375 612.149780273438 608.982727050781 604.842895507812 601.087585449219 597.034606933594 592.170349121094 590.614013671875 588.278503417969 585.20751953125 581.317199707031 577.906066894531 574.97314453125
679.463684082031 679.768371582031 680.037536621094 679.48974609375 678.068725585938 676.581359863281 675.170715332031 673.379272460938 671.960571289062 671.565063476562 670.227294921875 668.935852050781 666.945739746094 664.907958984375 662.987976074219 658.231628417969 650.066955566406 649.908203125 652.781616210938 650.628051757812 648.367614746094 644.802062988281 641.662658691406 638.854675292969 636.040222167969 633.897338867188 633.171020507812 631.497863769531 628.668212890625 625.976196289062 622.819580078125 620.762512207031 620.026123046875 617.932800292969 614.541625976562 611.1533203125 609.411315917969 607.887390136719 604.159484863281 600.310302734375 597.022094726562 592.48876953125 589.300842285156 585.187438964844 581.380737304688 579.294006347656 576.053283691406 572.273620605469
678.204284667969 678.090637207031 677.876708984375 677.484924316406 676.548034667969 675.52880859375 674.317565917969 673.611755371094 671.782653808594 671.116821289062 670.193054199219 668.388000488281 667.237060546875 664.788208007812 657.238708496094 653.632385253906 655.980712890625 654.240417480469 652.156311035156 649.96826171875 647.738586425781 645.057495117188 642.352844238281 640.182556152344 637.256286621094 633.158203125 630.131713867188 627.403015136719 624.439697265625 623.786743164062 621.896484375 619.160034179688 617.845031738281 615.169006347656 611.380981445312 608.844055175781 608.904357910156 606.740478515625 602.19677734375 598.985473632812 594.555053710938 591.347778320312 587.991088867188 584.524475097656 581.449035644531 577.795227050781 572.558227539062 567.567260742188
677.769348144531 677.4072265625 676.688842773438 676.410034179688 675.939758300781 674.512878417969 674.093566894531 673.507080078125 671.830078125 671.096557617188 669.791870117188 668.14501953125 666.79345703125 663.897216796875 654.965698242188 657.039245605469 656.517883300781 653.100524902344 650.691955566406 649.092895507812 646.991333007812 644.493347167969 641.68017578125 639.229797363281 636.871826171875 634.235900878906 630.990844726562 627.188598632812 623.748962402344 622.841125488281 620.571411132812 616.449829101562 615.111572265625 612.186462402344 610.08447265625 608.838073730469 606.998840332031 603.098510742188 599.513916015625 595.866943359375 592.238464355469 589.126159667969 587.257141113281 583.351318359375 579.490966796875 575.597045898438 570.949279785156 565.767395019531
676.002258300781 675.845764160156 676.012756347656 676.250671386719 675.0703125 674.235412597656 673.903198242188 673.08984375 671.768493652344 671.177734375 669.872497558594 667.534484863281 665.211547851562 660.763366699219 655.107971191406 656.540283203125 654.174865722656 652.028259277344 650.423217773438 648.369262695312 646.051086425781 643.556579589844 641.765319824219 639.120910644531 636.291931152344 634.303466796875 630.801879882812 627.457153320312 623.850830078125 620.967590332031 618.076477050781 614.831176757812 612.944580078125 611.712463378906 610.28955078125 607.870910644531 603.491943359375 599.667602539062 596.814697265625 593.985717773438 591.122863769531 588.077270507812 586.362731933594 582.371398925781 577.517700195312 574.073669433594 569.00634765625 564.266052246094
674.541259765625 674.363708496094 675.187438964844 675.497619628906 675.099609375 674.998901367188 673.643249511719 673.060852050781 672.255920410156 670.676147460938 669.071228027344 665.976440429688 661.314636230469 657.263122558594 657.725219726562 656.189025878906 652.917907714844 650.780212402344 650.0224609375 648.176696777344 645.066955566406 642.24462890625 640.111328125 637.9775390625 634.91748046875 632.269775390625 629.884765625 626.8017578125 623.141967773438 619.412963867188 614.637084960938 612.143798828125 610.373168945312 609.767028808594 606.974060058594 604.127990722656 600.826110839844 598.16796875 594.332397460938 592.529907226562 588.741516113281 587.177612304688 585.6611328125 581.907653808594 577.019775390625 572.770385742188 568.281127929688 562.763488769531
673.056884765625 672.681091308594 674.489013671875 674.303771972656 674.438659667969 673.658996582031 672.865478515625 672.581665039062 671.168701171875 669.893920898438 667.66552734375 663.265441894531 663.560180664062 660.524597167969 657.722717285156 654.901794433594 652.917846679688 651.947387695312 649.735900878906 646.964477539062 645.408996582031 641.969299316406 638.972473144531 637.271362304688 633.871826171875 630.908081054688 628.262390136719 625.917419433594 621.98779296875 617.416687011719 612.488159179688 610.401306152344 607.662780761719 604.90234375 601.343200683594 599.044250488281 595.742919921875 593.577209472656 593.376953125 590.867126464844 587.312438964844 585.150939941406 583.9423828125 581.233703613281 576.43994140625 571.375061035156 566.837097167969 562.412353515625
671.444580078125 671.367736816406 673.195678710938 673.999450683594 673.507507324219 672.874389648438 672.570007324219 671.9267578125 670.020263671875 668.341186523438 666.305297851562 661.343811035156 662.288818359375 660.291015625 658.249755859375 656.288879394531 653.422119140625 650.043029785156 647.490783691406 646.314331054688 645.465698242188 642.644653320312 639.429016113281 636.875122070312 633.139221191406 629.745483398438 626.726989746094 623.99072265625 620.454406738281 615.829650878906 609.985595703125 606.359802246094 604.430053710938 601.222961425781 599.111145019531 597.06005859375 594.59765625 594.349609375 591.642150878906 589.363098144531 586.88818359375 584.599792480469 582.632080078125 580.559387207031 576.161560058594 570.211853027344 566.214538574219 561.6884765625
671.013977050781 671.060607910156 672.865661621094 673.369262695312 672.889038085938 672.644714355469 672.152282714844 671.264770507812 669.390258789062 666.783203125 663.133117675781 659.694458007812 659.012451171875 658.321228027344 658.541809082031 656.887390136719 653.181945800781 649.807861328125 648.747009277344 646.2763671875 644.945007324219 641.114501953125 637.518615722656 634.909362792969 631.687316894531 628.299865722656 625.973388671875 623.27685546875 618.473815917969 613.520935058594 608.6611328125 604.712280273438 602.903015136719 599.636291503906 597.648315429688 596.552185058594 595.614318847656 593.309020996094 590.850708007812 588.487854003906 586.563781738281 584.956481933594 582.688293457031 580.294067382812 575.85302734375 570.620300292969 566.363525390625 562.459289550781
670.691650390625 671.95263671875 673.169494628906 672.825744628906 672.488037109375 671.660095214844 671.316955566406 670.024597167969 668.334106445312 664.099853515625 661.407470703125 661.384033203125 658.85205078125 658.243408203125 658.002624511719 656.148559570312 651.7451171875 649.209899902344 648.989013671875 645.827270507812 644.334106445312 639.359191894531 636.180358886719 632.378723144531 629.066528320312 626.7861328125 625.213439941406 622.095642089844 616.690795898438 611.874816894531 606.869323730469 602.639831542969 599.637878417969 597.639221191406 596.026794433594 595.034851074219 593.856994628906 591.906799316406 592.195373535156 589.57275390625 586.7509765625 585.166381835938 581.989318847656 578.560913085938 574.857238769531 571.380065917969 566.834838867188 562.585815429688
670.132751464844 671.260375976562 671.946960449219 672.69775390625 672.751281738281 671.595275878906 670.382263183594 668.497375488281 665.997924804688 661.734558105469 661.889465332031 661.405578613281 658.561767578125 657.315979003906 656.620666503906 655.092224121094 652.119567871094 650.877746582031 649.530334472656 646.637939453125 643.359375 638.125854492188 634.567626953125 631.413818359375 629.373779296875 627.112731933594 624.143615722656 619.914733886719 614.441467285156 609.882263183594 605.434997558594 601.389709472656 597.872131347656 595.290405273438 594.370178222656 593.252380371094 591.800415039062 591.773559570312 592.562438964844 589.485656738281 586.654968261719 584.894165039062 581.841552734375 577.869873046875 573.280639648438 570.965209960938 567.516784667969 562.614929199219
669.608215332031 670.658508300781 671.048461914062 672.283264160156 671.749206542969 671.259338378906 668.166748046875 665.308837890625 664.194091796875 662.359069824219 662.163452148438 660.528076171875 658.29638671875 656.472412109375 655.355102539062 654.083862304688 652.466064453125 652.207336425781 648.302490234375 645.005310058594 643.080017089844 638.339416503906 634.366149902344 631.969848632812 630.005432128906 626.572265625 622.135620117188 617.228515625 613.878845214844 609.044128417969 604.284973144531 600.752075195312 597.138977050781 593.593688964844 593.347839355469 593.025512695312 592.2568359375 592.325805664062 592.797790527344 590.056945800781 586.835571289062 584.978271484375 582.035522460938 577.657897949219 572.820983886719 570.187622070312 567.225463867188 563.385559082031
669.579833984375 670.715454101562 671.554260253906 671.475769042969 671.367858886719 670.977233886719 666.769165039062 665.785705566406 666.161376953125 663.977478027344 661.932189941406 661.090759277344 658.855712890625 656.213928222656 655.071472167969 653.560485839844 652.353820800781 651.806030273438 648.217834472656 645.919189453125 641.901672363281 637.872436523438 634.862060546875 632.271240234375 628.657531738281 624.019165039062 620.175537109375 617.86376953125 613.8828125 608.700073242188 605.2822265625 601.4013671875 597.751708984375 594.015319824219 592.954772949219 592.845764160156 593.288818359375 593.743835449219 593.287963867188 590.919860839844 587.014587402344 585.571472167969 582.693786621094 578.366821289062 574.377868652344 571.174987792969 567.802062988281 564.207336425781
668.911926269531 669.987731933594 670.918701171875 671.012329101562 670.605529785156 669.537109375 664.305236816406 666.10791015625 665.313537597656 664.164428710938 662.378967285156 661.518188476562 659.108215332031 656.324523925781 655.139282226562 653.947570800781 652.459228515625 650.150512695312 646.873596191406 643.569946289062 637.50244140625 636.392822265625 634.925964355469 632.361083984375 626.990295410156 623.018371582031 620.482177734375 618.492431640625 614.340515136719 609.593627929688 606.471435546875 602.590698242188 599.908935546875 597.372131347656 595.252563476562 593.4677734375 593.696166992188 592.126525878906 589.920043945312 588.477294921875 587.482849121094 586.426086425781 583.8037109375 579.642578125 575.782348632812 573.015808105469 569.193115234375 565.200317382812
666.136962890625 668.199768066406 669.587646484375 669.380859375 669.080749511719 667.855163574219 663.747009277344 665.891967773438 664.396423339844 662.959655761719 662.522033691406 660.938354492188 659.117248535156 657.892456054688 656.301513671875 653.998962402344 652.236694335938 648.864013671875 646.005615234375 641.709167480469 637.456726074219 636.629150390625 634.90380859375 632.333312988281 627.633728027344 624.240173339844 621.966125488281 619.79296875 615.371276855469 611.035278320312 607.803649902344 604.415344238281 601.458923339844 599.567443847656 597.879821777344 595.397338867188 594.104370117188 591.989135742188 590.05908203125 588.19775390625 587.12353515625 585.85595703125 583.890014648438 580.917785644531 577.228759765625 574.644836425781 569.854309082031 565.506408691406
