rasters/Sudan_CLYPPT_M_sl2_250m_ll.asc
NCOLS 202 
NROWS 163 
XLLCORNER 21.809448692 
YLLCORNER 8.681641793 
CELLSIZE 0.0831293288316832 
NODATA_value -9999 
[rows 92 to 114 of 163, columns 52 to 103 of 202]
7.78638462005669 7.53615683654118 7.35957905606534 12.7111856891199 9.78504829010388 5 5.16664641924294 6.17370770819371 8.64971451132825 9.1680586770331 8.7770910526631 8.15214420215047 6.71472392638029 4 9.34542610702742 7.36633663366576 8 8 8.34320901415091 6.2852760736197 5.44823239992653 7 5.91154406851742 10.1618629654369 13.222772277226 17.7147239263803 9.0646753325619 8.73000060742303 8.43638765717096 8.28527607361971 6.80934519832364 5.52630140314738 11.7423464739105 9.90592540849003 11.4843133086214 3.41014699628486 7.73762376237577 3.56349085828766 4.95622000850438 16.874309056672 4.7558616291079 6 3.10156107635495 16.3298305290673 15.4294478527606 14.2848053210237 14.3937010265447 19.5637793840736 17 4.32197959059693 3.64851485148511 17.7739020834568
13.3712263864418 4.82515337423336 6.24245277288461 13.6272854279225 12.7059922249876 6.50900504160737 5.29207920792035 9.82515337423336 12.0198019801974 8.42490736803521 10.1203152523839 8.17565146085189 3.88613861386128 5.64064872744907 6.24429022656785 7.97629532892066 6.76715969142931 5.06664945635604 8 10.2669470934884 4 7.91203000668204 8.97631051448575 15.5492923525467 19.2393397315205 7.56792504403858 12.0962764988256 7.89007167587948 6 7.53023446516453 7.27368948551355 7 5 3 0.55670290953865 7.98851971086542 0.649501913382874 3.88834052116879 8.15970661483405 5.53817651704212 4.28185932090128 11.0253143412513 12.5364149911933 17.1826368219645 17.0898681892731 9.84653465346494 14 7.82515337423336 15.9039209135641 0.743455020348562 3.35148514851489 4.50495049505106
13.3019801980191 9.06441717791443 5.03954321812539 14.8615835509895 13.9416418635726 7.87134787098455 11.6435036141652 7.25704610338016 9.06441717791443 7.85973091174366 7 6.7501366701083 3 6.98610520561142 6.92668407945158 7.17136913077917 7 6.93558282208557 9.90720099617332 8.67073133693648 2.32178217821818 4.41684383162225 6.12086193281966 7.99840551539821 16.8562686023215 7.21536172022113 8.95312215270574 8.56429569337216 13.6585373261267 8.03667314584235 8 2.93069306931247 8.18947032740047 9 9.46281054484044 6 2.77142683593488 5 6.06951952864039 7 7.25516309299575 14.9843740509019 13.3183198687984 16.9166312336717 16.2307295146701 3 16.2640770211958 7.41590232642872 7.97098038024637 0 2.71293202939954 3.09811395249665
12.0460122699386 7.71434428718892 10.1864180283061 13.0460122699386 11.0460122699386 7 6.24606693798172 7.39108910891253 7.0234617019984 7.21602988519513 7.70246917329707 7.09202453987727 5 5.01553483569346 8.20658446212578 5.06286825001528 8.38257000546708 10.6648241511299 8.04601226993864 6 16.3677944481568 12.2482840308571 11.4865455870735 10.9574804106163 14.2726568669136 10.1573224807142 1.81824394094828 7.40021563506094 8.8619631901841 4.91377634696064 4.71432910162119 5.96469355524517 7 7.13325335601031 6.06731762133073 1.80744700236278 7.3302557249594 5.51720524813245 7.02482840308572 7.44059405940776 6.34158415841559 17.4437830286078 17.0449340946374 20.2684656502477 21.0519498268846 8 9.79353702241311 5.26719006256564 5.97927170017609 5.02072829982383 3.97016035959425 4.03439531069667
13.4584219158099 6.21762436979788 5.08769665310114 12.5306748466275 14.0646297758615 7.31930693069193 8.5514790742888 6.4522717609201 11.6902144202161 5.15644171779085 3 5.02312761951135 7 5.98747190669881 6.772565753509 6.18316831683288 6.64966895462586 13.2619206705929 6 5.01927048533155 14.7374567211332 0.598615076231756 9.15644171779084 7.84743060195633 12.4053939136271 11 14.4999696288628 8.05808479620956 9.92642592480146 5 7.89544736682304 7 3 11.1634270789004 5.0643564356417 13.1633663366321 19.4847081333876 8.94346413168949 20.4675788130969 19.7720646297759 19.6049778290717 19.9620512664763 9 6.75258154650226 7.88257000546656 4.04409888841351 1.96050233857744 4.39795298548205 5.53646054789625 7 3.5470600741059 15.4756879062147
11 7.43552207981413 11.8960396039602 12 9.93104233736224 9.66538601713084 8.55895037356512 5.09360383890718 6.80061349693429 10 7.50447974245188 4 7 4.747980319505 4.91584158415915 8.13258519103426 14.8406730243596 7.92751928566576 11.7331288343552 27.9532284516839 7.87947214966973 14.5337423312895 11.3576049322728 13.3986059648919 14.513925165524 8.73312883435524 8.80038571341926 14.0896404057571 6.38834052116895 2.43069306930735 7.80978557977663 4.17597035777471 1.90200753204213 5.24146571098842 8.68160420336591 15 13.3281753021933 4.75365972179868 18.2290742877976 10.7091811941843 7.34158415841559 9 8.81812245641613 7 5.69320597703877 2.81863876571968 5.06737836360359 2.62277531434112 3.12022413897899 3 5.47544493713133 6.09606390086659
12.1712932029408 8.49630990706435 10.7011480289139 10.3754327886766 9.0354886715667 8.19306930692988 8.29207920792035 6.14755816072447 11.8872016035952 10 6.14301767600088 4 2.37730061349644 6.62269938650356 5.08415841584085 8.81683168316712 19.4093269756425 16.6146662212211 14 16.6944815647179 13.2453987730071 12.2774403207194 19.746461762741 10.9103292231091 7.65071675879268 8 8.54684747615735 18.0081850209576 6.70714632813001 10.9466075441891 7.86495474701207 4.47781388568256 12.4562351940728 5.97842130838809 12.0833383951892 11.4267144505921 8.83661847779828 9.60233554030203 20.1210137884975 7.16072404787263 13.1986879669546 7.42844560529828 7.8564356435634 2.01681042337437 6.64324545951579 4.58503917876474 6.53451679523792 3.59617019984141 5 4.34217639555405 4.0080939075509 6.33358136427275
11.6178855615628 6.50728907246531 5.89603960396018 5.47541456599296 5.97315191641938 10.4133663366338 5.70792079207965 13.4307689971506 5.6499271092784 5.80732551783035 6.64749741845408 2 4.90788434671616 4.0224594545363 7.04311182651967 8.41843831622337 18.1376267994898 25.2594606086312 15.7860809087084 8.69296300795843 17.3395341067847 17.51226993865 6.32096215756717 9.49958998967387 10.3349328797912 13.866412561503 8.62720950009058 6 5.27845775374923 12.9168286460523 12.1913837089209 9.63146145902962 4 10.0346534653472 13.0245398772999 14.0040089898559 9.51870861932768 6.32714268359342 11.6708528214767 11.0716758792422 14.1708983781812 18.3694193038933 14.5238261556176 9.60309481868634 5.51562594909837 7.07484966288065 5.87066452043946 4.51226993864996 4.73198991678364 4.54950495049524 7.1800552754661 7.38913017068497
8.29617931118319 6.75531494867194 4.8036809815955 5.59718763287321 9.3159812913789 8.11873595334982 12.2487395978866 5.16945574925276 11 9.16511267691236 8.96463281297377 6.91445969750334 5.64391362449115 0.604127437283907 4 13.9115592540858 17.9937283605658 24.6120391180443 15.5744700236859 15.6618174087334 17.807522930207 14.5086405879849 14.1977920184653 9.02475247524677 8.11867521107846 9.49451801008317 10.7144202150309 7.73557371074477 5.18898438923625 13 11 9.23267326732812 16.0799520136058 11.3879153252748 15.5596640952448 13.09771912774 9.26438073255035 5.64849966591685 5 11.4405940594078 14.9329405333173 16.2055214723933 21.2005861629096 10.1875721314455 6 8.16619085221363 6.04956569276565 5 4.59815950920225 8.78652129016588 8.50727388689776 9.40184049079775
4.69801980198094 9 7.96970479256509 3.00495049505106 4.29141104294469 5.76485148514836 4.6557128105426 10.4053787280572 11.7955415173417 10.5825639312404 4 4.29141104294469 6 3.99567211322323 10.2668863512119 23.0295966713269 17.8730486545587 10.9462127194379 14.3402630140295 16.4104203365112 16.8023598372109 13.3928810058921 13.2914110429447 9.28419789831757 4.32238960092296 6.89901597521731 9.61413472635819 11.5593603838925 15.1783696774548 8.44379821417674 8.0111613922134 11.4466531008914 16.0389509809875 13.9754449371313 15.0456022596111 15.8842404179079 15.2602958148568 14.8035594970536 10.8658355099316 14.5594059405922 18.533453805503 14.5121332685411 13.6427139646482 15.9108910891048 7.96141347263551 3.64456660389955 6 6 4 5.1312792322176 7.70858895705531 6
3 4.20297029703029 7.73387292716944 8.18414019316186 5.72495899896641 4.80693069307012 4 1.88979833566181 3.49009900990129 4.67305472878708 8.40061045981738 4.85754419000152 8.56538905424198 9 7.48924861811524 17.6690001822255 7.18004008989822 10.6877999149636 18.5511298062316 11 16.7607817530213 5.85933608698258 19.1585828828286 3.03583793962117 5.25523902083448 13.2040940290366 9.91757273886822 9.41787645022217 8.08511510660275 10.5062108971656 8.72834538054997 17.4895827005998 16 16 13.1576869343387 14.5394672902919 15.7715331349079 14.7688452894363 14.0976583854708 14.3608546437479 19.7571979590592 17.0439014760375 17.9625827613441 14.6541638826458 7 8 6.13528822207394 5.88263074773696 6.45049504950647 9 6.53114559922217 4.65833991374734
10.0213053513943 0.281160784793909 5.07788677640882 13.9248466257644 4.08742331288383 1.23637854582996 1.55368098159839 5.11808297394547 4 7.0289892486186 6.90124825365539 6.67606147117597 8.06251898196042 8.01485148514977 9.98812488610818 9.37925955172471 4.7377300613501 4.35429447852428 12.4521806475193 17.9406244305402 15.3217821782182 9.42446698657098 12.8848478406145 4 10.4803195043468 7.92944785275974 7.19244669866043 12.9556429569331 9.52970297029782 14.4708588957065 14 10.3032254145684 16.8052147239262 14.0322085889576 16 9.42033651217672 15.0520409402911 11.7032132661111 13.9619297819347 15.5250561866089 17.9776468444387 18.7916540120265 14.0932697564239 18.8466257668665 8.06671019862816 11.2131901840503 14.1291836238829 6.92944785275974 8.03876875417647 7.96821660693633 7.95424588471053 6.76533742331241
4.15975217153313 6.35796938589661 12.8278108485692 12.9698262771091 11.9962491647937 12.9188635121194 5.32030917815677 5.41537083156335 5.97966652493464 6.52573953714266 8.46978072040616 8.38586527364435 7.11386138613872 17.4592267508825 16.7475247524775 4.07245034319407 9.0112525056187 7.5238565267599 15.5769756423577 23.5561106724155 7 8.93801251290749 6.03987730061365 3.14438437708773 16.9656198748717 14.4400473789701 10.9601226993863 11.1924770697916 7.02112312458251 14.1159114377686 18.6949675028847 13.9601226993863 15.8716667679045 10.069003219341 13.9626890603169 11.1902144202137 11.7480866184774 11.6530249650735 12.3261100649926 13.7373807932812 16.01362145417 19.1724928627841 14.994275041001 12.1577324910411 14 7.8188969203664 10.7874020530881 18.9881552572434 7 6.45444329709029 8.13203851059995 3
14.4536536475723 5.44256818319848 13.015625949098 9.84969325153414 12 12.7711686812855 4.08780295207399 4.90847658385519 12.3566178703762 8.58798517888625 8.68031343011699 8.18230273947597 9.73583186539541 8.00223227844275 9.15030674846587 6.4562503796395 8.71782178217835 12.6188118811913 10.369495231735 36.3418423130651 7.40480167648589 11.0724655287618 8.10516005588279 13.5975065297926 11.7977586102176 10.8496932515341 16.0409251047801 15.6287128712866 19.0089291137705 15.365956994473 11.4321356982327 15.6993865030683 14.1518556763632 17 11.7950100224766 10.7223774524718 10.6267539330619 15.0107361963179 12.9326975642341 13.1893336572974 18.4918909068815 17.2061137095315 15.7061288950975 14.6012269938635 17.0462704245886 18.9769331227601 12.6453562534148 9.55103869282707 9.76556520683037 7.91740569762517 7.55103869282656 10.1123580149422
6.48022839094029 12.2029702970303 11.5184049079766 13.9950495049489 13.0940594059411 14.0676668893899 11.1845805746225 13.3910891089125 11.132949644658 7.30720403328713 8.7694375265745 8.79476705339193 11.6847779870005 8.98514851485024 17.0092024539874 17 15.5306596610577 16.5568547652325 9.21247646236256 10.5305078053839 5.73926380368022 7 13.5214723926396 15.460228998359 11.074257425742 14.3888264593335 13 13.1105509323936 18.3761009536534 8.57913199295465 11.7511389175739 15.7773188361775 12.9011875113898 16.9819291745122 14 9.2059618538522 15.8282208588934 14.6349693251515 15.0791471785187 16.3257152402367 16.1716728421314 13.7843497539938 16.0374324242244 17 21.3293597764666 19.2607361963198 15.8133541881792 9.09164490068651 8.73704671080762 8.666965316164 9.52057644414801 10.6422887687557
11.7409190305529 12.628834355828 13.4365395128473 9.63378485087907 9.3413260037679 10.9283393063235 10.4451649152647 13.3910891089125 15.0380702180657 7.21865698839797 16.3118811881195 15.920989491587 19.7426957419667 6.69375265747959 9.54467593998716 8.85751381886769 16.2094697199782 14.7703182894964 7.83197169410429 11.4207920792094 12.1688179554152 15.257668711656 13.3252293020716 13.3619783757522 16.5821387353461 17.7226659782546 15.8287827248993 18.4910253295263 16.8033924558096 12.4306930693074 11.0394824758545 16.8022839093732 15.0840521168677 13.5718277349232 14.9356435643583 13.2155743181681 17.1535868310765 14.4015823361477 14 11.0941353337776 17.3415841584156 15.8048350847361 9 17.8994107999711 17 14.371165644172 16.5637793840731 9.1102472210416 8.3455475915679 6.14159023264271 9 8.21240053453176
14.66383708923 16.3763742938709 12.0500668164977 15.0342434550194 14.4850574014457 13.0703851059949 16.5580999817765 6.23955232946674 15.2172599161759 20.3053969507374 21.5517676000718 26 20.4815950920246 7.40797546012308 8.2727479803214 10.1152584583589 15.5080179797121 10.3120482293642 17.2326580817607 6.49708437101385 14.289816558343 10.3014487031526 12.5780082609486 14.4815950920246 14.9642379882163 20 14.3520014578099 11.3027850331043 13.9540788434665 13.5184049079754 13.2087559982994 12.9666221223376 22.4172234708137 13.05134240418 11.6161240357135 11.6732673267359 9.73762376237577 9 13.7782755269394 11.2899987851536 12.3296634878213 15.9631901840492 16.9308601105505 17.9554455445524 12.8910891089106 18.3065814250118 9 4.96319018404923 9.28486606329262 22.6231245823968 9 10.4950495049489
8.70468626617153 16.4718611431692 15.9390451315073 16.9921186903942 13.4252870072285 14.7623762376255 13.4649972665971 1.39108910891253 13.2074955961846 16.6435643564398 15.6500182226817 18.9309208528219 10.1840490797545 6.40797546012273 10.0689121059355 6 12 7.17571220311051 17.2754206402206 12.6447184595776 7.78252748587759 12.3170898378182 13.4812458239688 20 8.51776711413527 19.0706888173479 16.4308297394165 17.1524023567995 17.0320567332811 17.0227176091846 16.543294053332 17.3165279718139 19.6465559132597 10.8633602624075 3.96189941080108 7.59202453987727 9.2128712871273 10.5920245398773 15.1878302860959 14.032618599285 15 13.4484146267381 13.9009445423076 15.4343527911086 10.4079754601227 9.05242057948245 13.8159509202455 18.3839367065544 18.1655682439422 18 20.4079754601227 18.7475247524745
12.4242543886277 15.1503826763042 16.0420943934884 14.9985269999388 12.2415720099619 14.2975460122705 14.2106390086867 8.21782178217494 14.5507349814728 17.7024539877295 20 16.8504677154831 11.7024539877295 9.41374597582418 5.75253598979438 13.8524266537109 18.5111310210786 16.7623762376174 9.14271396465588 11.8906790985866 8.44176334811437 17 15.8762376237626 20.404907975459 18.2232885865285 15.6652493470215 15.5445544554425 14.2209500091121 13.5271669805001 13.8356010447663 17.2364696592348 16.514031464495 11.7819959910093 8.96534653465283 12.6855068942462 11.1341796756385 9.14140800583125 9.10280629289963 12.1605570066214 17.5240539391354 12.8983629958087 17 16.5007592783801 17.981959545647 24.6479985421848 15.6501397072239 17.2224230091723 10.2469021442016 16.5495049504935 25.4822328858672 18.7029702970298 20.5251017433022
14.4890967624365 15.7970297029697 16.0831561683776 17.0049504950511 13.0165978254261 13.8430571584773 13.0546528579238 13.2910010326157 14.4938042884045 14.5891089108901 21 17.0257547227115 12.1658112130234 17.1843376055397 19.0841584158408 9.81288343558255 9.11721739658495 14.9930450100262 16.967806596606 19.7172295450383 8.79863937313972 11.4446789770997 15.4245580999816 17.9504950495065 16.5792990341977 15 11.6297758610193 13.4386503067476 13.5297029702978 9.07721861143326 7.73038024661321 18 14.8913472635613 13.8193676729635 14.5854947457942 11 16.4265625949104 15.761009536536 16.5613648788189 16.6196167162721 18.471299277167 18.1008473546752 20.8564356435634 20.5978861689832 17.4083095426113 16.0910830346839 12.5322237745256 16.3843163457436 15.1028214784667 17.5347901354552 22.5044190001815 29.1398742635
10.6748618113351 2.26409220676789 6.10396039603982 16.0865881066674 12.9059405940589 13.9233128834348 12 18.5622152706048 10.5667861264665 16.1218641802843 18.8466257668695 15.7430905667247 6.93438316224414 11.9381643685845 17.7763925165498 13.2598554333981 15.0953957358904 6.40782360443335 18.9235710380796 10 2.07668711656524 6.48806414383812 9.60248739598237 14.0519346413185 18.9796513393684 11.9100255117527 15.4554455445575 15.1609973880803 4.95937860657182 12.5469082184284 9.2549960517522 15.3503614165122 15.2300613496957 14.150716758794 13.2796118568921 14.1283180465302 15.9434337605534 12.4870467108072 15.4603960396035 16.4405940594078 18.3153890542423 19.6598584705077 19.7797485269982 19.9143078418232 19.9274889145349 19.0531494867283 20.9806384012632 16.5987821174755 14.0619571159615 33.0842799003836 25.779657413595 23.9426744821716
13.0133632995203 14.9731063597155 18.4675028852567 19 14 12.0272277227726 15.0238868978925 19.7650944542254 5.50730425803363 17.9066239446022 11.9662576687113 10.9590748952192 5.6164733037741 14.0480926927064 15.0756393123968 12.5999210350456 5.58857741602378 9 9.56974731215773 1.15307052177326 7 9.93251533742265 13.7524752475251 11.0666494563574 8.07175180708197 10.8663214480963 14.9846322055516 8.01252809330027 16.4028123671248 14.0337423312887 13.618432241998 14.457495596188 15.1628955840365 19.9665158233609 15.997828463828 14.0337423312887 21.0160359594243 14.9878059891878 15.9052572435146 15.5067879487312 17.0115258458362 18.2599465468031 21.1965164307856 19.0093087529628 22.0507805381766 19.9766142258396 22.9747767721555 16 19.0860262406617 26.4842373807934 38.4308297394165 24.2003128226905
14.3455172204328 18.7409190305538 21.7330832776523 22.8374536840132 15 18.951102472211 7.02426653708287 6.14417177914088 10.8180465285779 16.3732764380725 18.5338334446954 13.1134817469475 18.6102168499054 12.857969385896 13.0840369312988 6.01381886654808 18.8558282208591 11.6524630990654 2.69931057522657 4.77232278442624 4.32178217821818 7.82371074530793 9 10.8346443540068 11.9193798214175 10.122623458666 15.2330225353811 14.5380702180644 18.0085646601472 16.507213144627 11.7158932150872 13.2798548259712 13.9894915871951 8.47351637004082 13.6503978618703 16.6924618842271 12.3687207677825 15.7116564417182 17.8558282208591 15.6439591811898 13.3415841584156 14.3771943145205 15.0808631476663 17.8112737654115 18.0614408066587 23.2219674421425 20.5346686509115 19.6485148514857 21.2938559193316 31.6831835023977 21.5550173115472 16.3247433639066
