rasters/Sudan_SNDPPT_M_sl2_250m_ll.asc
NCOLS 202 
NROWS 163 
XLLCORNER 21.809448692 
YLLCORNER 8.681641793 
CELLSIZE 0.0831293288316832 
NODATA_value -9999 
[rows 88 to 109 of 163, columns 0 to 49 of 202]
-9999 -9999 -9999 -9999 -9999 -9999 -9999 -9999 -9999 -9999 66.8807173662141 87 85.2013758124274 83.2284061228209 89.6802071311432 83.4468808844069 86 71.0985391483948 89.033226021988 89.3131112190979 79.668757213143 85.1685598007652 71.3789254692356 85.398970418515 83.0920245398756 85.1697442750419 87.2730061349689 78.344408673996 75.878485087769 87.5789193950073 66.3798973455636 76.2341158962523 88.0345319808018 89.5938316224268 80.7038966166583 87.8176517038195 92.3557826641555 84.156775800279 88.085145477738 76.9339579663471 91.005406062078 62.5134544129268 92.9100255117526 94.894581789467 67.7582913199232 84.37367126283 93.6797971208174 92.2175939986636 90.2195377513211 88.7269938650311
-9999 -9999 -9999 -9999 -9999 -9999 -9999 -9999 -9999 -9999 84.7423616594792 82.1385683046835 73.727358318654 73.0638249407809 74.2446698657588 91.6084856951953 78.4009900990078 70.2878272489831 82.305503249712 88.6489856040821 79.7668711656439 85 85.4401536779448 81.5501275587677 86.5707799307532 88.3739446030488 82.5360505375685 88.9042246249162 83.4587256271635 90.3915446759388 81.3204914049684 79.4748982566962 85.8329587559996 76.954124400172 86.7668711656439 89.9943054121365 88.3609153860166 81.3540666950128 91.1922948429817 82.5891089108918 69.0990706432628 77.9397892243211 89.1119935613191 72.2243363906942 88.8046832290572 92.0018981959539 84.0242361659476 80.010311000431 82.6384771912767 73.8286916114929
-9999 -9999 -9999 -9999 -9999 -9999 -9999 -9999 -9999 -9999 87.2731124339436 84.4679736378551 88.234708133389 65.1531008929082 69.2256423495102 88.9951558039259 87.5721466318417 87.1149091903053 71.3570278807084 60.6697594606006 75.9641620603776 78.2651400109374 85.3683259430245 76.5780386320823 78.4432363481767 74.9136396768408 79.4831136487851 88.8995170989512 87.4995596185366 82 85.9927109275373 84.5061349693263 77.8571797363774 67.584325457084 84.3793810362629 84.4940472574854 78.2418605357389 82.9222195225657 81.1624703881446 83.1199507987605 89.4998785154589 90.5061349693263 91.5600892911381 89.5061349693263 85.1999179979433 84.5061349693263 87.5048593816446 82.8947792018465 59.4938650306737 40.3764350361382
-9999 -9999 -9999 -9999 -9999 -9999 -9999 -9999 92.3978770576454 85.0106450829101 83.7386108242725 77.6042944785289 83.3957055214711 82.5367794448053 86.7096367612265 84.7228482050622 85.7855645994057 80.4653465346536 87.5370679706011 60.3944147482306 66.8525936949559 75.4400929356708 49.6709287493157 64.8461246431424 66.947214966901 75.3611583550967 86.261905485023 88.0241298669755 86.2683745368396 85.0877725809404 81.4616260705801 80.2088774828343 80.9091295632626 67.4593330498716 74.023962825725 68.809360383888 75.8173328069003 81.8811577476735 82.6237623762389 83.7517007835752 87.2961641256163 81.7544341857519 88.7625736500022 76.5087620725337 85.3770880155506 81.610171293202 75.6042944785289 61.5103869282734 54.0734374050851 65.2922310636008
-9999 -9999 -9999 -9999 -9999 -9999 -9999 83.2937496203616 77.5021411650373 85.9549596063903 82.2317317621334 77.5435673935498 77.3631932211623 82.0893518799716 80.9356435643567 84.7344955354434 90.9237380793298 82.6316436858412 79.3366336633662 78.3078266415601 88.0594059405923 69.9385288222108 77.9353246674359 74.7641529490376 78.1653556459942 67.0070612889513 76.7500303711351 72.7751321144386 84.4847385045258 84.107635303407 79.422265079269 78.1551053878394 79.1211808297401 64.7645781449317 68.8347658385482 74.3043643321382 75.2852760736197 82.4104355220794 84.6073923343257 70.9916023810976 87.7753750835218 89.435203182895 92.1675423677333 80.5792079207948 85.003097855801 55.5434459090178 62.011935856158 70.0587985178877 83.7147239263803 75.2852760736197
-9999 -9999 -9999 -9999 -9999 -9999 -9999 71.4025390269095 77.8805503249714 66.4754601227001 60.2427868553709 79.888340521169 78.2207222255966 76.0170837635897 86.8589108910892 86.1687875842796 84 53.7978952803249 76.9420063171962 77.9786035351991 76.3829040879559 70.9350816983542 73.7775466196929 69.146130717364 62.1445058616343 66.1705187389901 70.2769695681219 69.7473121545276 72.8251533742334 70.8987274494323 50.6550598311394 65.3357680860112 61.2455658142546 75.4991647937808 70.1470722225631 70.1670564295694 70.7442598554338 70.3877179128956 80.8251533742334 76.7670837635886 81 64.2256575350775 85.1303377270229 83.8406882099245 69.0908856223019 78.5309785579754 68.2257334629205 87.0354886715663 89.6567606147112 81.5057249589985
-9999 -9999 -9999 -9999 -9999 -9999 -9999 -9999 79.3824029642228 83.448247585494 80.8813703456231 74.3435279110742 78.8020409402902 84.1334811395214 81.8753720464071 79.9977677215574 57.6328281601158 75.4109366458128 89.2672659904025 84.0741966834709 84.0467411771814 69.4267600072923 73.1390997995487 71.5246309907028 73.7468414019298 65.0412591872679 68.6366852942975 67.8194587863708 55.4427807811388 68.6455536657897 40.5568547652294 69.5543947032735 75.7142683593501 65.1266931907928 64.7082700601326 72.971253720465 76.0073346291685 81.5467715483208 74.7768936402886 88.0264684443905 83.9697047925648 86.4303134301161 84.0456022596127 90.8069306930684 81.1308084796284 80.0132570005417 84.1549839032973 85.0774919516495 87.9805472878575 81.1288343558289
-9999 -9999 -9999 -9999 -9999 -9999 -9999 86.7114134726363 77.1077416023811 82.9742604628561 76.2880854036301 66.5759733948846 79.7496962886468 72.9361750592249 73.831197230153 74.0806657352858 71.00437344348 73.101424406244 82.1380368098159 84.0198171657657 76.519042701817 74 70.5655105387843 71.3033317135409 75.3396252201952 68.0448733523659 68 62.8079784972362 50.6470114802899 50.6905940594052 46.0156866913674 66.6309451497303 71.750850391786 69.1368371499743 69.9539877300614 76.1055093239381 75.9895219583308 80.0460122699387 80.0776741784608 73.5620026726606 83.9774494320597 82.0187541760312 89.4484146267396 84.0920245398773 65.0460122699386 83.8727753143372 87.7389145356297 84.0460122699386 83.0321174755512 83.4009900990095
-9999 -9999 -9999 -9999 -9999 -9999 -9999 -9999 -9999 74.5281084856942 77.8487669319073 69.5387080119051 70.1974883071123 67.8758276134322 71.1463736864479 57.5153829800184 70.7157413594091 56.4765079268673 78.929311182651 74.4802435765049 74.6267387474947 73.2577446394973 72.1297151187505 75.4590445240845 70.0626404665016 69.6662364089173 72.5630352912603 60.2227722772277 50.2211018647875 38.3376662819642 48.6700479863928 66.6559861507619 73.3779535929015 71.0305837332195 68.0854491890894 81.3385926016001 75.5049808661836 75.9484905545786 60.9975095669038 69.7455506286826 74 72.3128834355817 78.3507866124046 80.4098888416448 78.1586891818 90.0156259490921 86.0162637429384 86.3424345502018 85.2547378971026 85
-9999 -9999 -9999 -9999 -9999 -9999 -9999 -9999 85.3415841584156 76.8262771062396 80.3771487578232 60.336815890183 73 68.7767265990394 70.6387657170624 77.8167709408998 82.9020075320421 64.8348113952522 71.3116078479005 77.7568031342994 78.1413624491284 74.8523203547291 69.8114256210906 59.8171809512211 66.0544402599777 47.3163761161417 47.2489521958347 70.7772277227723 65.5211686812827 36.5369313004916 44.2133268541578 71.2668711656448 74.8924558100058 67.3174542914404 72.1066178703771 81.2926107027879 83 72.1541335115093 51.5494897649266 71.9180738626019 71.8494047257503 71.1625007592788 84.5062108971624 78.932515337421 83.0689576626366 85.4675788130944 88.7781388568248 86 86.1819231002892 87.5608485695196
-9999 -9999 -9999 -9999 -9999 -9999 -9999 77.8652736439287 70 80.8970570369922 74.0906122820867 78.6751047804188 72.7726264957774 79.7946911255531 71.3340369313011 82.7415264532576 77.3553726538317 76.1005132721869 82.0795268177128 62.7806748466282 70.9320445848257 76.3854856344534 70.2722772277229 72.730592844562 64.6296999331834 71.0247524752485 75 66.2774403207194 57.1553483569199 42.5194375265746 41.3623580149426 44.763651825307 54.9185294296285 56 60.3048806414414 77.3624491283484 85.7872957541153 64.0037963919083 84.1799793476301 81.1784759764307 80.6226993865036 68.0803164672287 71.9114985118135 88.1251746340282 87.5641286521301 86.9950495049523 74.7546012269929 46.0895644779154 69.7733402174573 83.9957024843599
-9999 -9999 -9999 -9999 -9999 66.2845016096765 63.179584522869 72.3753720464075 57.1708983781812 73.7851090323759 83.1726750895946 74.0938619935661 55.9504950495031 77.3283727145736 78.4877300613501 64.0092631962596 77.1369434489453 83.6200419121666 67.8186387657175 80.5659053635422 78.2828919394997 73.6196015307067 79.4554455445541 71.5764897041862 67.0607574561136 72.9879274737285 52.7637581242807 45.7350422158777 48.0890026119158 41.1687420275753 39.5047378971025 38.804728785762 56 55.6587195529323 82.4056368827062 76.9512998845908 80.1504434185754 76.4225384194852 70.7267964526545 64.7126738747489 58.495505071978 83.3364666221215 83.166995687298 83.7053392455816 85.5817894672896 86.4607756787968 91.8673236955613 86.7970297029714 89.48773006135 78.3788950980999
-9999 -9999 -9999 -9999 58.5966713235749 57.7412227419083 79.2576079693836 56 67.2055214723933 76.9289315434601 75.2323847415421 76.8341736014103 86.1448095729814 82.574667436071 83.2348144323629 82.6467381400724 80.0626556520686 69.0635060438559 72.2645781449313 67.3805958816757 76.6831531312647 73.6239294174811 81.4351424406246 68.7340551539814 71.7260371742722 65.1756818319863 44.3724260462846 46.8851515519671 49.7236226690148 38.169091295633 36.4801980198026 39.248663670048 45.5490341978959 41.4754449371318 45.6451132843362 74 79.3560863755089 65.7884650428219 69.0899593026783 65.5854795602281 74.5264380732532 82.6250227783513 85.1747099556578 88.8069306930684 80.2341158962514 79.9890815768734 89.3600649942303 89.232065844623 89.8623428293742 92.9991496082118
-9999 -9999 -9999 57.3243940958496 67.2686934337604 67.6584310271533 59.1017281175976 70.8523810970058 73.3670047986397 73.1880580696132 72.9853155560947 76.2072526271006 85.8140830954258 76.6076049322709 74.4043157383209 82.9754449371313 75.1191004069759 81.4849814736077 76.2879031768208 83.2641225779012 77.2738413411919 72.6287128712883 58.8413108181983 73.8313642713977 76.9257425742563 62.7992771669796 61.0819565085355 64.931361234283 49.8108333839511 43.8773765413349 40.1373079025693 38.729894308449 40.8557674785914 54.4530310393004 66.1228816133198 79.5722984875176 71.485953349936 65.212871287129 68.7790044341853 67.343345684262 62.8712112008728 78.1227753143411 87.2920792079204 89.1435643564345 78.8785306444768 81.7071463281304 87.3001427443376 87.033620846747 84.7965893215088 83.4009900990095
-9999 -9999 -9999 -9999 64.2955567029107 73.0810453744737 51.9216728421339 71.198672781388 74.6047652311258 61.6193585616191 52.9015671505815 86.5423677337072 74.5383283727159 78.9408673996237 80.9356435643567 83.6033833444679 83.133663366336 67.6284547166369 79.9399714511327 84.0355797849713 69.9148848933969 67.695984935914 77.0824272611312 74 72.8324576322661 48.1809815950925 54.144855129682 62.3634361902451 62.7607817530215 49.9238443783025 37.6067089837815 37.7308054425074 43 39.0331500941505 45.4972514122586 45.5375690943343 60.5241754236765 56.6831986879665 54.9435552450948 76.6897284820473 54.4380732551578 85.1102016643385 85.4740782360444 81.1747099556594 86.5599678065978 88.3610672416947 87.0269391969838 86.8557522930202 91.0663457450032 89.490600133633
-9999 -9999 -9999 -9999 76.9923161027758 67.6412561501533 67.6122820871018 62.9813521229419 78.1634574500418 78.3615531798629 78.0736196319027 65.1616199963522 84.4799550507146 68.7660815161274 78.9401840490801 82.2079663487853 81.1336633663359 84.7837423312885 80.9060468930315 72.5595274251347 48.1742847597669 51.8407337666258 61.3527607361946 59 61.0742574257437 57.7670837635873 65.1237623762372 60.0007592783833 58.7009202453998 43 39.8250167041219 43.6355767478588 31.1917481625489 36.9967047318258 37.3153586831114 41.9851485148519 38.796376723559 51.3309087043639 58.5752141165044 76.8542944785307 82.947852760733 65.1532679341493 69.3726234586608 77.0136214541702 76.181482718822 84.6136336026317 85.2638036809796 87.279156289858 85.9786946486057 79.9437678430411
-9999 -9999 -9999 -9999 -9999 88.0046771548306 75.4097977282363 68.2534319382854 83.3178187450652 82.5992832412085 83.0728907246562 76.0841584158441 84.6872836056605 80.006514608516 78.2406456903359 80 79.9115440685181 75.8257607969387 67.880368098159 52.161316285002 62.4687025451 60.0546832290593 75.6805412136302 69.8336421065405 65.2113527303692 64.9990129381036 64.880368098159 57.0929812306388 56.5766415598596 37.0167800522385 40.9984207009658 44.9847992467958 45.1647178521487 58.0219127740995 39.0841584158424 39.9452712142383 60.3530188908452 47.7956174451799 75 85.0163852274798 81.0784334568407 66.5650246006196 48.327826034136 67.9755208649699 83.0398773006137 85.9601226993863 87.0398773006137 83.0635667861268 87.7898165583435 84.1403753872307
-9999 -9999 -9999 -9999 -9999 75.2761495474699 81.8348569519521 67.3631780355915 83.6993865030683 87.3250167041257 84.9232217700282 85.0959879730301 82.0307963311653 85.7108819777698 77.1503067484659 79.1797515641136 69.2437891028359 68.0440229605775 62.7998390329836 77.0116928870806 70.1503067484659 58.0148666707161 60.2268268237861 61.797454898866 51.1261920670615 55.5416388264602 61.6473151916429 61.7547378971038 54.0052086496997 46.0463463524226 39.8100892911393 39.0987061896369 44.1078934580569 54.2077841219674 67.0126495778413 43.9419303893544 77.7529460001219 84.0528913320785 65.5090657838793 83.71150458604 85.773051691673 79.4826125250559 38.6807841827134 32.8217821782196 68.8118811881209 80.9943054121384 88 85.9180131203354 75.6275891392802 75.9397284820509
-9999 -9999 -9999 -9999 -9999 -9999 75.1380368098198 56.2827400838215 78.7096823179252 83.7663092996398 84.0408339913739 82.4272459454545 84.2607361963198 67.6732673267353 73.9048472331901 78.2080119054848 73.9302982445485 66.8231033226007 69.8966925833676 69.3183957966349 53.5214723926396 67.9598797303055 66.2838182591261 69.7392638036802 58.3898894490703 62.2188544007753 60.2449887626807 42.3494958391535 54.501381886655 44.7986393731401 39.1062534167539 38.023112433944 44.9785579784964 47.9701907307283 47.1637611613961 57.0616685901744 72.856450829132 72.6788404300569 67.5122699386507 69.5031434125 85.0262102897416 83.4478831318716 77.2159235862231 73.2277227722771 53.8323665188621 44.9987092267514 87.0271062382309 85.7638036809793 76.8180009718757 81.3652888294974
-9999 -9999 -9999 -9999 -9999 74.9719826277114 75.0225353823744 77.7188695863448 52.7466895462542 72.9806080301284 79.8609609427202 79.1143169531702 57.144627346172 74.8366336633676 70.1137399015988 73.2794600012148 74.4455597400238 69.8615076231548 71.0049504950494 55.3431482718791 53.5404087954857 61.0717214359437 60 50.3416449006868 62.582138735345 64.371165644172 57.2117323695557 44.8824181497908 47.307052177611 42.8915750470753 38.0647360748342 38.628834355828 34.7178217821766 51.3663366336624 34.628834355828 65.128348417664 60.6578084188791 44.257668711656 71.7445939379215 59.371165644172 54.6812701208768 59.5245095061656 59.891590232643 78.371165644172 79.9059405940604 68.4828251230046 69.5165218975977 84.4234647391118 71.3019801980196 80.7776681042335
-9999 -9999 -9999 -9999 68.4835995869526 69.5844165704894 71.9676699265013 73.7484966288047 59.2873716819519 57.7511844742751 71.4278381825916 56.1695620482253 72.3552359837209 66.1856587499267 64.8344773127626 58.6403298305312 58.380413654863 53.3695407884347 59.5453137338274 73.4815950920246 62.3199599101045 65.0922826945299 60.8788950980986 57.6166555305809 47.146829253479 48.4935157626197 48.6421672842126 44.7329769786794 34.3266263742943 38.7152250501128 42.4815950920246 40 37.151931604204 39.7597187632867 50.7175332563914 53.5470145174017 54.0222164854523 67.3790773249103 76.3486910040702 82.3544159630698 70.0368098159508 78.1273157990646 73.2002672659909 82.936721739658 81.9128652129026 70.9851485148571 37.6933426471452 80.5577051570155 75.1565480167647 75.0220494442082
-9999 -9999 68.7475247524762 56.3977859442396 77.0873321994775 65.5598159509159 67.4079754601227 56.0404391666164 63.3998967381399 67.6615592540834 64.0468930328621 62.1850057705194 67.5921308388497 53.0605600437359 57.668225718277 49.9717244730603 66.2743120937868 53.2483751442627 68 72.4306930693074 68.74872441232 64.2988367855173 59.5445544554459 61.2665978254255 60.438270667558 49.5571736621501 42.9137459758254 48.185203182895 37.7644111036887 36 40.3638006438688 36.6336481807692 33.5920245398773 36.5161574439657 51.5422006924614 51.7584887323093 60.5682894976613 60.3677185203191 77.114210654194 81.3487669319083 88.2080270910522 65.7378667314586 81.3143412500759 77.8960396039617 82.0556854765225 83.9860596489149 69.6589017797424 85.25045556703 76.5482749195156 77.1980198019809
