rasters/Sudan_CLYPPT_M_sl2_250m_ll.asc
NCOLS 202 
NROWS 163 
XLLCORNER 21.809448692 
YLLCORNER 8.681641793 
CELLSIZE 0.0831293288316832 
NODATA_value -9999 
[rows 46 to 68 of 163, columns 0 to 51 of 202]
-9999 -9999 -9999 -9999 -9999 -9999 -9999 -9999 -9999 -9999 -9999 -9999 -9999 -9999 -9999 -9999 -9999 -9999 -9999 -9999 -9999 -9999 -9999 -9999 -9999 -9999 2.36503067484616 5.28371196015271 5.36503067484616 4.15635060438594 2 3 2.54420518739057 5 4.96927959667106 5.3596094272001 4 3.84459090080786 4.8019650124516 2.82178217821647 3 5.61336026240628 6 6.29455445544484 5.94027516248618 7 5 5 5.88976796452674 5.76070582518478 7 3.63496932515384
-9999 -9999 -9999 -9999 -9999 -9999 -9999 -9999 -9999 -9999 -9999 -9999 -9999 -9999 -9999 -9999 -9999 -9999 -9999 -9999 -9999 -9999 -9999 -9999 -9999 -9999 4.22309117414901 4.83394581789489 4.14910708862133 2 2.7453987730052 3 4.2546012269948 2 3.02142683593542 4.26189029946008 3.88824940776193 4.5867247767712 6 4 4 7 5.92563627528381 7 5.02394764016262 6.99873959788664 5.97353155560983 5.05167648666698 4.82228330194912 6.59779505557787 5 3.59900990098979
-9999 -9999 -9999 -9999 -9999 -9999 -9999 -9999 -9999 -9999 -9999 -9999 -9999 -9999 -9999 -9999 -9999 -9999 -9999 -9999 -9999 -9999 -9999 -9999 -9999 -9999 3 3 3 2.63987426349961 4 4 3 3.02640770211995 3.22833019498415 4 3.85582822085826 4.18218125493542 4.90079268663029 4.91506712020848 3.41944056368894 3 6.14790742877862 6 6.14417177914174 5.85654194253692 6.98501184474291 5.02926258883554 5.10063475672768 4.6568213569829 5.92791411042913 5.05781145599252
-9999 -9999 -9999 -9999 -9999 -9999 -9999 -9999 -9999 -9999 -9999 -9999 -9999 -9999 -9999 -9999 -9999 -9999 -9999 -9999 -9999 -9999 -9999 -9999 -9999 -9999 3 2.01870861932746 2 2.98045617445259 3.55354431148444 3.03374233128703 5.0808024053922 3 4 5.03324120755506 5.00384194861189 3.43793658506962 5.35301889084575 5.98012209196455 3.49269574196641 6.34415051934818 5.9901445666043 5.77970297029723 5.12462795359072 6 5.10396039603812 5.03374233128703 4.0101895158837 7 5 2.01353034076362
-9999 -9999 -9999 -9999 -9999 -9999 -9999 -9999 -9999 -9999 -9999 -9999 -9999 -9999 -9999 -9999 -9999 -9999 -9999 -9999 -9999 -9999 -9999 -9999 -9999 -9999 2.38191702605767 3 2.67821782178298 3.42079207920865 5.0398621150458 5 4 3.24580878333183 4 6 4.18181680131193 4.07668711656439 4.92331288343561 4.54393184717309 5.01980198019574 5.92331288343561 5.05428840430057 7.01480592844567 6 6.07630747737362 7 6 5.96962886472694 6.44692644111001 4.57668711656439 3.95406365789957
-9999 -9999 -9999 -9999 -9999 -9999 -9999 -9999 -9999 -9999 -9999 -9999 -9999 -9999 -9999 -9999 -9999 -9999 -9999 -9999 -9999 -9999 -9999 -9999 -9999 -9999 1.28772095000904 1.18711656441746 3.73842859746171 2 4 6.30986150762324 5 3.84715726173812 4.82863086922179 5 5 5 6 6.66599343983544 5 5.5050264228878 6 6.61981412865096 6 6 4.18711656441746 6 6.69801980198043 6.48692522626509 5.09355828220873 3.92496811030779
-9999 -9999 -9999 -9999 -9999 -9999 -9999 -9999 -9999 -9999 -9999 -9999 -9999 -9999 -9999 -9999 -9999 -9999 -9999 -9999 -9999 -9999 -9999 -9999 -9999 -9999 1.50824576322498 2.29754601226881 4 4.42079207920865 5 2.59509202453763 4.28217821782335 4 5 3 6 6.23420700965705 6.09279900382661 7 6.49009900990213 7 6.50271821660583 7.5668316831686 6.36361841705469 6 6.04209439348806 4.29754601226881 5 5 5 6
-9999 -9999 -9999 -9999 -9999 -9999 -9999 -9999 -9999 -9999 -9999 -9999 -9999 -9999 -9999 -9999 -9999 -9999 -9999 -9999 -9999 -9999 -9999 -9999 -9999 -9999 1.18404907975283 1.22277227722771 2.13127923221766 2.75088076292286 4 2.61881188118788 4 4 6.626359108303 7 6 6 6.40738322298388 5.65123306809221 5.80005163092907 6 6.4191064811999 5.19306930693159 5.40797546012358 5.41090627467633 5 5.08280690032166 5.12320051023525 5 5 4.40099009901021
-9999 -9999 -9999 -9999 -9999 -9999 -9999 -9999 -9999 -9999 -9999 -9999 -9999 -9999 -9999 -9999 -9999 -9999 -9999 -9999 -9999 -9999 -9999 -9999 -9999 -9999 1.9403966470269 2 2.96319018404835 4.48159509202417 5.75106298973406 3.19760979165427 3.71782178217665 6 6 7 6 6.20503553422839 6.33139464253117 5.80211686812901 7 6.37669319079112 6.48159509202417 6.163366336634 4 6.00238413411804 5.10396039603812 6.82636821964579 6 5 6.74079754601209 5.59900990098979
-9999 -9999 -9999 -9999 -9999 -9999 -9999 -9999 -9999 -9999 -9999 -9999 -9999 -9999 -9999 -9999 -9999 -9999 -9999 -9999 -9999 -9999 -9999 -9999 -9999 -9999 3.42724594545389 3.5939379213997 4.62883435582801 4.78501791896996 3.82176699264986 3.62883435582801 6 6 6.57591265261424 6 5.22772277227706 5.37116564417199 5.54847233189552 6.25838243333484 7 7 7 6.0716606936771 6.034911619996 5 6.33257911680813 5.2958300431276 5.81010447670555 4 6 5.37667800522351
-9999 -9999 -9999 -9999 -9999 -9999 -9999 -9999 -9999 -9999 -9999 -9999 -9999 -9999 -9999 -9999 -9999 -9999 -9999 -9999 -9999 -9999 -9999 -9999 -9999 -9999 4.90850695499025 5 4.32178217821702 4.16005588288972 4 4 5.60423373625635 5 5.02194314523498 6.7282846382802 6 5.787128712871 4.85075624126793 5.26073619631893 6 6.45014578144941 6.923844378303 3.19306930693159 3 5.25944542307031 4 3.15004859381563 4 6.26073619631893 6.36963190184054 3.73926380368107
-9999 -9999 -9999 -9999 -9999 -9999 -9999 -9999 -9999 -9999 -9999 -9999 -9999 -9999 -9999 -9999 -9999 -9999 -9999 -9999 -9999 -9999 -9999 -9999 -9999 -9999 4 5 3 5 4 4 3 5 6.20916600862707 6.01261920670554 6 5.48148879305367 5 6 5.50990099009787 5.94121666767854 7 4.31435643564538 4.78390937253199 5.85389965376616 3.89603960396188 3.11979894308571 5.69801980198043 5.15030674846757 4 4
-9999 -9999 -9999 -9999 -9999 -9999 -9999 -9999 -9999 -9999 -9999 -9999 -9999 -9999 -9999 -9999 -9999 -9999 -9999 -9999 -9999 -9999 -9999 -9999 -9999 -9999 5.87130231428079 3.25376602077463 6.65117232582162 4.0230972483757 5.53895098098757 5 6 5.96012269938549 6 6.96012269938549 4.92024539877099 6 5.63876571706415 6 7.98045617445126 5 6.94847536900801 4.7824515580378 3.05043127011879 5.0396798882353 3.99585434003518 3.20297029702859 4.08350543643536 6.61500030371212 3 4.98400959727833
-9999 -9999 -9999 -9999 -9999 -9999 -9999 -9999 -9999 -9999 -9999 -9999 -9999 -9999 -9999 -9999 -9999 -9999 -9999 -9999 -9999 -9999 -9999 -9999 -9999 -9999 2.81441717791498 4.27760736196272 4 5.07055214723868 5.51687116564443 5 6 6 6 6.00104780416688 6 4 6 6.13665492316268 7.29824454838184 5.95704002915664 5.41257668711516 4.05693069306877 5 6 2 3 3 5 5 4
-9999 -9999 -9999 -9999 -9999 -9999 -9999 -9999 -9999 -9999 -9999 -9999 -9999 -9999 -9999 -9999 -9999 -9999 -9999 -9999 -9999 -9999 -9999 -9999 -9999 -9999 5 4.77870072283352 5.7545101135883 5.65536354248845 5 5.38118811881212 5.05106906396178 6 7 2 4.16037477980893 4 5.43904513150715 6 6.58238170442884 4.24952924740354 5.47843649395566 5 5.16395857377131 5.00089594849022 4 4 4 4.21681953471386 5 6
-9999 -9999 -9999 -9999 -9999 -9999 -9999 -9999 -9999 -9999 -9999 -9999 -9999 -9999 -9999 -9999 -9999 -9999 -9999 -9999 -9999 -9999 -9999 -9999 -9999 -9999 3.17539330620126 5.70858895705531 4 6.16878758427963 6 6.81967138431648 5 3.23803377270249 2.29141104294469 7 4.91931907914723 5.92146024418432 5.51240660875943 5.17167284213098 4.50990099009787 3.11396768511201 4.41392820263565 5 4.35806049930065 4.00495049504765 2.3953714389828 7.43523355402938 6.08800036445353 5.17455809998183 5.29141104294469 5.71586284395285
-9999 -9999 -9999 -9999 -9999 -9999 -9999 -9999 -9999 -9999 -9999 -9999 -9999 -9999 -9999 -9999 -9999 -9999 -9999 -9999 -9999 -9999 -9999 -9999 -9999 -9999 5 6 6 4.90524205794913 5 6 6.28217821782335 2.59815950920156 4 6 5.59815950920156 6.31630018830162 3.68811881188053 5.41089108910824 6.61000425195667 6.84284456052935 4 5.13118811881134 3.42030614104407 5.99208831926435 5 8.27856405272514 5.90013970722114 3 6.5 5.24070643260686
-9999 -9999 -9999 -9999 -9999 -9999 -9999 -9999 -9999 -9999 -9999 -9999 -9999 -9999 -9999 -9999 -9999 -9999 -9999 -9999 -9999 -9999 -9999 -9999 -9999 -9999 6 5.48773006134919 6.65256939804334 6.79476705339232 6.99902812367125 7.61881188118788 4.7354370406357 3.9106633055947 5 3 3.11386138613853 4.61609366458172 6.15211383101517 7.42534774949882 5.49009900990213 4.80925408491793 5.14245580999782 5.09416570491439 5.04356739354855 6.51468444390411 6.51226993865082 5 4 4 5 6.29215513575852
-9999 -9999 -9999 -9999 -9999 -9999 -9999 -9999 -9999 -9999 -9999 -9999 -9999 -9999 -9999 -9999 -9999 -9999 -9999 -9999 -9999 -9999 -9999 -9999 -9999 -9999 6.87623762376276 6.70675150337099 6 7.62269938650281 8.32368037417188 7.2415112676907 4 3.57775010629894 6.02065237198583 4.62269938650282 6 7 3.0907641377639 3.13442264471716 5 5 6.02498025876129 7.49752475247601 7 4.00308267022906 3 4 3.45140618356319 4.27460061957153 6.68865030674859 5.44771609062694
-9999 -9999 -9999 -9999 -9999 -9999 -9999 -9999 -9999 -9999 -9999 -9999 -9999 -9999 -9999 -9999 -9999 -9999 -9999 -9999 -9999 -9999 -9999 -9999 -9999 -9999 6.76615744396463 7.77722772277229 6 6.88770272732751 6 7 6.80843406426532 7 6 4.00692461884202 2.87737654133448 6.57706675575465 3.81636093057135 3 7.06859320901179 6.60891089108918 6.70792079207965 6.80693069306841 2.07530522990884 3.00132114438388 4.89603960396188 4 4 3 4.36656441717762 3
-9999 -9999 -9999 -9999 -9999 -9999 -9999 -9999 -9999 -9999 -9999 -9999 -9999 -9999 -9999 -9999 -9999 -9999 -9999 -9999 -9999 -9999 -9999 -9999 -9999 -9999 6.34588167405656 5 7 6.4885956387042 7 7.32155439470336 6 5.97134483386992 7 7 7 6.787128712871 6.58046832290516 5.8435582822083 6 6.67009354309681 3.0456933730183 4.96979590597077 4.23578630869162 4 4 3.17121727510075 3.8435582822083 4.09371013788518 5 5.34885804531301
-9999 -9999 -9999 -9999 -9999 -9999 -9999 -9999 -9999 -9999 -9999 -9999 -9999 -9999 -9999 -9999 -9999 -9999 -9999 -9999 -9999 -9999 -9999 -9999 -9999 -9999 6.00569458786389 6.75171596914201 5 5.04601226994034 6.02209500091197 5.40966105813162 6.68479317256608 6.18316831683118 6 6 6 7.04601226994034 6 7.56200267265955 7 7.79220069246212 6.27863998056156 4.81581425013614 4.86858409767313 3 3 2.23964344287218 3.98610520561209 4.04601226994034 4 3
-9999 -9999 -9999 -9999 -9999 -9999 -9999 -9999 -9999 -9999 -9999 -9999 -9999 -9999 -9999 -9999 -9999 -9999 -9999 -9999 -9999 -9999 -9999 -9999 -9999 -9999 5 5.94993318350215 6 6 6.44926501852681 6.96013788495396 8 6.06441717791443 6.07873716819609 6.92073133693751 6.06441717791443 5.80084128044686 8.87116564417114 7 8 4.43031343011615 7 3 4.06441717791443 3.93558282208557 4 2.26738747494302 6.65305533620846 3.56042337362586 2.96779141104279 6.02583065054987
