rasters/Sudan_SNDPPT_M_sl2_250m_ll.asc
NCOLS 202 
NROWS 163 
XLLCORNER 21.809448692 
YLLCORNER 8.681641793 
CELLSIZE 0.0831293288316832 
NODATA_value -9999 
[rows 44 to 65 of 163, columns 100 to 149 of 202]
94.2059314827216 97.9078387900143 100 97.8954473668223 97.1534653465334 79.951998420701 83.3783180465259 97.1435643564346 97.0296574135957 97.0725262710321 95.5594059405949 98.683851667376 97 99.5408188058073 98.346458725627 100 99 99.492422401749 99.8072951466929 98 59.4763560711917 74.1717791411046 78 76.6986424102542 97 98.5243880216235 97.4286126465401 98.3628591386747 91.19133815222 86.0093239385281 65.1742543886293 84.8514244062413 97.8317742817158 100 87.0133025572443 64.6129654376363 79.0239020834606 99.3669592419364 99.8752809330011 99 77.621347870988 94.8452590657844 74.2291350300672 72.8790469537756 93 91.133010386929 71.5771882402968 81.6289406548005 82.0705521472386 68.1379760675429
97.4754601226992 94.0490797546016 98.6598280993743 100 99 97.9455445544571 74.9108910891082 89.7390967624382 97.2053999878489 90.9467138431645 99 99 96.6650215635067 97.2623762376225 99 100 98.9526210289736 98.9364483994414 99.8893731397682 99.64944117111 87.298624187572 85.0461641256152 81.4127892850647 79.8571797363775 99 97.4855888963125 66.7472665978261 98.8762376237628 64.7363785458301 66.7972423009174 59.4548077507134 88.3943843770878 99.6754084917704 100 96.0960790864354 98.5645538480219 100 100 100 93.8211140132393 86.122046407091 75 76.131461459029 55.446015307056 84.3956144080685 92.5245398773008 72.5268936402844 80.0494290226553 90.3315313126427 78.1435795420026
97.3650306748462 96.4571918848317 100 98.5668164976007 99.6349693251539 99 75.0403176820753 63.8040302496522 98.2425742574234 99.1246886958632 100 99.6573680374178 98.2294691125565 98.1033377877681 100 97.722817833933 100 100 88.8199750956707 68.2550871651443 98.7921855068947 84.532436372463 72.1976401627892 89.4710563080878 90.5414262285118 97 87.5449948369105 80.2699386503077 70.9740174937727 63.6349693251538 70.1163366336642 60 73.8814310879012 97 98.7018313794568 100 100 100 100 83.4822328858684 92.0950920245385 79.2847597643187 68.386639737594 66.3369981169919 93.7054455445552 89.6349693251538 91.3681740873468 87.0379487335224 87.1288799125299 77.1102320354728
100 100 100 96.1881947397197 99.1143928810048 99 99 61.8943691915235 97.2425742574234 97.6584158415844 99 99 99 88.4288252444868 99 99.6974275648404 98 99.9003674907373 78.6501093360818 90.8568912106048 99 97.5297029702978 97.7453987730052 92.3747798092813 93.7675089594887 97 97.7453987730052 91.6531464496138 89.0567180951226 64.2199477616493 59.3726842009351 63.6125402417565 63.3530796331174 77.7373352365877 99.1613314705718 100 99.0037812063414 100 99.5867247767712 99.1751958938239 91.5891089108935 93.9993014638909 77.2472665978266 71.4771760918419 67.3493591690467 42.1143625098749 82.0036900929356 89 86.8966470266666 75.0362783210827
98 100 99.8558282208583 100 99.868660025513 96 98 57.1234738504532 93.17262953289 98.9507532041546 99.1441717791417 99.8558282208583 94.8558282208583 99 97.712142379884 97.0092783818261 99.9703425864083 97.1143928810054 99 98.8558282208583 98.9179220069243 98.4533347506533 98 65.6620603778153 92.4407459150853 96.2077233797015 87.690700358379 89.8379851788853 92.8093451983237 86.6318562837906 72.4065480167677 71.9423403996936 88.9450434307229 61.1503371196043 67.1383253356 100 100 99.1277561805266 72.0974306019548 84.2013606268601 96.8301342404165 93 94.9436159873654 71.9578904209439 56.5742574257409 65.0501123732006 71.4275648423759 74.3285549413888 64.8360414262301 60.0435370224139
98.0370831561668 99 99.9781175970367 98.7223015246312 97.033742331287 95 93.0430510842499 100 81.8033924558 58 98.5405302800234 98.4786035352006 98.3369981169919 100 99.1860839458171 98 95.966257668713 61.5678794873283 84.2007532041597 99.9774494320606 100 96.5118295571903 99.3925013667008 98.2814644961444 81.5801342404177 62.9687632873729 88.1384012634343 94.3671262831918 88.7759521350865 81.0566269817143 72.6750895948446 73.5022626495763 59.9791198445007 68.0051782785639 90 100 98.0475915689711 92.3511662515895 85.9806232156966 88.033742331287 83.9325153374259 69.4742300917217 90.0073498147358 79.033742331287 56.9727722772288 53.9968262163641 44.0770515701848 64.6881188118908 81.8987730061389 71.2580483508477
96 94.0766871165644 99.4012178825245 97.6901992346467 96.2183836481796 98.9455445544571 99.0766871165644 99.9779809269272 100 97.3677792625886 58.2963311668584 87.1435643564466 91.5637338273717 97.2623762376225 69.3683714997267 59.193069306935 98.891316892428 89.6740417906796 86.2457480410625 99 99.043658506955 94.9045283362677 99.4195013059593 89.3749772216558 92.5435977646798 96.0685628378799 94.9771457207078 96 70.0517524145051 80.764547773795 97 90.239172690274 92.1033226022041 78.8348569519527 92.8308783332336 100 96.9244518010083 91.7360140922075 89.9510265443722 91.9711474214902 91.0563536415037 72.9410951831385 89.3311061167463 76.869024479135 69.1782633784859 79.9059405940589 49.2338729271698 69.4845562777011 82.0611219097371 77.3019801980184
95.0446759399914 99.4504950495048 94 97.8229514669233 97.8752505618671 92.8612494684961 97.7766658567692 100 99 95.5352153313491 100 99 71.9842525663601 99 100 99.8249255907186 99.9718307720365 100 85.9494776164762 96.6053270971278 97.1065267569703 98.4702970297022 99.3018131567761 84.2046558950374 93.0462704245876 80.3507714268363 79.1623640891708 81.5150792686635 62.26445666039 60.3282664155988 74.3803073558866 86.3091629715089 85.8267478588379 88.7993379092524 75.3781813764223 99.6579450889969 98.1815586466626 86.9713600194377 94.1472848205068 85.8812792322136 82.1448703152562 86.3983933669441 92.7804622486788 84.0289285063496 74.5049504950485 81.3566330559441 43.2533863815818 79.188468079931 78.5146085160648 77.0583581364256
95 92.5305989187863 96.4555518435286 99 100 91.4359017189945 99.9687025451009 99.8991526453264 99 99 97.6905029460002 98 95 99 83.8953866245555 99.3857589746724 100 100 99 100 95.5950920245376 95.562276012874 98 98.7024539877312 69.8968899957475 91.5981291380666 79.0999969628901 64.9631749984817 63.3653799428976 76.0484723318987 59.2345259065794 64.0473030431831 62.0595577962646 81.9160389965383 85.7545556703007 94.7866124035705 97.3944754904964 96.1325851910313 96.7024539877312 96.3576049322717 80 85.299914960826 80.6370801190539 86.5841887869778 86 83.1754996051736 46.5936190244769 79.8373473850421 77.714845410924 79.3019801980184
96.0425195893829 97.6768055639911 97.5051175362931 98 97.498830711292 95.07120512664 93.0545313733833 99.3494047257498 96.4484146267395 99.5920245398764 93.4405940594051 100 95 100 98.5046923404005 100 100 100 98 95.8159509202472 97.5693069306927 98.1918696470875 94.5603778169228 93.6386138613768 93.7256879062055 57.7268723804909 61.3983478102481 71.8762376237628 63.1963645751076 58.1905029460001 70.2787159084025 67.8763135516006 61.3395644779196 75.1962582761361 83.7910465893284 89.8846200570978 95.1813156775784 95 94.9131537386864 87 96 87.5182530523041 87.3710593452022 72.0078661240371 88.477722772276 71.6860839458175 45.9842373807938 62.6959849359128 79.463767235619 82.4079754601236
96.3636487881877 96.2169562048227 100 99.6124794994838 99 98 99.4601378849536 98.9255755330139 99.6073467776211 100 100 97.6466470266648 99.6689394399568 99 99.4029186660994 100 100 100 99.1120543035896 90.1844439045086 90.7598250622562 95.5010933608699 99.6740721618175 72.8416904574031 93.7963007957217 54.8916661604793 57.4815950920242 93.8762376237628 91.2874324242242 80.0179645265135 87.0608030128155 87 61.3811881188138 59.7002520804205 71.2102138127944 87.7309724837442 87.532709712689 93.2825578570124 81.0721162607055 93.1502004494914 93.2346929478218 85.9263803680967 92.0754267144497 77.3314705703706 83.8999119237072 79.4362965437642 56.9974336390695 65 65 68.66383708923
97 99 100 94.628834355828 99 97 100 99.9467138431638 100 99.0295814857564 100 100 100 81.6870254510123 100 99.3472787462792 97.3929569337287 99.9159478831322 98.715923586224 99 74.0726933122768 96.2525815464952 94.466834720282 95.4722255967938 93.5198779080351 94.4571007714272 86.2512907732489 91.8125797242294 94 93.7976523112433 86.7988975277913 83.1829253477569 80.1414839336702 83.0802253538239 90.2832867642621 95.679857863089 91.6343467168799 89.8735801494253 92.079010508413 91.742331288344 92.2583824333338 89.6918089048168 80.3383496325072 85.8928506347563 77.5990099009898 42.8467928081143 69.628834355828 68.0385865273632 45.7089685962498 64.448976492741
97.6669653161624 98 94.4289315434611 94.2607361963189 99.3188817348029 100 98.011616959242 94.2073892972088 64.5611067241545 100 99.586451436554 100 98.7392638036811 98.7376237623775 98.3815070157323 100 99 100 98 99.5059375569446 98.1484389236468 98 95.836071797364 77.0642653222351 72.0435066512837 95.2607361963189 93.4849814736074 91.7367278138848 94.2026514001093 94.3217821782182 91.5792079207914 92.2710623823106 92.9006104598185 94.7392638036811 93.8400504160816 96 93.724412318533 62.6304440259975 82.852472210411 95 88.153602016644 83 90.8105904148692 90.7069944724526 74.075062260829 50.245398773005 56.0161422583971 49.0896252201811 56.5598311364923 59.1445058616285
98 98 99 97.9620512664759 90.9021442021438 95.7075715240208 96.1503067484676 93.2514578144923 63.1287280568511 92.7698779080353 99.3743697989418 100 100 79.6124946850478 100 100 100 100 97.3480076535268 99.6683168316848 98.0647360748351 89.2420427625635 76.6651886047508 83.2722772277247 97.3235740752017 96.7865972180018 97.8286612403566 96.1131021077579 95 96.8549019012316 94.1503067484676 94.1503067484676 93.0930116017742 94.3006134969351 93.5384194861223 93 94.9873807932945 70.6561987487084 90.2686175059247 93.2084522869424 93.9382402964221 76.0736651886054 88.332305776589 81.4948217214401 44.3861386138632 55.6662819656092 60.1503067484676 59.8653192006301 47.79090991921 60.495565814241
97.5275921763935 99.4325305229903 97 73.1723258215378 94.3130504768243 97.1067393549138 100 99.9658476583846 99.9601226993855 99 100 99.9417633481124 79.3769969021394 99.7480866184793 100 98 100 98.1336633663362 99 99 99 73.5867855190447 78.3235133329353 87.4352335540207 100 96.2223470813379 97.079754601229 95.1587043673698 95.7772277227723 95 95.9601226993855 95.9811243394329 93.0152007532046 93 93.0073042580333 92.2081941322931 95.0142592480102 96 94 94 94.7655196501184 92 93.3910891089104 90 40.0461944967517 64.0541821053266 48.9458634513753 60.1081060560012 59.9283393063214 47.3177731883609
95.8588957055226 97.0387687541757 97.6339670776924 96.5227631658886 83.7147239263826 77.0276225475122 96.8217821782165 69.7834234343694 100 99 100 86.0649638583486 89.4875478345366 100 99 100 100 99.1336633663362 95.7509111340587 98 99 84.4230547287884 95.2301828342361 96.9102381097012 99 94.9294478527613 99.9294478527613 96.4164641924309 95.054835084735 97.9294478527613 97.0296877847292 96.4435248739626 94 91.7377300613503 94.3352365911493 70 80.9830529065182 96 96 86.8870953046144 72.4443297090356 94.423176213327 85.7224230091716 42.4982688452907 61.5569306930681 59.0639160541815 63.0046012269937 59.0073346291682 60.0562321569577 48.0213053513938
98.5495049504935 95.8190184049084 95.1173692522624 96.7475247524745 89.1532071918847 98 97.8716363967693 96.1549990888658 99.1967897710066 99.1191611492436 99.1012421794326 94.9494624309071 92.9732582153959 100 99 100 100 97 99 100 99.2747980319511 84.7957996719918 96.1137854583001 86.4358561622998 94.1419091295646 95.0742574257437 99.8190184049084 97.2823452590651 100 98 97.5792079207914 96.5198019801957 95 95.1809815950916 95.1478315009415 69.0384650428224 70.3821903662745 95.2742361659475 84 81.7445635667883 71.0839458178887 70.5985998906635 90.7088167405703 -9999 61.01208771184 61.2920640223533 61.4521047196758 64.1621666767906 61.9121514912177 52.1926744821715
94.5495049504935 95.2914110429447 96 98.4703122152711 96.1087438498442 96.7403267934147 77.8973911194786 100 99 97.4163730790261 97.2914110429447 85.3811881188155 85.1969112555398 97.4773279475177 98 99.064356435645 95.9825517827767 97 97.4562807507742 99 98 100 100 100 99.2627103201115 95 98.3017372289372 97.7446546801919 97.7735072587014 95 97 96.5082609487933 99 95.5086405879859 96 65.1933122760155 78.7129168438316 68.5496416206036 80 95.0848265808232 78 75.181634574501 68.2464010204714 56.2088774828434 59.3298760857696 60.0274099495841 61.7085889570553 63.0605904148678 62 61.874020530888
93.0990099009871 94.8189728482047 93.6120846747258 80.098842859745 99 96.5655864666223 95.3839367065548 79.7410405151035 100 73.3415841584156 73.7841978983191 97 87.6739506772662 95.7429690821823 99 99 98 97.0537113527303 96 96 99 100 98.2220889266841 99 99.3322146631842 95.0742574257437 95.4265929660451 97 91.1963493895389 99.3217821782182 97.5792079207913 95.5744700236914 98 98.5981595092016 97 91.2170017615319 65.7915628986186 54.1283636032325 63.9582093178646 71.9387717912907 83.4277774403255 67.0849936220634 68.3910891089104 62.0649486727784 57.6328129745506 64.1593877179112 64.4018404907984 58.3216455081038 61.9649365243268 65
98.4504950495065 98.2680100832167 96.4877300613492 80.5691095183105 98 94.6789922857253 97.4877300613492 96.5822905910222 100 99 97 70.1859169045755 99.3114711777916 100 98.5122699386508 98.9042549960497 98 96.8663366336638 95.0188301038701 97.8300886837157 98 99.7416479377998 98.7425742574268 98.6026696227901 99 98.4134726356055 96.9752475247533 94.1841250075922 94.6440351090315 96 96.5934216120997 89.5128773613718 99.6981868432255 100 95.4877300613492 95 89.5564599404717 72 71 69.9287948733411 62.7649729696896 76.4877300613492 61.1158355099321 68.9468049565679 63.2004950495032 63.6040211383111 62.5097339488556 59.3305138796131 59.1039755816062 58.130155500211
97.2805229909502 96 96.4038298001578 91.4392577294542 94.3193980440996 95 97.2453987730056 95.6768663062619 70.4307386259983 98.8230122091971 79.7068578023386 69.0379183623848 100 100 96.4987244123194 95.0242817226513 87.0346534653438 80.4890360201667 97.5221861143169 95.6226993865028 97.7852001457815 94.3877634695977 95.2514122577894 98.1027303650618 98 95.3773006134972 98.2453987730056 92.5456326307478 96.9068972848208 91.7173206584445 98.218535503857 81.054546558944 96.1316436858467 96 95.3081910951839 94.8634361902485 93.3624491283491 80.3875660572197 76.5392395067721 76.4284911620012 92.9017493773954 76.3847719127742 42.6346200570969 58.4104355220776 81.7478740205296 71.0964131689248 62.6295177063714 62.2198870193771 66.0212597946889 56.4900230820604
98.2668711656448 98.2562108971628 95.7423161027761 91.6298062321561 90.8055791775512 90 93.5545161878164 95 96.7331288343552 66.0335145477727 97 96.7853368158902 95.9896434428754 98.208103018886 66.9802435765063 59.064356435645 71.6037629836701 85.7326732673277 95.4374506469054 95 96.8480683957964 97 97.3618417056418 93.2057036992157 95 100 98 97.1237623762372 96.8961307173665 94.7640922067666 98 98.8718489947145 93.8006134969343 94.4737441535562 94.1976857194936 90.5112828767557 87.2856860839458 91.6496537690574 84.7466136184185 84.5509172082887 82.3976948308265 44.7092874931645 69.6579602745552 77.361522808722 47.1860991313848 75.3909524388004 82.4603201117648 65.1074227054661 69.3307720342619 58.3474609730916
