rasters/Sudan_bio4.asc
NCOLS 202 
NROWS 163 
XLLCORNER 21.809448692 
YLLCORNER 8.681641793 
CELLSIZE 0.0831293288316832 
NODATA_value -3.4e+38 
[rows 63 to 83 of 163, columns 48 to 95 of 202]
490.841339111328 490.662780761719 489.862915039062 489.333435058594 487.572814941406 486.269439697266 485.833618164062 485.999603271484 486.549682617188 485.785461425781 483.966766357422 481.319274902344 479.234924316406 476.609252929688 479.912567138672 480.446990966797 480.307647705078 480.278686523438 481.505310058594 481.298492431641 480.747528076172 480.917388916016 480.017242431641 478.401611328125 477.330139160156 477.172546386719 477.702545166016 478.568572998047 478.256866455078 478.510437011719 478.966613769531 479.295867919922 478.827972412109 478.403350830078 478.769104003906 480.444213867188 480.549224853516 481.196563720703 482.732177734375 482.732177734375 483.830047607422 483.908050537109 485.062042236328 488.368438720703 490.603485107422 491.73095703125 492.790893554688 491.973205566406
488.100158691406 487.367492675781 486.341735839844 485.202789306641 484.280975341797 483.552154541016 483.163452148438 483.888153076172 483.775299072266 483.031555175781 480.872436523438 477.968688964844 474.313812255859 472.064239501953 476.135650634766 477.448364257812 477.296325683594 477.109069824219 477.743408203125 477.516815185547 477.234283447266 476.733642578125 476.082336425781 475.249450683594 473.963958740234 473.288482666016 473.041900634766 472.816986083984 472.193908691406 473.035095214844 473.892913818359 473.529113769531 472.804443359375 472.866546630859 472.786071777344 473.941253662109 474.719177246094 475.620513916016 476.568450927734 476.568450927734 478.165252685547 477.416168212891 478.715728759766 481.639526367188 483.869110107422 484.302276611328 483.004547119141 482.051177978516
485.554321289062 484.935638427734 482.897644042969 480.493072509766 480.323913574219 480.896759033203 481.395385742188 480.940368652344 479.990875244141 479.273406982422 477.654052734375 474.278289794922 470.200927734375 467.664764404297 471.842407226562 473.103942871094 473.642944335938 472.815155029297 473.056427001953 472.840728759766 472.913940429688 471.673706054688 471.108428955078 471.140258789062 469.199859619141 468.447448730469 467.739990234375 467.296813964844 467.290863037109 467.780212402344 468.581726074219 467.342956542969 466.578186035156 466.759368896484 467.243255615234 467.967468261719 468.617309570312 469.997985839844 470.790985107422 470.790985107422 471.323394775391 469.071350097656 472.255187988281 474.633850097656 475.992980957031 474.272155761719 474.074645996094 477.566558837891
483.398132324219 482.819000244141 481.228485107422 479.740356445312 480.119689941406 480.039489746094 479.034729003906 477.735992431641 476.830718994141 476.560272216797 475.051086425781 471.839935302734 467.902069091797 464.894744873047 467.661804199219 469.740875244141 469.862487792969 468.377746582031 468.445495605469 468.161743164062 467.772888183594 467.497833251953 466.797302246094 466.467681884766 464.536102294922 464.308685302734 463.627258300781 463.201995849609 463.396514892578 462.823669433594 462.432556152344 461.673187255859 462.199310302734 462.008911132812 462.309448242188 461.672912597656 462.749328613281 464.151153564453 464.939300537109 464.939300537109 463.649688720703 462.309143066406 464.108062744141 465.458618164062 465.217895507812 465.993316650391 469.213165283203 472.579345703125
481.086334228516 480.023040771484 478.584442138672 476.994995117188 477.345428466797 477.159271240234 476.181823730469 475.392211914062 473.950592041016 473.429351806641 471.335235595703 468.108337402344 464.787811279297 461.88330078125 465.490631103516 465.653686523438 464.201812744141 463.279602050781 462.911865234375 463.405578613281 464.135314941406 463.642486572266 462.790161132812 461.780181884766 460.420135498047 460.185302734375 459.357269287109 458.648101806641 458.023406982422 457.196960449219 455.954864501953 456.177398681641 456.82763671875 456.467926025391 456.295745849609 455.256378173828 456.806457519531 457.738220214844 458.284057617188 458.284057617188 455.033813476562 454.619018554688 454.844757080078 455.042053222656 457.366943359375 460.744354248047 463.573822021484 467.042297363281
478.254486083984 477.192199707031 475.444183349609 473.783721923828 472.379730224609 472.669464111328 472.143676757812 471.689453125 470.308349609375 469.790405273438 467.563690185547 464.743255615234 462.116180419922 459.142730712891 459.563690185547 459.339477539062 459.430725097656 459.012969970703 459.601898193359 460.598602294922 460.410797119141 458.767486572266 458.504486083984 458.000457763672 456.850402832031 455.605438232422 454.8876953125 453.061187744141 452.579467773438 452.402862548828 451.335205078125 450.809295654297 450.840057373047 449.223083496094 449.84912109375 450.077056884766 451.033813476562 451.652801513672 451.768005371094 451.768005371094 446.758514404297 445.2509765625 445.182159423828 448.217407226562 452.269165039062 455.154418945312 458.674346923828 461.395294189453
475.369110107422 473.974548339844 473.164886474609 472.853393554688 471.936431884766 470.134765625 468.292785644531 467.898742675781 466.314788818359 465.966247558594 464.62890625 462.057189941406 458.996765136719 455.756805419922 456.509918212891 456.216735839844 455.983032226562 456.523223876953 457.213043212891 457.023529052734 455.336486816406 453.771087646484 453.39111328125 453.119812011719 452.539855957031 451.15771484375 449.311248779297 447.606323242188 446.882720947266 446.580200195312 445.466644287109 445.539398193359 444.049163818359 443.164459228516 443.684692382812 444.295349121094 445.519317626953 445.258178710938 444.142028808594 444.142028808594 438.381042480469 436.693145751953 439.563079833984 443.118682861328 446.579284667969 450.185729980469 453.306915283203 454.965087890625
470.934295654297 470.159820556641 469.731292724609 468.061248779297 467.398895263672 465.828125 464.413543701172 464.061096191406 462.985015869141 462.876098632812 461.675842285156 458.65576171875 455.683746337891 451.881256103516 452.575653076172 452.581237792969 454.048065185547 454.845062255859 453.633636474609 452.52783203125 450.858703613281 449.826110839844 448.415496826172 447.222015380859 447.454650878906 445.745727539062 443.044403076172 441.455535888672 441.438781738281 440.654266357422 440.208129882812 439.654998779297 438.684936523438 437.901702880859 437.83984375 438.603240966797 438.885131835938 438.397735595703 435.359313964844 435.359313964844 431.777069091797 433.596466064453 436.973419189453 438.689208984375 441.828338623047 444.052581787109 446.610565185547 447.317504882812
466.944488525391 466.204193115234 464.272888183594 463.469940185547 462.352355957031 461.081329345703 460.835113525391 460.361419677734 460.347808837891 460.535064697266 458.53173828125 456.179626464844 453.348175048828 448.651062011719 449.016143798828 449.416564941406 450.405731201172 450.394317626953 447.72607421875 447.109527587891 446.456604003906 444.887329101562 443.594207763672 442.173980712891 442.456085205078 440.205230712891 438.530731201172 437.047821044922 435.669921875 434.640472412109 434.086059570312 433.371826171875 432.695251464844 432.322357177734 431.932525634766 432.231231689453 431.775085449219 429.250579833984 425.964477539062 425.964477539062 427.767944335938 430.708740234375 432.599182128906 434.502563476562 436.332916259766 438.023864746094 439.497863769531 440.0009765625
464.073822021484 464.263427734375 462.658142089844 460.397338867188 459.048156738281 458.883056640625 457.991821289062 457.879608154297 458.435028076172 456.644927978516 454.305328369141 452.781280517578 450.271697998047 446.364196777344 446.867492675781 446.190338134766 445.545837402344 443.73095703125 441.756713867188 442.627349853516 442.096710205078 440.005462646484 438.913360595703 437.484405517578 437.270446777344 435.934448242188 434.122100830078 431.444274902344 430.359283447266 429.530151367188 428.636810302734 427.63037109375 426.853088378906 426.305755615234 426.165863037109 425.647857666016 423.0146484375 422.078491210938 421.062713623047 421.062713623047 422.338958740234 424.254730224609 425.596435546875 426.353942871094 428.143859863281 431.269226074219 431.955047607422 432.245239257812
459.033264160156 459.007202148438 459.172882080078 457.488739013672 456.892028808594 456.488220214844 456.223754882812 457.394409179688 455.90087890625 453.138641357422 451.241027832031 449.5419921875 446.270568847656 441.705535888672 442.116394042969 442.325592041016 442.361328125 440.703460693359 439.710784912109 439.133453369141 437.848266601562 436.059143066406 434.699584960938 433.22314453125 432.926696777344 430.938751220703 428.002136230469 426.587799072266 426.034851074219 425.592559814453 423.603363037109 422.187133789062 421.479370117188 420.651611328125 420.178527832031 418.118560791016 418.316467285156 417.837554931641 415.692962646484 415.692962646484 415.475616455078 416.443420410156 417.759063720703 418.225799560547 420.725708007812 423.275939941406 425.369171142578 425.589996337891
456.324829101562 455.923370361328 454.298797607422 455.716705322266 454.801940917969 454.632751464844 454.488128662109 454.051513671875 451.684814453125 449.865966796875 449.028167724609 445.714569091797 442.254577636719 437.829162597656 436.767486572266 438.347015380859 436.599365234375 435.843902587891 435.721618652344 433.472442626953 432.011108398438 430.28173828125 429.308166503906 429.344116210938 428.239776611328 425.980255126953 423.239074707031 422.303558349609 421.076202392578 419.513061523438 416.659606933594 416.081298828125 416.002502441406 414.997985839844 413.317169189453 412.238616943359 411.811279296875 410.131958007812 408.767822265625 408.767822265625 408.942504882812 410.174621582031 410.565551757812 411.206512451172 413.778991699219 417.284790039062 419.072479248047 419.584686279297
454.339538574219 453.584899902344 452.958648681641 453.293823242188 453.078033447266 453.380126953125 452.250122070312 450.38720703125 449.400482177734 447.843078613281 445.939483642578 443.351623535156 439.248352050781 434.576995849609 432.400299072266 432.075897216797 432.277618408203 431.583587646484 430.615051269531 427.560180664062 426.774108886719 426.152282714844 425.390014648438 425.1875 424.451507568359 421.356628417969 418.458404541016 416.239166259766 415.226654052734 413.569183349609 411.434844970703 410.884399414062 410.305023193359 409.672576904297 407.207824707031 407.479827880859 403.869720458984 403.275543212891 402.068328857422 402.068328857422 402.675048828125 403.412292480469 403.135803222656 405.291564941406 407.397827148438 410.399536132812 411.815734863281 413.698852539062
449.497894287109 448.454437255859 450.201171875 450.32421875 450.10986328125 451.222930908203 450.191436767578 447.520477294922 446.499298095703 444.485656738281 443.436676025391 440.830993652344 437.088226318359 434.151977539062 430.760864257812 429.276336669922 429.015258789062 428.933013916016 426.043304443359 424.028839111328 423.075256347656 421.996948242188 421.843933105469 421.219085693359 419.482818603516 415.4794921875 412.907043457031 410.832855224609 410.268005371094 408.322204589844 406.301330566406 405.341552734375 404.415405273438 403.306793212891 400.454254150391 400.239044189453 396.8779296875 396.497711181641 395.708038330078 395.708038330078 396.258575439453 395.576965332031 395.666137695312 398.632354736328 401.116394042969 403.241119384766 404.503540039062 407.244934082031
445.82421875 446.241546630859 447.424102783203 448.654052734375 450.434448242188 449.717071533203 446.302154541016 442.676300048828 441.215881347656 439.638122558594 439.901947021484 436.910461425781 434.448333740234 432.9794921875 430.984893798828 429.989898681641 428.833709716797 426.122833251953 422.310943603516 421.073699951172 419.74560546875 418.210113525391 415.987365722656 414.67236328125 412.690734863281 408.350860595703 408.181854248047 406.859832763672 403.700714111328 403.158843994141 401.149353027344 399.812377929688 398.174377441406 396.166778564453 392.945526123047 392.354278564453 389.914978027344 389.70703125 387.858489990234 387.858489990234 387.845581054688 386.721893310547 387.705078125 391.406860351562 393.249572753906 395.002197265625 396.263580322266 399.414398193359
444.358673095703 445.002990722656 446.352630615234 447.314971923828 448.719512939453 446.954406738281 443.460388183594 440.138916015625 439.168395996094 437.629150390625 436.654266357422 434.874420166016 433.035369873047 430.671722412109 428.864807128906 426.900482177734 424.191009521484 422.134124755859 418.628997802734 417.724243164062 416.234893798828 412.292144775391 408.976928710938 408.703155517578 406.320556640625 403.6435546875 403.656707763672 401.240814208984 398.393218994141 398.415466308594 396.732116699219 395.279754638672 391.954895019531 389.299713134766 387.202789306641 384.673828125 384.017333984375 383.553985595703 381.364715576172 381.364715576172 380.227020263672 379.430969238281 380.720092773438 384.202819824219 385.171630859375 387.552795410156 388.475463867188 391.284515380859
439.338836669922 440.637512207031 442.632507324219 443.269287109375 443.177337646484 440.737365722656 438.917327880859 436.616302490234 436.084320068359 435.095520019531 432.824981689453 432.045623779297 430.266357421875 428.210296630859 426.396087646484 422.998474121094 420.029907226562 414.577178955078 413.011291503906 413.380981445312 410.691650390625 406.694793701172 404.841094970703 404.663116455078 401.240875244141 399.160919189453 397.00341796875 395.296356201172 394.288024902344 393.250244140625 392.024353027344 389.757232666016 386.046173095703 383.177581787109 380.796356201172 379.583892822266 379.299682617188 376.198364257812 373.565399169922 373.565399169922 371.591613769531 371.372741699219 373.706085205078 376.945129394531 378.933074951172 379.978485107422 380.780059814453 382.938903808594
441.360229492188 442.963439941406 441.742370605469 440.757659912109 438.650939941406 436.858703613281 433.71630859375 431.129577636719 429.174774169922 427.994903564453 427.838195800781 426.630157470703 425.5908203125 425.292724609375 422.32373046875 419.459716796875 415.749084472656 408.834503173828 409.466186523438 409.381805419922 404.5234375 402.36328125 401.512542724609 399.724639892578 395.254547119141 395.488098144531 392.384979248047 390.631652832031 389.448608398438 387.297088623047 385.631317138672 383.890350341797 381.040283203125 377.143188476562 374.343719482422 373.302490234375 372.858001708984 369.482971191406 366.197326660156 366.197326660156 364.148681640625 363.901000976562 365.925262451172 367.759857177734 370.516021728516 372.518371582031 373.385375976562 376.328704833984
440.148040771484 440.053375244141 440.192077636719 436.846832275391 433.543090820312 428.682525634766 424.658081054688 421.683746337891 420.137847900391 420.350006103516 419.680603027344 420.382537841797 420.541290283203 420.177978515625 416.637054443359 415.264007568359 411.227996826172 407.003265380859 406.822631835938 404.540100097656 400.337738037109 400.317901611328 398.138549804688 393.510101318359 390.927825927734 390.165313720703 388.349243164062 385.606536865234 383.683258056641 381.599822998047 379.476501464844 377.938659667969 374.963531494141 371.496398925781 367.8798828125 366.057159423828 365.527465820312 361.798278808594 359.296844482422 359.296844482422 357.213989257812 356.777191162109 358.187255859375 359.511047363281 362.286499023438 364.503845214844 366.019317626953 369.477691650391
438.869934082031 437.208892822266 435.706665039062 432.864624023438 424.664367675781 418.272186279297 411.296020507812 406.517364501953 408.238800048828 410.239990234375 410.057708740234 413.487213134766 415.754364013672 414.226531982422 412.215240478516 411.235107421875 408.178192138672 404.769622802734 401.6669921875 399.429260253906 396.419067382812 394.34521484375 391.768005371094 388.128540039062 386.507843017578 385.019409179688 382.406341552734 379.794982910156 377.62158203125 376.391723632812 374.033233642578 372.586486816406 369.309692382812 365.289642333984 362.159423828125 359.233673095703 356.468048095703 354.174072265625 352.012756347656 352.012756347656 349.404754638672 349.821624755859 351.142425537109 352.708282470703 353.948120117188 356.685394287109 358.563903808594 362.8017578125
434.126586914062 432.810333251953 428.088928222656 423.318481445312 413.273376464844 404.902679443359 396.085144042969 389.102966308594 390.515045166016 398.637725830078 403.745666503906 409.059722900391 412.185882568359 410.239501953125 407.607360839844 406.235687255859 405.603271484375 401.011505126953 398.238616943359 394.996795654297 391.669219970703 390.420593261719 387.920288085938 385.715179443359 382.83251953125 380.637664794922 376.493835449219 374.336944580078 372.333404541016 370.534088134766 368.048034667969 366.528411865234 362.404724121094 357.714080810547 354.440612792969 352.263061523438 350.349365234375 346.909271240234 344.612854003906 344.612854003906 343.011108398438 343.049774169922 343.672698974609 345.313598632812 347.135772705078 349.558349609375 351.938842773438 356.703887939453
