rasterData/Algeria_bio10.asc
NCOLS 248 
NROWS 217 
XLLCORNER -8.682385214 
YLLCORNER 18.975561136 
CELLSIZE 0.0832711529596774 
NODATA_value -3.4e+38 
[rows 21 to 41 of 217, columns 141 to 187 of 248]
24.0988330841064 24.1870002746582 24.1538333892822 24.0534992218018 24.685998916626 25.6798324584961 26.2366676330566 26.6865005493164 26.5873336791992 26.1813335418701 26.5611667633057 27.9131660461426 28.3553333282471 30.2493324279785 30.46266746521 30.5518341064453 30.4710006713867 30.1800003051758 29.9188327789307 30.2148342132568 30.2091674804688 30.1066665649414 30.0211658477783 29.4495010375977 29.7396659851074 29.6393337249756 29.431999206543 28.6746673583984 26.4378337860107 23.9653339385986 21.8034992218018 21.8346672058105 21.6889991760254 20.7110004425049 20.4440002441406 20.6488342285156 20.638500213623 20.5131664276123 19.8826675415039 20.9351673126221 20.7218322753906 19.8728332519531 18.904333114624 21.1145000457764 22.0178337097168 19.8696670532227 21.5625
23.7800006866455 23.9104995727539 24.4108333587646 25.1268329620361 25.5931663513184 25.8288326263428 26.0441665649414 26.2973327636719 26.5060005187988 26.6748332977295 27.3358345031738 27.855167388916 28.4918327331543 29.4910011291504 29.9079990386963 29.958833694458 29.6770000457764 29.4151668548584 29.5108337402344 29.8408336639404 29.9161682128906 29.83766746521 29.5778331756592 29.2718334197998 29.6731662750244 29.6338329315186 28.8565006256104 28.234167098999 26.8761672973633 26.0591659545898 25.4286670684814 25.314998626709 22.0191669464111 20.4858322143555 20.5883331298828 21.1294994354248 20.775333404541 20.8001670837402 22.2643337249756 21.4126663208008 20.4071674346924 21.1458339691162 20.1561660766602 20.9440002441406 23.283166885376 23.7043342590332 24.4769992828369
24.1821670532227 24.4251670837402 24.9535007476807 25.4266662597656 25.5713348388672 25.6268348693848 25.4271659851074 25.6725006103516 25.628999710083 26.3251667022705 26.5243339538574 26.8080005645752 27.2880001068115 27.4248332977295 28.3521671295166 28.1319999694824 28.1703338623047 28.5208339691162 29.0548324584961 29.4456672668457 29.2433338165283 28.4571666717529 28.3058338165283 28.9270000457764 29.3425006866455 29.2323341369629 28.029333114624 28.0341663360596 28.1406669616699 28.4018325805664 28.154167175293 26.4429988861084 24.1774997711182 22.3546657562256 21.9113330841064 21.3684997558594 21.8448333740234 23.1889991760254 23.3286666870117 20.9208335876465 22.8623332977295 22.7318325042725 21.6781673431396 21.5306663513184 23.5553340911865 25.2215003967285 25.2516670227051
24.6079998016357 24.6448345184326 25.0564994812012 25.2201671600342 24.5618324279785 24.0690002441406 24.7726669311523 24.9758338928223 25.2880001068115 25.8916664123535 25.9981670379639 26.0310001373291 25.0276660919189 24.8206672668457 25.304666519165 25.6551666259766 26.3174991607666 27.8533325195312 28.6376667022705 28.9981651306152 28.6944999694824 28.0821666717529 28.1158332824707 28.2256660461426 29.1283340454102 29.5673332214355 29.3533325195312 29.6638336181641 30.3190002441406 30.2548332214355 29.6870002746582 28.9236679077148 27.5611667633057 24.0645008087158 23.9983329772949 25.0768337249756 24.5366668701172 22.7350006103516 21.4379997253418 22.1508331298828 23.7356662750244 23.75 22.4078330993652 24.7801666259766 25.8938331604004 23.5006675720215 22.2516670227051
24.7431659698486 24.9011669158936 24.892333984375 24.2021675109863 24.2240009307861 24.720666885376 24.9616661071777 24.9869995117188 25.6865005493164 25.9358329772949 25.4181671142578 25.3806667327881 25.3881664276123 24.9608325958252 25.8485012054443 26.6394996643066 27.36549949646 27.7794990539551 28.6208343505859 28.5306663513184 27.8501663208008 27.8148326873779 28.5739994049072 29.2513332366943 29.4728336334229 30.2441673278809 30.9010009765625 31.0795001983643 31.2040004730225 31.1175003051758 30.9888343811035 30.6686668395996 30.1979999542236 28.7390003204346 28.7456665039062 26.3526668548584 23.3969993591309 23.0939998626709 24.6388339996338 25.3139991760254 24.9069995880127 26.0564994812012 26.5583324432373 27.7113342285156 25.045166015625 21.4955005645752 22.4678325653076
24.7621669769287 24.3988342285156 23.9763336181641 23.810998916626 24.3819999694824 24.4823341369629 24.8380012512207 25.1231670379639 25.0881671905518 25.2861671447754 25.3920001983643 25.7183322906494 26.0611667633057 26.6308326721191 27.2646675109863 27.5306663513184 27.8421669006348 28.4285011291504 28.183500289917 28.0416660308838 28.6128330230713 28.8938331604004 28.7194995880127 28.3471660614014 29.9674987792969 30.7181663513184 30.6113338470459 30.6778335571289 31.3433322906494 31.3253326416016 31.275333404541 31.7770004272461 31.5856666564941 31.0976676940918 29.9778327941895 29.1541652679443 28.9151668548584 28.8833332061768 29.1245002746582 29.5148334503174 29.3880004882812 28.7480010986328 27.2656669616699 28.6083335876465 27.8588333129883 27.1921653747559 26.8150005340576
24.6933326721191 24.2999992370605 24.121000289917 24.2016677856445 24.4691677093506 24.6708335876465 24.5636672973633 24.8368339538574 24.7096672058105 25.103666305542 25.5294990539551 26.0623321533203 26.5375003814697 26.9233341217041 27.0388336181641 27.3233337402344 27.4608325958252 27.6696662902832 27.6033325195312 27.8503341674805 29.0826663970947 29.9303340911865 30.0521659851074 30.1905002593994 30.5985012054443 30.2940006256104 30.1901664733887 30.8076667785645 31.1833343505859 31.1413345336914 31.9440002441406 32.5838317871094 32.5103340148926 32.3443336486816 32.064998626709 31.8606662750244 31.7840003967285 31.5726661682129 31.4146671295166 31.3058338165283 31.2163333892822 31.1163330078125 31.0310001373291 30.7858333587646 30.5319995880127 30.3944988250732 29.9029998779297
24.4008331298828 24.3321666717529 24.1743335723877 24.4028339385986 24.4734992980957 24.4821662902832 24.5069999694824 24.7874984741211 25.1683330535889 25.7299995422363 25.566499710083 25.9863338470459 26.6226673126221 26.97483253479 27.1586666107178 27.4226665496826 28.3079986572266 28.390998840332 28.4868335723877 29.1485004425049 29.6256656646729 30.1101665496826 30.5641670227051 30.8578338623047 31.1306667327881 31.2784996032715 31.2666664123535 31.1620006561279 31.5941677093506 32.2096672058105 32.5818328857422 32.7216644287109 32.6826667785645 32.5844993591309 32.5386657714844 32.4298324584961 32.4104995727539 32.2890014648438 32.1204986572266 31.9069995880127 31.7846660614014 31.6660003662109 31.5163345336914 31.3784999847412 31.2469997406006 31.1105003356934 30.8040008544922
23.8680000305176 24.1553325653076 24.3366661071777 24.3483333587646 24.4501667022705 24.4673328399658 24.4141654968262 25.0295009613037 25.6568336486816 25.9696674346924 26.1791667938232 26.3221664428711 26.276834487915 26.7468338012695 27.4060020446777 28.4309997558594 28.8726673126221 29.2189998626709 29.3673324584961 29.3513336181641 30.0104999542236 30.4398345947266 30.7666664123535 31.0209999084473 31.1966667175293 31.4848327636719 31.6673336029053 31.7895011901855 31.9776668548584 32.267333984375 32.4664993286133 32.6004981994629 32.6424980163574 32.5813331604004 32.5885009765625 32.5774993896484 32.5788345336914 32.4668350219727 32.2921676635742 32.1081657409668 31.9654998779297 31.8151664733887 31.7255001068115 31.6613330841064 31.594165802002 31.4654998779297 31.2550010681152
24.2663326263428 24.3479995727539 24.2600002288818 24.3108329772949 25.0195007324219 25.2840003967285 25.4806671142578 25.5235004425049 25.6871662139893 25.4188327789307 25.5856666564941 26.0531673431396 26.9571666717529 27.969165802002 28.4566669464111 28.8819999694824 29.3834991455078 29.6658325195312 29.7199993133545 30.2058334350586 30.5161666870117 30.6161670684814 30.804500579834 30.9951667785645 31.1940002441406 31.4906673431396 31.7201652526855 31.8293342590332 31.9753322601318 32.1691665649414 32.3585014343262 32.4456672668457 32.5304985046387 32.6389999389648 32.6356658935547 32.6186676025391 32.6728324890137 32.582332611084 32.3828353881836 32.2006683349609 32.0955009460449 32.0074996948242 31.8325004577637 31.7663326263428 31.7603340148926 31.744499206543 31.6303329467773
24.4383335113525 24.6719989776611 24.8319988250732 25.4225006103516 26.0681667327881 26.2376670837402 26.1283321380615 25.4733333587646 25.4011669158936 25.1564998626709 25.6253337860107 27.1926670074463 28.2674999237061 28.7038326263428 29.1828327178955 29.5476665496826 29.958833694458 30.0928344726562 30.4015007019043 30.5576667785645 30.5043334960938 30.6471672058105 30.7681674957275 30.933666229248 31.1189994812012 31.2959995269775 31.5103340148926 31.7298336029053 31.8990001678467 32.0686683654785 32.2335014343262 32.3713340759277 32.4516677856445 32.5553321838379 32.6783332824707 32.7465019226074 32.8076667785645 32.7234992980957 32.59716796875 32.3556671142578 32.2319984436035 32.2393341064453 32.0203323364258 31.9031658172607 31.8518333435059 31.9029998779297 31.7789993286133
25.4833335876465 25.6354999542236 25.7731666564941 26.4949989318848 26.8770008087158 26.7910003662109 26.2768325805664 25.6315002441406 25.1538333892822 25.8356666564941 27.2473335266113 28.2218322753906 28.8123321533203 29.1865005493164 29.6229991912842 29.9496669769287 30.1603317260742 30.4418334960938 30.6654987335205 30.7268333435059 30.8055000305176 30.8190002441406 30.8531665802002 30.945499420166 30.99049949646 31.1878337860107 31.4243335723877 31.6475009918213 31.8166675567627 32.083667755127 32.2336654663086 32.3623352050781 32.4720001220703 32.5040016174316 32.6655006408691 32.8553352355957 32.9199981689453 32.8753318786621 32.7944984436035 32.6128349304199 32.4930000305176 32.3891677856445 32.1534996032715 32.1181678771973 32.082332611084 32.0354995727539 31.7821674346924
26.3906669616699 26.5244998931885 26.7754993438721 27.2928333282471 27.3745002746582 27.2760009765625 26.4693336486816 25.658166885376 26.7733345031738 27.6124992370605 28.2503337860107 28.742000579834 29.2146682739258 29.6386680603027 30.0023326873779 30.2516670227051 30.4446678161621 30.6404991149902 30.7171669006348 30.6181659698486 30.7029991149902 30.7338333129883 30.7531661987305 30.8080005645752 30.9936676025391 31.2266674041748 31.4656677246094 31.679500579834 31.8386669158936 32.0229988098145 32.2133331298828 32.4278335571289 32.5741653442383 32.6128311157227 32.611499786377 32.7994995117188 32.8870010375977 32.808666229248 32.7411651611328 32.6688346862793 32.6638336181641 32.5919990539551 32.3834991455078 32.2751655578613 32.2741661071777 32.2096672058105 32.0265007019043
26.9726657867432 27.3075008392334 27.5458335876465 27.6923351287842 27.720666885376 27.7859992980957 27.8425006866455 27.7131652832031 27.941499710083 28.2116661071777 28.7586669921875 29.2703342437744 29.6563339233398 29.9069995880127 30.0408325195312 30.2775001525879 30.5496673583984 30.6570014953613 30.5551662445068 30.5205001831055 30.4836673736572 30.5288333892822 30.7173347473145 30.8624992370605 31.0258331298828 31.2678337097168 31.4971656799316 31.703332901001 31.920166015625 32.1059989929199 32.2341690063477 32.4145011901855 32.6006660461426 32.6004981994629 32.8001670837402 32.9514999389648 32.8601684570312 32.8073348999023 32.7501678466797 32.7620010375977 32.752498626709 32.6679992675781 32.4879989624023 32.2251663208008 32.1436653137207 32.1521682739258 32.170166015625
27.7611675262451 27.9696655273438 27.9629993438721 27.8913345336914 27.855167388916 28.0221672058105 28.1084995269775 28.404333114624 28.5974998474121 28.9145011901855 29.2643337249756 29.5708332061768 29.7553329467773 29.8321666717529 30.0230007171631 30.2970008850098 30.4733333587646 30.2933330535889 30.2943344116211 30.3521671295166 30.3889999389648 30.5161666870117 30.679500579834 30.8689994812012 31.0658340454102 31.2918338775635 31.5138320922852 31.7615013122559 31.9701671600342 32.1331672668457 32.232666015625 32.5128326416016 32.7431678771973 32.7695007324219 33.0821685791016 33.0914993286133 32.8334999084473 32.7891654968262 32.7700004577637 32.8013343811035 32.6855010986328 32.5421676635742 32.2798347473145 32.1511650085449 32.1474990844727 32.136833190918 32.2506675720215
28.1331672668457 28.3796653747559 28.3365001678467 28.1205005645752 28.3013324737549 28.6340007781982 28.7593326568604 29.0034999847412 29.2255001068115 29.3406677246094 29.4096660614014 29.5638332366943 29.6486663818359 29.7474994659424 29.9899997711182 30.1814994812012 30.1389999389648 30.1300010681152 30.2403335571289 30.4400005340576 30.5233325958252 30.6016674041748 30.7609996795654 30.8985004425049 31.1035003662109 31.3478336334229 31.5439987182617 31.7360000610352 31.9288330078125 31.9895000457764 32.2695007324219 32.5838317871094 32.7248344421387 32.7001647949219 32.7693328857422 32.7729988098145 33.09033203125 33.0521659851074 32.9291687011719 32.6441650390625 32.3766670227051 32.3083343505859 32.1798324584961 32.018497467041 32.0706672668457 32.2373313903809 32.2929992675781
28.6438331604004 28.8655014038086 28.8131675720215 28.7131671905518 29.0300006866455 29.1843338012695 29.246000289917 29.2775001525879 29.2134990692139 29.2006664276123 29.1908340454102 29.2671661376953 29.480167388916 29.6871662139893 29.8798332214355 29.8339996337891 30.0343322753906 30.2323341369629 30.4096660614014 30.5741672515869 30.755500793457 30.9194984436035 31.042667388916 31.140998840332 31.2838325500488 31.5266666412354 31.6813335418701 31.7943325042725 31.8786659240723 31.9853324890137 32.2626686096191 32.4790000915527 32.6871681213379 32.6723327636719 32.4915008544922 32.5730018615723 33.0945014953613 33.0981674194336 32.9661674499512 32.6614990234375 32.4394989013672 32.2773323059082 32.0908317565918 32.0031661987305 32.0061645507812 32.121166229248 32.1230010986328
29.0345001220703 29.0963325500488 29.3171672821045 29.4305000305176 29.505500793457 29.3320007324219 29.2236671447754 29.1655006408691 29.1371650695801 29.1494998931885 29.1618347167969 29.326000213623 29.4484996795654 29.5756664276123 29.7414989471436 29.8924999237061 29.9791660308838 30.1469993591309 30.4705009460449 30.6683330535889 30.8116664886475 30.9473323822021 31.1181678771973 31.1966667175293 31.2686672210693 31.4428329467773 31.4923324584961 31.6788330078125 31.9016666412354 32.0830001831055 32.181999206543 32.3451652526855 32.6253318786621 32.6650009155273 32.627498626709 32.7138328552246 33.0299987792969 32.7181663513184 32.6614990234375 32.625 32.5051651000977 32.3613319396973 32.1921653747559 32.1111679077148 32.0576667785645 32.048999786377 32.0559997558594
29.336332321167 29.3328323364258 29.4499988555908 29.5300006866455 29.5386657714844 29.4286670684814 29.2999992370605 29.1625003814697 29.1005001068115 29.1223335266113 29.1700000762939 29.2543334960938 29.3321666717529 29.503999710083 29.7436676025391 30.0625 30.111499786377 30.1753349304199 30.4820003509521 30.7836666107178 30.9898338317871 31.1041660308838 31.1520004272461 31.1758327484131 31.3525009155273 31.4806671142578 31.5421676635742 31.6441669464111 31.8288326263428 31.9915008544922 32.0201683044434 32.2226676940918 32.5615005493164 32.5863342285156 32.6279983520508 32.7350006103516 32.8035011291504 32.7531661987305 32.5436668395996 32.4580001831055 32.3981666564941 32.2854995727539 32.1860008239746 32.1464996337891 32.0883331298828 32.0504989624023 32.0733337402344
29.1731662750244 29.1281661987305 29.2023315429688 29.2093334197998 29.3381671905518 29.3628330230713 29.2188339233398 29.1350002288818 29.0626678466797 29.0658321380615 29.0810012817383 29.3561668395996 29.5068340301514 29.6829986572266 29.84716796875 30.1070003509521 30.3861656188965 30.515998840332 30.732666015625 30.9235000610352 31.0534992218018 31.204833984375 31.2695007324219 31.3646659851074 31.4694995880127 31.6199989318848 31.7151660919189 31.8016662597656 31.9178333282471 31.9768333435059 32.068000793457 32.2998313903809 32.5061645507812 32.5356674194336 32.5503349304199 32.760498046875 32.6548309326172 32.6653327941895 32.4830017089844 32.3704986572266 32.3071670532227 32.2594985961914 32.1853332519531 32.1486663818359 32.1058349609375 32.0723342895508 32.0338325500488
29.0378341674805 29.0383338928223 29.1746673583984 29.2316665649414 29.2089996337891 29.1856670379639 29.0395011901855 29.0901660919189 29.1628341674805 29.3004989624023 29.4360008239746 29.5340003967285 29.6391677856445 29.8526668548584 29.9820003509521 30.1143341064453 30.2554988861084 30.4063320159912 30.6550006866455 30.779167175293 30.9700012207031 31.179666519165 31.219165802002 31.3073329925537 31.4658336639404 31.6319999694824 31.7056674957275 31.7956657409668 32.013500213623 32.220832824707 32.218334197998 32.3066673278809 32.4010009765625 32.4273338317871 32.5673332214355 32.8663330078125 32.6061668395996 32.5183334350586 32.4259986877441 32.3696670532227 32.3016662597656 32.242000579834 32.1698341369629 32.1399993896484 32.0711669921875 32.029167175293 32.031665802002
