rasterData/Algeria_bio10.asc
NCOLS 248 
NROWS 217 
XLLCORNER -8.682385214 
YLLCORNER 18.975561136 
CELLSIZE 0.0832711529596774 
NODATA_value -3.4e+38 
[rows 168 to 188 of 217, columns 141 to 187 of 248]
34.0151672363281 33.9101676940918 33.8506660461426 33.7599983215332 33.6268348693848 33.5156669616699 33.4516677856445 33.3634986877441 33.3004989624023 33.1063346862793 33.2363319396973 33.1668319702148 33.0599975585938 32.9816665649414 33.0111656188965 32.8613319396973 32.7630004882812 32.9179992675781 32.7508316040039 32.178165435791 32.056999206543 31.6088333129883 31.2140007019043 31.074333190918 30.7145004272461 30.4915008544922 29.9421672821045 28.8356666564941 27.7101669311523 27.0503330230713 26.5583343505859 26.7310009002686 27.1513328552246 27.8816661834717 28.5693340301514 28.8186664581299 28.9015007019043 29.4498329162598 29.5974998474121 29.9289989471436 30.5223331451416 30.5903339385986 30.5013332366943 31.103666305542 31.6871662139893 31.7896671295166 31.6811676025391
33.9814987182617 33.9025001525879 33.8055000305176 33.7076683044434 33.550666809082 33.3756675720215 33.3066673278809 33.3219985961914 33.2456665039062 33.2066688537598 33.2683334350586 33.1821670532227 33.1333312988281 33.0438346862793 32.9996643066406 32.8583335876465 32.7748336791992 32.9063339233398 32.8388328552246 32.3191680908203 32.0021667480469 31.6200008392334 31.1221656799316 30.8543338775635 30.4998321533203 30.1213340759277 29.882833480835 29.146167755127 28.4435005187988 27.5935001373291 27.3024997711182 27.2980003356934 27.6760005950928 28.5023345947266 29.1296672821045 29.2609996795654 29.6826667785645 30.0054988861084 29.8619995117188 30.4391670227051 30.6840000152588 30.8980007171631 31.0214996337891 31.1991653442383 31.7161655426025 31.9938335418701 32.0306663513184
34.0029983520508 33.8938331604004 33.7966651916504 33.6096649169922 33.4551658630371 33.3558349609375 33.3446655273438 33.3518333435059 33.3486671447754 33.2881660461426 33.2881660461426 33.263500213623 33.1121673583984 33.1726684570312 32.9458351135254 32.8224983215332 32.8764991760254 32.9251670837402 32.7378311157227 32.138500213623 31.9838333129883 31.7760009765625 31.3533325195312 30.9750003814697 30.5366668701172 30.05299949646 29.6070003509521 29.0988330841064 28.5166664123535 28.2520008087158 27.8998336791992 27.441333770752 27.9166679382324 27.9323348999023 29.1866664886475 29.6300010681152 30.191499710083 30.6088333129883 30.4125003814697 30.7866668701172 31.1843338012695 31.0251655578613 31.4326667785645 31.5536670684814 31.6838340759277 32.0953330993652 32.2253341674805
33.9803352355957 33.8526649475098 33.7291679382324 33.5605010986328 33.4973335266113 33.4474983215332 33.3276672363281 33.4406661987305 33.4206657409668 33.275333404541 33.2280006408691 33.1025009155273 33.1030006408691 33.1741676330566 33.0436668395996 32.8383331298828 32.9223327636719 32.946834564209 32.4508323669434 32.251335144043 32.072998046875 31.6374988555908 31.25950050354 30.7159996032715 30.5021667480469 29.9780006408691 29.4981670379639 29.0979995727539 28.8640003204346 28.7661666870117 28.3193340301514 27.7620010375977 28.5108337402344 28.9594993591309 29.5318336486816 29.950834274292 30.1561660766602 30.9406661987305 30.9090003967285 31.1505012512207 31.5051670074463 31.6361675262451 31.537166595459 31.6411666870117 31.8981666564941 32.0214996337891 32.2983322143555
33.8491668701172 33.7071647644043 33.5989990234375 33.4918327331543 33.4554977416992 33.3629989624023 33.3361663818359 33.4528350830078 33.3456649780273 33.2346649169922 33.1414985656738 33.1365013122559 33.1468315124512 33.0934982299805 32.9249992370605 32.7386665344238 32.6958351135254 32.8206672668457 32.7415008544922 32.2843322753906 31.6241664886475 31.1058349609375 30.8553333282471 30.7534999847412 30.3356666564941 29.6233348846436 29.3115005493164 29.2496662139893 29.4029998779297 29.1823329925537 28.8506660461426 28.3053340911865 28.3824996948242 29.4851665496826 30.0699996948242 30.1591663360596 30.4578323364258 31.2084999084473 31.2198333740234 30.9529991149902 31.4181671142578 31.9803333282471 32.1526679992676 31.9165000915527 32.1079978942871 32.1463317871094 32.2514991760254
33.757999420166 33.6881675720215 33.5323333740234 33.4338340759277 33.3566665649414 33.3969993591309 33.4161682128906 33.4913330078125 33.2831649780273 33.2735023498535 33.3141670227051 33.2400016784668 33.1963348388672 33.0626678466797 32.8824996948242 32.7763328552246 32.6645011901855 32.7519989013672 32.5940017700195 32.1884994506836 31.8784999847412 31.3548336029053 31.0471668243408 30.7771663665771 30.4791660308838 29.9506664276123 29.6604995727539 29.6598320007324 29.8269996643066 29.5216674804688 29.0415000915527 28.8568344116211 28.9678344726562 29.5306663513184 30.345832824707 30.3081665039062 30.4168319702148 31.0563335418701 31.5101661682129 31.4688339233398 31.4794998168945 32.0208320617676 32.3818321228027 32.4126663208008 32.3623352050781 32.048999786377 32.2111663818359
33.8115005493164 33.7338333129883 33.6235008239746 33.4911689758301 33.4103317260742 33.4539985656738 33.4878349304199 33.3714981079102 33.382999420166 33.3489990234375 33.2320022583008 33.2320022583008 33.1674995422363 33.1088333129883 32.8303337097168 32.5914993286133 32.498664855957 32.3605003356934 32.1920013427734 32.0151672363281 32.0089988708496 31.6375007629395 31.5041656494141 31.3313331604004 30.992000579834 30.640832901001 30.3373336791992 30.1866664886475 30.1451663970947 29.8824996948242 29.570333480835 29.4034996032715 29.6868324279785 29.8653335571289 30.6153335571289 30.333833694458 30.6373329162598 30.9373321533203 31.5534992218018 31.8236656188965 31.9328327178955 32.019832611084 32.2001686096191 32.5818328857422 32.6004981994629 32.1403350830078 32.2611656188965
33.8146667480469 33.6720008850098 33.6013336181641 33.4873313903809 33.5219993591309 33.4980010986328 33.4593315124512 33.4663314819336 33.4183349609375 33.2856674194336 33.2060012817383 33.2003326416016 33.2031669616699 33.1206665039062 32.740665435791 32.5168342590332 32.4463348388672 32.3516654968262 32.1928329467773 32.053165435791 32.0681648254395 31.7731666564941 31.6866664886475 31.550666809082 31.3703327178955 31.0971660614014 30.9468326568604 30.5588340759277 30.5463333129883 30.3678321838379 30.1228332519531 29.8813323974609 30.1698341369629 30.2016658782959 30.806999206543 30.5671672821045 30.7399997711182 30.8003330230713 31.3596668243408 31.7624988555908 32.0496673583984 32.2158317565918 32.1911659240723 32.5431671142578 32.6074981689453 32.3406677246094 32.3028335571289
33.8376693725586 33.6741676330566 33.4991645812988 33.5579986572266 33.6365013122559 33.5603332519531 33.4119987487793 33.3390007019043 33.2278327941895 33.173168182373 33.1941680908203 33.2055015563965 33.1586647033691 33.0634994506836 32.7676658630371 32.5745010375977 32.5898323059082 32.3858337402344 32.2663345336914 32.1623344421387 32.0893325805664 31.9111671447754 31.6803340911865 31.6380004882812 31.5498332977295 31.3988342285156 31.2541656494141 30.9650001525879 30.8346672058105 30.8915004730225 30.6020011901855 30.3311672210693 30.5201663970947 30.4781665802002 30.8471660614014 31.1831665039062 30.949333190918 30.877498626709 31.2146663665771 31.7006664276123 31.9086666107178 32.2628326416016 32.230167388916 32.5859985351562 32.6764984130859 32.5111656188965 32.405834197998
33.7248344421387 33.583667755127 33.5966682434082 33.6783332824707 33.5419998168945 33.3014984130859 33.2011680603027 33.2141647338867 33.2849998474121 33.2971687316895 33.2328338623047 33.1281661987305 32.8646659851074 32.8128318786621 32.6608352661133 32.6383323669434 32.6501655578613 32.4819984436035 32.394832611084 32.2584991455078 32.0745010375977 31.9743328094482 31.7846660614014 31.6521663665771 31.5081672668457 31.4835014343262 31.3048343658447 31.0018329620361 31.0219993591309 30.9804992675781 31.0004997253418 30.9403343200684 30.9658336639404 30.7566661834717 30.9095001220703 31.2490005493164 31.1705017089844 31.2455005645752 31.2533340454102 31.4908332824707 32.0018348693848 32.1549987792969 32.4373321533203 32.7146644592285 32.712833404541 32.4845008850098 32.2690010070801
33.7589988708496 33.6838340759277 33.7091674804688 33.5973320007324 33.5716667175293 33.4123344421387 33.3488349914551 33.3951644897461 33.321834564209 33.2513313293457 33.1069984436035 32.9738311767578 32.9941673278809 32.8293342590332 32.6860008239746 32.753833770752 32.7081680297852 32.5395011901855 32.4023323059082 32.2616653442383 32.0984992980957 32.0343322753906 31.700834274292 31.4583339691162 31.3940010070801 31.4284992218018 31.2805004119873 31.2268333435059 31.2076683044434 31.0623321533203 31.1643333435059 31.078332901001 31.1219997406006 31.1035003662109 31.0598335266113 31.1951656341553 31.511833190918 31.470832824707 31.5378322601318 31.6818332672119 31.9931659698486 32.2013320922852 32.5424995422363 32.7296676635742 32.6735000610352 32.7281646728516 32.3660011291504
34.0175018310547 33.985164642334 33.6708335876465 33.5315017700195 33.5299987792969 33.4883346557617 33.3826675415039 33.3110008239746 33.0776672363281 33.0866661071777 33.171501159668 33.1153335571289 33.0113334655762 32.8334999084473 32.8019981384277 32.8199996948242 32.7163314819336 32.5288352966309 32.3658332824707 32.2049980163574 32.0436668395996 31.8971672058105 31.6496677398682 31.4298343658447 31.3619995117188 31.3940010070801 31.3290004730225 31.3583335876465 31.3366661071777 31.2536659240723 31.2425003051758 31.1575012207031 31.1455001831055 31.1256675720215 31.2040004730225 31.4381675720215 31.6613330841064 31.712833404541 31.691333770752 31.7439994812012 31.9918327331543 32.0120010375977 32.4443321228027 32.6753349304199 32.5826683044434 32.5998344421387 32.6576652526855
34.0074996948242 33.8951683044434 33.6143341064453 33.5403327941895 33.4959983825684 33.4713325500488 33.3956680297852 33.2410011291504 33.0906677246094 33.0335006713867 32.9258346557617 33.0110015869141 33.0756683349609 33.0120010375977 32.8911666870117 32.7198333740234 32.6624984741211 32.5405006408691 32.3633346557617 32.1728324890137 31.9479999542236 31.8853340148926 31.7314987182617 31.4443321228027 31.4580001831055 31.4631652832031 31.3971672058105 31.4624996185303 31.5183334350586 31.4536666870117 31.3663330078125 31.3253326416016 31.3395004272461 31.3223323822021 31.4158325195312 31.7261657714844 31.7409992218018 31.8806667327881 31.7408332824707 31.6476669311523 31.9060001373291 32.0250015258789 32.3894996643066 32.6791687011719 32.5781669616699 32.6213340759277 32.718334197998
33.7915000915527 33.4658355712891 33.5821685791016 33.5258331298828 33.4373321533203 33.3709983825684 33.3616676330566 33.2111663818359 33.1073341369629 33.0345001220703 32.9331665039062 32.8401679992676 32.9278335571289 32.9565010070801 32.8748321533203 32.7179985046387 32.6501655578613 32.5998344421387 32.3276672363281 32.2091674804688 32.1513328552246 31.9798336029053 31.7014999389648 31.5524997711182 31.6620006561279 31.5401668548584 31.5196666717529 31.4950008392334 31.5786666870117 31.5904998779297 31.5091667175293 31.4648323059082 31.4405002593994 31.5461654663086 31.6959991455078 31.9475002288818 31.9489994049072 32.045166015625 31.8064994812012 31.8088340759277 32.0644989013672 32.2043342590332 32.2781677246094 32.3921661376953 32.6458320617676 32.6520004272461 32.6808319091797
33.5219993591309 33.4724998474121 33.5218353271484 33.447998046875 33.4306678771973 33.2703323364258 33.1821670532227 33.1176681518555 33.0341644287109 33.0088348388672 32.9183349609375 32.8016662597656 32.7458343505859 32.6709976196289 32.7343330383301 32.7724990844727 32.6973342895508 32.5149993896484 32.2773323059082 32.2589988708496 32.1846656799316 31.9208335876465 31.7071666717529 31.6573333740234 31.7465000152588 31.6393337249756 31.6165008544922 31.5821666717529 31.6308326721191 31.591833114624 31.6138343811035 31.5060005187988 31.5973339080811 31.6706676483154 31.8898334503174 32.0034980773926 31.9408340454102 32.0706672668457 31.9776668548584 31.9078330993652 32.2425003051758 32.6796646118164 32.7411651611328 32.4191665649414 32.5513343811035 32.5951652526855 32.6645011901855
33.406665802002 33.4654998779297 33.4933319091797 33.351001739502 33.2796669006348 33.2588348388672 33.1744995117188 33.0566673278809 32.949333190918 32.8509979248047 32.7941665649414 32.7576675415039 32.6428337097168 32.5241661071777 32.5596656799316 32.7253341674805 32.6669998168945 32.3981666564941 32.3115005493164 32.2683334350586 32.1688346862793 31.9356651306152 31.7784996032715 31.8393325805664 31.7923336029053 31.6871662139893 31.7373313903809 31.6903324127197 31.6655006408691 31.7443332672119 31.7263336181641 31.679500579834 31.738166809082 31.7411670684814 31.8068332672119 31.9785003662109 31.9718341827393 32.1678314208984 32.1826667785645 32.2234992980957 32.4485015869141 32.8361663818359 32.7898330688477 32.5195007324219 32.4461669921875 32.4613342285156 32.6539993286133
33.5066680908203 33.4106674194336 33.4606666564941 33.2941665649414 33.1778335571289 33.199333190918 33.1376686096191 33.0511665344238 32.956169128418 32.8626670837402 32.7898330688477 32.7491683959961 32.6406669616699 32.4814987182617 32.5806655883789 32.6593322753906 32.746166229248 32.5778350830078 32.4026679992676 32.2039985656738 32.0938339233398 31.9456672668457 31.9293327331543 31.9283332824707 31.7819995880127 31.7288341522217 31.8190002441406 31.825834274292 31.7773342132568 31.8859996795654 31.7956657409668 31.8583335876465 31.828332901001 31.7496662139893 31.949499130249 32.0448341369629 32.1533355712891 32.2403335571289 32.332332611084 32.4651679992676 32.6491661071777 32.8035011291504 32.5693321228027 32.498664855957 32.466667175293 32.4711685180664 32.5868339538574
33.7478332519531 33.3230018615723 33.377498626709 33.2449989318848 33.1464996337891 33.1813354492188 33.0073318481445 32.9044990539551 32.9466667175293 32.9324989318848 32.8343315124512 32.8106651306152 32.7021675109863 32.6025009155273 32.4913330078125 32.5733337402344 32.6226654052734 32.4403343200684 32.2908325195312 32.1601676940918 32.1238327026367 32.0218315124512 32.0033340454102 31.8796653747559 31.7958335876465 31.7963333129883 31.8826675415039 31.9301662445068 31.9346675872803 31.9978332519531 31.9218330383301 32.0036659240723 31.898832321167 31.7998332977295 31.9203338623047 32.1771659851074 32.3198318481445 32.3503341674805 32.3871688842773 32.5011672973633 32.5566673278809 32.6026649475098 32.5648345947266 32.5203323364258 32.4951667785645 32.5321655273438 32.5918350219727
33.7233352661133 33.0446662902832 33.341667175293 33.3001670837402 33.1324996948242 33.107666015625 33.0518341064453 32.9158325195312 32.7826652526855 32.7568321228027 32.7558326721191 32.8819999694824 32.7994995117188 32.6978340148926 32.4846649169922 32.5588340759277 32.3549995422363 32.1823348999023 32.0841674804688 32.138500213623 32.2708320617676 32.102668762207 31.9663333892822 31.8568325042725 31.8953323364258 31.9903335571289 31.9545001983643 32.0019989013672 31.9731674194336 32.0773315429688 32.0696678161621 31.9886665344238 31.923168182373 31.8999996185303 32.0048332214355 32.2099990844727 32.3916664123535 32.3431663513184 32.397834777832 32.5255012512207 32.6084976196289 32.7970008850098 32.6721649169922 32.6561660766602 32.7890014648438 32.6604995727539 32.6590003967285
33.5616683959961 33.1394996643066 33.0511665344238 33.2798347473145 33.181999206543 33.0408325195312 32.9539985656738 32.8066673278809 32.7556648254395 32.7741661071777 32.7613334655762 32.8795013427734 32.6951675415039 32.5636672973633 32.4274978637695 32.4188346862793 32.2688331604004 32.173999786377 32.209831237793 32.3305015563965 32.4318351745605 32.2788352966309 32.0429992675781 31.9605007171631 31.9903335571289 32.0431671142578 31.9466667175293 32.0238342285156 31.9594993591309 32.0576667785645 32.1121673583984 32.031665802002 32.0615005493164 31.9846668243408 32.0728340148926 32.2836647033691 32.4998321533203 32.4766654968262 32.6641693115234 32.7041664123535 33.0536651611328 33.0768356323242 32.2741661071777 32.6005020141602 32.4836654663086 32.6198348999023 32.7109985351562
33.5423316955566 33.4228324890137 33.0501670837402 33.1588325500488 33.1334991455078 33.037166595459 32.9396667480469 32.7729988098145 32.6166687011719 32.622501373291 32.7041664123535 32.7903327941895 32.5890007019043 32.4029998779297 32.2798347473145 32.2625007629395 32.3151664733887 32.3566665649414 32.3776664733887 32.4543342590332 32.4846649169922 32.401668548584 32.2376670837402 32.0448341369629 32.014331817627 32.0258331298828 31.9654998779297 32.0448341369629 32.0219993591309 32.0991668701172 32.1884994506836 32.1118316650391 32.1136665344238 32.0670013427734 32.1806678771973 32.3144989013672 32.531665802002 32.6258316040039 32.7986679077148 33.026668548584 33.2511672973633 32.7608337402344 32.2996673583984 32.4365005493164 32.321834564209 32.5726661682129 32.7231674194336
