rasterData/Algeria_SNDPPT_M_sl2_250m_ll.asc
NCOLS 248 
NROWS 217 
XLLCORNER -8.682385214 
YLLCORNER 18.975561136 
CELLSIZE 0.0832711529596774 
NODATA_value -9999 
[rows 69 to 91 of 217, columns 153 to 203 of 248]
91.9907462464693 91.0153857588824 90.2156421881953 88.0045711312622 88 87.9985506169169 93.0570926861917 90.9714304296114 80.9479337000136 83.918100564887 83 80.7295414003253 78.8381057678009 83.7561412962667 81 81.4056228630856 83.308133268918 81.7047811059896 79.6592741935479 81.6310483870957 82 79.1188494128171 83.483843094992 85.5105080273538 84.9729076854461 84 83.5905028244399 84.1790359744329 83.5885331499931 83.3602831871599 86.3212984985884 87.5187955254905 85 82.5854950200686 85 85.7751876765271 81.0469377136924 82.8838170804242 83.8604225509133 83.0777649769545 84.9595752192666 83.9904768098729 84.9828582577654 84.9536290322569 81.1257711461302 84.09713653932 83 83.3562323472622 82.6249999999966 84.7051155790063 84.9163817452038
90.8173312769467 89.1557436450098 92 86.9441894603808 87.9468187899517 87.0486472424518 82.04805262375 63.0281514791149 81.2404861007842 84.8461795748544 79 81.3257767206756 81.8134848372241 79.9954009959868 79.8004682622227 81.9657165155383 85.7157258064505 83.694700460827 83.3407258064521 81.3604504236678 82.3971774193564 83 83.546370967741 83.5411866359415 83.9882469897441 87.4138453248142 83.0230414746518 83 83.353974654379 85 85.0230414746518 86.9539170506965 84 85.0284766612127 82.0278262970089 82.9769585253482 82.0069681878987 81.1229838709658 83 80.0695982607386 86.0526887914384 83.9671101531192 84.0044782220855 83.0463709677432 84.9518823398203 82.8741359447021 82.7209008473331 84.844395718743 85.0043202764973 84.1976549725023 84.2158837520469
89.8816522967174 91.2641221941414 91 91.7229541400371 86.8027538278619 88.0471049501983 79 84.9456481343824 83.8986175115229 78.0779043407175 87 78.8713672513737 82.1539969525802 80.9017857142827 81.6938921510339 83 80.0526887914434 80 83 82.3315463802604 82 82.5163427233538 83.0094024082053 82.9474691541561 85.7455217779152 84.0468076408492 84.9560539616481 83.2952374758393 85.9714861751223 84.8325962539056 83 82 81.9253939348908 84.2358870967727 87.2966868589319 82.8986175115229 81.0860524750986 82.0124684108811 82.0947580645158 81.8986175115229 85 82.0090586442673 85.248002452803 82.8616489519855 83.9329660324054 85 84.3369072394815 87.5706202616257 84.8315092165879 87.1501133491922 87.60274825331
87.3169875130063 87.9749981418167 89.687267727072 89 87.8202764976958 90.1703025122646 87.8202764976958 85.9201445666697 88.3489389772558 82.2664170506923 86.8202764976958 81.4877174074623 79.320295079531 80.7805299539154 79.4163352906196 85.8662944105843 82.5095510628803 79.8159562212008 82.061236435261 83.5839434368954 83.4944811951823 82 83.0760740300267 83.906877136911 84.4184071651562 87.5383064516145 83.4647130964772 87 85.4889809722004 85 85.3018340270554 83.760201427086 83.4239073881377 82.7641129032274 82.9626783856104 83.9677512264012 81.7931005648878 83 77.9222721867105 79.2342983499322 80 80.8220882265492 80.9967388880627 82.874981418167 84.1051267281094 83.9230990783419 83.2385442990936 83.1592741935504 80.708525345627 83.7188940092169 86.9079641742236
89 91.9677419354815 88.5124869927146 93.6693548387111 90.5003251821033 91 90.4813995837654 88.0448751300739 87.7570239334025 86.300013007285 79.8850806451607 79.1062044745065 79.3852107180032 79.1995967741944 78.2580645161297 82.3579604578552 81.2580645161297 81.2580645161297 82 82.6310483870957 84.7785509885533 83 83.5560613943811 83.6424947970862 86.8735691987513 83.8808532778357 84.4203303850156 86.4412721123833 86 84.0329734651412 84 85.0754422476585 80.1363163371488 80.8028095733602 82 82.0463059313214 81.6687695109262 83.6506893860571 83 83 79.9901144641001 82.7370577523418 82.0134625390233 83.5041623309062 82.96390478668 91.3312955254917 85.9686524453714 84.8407258064496 84.7217741935461 86.215725806453 88.3761056191475
84 85 89.336405529955 93.3549966552675 88.3638137356893 84.9737903225821 84 83.9697580645154 84.336405529955 83.7211238293438 81.5110747733 79 77.8862791734797 77.4017113869491 80.740235246023 85 82.8614538427261 82.8709677419351 82.1146220454889 85.5812397799925 85.2580087706244 82.336405529955 82.1526033150001 83.336405529955 86.6748922253618 85.030028244391 84.185363089043 84.336405529955 87.3770161290308 76.561858926711 85.2127248401953 84.3271889400899 81.9179333283806 82.5934573361107 83.4559331797236 84 82 82.2950330756669 81 81.6728110599101 83.3017689906332 82.6728110599101 82.6758027352463 81.969228482235 87.4360970715059 86.0428590010441 86.2923201278439 86.1056934740609 84.6005184331778 90.447868663592 83.5781087408962
87.4873178980237 86.4461405529965 91 83.0051843317981 79.4373234725728 87.4038761706561 86.5840735097368 75.6339006986761 83.7557603686638 80.9280883008763 80.7818306823246 76.9162237996128 80.3436710272034 84.8737550170934 85.6814144492355 85.5852534562213 81.056860413262 83.2209101382515 82.7265683068235 82.5409357811791 82 83.6637152519704 85.6802345027506 86.1998476289582 85.0117994648445 83 85.7650327040284 87.1775773004316 86.3646034636548 85.5401739259709 86.9828954214366 84.2917533818934 85.1386390664479 86.5852534562213 82.6224078341001 83 86.1705069124425 83.6362605916449 82 85.1501133491914 82.6235599078332 84.420646276199 87.2442396313362 83.3762821465724 86.64713096477 89.0175319607553 88.0766965214808 84.3327634904086 87.0777649769592 85.6747249888515 88.4424799316183
88.4105749219566 86.2253790694212 86 85.4369332540524 83 85.5063735691977 84.5079065705372 78.9697580645154 81 81.4503400475687 80 78.208776200384 84 87 86 85 85.0138248847935 85.3389976958514 86 82.1957503344742 83.1958432436456 85.4115783410142 83.5069124423967 82.7373457707746 84.7516537832618 85.758519771072 83.2793500074327 85.307092686191 84.8088858332101 88.4882284079108 87 82.8558514196529 83.5983536494728 82 82.1023951984533 82 81.6975806451632 81.44457038799 82.9861751152066 81.9671937713698 84 84.5156273227317 81.9997491452356 86.4341738516403 85.0873903671791 88 87.5715307715182 87.0807380704634 88.0138248847935 87.1093540954371 88.8711535602814
88 82.059619815668 82.4285714285729 87.3931451612918 88.5403225806443 82.996255760369 83.4285714285729 81.4458525345641 83.0334101382495 79.8315092165912 76.5714285714271 79.7747695852478 82.4735023041458 86.8571428571458 86 82.4251152073718 85.5504032258089 84 83 85.6990207373291 84 86 85.0633640553035 83.5714285714271 83.2914746543778 83 83 83.7684331797246 82.5714285714271 87.3721198156679 85 83.5956221198159 83.9487327188921 84.1267281105996 82.4582373271896 84.6739631336383 86.1261520737361 82.9297235023054 86.4691820276512 85.6284562211958 82.472350230415 83.4357718894007 84.9922235023033 87.4351958525361 89.0319700460836 85.0440668202771 86.1990207373246 87.2528801843263 87.3750000000034 86.6638824884787 85.7525921659007
88 89.440621748179 79.6046993459164 86 85.2767299687845 81.6497695852527 78.3502304147474 82 81 81.0563308309802 76.8498030325576 77.793472201578 83.1713709677427 83.5200776720666 83.6206704325862 82.7771573509751 81.6008993607859 83 83 83.2584361528183 85.3502304147474 85 83.1636595064653 83 82.6685651107474 82.6502248401956 82 82.7366861156543 83.4593615281702 87.3487903225795 87.8877285565631 83.6425691244234 82.3502304147474 86 84.3502304147474 82.596021629255 87 86.1598223576605 88.8436710272044 85.6771592091591 87.0134160844355 86 86.0362903225846 87.0808216887203 86.574020737332 90.0720231901302 89.3025215549266 86.8407258064496 87.9438364055297 90.215725806453 88.7004608294947
85.9827096030965 80.2599784450665 85.9698509736881 84.0224747287053 82.0396350527717 80 84.2713412368087 84.7281105990765 85.6696428571397 80.3350118923764 84.2718894009235 85 87.543778801847 85.945731752638 86.3963505277216 86 81.8156682027706 82.4144585253471 83 83.7281105990765 83 84.5745967741923 85 83.6227330162047 81.5045990040142 84 85.2718894009235 85 84.2718894009235 88.7281105990765 85.6790359744251 83.484744313959 83 84.1843317972294 85.3588616768223 87.456221198153 84.8487903225816 85 84 85.7823788464372 87.2231678311313 90.6987513007334 88.2851010851824 89.0337631931033 86.822989445518 89.7281105990765 86.1666790545568 90.8156682027706 90.9156105990782 91.5123847926235 91
85.6391129032259 83.5859781477604 86.7849895941715 84.9333376690951 83.010535900104 83.973790322582 85.8068418314244 84.5885145681552 81.4813995837712 85 83.4352887617088 84.1154396462026 83.160379812696 83.8390348595209 85.6227237252844 85.806451612902 84.3836498439096 83.1915322580648 82 83.806451612902 86.6897762747122 84.454279396463 86.1187565036448 84.4178590010395 85 85.1169354838689 83 86.6395031217483 82.6229838709692 86.7862252861618 89.4829604578585 87.7076612903239 83.5934573361078 85 85.2076612903214 84.3035249739857 87.1512096774184 85.8302549427665 84.9776274713821 84.2064255983361 87.9073231009389 89.193548387098 86.2046696149868 87.0089750260149 87.0601586888667 87.9369797086365 89.9492715920912 91.16272112383 92.5766129032234 90.4971383975052 92.5120967741915
86 86.8769139289438 86.0981120856246 84.8752694366001 81.8910639958387 87.0920172439424 86.1147428274107 82.1419652148056 79.5525494276808 84.8847926267293 84.986760442991 84.0164913780288 83.1516277686942 86.1766017541262 84.0889605321827 82.8847926267293 84.8847926267293 82.8847926267293 86.9214917496662 84.6310483870957 85.8611007878715 84 84.5986323769869 84.2280362717432 82 84.3610822060386 84.566532258065 83.9314794856554 83 85 89.398840493532 85.2923387096761 85.0847796194433 83.2304147465415 85.6325256429331 85 88.4660045339711 87.9780548535763 88 88.058867251374 85.1535138248827 86.1342072989391 89.1110264605306 89.1562360636242 93.023422402257 87.0113070462337 88.7839397205299 92.7622175561163 94.8415898617524 91.9096458302374 91.1568492641614
85.969302809572 87.7269027798447 85.1436654526542 83.9661810613929 83.0213040731423 84.9747565779708 85.0388081611435 86 85 87 86 84.0315891184791 86.7980804965045 83.0295079530264 85 88 86.3106603983968 86.6990207373261 89.2448156681985 87.4154805262405 83.9484911550445 84.4465865170231 85.5665136762301 87 83.5281421881987 83.4815946930272 82.58741823993 83.4122287052172 84.9861007878692 84.9871413705956 84.3205645161282 85.9846885684547 86 84.9631336405514 86.0076557157726 86.7969284227737 82.6469544373478 87.0277984242618 88.0245187304857 86.0663743124752 88 90.9902909915289 89.0918778801895 88.1088895495811 91.9631336405514 91.337752712952 91.1262171101531 95.4970547792408 87.4279953917106 87.0368663594486 89.4842240225922
86.8326612903239 79.8309517615571 84.9997398543256 85 79.0347015757417 82.0021740746246 87.0020161290325 89.9295376839572 86.9024825330722 80.9962557603725 84.1149193548393 78.8153801843283 86.1085736583887 87.4655864426991 87.8551267281144 87.1837185966964 91.0061041326002 88.9585253456197 89.2445648134334 85.0414746543803 90.150057603689 86.0238312026177 88.0188141073298 88.9452300431099 85.0201612903248 87.5574550319634 84 82.0246673851657 84 87.9855340419198 87 86.7197859372697 81.2946335662268 85.7738962390388 87.7923387096786 82.828006540807 86.8902649769619 86.0051007135427 87.1165638471897 88.2327932213451 91.9170506912395 89 95.0588672513793 91.0878456221234 94 94.9014419503486 92.868951612903 93.0697190426607 91.6440092165789 84.5705087706364 80.7145737327155
84.1912628214689 87.7577393340269 84 85.9272428274124 82.9934777761261 88.973790322582 82.1177995391715 83.1464341459807 83.5960959565884 83.2640014122214 83.1149193548393 83 91.1574996283645 92.808198305335 91.440027129474 94.0748755017082 90.3700293593002 89.1851958525356 90.0789913780296 85.6622937416396 87.8665824290211 87.9311543035523 91.4809071651539 85.8181024230695 82.0587000148659 84 82.4494109558494 88.4749423963131 85.6229838709692 88.5731845547795 84.4019715326298 88.0700535156834 87.647716292552 87.6793983201975 89.02488107626 87.8420636985293 87.284302066298 86.0935130816097 90.7490151627744 91.784283484463 90.1918388583315 91.8725193251083 90.882358406421 91.8393693325383 91.3436059907886 94.0076464248553 86.3505091422638 88.119815668204 83.6926843317943 88.025847331649 91.3644733908086
85.332336108217 82.6588189386105 88.0889140775975 86 85.956351270998 87.2191727367285 83.0003995094396 82.9697580645154 83.4547811059859 82.2085439274596 83.7235580496481 88.0283651702094 86.9387914374857 89.5168072692093 90 91.7511056191505 92.0854950200666 89.3467741935417 92.1981566820246 88.8749535454161 86.9667385164275 83.8314070165028 85.6391129032231 85.8682269213642 86.105777092321 88.4316374312502 85.7646889400895 82 84 83.324011446416 82 86.3211405529964 87.947664263417 89.7928311282946 87.0506540805718 86.8018433179754 87.6805968485243 89.6788594470096 88 91.8018433179754 90.0307157722604 90.7977553144085 92.1836071056888 91.9536290322569 88.7233164858122 89.2806042812527 90.6735822060271 83.7445741043513 77.1610023041446 84.0679258956392 86.2439516129043
85.9624739854274 82.937815891185 86.3567247658678 86.2764976958518 85.9455645161299 85.48886019028 83.995967741935 82 81.3772669837982 82.6544707893562 92.1298034041907 85.802660918687 89.2764976958518 86.6051917645323 86.7235023041482 91.1610580496487 90.5100527724074 81.5077764976981 83.8177122045495 86.9419317675062 88.7516073286718 89.7041400327013 88 86.8930243793661 86.4899193548376 81.5383064516145 84.819449606066 85.5696911699112 84 82.7235023041482 86.6794354838718 85 90 87.0649899658052 86.4470046082964 91.0802084881818 88.1670971458301 91 93.4916288836047 92.2213096476889 90.6680726921382 91.9826259848412 93.7103742381441 93.0463709677432 93 87.2480674892216 88.2764976958518 91.5642281105978 89.1728110599065 89 92.7144529507936
88.1673387096761 87.3548387096774 81.0715400624345 82.8640088449538 84.035119667013 81 82.6458766909471 83.6558922996881 87.9415322580632 87.589229968782 87.6688995837666 88.8390998959433 87.1105619146727 88.4720343392276 91.659859521332 87.5463709677427 86.5662070759593 92 89.4253381893858 91.6310483870957 86.7520161290338 85.670850676376 88.0681581685736 88.7927289282008 84.6767689906347 82.8089880332981 83.3655046826226 88.6162851196664 83.8662200832472 84.1012617065554 86.5616545265343 86.5582726326762 91.8296045785644 90 87.1852887617037 87.9470603537982 89.9463449531741 89.0436394380846 91.7829734651412 90.0429240374602 91.3412460978151 94.284469302811 86.6515998959425 86.0463709677432 88.0148933402721 89.3762356919869 92.8024193548381 93.3629032257983 90 91.7077263267411 91.7074011446429
89.4331797235005 88 90.1188215400658 86 83.0235803478515 84.4331797235005 90.2998086071002 93.0131001932513 87.1004998513482 86.4823193845685 90 90.9188624200972 90.3050115207418 84.1131354987373 93.2053571428543 86.954288687381 90.1214137059605 87.1206797234988 89.2260944700474 84.9044057529333 87.4972220157657 85.8815036420379 86.1643841980112 87.4537498141792 85.6454028541665 82.8000037163684 81.5088914077601 84 88 88 87.5668202764995 89.7255184331765 86.2834751746672 87.4717741935453 89.7923387096786 89.1794354838701 89.3676787572458 89 90.1074215846588 88.5086033893236 91.9782871265056 88.0043667310827 89.1130704623174 90.4331797235005 90.7817935186507 87.4331797235005 93.4925393934904 92.7717314553266 90.9187788018429 92.9711702839295 92.7560483870957
86 89 91.0567210495015 86.5711405529964 85 92.5415025271279 88.000046454586 89.0154693771373 87.145495763345 89 91.5472628957946 92.5082224617204 91.0837111639667 86.1020978891038 84 89.2259551062868 84.8563531291769 85.8706797234994 82 80 84.4088096476856 84.6918109855866 83.2341775680091 81.5115207373259 84.2506039096168 85.3021406273258 81.4984669986623 84.6957689163077 87 85.3181024230726 88.6681098558037 89.5047848223572 89.2471569793384 87.3732533075683 89.3038594470045 88.8205645161299 89.4919633566235 90 89.0947580645158 91.0324996283628 93.4305782666893 88.9870391705073 89.5752378474859 90.4414300579722 90.4520402854176 95.0230414746517 91.5085011892364 91.8600973688079 90.9084101382478 91.4884792626741 89.7498513453252
88 88.5078043704474 91.7747974580069 86.8717481789783 92.387812174819 93.0214991823982 86.5898617511513 88.4155734354104 83.6510610227475 81.5742808830079 90 85.657016500674 90.3427419354855 90.7894585253457 90.7747695852539 85.1050152371047 84.4969525791572 88.5336981566814 85.7508640553009 82 85.5231158019954 87.6826315593905 80.5898617511513 85.6475583469573 84 85 81.7676434517609 84 85.6229838709692 88.6772242455793 84.7789504979916 88 85.8916771963729 86 88.0746432287784 89.0735933551358 90 88.0504403894746 91.5509978445065 92.0392448342492 85.2215883752069 86.406003790696 94.9204604578492 90.6278987661665 91.7859651404842 92.1039003270412 91.8925040880032 89.3185483871009 85.410426267282 90.4626133491884 87
88 89.5752471383965 91 91.2483647985714 92.9638769139293 90 85.995967741935 86.6535602794745 87.7855284673658 84.6969674446246 89.2982756057634 93.8054110301802 90.2787553887284 87.7344284227726 94.0755909023347 86.9942210494982 87.2374758436163 92 91.5462223130654 87.668202764975 85.2000148654682 87.8568920023798 88.3010257172612 89.3726958525294 83 84.3085049056023 82.0889140775981 87.5901497695922 88 88.4351401070308 84.7714341459813 88.5698584064215 83.7358870967748 88.7641129032274 90 90.1198992864566 89 90.7948379664075 90.7315203656881 86.0444570387979 90.8850806451641 86.670330385018 90.6560781180285 90.0153857588826 89.3855637728533 91.1328043704544 86.0132581388478 85 85.668202764975 85.784274193547 83.9190575293585
