rasterData/Algeria_bio8.asc
NCOLS 248 
NROWS 217 
XLLCORNER -8.682385214 
YLLCORNER 18.975561136 
CELLSIZE 0.0832711529596774 
NODATA_value -3.4e+38 
[rows 84 to 104 of 217, columns 94 to 140 of 248]
16.9831676483154 16.9646663665771 16.9741668701172 17.0021667480469 17.0825004577637 17.0888328552246 17.1561660766602 17.2668323516846 17.8753337860107 17.8686676025391 17.8653335571289 17.8281669616699 17.7749996185303 17.7346668243408 17.7008323669434 16.9911670684814 23.2511672973633 13.7993335723877 13.8246669769287 13.8436670303345 13.8645000457764 13.8326663970947 13.7771663665771 13.7601661682129 13.7700004577637 13.7869997024536 13.7881669998169 13.8055000305176 13.7621669769287 13.7886667251587 13.7974996566772 13.7293338775635 13.7048330307007 13.6979999542236 13.6441669464111 13.6458330154419 13.6695003509521 16.9451675415039 16.9635009765625 16.8966655731201 16.5438327789307 16.1944999694824 16.4039993286133 16.6413326263428 16.844165802002 16.8800010681152 16.8638343811035
17.0443325042725 17.0678329467773 17.0688343048096 17.1181659698486 17.1863327026367 17.2129993438721 17.2328338623047 23.5816669464111 23.5314998626709 23.5328330993652 23.4893341064453 23.4371662139893 23.4169998168945 23.3964996337891 23.4071655273438 13.9451665878296 13.9336671829224 13.9388332366943 13.9596672058105 14.0066661834717 13.9741668701172 13.9601669311523 13.9473333358765 23.3891658782959 17.199499130249 17.179500579834 17.8178329467773 17.8070011138916 17.1933326721191 17.1743335723877 17.1921672821045 17.0803337097168 17.0599994659424 17.0303344726562 16.992166519165 17.0615005493164 13.7233333587646 13.5161666870117 16.556999206543 16.3426666259766 16.2751655578613 16.537166595459 16.7046661376953 16.8628330230713 16.9764995574951 16.9551658630371 16.9591674804688
17.1428337097168 17.1666679382324 17.1818332672119 17.2211666107178 23.5426654815674 23.5790004730225 23.6135005950928 23.7525005340576 23.6748332977295 23.6300010681152 23.593334197998 23.541166305542 23.5354995727539 14.1576671600342 14.1531667709351 14.1459999084473 23.5885009765625 23.5993328094482 23.6198329925537 23.6471672058105 23.5830001831055 23.5706672668457 23.5846672058105 17.4050006866455 18.0863342285156 17.9934997558594 17.3633327484131 17.3295001983643 17.304666519165 17.279333114624 17.2569999694824 17.1706676483154 17.1515007019043 17.1870002746582 17.1773338317871 17.2916660308838 17.1666660308838 16.5761661529541 16.4985008239746 16.3371677398682 16.4561672210693 16.7523326873779 13.643666267395 16.9476661682129 17.0109996795654 17.0171661376953 16.8583335876465
17.2343330383301 23.5335006713867 23.5668334960938 23.6118335723877 23.6690006256104 23.7113342285156 23.7361660003662 23.7765007019043 23.673999786377 23.7071666717529 23.6598339080811 23.6763324737549 23.7036666870117 23.7086658477783 23.7488327026367 23.8156661987305 23.8281669616699 23.8689994812012 23.9368343353271 18.3859996795654 23.8325004577637 23.8438339233398 17.5848331451416 18.265832901001 18.2106666564941 17.4955005645752 17.4476661682129 17.4151668548584 17.4330005645752 17.4688339233398 17.4074993133545 17.3426666259766 17.3198337554932 17.3491668701172 17.3933334350586 17.3328323364258 17.2568340301514 16.7736663818359 13.235333442688 13.268500328064 13.3891668319702 16.8661670684814 13.7406663894653 13.7413330078125 13.7161664962769 16.8296661376953 16.7224998474121
17.3549995422363 17.3791675567627 23.7240009307861 23.7679996490479 23.8066673278809 23.8540000915527 23.8570003509521 23.828332901001 23.7725009918213 23.7860012054443 23.8055000305176 23.8303337097168 23.880500793457 23.9523334503174 18.6005001068115 18.6118335723877 18.5473327636719 18.6711673736572 18.744499206543 18.5914993286133 24.0531673431396 17.7691669464111 18.4750003814697 17.7973327636719 17.6949996948242 17.6284999847412 17.6233329772949 17.6416664123535 17.6628341674805 17.6773338317871 17.6560001373291 17.5978336334229 17.5428333282471 17.3541660308838 17.5255012512207 17.6646671295166 17.1138324737549 13.4101667404175 13.4078330993652 13.441333770752 13.4871664047241 13.6546669006348 13.6761665344238 13.6871662139893 13.6545000076294 13.4911670684814 13.4829998016357
17.5316677093506 17.5646667480469 17.5968341827393 17.5948333740234 23.9033336639404 23.9178333282471 23.9549999237061 23.9608325958252 23.9643325805664 23.943000793457 24.0014991760254 18.5693340301514 18.7123336791992 18.8543338775635 18.9968338012695 18.950834274292 18.9106674194336 18.9053325653076 18.8901672363281 18.7978324890137 18.5673332214355 14.6536664962769 14.6568336486816 17.9114990234375 17.8573341369629 17.8528327941895 17.9621658325195 17.9406661987305 17.8291664123535 17.7325000762939 17.609001159668 17.7830009460449 17.7473335266113 17.4021663665771 17.2731666564941 17.2146663665771 17.2138328552246 13.6493330001831 13.6633329391479 13.6268329620361 13.4963331222534 13.4563331604004 13.545166015625 13.5620002746582 13.5655002593994 13.5428333282471 13.4761667251587
17.6504993438721 17.6730003356934 17.6420001983643 17.6634998321533 17.6986675262451 17.7193336486816 17.7379989624023 17.8036670684814 24.1243343353271 24.2798347473145 18.871000289917 18.8505001068115 18.9623336791992 19.200834274292 19.1940002441406 19.0739994049072 19.0016670227051 15.0266666412354 15.0341672897339 14.9781665802002 14.7576665878296 14.7293329238892 14.7586669921875 14.7744998931885 14.7513332366943 17.9950008392334 14.7938327789307 14.7408332824707 17.7278327941895 18.1575012207031 17.9589996337891 17.6865005493164 14.4671669006348 17.5235004425049 17.2005004882812 16.9395008087158 17.2891674041748 13.6118335723877 13.7656669616699 13.8103332519531 13.7676668167114 13.761833190918 13.7266664505005 17.4658336639404 17.4591674804688 13.6560001373291 13.6094999313354
17.7103328704834 17.7148323059082 17.757833480835 17.800666809082 17.804666519165 17.8360004425049 17.8640003204346 18.019832611084 18.1311664581299 15.0923337936401 15.0738334655762 15.1770000457764 15.4650001525879 15.655834197998 15.3123331069946 15.1971664428711 15.1021661758423 15.0644998550415 15.0354995727539 14.9851665496826 14.8698329925537 14.8681669235229 14.9444999694824 14.8958330154419 14.809666633606 14.8043327331543 14.8148326873779 14.820333480835 14.7876663208008 18.0755004882812 17.6771659851074 17.8264999389648 17.6956672668457 17.5176658630371 17.3218326568604 17.2943325042725 17.5821666717529 13.8021669387817 13.8686666488647 13.9133329391479 13.8824996948242 13.808666229248 13.7623338699341 13.7211666107178 13.7656660079956 13.7791662216187 13.7344999313354
17.8198337554932 17.8134994506836 17.8483333587646 17.8878326416016 17.9538326263428 24.3008327484131 24.3483333587646 24.5143337249756 15.1995000839233 15.2124996185303 15.3193340301514 15.6275005340576 16.1188335418701 16.3248329162598 15.5393333435059 15.236499786377 15.1656665802002 15.1145000457764 15.0751667022705 15.0249996185303 14.9806671142578 15.0209999084473 18.32200050354 15.1156673431396 18.2271671295166 18.2026672363281 18.1831665039062 18.1560001373291 14.9276666641235 14.9670000076294 17.8401660919189 17.650333404541 17.6509990692139 17.6536674499512 17.345666885376 13.7615003585815 17.7196674346924 13.9208335876465 13.9723329544067 13.8889999389648 13.8106670379639 13.581000328064 13.6680002212524 13.7604999542236 13.8186664581299 13.8131666183472 13.7104997634888
17.9221668243408 17.8856658935547 24.2993335723877 24.4338340759277 24.3424987792969 24.3443336486816 24.5088329315186 15.2580003738403 15.2209997177124 15.3506660461426 15.7316665649414 16.0450000762939 16.3575000762939 16.0016670227051 15.5124998092651 15.3570003509521 15.2681665420532 15.2893333435059 15.2659997940063 15.1926670074463 15.2679996490479 15.3114995956421 15.263500213623 15.2108335494995 15.1116666793823 15.0603332519531 18.304500579834 18.2794990539551 18.3129997253418 18.0761661529541 17.853666305542 17.5821666717529 17.5579986572266 17.457332611084 17.2129993438721 13.7136669158936 13.9890003204346 14.0193328857422 13.9941663742065 13.8961668014526 13.662166595459 13.5561666488647 13.6856670379639 13.7663335800171 13.8023338317871 13.7613334655762 13.6850004196167
24.3236656188965 24.3489990234375 24.5571670532227 24.5683326721191 24.5334987640381 24.6218338012695 15.353666305542 15.2833337783813 15.3013334274292 15.5353336334229 15.9980001449585 16.4076671600342 16.2996673583984 15.7066669464111 15.4829998016357 15.4151668548584 15.4006662368774 15.4615001678467 15.4531669616699 15.4020004272461 15.5276660919189 15.0793333053589 14.9473333358765 15.2138338088989 15.0983333587646 15.1414995193481 18.3693332672119 18.2876663208008 18.2775001525879 14.5874996185303 14.1153335571289 17.7193336486816 17.6599998474121 13.6736669540405 13.7718334197998 14.1168336868286 14.2204999923706 14.202166557312 14.0083332061768 13.7366666793823 13.6526670455933 13.6448335647583 13.7410001754761 13.6366662979126 13.595666885376 13.7123336791992 13.6829996109009
24.5493335723877 24.6235008239746 24.6811676025391 24.7204990386963 24.7104988098145 24.8175010681152 15.400333404541 15.3795003890991 15.6575002670288 20.0349998474121 20.478832244873 26.2158336639404 16.2105007171631 15.6719999313354 15.5734996795654 15.5373334884644 15.5269994735718 15.5523328781128 15.5263338088989 15.5364999771118 15.6988334655762 15.4621667861938 15.3188333511353 15.2676668167114 15.1818332672119 15.2124996185303 15.1356658935547 18.232666015625 14.5241670608521 14.3181667327881 14.1743335723877 14.1645002365112 13.9793329238892 13.9381666183472 14.2501668930054 14.4011669158936 14.4006662368774 14.3748331069946 14.1859998703003 13.7940006256104 13.717999458313 13.7200002670288 13.7661666870117 13.6998329162598 13.5580005645752 13.6706666946411 13.7453327178955
18.5361671447754 18.4899997711182 24.7571659088135 24.7983322143555 24.8071670532227 24.8523330688477 24.8523330688477 25.2140007019043 25.6599998474121 25.9134998321533 26.140832901001 26.2670001983643 16.0241661071777 15.6248331069946 15.6003332138062 15.6040000915527 15.606499671936 15.6730003356934 15.719500541687 15.7660007476807 15.7061672210693 15.5391664505005 15.4281663894653 15.4311666488647 15.0733337402344 15.0349998474121 15.0168333053589 18.2395000457764 14.3968334197998 14.1053333282471 13.9408330917358 14.0791664123535 14.2773332595825 14.4026670455933 14.5285005569458 14.533332824707 14.4875001907349 14.485499382019 14.1093330383301 13.7994995117188 13.6866664886475 13.6371669769287 13.695333480835 13.6735000610352 13.6798334121704 13.7758331298828 13.8021669387817
18.5310001373291 18.6713333129883 18.8309993743896 24.8653335571289 24.824333190918 24.9503326416016 18.896333694458 19.2491664886475 19.6138324737549 19.7273330688477 19.8099994659424 25.908166885376 15.8323335647583 15.6436672210693 15.6065006256104 15.6455001831055 15.6578330993652 15.6990003585815 15.4653339385986 15.466667175293 15.6518335342407 15.5656671524048 15.4038333892822 15.1521663665771 14.8886671066284 14.8318328857422 14.7601661682129 14.5648336410522 14.371166229248 14.0346660614014 14.1411666870117 14.47350025177 14.6918334960938 14.7508335113525 14.6713333129883 14.5666666030884 14.5496664047241 14.3629999160767 13.9099998474121 13.7819995880127 13.625 13.466667175293 13.6686668395996 13.7714996337891 13.8443326950073 13.9090003967285 14.037166595459
18.6399993896484 18.695499420166 19.0283336639404 18.8934993743896 18.7043323516846 18.8901672363281 19.1331672668457 19.421667098999 19.5991668701172 19.6485004425049 19.4974994659424 19.1696662902832 25.2823333740234 25.1961669921875 15.6888332366943 15.6856660842896 15.7431669235229 15.6968336105347 15.4729995727539 15.4751663208008 15.5755004882812 15.4320001602173 15.0804996490479 15.0163335800171 14.9495000839233 14.7736663818359 14.6765003204346 14.5833339691162 14.5425004959106 14.3451671600342 14.3883333206177 14.8071670532227 14.8286666870117 14.7378330230713 14.7209997177124 14.6563329696655 14.4899997711182 13.9966669082642 13.8594999313354 13.7854995727539 13.6176662445068 13.5031671524048 13.6428337097168 13.7751665115356 13.9240007400513 14.0143327713013 14.0030002593994
18.7523345947266 18.6370010375977 18.8343334197998 18.8439998626709 18.7058334350586 18.9860000610352 19.138500213623 19.3058338165283 19.2371673583984 19.2316665649414 19.2884998321533 19.0435009002686 18.9491672515869 18.966667175293 18.9363327026367 18.9723339080811 15.8201665878296 15.5776662826538 15.5538339614868 15.4914999008179 15.3594999313354 15.2025003433228 15.0830001831055 15.046667098999 15.0181665420532 14.9171667098999 14.7629995346069 14.7866668701172 14.6216669082642 14.6453332901001 14.7916660308838 14.8948335647583 14.8474998474121 14.7510004043579 14.7019996643066 14.7251663208008 14.3688335418701 13.9963331222534 13.9156665802002 13.8190002441406 13.7561664581299 13.6765003204346 13.779167175293 13.9095001220703 13.9835004806519 13.8428335189819 13.8458337783813
18.9116668701172 18.6410007476807 18.6898326873779 18.7478332519531 18.7796669006348 18.9956665039062 19.0310001373291 19.1046657562256 19.1366672515869 18.9618339538574 18.9793338775635 18.9185009002686 18.9238338470459 19.0550003051758 19.0258331298828 18.992000579834 15.6550006866455 15.5539999008179 15.5971670150757 15.5260009765625 15.4049997329712 15.3486671447754 15.2931661605835 15.1654996871948 15.0788335800171 15.0515003204346 14.9918336868286 14.9598331451416 14.9154996871948 15.1148328781128 14.9818334579468 14.9418334960938 14.6966667175293 14.6028337478638 14.6055002212524 14.5321664810181 14.1686668395996 14.0565004348755 13.9700002670288 13.8508329391479 13.8071670532227 13.797833442688 13.8724994659424 13.824333190918 13.7811670303345 13.7361669540405 13.9448337554932
18.9209995269775 18.904167175293 18.7938327789307 18.7723331451416 18.7931671142578 18.8339996337891 18.8573322296143 18.9759998321533 19.0104999542236 18.8810005187988 18.9785003662109 18.9224987030029 18.9050006866455 18.9839992523193 19.0843334197998 18.8691673278809 18.7495002746582 18.7011661529541 15.5716667175293 15.3901662826538 15.2929992675781 15.3626661300659 15.3854999542236 15.3131666183472 15.1918334960938 15.1975002288818 15.1886672973633 15.1265001296997 15.1800003051758 15.2333335876465 15.16100025177 15.1021671295166 14.8198328018188 14.5186672210693 14.3611669540405 14.2435007095337 14.1363334655762 14.0678339004517 13.9731664657593 13.8409996032715 13.8036670684814 13.71399974823 13.6978330612183 13.6306667327881 13.7956666946411 14.0066661834717 14.1651668548584
25.1851673126221 18.9891662597656 18.8764991760254 18.7928333282471 18.7811660766602 18.8139991760254 18.8546676635742 18.9204998016357 18.9171676635742 18.8875007629395 18.9408321380615 18.8851661682129 18.8705005645752 18.996166229248 19.0850009918213 18.788667678833 18.7255001068115 18.7159996032715 18.6698341369629 15.4168329238892 15.3229999542236 15.3988332748413 18.6906661987305 18.6381664276123 15.4236669540405 15.386833190918 15.3254995346069 15.2719993591309 15.2941665649414 15.2241668701172 15.1558332443237 15.1934995651245 15.1205005645752 14.8038330078125 14.3863334655762 14.2441663742065 14.1704998016357 14.0858335494995 14.0021667480469 13.8809995651245 13.8938331604004 13.7576665878296 13.6521663665771 13.7973337173462 14.0218334197998 14.0748338699341 14.1763334274292
25.2224998474121 25.2951679229736 25.1620006561279 25.078332901001 18.7533340454102 18.8738327026367 25.2895011901855 18.8878326416016 18.9076671600342 18.8913326263428 18.8063335418701 18.8898334503174 18.8413333892822 19.0388336181641 18.9700012207031 18.8253326416016 18.6858329772949 18.7058334350586 18.7285003662109 18.5163326263428 18.5511665344238 18.5739994049072 18.748498916626 18.8099994659424 15.6274995803833 15.5413331985474 15.4738330841064 15.4008331298828 15.3736667633057 15.3528327941895 15.3695001602173 15.2561664581299 15.0679998397827 14.708833694458 14.5910005569458 14.3205003738403 14.2293338775635 14.1466665267944 14.0491666793823 17.8234996795654 13.8851661682129 13.8588333129883 13.953332901001 13.9905004501343 13.9670000076294 13.907000541687 14.0943336486816
25.2705001831055 25.2696666717529 25.1574993133545 25.0263328552246 24.9820003509521 25.0731658935547 25.2730007171631 18.966833114624 18.8724994659424 18.8781661987305 18.8486671447754 18.9130001068115 18.8403339385986 19.0721664428711 19.0336666107178 18.8961658477783 18.8209991455078 18.6921653747559 18.6478328704834 18.4308338165283 18.5391674041748 18.5638332366943 18.7758331298828 18.7843341827393 15.578332901001 15.546667098999 15.5430002212524 15.5153331756592 15.4901666641235 15.4698324203491 15.3996667861938 15.2933330535889 14.9718332290649 14.6563329696655 14.5233335494995 14.4123334884644 14.3194999694824 14.2185001373291 14.0669994354248 13.9039993286133 13.885666847229 13.8909997940063 13.9596662521362 13.8931665420532 13.8210000991821 13.8966665267944 14.143666267395
