rasterData/Algeria_bio8.asc
NCOLS 248 
NROWS 217 
XLLCORNER -8.682385214 
YLLCORNER 18.975561136 
CELLSIZE 0.0832711529596774 
NODATA_value -3.4e+38 
[rows 42 to 62 of 217, columns 94 to 140 of 248]
15.1120004653931 15.1296663284302 15.1800003051758 15.2080001831055 15.2273330688477 14.7988328933716 14.7743339538574 15.2961664199829 15.2008333206177 14.9575004577637 14.6871662139893 14.5023336410522 14.3535003662109 14.1441669464111 13.9068326950073 13.8430004119873 13.6896667480469 13.5883331298828 13.3553333282471 12.9031667709351 12.871000289917 12.8218336105347 12.5236663818359 12.574333190918 13.1653327941895 13.4315004348755 10.1941661834717 10.25 10.3354997634888 10.1990003585815 10.2308330535889 10.8464994430542 11.9615001678467 12.1533336639404 12.2600002288818 17.8043327331543 17.6596660614014 17.8680000305176 18.1578330993652 18.3484992980957 18.4155006408691 18.4253330230713 18.3659992218018 18.3955001831055 18.4183330535889 18.4071674346924 18.3964996337891
14.9286661148071 14.8918333053589 15.1683330535889 15.287166595459 15.2738332748413 15.2431669235229 15.2616672515869 15.2818336486816 15.0669994354248 14.8966665267944 14.7083339691162 14.5041666030884 14.2709999084473 14.0404996871948 13.8906669616699 13.9211664199829 13.8431663513184 13.6556663513184 13.3781671524048 13.3498334884644 13.4154996871948 13.4850006103516 13.4224996566772 13.4844999313354 13.5965003967285 10.7189998626709 9.56133365631104 10.8140001296997 10.6778335571289 10.3400001525879 11.3566665649414 12.0168333053589 12.2843332290649 12.4158334732056 17.94700050354 18.1119995117188 17.9139995574951 18.0136661529541 18.1571674346924 18.3211669921875 18.219165802002 18.2399997711182 18.3103332519531 18.3518333435059 18.4348335266113 18.5184993743896 18.5093326568604
14.9010000228882 15.1055002212524 15.1873340606689 15.2625007629395 15.2864999771118 15.3640003204346 15.1844997406006 15.0749998092651 14.9844999313354 14.9188327789307 14.7130002975464 14.4566659927368 14.2611665725708 14.0346670150757 13.8363332748413 13.6936664581299 13.5908336639404 13.3980007171631 13.5793333053589 13.7465000152588 13.8999996185303 11.0815000534058 14.0076665878296 11.0416669845581 11.2338333129883 10.9186668395996 10.9141664505005 11.5953330993652 11.6526670455933 11.6338329315186 11.853666305542 12.1818332672119 12.2968330383301 12.5121669769287 18.2014999389648 18.2075004577637 18.1901664733887 18.2576675415039 18.2339992523193 18.3075008392334 18.3651657104492 18.4511661529541 18.47483253479 18.5801658630371 18.6361675262451 18.6854991912842 18.7703342437744
15.0436668395996 15.0353336334229 15.0981664657593 15.1983327865601 15.2889995574951 15.238166809082 15.235333442688 15.1234998703003 14.7633333206177 14.712833404541 14.7413330078125 14.554666519165 14.3291664123535 14.3091659545898 14.0229997634888 13.7001667022705 14.175666809082 14.2418336868286 11.1450004577637 10.7008333206177 11.1055002212524 11.5364999771118 11.7523326873779 11.5104999542236 11.2270002365112 11.7271661758423 11.9041662216187 12.0836668014526 12.0539999008179 12.1701669692993 12.2445001602173 12.4621667861938 12.6770000457764 18.4903335571289 18.4808330535889 18.3979988098145 18.3253326416016 18.3168334960938 18.34983253479 18.4955005645752 18.6375007629395 18.7059993743896 18.7504997253418 18.820333480835 18.8808326721191 18.9014987945557 18.9648342132568
14.9633331298828 14.9408340454102 14.8888330459595 14.9553337097168 15.1134996414185 15.1133327484131 15.1300001144409 14.9068336486816 14.2868337631226 14.9053335189819 14.4908332824707 13.9029998779297 14.0358333587646 14.5120000839233 14.5255002975464 11.3641662597656 11.8366670608521 11.7893333435059 11.1075000762939 11.1745004653931 11.9608335494995 11.9103336334229 12.0935001373291 11.9456672668457 11.9703330993652 12.4818334579468 12.5520000457764 12.3423337936401 12.3138332366943 12.2438335418701 12.517333984375 12.5159997940063 12.7173337936401 18.7413330078125 18.7843341827393 18.7711658477783 18.7209987640381 18.7276668548584 18.6124992370605 18.7038326263428 18.8158340454102 18.9388332366943 19.0174999237061 19.0768337249756 19.1609992980957 19.1678333282471 19.1958332061768
14.8359994888306 14.8201665878296 14.8438329696655 14.8731670379639 14.9794998168945 14.8416662216187 14.9538335800171 15.0314998626709 15.2083339691162 15.0936670303345 14.6688327789307 14.1173334121704 14.4758338928223 14.7351665496826 11.716667175293 11.8105001449585 12.018500328064 11.845832824707 10.9989995956421 12.1741666793823 12.3501663208008 12.063666343689 12.0328330993652 12.5451669692993 12.8688335418701 13.037166595459 12.8718338012695 12.5060005187988 12.4778327941895 12.6976671218872 13.0214996337891 13.1578330993652 13.1180000305176 13.2814998626709 19.0951671600342 19.0960006713867 18.9608325958252 19.0538330078125 19.1828327178955 19.1884994506836 19.1398334503174 19.1773338317871 19.2683334350586 19.3301677703857 19.3824996948242 19.4288330078125 19.4514999389648
14.7501668930054 14.5939998626709 14.5086669921875 14.7309999465942 14.59850025177 14.2728328704834 15.0276670455933 15.0334997177124 15.4143333435059 15.5301666259766 15.4556665420532 15.3465003967285 14.6681671142578 14.8608331680298 12.0358333587646 12.0219993591309 12.5113334655762 12.3689994812012 12.6081666946411 12.5045003890991 12.5228338241577 12.522500038147 12.4806671142578 12.9233331680298 13.3319997787476 13.4461669921875 13.4108333587646 13.1376667022705 13.1656665802002 13.1560001373291 13.2388334274292 13.2633333206177 13.5171661376953 13.5163335800171 13.5334997177124 19.3404998779297 19.2721672058105 19.1615009307861 19.0830001831055 19.2091655731201 19.4238338470459 19.4511661529541 19.484167098999 19.5566673278809 19.599666595459 19.6158332824707 19.6280002593994
14.4476661682129 13.5755004882812 14.3330001831055 14.5833330154419 13.2051668167114 14.826000213623 15.375 14.8420000076294 15.7151670455933 15.8386669158936 15.6856670379639 15.4405002593994 14.8731660842896 12.092999458313 12.6231660842896 12.2603340148926 12.5570001602173 12.8623332977295 12.8190002441406 12.7718334197998 12.7193336486816 12.8793334960938 13.0698337554932 13.2369995117188 13.4663333892822 13.7356662750244 13.9060001373291 13.7253332138062 13.6040000915527 13.4703330993652 13.4434995651245 13.436333656311 13.5203332901001 13.7434997558594 19.3369998931885 19.4519996643066 19.5046672821045 19.4790000915527 19.3216667175293 19.3561668395996 19.424165725708 19.670166015625 19.6981658935547 19.7161655426025 19.7838325500488 19.7981662750244 19.7569999694824
13.9503335952759 13.8983335494995 15.1203327178955 14.0339994430542 13.7189998626709 15.4566669464111 15.4751663208008 15.3816661834717 15.2038335800171 15.2696666717529 15.7559995651245 14.9278335571289 12.5063333511353 12.9356670379639 13.1283340454102 13.1106662750244 13.0465002059937 12.9341669082642 12.8136672973633 12.9411668777466 13.0064992904663 13.0600004196167 13.2775001525879 13.4526662826538 13.577166557312 13.7216672897339 13.9106664657593 13.8461666107178 13.7080001831055 13.6111660003662 13.6085004806519 13.6013336181641 13.5880002975464 13.6851673126221 13.7014999389648 19.5523338317871 19.7556667327881 19.7150001525879 19.6226654052734 19.6611671447754 19.6555004119873 19.7486667633057 19.964334487915 19.8688335418701 19.9211673736572 19.92799949646 19.8778324127197
14.6459999084473 14.97350025177 15.5513334274292 15.0858335494995 15.7215003967285 15.8443336486816 15.4863328933716 15.1579999923706 14.636833190918 15.6995000839233 15.3159999847412 15.4575004577637 18.5121669769287 13.283166885376 13.1648330688477 12.8505001068115 12.8360004425049 13.0023336410522 12.9128332138062 12.9761667251587 13.1648330688477 13.2788333892822 13.2668333053589 13.4608335494995 13.4736671447754 13.6283330917358 13.8663330078125 13.9051666259766 13.7674999237061 13.7629995346069 13.7915000915527 13.7376661300659 13.7388334274292 13.8880004882812 13.9338331222534 13.966667175293 19.9443340301514 19.9071674346924 19.9098339080811 19.9554996490479 19.9561672210693 20.0020008087158 20.1096668243408 20.0265007019043 20.0568332672119 20.0228328704834 19.94700050354
15.5050001144409 15.8078327178955 15.5275001525879 14.199333190918 15.0968332290649 16.0415000915527 15.7788333892822 15.36549949646 15.949499130249 16.763334274292 18.8651676177979 18.6240005493164 13.2784996032715 13.33899974823 13.059666633606 13.0376663208008 13.1079998016357 13.1758327484131 13.1616668701172 13.083833694458 13.2033338546753 13.4611663818359 13.319167137146 13.3255004882812 13.3926668167114 13.4241666793823 13.6563329696655 14.0043334960938 13.8544998168945 13.7904996871948 13.8765001296997 13.9409999847412 13.9553337097168 14.0483331680298 19.9771671295166 14.2508335113525 14.3636665344238 20.1958332061768 20.181999206543 20.2291660308838 20.2586669921875 20.2783336639404 20.281665802002 20.2630004882812 20.1991653442383 20.1098327636719 20.0111675262451
15.5311660766602 15.466833114624 13.7893333435059 14.1346664428711 15.2928333282471 16.2278327941895 15.595666885376 16.1490001678467 16.5734996795654 16.6511669158936 17.1399993896484 18.9358329772949 19.03733253479 13.3528337478638 13.2321662902832 13.2348327636719 13.2966661453247 13.3009996414185 13.3308334350586 13.2828330993652 13.3646669387817 13.6099996566772 13.4380006790161 13.4103336334229 13.5048332214355 13.6366662979126 13.6035003662109 13.7583332061768 14.0573329925537 13.8924999237061 14.0481662750244 14.1691665649414 14.251166343689 14.3176670074463 14.4180002212524 20.3366661071777 20.4423332214355 20.4733333587646 20.4478340148926 20.4691677093506 20.5405006408691 20.5345001220703 20.5340003967285 20.4910011291504 20.5065002441406 20.3658332824707 20.1248340606689
14.0353326797485 15.1706666946411 16.0963325500488 16.5776672363281 16.9586658477783 16.2058334350586 16.4785003662109 17.0979995727539 17.1546669006348 17.2153339385986 19.2471675872803 19.3425006866455 19.2631664276123 13.5465002059937 13.3543329238892 13.3396663665771 13.3836669921875 13.4096660614014 13.4405002593994 13.5353336334229 13.5473327636719 13.6084995269775 13.6601667404175 13.6265001296997 13.6925001144409 13.8170003890991 13.916166305542 13.8958330154419 14.0903329849243 14.1326665878296 14.1501665115356 14.3663330078125 14.5275001525879 20.4540004730225 14.6645002365112 14.7291669845581 14.8098335266113 14.9828338623047 20.8525009155273 20.730167388916 20.7560005187988 20.7571678161621 20.7929992675781 20.7285003662109 20.7773342132568 20.9111671447754 20.5408325195312
15.8268337249756 16.6140003204346 15.809666633606 16.9855003356934 17.5050010681152 17.1088333129883 17.1079998016357 17.2199993133545 17.2695007324219 17.5726661682129 19.3978328704834 19.5018329620361 19.5061664581299 13.7019996643066 13.4858331680298 13.4741668701172 13.4784994125366 13.5483331680298 13.5968332290649 13.6438331604004 13.7318334579468 13.7825002670288 13.8623332977295 13.9053335189819 13.9541664123535 14.0366668701172 14.13450050354 14.2008333206177 14.1973333358765 14.3675003051758 14.3839998245239 14.474666595459 14.6733331680298 14.8033332824707 14.8645000457764 20.799165725708 20.8448333740234 21.0476665496826 21.0578327178955 20.9615001678467 14.9785003662109 14.9879999160767 15.0591669082642 21.0208339691162 21.0891666412354 21.1986656188965 14.9478340148926
16.9139995574951 15.9083337783813 16.6854991912842 17.9195003509521 17.6271667480469 17.2775001525879 17.4191665649414 17.400333404541 17.2388324737549 17.5646667480469 19.5061664581299 19.5206661224365 19.7353324890137 19.8001670837402 19.4128341674805 13.6511659622192 13.6545000076294 13.6928339004517 13.7678337097168 13.8396673202515 13.9221668243408 14.0013332366943 14.0626668930054 14.1578330993652 14.216833114624 14.2583332061768 14.3258333206177 14.4111671447754 14.4230003356934 14.4861669540405 14.5788326263428 14.5923328399658 14.6821670532227 20.8228340148926 14.9740009307861 15.0069999694824 15.0935001373291 15.2103328704834 15.2740001678467 21.2964992523193 21.2281665802002 21.1539993286133 21.1790008544922 21.3080005645752 15.3645000457764 15.4996671676636 21.1146659851074
16.921667098999 17.0184993743896 17.6443328857422 17.8258323669434 17.8038330078125 17.671667098999 17.5625 17.4053325653076 17.2436656951904 19.3583335876465 17.9063339233398 19.824333190918 19.9288330078125 19.9836673736572 13.9636669158936 13.8263339996338 13.8658332824707 13.8698329925537 13.9368333816528 14.0255002975464 14.1014995574951 14.1760005950928 14.2436666488647 14.3214998245239 14.3883333206177 14.4441661834717 14.4898328781128 14.5606670379639 14.6381664276123 14.6426668167114 14.6636667251587 14.7379999160767 14.8088340759277 14.9723329544067 15.1006660461426 15.0736665725708 15.1408338546753 21.3171672821045 15.5700006484985 15.6253337860107 15.5433330535889 15.414999961853 15.4489994049072 15.5404996871948 15.5948333740234 21.7886657714844 15.3073329925537
17.5563335418701 17.3791675567627 17.7136669158936 19.7556667327881 18.0723342895508 17.7338333129883 17.4825000762939 17.4300003051758 17.4354991912842 17.5181674957275 17.7443332672119 19.7996654510498 20.0049991607666 20.0746669769287 19.9631671905518 19.7561664581299 19.7935009002686 14.1035003662109 14.1183338165283 14.1754999160767 14.2445001602173 14.3239994049072 14.3911666870117 14.4660005569458 14.5450000762939 14.5973339080811 14.6376667022705 14.6990003585815 14.8083333969116 14.8791666030884 14.8345003128052 14.8780002593994 14.9281663894653 15.00950050354 21.0603332519531 21.1865005493164 21.2786674499512 15.4028339385986 15.7075004577637 15.7045001983643 15.6573333740234 21.746166229248 15.7084999084473 15.7391662597656 15.7660007476807 15.9731664657593 21.3626670837402
19.7263336181641 19.7378330230713 19.8781661987305 18.464334487915 18.1941661834717 17.9021663665771 17.5938339233398 17.6070003509521 17.6901664733887 19.4340000152588 19.5096664428711 19.6098327636719 19.7474994659424 20.0146675109863 14.5278339385986 14.3608331680298 14.2596664428711 14.2948331832886 14.3196668624878 14.3466663360596 14.3794994354248 14.4536666870117 14.533166885376 14.6253337860107 14.7189998626709 14.7655000686646 14.7786674499512 14.8461666107178 14.9316663742065 15.0260000228882 15.0476665496826 15.0109996795654 15.0325002670288 15.0565004348755 15.1358337402344 15.210000038147 15.3263339996338 15.4200000762939 15.5150003433228 15.5688333511353 15.6011667251587 15.6155004501343 15.7270002365112 12.574333190918 12.5566663742065 12.5694999694824 12.1461668014526
19.8263339996338 20.0103340148926 20.099666595459 20.1883335113525 19.9314994812012 19.6201667785645 19.5328330993652 17.8841667175293 19.6331672668457 19.6516666412354 19.7080001831055 19.8099994659424 19.8780002593994 19.9843330383301 20.103666305542 20.3276672363281 20.4095001220703 20.3311672210693 20.2746677398682 14.5048332214355 14.5530004501343 14.6311664581299 14.7189998626709 14.8051662445068 14.8994998931885 14.9794998168945 14.9925003051758 15.0088329315186 15.0516662597656 15.0888328552246 15.0751667022705 15.1381664276123 15.1926670074463 15.2236661911011 15.2819995880127 15.3341665267944 15.3858337402344 15.4525003433228 15.5516662597656 15.6023330688477 15.6166658401489 15.6513338088989 15.7311668395996 12.481499671936 12.3953332901001 12.4218330383301 15.7638330459595
19.6924991607666 19.9139995574951 20.1748332977295 20.2851676940918 18.6203327178955 18.2859992980957 19.8013324737549 18.1366672515869 18.1534996032715 19.9010009765625 19.9656677246094 20.0171661376953 20.0370006561279 20.0874996185303 20.1374988555908 20.2253322601318 20.3348331451416 14.6291666030884 14.793999671936 14.7428340911865 14.7398338317871 14.8853330612183 14.9914999008179 15.0640001296997 15.1376667022705 15.1788330078125 15.1893329620361 15.1911668777466 15.210000038147 15.2176666259766 15.2076663970947 15.263500213623 15.3373336791992 15.3406667709351 15.3668336868286 15.4210004806519 15.4729995727539 15.5568332672119 15.5578327178955 15.6084995269775 15.6366662979126 15.6536664962769 15.6838340759277 15.6956672668457 15.7036666870117 12.5766668319702 12.6601667404175
19.8408336639404 19.8683338165283 20.1523342132568 20.3635005950928 20.4958343505859 20.2278327941895 20.0136661529541 20.0006675720215 20.0133323669434 20.0571670532227 20.0873336791992 20.1201667785645 20.1758327484131 14.3968334197998 14.4263334274292 14.4803333282471 14.5408334732056 14.5778331756592 14.7078332901001 20.8486671447754 14.9828329086304 15.1216669082642 15.2338333129883 15.2546663284302 15.3625001907349 15.3050003051758 15.3011665344238 15.3325004577637 15.3973331451416 15.3773336410522 15.3488330841064 15.4130001068115 15.4053335189819 15.3873338699341 15.4118328094482 15.448166847229 15.5261669158936 15.6899995803833 15.679500579834 15.6611661911011 15.662166595459 15.6853332519531 15.710000038147 12.4948329925537 12.5041666030884 12.4139995574951 12.418833732605
