rasterData/Algeria_bio8.asc
NCOLS 248 
NROWS 217 
XLLCORNER -8.682385214 
YLLCORNER 18.975561136 
CELLSIZE 0.0832711529596774 
NODATA_value -3.4e+38 
[rows 105 to 125 of 217, columns 94 to 140 of 248]
25.3629989624023 25.2221660614014 25.1558322906494 25.0174999237061 24.986499786377 25.0023326873779 25.1510009765625 25.2849998474121 25.1658325195312 25.1261672973633 18.8941669464111 18.9071674346924 18.8213348388672 19.0376663208008 19.1844997406006 18.839334487915 18.8521671295166 18.7290000915527 18.6790008544922 18.6113338470459 18.675666809082 18.6098327636719 15.382833480835 15.4130001068115 15.5123329162598 15.5334997177124 15.5823335647583 15.510666847229 15.3483333587646 15.3121671676636 15.1693334579468 15.0555000305176 14.8001670837402 14.6230001449585 14.4993333816528 14.3573331832886 14.308500289917 14.2544994354248 14.0924997329712 13.9069995880127 13.9084997177124 13.8280000686646 13.9064998626709 13.809666633606 13.852499961853 13.9898338317871 14.0891666412354
25.4091663360596 25.2333335876465 25.2001667022705 25.1048336029053 25.0144996643066 25.0480003356934 25.1124992370605 25.3596668243408 25.1478328704834 25.1056671142578 25.1609992980957 25.1191654205322 18.8531665802002 19.056999206543 19.0193328857422 18.8169994354248 18.8513336181641 18.8091659545898 18.8116664886475 18.699333190918 18.728832244873 18.691499710083 18.5223331451416 18.507999420166 15.4031667709351 15.4656667709351 15.3996667861938 15.3273334503174 15.2423334121704 15.1596670150757 15.0384998321533 14.9023332595825 14.7621669769287 14.6248331069946 14.4871673583984 14.3931665420532 14.3409996032715 14.2756671905518 14.1241664886475 13.9709997177124 13.9553337097168 13.8376665115356 13.807333946228 13.7303333282471 13.8523330688477 13.9283332824707 13.8668336868286
25.3606662750244 25.2858333587646 25.320333480835 25.1844997406006 25.130500793457 25.0543327331543 25.0983333587646 25.2374992370605 25.1241664886475 25.1443328857422 25.2036666870117 25.0936660766602 25.1469993591309 19.1056671142578 18.9516677856445 18.9556655883789 18.8645000457764 18.8649997711182 18.8796672821045 18.8256664276123 15.5908336639404 15.5248336791992 18.6175003051758 15.3651666641235 15.418833732605 15.4486665725708 15.4158334732056 15.3470001220703 15.2841672897339 15.1901664733887 15.0498332977295 14.9274997711182 14.7715005874634 14.650333404541 14.5621662139893 14.4990005493164 14.4351663589478 14.4306669235229 14.432333946228 14.4331665039062 14.0410003662109 13.9285001754761 13.7926664352417 13.7433338165283 13.7543325424194 13.7561664581299 13.8241672515869
25.4064998626709 25.4213333129883 25.5405006408691 25.2964992523193 25.201000213623 25.0721664428711 25.0898323059082 25.136999130249 25.0731658935547 25.1620006561279 25.1573333740234 25.1079998016357 25.2283344268799 25.2726669311523 18.9758338928223 18.953332901001 18.9103336334229 18.9546661376953 18.9726657867432 18.9106674194336 15.7611665725708 15.8178329467773 15.7490005493164 15.4873332977295 15.4766674041748 15.5445003509521 15.5229997634888 15.4091672897339 15.3334999084473 15.2546663284302 15.1176671981812 14.986499786377 14.867166519165 14.7396659851074 14.7131662368774 14.8415002822876 15.0860004425049 15.2518329620361 15.1405000686646 14.8499994277954 14.3618335723877 14.1389999389648 12.5450000762939 12.6806669235229 14.5305004119873 14.2858333587646 14.3815002441406
25.4340000152588 25.5273342132568 25.6145000457764 25.433500289917 25.4290008544922 25.2058334350586 25.1455001831055 25.087833404541 25.0753326416016 25.1766662597656 25.1599998474121 25.1866664886475 25.3094997406006 25.3880004882812 25.299165725708 19.0125007629395 18.9851665496826 19.0451679229736 18.9891662597656 19.0001659393311 15.9656667709351 16.0909996032715 15.9963331222534 15.8238334655762 15.595832824707 15.5388336181641 15.5258331298828 15.4800004959106 15.4058332443237 15.3030004501343 15.1526660919189 15.0356664657593 14.9169998168945 14.8559999465942 15.113166809082 13.7103328704834 13.7783336639404 13.6389999389648 13.4781665802002 14.9899997711182 14.8328332901001 15.1484994888306 15.3523330688477 13.6030006408691 13.6456670761108 13.6949996948242 13.6630001068115
25.5726661682129 25.7601661682129 25.6996669769287 25.4861660003662 25.3474998474121 25.425500869751 25.5249996185303 25.2125015258789 25.1971664428711 25.1936664581299 25.1601657867432 25.3216667175293 25.3991661071777 25.4823341369629 25.3108329772949 19.1019992828369 19.1243324279785 19.1479988098145 19.1318340301514 19.1746673583984 15.9246664047241 15.7306661605835 15.622166633606 15.7569999694824 15.922833442688 15.7456665039062 15.6666669845581 15.6146669387817 13.5318336486816 15.3718328475952 15.2130002975464 15.1079998016357 15.0021667480469 15.2816667556763 13.6323337554932 13.8403339385986 13.9045000076294 13.8951663970947 13.6421661376953 15.3315000534058 13.4751663208008 13.5244998931885 13.5791664123535 13.6598339080811 13.8004999160767 13.8426666259766 13.8344993591309
19.7156677246094 25.923999786377 25.7521667480469 19.3236656188965 19.3106670379639 25.7481670379639 25.7590007781982 25.4074993133545 25.296501159668 25.3173332214355 25.2956676483154 25.3916664123535 25.3886661529541 25.4873332977295 25.4405002593994 19.2368335723877 19.2256660461426 19.3649997711182 19.4008331298828 19.5148334503174 19.007833480835 15.6564998626709 15.5641660690308 15.8948335647583 19.2130012512207 15.8853330612183 15.7843332290649 15.6879997253418 15.5194997787476 13.4285001754761 15.2118330001831 15.1055002212524 15.0538330078125 13.5333337783813 13.7965002059937 13.8526668548584 13.9899997711182 13.9278335571289 13.7135000228882 13.595832824707 13.5649995803833 13.5869998931885 13.6046667098999 13.6770000457764 13.7814998626709 13.8758335113525 13.97350025177
19.6599998474121 19.8381671905518 19.5833339691162 19.4915008544922 19.5224990844727 19.6223335266113 19.5186672210693 25.5751667022705 25.4711666107178 25.4934997558594 25.4344997406006 25.5296669006348 25.5209999084473 25.5991668701172 25.6946659088135 25.744499206543 19.6053333282471 19.611499786377 19.6245002746582 19.7373332977295 19.5459995269775 15.9790000915527 15.9406661987305 16.1293334960938 19.2754993438721 16.0193328857422 15.9636669158936 15.8381671905518 15.6704998016357 13.5418338775635 13.3246669769287 15.1118335723877 15.1026668548584 13.7880001068115 13.8114995956421 13.9615001678467 14.0828332901001 13.9035005569458 13.7843332290649 13.6851663589478 13.6483335494995 13.6558332443237 13.6743335723877 13.6935005187988 13.7534999847412 13.9020004272461 13.9831666946411
19.6631660461426 19.8748340606689 19.7613334655762 19.6415004730225 19.6808338165283 19.7574996948242 19.6946659088135 19.4736671447754 25.6116676330566 25.6216678619385 25.5590000152588 25.6711673736572 25.7714996337891 25.775333404541 25.8379993438721 25.8274993896484 25.8941669464111 19.6688327789307 19.5764999389648 19.6824989318848 19.6023330688477 16.1118335723877 19.1731662750244 15.9785003662109 19.1776676177979 19.1900005340576 15.9870004653931 15.8141670227051 15.6321668624878 13.5883331298828 13.485333442688 13.308666229248 13.5401668548584 13.9208335876465 13.9086666107178 14.1526660919189 14.1265001296997 13.8613328933716 13.9134998321533 13.9226665496826 13.8118333816528 13.7493333816528 13.7259998321533 13.6853332519531 13.7790002822876 14.0216665267944 14.1988334655762
19.7358341217041 19.941499710083 19.9791679382324 19.8413333892822 19.8968334197998 19.96266746521 19.7823333740234 19.617000579834 19.6259994506836 25.7994995117188 25.8075008392334 25.8653316497803 25.9696674346924 25.9440002441406 25.9204998016357 25.8704986572266 25.8706665039062 25.9034996032715 19.6805000305176 19.6843338012695 19.6093330383301 19.521333694458 19.3281669616699 19.3143329620361 19.2493343353271 15.8450002670288 15.8956661224365 15.7146663665771 15.5713338851929 13.53600025177 13.4461669921875 13.503833770752 13.8861665725708 13.9918336868286 14.1816663742065 14.2733335494995 14.2648334503174 14.0246667861938 14.0758333206177 14.1088333129883 13.8193330764771 13.7023334503174 13.6733331680298 13.7176666259766 14.0983333587646 14.2951669692993 14.3245000839233
19.7931671142578 19.9756660461426 20.1946659088135 20.1258335113525 20.1521663665771 20.3393325805664 20.2584991455078 19.8513336181641 19.8246669769287 19.8718338012695 26.005500793457 25.9183330535889 25.9418334960938 25.9948329925537 26.0174999237061 26.0359992980957 26.0906677246094 26.0666656494141 19.96266746521 19.8973331451416 19.734167098999 19.7355003356934 19.6246662139893 19.5581665039062 15.9144992828369 15.7651672363281 15.7123336791992 15.7298336029053 15.5641670227051 13.6053333282471 13.7265005111694 13.9261665344238 14.0646667480469 14.0903339385986 14.3343334197998 14.3493337631226 14.136833190918 14.0801668167114 14.168833732605 14.5163335800171 13.9201669692993 13.7641668319702 13.7138328552246 14.0933332443237 14.4856662750244 14.4779996871948 14.3878335952759
19.8886661529541 20.0596656799316 20.2561664581299 20.3330001831055 20.2894992828369 20.3761672973633 20.445499420166 20.2486667633057 20.0208339691162 20.0948333740234 20.0028324127197 19.875 19.9254989624023 19.9798336029053 19.998498916626 20.0920009613037 20.1481666564941 20.0774993896484 20.0273323059082 19.9745006561279 19.8151664733887 19.7601661682129 19.8880004882812 19.9053325653076 19.5174999237061 15.9530000686646 15.7573337554932 15.9694995880127 16.0321655273438 15.9051666259766 16.1626663208008 16.0946674346924 14.1829996109009 14.3441667556763 14.4861669540405 14.5823335647583 14.3726663589478 14.2519998550415 14.3223333358765 14.9545001983643 14.5396661758423 14.1646671295166 14.1370000839233 14.541166305542 14.6446666717529 14.5761671066284 14.5220003128052
19.958833694458 20.1451663970947 20.4965000152588 20.5128326416016 20.5246677398682 20.482666015625 20.7140007019043 20.6253337860107 20.2688331604004 20.283332824707 20.2045001983643 20.1459999084473 20.0833339691162 20.0861663818359 20.1098346710205 20.1578330993652 20.1443328857422 20.0638332366943 19.9600009918213 19.9158325195312 19.8955001831055 19.9139995574951 19.9918327331543 20.154333114624 20.0685005187988 19.8113327026367 19.7188339233398 14.4313335418701 14.3571662902832 14.3881664276123 16.3280010223389 16.3094997406006 16.5476665496826 16.7038326263428 14.7828330993652 14.9348335266113 14.7056665420532 14.666166305542 14.8788328170776 15.3150005340576 15.3266668319702 14.9636669158936 14.8266668319702 14.7974996566772 14.6843338012695 14.5930004119873 14.539834022522
20.0361671447754 20.220666885376 20.6331672668457 20.7379989624023 20.6430015563965 20.6781673431396 20.9034996032715 21.0776672363281 20.5633335113525 20.4378318786621 20.3824996948242 20.2644996643066 20.1988334655762 20.2258338928223 20.2253341674805 20.1996669769287 20.150333404541 20.1301670074463 20.1403331756592 20.121000289917 20.1429996490479 20.1376667022705 20.1215000152588 20.2153339385986 20.2170009613037 20.071834564209 20.003999710083 14.5353336334229 14.4608335494995 14.4183330535889 14.4381666183472 14.6761665344238 14.8064994812012 14.9580001831055 15.047833442688 15.179666519165 15.0576667785645 15.0921669006348 15.2545003890991 15.3695001602173 15.1166667938232 14.9776668548584 14.9178333282471 14.9123334884644 14.7993335723877 14.6673336029053 14.5474996566772
20.1723327636719 20.3040008544922 20.5873336791992 20.7940006256104 21.0101661682129 21.0831680297852 21.1071662902832 21.1948337554932 21.0471668243408 20.5688323974609 20.5416660308838 20.3543338775635 20.275333404541 20.287166595459 20.300666809082 20.3194999694824 20.3150005340576 20.3238334655762 20.349666595459 20.3158340454102 20.2856674194336 20.2568340301514 20.2256660461426 20.2399997711182 20.234167098999 20.0906677246094 19.9979991912842 19.9318332672119 14.6121673583984 14.5586671829224 14.6876668930054 14.9883337020874 15.0618333816528 15.0666666030884 15.1420001983643 15.4314994812012 15.3633327484131 15.2329998016357 15.2853336334229 15.0494995117188 14.930832862854 14.9584999084473 14.9485006332397 14.9571666717529 14.8743333816528 14.7051668167114 14.5888338088989
20.308666229248 20.4276657104492 20.4756660461426 20.7008323669434 20.906665802002 21.1905002593994 21.3815002441406 21.3465003967285 21.4020004272461 20.7883338928223 20.4896659851074 20.394832611084 20.353666305542 20.4330005645752 20.4556655883789 20.4436664581299 20.4151668548584 20.392333984375 20.4120006561279 20.3938331604004 20.3689994812012 20.4663333892822 20.6408348083496 20.4476661682129 20.3435001373291 20.2993335723877 20.2186660766602 20.1669998168945 15.0816669464111 15.167667388916 15.2515001296997 15.331000328064 15.3360004425049 15.2596664428711 15.1598339080811 15.3549995422363 15.186333656311 15.0761661529541 15.0611667633057 15.0241670608521 14.9448337554932 15.0026664733887 15.0266666412354 15.0339994430542 14.9311666488647 14.7698335647583 14.8155002593994
20.4258327484131 20.4934997558594 20.5083332061768 20.6376667022705 20.7408332824707 21.0104999542236 21.3994998931885 21.5016670227051 21.4938335418701 21.3186664581299 20.7060012817383 20.5583343505859 20.5520000457764 20.5888328552246 20.5851669311523 20.5461673736572 20.5413341522217 20.5216674804688 20.4968338012695 20.4433326721191 20.5001678466797 20.7788333892822 20.9325008392334 20.5926666259766 20.5155010223389 20.382999420166 20.4581661224365 20.5299987792969 20.6071662902832 15.4046669006348 15.4428329467773 15.3833332061768 15.4758329391479 15.8306665420532 15.1818332672119 15.1374998092651 15.0719995498657 15.0170001983643 15.0620002746582 15.2638330459595 15.2030000686646 15.1876668930054 15.1193332672119 15.106499671936 15.0591669082642 15.1608333587646 15.2458333969116
20.4838333129883 20.5419998168945 20.6166667938232 20.69700050354 20.7993335723877 21.0228328704834 21.3233337402344 21.6013336181641 21.6580009460449 21.6418323516846 21.1805000305176 20.861499786377 20.7666664123535 20.7425003051758 20.6983337402344 20.6936664581299 20.7011661529541 20.6124992370605 20.5583343505859 20.6110000610352 20.8314990997314 20.9953327178955 20.8936672210693 20.6713333129883 20.6783332824707 20.5206661224365 20.4723339080811 20.550666809082 20.576000213623 15.3646669387817 15.4901666641235 15.4140005111694 15.8800001144409 16.2768325805664 15.5699996948242 15.2623338699341 15.2495002746582 15.1711664199829 15.2661666870117 15.4046669006348 15.3753337860107 15.2953338623047 15.2045001983643 15.3213329315186 15.3873329162598 15.4678325653076 15.4838333129883
20.5946674346924 20.6236667633057 20.6746673583984 20.7373332977295 20.8484992980957 21.0386657714844 21.1844997406006 21.4856662750244 21.6511669158936 21.8043327331543 21.7353324890137 21.3629989624023 21.1315002441406 20.9274997711182 20.9106674194336 21.1026668548584 21.1634998321533 21.0406665802002 20.9091663360596 20.8128337860107 20.8985004425049 20.9435005187988 21.0074996948242 20.9650001525879 20.9046669006348 20.8626670837402 20.6343326568604 20.4993343353271 20.4931678771973 15.2700004577637 15.4151668548584 15.506667137146 16.0096664428711 16.2818336486816 16.0294990539551 15.7151670455933 15.7628335952759 15.6885004043579 15.6163339614868 15.510666847229 15.4825000762939 15.4965000152588 15.606333732605 15.654167175293 15.6101665496826 15.5881671905518 15.664999961853
20.6891670227051 20.6931667327881 20.704833984375 20.7741661071777 20.9055004119873 21.1480007171631 21.2656669616699 21.4598331451416 21.5258331298828 21.6479988098145 21.8385009765625 21.9811668395996 21.7923336029053 21.3066673278809 21.2029991149902 21.7106666564941 21.5734996795654 21.5846672058105 21.3253326416016 21.0233325958252 21.0314998626709 20.9476661682129 21.007833480835 27.1046657562256 21.1370010375977 21.3343334197998 21.3076667785645 20.9934997558594 20.8439998626709 20.9759998321533 15.7795000076294 15.8546667098999 16.1466655731201 16.1374988555908 16.2191677093506 16.261833190918 16.2076663970947 16.2288341522217 16.2601661682129 16.1439990997314 15.9569997787476 15.893666267395 15.9180002212524 15.9065008163452 15.9570007324219 15.9691667556763 15.9645004272461
20.7393341064453 20.7798328399658 20.8026657104492 20.8651657104492 21.0128326416016 21.1258335113525 21.2893333435059 21.4529991149902 21.5926666259766 21.6538333892822 21.7154998779297 21.845832824707 21.9553337097168 21.8058338165283 21.7408332824707 22.0450000762939 21.7226676940918 21.7811660766602 21.4055004119873 21.2283325195312 21.5559997558594 21.4891662597656 21.5025005340576 21.6136665344238 27.5808334350586 21.666166305542 18.470666885376 21.7479991912842 21.5610008239746 21.5383338928223 21.5988330841064 21.5979995727539 16.1521663665771 16.2666664123535 16.367166519165 16.3473339080811 16.3386669158936 16.3013324737549 16.2616672515869 16.2415008544922 16.0931663513184 16.0909996032715 16.0259990692139 16.0396671295166 16.0658340454102 16.0866661071777 16.0791664123535
