rasterData/Algeria_SNDPPT_M_sl2_250m_ll.asc
NCOLS 248 
NROWS 217 
XLLCORNER -8.682385214 
YLLCORNER 18.975561136 
CELLSIZE 0.0832711529596774 
NODATA_value -9999 
[rows 92 to 114 of 217, columns 102 to 152 of 248]
86.0996450869623 88.1466571279904 87.6643563252552 90 86.9909692284812 86.6523152965661 90.0731566820304 85 83.4413464397196 85.5825126356504 84.2507618552139 84 85 84 84.7465437788038 87.2299687825173 88 87.1270161290316 86.7966218225077 87.693864278284 92.5385201427043 81.0071540062429 81.9646201873032 83.7358127694385 85.0417626728065 80.5726363906647 81.9500148654625 79.4360599078346 78.1834677419368 85.6928887319777 81.4798387096786 83.3856752638617 76.4537498141865 78.6865337446064 80.7465437788038 77.7103556563077 75.8384681135714 72.5976382488479 88 83.7245521777994 81.8345380555965 86.2969470046111 85.3895124126599 81.5072097517482 82.0924910807185 89.1676638917775 86.0781830682318 86.3106603983995 87.7465437788038 90.5794745057248 90.1955645161282
84 85.1751152073763 89.0831537089331 92.1673480005975 90.5747082652001 92.6278337297488 89.0985023041491 87.5589508696297 86.0667273673267 85 87.8817266240503 83.6323119518353 85.8257674297626 87.3607756057616 88.6994759922733 88.2155957336109 88.3031719191336 91 90.0987903225803 89.837241712499 89.789960234872 87.1610023041514 87.1751152073762 83.6995224468506 84.0370707596265 83.8248847926238 84.7423535751426 82.1479299836504 79.8165322580633 80.6497695852475 79.5061227144393 76.0469562955265 79.6323119518342 77.1136836628536 73.706369852837 77.0570369406886 80.9283298647228 78 81.886910955851 79.582568381153 83.2117028393083 82.2744815668165 86.2310465289162 83.0374238144798 80.5400345622138 81.956341980086 88.2544503493372 86.7688326891647 84.1030176899019 92 86.0342463207972
87.8064516128986 92.2793314256009 90.1557622268539 90.8989334027031 89.0109261186276 87.90985952133 88.4495967741938 85.8064516128986 87.036875650365 83.9373699271576 85.934638397501 83.703629032259 84.6108870967679 88 89.0386316337099 90.7629422476529 91.6812565036389 91.5770031217453 91.6300078043642 90.8201092611818 91.0464360041619 79.848790322573 86.0027315296568 82.3285639958448 79.9032258064493 86.0095603537985 79.1992065556731 80.5342741935462 81.1834677419368 76.73484651405 76.3830645161279 80.2713969823169 70.4432882414191 79.0915712799142 70.734131113426 80.2517559833499 84.3124999999989 76.491935483873 85.3238813735661 75.1457466181095 80 83.0149583766805 83.3805931321522 81.3311654526576 83 86 84.2786160249729 89 89 87.5545005202938 89.8044354838718
91.4043314255986 89 86.5399044893715 83.5066987513008 93 90.0085848074922 86.008064516129 86.0108889549576 88.0114092463208 84.9880704623161 84.6754032258068 86.9481195183589 85.9680764085031 89.7645031217493 92.9631336405531 88.9665155344136 91.1339471532621 80.7644009216602 90.9030306971907 91.9986992715921 88.8561115653353 83.0043202764987 79.0135926118633 82.0023413111343 78.9828675486845 79.1320146424867 78.0160918685892 86.8291864872893 80.0033818938606 80.2184201724403 84.7232142857138 73.5547235023064 71.2909079084295 73.9935335216293 69.6840437788008 75.6259755463053 85.7925709826098 81.2453917050658 80.4940073584066 78.0305299539149 81.0184331797235 84.0925189534728 88.3484837223166 81.3858982458743 81.2768879143771 86 88.2829734651401 86.444681878997 88.7526293295689 90.7393433179725 82.8192637877219
89.0599078340987 90.9747565779705 88.202040285425 89.0599078340987 96 86.5022669837992 86.4112903225818 86 83 86 89.2468132154039 88.9556637431191 91.376022000897 90 92.0126821019765 90.7186988999602 87.9493923740174 82.0228277835577 83.736593206485 88.7261966701381 88 87.9375557455062 80.8694533224367 81.9576612903222 80.0599078340987 80.2996413705938 82.3063308309777 85.7342426044342 81 81.7537628214665 83.0455347851919 73.3558328378148 70.9822450572328 64.2646889400962 74.2717779099199 74.8568548387077 83.5290898617469 84.6561059907783 81.4378251821035 82.3741359447069 80.0155529953876 75.4435576780133 70.8521629255219 84.0128028839002 81 85.0397372528599 90.9770514345186 91.6598502304184 87.6432659432201 87.1039746543832 86
92.4770421436015 88.3631169169022 90.1382488479276 95.1382488479276 93 87 86.6229838709683 87 85.0526795005207 88.2536606213774 82.3282202319011 90.2553980228916 87.2310744016641 89.071911699124 86.6500576036861 86.4586740002996 85.8063029582312 84.8617511520724 81.762960829492 86.7980619146747 92.1382488479276 85 81 78.6446781626249 81.3665731381042 79.7947357663229 84.9648803329861 81.2675598335076 81.0253642039546 84.4613590753642 81.7600806451607 76.8330329270103 78.1898877657115 77.2797216441214 81.8438940092199 78.7761818046657 83.0816671621829 85.9927995391696 91 76.5743366285117 81.2000520291367 87.4743106139438 80.5203749814186 86.2548963133621 84.6855303255552 87.0917013527586 88.8617511520724 91.7585011892386 83.2171751895331 77.2455589415811 87.919066820273
86.914848743868 93.6698937119066 88.9006336405527 92.5813141073288 91.2260665972955 91.6971625538866 91.2165898617511 88.6639753976518 90.5674241861163 81.1656013081646 83.7508083097963 78.5927419354821 83.7768879143746 85.2189404638016 91.0458506763786 88.1768526088896 89.1552419354829 88.7834101382489 91.2939832020214 85.2013063029584 83.7886502155487 80.0282258064496 82.7643544670721 81.249758436153 84.5573899955404 80.1011780883051 80.8729838709675 79.1285955849556 86.639679649174 78.2351345324797 80.1389456667153 83.82576742976 81.1024602348732 83.6874721272493 83.6471774193539 85.8355414746537 84.5514252266977 82.7488479262682 83.2314367474355 83.0539151925102 81.84225880779 89.5926304444763 86.7632860115942 86 85.4975286160259 87.8226921361696 84.7004422476586 92 86.7479838709692 87.9288222833358 88.7572747881672
94.0977590307707 91.5322487735985 87.2949308755765 89.8459937565034 91.8543184183142 92.5140571577231 95 92.5171696149843 93 81.5436951835883 86.3144046380249 88.9125910509887 89 88.1859669986605 90.1492585848069 80.6298219860264 88.0457856399582 89.3726772706994 84.0696540062432 83.3811970417715 78.7175561171393 83.99167533819 81.28081797235 84.9402965660765 82.1070778207211 80.7050691244235 86.7689720529222 85.0457856399587 84 79.4441894603845 75.9292403746095 80.0470677865346 78.7959435855514 77.4382525642966 81.8781682027637 85.0570276497714 81.7114334027049 85.9864631336406 85.9851066597295 81.2487921807654 86.3812527872759 86.5111212278856 86.8159469302817 87.1789802289286 84.9547811059906 84.0346551211544 87.5124219562955 86.5250761855195 92.5273803329872 89.7476493979493 88.5321837371796
91.6068548387094 92 88 89.8954493087549 95.8156217481796 92.3732718894002 90.0849654377876 92.9322692136165 83.5223725286168 86.6148450275002 79.6978686635934 83.889373048908 82.0679630593135 82 90.7176397353929 88.6952114612759 85.4891667905439 83.0474115504679 79.2534562211996 83 85 76.3680039393486 86.9947320499477 83.3998067489218 82.8588709677402 83.4930875576007 78.9209714583011 78.5324996283645 77.5738906644898 77.1461461275461 79.5659190575296 80.2176211535606 80.3640831722923 78.0262096774154 84.0237661662006 82.581072543483 85.6297755314408 89.0259216589861 88.6825293592981 86.6267281105998 83.194914151925 89.1204939051633 87 83.1268767652736 87.7629422476587 84.4623717853408 82.8750650364192 88.522121673853 89.0271852237268 88.5311152817002 89.3002731529654
88.4518730489079 90.4621488033309 87.5463709677428 93.2601456815814 93 97 95.5625 85.3662851196678 92.9710587929214 90.19556451613 82.7068158168579 90.183922996879 89.2802419354847 92.6335197710715 90.7793964620174 90.7159209157135 88.2228798126973 88.4516129032256 89.4069979188345 88.5483870967744 86.4869276795015 87.9936264308017 91.0154786680549 82.5716050988558 79.0956035379824 83.7694458897004 86.0967741935488 81.3113943808525 78.8026144640987 73.4527835587928 78.1265608740886 73.3426118626404 77.9786030176912 82.3703824141514 84.6089360041641 87.7910379812691 85.7755593132147 83.5383064516136 85.2412851196668 87.5126821019749 84.401079604578 83.1008064516146 82.6826873048901 87.3327913631638 84.3482700312182 87.7612513007252 87.1044484911565 92.5483870967744 89.7479838709692 82.7502601456821 90.1261706555667
89.0235524751006 94.7280176899069 89.3864557009058 89.7467760517316 84.8459473019177 94.7488665081013 95.7355990783412 89.4455273524597 81.1659729448461 90.7953861305188 90.8474245577526 89.9128140330031 86.1635480154617 79.5155808681435 92.7756243496365 92 93.3970752192659 88.1420302512249 88.470046082949 86.470046082949 83.5274174966556 90.5224747287061 84.9709287200818 80.6345324810477 84.2116935483897 77.6977107179981 78.507860115951 77.529953917051 77.8633120261654 77.4177660918683 76.8083655418466 82.2520811654535 74.529953917051 81.8474245577518 79.6570257915865 88.9926230117434 78 83.7344470046074 84.2145923145539 79.2139605321818 82.0782945592408 84.7208358109105 81.6586888657638 85.529953917051 85.9482867548703 89.3515218522381 91.6045506912459 87.5544540657067 88.5450516575 86.7375501709511 84.7737104206927
90.1765552995392 88.9922049204679 92 92.7093429463355 91.3078266686492 92 96.4827188940096 89.2637598483718 89.3658484465585 89.3178794410585 82.2645588672514 84.2321800208109 84.8949661810617 89.7022725583467 86.0419670729903 80.2016221941441 85.8783818938614 89.3711163966102 89 88.2442303404192 90.2497584361527 90.8414690798268 80.6536903523139 83.6929723502313 79.5195202170348 75.8411160249719 80.5976382488489 75.8646313364036 82.0983722313049 80.511204846144 75.310567489223 81.9419224765866 86.5512301174364 80.0830515088411 84.8611751152048 82.7733573658398 79.0043016946675 84.7488479262688 85.9259792626724 82.8856566820286 85.6526497695868 85.7265125613205 72.9343875427338 80.9374070908274 85.7780214062739 85.9938679946505 89.0665415489817 85.683142559829 85.2929890738818 85.1433309796339 83.8462167385156
86.8532499628379 92.3961275457147 89.6220733610837 89.5082782072245 92.6608350676393 94.4872064070162 94.4254032258056 95.594386427829 85.6495558941596 89.6148450274946 92.4375464545837 87.3133640553016 86 90.9230804965095 87.9808885833159 79.8701036866334 85.5391147614109 90.1270161290316 87.9599747287079 87.6267281106032 91.0132674297606 90.714861751148 88.9858870967735 82.3557027649794 82.3618161884967 80.6866359446984 85.5471235320386 83.8447580645154 71.5677307863793 77.3486974134111 70.4763639066476 77.9159729448482 70.1096049502043 82.0112327188933 80.9274565185146 87.0676843317958 86.2695387988624 81.5745967741956 85.7551843317946 87.1767968633859 83.4465400624375 86.890701650067 82.422550914223 80.8532592537532 83.6350806451624 95.2677642336807 84.0966627025425 82.2471198156642 89.1730433328363 87.8463375204405 88.3133640553016
90.6068548387094 94.9009681135721 94.550403225806 89.877276274714 88 91 91.6653225806451 90.1388341757099 89.526516277686 91.7998550616915 91.8412646796492 92.9303459937568 87.8279972498885 79.92924037461 89.2350230414745 91.346486175116 88.6122249888507 85.3245781923585 82.6894046380262 85.1079604578552 74.4791047272157 78.0107960457849 73.7475471978587 77.2250724691539 78.4925579753231 75.5763899212139 79.6786550468256 76.7649769585255 75.7734131113408 79.6761186264293 77.1544707893544 80.4401479114026 75.9289059015901 69.655353426492 82.8130202913625 82.1460253456229 76.470046082949 82.2390552995412 86.0161104504235 86.3297625241601 85.3967964917502 83.5821967444617 86 82.6490263118776 82.6440742530084 82.7424371934005 82.0009476735542 85.8967035825773 84.4278095733598 87.7762096774194 90.8556098558065
90.7254812695095 93.8433179723492 92.620846960012 91.8433179723492 88 92 93 90.6866359446984 92.5750055745509 94.5918964620192 94.8941764530987 80 89.9757692879486 86.9229690055006 81.1566820276508 91.505128586294 84.7046789058987 79.8433179723492 82.9845213319459 82.0373959417267 78.9933662851197 78.0141129032248 75.8314163074163 80.2643916307434 85.0376653783259 81.9321670135269 76.8632191169904 74.9985599078338 83.0574921956303 80.145356399584 72.8433179723492 73.5719674446235 80.5632990188816 78.9491415192502 74.4317396313352 80.2323472573189 82.5870651850707 81.2695852534527 90.774769585253 89.765924632078 80.4403616024975 82.9866582429001 85.2400494276771 82.0388453248136 83.170655567119 85.7820629552566 83.4217147316812 86.7994090976649 84.4086981566816 84 86.1649230712047
93.6376542292255 95.5786290322573 91 89.5221495466026 92 90 95.4375 89.5907258064522 95 89.5688364055301 88.6479206927309 84.9455180615445 83 89.1410454140046 92.1951092611855 89.2330626579456 83.3781031663452 77.390813141073 77.2632116842582 79.1489055299536 84.7359056786075 82.1414635052794 75 78.1533651702106 80.9977515980382 73 81.9316095584952 84.1430801248705 76.2474357068546 80.5084733164886 74.2587148803338 86.6535138248831 64.8426768990654 80.4037182250608 84.6748178980222 77.0484892968637 88.284655121154 86.0783410138254 90.4140775977394 87.0783410138254 85.1670506912476 77.3712557603673 83.7772967147304 82.6376542292262 84.9290824290167 84.860403969082 82.2397149546587 84.2595696447188 85.4571131262103 88.2062583618253 84.8674557752354
92 96.4213709677427 92 90.4778225806453 93 91 92 93.5907258064521 86.2379032258086 87 86 92.703629032259 80 95.4798387096752 91 80.816532258065 86 77.6189516129051 83.9012096774197 74.9294354838718 82 71.0141129032248 74.0141129032265 81 81.8588709677402 78 80 87.0685483870923 89.1834677419368 86.4233870967761 74.7197580645179 78.7318548387086 81.8891129032282 77.9737903225846 75.2943548387077 73.7620967741949 84.4092741935496 89.8750000000017 88.5342741935481 87.9879032258086 80.5221774193556 79 82.578629032259 82.7862903225795 83.8245967741881 85.663306451614 91.3084677419351 85.4395161290342 91.2520161290308 86.7762096774194 90.1955645161282
92.3148041474668 94.9669893711911 93 93.1157741192195 91.9216589861762 92.4977887617083 93.5625 88.8148877657226 89.5241935483829 86.2943548387111 89.8674743570717 91.7029879589682 82.367492938901 90.5389568158187 86.0384272335381 88.9360320350833 91.8447580645171 90.1400327040356 73.0706016797969 75.8433179723524 78.0423387096769 75.9988943808534 76.0783410138238 80.6509309499072 81.0838691095574 83.7776869332596 86.9316095584965 89.9230990783392 92.1566820276477 85.9216589861762 89.8388490411775 77.4006150587228 88.5546120112951 88.8433179723523 83.1059814924916 87 89.5123847926266 85.2376152073701 89.5494369704169 91.3769139289456 85.5630574550341 92.4574940538122 84.797411550467 75.3931451612898 83 81.6640961795757 88.9254032258051 86.663371488035 89.1545636985278 82.7146480600557 86.0306414449229
86.5833116545263 93.6026925078044 93 94.9251337892078 92.989798572914 91.6953786977831 82.662730414746 90.0354448491147 91 89.6010573063779 86.7303682919582 86.5469470046096 79.310158688865 89.4028077151791 91.8214750260152 90.3381893860555 93.6880760368677 86.3806767504078 78.4057436450143 83.4438364055307 80.0357049947967 73.8834454437317 83.6364185372369 77.0495670432572 77.8322617808833 76.1821019771096 83.0352869035225 93.0243236212279 92.8433179723506 91 95 87.9273450275017 89.3909060502433 93 92 90.5377304147468 92.1884662553903 93.4375000000009 90.5494369704178 90.4958469600126 91.8433179723506 91.3074829047137 81.5780529953904 81.5171324513173 87.0567117585799 85.900587185968 82.2167013527571 90.010786754868 87.6089267132457 85.6126802437956 87.7516166195896
94.8573751300738 94 92.7649769585268 93 96.8839099895951 91.2350230414732 94.2615207373298 94.3130853277838 95 95 88.3640924632104 89.3032369555554 91.1484409840904 88.5863404935358 95.1619406867843 91.4327244685622 70.3902649769561 91.1943288241409 77.4385220008904 75 72.0099505723203 74.5191578712687 75.7616601010865 79.8073156682046 73.9294354838701 88.3105953619738 92.302335736583 93.4335606511046 93 92.1619406867856 92.2350230414732 92.2051248699284 93 93 91.1276479114039 92 92 92.2350230414732 91.8905437044751 91.6128846439721 91.0443548387111 90.3595213319464 77.256289950945 89.3061078489673 86.5583097963425 82.7424371934001 84.2939832020245 86.7296436004135 86.4018879143668 87.5299539170536 85.6153746097833
92.2265218522381 96 94.5457484762906 93.1497324215843 95.6866359447013 94.487206407016 93.9271313364043 92 94.2616415192504 92.8689887765702 93 76.2037591051011 94.4184907834115 93.4340809424712 94.5412795451179 94 87.4621859669977 86.8479913036973 90.7175932808093 78.0829864724205 69.0581425598329 81.0889791140185 93.6223056340104 81.4314144492366 87.1041325999731 90.2034989594202 93.6866359447013 92.8447580645154 92.8165322580633 92 92 92.915972944849 92.2204920469741 92.463756132005 90.7971978593735 93 92 91.8237327188947 91 94 92 91.6220733610812 90.0252155492815 92.1901664932359 87.2618087557599 78.336693548386 83.2118050393934 82.968457336104 88.3923368514925 89.2432362122783 92.8657183737183
95.0851512561322 95.2960457856408 95 96.8128344730192 94.4100732124275 96 96.3917050691243 87.1603147762744 92.0106566820286 91.4681228630889 92.8728537981272 92.8197190426644 91.3216236806898 93.0578080868158 94 94.4314423219858 91.7775104058286 81.5959844655853 93.7661104504235 91.9294354838718 87.644083543926 89.3861769733911 88.0071354244082 86.3991192210494 86.5930113720826 95.0750055745487 93 92 93.0728593726766 93.0829214360045 92.2977274416527 90.789932362122 93.2756150587182 89.2645588672508 91.6471774193539 91.7575535156834 90 91 92 94 92 90 89.0319328824156 90.3691467221649 80.7141184777771 91.336693548386 92.5793444328821 93 93.7070109261182 92.3360338932661 90.5106659729442
93.7788482979043 83.3397595510593 94.4825702393339 97.2245986323773 94.9879032258052 95.2189125910507 95.5299539170502 91.2168964620183 93 94 90 94 96.043843838263 94.7600806451624 91.940658911846 93.4380017095316 94 91.112002006837 92.8488553590016 85.4368775085485 91.9800988553592 91.46341236807 86.9674724988874 88.4924836479864 86.484930132305 93 93 91.6029247807343 92.1834677419368 92 89.9327616322271 89 91.8429370447448 91 90 93 90.2776683514194 91.5299539170502 92 92.7382284079081 91 91.7886687973839 90.6933532778354 89 91.2386093355155 92.1784320648127 93.0414281997912 89.7934071651542 88.7668723056324 90.2237903225806 93.3781217481798
