rasterData/Algeria_SNDPPT_M_sl2_250m_ll.asc
NCOLS 248 
NROWS 217 
XLLCORNER -8.682385214 
YLLCORNER 18.975561136 
CELLSIZE 0.0832711529596774 
NODATA_value -9999 
[rows 115 to 137 of 217, columns 0 to 50 of 248]
90.1354058272669 84.7025884495323 85.4318418314233 92.8188085327776 91.6986862643117 88.8443028095732 90.2780306971922 88.869797086368 91.7857700312201 90.895291363163 89.4269640998937 93.3723985431852 92.0664672216443 92.9347684703439 93 93.4858870967723 93 92 91.0100156087409 92 89.1217481789802 89 92.6949791883447 92 88.8949661810612 94 85.2479838709675 92.8792924037477 93 95 94 93.4267689906339 95.359911550466 95 92.8082075962515 94.550208116544 94.7605359001029 99.6937434963588 99.4133064516128 93.8506763787753 84.2642429760698 64.7363423517154 97.1802809573367 98.6533558792959 97.6585587929226 96.1941987512979 95.5221774193551 93.5127471384026 98 97.5483870967727 96.9104448491183
89.9894640998961 92.5736583915566 88 89.2255184331802 90.3929686338641 90.6552419354846 92.4283484465589 87.6771499182406 92.8370001486546 91.854690055002 91.5008919280501 92.3732718894002 92 93 91.9431395867404 91.5875576036871 91.6395217035831 93.0083060799754 92 93.5823639809729 88.312156236065 91 93 92.0413910361233 91.9866210792328 94.3732718894002 93.3787442396323 93.2701705812391 92.3732718894002 96 96 97 93.7465437788004 92 96.0328526832173 95.6878995094393 97 96.1169354838709 95.1542756800948 90.8556470194714 99.0164170506908 96.1255202913646 98.8117288538723 93.2716757098256 61.5884681135726 74.2997528616017 82.7281105990757 99 96.0049520588708 90.0861918388602 87.2623940835453
89.303255537387 92 90.8317229076852 87.1766017541254 93.7370205886728 92.8983202021704 94 92 91.4015998959419 93.1634736881225 92 91.9482681730339 93.0434071651554 94 93.2949308755765 89.6866359446999 94.7151776423363 89.5923424260449 91.6985283187152 89.6253995094404 88.7282592537531 90 91.1350806451612 92.2949308755765 92 92 92.8799148951977 87.6338821168434 90.7853519399434 95.6296082949312 93.7050691244235 96.1147614092466 82.0480804965061 86.8364798572914 94.8233053367023 95.3511130518801 86.9210736583917 95.5584677419355 100 96.0223632376973 82.8786699122912 99.1980080273529 76.5067359149698 64.321261334919 95.7770179872152 96.0174576334177 89.9887672811059 80.1277408205734 75.4429723502304 83.0303255537386 78.2949308755765
-9999 -9999 93.570564516129 93 92.9192154749518 92.2700869629844 90.9000576036861 91 92.0563308309796 92 91.827514122194 95.8245967741932 92.8846997175562 92.2165898617511 86.2680150884491 91.265552995392 93.2360171696146 92 91.9604485654826 88.7439237401517 89.6179110301771 86.3003010257173 93 91.1279359298349 94.8248940835442 95 93 89.7097982012779 89.886901664932 92 95 89.1323119518358 91.7834101382489 93 95.1139716812844 99 99.4153969079834 97.8790415489818 95.9104820127844 95.8535658540198 100 90.8442470640681 66.0278170060948 73.5668202764979 84.2746673851646 72.6284190575282 60.2730414746545 72.7834101382489 74.6978686635944 71.2971421138692 67.8085234874386
-9999 -9999 -9999 93 93.9484354095439 94.0476624052323 92 91.1382488479257 92.0359558495613 92 92.8899026311881 92.8617511520743 92 93.3597071502881 88.2514122194134 94.1296082949303 93.9657258064521 92 93.1351828452499 91.1816838858326 83.7235023041486 83.8469785937274 89 88.8818474059758 87.2764976958514 90.1893767652745 91 83.752833729744 80.7582874981407 75.5631689460374 76.9672309350372 73.5861825479424 70.5555875576035 77.414746543777 85.5967556117111 87.8617511520743 97.0649435112231 99.5423015460087 94.3576074030013 96.1382488479257 76.5840177642325 97.9071837371789 78.2901553441344 66.4114761409206 62.9662739705666 60.5697004608282 71 75.9779805262378 74.2179184629093 64.9074253010226 65.0636520737321
-9999 -9999 -9999 -9999 -9999 92.9400921658979 93.9211294038938 92.728965363461 92 92.2318548387099 91.0477088598193 91.9400921658979 92 91.9928738665081 92.8548015460087 88.1875000000013 93.0921287349489 91.0534971012352 81.1211442693637 80.1671993459207 82 86.9400921658979 91.9248271889409 88.9303088300869 91.9885257172586 92.2197580645162 93.7817284822363 86.3361175115217 86.0364761409251 80.0998866508113 76.742260665974 92.9400921658979 86.8684963579582 99.033215028988 88.4107421584648 96.9739575590903 99.5302419354846 99.4150810167977 79.6572766463484 77.5918500074331 76.1493236212268 73.389382339825 79.3633398989166 74.6679147465432 61.2439516129026 69.9788631633712 61.8012672811059 70.7304519102122 70 61.6930188048158 68.2556024230725
-9999 -9999 -9999 -9999 -9999 -9999 -9999 81.3382915861405 91 83.3129831276931 91 84.9844470046025 79.1813308309763 84.0184331797218 95.0890534413552 96.9976958525348 95.036234577074 93 91 78.9689590456352 85.0509513899164 87.9835364947243 84.6250185818259 95.9815668202782 79.8488646499136 68.271006763783 72.0045711312616 69.9815668202783 73.9687453545444 82.3080961052499 86.3608870967744 90.3819403151489 99.0076928794404 98 99.9631336405565 87.4785101085212 89.5043946038312 76.5622955998212 87.1733870967744 80.3737457261785 67.6918667310793 71.6898041474641 73.0110747733006 70.9815668202783 69.7605451910215 59.2117492938904 64.1725230414761 61.9941281403306 72.2436635944714 61.1174650661497 66.1640125613116
-9999 -9999 -9999 -9999 -9999 -9999 -9999 -9999 -9999 89.4029656607682 80.3774713839723 81.734716441212 75.8826742976013 80.4715140478623 85.1203824141501 91 94.0591831425593 94 95.9032258064527 95.8577003121759 89.0062434963541 92.0864334027045 83.0383064516139 81.7859651404776 86.0205515088418 83.3969823100943 88.1935483870946 92.7237903225804 94.2371227887629 89.1613553589992 89.2910379812704 89.4926508844965 90.3205645161305 97 96.4752861602506 96.6659079084331 62.4242976066596 71.7745837669057 77.1935483870946 71.4445889698219 75.8755202913645 60.6700052029139 62.9709287200836 63.411550468263 66.5846774193524 61.2219042663916 65.4556451612901 59.9186394380862 58.8943158168573 67.7503902185148 59.9104448491165
-9999 -9999 -9999 -9999 -9999 -9999 -9999 -9999 -9999 -9999 90.6569143005821 90.6713059313252 90 92.2104485654791 92.8248847926289 91.3908410138211 78.8188828601183 79.5253456221134 91.762236137954 84.3826742976131 91.8897446855977 94.1751152073711 95.8248847926289 85.5674334770336 93.842007953024 93.5131373569259 80.2185409543603 90.9516314850607 92.7212817749403 94.0406849264196 91.5717909172062 88.4261929537655 83.1271647837016 63.5426546008614 74.2589471532665 74.4148115802005 72.7271350527684 78.231957038796 75.4133064516128 80.0745967741966 70.2710996729568 61.2710810911257 60.2976252415602 65.0493998067516 62.5087427530809 67.9216125315878 62.857718894011 63.8248847926289 59.847833358111 65.704056414452 60.3632934443244
-9999 -9999 -9999 -9999 -9999 -9999 -9999 -9999 -9999 -9999 -9999 -9999 82.2769343689603 73.4818641296289 69.0355656310397 71.6998847926262 59.5017745651845 91.2534562211984 93.515264976958 92.0127750111491 95.4670544076115 93 86.1008436152816 92.7879348149247 84.6035565631031 73.6161829195777 89.6782183737172 73.0227534562213 73.3044354838714 77.4277073732724 80.6869982904706 94.7465437788017 97 70.6990207373279 85.2925895644425 77.3737550170952 80.0451538575899 74.133826371339 67.1487011297757 66.5991898320202 68.3937490709073 66.4073788464391 64.5069124423967 66.0689850602052 63.817879441059 62.4522353946786 61.4006336405527 62.8254608294916 61 62.0767615579008 76.7465437788017
-9999 -9999 -9999 -9999 -9999 -9999 -9999 -9999 -9999 -9999 -9999 -9999 -9999 -9999 94.3016946632966 93 93 92.6682027649778 95.3317972350222 92.0336795748477 90.0260888954957 84.6429965066142 88.6193975769276 91.2822209008492 93 92.8140330013385 73.2479838709675 81.3351326742986 92.8498959417236 85.7794429166062 99.4270570090684 98 95.4173387096778 85.6295246766759 67.1047829641731 81.9950107774624 68.839527278131 76.5931971904243 69.1973669540667 66.3822469154133 73.0250576036872 60.7568659878084 64.6008064516128 66.0306878995099 64.5861360933558 63.42783744611 61.2301267281111 64.3853779545108 61.6978222090109 62.6336126802446 62.5688549873652
-9999 -9999 -9999 -9999 -9999 -9999 -9999 -9999 -9999 -9999 -9999 -9999 -9999 -9999 -9999 91.6154953917054 92.0342741935479 90.0060483870962 90 89 91 84.1260591645609 75.9718113572176 93 87.2700869629862 93.5397651256131 83.4929110301778 92.1797235023045 96.3590010405832 72.6693548387094 94.573760591646 93.1243682176294 94.1648766166168 69.0923238442088 83.1943195332241 69.7997900252719 75.1797235023046 66.1483294930877 65.1383510480153 67.7477980526236 67.620633268916 65.2162925524007 80.8202764976955 75.9894362271451 67.5021740746249 61.6248792180767 66.25 71.7467760517333 66.1832261780875 66.4101382488477 63.9119313958676
-9999 -9999 -9999 -9999 -9999 -9999 -9999 -9999 -9999 -9999 -9999 -9999 -9999 -9999 -9999 -9999 -9999 85.4945276497694 95 92.463858332095 92.4713003567708 81.6159134829788 92.4915917199349 93 86 81.5958265199947 85.8788650215549 84.9687360636225 99.6955645161286 98.1624981418167 98.8237141370594 91.0766314850609 79.2269027798419 82.7092964917487 67.265395049798 65.2527594024077 73.5302419354846 72.2988609335524 75.7134123680687 74.3145440017839 75 75.0147911401816 63.9838802586598 64.1329530251227 63.37493496358 63.2980619146727 67.4343317972339 71.4106771220464 66.6425691244233 64 73.1110357514495
-9999 -9999 -9999 -9999 -9999 -9999 -9999 -9999 -9999 -9999 -9999 -9999 -9999 -9999 -9999 -9999 -9999 -9999 -9999 92.8949290173937 87.9109279768111 92 94 89.8148691838861 82.9827003121796 85.8754366731085 90.8718132153978 82.0675170952889 98.2216998662101 91.9544001783861 88.2045581239779 92.3023821911745 89.4807027649783 86.3142652742673 76.112206407017 73.7177326445671 80.2558904415057 74.0746339378617 90.5668202764971 85.4697116099302 77.6354522818495 61.3664337743409 62.7763769139296 65.4331797235029 68.6966887171121 61.7842741935487 73.8937211981568 65.5455347851937 76.1310483870966 62.6251022000884 71.3585829493093
-9999 -9999 -9999 -9999 -9999 -9999 -9999 -9999 -9999 -9999 -9999 -9999 -9999 -9999 -9999 -9999 -9999 -9999 -9999 -9999 93.8427419354838 92.0689386056193 95 84.8946409989595 74.9691727367336 64.5321279916752 80.41603798127 79.1447060353798 96.0055280957333 88.7075312174819 100 69.2510405827265 66 74.4870577523412 74.9322320499477 74.8218652445369 76.0517689906352 71.365764828304 67.9178590010405 63.2600806451619 74.2282127991676 72.6713709677423 68.5930020811655 65.4338579604578 63.9598074921967 62.7096123829348 61.7096774193547 71.1592741935474 63.7663891779401 65.2336758584801 77.19406867846
-9999 -9999 -9999 -9999 -9999 -9999 -9999 -9999 -9999 -9999 -9999 -9999 -9999 -9999 -9999 -9999 -9999 -9999 -9999 -9999 -9999 -9999 94 86.5323509736886 84.2444904861018 70.905790099599 75.9991545265379 95.4475806451607 95.9223093503796 98.3346774193547 82.0980563401213 75.5495670432586 84.140841013826 79.9254682622268 69.2385721718436 73.4968689609035 74.5726085179109 75.7286494722763 75.1479764382352 66.5100713542433 62 64.6002118329144 63.3595584956138 65 63.5536922104968 61.7842741935487 65.5878456221204 73.1592741935474 61.5924539170516 72.1028225806449 75.7441281403307
-9999 -9999 -9999 -9999 -9999 -9999 -9999 -9999 -9999 -9999 -9999 -9999 -9999 -9999 -9999 -9999 -9999 -9999 -9999 -9999 -9999 -9999 -9999 -9999 97.770514345175 82.9348520885983 88.4046194440297 95 97.1929723502293 99.6673387096774 62.5124684108812 68.5101642634165 82.6324513155915 74.3562788018425 74.198156682028 81.004032258065 76.1050709826077 73 70.1811635944712 71.9236936970418 74.8411531886425 73.5411308904418 65.0595269064963 64.9824215846589 64.3454270105543 70.4566299985135 66.198156682028 75.166595436302 70.801843317972 60.2677177790983 75
-9999 -9999 -9999 -9999 -9999 -9999 -9999 -9999 -9999 -9999 -9999 -9999 -9999 -9999 -9999 -9999 -9999 -9999 -9999 -9999 -9999 -9999 -9999 -9999 -9999 -9999 95.0901033149989 98.033094247064 96.7390738813737 90.7871543778796 63.8711071056939 71.4475434814949 77.1198156682022 66.3921789059022 73.4162145086945 77.3822004608302 77.2404210643662 76.4915545562661 76.6362141370595 74.2023004310997 70.8731882711488 72.7603686635955 72.9161773450278 72.0326111193695 66.4507395570105 75.7411457559077 69.0665322580618 66.4214452950827 63.244100267577 65.7896815073591 79.6017076705826
-9999 -9999 -9999 -9999 -9999 -9999 -9999 -9999 -9999 -9999 -9999 -9999 -9999 -9999 -9999 -9999 -9999 -9999 -9999 -9999 -9999 -9999 -9999 -9999 -9999 -9999 -9999 97.8586479857305 99 89.2793221346801 74.0265069867702 64.6270254199495 76.7999108071947 87.9815203656902 76.0917199345932 87.5020161290325 76.5082503344734 81.5121432287788 71.1470194737607 70.6818975769305 63.0296008621976 66.1522688419826 71.9460662256569 63.2721774193547 61.7145737327189 72.4550319607549 62.7865783410134 82.2290118180469 68.0360394678169 75.8755760368643 72.1866452356195
-9999 -9999 -9999 -9999 -9999 -9999 -9999 -9999 -9999 -9999 -9999 -9999 -9999 -9999 -9999 -9999 -9999 -9999 -9999 -9999 -9999 -9999 -9999 -9999 -9999 -9999 -9999 -9999 -9999 93.9753976512562 95.6288557306376 86.6252322729297 85.8346774193556 85.574875501709 80.9825330756653 78.018507507061 71.9826817303405 72.5790564144491 74.9478965363463 72.0226698379663 73.9394232198605 72.9383826371342 73.0257915861453 71.0100341905753 60.9172736732574 71.3945852534557 86.2474078341011 78.7846086665686 75.1582521926562 79.2174074624638 77.1464434368962
-9999 -9999 -9999 -9999 -9999 -9999 -9999 -9999 -9999 -9999 -9999 -9999 -9999 -9999 -9999 -9999 -9999 -9999 -9999 -9999 -9999 -9999 -9999 -9999 -9999 -9999 -9999 -9999 -9999 -9999 -9999 93.6557157722609 83.4173387096778 87.3303571428572 85.060623234726 78.4401479114014 77.3456221198167 73.0391240523262 79.0189163074173 79.3185669689325 70.2598669540655 72.4788167087852 66.237996134978 68.3193009513897 72.028105024528 69.809127397057 79.3315092165903 75.7071688717117 90.3065259402404 87.0118459194292 82.6863943808525
-9999 -9999 -9999 -9999 -9999 -9999 -9999 -9999 -9999 -9999 -9999 -9999 -9999 -9999 -9999 -9999 -9999 -9999 -9999 -9999 -9999 -9999 -9999 -9999 -9999 -9999 -9999 -9999 -9999 -9999 -9999 -9999 85.3891129032263 88.3366935483885 87.3326612903237 83.1108870967756 73.0909209157123 70.0943028095734 62.6941987512978 71.5403876170666 82.3568548387094 84.3949661810609 78.1354058272627 74.5176248699281 71.9559703433931 79.1935483870959 79.3508064516114 73.4176638917817 85.211368366285 86.0488423517205 84
-9999 -9999 -9999 -9999 -9999 -9999 -9999 -9999 -9999 -9999 -9999 -9999 -9999 -9999 -9999 -9999 -9999 -9999 -9999 -9999 -9999 -9999 -9999 -9999 -9999 -9999 -9999 -9999 -9999 -9999 -9999 -9999 -9999 -9999 86.0763341757107 82.9093020662997 73.5302419354846 80.5437788018427 79.6990671919131 86.9375092909169 82.8743217630438 84.9068121004905 85.0531626282143 81.57981826966 72 83.2454753233245 81.0843894009214 85.5394771071813 86.3673071205585 85 83.0340326297013
