rasterData/Algeria_bio10.asc
NCOLS 248 
NROWS 217 
XLLCORNER -8.682385214 
YLLCORNER 18.975561136 
CELLSIZE 0.0832711529596774 
NODATA_value -3.4e+38 
[rows 0 to 20 of 217, columns 141 to 187 of 248]
-3.4e+38 -3.4e+38 -3.4e+38 -3.4e+38 -3.4e+38 -3.4e+38 -3.4e+38 -3.4e+38 -3.4e+38 -3.4e+38 -3.4e+38 -3.4e+38 -3.4e+38 -3.4e+38 -3.4e+38 -3.4e+38 -3.4e+38 -3.4e+38 -3.4e+38 -3.4e+38 -3.4e+38 -3.4e+38 -3.4e+38 -3.4e+38 -3.4e+38 -3.4e+38 -3.4e+38 -3.4e+38 -3.4e+38 -3.4e+38 -3.4e+38 -3.4e+38 -3.4e+38 -3.4e+38 -3.4e+38 -3.4e+38 -3.4e+38 -3.4e+38 -3.4e+38 21.4374542236328 21.7351665496826 22.9330005645752 -3.4e+38 -3.4e+38 -3.4e+38 -3.4e+38 -3.4e+38
-3.4e+38 -3.4e+38 -3.4e+38 -3.4e+38 -3.4e+38 -3.4e+38 -3.4e+38 -3.4e+38 -3.4e+38 -3.4e+38 -3.4e+38 -3.4e+38 -3.4e+38 -3.4e+38 -3.4e+38 -3.4e+38 -3.4e+38 -3.4e+38 -3.4e+38 -3.4e+38 -3.4e+38 -3.4e+38 -3.4e+38 -3.4e+38 -3.4e+38 -3.4e+38 -3.4e+38 -3.4e+38 -3.4e+38 -3.4e+38 -3.4e+38 -3.4e+38 -3.4e+38 -3.4e+38 -3.4e+38 -3.4e+38 -3.4e+38 -3.4e+38 22.4528369903564 21.6106662750244 22.0911674499512 23.5614032745361 23.047456741333 22.8512496948242 -3.4e+38 -3.4e+38 -3.4e+38
-3.4e+38 -3.4e+38 -3.4e+38 -3.4e+38 -3.4e+38 -3.4e+38 -3.4e+38 -3.4e+38 24.2457809448242 24.3166656494141 24.4776420593262 23.841983795166 24.07200050354 23.7430725097656 23.8988094329834 23.9564819335938 23.8571434020996 23.9710388183594 23.7631149291992 23.983606338501 23.5450000762939 -3.4e+38 -3.4e+38 -3.4e+38 -3.4e+38 -3.4e+38 -3.4e+38 -3.4e+38 -3.4e+38 -3.4e+38 -3.4e+38 -3.4e+38 -3.4e+38 -3.4e+38 -3.4e+38 -3.4e+38 24.1040325164795 22.9246292114258 23.1333332061768 22.4718341827393 22.2901668548584 23.388500213623 23.4016666412354 22.6176662445068 22.7960014343262 23.4908046722412 23.896297454834
-3.4e+38 -3.4e+38 24.2877979278564 -3.4e+38 -3.4e+38 24.1450347900391 24.6397590637207 24.9640007019043 24.9641666412354 25.2724990844727 24.9968338012695 25.0970001220703 24.841667175293 25.283166885376 24.9355010986328 23.8841667175293 23.6599998474121 23.3626670837402 23.15283203125 23.7561664581299 23.59716796875 23.2118339538574 23.6201152801514 23.8634757995605 -3.4e+38 -3.4e+38 -3.4e+38 -3.4e+38 -3.4e+38 -3.4e+38 -3.4e+38 24.1041660308838 24.8627185821533 25.1101264953613 24.4467010498047 22.5516662597656 23.8261661529541 23.5809993743896 24.0608329772949 23.5960006713867 22.6223335266113 23.7298336029053 24.0356674194336 23.3891658782959 23.5370006561279 24.0183334350586 23.9804992675781
24.8591403961182 24.6646461486816 24.6569995880127 24.7198333740234 24.5056667327881 24.2765007019043 25.0841674804688 25.4578323364258 24.8990001678467 25.0214996337891 26.1146659851074 26.1235008239746 26.2636661529541 26.2714996337891 25.9990005493164 25.0065002441406 23.1281661987305 22.8196678161621 22.4156665802002 23.5226669311523 23.8951663970947 24.2708339691162 24.378999710083 24.178955078125 -3.4e+38 -3.4e+38 -3.4e+38 -3.4e+38 -3.4e+38 23.4200000762939 22.3915004730225 22.5903339385986 23.4565010070801 23.6366672515869 23.4270000457764 22.4446659088135 22.5520000457764 22.9685001373291 23.4063339233398 23.8894996643066 23.280834197998 23.1420001983643 24.0116672515869 24.0799999237061 24.5741672515869 24.6440010070801 24.3748340606689
24.861499786377 24.6416664123535 24.5288333892822 24.5566673278809 24.0815010070801 24.2709999084473 24.5848331451416 25.0961666107178 24.8791656494141 25.4208335876465 25.5598335266113 25.1451663970947 25.4688339233398 24.6959991455078 24.4181671142578 25.4775009155273 24.4211673736572 22.103832244873 23.1961669921875 24.9029998779297 24.8553333282471 25.1396675109863 24.2798328399658 23.5628337860107 23.5471668243408 23.8425712585449 23.7237377166748 23.6761913299561 22.8659782409668 22.4918346405029 21.8776664733887 21.4458332061768 22.324333190918 22.1346664428711 21.4598331451416 21.6261672973633 21.5486660003662 22.2043323516846 23.7379989624023 22.755500793457 22.378833770752 22.4813346862793 23.8503341674805 24.2233333587646 24.5318336486816 24.3738327026367 23.5816669464111
24.2743339538574 23.7469997406006 23.7826671600342 23.7686672210693 24.0456657409668 24.5951671600342 24.9740009307861 25.1646671295166 25.1195011138916 25.6703338623047 25.6943321228027 25.253833770752 25.2391662597656 25.0214996337891 24.2046661376953 23.8159999847412 23.5018329620361 23.9246673583984 25.996166229248 25.140832901001 24.1971664428711 24.4481658935547 24.0903339385986 23.2096672058105 22.8889999389648 22.7215003967285 23.2466659545898 22.8843326568604 21.412166595459 22.5833339691162 21.8199996948242 21.4629993438721 22.2436676025391 22.7236671447754 23.0028343200684 22.7229995727539 23.2674999237061 23.9308338165283 24.4538326263428 23.8238334655762 23.4131660461426 23.6124992370605 23.523832321167 23.3978328704834 23.5473327636719 23.7008323669434 23.7003326416016
22.829833984375 23.1494998931885 23.671501159668 23.7116661071777 24.496166229248 24.5816669464111 24.8023338317871 25.128833770752 25.4023342132568 24.9120006561279 24.3051662445068 22.5551662445068 22.1816673278809 22.458667755127 22.9074993133545 23.1443328857422 25.0116672515869 26.6830005645752 26.1371669769287 25.6508331298828 25.0335006713867 24.3024997711182 24.3716659545898 24.494499206543 24.3063335418701 24.3811664581299 24.3233337402344 23.8823337554932 23.2035007476807 23.4444999694824 23.4763336181641 23.5930004119873 23.1326675415039 23.5673332214355 23.3665008544922 24.2620010375977 25.0401668548584 24.2565002441406 24.2075004577637 24.7583332061768 24.4903335571289 24.3904991149902 23.7236671447754 22.7355003356934 22.0476665496826 22.5533332824707 22.7978343963623
22.6668338775635 23.5745010375977 24.5646667480469 24.8330001831055 24.550666809082 24.4153327941895 24.6236667633057 24.6935005187988 25.1136665344238 25.4191665649414 25.8514995574951 26.0984992980957 26.219165802002 26.3206672668457 26.6165008544922 27.0130004882812 26.8876667022705 26.6485004425049 26.2980003356934 25.4933338165283 25.8276672363281 24.5153331756592 24.7176666259766 24.954833984375 24.49049949646 24.4689998626709 23.9738330841064 23.566499710083 23.4810009002686 23.630500793457 23.6833343505859 23.3409996032715 22.9376659393311 23.2568340301514 23.341667175293 23.4353332519531 23.5648326873779 23.1126670837402 22.3964996337891 23.1186676025391 23.7141666412354 23.896333694458 23.8193340301514 22.720666885376 22.4061660766602 23.1218338012695 23.2516670227051
23.8194999694824 24.3493328094482 24.4731674194336 24.9595012664795 25.1604995727539 25.0656661987305 24.8718338012695 24.9638328552246 25.2150001525879 25.4698333740234 26.1371669769287 26.5776672363281 26.6744995117188 26.9171676635742 26.978666305542 27.2408332824707 25.6940002441406 25.091833114624 24.8268337249756 25.054500579834 25.2924995422363 23.8268337249756 24.0508327484131 24.2878341674805 23.9553337097168 23.5121669769287 23.3871669769287 22.7686672210693 22.8525009155273 22.5286674499512 23.4703330993652 22.5090007781982 22.2755012512207 22.7080001831055 22.5454998016357 22.3091659545898 22.2963333129883 22.6919994354248 23.0326671600342 22.8746662139893 23.2278327941895 23.9118328094482 24.1183338165283 24.2438335418701 23.4616661071777 22.744499206543 23.0839996337891
24.5568332672119 24.4028339385986 24.6828327178955 24.8179988861084 24.5443344116211 24.4196662902832 24.1981658935547 24.6776657104492 24.8824996948242 25.0773334503174 25.6893329620361 25.6478328704834 25.2773323059082 25.175666809082 25.9076671600342 27.2000007629395 26.6348342895508 25.4056663513184 24.7921676635742 25.2318344116211 25.5231666564941 25.6586666107178 25.0616664886475 25.0433330535889 25.1711673736572 24.845666885376 24.3641681671143 24.0501670837402 23.2948341369629 22.7915000915527 23.2108325958252 22.72483253479 22.0513324737549 22.1669998168945 22.1650009155273 22.5410003662109 22.9198341369629 23.1313323974609 23.3956661224365 23.8518333435059 23.7361679077148 23.9191665649414 24.1578330993652 24.5351657867432 24.1468334197998 23.841833114624 23.6103324890137
23.5741672515869 23.9038333892822 23.6599998474121 23.6391658782959 22.8645000457764 22.9926662445068 22.8269996643066 23.8603324890137 24.3773326873779 24.4791660308838 25.257833480835 25.1693344116211 24.96266746521 25.128999710083 26.5734996795654 27.3893337249756 26.1961669921875 25.5195007324219 24.5066661834717 24.8763332366943 25.0986671447754 25.5370006561279 25.208833694458 25.0139999389648 25.1143341064453 24.9629993438721 24.7273330688477 24.2910003662109 23.83766746521 23.3955001831055 23.2021656036377 22.9616661071777 22.6563320159912 22.6280002593994 22.8011665344238 22.9026660919189 23.1840000152588 23.3616676330566 23.4659996032715 24.0540008544922 24.0454998016357 23.935998916626 24.1513347625732 24.0634994506836 24.0981674194336 23.9458332061768 23.6613330841064
23.219165802002 23.4323329925537 22.9799995422363 23.19700050354 23.2351665496826 23.7623329162598 23.5200004577637 23.9353332519531 24.4513320922852 24.2176666259766 25.0233325958252 24.9916667938232 24.0634994506836 24.4174995422363 26.1031665802002 26.2193336486816 24.0193328857422 24.4535007476807 25.5443325042725 25.9389991760254 25.8628330230713 25.2841663360596 24.9406661987305 24.8846664428711 25.0013332366943 24.9106674194336 24.7343330383301 24.2884998321533 23.8136672973633 23.3593330383301 23.1808338165283 23.0550003051758 22.861499786377 22.636833190918 22.6928329467773 22.8108329772949 23.0349998474121 23.5278339385986 23.8126659393311 23.7395000457764 24.0854988098145 24.6243324279785 24.7480010986328 22.6719989776611 24.1119995117188 24.829833984375 24.5750007629395
22.9354991912842 22.2146663665771 22.4710006713867 23.0516662597656 24.0745010375977 24.8379993438721 25.2731666564941 25.6159992218018 25.6703338623047 25.9896659851074 26.013500213623 26.4443340301514 26.0896663665771 26.296667098999 26.1230010986328 26.0960006713867 25.6215000152588 25.6978321075439 26.6551666259766 26.423999786377 25.5808334350586 25.058500289917 23.8334999084473 24.1978340148926 24.0633335113525 24.2058334350586 24.4925003051758 24.1663341522217 23.6556663513184 23.4518337249756 23.2616672515869 22.9270000457764 23.0360012054443 22.875 22.77516746521 22.5359992980957 23.0076675415039 23.3861675262451 23.5804996490479 23.6941661834717 23.6451663970947 24.7071666717529 24.9898338317871 24.2185001373291 24.7456665039062 24.3358345031738 24.0343341827393
23.0113334655762 22.4606666564941 23.2276668548584 23.9061660766602 24.3108329772949 24.6025009155273 25.7163333892822 26.060998916626 26.6989994049072 26.8930015563965 27.1841659545898 27.554500579834 27.8173332214355 27.4943332672119 26.96266746521 27.4195003509521 27.3553333282471 27.1510009765625 27.0340003967285 23.8726654052734 22.3126678466797 22.7143325805664 22.3126659393311 22.1084995269775 22.3559989929199 22.4571666717529 23.791166305542 23.3221664428711 22.8818340301514 23.1878337860107 22.8478336334229 22.4090003967285 21.9351673126221 22.4611663818359 22.4616661071777 22.9729995727539 23.58766746521 23.9803333282471 24.4500007629395 24.7151679992676 25.0275001525879 25.2249984741211 25.0524997711182 25.0126667022705 24.8756675720215 24.7006664276123 24.8958339691162
23.7063331604004 23.5713329315186 24.0508327484131 24.6324996948242 25.0069999694824 25.5121669769287 26.132833480835 26.6871662139893 27.1371650695801 27.5620002746582 27.9759998321533 28.3391666412354 28.5928325653076 28.8174991607666 28.9305000305176 29.007833480835 28.9723339080811 28.8468341827393 28.2413330078125 26.7076663970947 26.4656677246094 24.7241668701172 24.0810012817383 23.7031669616699 22.7886657714844 23.0621662139893 22.9300003051758 21.7495002746582 21.9020004272461 22.3050003051758 21.5984992980957 20.9829998016357 20.5906658172607 21.8361663818359 22.1353340148926 22.5100002288818 23.5236663818359 24.265832901001 24.8754997253418 25.1838321685791 24.7346668243408 25.0018329620361 24.9085006713867 25.4986667633057 25.6673336029053 25.7133331298828 25.8746662139893
24.1389999389648 24.2108325958252 24.4219989776611 24.8619995117188 25.2690010070801 25.7798328399658 26.3584995269775 26.9001655578613 27.3583335876465 27.8181667327881 28.27516746521 28.7268333435059 29.1061668395996 29.3935012817383 29.6669998168945 29.7991676330566 29.7846660614014 29.7031669616699 29.5464992523193 29.2286682128906 28.7890014648438 28.2786674499512 27.6276664733887 26.7181663513184 25.2566661834717 23.220832824707 21.8134994506836 21.8269996643066 21.5026664733887 20.7806663513184 21.6735000610352 21.093334197998 21.2116661071777 21.6564998626709 21.4365005493164 20.8326663970947 21.644832611084 23.6346664428711 24.2901668548584 24.9489994049072 24.7501659393311 24.9945011138916 25.3803329467773 25.5443344116211 25.4968338012695 25.2281665802002 25.9724998474121
24.2778339385986 24.2196674346924 24.5828342437744 25.0326671600342 25.4118328094482 25.7981662750244 26.2523326873779 26.765832901001 27.3038330078125 27.7730007171631 28.22483253479 28.8040008544922 29.328332901001 29.6736679077148 30.0338325500488 30.1888332366943 30.2478332519531 30.224666595459 30.056999206543 29.8503341674805 29.6601676940918 29.2748336791992 28.6863327026367 28.3105010986328 27.5405006408691 26.6556663513184 25.7098331451416 24.7884998321533 23.5988330841064 22.7490005493164 22.9633331298828 21.7861671447754 20.9066677093506 20.593334197998 20.5976657867432 20.1601676940918 20.232666015625 21.6935005187988 22.8374996185303 23.1995010375977 22.1300010681152 23.8083343505859 25.200834274292 25.4198341369629 25.7678337097168 26.0828323364258 26.2938346862793
24.1534996032715 24.3634986877441 24.6438331604004 24.9503345489502 25.2853336334229 25.6611671447754 26.0509986877441 26.5801658630371 27.3381671905518 27.8448333740234 28.441333770752 28.8530006408691 29.5599994659424 30.0974998474121 30.3911666870117 30.5438327789307 30.5461654663086 30.5303325653076 30.4101657867432 30.2643337249756 30.128833770752 29.8945007324219 29.4915008544922 29.1554985046387 28.7923336029053 28.1568336486816 27.1634998321533 25.5001678466797 25.2719993591309 24.8748340606689 22.7485008239746 20.6359996795654 19.7098331451416 19.1123332977295 19.2888336181641 19.9204998016357 21.1656665802002 21.8778343200684 22.3096675872803 22.65016746521 23.5951671600342 24.3368339538574 24.449499130249 25.2353343963623 25.6828327178955 26.0028324127197 26.1364994049072
24.0728321075439 24.3756675720215 24.6025009155273 24.7038326263428 24.8951663970947 25.181999206543 25.4791660308838 26.2298336029053 27.1258335113525 27.5639991760254 28.014331817627 28.4276657104492 29.5261669158936 30.4291667938232 30.6921672821045 30.8540000915527 30.8939990997314 30.9483337402344 30.7386665344238 30.5080013275146 30.3153343200684 30.0535011291504 29.9583339691162 29.6598339080811 29.3374996185303 28.9589996337891 28.4370002746582 27.5030002593994 26.7259998321533 24.8603324890137 21.900333404541 20.1656665802002 19.6568336486816 19.5953330993652 19.8798332214355 20.6231670379639 20.1388339996338 20.0648345947266 21.1046676635742 21.9759998321533 23.1656665802002 23.5951671600342 23.7991676330566 23.9979991912842 23.3131675720215 22.8876667022705 24.5314998626709
24.1319999694824 24.3358325958252 24.4563331604004 24.5443325042725 24.3746662139893 24.6008338928223 25.4051666259766 26.2388343811035 26.6650009155273 26.6921653747559 27.1195011138916 26.8451671600342 29.1851673126221 30.5951652526855 30.6846656799316 30.7868328094482 30.9099998474121 30.892333984375 30.8349990844727 30.5808334350586 30.3231658935547 30.2563323974609 30.2401657104492 29.9748344421387 29.7154998779297 29.4606666564941 29.1801662445068 28.4476661682129 27.1445007324219 25.7501659393311 24.0723323822021 21.7498340606689 20.3406658172607 19.646333694458 19.9581661224365 20.6213340759277 19.7259998321533 18.8969993591309 18.2345008850098 19.6048336029053 19.8978328704834 20.6429996490479 20.4703330993652 19.7154998779297 20.7983341217041 19.5296669006348 19.4985008239746
