rasterData/Algeria_bio8.asc
NCOLS 248 
NROWS 217 
XLLCORNER -8.682385214 
YLLCORNER 18.975561136 
CELLSIZE 0.0832711529596774 
NODATA_value -3.4e+38 
[rows 63 to 83 of 217, columns 141 to 187 of 248]
16.1561660766602 16.3821659088135 12.9261665344238 12.8769998550415 12.9409999847412 16.3388328552246 13.1929998397827 12.6033334732056 16.5511665344238 12.5924997329712 12.6665000915527 12.7653331756592 12.8116664886475 12.7958335876465 12.7681665420532 12.7490005493164 12.7856664657593 12.8086671829224 12.791166305542 12.7641668319702 12.7271661758423 12.6946668624878 12.6786670684814 12.6856670379639 12.5983333587646 12.7283334732056 12.8753337860107 12.9358329772949 12.9091663360596 12.8953332901001 12.9096670150757 12.9064998626709 13.0854997634888 13.2089996337891 13.2294998168945 13.3245000839233 14.2985000610352 14.3521661758423 14.3471670150757 14.3938341140747 14.4258337020874 14.4013338088989 14.3933334350586 14.4066667556763 14.4206666946411 14.4506664276123 14.4751663208008
13.0144996643066 12.279167175293 12.3964996337891 12.4381666183472 12.4513330459595 12.5548334121704 12.6253337860107 12.7011661529541 12.6261672973633 13.4178333282471 12.6481666564941 12.7953329086304 12.8728332519531 12.8660001754761 12.8051671981812 12.8055000305176 12.8676662445068 12.8476667404175 12.8444995880127 12.8575000762939 12.8686666488647 12.9016666412354 12.8798332214355 12.8308334350586 12.796667098999 12.9008331298828 12.9994993209839 12.9724998474121 12.9980001449585 13.0218334197998 13.0091667175293 13.0531663894653 13.2084999084473 14.1471662521362 14.1293334960938 14.3246669769287 14.4934997558594 14.4543333053589 14.4141674041748 14.4336671829224 14.5108327865601 14.5203332901001 14.4808330535889 14.4905004501343 14.5113334655762 14.5150003433228 14.5321664810181
12.9821662902832 12.0976667404175 12.2073335647583 12.408166885376 12.5646667480469 12.570333480835 12.7276668548584 12.8275003433228 12.6901664733887 12.6928329467773 12.7448329925537 12.8591661453247 12.9079999923706 12.9271669387817 12.8741664886475 12.8593339920044 12.9233331680298 12.8836669921875 12.9208335876465 12.9984998703003 12.9803333282471 13.0063333511353 12.9401664733887 12.9049997329712 13.0130004882812 13.0965003967285 13.1145000457764 13.081000328064 13.0668334960938 13.1301670074463 13.114333152771 13.1126670837402 13.2204999923706 14.1464996337891 14.2296667098999 14.4058332443237 14.5445003509521 14.5121660232544 14.4648332595825 14.4963331222534 14.5454998016357 14.5699996948242 14.5471668243408 14.5613327026367 14.5478324890137 14.5438327789307 14.5769996643066
12.804666519165 12.6453332901001 12.8256664276123 13.0451669692993 13.2278337478638 13.4366664886475 13.5923328399658 13.6231660842896 12.6264991760254 12.683666229248 12.7598333358765 12.9051666259766 12.9726667404175 12.9615001678467 12.9394998550415 12.9378328323364 12.9476661682129 12.9441661834717 13.0018329620361 13.0338335037231 13.2056665420532 13.1409997940063 12.9443330764771 12.8758335113525 12.9596662521362 13.0833330154419 13.1695003509521 13.1308326721191 13.1561660766602 13.2148332595825 13.2215003967285 13.1733331680298 13.2800006866455 14.1873331069946 14.3201665878296 14.3365001678467 14.3771667480469 14.438666343689 14.4688339233398 14.5023326873779 14.5441665649414 14.5808334350586 14.5716667175293 14.5808334350586 14.5863332748413 14.6160001754761 14.6304998397827
12.9224996566772 12.8584995269775 12.9060001373291 13.140832901001 13.3251667022705 13.434666633606 13.4954996109009 12.7150001525879 12.7624998092651 16.7961673736572 16.8861675262451 17.0551662445068 17.1025009155273 12.9998340606689 12.9898338317871 12.9715003967285 13.029167175293 12.9949998855591 13.0060005187988 13.1389999389648 13.2493333816528 13.0895004272461 13.0139999389648 12.9843330383301 13.0276660919189 13.1771669387817 13.2130002975464 13.1951665878296 13.2641668319702 13.2946662902832 13.2503337860107 13.2744998931885 13.2985000610352 13.353666305542 14.3553333282471 14.3501672744751 14.4128332138062 14.448166847229 14.4911670684814 14.5334997177124 14.5848331451416 14.6219997406006 14.6416664123535 14.5921659469604 14.6063327789307 14.6398334503174 14.6780004501343
16.1098327636719 16.2509994506836 13.1098337173462 13.2209997177124 13.3471660614014 13.4934997558594 13.4211664199829 12.6188335418701 12.6961669921875 12.7849998474121 12.8844995498657 12.9851665496826 13.0131664276123 13.0600004196167 13.0536670684814 13.0423336029053 13.0301666259766 13.0306663513184 13.0671663284302 13.1496667861938 13.066499710083 13.0041666030884 13.0434999465942 13.1188335418701 13.2218332290649 13.2293329238892 13.3321666717529 13.3339996337891 13.3341665267944 13.3263330459595 13.2573337554932 13.3284997940063 13.3746671676636 13.4128332138062 14.3924999237061 14.4126672744751 14.4594993591309 14.5144996643066 14.5563335418701 14.5836668014526 14.6198329925537 14.6506671905518 14.6284999847412 14.6283330917358 14.679666519165 14.6983337402344 14.7294998168945
12.8606662750244 13.0183334350586 13.083833694458 13.2001667022705 13.3334999084473 13.5103330612183 13.5408334732056 13.4844999313354 12.6963329315186 12.824333190918 12.9456672668457 12.9958333969116 13.0255002975464 13.0968332290649 13.1426668167114 13.1209993362427 13.1149997711182 13.1341667175293 13.143500328064 13.1274995803833 13.0311660766602 12.9876670837402 13.0898332595825 13.2276668548584 13.2511672973633 13.2668333053589 13.4016666412354 13.4066667556763 13.4126663208008 13.313666343689 13.3108339309692 13.3903331756592 13.4215002059937 14.3094997406006 14.4028339385986 14.4624996185303 14.5271663665771 14.5631666183472 14.6198329925537 14.6321668624878 14.59850025177 14.6075000762939 14.6516666412354 14.6986665725708 14.7398338317871 14.7439994812012 14.7553329467773
12.7194995880127 12.8958330154419 13.0256662368774 13.1418333053589 13.3275003433228 12.6398334503174 12.6688327789307 12.6478338241577 12.6878337860107 12.8098335266113 12.9769992828369 13.0363330841064 13.054666519165 13.1695003509521 13.2051668167114 13.1533336639404 13.1604995727539 13.2684993743896 13.3649997711182 13.3008337020874 13.0368328094482 13.0364999771118 13.1465005874634 13.2545003890991 13.2703332901001 13.3514995574951 13.3986663818359 13.3666667938232 13.4329996109009 13.2985000610352 13.3933334350586 13.4045009613037 13.477499961853 14.3249998092651 14.3741664886475 14.4421663284302 14.5206661224365 14.5781660079956 14.617166519165 14.6306667327881 14.6076669692993 14.6481666564941 14.6876668930054 14.7296667098999 14.775333404541 14.7664995193481 14.7839994430542
15.9923334121704 16.0673332214355 12.9084997177124 13.1843338012695 16.7363338470459 16.763500213623 12.5530004501343 12.6083335876465 12.7080001831055 12.8638334274292 13.0053329467773 13.0376663208008 13.081000328064 13.154333114624 13.2163333892822 13.1676664352417 13.1748332977295 13.3556671142578 13.3140001296997 13.1743335723877 13.0804996490479 13.2180004119873 13.2416667938232 13.3116664886475 13.3366670608521 13.4038333892822 13.3728332519531 13.3683338165283 13.4195003509521 13.3264999389648 13.3796672821045 13.4448337554932 13.5156669616699 14.360333442688 14.3636665344238 14.4444999694824 14.5186672210693 14.5979995727539 14.6401662826538 14.6738338470459 14.6715002059937 14.6811666488647 14.7098331451416 14.7361669540405 14.7601661682129 14.7430000305176 14.7773332595825
12.8321666717529 16.1761665344238 16.3409996032715 16.5738334655762 16.6281661987305 16.6235008239746 16.7080001831055 16.7781677246094 12.7255001068115 17.111665725708 17.2408332824707 14.014666557312 14.0340003967285 13.1721668243408 13.2493333816528 13.1805000305176 13.1809997558594 13.2416667938232 13.1774997711182 13.1231670379639 13.1703329086304 13.2755002975464 13.3641662597656 13.3594999313354 13.3675003051758 13.3900003433228 13.3929996490479 13.3296670913696 13.3590002059937 13.3736667633057 13.4318332672119 13.4985008239746 13.5541667938232 13.5648326873779 13.5883331298828 13.6323337554932 14.496000289917 14.5780000686646 14.6763334274292 14.6446666717529 14.6881666183472 14.7053337097168 14.72350025177 14.7396669387817 14.7533330917358 14.7306671142578 14.7971668243408
16.1431655883789 16.3636665344238 16.4465007781982 16.5993328094482 16.7411670684814 16.6568336486816 16.6898345947266 16.7498340606689 16.9071674346924 17.1145000457764 17.2598323822021 17.3351669311523 13.1366662979126 13.201000213623 13.2746667861938 13.1901664733887 13.2333335876465 13.202166557312 13.2170000076294 13.1591663360596 13.2683334350586 13.331166267395 13.4078330993652 13.4034996032715 13.4969997406006 13.4733333587646 13.3923330307007 13.3483333587646 13.3878335952759 13.4265003204346 13.4729995727539 13.541166305542 13.5821666717529 13.5756664276123 13.6018333435059 13.6378335952759 14.4581670761108 14.5621662139893 14.6035003662109 14.6151666641235 14.6928339004517 14.7216672897339 14.7294998168945 14.7576665878296 14.7449998855591 14.7928333282471 14.8478336334229
16.1601676940918 16.3563327789307 16.5088329315186 16.5088329315186 16.5851669311523 16.7315006256104 16.7520008087158 16.8008327484131 16.9208335876465 17.1381664276123 17.2679996490479 17.3131656646729 17.341667175293 13.2086668014526 13.2626667022705 13.2930002212524 13.3354997634888 13.2861661911011 13.2348327636719 13.2708330154419 13.2200002670288 13.3470001220703 13.4013328552246 13.4314994812012 13.5196666717529 13.4724998474121 13.3881664276123 13.3264999389648 13.3836669921875 13.4689998626709 13.5313329696655 13.5423336029053 13.5521659851074 13.5861663818359 13.6038331985474 14.4366664886475 14.4756660461426 14.5166664123535 14.5819997787476 14.5928335189819 14.7054996490479 14.7661666870117 14.753833770752 14.7693328857422 14.7718334197998 14.8161668777466 14.8011665344238
16.3059997558594 16.3918342590332 16.6025009155273 16.5865001678467 16.5555000305176 16.6700000762939 16.7609996795654 16.8489990234375 16.9925003051758 17.1824989318848 17.2689990997314 17.3211669921875 17.3835010528564 17.4581680297852 13.2743339538574 13.3931665420532 13.3369998931885 13.25950050354 13.2583341598511 13.2561664581299 13.3070001602173 13.4079999923706 13.4393329620361 13.4908332824707 13.515832901001 13.418999671936 13.3608331680298 13.3508338928223 13.4390001296997 13.4875001907349 13.5089998245239 13.5353336334229 13.5640001296997 13.5784997940063 13.5866661071777 14.4456663131714 14.5013332366943 14.5179996490479 14.5719995498657 14.6230001449585 14.658166885376 14.7534999847412 14.7508335113525 14.7604999542236 14.8296670913696 14.7776670455933 14.78600025177
16.4321670532227 16.4501667022705 16.582332611084 16.6053333282471 16.6198329925537 16.7054996490479 16.7690010070801 16.8474998474121 17.125 17.2313327789307 17.2638339996338 17.324499130249 17.3920001983643 17.5003337860107 17.4914989471436 13.2181673049927 13.1858339309692 13.2476663589478 13.2835006713867 13.3549995422363 13.3961668014526 13.440167427063 13.4759998321533 13.5383329391479 13.4919996261597 13.3934993743896 13.3648338317871 13.3801670074463 13.4530000686646 13.4851665496826 13.5485000610352 13.5364999771118 13.5738334655762 13.5818328857422 13.5998334884644 13.6470003128052 14.505500793457 14.5093336105347 14.5526666641235 14.5903339385986 14.6513338088989 14.7663335800171 14.7785005569458 14.800666809082 14.7868337631226 14.7801675796509 14.7885007858276
16.496000289917 16.5678329467773 16.644832611084 16.4626655578613 16.5831661224365 16.7046661376953 16.7893333435059 16.9111671447754 12.9761667251587 13.0533332824707 13.0799999237061 17.3436660766602 17.4021663665771 17.5769996643066 17.5174999237061 17.4689998626709 14.2041664123535 13.345666885376 13.3473329544067 13.4265003204346 13.4580001831055 13.4683332443237 13.5271663665771 13.5383329391479 13.4399995803833 13.4248332977295 13.3911666870117 13.4289999008179 13.4720001220703 13.4956665039062 13.5558338165283 13.547833442688 13.5685005187988 13.618332862854 13.6451663970947 13.6488332748413 13.6935005187988 14.5015001296997 14.5430002212524 14.5621671676636 14.6579999923706 14.7851667404175 14.7915000915527 14.7828330993652 14.7761669158936 14.7818336486816 14.7951669692993
16.5154991149902 16.6713333129883 16.7868328094482 16.4723339080811 16.5631675720215 16.6978340148926 16.8041667938232 12.7851667404175 13.018666267395 13.0541667938232 13.0896673202515 13.114333152771 13.1785001754761 13.3253335952759 13.3911666870117 13.287166595459 13.3795003890991 13.4906663894653 13.4326667785645 13.4866666793823 13.5178327560425 13.574333190918 13.5590000152588 13.4850006103516 13.4146671295166 13.4363327026367 13.4388332366943 13.4441661834717 13.4851665496826 13.4885005950928 13.5405006408691 13.5766668319702 13.5863332748413 13.6518335342407 13.6593332290649 13.6468334197998 13.658166885376 13.7156658172607 13.7901668548584 13.8361663818359 14.7388334274292 14.8093328475952 14.761833190918 14.7399997711182 14.7506666183472 14.7600002288818 14.7823333740234
16.6118335723877 16.7614994049072 16.8093338012695 16.4318332672119 16.5795001983643 16.6928329467773 12.6758327484131 12.9064998626709 13.0363340377808 13.0568332672119 13.081166267395 13.1701669692993 13.3616666793823 13.4388332366943 13.3746671676636 13.3573331832886 13.4173336029053 13.4618330001831 13.5045003890991 13.5621662139893 13.6556663513184 13.6093330383301 13.4523334503174 13.445333480835 13.4609994888306 13.4538335800171 13.4549999237061 13.466833114624 13.5025005340576 13.5168333053589 13.5511665344238 13.6021671295166 13.6269998550415 13.6710004806519 13.6824998855591 13.657000541687 13.6551666259766 13.7146663665771 13.7974996566772 14.6175003051758 14.7244997024536 14.8094997406006 14.7144994735718 14.7483329772949 14.7515001296997 14.7623338699341 14.7884998321533
16.6949996948242 16.90016746521 16.6103324890137 16.4458332061768 16.5881671905518 12.525333404541 12.7458333969116 12.9171667098999 12.9820003509521 13.0218334197998 13.0843334197998 13.1876668930054 13.404333114624 13.3466663360596 13.3416662216187 13.3873338699341 13.3883333206177 13.4245004653931 13.5464992523193 13.5868330001831 13.5648336410522 13.4556665420532 13.441333770752 13.4896669387817 13.4831666946411 13.4568328857422 13.4568328857422 13.4958333969116 13.5260000228882 13.5513334274292 13.6038331985474 13.6275005340576 13.6451663970947 13.6611671447754 13.6805000305176 13.6938333511353 13.6743335723877 13.7171669006348 14.5803337097168 14.6136665344238 14.6491661071777 14.8214998245239 14.7638330459595 14.7299995422363 14.7413330078125 14.7585000991821 14.7858333587646
16.7471675872803 17.0453338623047 16.9141674041748 16.6486663818359 16.6576671600342 12.5950002670288 12.8105001449585 12.8990001678467 12.9503335952759 12.9941663742065 13.0813331604004 13.1698331832886 13.1879997253418 13.3154993057251 13.4156665802002 13.4343328475952 13.4739999771118 13.5001668930054 13.5063333511353 13.4806671142578 13.4678335189819 13.4330005645752 13.4455003738403 13.4906673431396 13.5178337097168 13.5205001831055 13.5334997177124 13.5728330612183 13.6173334121704 13.5926666259766 13.6121664047241 13.6016664505005 13.6230001449585 13.6645002365112 13.6840000152588 13.71399974823 13.6786661148071 14.4995002746582 14.5524997711182 14.5620002746582 14.6266670227051 14.7441663742065 14.7321662902832 14.7333326339722 14.7454996109009 14.7558336257935 14.7869997024536
16.8386669158936 16.8166675567627 16.7003326416016 16.6925010681152 16.8546676635742 16.9791660308838 12.8449993133545 12.8733329772949 12.9191665649414 12.966833114624 13.1160001754761 13.172999382019 13.1893329620361 13.2383327484131 13.3245000839233 13.4103336334229 13.5803327560425 13.5096664428711 13.4313335418701 13.4596672058105 13.4340000152588 13.4578332901001 13.5288333892822 13.551833152771 13.5954999923706 13.6513338088989 13.6674995422363 13.6806669235229 13.6940002441406 13.6881666183472 13.6539993286133 13.6619997024536 13.6540002822876 13.6861667633057 14.5395002365112 14.5101671218872 14.5075006484985 14.5338335037231 14.5440006256104 14.5659999847412 14.6156663894653 14.6723327636719 14.7159996032715 14.7248334884644 14.7356662750244 14.7758331298828 14.8051662445068
16.9265003204346 16.6838340759277 16.6693344116211 16.7609996795654 16.8589992523193 12.6983337402344 12.8406667709351 12.8751668930054 12.8819999694824 13.0089998245239 13.1586666107178 13.1986665725708 13.2833337783813 13.3520002365112 13.4171667098999 13.496166229248 13.5841665267944 13.5193338394165 13.481499671936 13.4569997787476 13.4468336105347 13.5163335800171 13.5745000839233 13.6099996566772 13.683500289917 13.7091665267944 13.7080001831055 13.6896667480469 13.7123327255249 13.6949996948242 13.707332611084 13.6960000991821 13.6949996948242 13.7278337478638 13.7688331604004 14.5570001602173 14.5205001831055 14.5310001373291 14.5251665115356 14.5669994354248 14.6374998092651 14.6703329086304 14.729832649231 14.7144994735718 14.7291669845581 14.7623329162598 14.7705001831055
