rasterData/Algeria_bio10.asc
NCOLS 248 
NROWS 217 
XLLCORNER -8.682385214 
YLLCORNER 18.975561136 
CELLSIZE 0.0832711529596774 
NODATA_value -3.4e+38 
[rows 63 to 83 of 217, columns 141 to 187 of 248]
33.1031646728516 33.2888336181641 33.0610008239746 32.9378356933594 32.9248352050781 32.9688339233398 33.0349998474121 33.1121673583984 33.0721664428711 33.1533317565918 33.2376670837402 33.2961654663086 33.3924980163574 33.4246673583984 33.4259986877441 33.4768333435059 33.5528335571289 33.6506652832031 33.6778335571289 33.6878356933594 33.6995010375977 33.7186660766602 33.7211685180664 33.7630004882812 33.7130012512207 33.8305015563965 33.9311676025391 34.0576667785645 34.1656646728516 34.2108345031738 34.1351661682129 34.0456657409668 34.1748352050781 34.2203330993652 34.1573333740234 34.1640014648438 34.2721672058105 34.3271675109863 34.3081665039062 34.3446655273438 34.3591651916504 34.34716796875 34.3286666870117 34.3334999084473 34.3300018310547 34.3431663513184 34.3468322753906
33.2661666870117 33.3586654663086 33.3553314208984 33.2773323059082 33.179500579834 33.2033348083496 33.2498321533203 33.3003349304199 33.2261657714844 33.2423324584961 33.273998260498 33.3861656188965 33.5163345336914 33.5528335571289 33.5361671447754 33.5994987487793 33.6824989318848 33.7248344421387 33.7688331604004 33.8076667785645 33.8655014038086 33.9114990234375 33.8943328857422 33.8793334960938 33.8574981689453 33.9124984741211 33.9878349304199 34.1446647644043 34.2610015869141 34.2810020446777 34.1944999694824 34.1818313598633 34.2923316955566 34.2818336486816 34.2314987182617 34.322998046875 34.4425010681152 34.4566688537598 34.4274978637695 34.3988342285156 34.4396667480469 34.4554977416992 34.4165000915527 34.4108352661133 34.4160003662109 34.4173316955566 34.4298324584961
33.3548355102539 33.3123321533203 33.2835006713867 33.3583335876465 33.3943328857422 33.2906684875488 33.3754997253418 33.4744987487793 33.3636665344238 33.3479995727539 33.3945007324219 33.517333984375 33.6105003356934 33.6496658325195 33.6438331604004 33.6878318786621 33.775333404541 33.7911682128906 33.8699989318848 33.9700012207031 33.9910011291504 33.9855003356934 33.8966674804688 33.8803329467773 33.9268341064453 33.9878349304199 34.1688346862793 34.2946662902832 34.3115005493164 34.2838325500488 34.2943344116211 34.3053359985352 34.3299980163574 34.2916641235352 34.3144989013672 34.4355010986328 34.5233345031738 34.5076675415039 34.4884986877441 34.4724998474121 34.4841651916504 34.5183334350586 34.4780006408691 34.4910011291504 34.456169128418 34.4506683349609 34.4663352966309
33.253833770752 32.96533203125 33.030834197998 33.1614990234375 33.2740020751953 33.3998336791992 33.4996681213379 33.5369987487793 33.3713340759277 33.3971672058105 33.468334197998 33.6176681518555 33.7148323059082 33.7405014038086 33.7413330078125 33.7680015563965 33.8216667175293 33.8858337402344 33.9720001220703 34.0366668701172 34.1706657409668 34.1059989929199 33.9039993286133 33.8296661376953 33.8988342285156 34.107666015625 34.34716796875 34.3666648864746 34.357666015625 34.3501663208008 34.3843307495117 34.3191680908203 34.3941650390625 34.3395004272461 34.4206657409668 34.4463348388672 34.4563331604004 34.4720001220703 34.4936676025391 34.5084991455078 34.5340003967285 34.5701675415039 34.5139999389648 34.4971656799316 34.4980010986328 34.5348320007324 34.5311660766602
33.3648338317871 33.144832611084 33.0818328857422 33.2518348693848 33.3773345947266 33.4420013427734 33.4913330078125 33.5214996337891 33.5486679077148 33.4754981994629 33.5701675415039 33.7286682128906 33.8036689758301 33.8236656188965 33.8356666564941 33.8373336791992 33.9211654663086 33.9469985961914 34.0133323669434 34.1068344116211 34.2006683349609 34.0703315734863 34.0101661682129 33.9799995422363 34.0994987487793 34.3313331604004 34.4173316955566 34.3911666870117 34.408332824707 34.4305000305176 34.3661651611328 34.3751678466797 34.4271659851074 34.4243316650391 34.496997833252 34.477165222168 34.5125007629395 34.5058326721191 34.5233345031738 34.5251655578613 34.5691680908203 34.6173324584961 34.5929985046387 34.522834777832 34.5410003662109 34.585334777832 34.5965003967285
33.3121681213379 33.2561683654785 33.2986679077148 33.3481674194336 33.4425010681152 33.560001373291 33.4700012207031 33.4594993591309 33.5289993286133 33.5861663818359 33.6958351135254 33.8074989318848 33.8561668395996 33.9173355102539 33.9253311157227 33.9366683959961 33.9703330993652 34.0209999084473 34.0390014648438 34.0763320922852 34.0486679077148 33.9966659545898 34.0256652832031 34.1483345031738 34.355167388916 34.4038314819336 34.4551658630371 34.4025001525879 34.4088325500488 34.3946647644043 34.2771682739258 34.3913345336914 34.4741668701172 34.5103340148926 34.5521659851074 34.5415000915527 34.5718307495117 34.6043319702148 34.6188354492188 34.605167388916 34.6151657104492 34.6259994506836 34.5923347473145 34.5893325805664 34.6283340454102 34.6341667175293 34.6436653137207
33.2864990234375 33.3110008239746 33.272834777832 33.3286666870117 33.4461669921875 33.6058349609375 33.622501373291 33.5369987487793 33.5659980773926 33.6754989624023 33.7921676635742 33.8546676635742 33.8968353271484 33.9729995727539 34.0221672058105 34.0503349304199 34.0830001831055 34.1119995117188 34.0758323669434 34.056999206543 34.0401649475098 33.9908332824707 34.0721664428711 34.306999206543 34.3924980163574 34.404167175293 34.4731674194336 34.4370002746582 34.4456672668457 34.3231658935547 34.2956657409668 34.3880004882812 34.4591674804688 34.4903335571289 34.5644989013672 34.621166229248 34.6528358459473 34.6544990539551 34.6751670837402 34.6748352050781 34.6451683044434 34.6006660461426 34.6258354187012 34.6738319396973 34.7049980163574 34.6914978027344 34.7014999389648
33.0728340148926 33.1914978027344 33.2509994506836 33.2858352661133 33.4438323974609 33.5678329467773 33.6059989929199 33.5511665344238 33.5741653442383 33.6624984741211 33.8238334655762 33.8955001831055 33.9604988098145 34.0806655883789 34.1119995117188 34.1123352050781 34.1365013122559 34.2126655578613 34.2678337097168 34.2258338928223 34.0513343811035 34.0041656494141 34.1404991149902 34.3513336181641 34.3968353271484 34.4751663208008 34.4505004882812 34.3936653137207 34.4418334960938 34.2815017700195 34.3781661987305 34.3731651306152 34.5014991760254 34.4830017089844 34.5125007629395 34.5924987792969 34.6510009765625 34.6515007019043 34.6793327331543 34.6855010986328 34.6451683044434 34.6648330688477 34.6710014343262 34.7135009765625 34.7335014343262 34.728832244873 34.7501678466797
32.8991661071777 32.9403343200684 33.0901679992676 33.2976684570312 33.529167175293 33.5349998474121 33.4516677856445 33.4923324584961 33.5928344726562 33.7369995117188 33.8913345336914 33.9451675415039 34.0114974975586 34.0726661682129 34.1568336486816 34.1339988708496 34.1464996337891 34.298999786377 34.2693328857422 34.1235008239746 34.0646667480469 34.1256675720215 34.1893348693848 34.3699989318848 34.4426651000977 34.4773330688477 34.3904991149902 34.3880004882812 34.4249992370605 34.2908325195312 34.3391647338867 34.3958320617676 34.4741668701172 34.4939994812012 34.486499786377 34.5816650390625 34.6526679992676 34.7218322753906 34.724666595459 34.7371673583984 34.7141647338867 34.7063331604004 34.7348327636719 34.7399978637695 34.7558326721191 34.7438354492188 34.7588348388672
33.048999786377 33.023998260498 33.1865005493164 33.4016647338867 33.4241676330566 33.3878326416016 33.4388313293457 33.474666595459 33.6036682128906 33.7968330383301 33.9423332214355 34.0286674499512 34.0576667785645 34.1150016784668 34.1925010681152 34.1498336791992 34.1785011291504 34.236499786377 34.1741676330566 34.1088333129883 34.1353340148926 34.2043342590332 34.3436660766602 34.4343338012695 34.4311676025391 34.441333770752 34.4133338928223 34.3451652526855 34.3596649169922 34.3188323974609 34.3691673278809 34.4366683959961 34.4981689453125 34.5163345336914 34.5434989929199 34.5491676330566 34.5974998474121 34.6773338317871 34.772834777832 34.7075004577637 34.7056655883789 34.7363319396973 34.7526664733887 34.7529983520508 34.7603340148926 34.7430000305176 34.7888336181641
33.1281661987305 33.1931686401367 33.2883338928223 33.4521675109863 33.5091667175293 33.3914985656738 33.405834197998 33.4485015869141 33.5955009460449 33.8016662597656 33.9523315429688 34.0559997558594 34.0720024108887 34.1468315124512 34.2215003967285 34.1643333435059 34.2256660461426 34.2021675109863 34.2135009765625 34.1440010070801 34.1630020141602 34.2275009155273 34.4068336486816 34.4560012817383 34.5158348083496 34.4833335876465 34.3979988098145 34.3373336791992 34.3793334960938 34.384334564209 34.4208335876465 34.4706687927246 34.462833404541 34.5188331604004 34.5363311767578 34.5599975585938 34.5641670227051 34.6586647033691 34.6723327636719 34.6580009460449 34.6908340454102 34.7346649169922 34.7423324584961 34.7453308105469 34.7378311157227 34.7740020751953 34.8098335266113
33.0480003356934 33.1323318481445 33.2809982299805 33.3213348388672 33.3331680297852 33.4291687011719 33.4466667175293 33.4908332824707 33.609001159668 33.8176651000977 33.9668312072754 34.058666229248 34.0863342285156 34.1555023193359 34.2076644897461 34.2321662902832 34.2809982299805 34.2615013122559 34.2036666870117 34.1180000305176 34.0169982910156 34.2329978942871 34.4223327636719 34.4871673583984 34.4968338012695 34.4539985656738 34.3636665344238 34.2666664123535 34.3088340759277 34.4129981994629 34.4778327941895 34.4781646728516 34.4916687011719 34.5185012817383 34.5546646118164 34.5595016479492 34.5613327026367 34.6033325195312 34.6341667175293 34.6178321838379 34.7148323059082 34.7729988098145 34.7408332824707 34.7466659545898 34.7431678771973 34.7916679382324 34.7775001525879
33.0641670227051 33.1133346557617 33.3498344421387 33.3463325500488 33.2311668395996 33.3628349304199 33.4501686096191 33.523998260498 33.678165435791 33.872501373291 33.9641647338867 34.0448341369629 34.1096649169922 34.1790008544922 34.2023315429688 34.2933349609375 34.263500213623 34.2066650390625 34.15966796875 34.0960006713867 34.1816673278809 34.385498046875 34.5023345947266 34.5086669921875 34.505500793457 34.3906669616699 34.2831649780273 34.2371673583984 34.3264999389648 34.4235000610352 34.4560012817383 34.5058326721191 34.546501159668 34.5258331298828 34.5249977111816 34.5488319396973 34.5713348388672 34.5644989013672 34.5801658630371 34.6361656188965 34.6296653747559 34.7213325500488 34.7116661071777 34.7463340759277 34.7985000610352 34.7648315429688 34.7531661987305
33.1295013427734 33.1655006408691 33.3321685791016 33.3321647644043 33.3106651306152 33.4039993286133 33.4690017700195 33.5288352966309 33.8048324584961 33.9179992675781 33.9483337402344 34.0251655578613 34.1070022583008 34.204833984375 34.1990013122559 34.1875 34.1510009765625 34.1398315429688 34.0898323059082 34.2070007324219 34.3663330078125 34.4519996643066 34.5236663818359 34.5043334960938 34.4283332824707 34.295166015625 34.2433319091797 34.2321662902832 34.3271675109863 34.3878326416016 34.4986686706543 34.4981651306152 34.4861679077148 34.4958343505859 34.5376663208008 34.5563316345215 34.5994987487793 34.5608329772949 34.5868339538574 34.5844993591309 34.5951652526855 34.6693344116211 34.7534980773926 34.7781677246094 34.7588348388672 34.7653350830078 34.7441673278809
33.1821670532227 33.3016662597656 33.406665802002 33.1653327941895 33.2669982910156 33.397834777832 33.4768333435059 33.5774993896484 33.8636665344238 33.9339981079102 33.9925003051758 34.0361671447754 34.1016654968262 34.2565002441406 34.1988334655762 34.1736679077148 34.2223320007324 34.2434997558594 34.2216682434082 34.3533325195312 34.4136657714844 34.4645004272461 34.5154991149902 34.4743347167969 34.3474998474121 34.3136672973633 34.2566680908203 34.2733345031738 34.3381652832031 34.3716659545898 34.4706649780273 34.4941673278809 34.4791641235352 34.4829978942871 34.5363349914551 34.5408325195312 34.576000213623 34.5596656799316 34.5708351135254 34.5571670532227 34.5903358459473 34.7039985656738 34.7661666870117 34.7700004577637 34.7571678161621 34.7556686401367 34.7369995117188
33.2261657714844 33.4345016479492 33.5453338623047 33.1805000305176 33.248664855957 33.3811683654785 33.4886665344238 33.6585006713867 33.9085006713867 33.9478340148926 34.0060005187988 34.0361671447754 34.0948333740234 34.1920013427734 34.2343330383301 34.1953353881836 34.3001670837402 34.438835144043 34.3530006408691 34.4103317260742 34.4551658630371 34.5525016784668 34.4893341064453 34.3798332214355 34.2988319396973 34.3235015869141 34.3091659545898 34.2878341674805 34.3363342285156 34.3201675415039 34.4173355102539 34.4340019226074 34.4575004577637 34.5336685180664 34.5364990234375 34.5195007324219 34.5306663513184 34.5753326416016 34.5876693725586 34.5725021362305 34.6771659851074 34.7576675415039 34.7550010681152 34.7373352050781 34.7398338317871 34.7308349609375 34.7203330993652
33.3339996337891 33.5226669311523 33.5359992980957 33.1291656494141 33.2534980773926 33.3598327636719 33.53466796875 33.764331817627 33.9130020141602 33.9776649475098 34.0108337402344 34.0806655883789 34.2248344421387 34.2543334960938 34.2324981689453 34.2540016174316 34.3689994812012 34.398998260498 34.4133338928223 34.4636650085449 34.6049995422363 34.5265007019043 34.3395004272461 34.3131675720215 34.3296661376953 34.3305015563965 34.3105010986328 34.2924995422363 34.3074989318848 34.3073348999023 34.3516654968262 34.4188346862793 34.4729995727539 34.5536651611328 34.5821685791016 34.5178337097168 34.507999420166 34.5439987182617 34.6095008850098 34.6033325195312 34.6585006713867 34.7586669921875 34.6974983215332 34.7290000915527 34.6995010375977 34.6974983215332 34.6988334655762
33.4051666259766 33.6319999694824 33.3228340148926 33.1286659240723 33.2574996948242 33.3731651306152 33.571834564209 33.7809982299805 33.8816680908203 33.9366683959961 33.9966659545898 34.0950012207031 34.2671661376953 34.2531661987305 34.246166229248 34.2856674194336 34.3274993896484 34.3501663208008 34.4635009765625 34.4838333129883 34.4474983215332 34.3120002746582 34.3173332214355 34.3753318786621 34.3465003967285 34.3076667785645 34.290168762207 34.3159980773926 34.3120002746582 34.343334197998 34.396167755127 34.4621658325195 34.5108337402344 34.5880012512207 34.6066665649414 34.579833984375 34.5480003356934 34.5176658630371 34.5943336486816 34.602165222168 34.5801658630371 34.757999420166 34.7076683044434 34.6651649475098 34.6808319091797 34.6953353881836 34.7016677856445
33.4253311157227 33.7248344421387 33.5616683959961 33.3126678466797 33.3248329162598 33.4290008544922 33.6515007019043 33.7763328552246 33.8300018310547 33.9101676940918 33.9903335571289 34.0896682739258 34.1298332214355 34.2410011291504 34.3115005493164 34.3481674194336 34.4323348999023 34.4438323974609 34.3916664123535 34.3278312683105 34.2980003356934 34.2615013122559 34.3061676025391 34.3548316955566 34.3870010375977 34.3650016784668 34.3648338317871 34.4203338623047 34.4393348693848 34.3798332214355 34.4983329772949 34.5366668701172 34.5868339538574 34.6158332824707 34.6068344116211 34.5909996032715 34.5553321838379 34.5461654663086 34.5563354492188 34.5403327941895 34.5620002746582 34.6811676025391 34.6751670837402 34.6619987487793 34.6688346862793 34.6679992675781 34.6931686401367
33.5928344726562 33.5486679077148 33.3764991760254 33.336498260498 33.4668312072754 33.5726661682129 33.7121658325195 33.7608337402344 33.8093338012695 33.8665008544922 34.0245018005371 34.0945014953613 34.1139984130859 34.170166015625 34.2430000305176 34.3255004882812 34.517333984375 34.4056663513184 34.28466796875 34.303165435791 34.27783203125 34.3046646118164 34.4104995727539 34.4581680297852 34.5206680297852 34.5761680603027 34.6349983215332 34.6898345947266 34.7026672363281 34.6381683349609 34.6264991760254 34.6351661682129 34.6165008544922 34.6276664733887 34.6279983520508 34.5791664123535 34.5634994506836 34.5735015869141 34.5546684265137 34.552001953125 34.5458335876465 34.599666595459 34.6259994506836 34.6283340454102 34.6401672363281 34.6546669006348 34.671501159668
33.7068328857422 33.3993339538574 33.3040008544922 33.3525009155273 33.453498840332 33.5421676635742 33.7038345336914 33.7480010986328 33.7701683044434 33.9099998474121 34.0701675415039 34.1100006103516 34.2061653137207 34.2813339233398 34.3616676330566 34.4565010070801 34.5 34.3688316345215 34.2933349609375 34.2724990844727 34.2799987792969 34.3806686401367 34.4636650085449 34.5393333435059 34.6829986572266 34.7531661987305 34.7586669921875 34.730167388916 34.7474975585938 34.6769981384277 34.6466674804688 34.6323318481445 34.613166809082 34.6261672973633 34.6408309936523 34.5938339233398 34.5516662597656 34.5526657104492 34.4983329772949 34.5386657714844 34.5589981079102 34.568000793457 34.6158332824707 34.5936660766602 34.5940017700195 34.6139984130859 34.6254997253418
