rasterData/Algeria_SNDPPT_M_sl2_250m_ll.asc
NCOLS 248 
NROWS 217 
XLLCORNER -8.682385214 
YLLCORNER 18.975561136 
CELLSIZE 0.0832711529596774 
NODATA_value -9999 
[rows 92 to 114 of 217, columns 0 to 50 of 248]
-9999 -9999 -9999 -9999 -9999 -9999 -9999 -9999 -9999 -9999 -9999 -9999 61.5779229225444 60.374135944705 49.9188252564224 63.5927419354922 59.9657258064521 62.9939516129038 64.9169113274867 60.2790062434942 59.486983425 63.7859744313907 60.7465437788038 76.589694514638 70.2534562211962 67.8350304742056 60.7444997770197 73.4596588375193 81.0771610673401 76.2534562211962 79.7167570982677 87.066941058422 93.1396239036751 82.2534562211962 81.9939887765679 84.001022000892 84.2986100787863 90.6949884792608 86.4133064516128 78.0976010851782 84.7862717407453 92.2348000594614 89 89.3876635201418 86.1383510480181 75.6918667310861 74.4884792626705 82.4912665378299 88 84.5836740002934 85.9810929834995
-9999 -9999 -9999 -9999 -9999 -9999 -9999 -9999 -9999 -9999 -9999 59.3299669243261 59.8205552252035 55.4903095733616 58.1561988999409 57.9890552995389 62.5389382339731 67.6497695852475 59.817117585845 65.1751152073763 77.8622064070129 73.0374238144797 62.2865411773475 80.2862067043222 69.31598409395 86.1812750854759 71.1751152073762 74.8951612903214 81.1475211832864 75.4922235023011 81.2888824884732 82.9222814776326 83.3747770179867 81.4400364204003 83.1327393340211 92.410779322133 85.6125037163689 86.0773190129343 87.2061004162267 83.6823528318732 83.7747510034151 91.9424520588664 86.8248847926238 78.7927568009478 78.4399063475623 83.5851512561287 95.0328341013831 86.8686171398853 94 92.1479114018031 90.8379478222063
-9999 -9999 -9999 -9999 -9999 -9999 -9999 -9999 -9999 58.3061914672236 66.0197060353802 67.0786290322561 71.5084547346433 57.2557882414215 58.7976716961451 66.1129032258069 76.4114203954301 66.0961888657672 60.1935483871014 69.6609651404768 76.4944068678596 78.1073751300778 74.1393080125009 75.8151664932398 95.6952393340193 82.1017169614957 86.5687434963593 80.7318548387083 76.8552939646136 75.5667273673237 83.7096774193479 81.0967741935507 85.4858870967715 84.6512096774212 84.4228668054095 95.4534339229959 91.6361862643113 91.6125130072854 86.1566077003119 84.7630072840788 83.3568548387094 89.4188995837769 92.0290712799175 92.0440946930292 95 95 86.45362903226 88.984586368366 85.5829214360049 83.9939516129058 92.9254032258064
-9999 -9999 -9999 -9999 -9999 -9999 -9999 -9999 52.963876913929 62.2134216589864 62.3488274862519 56.8342964917493 64.288928943065 72.3811134235202 63.1074866210785 75.0797811059912 85.9268990634757 68.0126077746401 67.920005202914 70.9806377285566 66.1125966255388 70.6465084733161 72.1535138248846 70.485255314405 68.1766296268777 84.9815668202766 89.0335216292543 93 77.9887765720232 82.612039170507 84.0929184629111 82.3891129032261 90.3543462910664 84.9549204697489 81.4553571428569 98.0092537535305 97 86.8933588523859 90.1886242009813 83.3779823844204 94.2744351122349 87.6653132897284 88.0184331797234 92.9949829047124 90.5210903820438 93.9671101531144 86.8125 87.3893451761537 83.2436635944697 84.0037906942173 83.0013750557455
-9999 -9999 -9999 -9999 -9999 -9999 53.534181284367 58.8142374015117 68.0443269659561 65.1858369258236 67.7131522223918 65.14819942024 66.0510907536769 58.1198156681974 73.0471235320362 63.6938364055308 77.3535751449296 89.9400921659013 68.2813289727852 66.8927084881846 60.0047104950199 70.9464936078514 62.1431730340414 59.9902166641895 82.2284915266826 59.654331425609 82.7142392597004 58.0165471235313 68.0033540211116 67.3546064367464 57.3991749665511 70.1252694366027 86.6326650066869 90.9907741192174 93.0599078340987 91.5280585699405 92.4416158763199 97.9735487587347 91.6362141370574 79.9631615133062 87.3354764382347 83.7107458748313 81.3482328675465 83.6842203062307 84 90.7372900252737 86.8237327188935 82.9400921659013 83.8168946038378 84.7467667608173 85.8654953917077
-9999 -9999 -9999 -9999 50.035742158468 61.6465920915692 67.2834658837546 66.2085903820417 64.5492976066554 55.1382488479276 53.3418778801849 61.1640590159049 63.2650791586156 70.2407555373873 76 77.4873271889436 87.2812360636269 70.8713393786211 68.1573602646065 74.805355284674 61.8834918983191 62.7862903225803 66.059192433479 74.3971309647694 80.9735208859815 73.6912442396381 76.4490300282488 57.5382135424436 68.8617511520724 84.1402649769597 81 81.8567247658711 88.1382488479276 90.9691820276534 95.1454957633433 92.9305968485202 79.827922922554 85.9389586739997 83.3356065110765 80 82.9110859224014 74.0454325851052 82.571595807934 82.9623717853423 83.1310762598459 83.4791047272161 92.2393433179729 85.2314646201875 88.3665917199328 92.9857848966849 94
-9999 -9999 -9999 50.2165898617511 65.5462316039842 66.1226958525329 53.464564441802 63.5243607848969 65.1464806005652 64.8183625687527 57.0842407462446 64.7074290173925 75.5650178385612 92.6227980526247 92.9289244834255 94.7969470046085 95 95 95.8103909617957 97.0394863980972 80.7899973985431 84.3234447004609 77.5145681581686 74.941011966701 73.2165898617511 65.1304723502305 61.7834101382489 60.7469154154891 60.9121543778797 94.8554612011298 90.0781644863981 95.6057027649772 95.0420599821617 97.4343503790691 82.3366563847171 92.5020161290325 84.2165898617511 86.2419169020365 82.7194143005796 85.9149137802888 84.8607012784302 84.6194533224317 79.9812509290917 83.3708655418462 83.7560483870974 81.614408354393 83.7292626728112 91 94.0742808830087 93.3663687379219 92
-9999 -9999 60.2949308755765 59.9327987958984 53.2598483722319 57.7569217333142 55.37367139884 73.790099598632 76.661680541103 71.4465028987659 89.1201129775529 93.8763286011593 91.5578917050688 95 94 97 99.3190965512116 99 98.9621859669989 99.2800654080575 99 94.7050691244235 96.7449085773743 76.3935911253156 78.135043481493 68.5250483127702 88.7050691244235 78.7257135424394 81.410138248847 95.2949308755765 69.5163148505984 76.3863349189816 78.133575516573 86 78.7050691244235 79.0561821763036 76 81.1302214954662 83.1187286308898 79 84.6431451612906 83.4829883306081 83.8822654972497 88.3490411773457 84.1229281254656 85.8478983945298 80.8712557603706 88.140924632079 95.3177400772997 92.6628976512559 92.6033335810904
62.8873847926258 64.6636316337111 64.8958674000308 57.6267281105998 56.7906570536631 68.6767225360481 81.9244462613366 86.3732718894002 90.6806247212707 94.3732718894002 94.5008919280501 97.0444570387992 94.5894250780443 96 95.6267281105998 95.9501728110625 98.905771517766 98.6251951092621 98 97 96.5774490857744 95.2933421287364 96.0504218076407 97.6876858183446 94.6169354838692 76.8347889103597 84.9375650364212 64.3398431693212 73.278253679202 75.0855786383236 78.6118347703272 87.5281050245281 84.191745949162 95.108870967741 91.2969377136913 83.9388286011605 82.1745949160122 84.023264456666 86.8266129032257 82.9023989148205 90 88.3732718894002 93.8226828452494 87 92.1528913334322 86.3563252564302 83 89.9405474208419 94 92.5622863089053 92
58.0967741935488 53.3729838709667 61.6318938605615 62.2704214360039 69.9754162330904 78.0246488033312 83.7959807492211 92.0967741935488 84.4057622268473 87.9073881373574 87.6552419354829 84.1754032258068 86.8266779396457 86.1304630593126 96.9972684703446 98 98.0154786680539 95 97.9878381893861 96 95.3556191467223 96 95.1350806451612 95.5411680541101 96.1050338189391 97.7802419354838 98.1119927159208 96.7978668054114 91.3717481789809 87.6893210197703 91.649518730489 94.3891129032261 92.7368626430804 97.749609781478 92.73361082206 86.8042403746087 82.1059443288258 85.3590660770032 96.2266519250781 89.95213319459 91 96.1229838709679 97.6995967741936 92.3286940686784 90.2305541103019 93 91.6330645161292 89.8312955254943 83.0718652445369 91.9276144641007 94.9927809573361
65.4418202764977 67.7574606065111 68.8323268173039 64.3173312769437 56.1569700460835 75.3059406124575 80.1031105990789 89.7446670135265 92.1222498885088 88.8449996283629 84.6858740894891 92.7158651702104 96.529953917051 89.4144956890158 95 94.529953917051 98.0760182845254 97.4639976958529 95.9882469897429 96.4463542440907 93.529953917051 96.1570815370895 97.3984595659281 98 96 94.470046082949 94.8537237996134 94.7237903225803 94.4475341905758 93 92 94.7128549130373 92 93 93.2788668797387 95.2639085030475 94.8106696893121 95 96 97 91.6604262672812 94.529953917051 95 92.6842203062283 93 85.3686450126356 88.657546082949 81.058542069271 93.4605043109859 84.0544912293741 88.0949717556123
48.5709733164858 72.2124368217631 59.4743942321995 69.5879664040435 56.1358053367031 76 88.7322822209011 92.3917050691243 94.291883454735 93.6300821317085 92 86.5015980377582 95.1471774193547 93.4640627322724 92.3561673108371 97.4297235023043 90.6082949308757 95.560771889401 96.3917050691243 94.3719618700757 94.6390943213916 96.6082949308757 94 95.6082949308757 95 91.3536494722764 94.2479838709675 92.6082949308757 94.3917050691243 90.5337910658543 91.3887691392894 93.1524174966553 95.5179035974431 91.7289653634604 94 94.9161215995249 95 94.7314181656012 93.6647186710271 88.4751096328228 96.7480767801397 96.3917050691243 92.425561171399 93.1705533670287 93 90.3072041771964 95.0452188940096 90 85.8176192953771 91.2056451612897 96.9254032258064
77.646991601012 85.8300505425883 76.2600156087484 74.4111509588212 80.5122082651981 81.8634513899241 93.1495930578262 86.2230191764546 88.5452281849301 92.2407090828022 94.0638100193253 90.3133640553016 93.8989426936231 90.805587557601 88.2195908280155 92.9570852534561 92.6866359446984 90.3156217481808 95.0152278132896 96 95.342714062734 96 98 97 96.4448769882586 92 96.208469600124 90.2268098706719 86.5906328972823 93 94.6866359446984 95 91.4518823398233 94.5876505128547 93.1484688568464 86.9987364352608 94 95 95 95.6866359446984 93.888174520588 96 93 93.2884829790379 94.9235543332835 89 93.1875 92.781273227295 94.2722982012803 97.9677790991525 95.6632599970247
79.8699643228775 76 83.1196205589416 91.0942935186562 89.5673126951094 92.6839508696302 90.9256076259848 92 88.9889902631188 93 92.0957150289872 96 95 93 85.1120484614232 91.9642857142857 89.2612420098107 87.9939516129038 90.9882469897429 92.7768228779546 95.783456592835 93.1068548387098 94.6616433774344 95.3983294930873 95.0434907834091 94.4031328972796 93.7649769585255 92.2999386799464 91.3738479262682 92.2544782220902 93.9151832168872 92 91.7333228036288 92.7276088895504 91.4652148060052 93.5020161290325 95 95.4690147911402 96 94 92.9161308904416 94.5135833209458 92.8355786383233 96.6475490560429 92.8916864872891 92 95.4262672811059 94.8781589118485 95.1696986026459 98.9758343243646 99.2174910807193
78.2566151330472 81.4709287200831 88.8433179723492 91.5049706407008 91.9601977107177 93 92 91 91 92 92.7034989594172 93.1754032258068 88.1336219711619 88 87.9340437788001 85.8531105990775 86.8144139289425 87.9534989594221 90.1532072246183 91 94.9336907239483 93.9098873940835 94 94 95.7466552698068 93.9024918239935 94.0135926118609 88.5524193548393 92.4134179426204 92.280539244834 94 92.8085699420235 91.5740207373286 93.2190705366422 93 93.9213430949898 97.1566820276508 98.5290341162486 94.5595269064961 97.4210922402258 93.1007692879448 95.5005760368646 93.4233592240219 90.3416084435851 98.6063624200977 97.7842741935487 97 96.13431878995 96.7584361528175 100 97.8550059461861
87.038064887766 87 91.6489055299545 89.369778504534 88.9508789207667 91.9486676824732 92.0783410138254 88.7568659878107 89.7602943362572 89.0601772707005 87.5320350825027 86.8433179723492 87.2139884049357 91.1096328229516 93.9092741935491 91.0734447004613 88.0631782369545 89.9216589861746 86.1005184331801 92.1247955998221 91.9876802437936 93.8315463802581 93 93.0655474208418 93 91.7802419354838 91.9216589861746 91.6670878549124 90 88.7717407462471 94.0282722610378 93.1260591645596 93 92.4540935781185 92.9216589861746 91.5410286903528 94.9216589861746 94 93.9676211535601 89.1746878251834 94.5927605173182 90.5135833209447 95.2768693325403 94.0783410138254 97.8624293890283 99 97.9363479262668 99.9216589861746 98.1991229374167 98 99.0570648134383
82.4858870967744 88 87.5705645161291 88.4012096774197 87.7459677419351 90.6552419354846 91.3669354838701 89.7116935483872 92.2600806451611 90 84.2036290322573 93.1754032258068 93.8528225806453 86 91.9092741935491 92.0625000000004 90.9657258064521 92 95.9112903225812 88.9495967741936 91.8427419354838 93.1068548387098 95 94 88 91 94 91.7237903225803 92.3044354838714 93.6673387096774 92 93.3891129032261 92 93.108870967741 93 97 99 97 96.5866935483872 96.3850806451607 94.6431451612906 100 98.6995967741936 100 98.2439516129026 96.4314516129026 97.5625 96.8407258064526 98.1310483870966 98.8971774193551 99.0745967741936
93.5521777909909 92.9216589861762 89.0893972052909 90.7025512858634 88.0563679946466 89.6039096179589 90.0247974580048 92 91.9420339675941 91.9398227293007 88.3284060502429 91.8108555076555 92 85.1096328229518 88 91.8640552995398 89.0315891184773 92 92.0783410138238 91 91.8491898320212 95 94.057176304444 92.9872064070167 92.2398636093356 87.0783410138238 90.2674111788311 92.7454288687374 92.7194143005791 94 94.0282722610372 93.9695165006693 93.5043202764984 94.930188048165 97.4366731083695 97.3846625538891 93.5349803032563 85.5493068975771 96 95.0603352162917 99.671101531143 99.6971160993013 98.9451928794418 98.2151590605031 99.6777073732736 97.3555076557136 97.827188940092 98.0658633120254 99.1310483870966 100 98.2254348149229
92 89.6143433179716 84.0672848223575 84.4950293592984 84.0575479411336 91.7180299539179 93.1566820276494 91.7116935483872 92 92 89.8433179723506 89.3408465883744 91.8663780288393 92 91.0801713245133 91.8004032258065 90 86.376477255836 72.773310911254 87.0346086665676 90.7770086962988 93.6794354838705 91.9288501560871 93 93.1266723650954 89.4298257023929 92 87.3896146127545 94.48652817006 94.5627787275162 94.1566820276494 93.060966998662 94.5086312620783 94.0698119518358 95.3689516129017 90.9567136167702 89.4471625538882 88.9522446855952 92.7785602794714 92.8433179723506 94.7425486844068 97.1566820276494 94.410017466924 98.4571038352914 99.3624108071941 99 98.069988479263 99.7089991824004 97.6705440761099 99.7566058421293 97.7100118923748
89.9933662851198 86.6375148654697 87 86.9057064813444 88.2853240671923 91.7649769585268 93 94.3771647837096 88.4938865764875 89.2318548387098 91.2350230414732 89.1341794261935 89.4953638323207 87.9090047569499 84.427400773002 75.2828341013815 85.7387579901906 92.2336015311419 92.2298108369244 92.4967574698947 92 92.9182585104799 92 93 92.8084677419346 92.4031328972786 92.0453210940968 89.6164244834231 92.8365263118786 94 93 92.3891129032261 93.445722461722 93.8952820722467 96.8763286011602 93 87.3454270105522 89 91 93.1445202170351 97.0385294336294 93.6713709677423 97 98.2082094544377 99.8133826371341 99.0507005351565 98.756912442394 98.4700460829464 99.8689516129034 99.7408112828915 100
86.6575275011145 87.4833135127089 89 91.8123606362426 94.5694681878989 95.1001746692413 91.7480489073885 89.4209807492192 89 86.6317637877209 86.1896462018703 84.8795618403445 81.230600564887 86.6866359447013 89.9092741935491 91.2704493087546 93.9764661067344 92.3732718894025 92 91.6866359447013 91.3380035677114 90.2463951241259 92.2710346365387 92.5745038650223 93.1915322580654 91.1403485952143 93 91.1464620187328 86.5912368068985 86 89.4480730637727 92.3133640552987 94.1575832466165 95.1396239036716 95.1169447747864 97.5020161290325 93 94 96.5675821317086 96.7355897874239 95 98.7743514939795 100 100 97.5191299985145 100 97.4991359447013 97.6271833655427 95 96.0106938456939 95.046751895347
90.6610023041472 92.2307770923148 88.8317879441059 86.5987903225803 95.1442321986033 94.6217203062279 92.1925449680396 90.3919652148063 89.5796603240671 91.7681451612902 92 90.4296956295525 89.1471774193547 89.4640627322724 93 92.5702764976957 91.020848818195 86.0084175709818 85.5889976958518 92.0394863980972 90 92 91.9470882265498 92.0993384866954 93 92.7802419354838 93 89.8918072692135 92.7615021554926 91.0117808830092 87.0444105842135 92 93.6455700906795 92.6082949308757 95.4737903225804 92.1087316039842 97.2076984539916 95 96.4812230563401 97 95.8950683811509 100 91.6995967741936 99 100 98.1312249145234 97.3801843317973 99.3413668797379 97.0513323175263 97.040276126059 90.9254032258064
84.2724561468705 90.7475007432751 83.9400921658996 86.9311635944699 94.1346253902186 92.3679017392594 89.683467741935 91.3345287646801 91.6078768396019 87.9413092760521 92 92 92.5480433328382 89.7056823249564 91.8185483870982 88.5031682027657 88.9818362568756 94.4700460829498 90.5077764976955 90.1072915118171 89.6085829493083 85.69655864427 92.5393563252566 91.9134551062882 91.428450646647 88.1164616470938 92.7520161290325 91.8701687230561 92.8985710569337 93.8636836628507 89.6612996134983 93.4700460829498 94.6135071354252 93.7638713393786 93.4454065705369 96.3781682027668 95.2492381447903 94.7374944254494 96.5866935483872 97.7701612903214 96.5353147762739 98.5299539170502 95.8202764976989 98.5299539170502 96.7139976958524 99.5843708190875 97.5299539170502 96.168815965511 98.0615987810316 97.2164783707426 91.5694867697334
