rasterData/Egypt_bio4.asc
NCOLS 147 
NROWS 116 
XLLCORNER 24.688652792 
YLLCORNER 21.99436916 
CELLSIZE 0.083059832122449 
NODATA_value -3.4e+38 
[rows 0 to 20 of 116, columns 0 to 48 of 147]
-339999999999999996123846586046231871488.000000000000000 -3.4e+38 -3.4e+38 -3.4e+38 -3.4e+38 516.579040527344 -3.4e+38 -3.4e+38 -3.4e+38 -3.4e+38 -3.4e+38 -3.4e+38 -3.4e+38 -3.4e+38 -3.4e+38 -3.4e+38 -3.4e+38 -3.4e+38 -3.4e+38 -3.4e+38 -3.4e+38 -3.4e+38 -3.4e+38 -3.4e+38 -3.4e+38 -3.4e+38 -3.4e+38 -3.4e+38 -3.4e+38 -3.4e+38 -3.4e+38 -3.4e+38 -3.4e+38 -3.4e+38 -3.4e+38 -3.4e+38 -3.4e+38 -3.4e+38 -3.4e+38 -3.4e+38 -3.4e+38 -3.4e+38 -3.4e+38 -3.4e+38 -3.4e+38 -3.4e+38 -3.4e+38 -3.4e+38 -3.4e+38
-3.4e+38 -3.4e+38 -3.4e+38 -3.4e+38 -3.4e+38 519.922668457031 -3.4e+38 -3.4e+38 -3.4e+38 -3.4e+38 -3.4e+38 474.725006103516 473.536956787109 474.036193847656 473.169067382812 470.925811767578 470.015808105469 468.335632324219 466.86572265625 -3.4e+38 -3.4e+38 -3.4e+38 -3.4e+38 -3.4e+38 -3.4e+38 -3.4e+38 -3.4e+38 -3.4e+38 -3.4e+38 -3.4e+38 -3.4e+38 -3.4e+38 -3.4e+38 -3.4e+38 -3.4e+38 -3.4e+38 -3.4e+38 -3.4e+38 -3.4e+38 -3.4e+38 -3.4e+38 -3.4e+38 -3.4e+38 -3.4e+38 -3.4e+38 -3.4e+38 -3.4e+38 -3.4e+38 -3.4e+38
-3.4e+38 -3.4e+38 -3.4e+38 -3.4e+38 537.365539550781 530.471862792969 519.041870117188 508.253662109375 503.466064453125 495.000457763672 491.997650146484 488.824829101562 485.450866699219 484.998046875 482.354553222656 478.266418457031 475.538513183594 475.827789306641 474.850982666016 473.452178955078 471.632568359375 470.862426757812 470.431854248047 469.380310058594 470.087677001953 468.456176757812 -3.4e+38 -3.4e+38 -3.4e+38 -3.4e+38 -3.4e+38 -3.4e+38 -3.4e+38 -3.4e+38 -3.4e+38 -3.4e+38 -3.4e+38 -3.4e+38 -3.4e+38 -3.4e+38 -3.4e+38 -3.4e+38 -3.4e+38 -3.4e+38 -3.4e+38 -3.4e+38 -3.4e+38 -3.4e+38 -3.4e+38
-3.4e+38 -3.4e+38 541.166931152344 540.755798339844 538.385131835938 532.24853515625 525.951843261719 518.678466796875 509.4365234375 505.771484375 502.428070068359 498.361511230469 493.449829101562 489.364013671875 486.119781494141 482.1689453125 480.740264892578 480.8798828125 480.707366943359 480.417205810547 479.408569335938 478.654632568359 478.558227539062 478.795654296875 479.317718505859 478.513488769531 477.669952392578 475.091918945312 472.104888916016 467.963470458984 -3.4e+38 466.054870605469 -3.4e+38 -3.4e+38 -3.4e+38 -3.4e+38 -3.4e+38 -3.4e+38 -3.4e+38 -3.4e+38 -3.4e+38 -3.4e+38 -3.4e+38 -3.4e+38 -3.4e+38 -3.4e+38 -3.4e+38 -3.4e+38 -3.4e+38
-3.4e+38 -3.4e+38 543.2041015625 541.694763183594 538.733703613281 532.932495117188 527.562438964844 521.872985839844 514.928833007812 508.358734130859 504.317443847656 500.502471923828 495.029907226562 493.586608886719 492.124908447266 489.336151123047 487.825317382812 486.565185546875 485.603088378906 485.22900390625 483.940887451172 482.553802490234 482.597290039062 483.311004638672 482.347473144531 482.184204101562 482.373107910156 481.192687988281 480.274810791016 476.214721679688 475.469818115234 475.063079833984 470.315063476562 -3.4e+38 -3.4e+38 -3.4e+38 -3.4e+38 -3.4e+38 -3.4e+38 -3.4e+38 -3.4e+38 -3.4e+38 -3.4e+38 -3.4e+38 -3.4e+38 -3.4e+38 -3.4e+38 -3.4e+38 -3.4e+38
-3.4e+38 -3.4e+38 545.556030273438 543.294799804688 539.240661621094 534.327331542969 528.809753417969 523.667602539062 518.947875976562 514.558227539062 508.7109375 504.294769287109 502.201629638672 499.511322021484 496.809600830078 494.060943603516 491.860504150391 490.453430175781 488.990447998047 487.174926757812 485.854888916016 485.519500732422 485.496185302734 485.879425048828 485.390563964844 485.288116455078 485.283843994141 485.536560058594 484.743103027344 484.052642822266 482.320556640625 482.132781982422 477.803405761719 473.968475341797 -3.4e+38 -3.4e+38 -3.4e+38 469.458831787109 -3.4e+38 -3.4e+38 -3.4e+38 -3.4e+38 -3.4e+38 -3.4e+38 -3.4e+38 -3.4e+38 -3.4e+38 -3.4e+38 -3.4e+38
-3.4e+38 -3.4e+38 547.430725097656 544.964172363281 541.468139648438 536.256774902344 530.334045410156 525.850219726562 521.66796875 517.703369140625 513.030578613281 509.390380859375 506.479125976562 502.994659423828 500.859649658203 498.361846923828 495.817199707031 493.887023925781 492.438140869141 490.942169189453 489.654266357422 488.66748046875 487.661743164062 486.667419433594 486.900939941406 487.139556884766 486.978851318359 486.594696044922 486.469757080078 486.251708984375 486.265655517578 486.640045166016 483.863922119141 481.472259521484 482.907135009766 482.927001953125 481.669616699219 482.31298828125 480.307739257812 -3.4e+38 -3.4e+38 -3.4e+38 -3.4e+38 -3.4e+38 -3.4e+38 -3.4e+38 -3.4e+38 -3.4e+38 -3.4e+38
-3.4e+38 -3.4e+38 -3.4e+38 547.725708007812 544.366760253906 539.202941894531 534.455383300781 530.246826171875 525.79541015625 521.320434570312 516.574951171875 511.845794677734 508.955474853516 505.864593505859 503.340484619141 501.009613037109 497.945678710938 496.304962158203 495.604949951172 493.960418701172 492.230438232422 490.832153320312 489.965942382812 488.784301757812 488.518310546875 488.446411132812 488.576171875 488.810180664062 488.493774414062 488.275054931641 488.498138427734 489.114685058594 488.984283447266 488.343902587891 488.617797851562 488.886383056641 488.837249755859 488.860748291016 487.413513183594 484.433135986328 483.046478271484 483.953704833984 484.648284912109 485.443420410156 483.91455078125 485.918823242188 487.562835693359 -3.4e+38 -3.4e+38
-3.4e+38 -3.4e+38 -3.4e+38 551.028625488281 547.069152832031 542.745727539062 538.549987792969 534.371276855469 529.746765136719 525.176330566406 519.862670898438 515.424194335938 512.220458984375 509.941314697266 507.839813232422 505.051116943359 500.776611328125 498.12451171875 497.106262207031 496.014007568359 494.02978515625 492.662750244141 491.783813476562 491.130920410156 490.510925292969 488.903198242188 488.468231201172 488.470397949219 489.065826416016 490.160675048828 490.424774169922 490.613677978516 490.453430175781 490.501037597656 491.111480712891 491.729309082031 493.098388671875 493.937866210938 493.196655273438 492.561767578125 492.675750732422 493.410552978516 493.651733398438 493.514282226562 492.337280273438 491.971282958984 492.626068115234 492.158081054688 490.918090820312
-3.4e+38 -3.4e+38 -3.4e+38 555.086242675781 551.352478027344 546.648986816406 543.241760253906 539.393432617188 535.076965332031 529.891784667969 524.851440429688 520.790344238281 517.525329589844 514.736633300781 512.147644042969 509.560455322266 505.465301513672 502.676452636719 500.481506347656 499.140441894531 497.936462402344 496.280578613281 494.314239501953 493.743774414062 492.523223876953 491.028747558594 490.387145996094 490.011383056641 491.231872558594 491.878662109375 491.563262939453 491.279724121094 491.238037109375 491.638885498047 492.764923095703 493.200286865234 493.822570800781 495.46923828125 496.509796142578 496.90283203125 497.402801513672 498.205230712891 498.905548095703 499.844360351562 500.148223876953 500.00390625 499.829833984375 500.197723388672 499.714752197266
-3.4e+38 -3.4e+38 -3.4e+38 -3.4e+38 557.398254394531 553.434875488281 549.520812988281 545.070861816406 540.410339355469 536.020751953125 532.421936035156 529.876953125 526.438049316406 522.840454101562 518.803527832031 515.890502929688 512.94189453125 509.736450195312 506.830291748047 504.740417480469 502.867828369141 500.824829101562 499.215362548828 496.938323974609 495.403381347656 494.507354736328 493.995330810547 493.294799804688 494.083648681641 495.061370849609 494.430572509766 494.214233398438 494.492065429688 494.157989501953 494.4404296875 494.842529296875 494.546813964844 495.230804443359 496.605316162109 497.281219482422 497.905456542969 498.922760009766 500.337768554688 501.391387939453 502.214782714844 502.594909667969 503.110687255859 503.81396484375 504.952850341797
-3.4e+38 -3.4e+38 -3.4e+38 -3.4e+38 563.103515625 559.4814453125 554.311218261719 549.319946289062 545.863830566406 542.4921875 539.511901855469 536.112182617188 531.717956542969 527.156982421875 523.145629882812 520.191284179688 517.211303710938 513.862487792969 511.688995361328 510.039123535156 506.483825683594 504.319030761719 502.347930908203 499.435638427734 497.311248779297 497.117492675781 496.317932128906 495.113525390625 495.5458984375 497.032043457031 497.712097167969 497.085174560547 497.190795898438 497.586761474609 497.701934814453 497.319488525391 497.538238525391 497.733093261719 497.8994140625 498.804473876953 499.962707519531 501.456512451172 502.658416748047 503.882171630859 504.871673583984 505.927764892578 506.326141357422 506.948394775391 508.259887695312
-3.4e+38 -3.4e+38 -3.4e+38 570.497131347656 567.020812988281 564.743774414062 560.294921875 555.754272460938 551.477966308594 548.426879882812 544.097534179688 540.788635253906 535.441650390625 530.86572265625 526.808288574219 524.785705566406 521.363464355469 517.89501953125 516.007385253906 513.700500488281 510.801849365234 506.898193359375 504.622680664062 502.228240966797 500.988708496094 500.453582763672 499.089050292969 498.435852050781 498.818298339844 499.305084228516 499.882934570312 499.910736083984 499.911773681641 499.777313232422 500.499847412109 501.294281005859 501.115875244141 501.293212890625 500.147735595703 500.821899414062 502.104187011719 503.379364013672 505.266784667969 506.478973388672 507.980133056641 509.647827148438 511.040222167969 512.669982910156 513.033874511719
-3.4e+38 -3.4e+38 -3.4e+38 576.313659667969 573.114807128906 569.793579101562 565.335571289062 560.412841796875 555.534606933594 551.543640136719 548.502990722656 546.015563964844 540.507385253906 535.859191894531 531.273864746094 528.196716308594 525.419128417969 520.944396972656 518.615234375 515.711608886719 511.087066650391 508.303436279297 505.671234130859 503.486022949219 503.255218505859 501.953857421875 502.686798095703 502.748931884766 502.522735595703 501.9384765625 500.775299072266 499.591278076172 499.789459228516 500.193084716797 500.714141845703 500.626708984375 500.844116210938 502.642395019531 503.064544677734 504.1484375 504.711181640625 504.536987304688 506.003540039062 508.949676513672 510.357757568359 511.712524414062 514.626831054688 516.756225585938 517.365844726562
-3.4e+38 -3.4e+38 -3.4e+38 579.662292480469 578.648010253906 575.570617675781 570.630737304688 565.480590820312 560.733276367188 558.00830078125 555.662963867188 553.000122070312 546.071044921875 540.827209472656 536.9072265625 532.901794433594 529.829895019531 525.6455078125 522.885681152344 520.901245117188 518.124328613281 512.691955566406 507.839996337891 505.654602050781 504.354125976562 504.127746582031 504.379730224609 504.423065185547 503.495788574219 502.719635009766 501.954315185547 501.6171875 501.418151855469 501.404937744141 502.233062744141 503.031280517578 501.173645019531 500.786376953125 502.341491699219 506.054718017578 508.174346923828 507.604248046875 509.201934814453 512.223999023438 513.553039550781 513.098388671875 516.409484863281 519.032470703125 519.920593261719
-3.4e+38 -3.4e+38 586.966247558594 583.735534667969 582.466552734375 580.510375976562 574.841674804688 570.934509277344 568.227355957031 563.476379394531 560.684753417969 557.495239257812 551.624694824219 545.858520507812 541.366333007812 538.262268066406 535.187561035156 532.218627929688 528.919311523438 527.118957519531 525.191040039062 519.782348632812 513.343444824219 507.102752685547 506.396453857422 510.207550048828 509.473571777344 509.453552246094 507.204376220703 505.986541748047 505.541137695312 505.841796875 503.679595947266 504.655822753906 505.511077880859 506.901763916016 505.703918457031 504.869140625 506.036102294922 508.524139404297 511.835693359375 513.505859375 513.970092773438 515.488403320312 517.043518066406 518.383605957031 521.145263671875 522.754333496094 524.794494628906
-3.4e+38 595.057556152344 593.588684082031 589.6396484375 584.908264160156 581.625671386719 578.146606445312 576.310913085938 573.102294921875 568.746704101562 565.832153320312 562.647094726562 556.858459472656 551.309875488281 547.245849609375 543.654663085938 540.837219238281 538.490478515625 534.697265625 532.543395996094 530.202941894531 521.333984375 515.950805664062 509.801849365234 510.856597900391 512.027282714844 512.938293457031 513.827453613281 513.714111328125 509.762786865234 508.205383300781 507.471008300781 506.634857177734 506.45263671875 513.398803710938 517.771667480469 519.214233398438 517.874450683594 518.181213378906 519.347290039062 519.517517089844 523.788696289062 526.633605957031 528.321899414062 528.65380859375 527.534118652344 531.308654785156 533.673583984375 536.018981933594
603.313049316406 599.528259277344 596.614624023438 593.617492675781 589.193420410156 585.097106933594 584.55224609375 583.141235351562 579.231140136719 575.216979980469 571.796875 567.7421875 562.386291503906 557.535888671875 553.761596679688 550.946472167969 548.54052734375 545.555725097656 541.829162597656 537.805541992188 533.922302246094 526.338134765625 521.936645507812 523.120422363281 523.026000976562 524.344177246094 525.7705078125 525.466186523438 524.689392089844 520.765747070312 520.034545898438 520.201049804688 520.844970703125 524.189392089844 528.988525390625 531.792297363281 531.38330078125 528.718017578125 529.951782226562 530.106201171875 529.737915039062 533.48876953125 535.780578613281 538.471923828125 539.949401855469 539.978088378906 540.712158203125 542.322143554688 543.212463378906
608.369934082031 604.515747070312 600.63818359375 597.198303222656 592.307556152344 590.734375 589.766479492188 586.320617675781 582.182373046875 578.630554199219 576.088073730469 572.156677246094 567.050109863281 562.868713378906 559.192626953125 556.0927734375 554.241027832031 551.718933105469 549.309631347656 545.923400878906 541.277404785156 530.4306640625 525.988830566406 532.242431640625 532.660766601562 533.640930175781 533.34375 532.515319824219 528.521179199219 524.796630859375 528.513305664062 530.210327148438 533.310180664062 535.049987792969 535.553466796875 536.889038085938 537.051086425781 537.298767089844 539.769775390625 540.352661132812 539.757690429688 541.988159179688 544.15185546875 545.546997070312 546.489990234375 547.109313964844 546.79541015625 547.208251953125 548.336608886719
-3.4e+38 608.806457519531 603.858093261719 600.286193847656 596.121826171875 592.649047851562 588.226806640625 584.255065917969 580.613220214844 578.754089355469 577.481140136719 574.3203125 570.568664550781 566.411254882812 562.785766601562 559.6044921875 557.883605957031 556.643737792969 554.22119140625 551.971130371094 547.61767578125 540.806945800781 531.704772949219 538.419677734375 540.022399902344 539.236206054688 537.070617675781 534.325805664062 532.106506347656 534.469360351562 537.783142089844 539.759643554688 540.387817382812 540.893432617188 542.349365234375 542.826232910156 543.424438476562 543.669616699219 545.248779296875 545.76708984375 546.825988769531 547.906311035156 548.614196777344 549.711791992188 550.694885253906 552.184631347656 551.555297851562 550.933410644531 552.298461914062
-3.4e+38 611.746704101562 606.886047363281 603.776550292969 600.437805175781 596.438171386719 590.866821289062 585.295593261719 580.66748046875 578.24072265625 575.534545898438 573.431213378906 571.94140625 568.896789550781 565.687927246094 562.129516601562 560.818908691406 560.566101074219 559.505859375 556.341552734375 551.967407226562 545.536376953125 537.780334472656 542.861206054688 544.9248046875 542.784912109375 542.581787109375 539.455932617188 541.551574707031 542.665893554688 542.468017578125 543.656677246094 545.334350585938 546.619262695312 547.030456542969 546.286682128906 547.444946289062 547.628601074219 548.654296875 550.138793945312 550.263122558594 550.999328613281 552.599975585938 553.112670898438 554.750854492188 556.399230957031 556.9228515625 555.888610839844 556.273315429688
