rasterData/Egypt_bio10.asc
NCOLS 147 
NROWS 116 
XLLCORNER 24.688652792 
YLLCORNER 21.99436916 
CELLSIZE 0.083059832122449 
NODATA_value -3.4e+38 
[rows 21 to 41 of 116, columns 0 to 48 of 147]
-3.4e+38 -3.4e+38 27.2798328399658 27.0799999237061 27.0065002441406 26.9526672363281 26.8173332214355 26.6093330383301 26.52783203125 26.5275001525879 26.449333190918 26.3106670379639 26.2638320922852 26.2503337860107 26.1916656494141 26.1496658325195 26.1568336486816 26.1318321228027 26.0815010070801 26.0081672668457 25.92799949646 25.8850002288818 26.0726661682129 26.4479999542236 26.7843322753906 27.5850009918213 27.7986679077148 28.1853332519531 28.5486660003662 28.2929992675781 28.2544994354248 28.4624996185303 28.468334197998 28.4086666107178 28.2210006713867 27.8771667480469 27.7835006713867 27.7888336181641 27.638500213623 27.6173343658447 27.5066680908203 27.3873329162598 27.2999992370605 27.2153339385986 27.1431655883789 27.1199989318848 27.1268329620361 27.0256671905518 26.882833480835
-3.4e+38 -3.4e+38 27.7013339996338 27.341833114624 27.2046661376953 27.0799999237061 26.9648342132568 26.7948341369629 26.6339988708496 26.5900001525879 26.576000213623 26.4948329925537 26.6113338470459 26.5599994659424 26.4338321685791 26.3806667327881 26.3365001678467 26.2473335266113 26.1394996643066 25.9971675872803 26.0860004425049 26.429500579834 26.9316673278809 27.3174991607666 27.6788330078125 27.621166229248 27.7693328857422 28.1626663208008 28.5020008087158 28.3175010681152 28.1841659545898 28.1219997406006 28.1560001373291 28.0726661682129 28.0706672668457 27.9306678771973 27.8041648864746 27.7503337860107 27.6569995880127 27.5443344116211 27.5025005340576 27.3533325195312 27.218334197998 27.2110004425049 27.0671672821045 27.0796661376953 27.1411666870117 27.1081657409668 26.9048347473145
-3.4e+38 -3.4e+38 28.1840000152588 27.7545013427734 27.5106658935547 27.3516674041748 27.1673336029053 26.9750003814697 26.8293323516846 26.8321666717529 26.837833404541 26.7841663360596 26.6718330383301 26.6879997253418 26.6488342285156 26.5561656951904 26.445499420166 26.2724990844727 26.1698341369629 26.0834999084473 26.234001159668 26.9918327331543 27.4371662139893 27.6580009460449 27.8716659545898 27.7898330688477 28.1078338623047 28.4274997711182 28.3659992218018 28.2268333435059 28.1523323059082 28.1031665802002 28.0279998779297 27.9405002593994 27.9949989318848 28.0438346862793 27.8491649627686 27.8185005187988 27.7378330230713 27.5621662139893 27.5001678466797 27.4540004730225 27.2298336029053 27.1625003814697 27.0154991149902 26.9565010070801 27.0010013580322 26.9891662597656 26.9213333129883
-3.4e+38 -3.4e+38 28.7941665649414 28.6815013885498 27.8856658935547 27.4361667633057 27.1593341827393 27.0613327026367 27.1079998016357 27.1531677246094 27.2175006866455 27.1021671295166 26.871000289917 26.7918338775635 26.658166885376 26.4905014038086 26.3985004425049 26.2924995422363 26.1068344116211 26.0260009765625 26.2296657562256 27.3371677398682 27.7643337249756 27.8139991760254 27.8946666717529 27.9650001525879 28.0424995422363 28.308500289917 28.3888339996338 28.462833404541 28.4373340606689 28.242000579834 28.2370014190674 28.0526657104492 27.9471664428711 27.9759998321533 27.912166595459 27.7978324890137 27.8276672363281 27.7348327636719 27.5658340454102 27.4393329620361 27.3028335571289 27.181001663208 27.1469993591309 27.0678329467773 26.9910011291504 26.9421653747559 26.9718322753906
-3.4e+38 -3.4e+38 28.667667388916 28.5748329162598 27.8628330230713 27.6118335723877 27.3169994354248 27.2005004882812 27.1380004882812 27.1149997711182 27.1533317565918 27.1488342285156 27.0258331298828 27.0839996337891 27.0869998931885 26.6944999694824 26.4214992523193 26.2826652526855 26.142333984375 26.1383323669434 26.5795001983643 27.5691680908203 27.7910003662109 28.2726669311523 28.3106670379639 28.4618339538574 28.4400005340576 28.3863334655762 28.2766666412354 28.6493339538574 28.7326679229736 28.5928344726562 28.7193336486816 28.7771663665771 28.5260009765625 28.0658340454102 27.9718322753906 27.9169998168945 27.7546653747559 27.7076663970947 27.6005001068115 27.4583320617676 27.382833480835 27.2784996032715 27.2331657409668 27.0513324737549 26.9791660308838 27.0049991607666 26.9538345336914
-339999999999999996123846586046231871488.000000000000000 -3.4e+38 -3.4e+38 28.4023342132568 28.046501159668 28.0963325500488 27.897834777832 27.4580001831055 27.238000869751 27.1441669464111 27.1264991760254 27.0806655883789 27.0841674804688 27.6016674041748 27.871166229248 27.3250007629395 26.8141670227051 26.6971664428711 26.5226669311523 26.4946670532227 27.0038318634033 27.7406673431396 27.8924999237061 28.3166656494141 28.4700012207031 28.5751667022705 28.8055000305176 28.7329998016357 28.683666229248 28.7156677246094 28.6690006256104 28.6650009155273 28.6326656341553 28.6383323669434 28.8721656799316 28.9689998626709 28.7353324890137 28.1444988250732 27.8683319091797 27.6604995727539 27.6159992218018 27.5496673583984 27.5128326416016 27.4731674194336 27.3554992675781 27.2043342590332 27.0659999847412 27.0631656646729 27.0498332977295
-3.4e+38 -3.4e+38 -3.4e+38 28.4451675415039 28.4124984741211 28.0656661987305 27.7344989776611 27.8308334350586 28.0263328552246 27.6696662902832 27.2941665649414 27.2496662139893 27.3011665344238 27.8818340301514 28.1301670074463 27.9713325500488 27.3741664886475 27.0241661071777 26.8033332824707 26.7448348999023 26.9921684265137 27.8439998626709 27.941333770752 28.3751659393311 29.0995006561279 29.3813323974609 29.2779998779297 29.0555000305176 29.0418338775635 29.1630001068115 29.2046680450439 28.9293327331543 28.7743339538574 28.5050010681152 28.5090007781982 28.7863330841064 28.6855010986328 28.3938331604004 28.0136661529541 27.6908340454102 27.6096668243408 27.5895004272461 27.5299987792969 27.5393333435059 27.4993324279785 27.3826675415039 27.2541656494141 27.1738338470459 27.1475009918213
-3.4e+38 -3.4e+38 -3.4e+38 28.417667388916 28.3878326416016 28.4113349914551 28.3315010070801 28.0633335113525 28.1140003204346 27.9051666259766 27.7666664123535 28.0748329162598 28.0063323974609 28.3619995117188 28.5501670837402 28.8759994506836 28.3810005187988 27.5883331298828 27.0476665496826 26.9639987945557 27.1533336639404 27.8779983520508 28.0846672058105 28.7481670379639 29.2956676483154 29.7001667022705 29.6054992675781 29.3753337860107 29.3408336639404 29.4233322143555 29.3816661834717 29.2458343505859 29.0788326263428 28.716833114624 28.5879993438721 28.5445003509521 28.4688339233398 28.3269996643066 28.1359996795654 27.9879989624023 27.9328346252441 27.9956665039062 27.9731674194336 27.8106670379639 27.6160011291504 27.507833480835 27.4426651000977 27.4794998168945 27.4431648254395
-3.4e+38 -3.4e+38 -3.4e+38 -3.4e+38 28.353832244873 28.3121681213379 28.2843322753906 28.296501159668 28.2651672363281 27.9531669616699 28.175666809082 28.7123336791992 28.640998840332 28.4688339233398 28.5966663360596 28.6816673278809 28.5995006561279 28.1625003814697 27.4965000152588 27.5246677398682 27.5938339233398 28.3253345489502 29.0010013580322 29.2723331451416 29.0391674041748 29.2516670227051 29.6723327636719 29.7215003967285 29.7224998474121 29.7061672210693 29.5475006103516 29.4913330078125 29.3658332824707 29.0056667327881 28.8419990539551 28.6858329772949 28.4594993591309 28.1773338317871 28.0294990539551 28.3981666564941 28.3505001068115 28.2030010223389 28.0804996490479 27.9776668548584 27.8346672058105 27.7681674957275 27.6571674346924 27.6998329162598 27.5740013122559
-3.4e+38 -3.4e+38 -3.4e+38 -3.4e+38 28.4365005493164 28.3311672210693 28.2543334960938 28.2821655273438 28.2325000762939 28.2026672363281 28.1754989624023 28.4913330078125 28.7584991455078 28.4926662445068 28.50950050354 28.4993343353271 28.3743324279785 28.0789985656738 27.9529991149902 28.1803340911865 28.6000003814697 29.1273326873779 29.2119998931885 29.2233333587646 29.1044998168945 29.1656665802002 29.3151664733887 29.4888324737549 29.5301666259766 29.5170001983643 29.5403327941895 29.5580005645752 29.4416656494141 29.1371669769287 28.99049949646 28.8350009918213 28.6175003051758 28.5056667327881 28.6873321533203 28.5328330993652 28.2950000762939 28.0844993591309 27.9461669921875 27.8953342437744 27.861665725708 27.8583335876465 27.7811660766602 27.6523342132568 27.5673332214355
-3.4e+38 -3.4e+38 -3.4e+38 -3.4e+38 28.5919990539551 28.3983325958252 28.3133335113525 28.2573318481445 28.1801662445068 28.1238327026367 28.0541667938232 28.3108329772949 28.2936668395996 28.3115005493164 28.3021659851074 28.3131675720215 28.3091659545898 28.2138328552246 27.9686660766602 28.0596656799316 28.3881664276123 28.295166015625 28.1235008239746 28.4981670379639 28.8726654052734 28.9396667480469 28.7638339996338 28.6806659698486 28.6020011901855 28.6551666259766 28.7098331451416 28.5913333892822 28.5939998626709 28.5200004577637 28.5360012054443 28.574333190918 28.4689998626709 28.3810005187988 28.4620018005371 28.3178329467773 28.0418319702148 27.853832244873 27.8043327331543 27.7959995269775 27.7705001831055 27.693000793457 27.6490001678467 27.7216663360596 27.9446678161621
-3.4e+38 -3.4e+38 -3.4e+38 -3.4e+38 28.6321659088135 28.4878330230713 28.3918342590332 28.32200050354 28.238166809082 28.2194995880127 28.224666595459 28.2329998016357 28.1713333129883 28.1698322296143 28.1121673583984 28.0748329162598 28.130500793457 27.9169998168945 27.3465003967285 27.6696662902832 28.7106666564941 28.5469989776611 28.0816669464111 28.2905006408691 28.5485000610352 28.5083332061768 28.2898330688477 28.0338325500488 27.9174995422363 27.8983345031738 27.9391670227051 27.7911682128906 27.9696655273438 27.9680004119873 28.1998329162598 28.4398326873779 28.3728332519531 28.2210006713867 28.1271667480469 27.986499786377 27.8985004425049 27.8358345031738 27.839168548584 27.8159999847412 27.7801666259766 27.7971668243408 27.8423328399658 27.9939994812012 28.212833404541
-3.4e+38 -3.4e+38 -3.4e+38 -3.4e+38 28.6433334350586 28.5543327331543 28.4685001373291 28.4108333587646 28.359167098999 28.3151664733887 28.2668342590332 28.1989994049072 28.0296669006348 27.9204998016357 27.8794994354248 27.9306678771973 27.6811676025391 27.5634994506836 27.1324996948242 27.0641670227051 27.8799991607666 28.0369987487793 27.8701667785645 28.1896667480469 28.2320003509521 28.1730003356934 27.9641666412354 27.6296653747559 27.5793342590332 27.7321662902832 28.0938339233398 28.1951675415039 28.1891670227051 28.0978336334229 28.2938327789307 28.6293334960938 28.3921661376953 28.2401676177979 28.1311664581299 27.9466667175293 27.9165000915527 27.9265003204346 27.9123344421387 27.912166595459 27.9244995117188 27.9504985809326 27.9813327789307 27.9903335571289 28.0283336639404
-3.4e+38 -3.4e+38 -3.4e+38 -3.4e+38 28.6908321380615 28.603666305542 28.5349998474121 28.4925003051758 28.4314994812012 28.3684997558594 28.3351669311523 28.240665435791 28.1169986724854 28.0838317871094 28.0244998931885 28.1096668243408 28.1138343811035 27.9274997711182 27.4178333282471 27.2506675720215 27.6768321990967 27.816333770752 27.6363334655762 27.7131671905518 27.9670009613037 27.9010009765625 28.033166885376 27.8903331756592 28.1205005645752 28.6184997558594 28.7916660308838 28.6918334960938 28.4355010986328 28.2609996795654 28.1703319549561 28.0716667175293 28.0060005187988 27.9691677093506 27.9763336181641 27.9029998779297 27.9389991760254 27.9778327941895 27.9930000305176 27.9950008392334 28.0431671142578 28.041332244873 28.0615005493164 27.9931678771973 28.0471668243408
-3.4e+38 -3.4e+38 -3.4e+38 -3.4e+38 28.7403335571289 28.6633338928223 28.5854988098145 28.541166305542 28.496000289917 28.4444999694824 28.3986663818359 28.3266677856445 28.3024997711182 28.2478332519531 28.1894989013672 28.1924991607666 28.2201652526855 28.142333984375 28.2858333587646 28.1811676025391 28.1870002746582 28.517333984375 28.160665512085 28.2656669616699 28.4988346099854 28.316499710083 28.6424999237061 28.9411659240723 29.0846672058105 28.7973327636719 28.7294998168945 28.6398334503174 28.38450050354 28.1669998168945 27.8726654052734 27.7600002288818 27.7636661529541 27.7343330383301 27.8299999237061 28.0851669311523 27.9821662902832 28.0311660766602 28.0706672668457 27.9298324584961 27.9503326416016 27.9440002441406 27.9861660003662 28.0440006256104 27.9966659545898
-3.4e+38 -3.4e+38 -3.4e+38 -3.4e+38 28.7895011901855 28.7201652526855 28.6539993286133 28.5993347167969 28.5498332977295 28.5103340148926 28.4693336486816 28.4108333587646 28.3903331756592 28.3904991149902 28.3479995727539 28.3289985656738 28.3183326721191 28.3231658935547 28.4558334350586 28.6536674499512 28.6748332977295 28.7391662597656 28.6918334960938 28.6284999847412 28.625 28.5276679992676 28.6258335113525 28.6363334655762 28.6195011138916 28.6121673583984 28.5926666259766 28.5191669464111 28.2138328552246 27.9653339385986 28.2119998931885 28.3306674957275 27.9664993286133 27.7229995727539 27.7770004272461 27.9283332824707 28.0128326416016 28.0238342285156 28.0511665344238 27.9088325500488 27.8216667175293 27.7796669006348 27.6884994506836 27.8320007324219 27.8754997253418
-3.4e+38 -3.4e+38 -3.4e+38 -3.4e+38 28.8343334197998 28.765832901001 28.7068328857422 28.6578330993652 28.6336669921875 28.5771675109863 28.525333404541 28.4674987792969 28.4771671295166 28.4776668548584 28.4654998779297 28.4604988098145 28.4471664428711 28.3938331604004 28.5138339996338 28.519832611084 28.4366664886475 28.4593334197998 28.4669990539551 28.2858333587646 28.2329998016357 28.1560001373291 28.3423328399658 28.4220008850098 28.4994983673096 28.5436668395996 28.5745010375977 28.4741668701172 28.3191661834717 28.3745002746582 28.4141674041748 28.1949996948242 27.9610004425049 27.7588329315186 27.7178344726562 27.8500003814697 27.9524993896484 27.9388332366943 27.8796672821045 27.7771663665771 27.7268333435059 27.5610008239746 27.3981666564941 27.5168342590332 27.746000289917
-3.4e+38 -3.4e+38 -3.4e+38 -3.4e+38 28.8916664123535 28.8361663818359 28.7773342132568 28.7356662750244 28.6918334960938 28.6551666259766 28.595832824707 28.5428333282471 28.5550003051758 28.5761680603027 28.560998916626 28.5423336029053 28.5448341369629 28.4168319702148 28.3541679382324 28.1490001678467 27.9968338012695 27.9643325805664 27.8696670532227 27.6396656036377 27.7216663360596 27.9260005950928 28.1474990844727 28.3126659393311 28.2560005187988 28.2838325500488 28.3088340759277 28.2486667633057 28.2741661071777 28.1046676635742 27.9360008239746 27.767333984375 27.799165725708 27.8196659088135 27.8096656799316 27.7881660461426 27.8391666412354 27.863166809082 27.7604999542236 27.6216659545898 27.5190010070801 27.4458332061768 27.5755004882812 27.7688331604004 27.9513339996338
-3.4e+38 -3.4e+38 -3.4e+38 -3.4e+38 28.970832824707 28.9095001220703 28.8706665039062 28.8041667938232 28.7521667480469 28.7098331451416 28.6554985046387 28.6256675720215 28.617166519165 28.6318340301514 28.6189994812012 28.626501083374 28.6224994659424 28.5375003814697 28.369499206543 28.1381664276123 28.082332611084 27.9943332672119 27.9594993591309 27.9386672973633 28.0216655731201 28.1641654968262 28.2596664428711 28.1840000152588 28.0758323669434 28.0524997711182 28.1061668395996 28.0016670227051 27.9809989929199 27.8513336181641 27.9218330383301 28.1215000152588 28.174165725708 28.2258338928223 28.2469997406006 28.1693344116211 28.1645011901855 28.1708335876465 28.0988330841064 27.9478340148926 27.8705005645752 27.8544998168945 27.7840003967285 27.9243335723877 28.2705001831055
-3.4e+38 -3.4e+38 -3.4e+38 -3.4e+38 29.054500579834 28.9816665649414 28.9554996490479 28.8945007324219 28.8406677246094 28.7945003509521 28.7386665344238 28.6940002441406 28.6976661682129 28.6978340148926 28.6856670379639 28.6865005493164 28.693000793457 28.6689987182617 28.6041660308838 28.5093326568604 28.380500793457 28.3601665496826 28.158332824707 28.1760005950928 28.3295001983643 28.19700050354 28.1458339691162 28.0986671447754 28.0434989929199 28.0550003051758 28.0485000610352 28.0508346557617 28.0426654815674 27.9685001373291 28.0113334655762 28.042667388916 28.1398334503174 28.2721652984619 28.3688316345215 28.3470001220703 28.3489990234375 28.3613338470459 28.3543338775635 28.2568340301514 28.1281661987305 28.0205001831055 27.8871669769287 28.3535003662109 28.8470001220703
-3.4e+38 -3.4e+38 -3.4e+38 -3.4e+38 29.1326675415039 29.056999206543 29.0101661682129 28.9685001373291 28.9261665344238 28.88450050354 28.8179988861084 28.771167755127 28.7811660766602 28.7851676940918 28.7581672668457 28.7608337402344 28.7533340454102 28.7481670379639 28.7371673583984 28.7218322753906 28.6656665802002 28.482666015625 28.3078327178955 28.2934989929199 28.2726669311523 28.1868324279785 28.1853332519531 28.179666519165 28.109167098999 28.0781669616699 28.183500289917 28.3156661987305 28.256498336792 28.2203330993652 28.1429996490479 28.1455001831055 28.1886672973633 28.3021659851074 28.4249992370605 28.4363327026367 28.3506660461426 28.3304996490479 28.3858337402344 28.3236656188965 28.1049995422363 28.0671672821045 28.4461669921875 28.6643333435059 28.9020004272461
