rasterData/Egypt_bio10.asc
NCOLS 147 
NROWS 116 
XLLCORNER 24.688652792 
YLLCORNER 21.99436916 
CELLSIZE 0.083059832122449 
NODATA_value -3.4e+38 
[rows 84 to 104 of 116, columns 0 to 48 of 147]
-3.4e+38 -3.4e+38 -3.4e+38 -3.4e+38 30.2910003662109 30.0844993591309 29.7843322753906 29.7588329315186 29.7693328857422 29.5893325805664 29.7506675720215 29.71266746521 29.6886672973633 29.3343334197998 29.0648326873779 28.9166679382324 28.8544998168945 28.832332611084 28.9053344726562 28.9476661682129 28.9478321075439 28.9253330230713 28.8466663360596 28.7403335571289 28.6788330078125 28.7876663208008 28.8586673736572 28.8991661071777 28.9816665649414 29.0341663360596 29.0721664428711 29.2648334503174 29.4636669158936 29.4946670532227 29.6555004119873 29.8904991149902 30.0189990997314 29.9965000152588 29.9073333740234 29.9519996643066 30.1324996948242 30.2490005493164 30.2501659393311 30.3306655883789 30.4641666412354 30.6231670379639 30.7105007171631 30.7344989776611 30.6761665344238
-3.4e+38 -3.4e+38 -3.4e+38 -3.4e+38 29.954833984375 29.7119998931885 29.8066673278809 29.7961654663086 29.7006664276123 29.6568336486816 29.7691669464111 29.8381671905518 29.5779991149902 29.1823329925537 28.9519996643066 28.8229999542236 28.7653331756592 28.701000213623 28.673999786377 28.7781677246094 28.8169994354248 28.8398342132568 28.7185001373291 28.691499710083 28.7650012969971 28.8543319702148 28.8915004730225 28.8446674346924 28.6730003356934 28.6856670379639 28.9078330993652 29.2228336334229 29.3320007324219 29.4228324890137 29.4621658325195 29.6318321228027 29.8191661834717 29.9903335571289 29.978832244873 30 30.1855010986328 30.3128337860107 30.404167175293 30.4633331298828 30.5906658172607 30.7549991607666 30.7733325958252 30.6935005187988 30.627498626709
-3.4e+38 -3.4e+38 -3.4e+38 -3.4e+38 30.0669994354248 29.6798343658447 29.703498840332 29.6186656951904 29.5013332366943 29.6321659088135 29.8395004272461 29.6483325958252 29.3763332366943 28.9114990234375 28.8298320770264 28.6988334655762 28.5208339691162 28.4169998168945 28.488166809082 28.7598342895508 28.6361656188965 28.7258338928223 28.6311664581299 28.5926666259766 28.7258338928223 28.8413333892822 28.7568340301514 28.4995002746582 28.3546676635742 28.4045009613037 28.5645008087158 28.8453330993652 29.093334197998 29.2905006408691 29.3309993743896 29.5311660766602 29.7234992980957 29.8444995880127 29.9505004882812 30.011833190918 30.091833114624 30.1161670684814 30.1999988555908 30.3068332672119 30.4340000152588 30.6105003356934 30.8365001678467 30.9956665039062 31.0335006713867
-3.4e+38 -3.4e+38 -3.4e+38 -3.4e+38 30.0646667480469 29.7565002441406 29.7526664733887 29.6065006256104 29.4085006713867 29.4930000305176 29.5683326721191 29.4930000305176 29.0888328552246 28.7116661071777 28.7311668395996 28.5310001373291 28.378833770752 28.2253341674805 28.4618320465088 28.7121677398682 28.5826663970947 28.5496673583984 28.5281677246094 28.5235004425049 28.7175006866455 28.7768325805664 28.6014995574951 28.3764991760254 28.2843322753906 28.3568344116211 28.5294990539551 28.7948341369629 29.0578346252441 29.2964992523193 29.5153331756592 29.662166595459 29.775333404541 29.8320007324219 29.9165000915527 30.0375003814697 29.9969997406006 30.1168346405029 30.2334995269775 30.3880004882812 30.4323329925537 30.6123332977295 30.8933334350586 31.0143337249756 31.019832611084
-3.4e+38 -3.4e+38 -3.4e+38 -3.4e+38 29.9633331298828 29.7346668243408 29.7514991760254 29.6228332519531 29.3833332061768 29.4631671905518 29.5345001220703 29.462833404541 28.8493328094482 28.4680004119873 28.6243343353271 28.4489994049072 28.3326663970947 28.2220001220703 28.4139995574951 28.617166519165 28.5855007171631 28.4181671142578 28.4846668243408 28.4869995117188 28.6513328552246 28.6491680145264 28.4803333282471 28.328332901001 28.3720016479492 28.5516681671143 28.8931655883789 29.2776660919189 29.683666229248 29.9866676330566 30.0978336334229 29.9273338317871 29.8325004577637 29.8488349914551 29.867166519165 30.0360012054443 30.0628337860107 30.1805000305176 30.2819995880127 30.4173336029053 30.5625 30.6808338165283 30.986499786377 31.1030006408691 31.0926666259766
-3.4e+38 -3.4e+38 -3.4e+38 -3.4e+38 30.2068328857422 29.6213340759277 29.63450050354 29.5605010986328 29.2783336639404 29.2898330688477 29.6666660308838 29.4036674499512 29.0186653137207 28.5846672058105 28.6634998321533 28.3728332519531 28.2574996948242 28.1445007324219 28.208833694458 28.4101676940918 28.550666809082 28.469165802002 28.3920021057129 28.5074996948242 28.5881671905518 28.4693336486816 28.4313316345215 28.4101676940918 28.5338325500488 28.7811660766602 29.5900001525879 29.9270000457764 30.026834487915 30.0968341827393 30.0461654663086 29.904167175293 29.826000213623 29.9179992675781 29.9721660614014 30.0659999847412 30.121166229248 30.2566661834717 30.5238342285156 30.6319999694824 30.7411670684814 30.8731651306152 31.0271663665771 31.0076675415039 30.9750003814697
-3.4e+38 -3.4e+38 -3.4e+38 -3.4e+38 30.2903347015381 29.386833190918 29.4438343048096 29.4619998931885 28.8226661682129 28.9451656341553 29.5405006408691 29.2898330688477 29.0741653442383 28.7958335876465 28.4496669769287 28.2328338623047 28.1278343200684 27.9358329772949 27.9656677246094 28.189998626709 28.4419994354248 28.5463333129883 28.4645004272461 28.4518337249756 28.5041656494141 28.3698329925537 28.4703330993652 28.5573329925537 28.647834777832 28.9770011901855 29.6959991455078 29.8081665039062 29.8731670379639 29.96533203125 30.0708332061768 30.0643329620361 29.820333480835 29.9104995727539 30.0756664276123 30.0755004882812 30.404167175293 30.6268329620361 30.6841678619385 30.6663341522217 30.7749996185303 30.900333404541 30.9759998321533 30.9653339385986 30.8963317871094
-3.4e+38 -3.4e+38 -3.4e+38 -3.4e+38 30.533332824707 29.5181655883789 29.1754989624023 29.1971664428711 28.7194995880127 28.7133331298828 29.3288326263428 29.0596656799316 28.8454990386963 28.8128337860107 28.5203323364258 27.9193325042725 27.9095001220703 27.7014999389648 27.7298336029053 27.9196662902832 28.2189998626709 28.4148330688477 28.3578338623047 28.431999206543 28.3906669616699 28.3889999389648 28.3953323364258 28.5844993591309 28.7558326721191 29.0618343353271 29.787166595459 29.7415008544922 29.7993335723877 29.8916664123535 30.0485000610352 30.0183334350586 29.9438323974609 30.1188335418701 30.1966667175293 30.1604995727539 30.373498916626 30.6019992828369 30.6471672058105 30.5881652832031 30.7948341369629 30.863166809082 30.945333480835 30.9724998474121 30.9389991760254
-3.4e+38 -3.4e+38 -3.4e+38 -3.4e+38 30.767333984375 30.3746662139893 29.4393348693848 29.1803340911865 28.8649997711182 28.7508335113525 28.9396667480469 28.7019996643066 28.5813331604004 28.4775009155273 28.003999710083 27.844165802002 27.7273330688477 27.6284999847412 27.4085006713867 27.4923324584961 27.9578342437744 28.2294998168945 28.1870002746582 28.3920001983643 28.6191673278809 28.6473331451416 28.65966796875 28.7768325805664 29.1054992675781 29.5848331451416 29.9308338165283 29.8603324890137 29.8993320465088 29.896333694458 30.0645008087158 30.0620002746582 30.1411666870117 30.0955009460449 30.2590007781982 30.2151679992676 30.341833114624 30.6001663208008 30.617000579834 30.5888328552246 30.7846660614014 30.8621673583984 30.8886661529541 30.976167678833 30.9685001373291
-3.4e+38 -3.4e+38 -3.4e+38 -3.4e+38 30.9469985961914 30.1386661529541 29.2313346862793 29.1534996032715 28.9766674041748 28.9071674346924 28.867166519165 28.5373344421387 28.6113338470459 28.2551670074463 27.8763332366943 27.818000793457 27.5588340759277 27.7218322753906 27.3455009460449 27.6079998016357 27.9734992980957 28.1058330535889 28.3641662597656 28.6356678009033 29.2104988098145 29.5685005187988 29.1494998931885 28.9423332214355 29.2843322753906 29.8518333435059 29.9076671600342 29.894832611084 29.8824996948242 29.8835010528564 29.982666015625 30.1393337249756 30.1800003051758 30.1023330688477 30.2534999847412 30.2866668701172 30.367000579834 30.5696659088135 30.5994987487793 30.6221656799316 30.7226676940918 30.8188343048096 30.9099998474121 31.0003337860107 31.0211658477783
-3.4e+38 -3.4e+38 -3.4e+38 -3.4e+38 30.9461669921875 29.7056674957275 28.9710006713867 28.8761672973633 28.8804988861084 28.7641677856445 28.6751670837402 28.4495010375977 28.505500793457 28.2981662750244 28.201000213623 27.9678344726562 27.7569999694824 27.7999992370605 27.3945007324219 27.6691665649414 27.6840000152588 27.8763332366943 28.5963344573975 29.1526679992676 29.5176677703857 29.7851676940918 29.7084999084473 29.6113338470459 29.6971664428711 30.0149993896484 29.9631671905518 29.8983325958252 29.9061660766602 29.9113330841064 29.9821662902832 30.0923328399658 30.2049999237061 30.2329998016357 30.3113327026367 30.3680000305176 30.421667098999 30.5563335418701 30.6073341369629 30.6544990539551 30.734167098999 30.8144989013672 30.9401664733887 31.0424995422363 31.1071662902832
-3.4e+38 -3.4e+38 -3.4e+38 -3.4e+38 30.7378330230713 30.0314998626709 28.8751659393311 28.6126670837402 28.6773338317871 28.5755004882812 28.5223331451416 28.306999206543 28.6596660614014 28.3471660614014 28.1573333740234 27.9743328094482 27.8233337402344 27.708833694458 27.4498329162598 27.3216667175293 27.5073337554932 27.8871669769287 28.6293334960938 29.1121673583984 29.3801670074463 29.6981658935547 29.8675003051758 29.8659992218018 29.8290004730225 29.9486656188965 29.8406658172607 29.7390003204346 29.7028331756592 29.8898334503174 30.064001083374 30.230167388916 30.2663345336914 30.2700004577637 30.3481674194336 30.435998916626 30.4538326263428 30.5998344421387 30.6641674041748 30.6873340606689 30.783332824707 30.86549949646 30.9834995269775 31.0900001525879 31.1809997558594
-3.4e+38 -3.4e+38 -3.4e+38 -3.4e+38 30.5175018310547 30.2140007019043 30.0405006408691 29.1604995727539 28.8733329772949 28.5116653442383 28.3705005645752 27.9715003967285 28.4996681213379 28.4068336486816 28.1785011291504 27.8273334503174 27.4631671905518 27.4286670684814 27.4893341064453 27.4729995727539 27.6906661987305 27.8781661987305 28.2668323516846 28.9306659698486 29.3369998931885 29.568000793457 29.7325000762939 29.4833335876465 29.6911678314209 29.5328330993652 29.5001678466797 29.445333480835 29.5205001831055 29.9235000610352 30.1145000457764 30.2943325042725 30.3400001525879 30.333833694458 30.4141654968262 30.4951667785645 30.5226669311523 30.6593341827393 30.7468338012695 30.7709999084473 30.8548336029053 30.9669990539551 31.0931663513184 31.1973342895508 31.2766666412354
-3.4e+38 -3.4e+38 -3.4e+38 -3.4e+38 29.96533203125 30.1840000152588 30.2441654205322 30.2308330535889 29.9449996948242 29.2215003967285 27.8716659545898 27.5694999694824 28.4270000457764 28.3816661834717 27.9478340148926 27.5960006713867 27.3111667633057 27.3850002288818 27.6188335418701 27.757833480835 27.9150009155273 27.970832824707 28.2358322143555 28.8516674041748 29.2530002593994 29.3815002441406 29.296501159668 29.2656669616699 29.4486656188965 29.3636665344238 29.2003345489502 29.1631660461426 29.5999984741211 29.9734992980957 30.1723327636719 30.3221664428711 30.4381675720215 30.4615001678467 30.5011672973633 30.5713329315186 30.6001663208008 30.7269992828369 30.8143329620361 30.8570003509521 30.9449996948242 31.0356674194336 31.1538333892822 31.2756671905518 31.3718338012695
-3.4e+38 -3.4e+38 -3.4e+38 -3.4e+38 29.7968330383301 30.0016670227051 30.0793323516846 29.9936676025391 29.8353328704834 29.4955005645752 29.2623329162598 28.6313323974609 28.3279991149902 28.1508331298828 27.5911674499512 27.4624996185303 27.1783332824707 27.3331661224365 27.6631660461426 27.8423328399658 28.0091667175293 28.359167098999 28.4809989929199 28.7000007629395 29.1191673278809 29.2526664733887 29.1313323974609 29.0539989471436 29.056999206543 29.3486671447754 29.0156669616699 29.0433330535889 29.4074993133545 29.7568321228027 30.0970001220703 30.3766670227051 30.5693321228027 30.570499420166 30.5869998931885 30.6608333587646 30.6876678466797 30.8059997558594 30.8816661834717 30.9313335418701 30.9890003204346 31.0848331451416 31.1680011749268 31.3308334350586 31.4378337860107
-3.4e+38 -3.4e+38 -3.4e+38 -3.4e+38 29.8506660461426 29.8971672058105 29.8988342285156 29.8386669158936 29.7253322601318 29.5869998931885 29.6021671295166 29.7110004425049 29.2229995727539 28.0986671447754 27.5786666870117 27.4328327178955 27.2520008087158 27.4466667175293 27.7303333282471 27.9623336791992 28.0725002288818 28.5111675262451 28.6768341064453 29.1284999847412 29.5266666412354 29.8134994506836 29.7906665802002 29.3821678161621 28.9325008392334 29.1579990386963 29.0496673583984 29.1814994812012 29.4278335571289 29.7159996032715 30.0146675109863 30.3066654205322 30.586332321167 30.65283203125 30.6683330535889 30.7450008392334 30.783166885376 30.8796672821045 30.968334197998 31.0128326416016 31.0729999542236 31.1636657714844 31.2730007171631 31.3913345336914 31.5106658935547
-3.4e+38 -3.4e+38 -3.4e+38 -3.4e+38 29.7661666870117 29.6133327484131 29.550500869751 29.6585006713867 29.6648330688477 29.6083335876465 29.5914993286133 29.7084999084473 29.8055000305176 29.2518329620361 28.3641662597656 27.7561664581299 27.5726661682129 27.5963325500488 27.9460010528564 28.4270000457764 28.8831672668457 29.1786670684814 29.2954998016357 29.2361660003662 29.5214996337891 29.8468322753906 30.1471672058105 30.0346660614014 29.7283325195312 29.5071659088135 29.4076652526855 29.5208320617676 29.751501083374 29.9901657104492 30.3741664886475 30.594165802002 30.820499420166 30.8001670837402 30.7758331298828 30.8323345184326 30.8616676330566 30.9484996795654 31.0348339080811 31.0673332214355 31.0913333892822 31.1818332672119 31.3131656646729 31.3980007171631 31.5048332214355
-3.4e+38 -3.4e+38 -3.4e+38 -3.4e+38 29.6889991760254 29.6978340148926 29.609167098999 29.5043334960938 29.5398330688477 29.5779991149902 29.5421657562256 29.6103343963623 29.6875 29.5284996032715 28.591833114624 28.1028327941895 28.1821670532227 27.9521675109863 28.3229999542236 28.8686656951904 29.298999786377 29.4943332672119 29.4469985961914 29.1848335266113 29.4375 29.8961658477783 30.1413345336914 30.3303337097168 30.316333770752 30.2050018310547 30.0418338775635 29.9693336486816 30.0195007324219 30.3661670684814 30.5378341674805 30.6030006408691 30.9033336639404 30.905834197998 30.8928337097168 30.9306678771973 30.9593334197998 31.049165725708 31.0826663970947 31.1001663208008 31.1446666717529 31.2241668701172 31.3398342132568 31.4406661987305 31.5303344726562
-3.4e+38 -3.4e+38 -3.4e+38 -3.4e+38 29.746000289917 29.6963329315186 29.4206676483154 29.287166595459 29.3808326721191 29.5513343811035 29.5988330841064 29.6476669311523 29.7323341369629 29.6688327789307 28.4411659240723 28.3013324737549 28.7123317718506 28.646333694458 28.871000289917 29.371166229248 29.3175010681152 29.609167098999 29.5885009765625 29.6340007781982 29.7588348388672 29.941333770752 30.0723342895508 30.2323322296143 30.392333984375 30.6108341217041 30.6151657104492 30.5496673583984 30.5745010375977 30.5084991455078 30.5990009307861 30.8103332519531 30.8051681518555 30.8781681060791 30.9659996032715 30.9836673736572 31.0258331298828 31.1136665344238 31.1459999084473 31.1744995117188 31.2311668395996 31.2819995880127 31.3826656341553 31.4803333282471 31.5618324279785
-3.4e+38 -3.4e+38 -3.4e+38 -3.4e+38 29.6258335113525 29.7251663208008 29.5591659545898 29.4384994506836 29.445499420166 29.4613342285156 29.5120010375977 29.5868339538574 29.7115001678467 29.7046661376953 28.7291660308838 28.7890014648438 28.9386672973633 29.0973339080811 29.4243335723877 29.332332611084 29.586332321167 29.5888328552246 29.4903335571289 29.6879997253418 29.8699989318848 29.9715003967285 30.0871677398682 30.1854991912842 30.3034992218018 30.4270000457764 30.5966663360596 30.5093326568604 30.8151664733887 30.7565002441406 30.5260009765625 30.7294998168945 30.7746658325195 30.8431663513184 30.945499420166 31.0025005340576 31.0138339996338 31.1066665649414 31.166332244873 31.1975002288818 31.2726669311523 31.3419990539551 31.4378337860107 31.5324993133545 31.6073322296143
-339999999999999996123846586046231871488.000000000000000 -3.4e+38 -3.4e+38 -3.4e+38 29.4980010986328 29.546667098999 29.4909992218018 29.4580001831055 29.5106658935547 29.5060005187988 29.6553325653076 29.6811676025391 29.7789993286133 29.658166885376 28.6758327484131 28.5839996337891 28.6706657409668 28.8824996948242 28.9241676330566 28.7734985351562 28.8606662750244 28.8543338775635 29.1643333435059 29.5418338775635 29.7978324890137 29.9950008392334 30.1028327941895 30.154167175293 30.2436676025391 30.3780002593994 30.4865016937256 30.6331672668457 30.710334777832 30.8935012817383 30.9128341674805 30.9033336639404 30.795166015625 30.8698329925537 30.9663333892822 31.0188331604004 30.9953346252441 31.0839996337891 31.1498336791992 31.1903343200684 31.2731666564941 31.3833332061768 31.4780006408691 31.5788345336914 31.6499996185303
