rasterData/Egypt_bio4.asc
NCOLS 147 
NROWS 116 
XLLCORNER 24.688652792 
YLLCORNER 21.99436916 
CELLSIZE 0.083059832122449 
NODATA_value -3.4e+38 
[rows 21 to 41 of 116, columns 0 to 48 of 147]
-3.4e+38 -3.4e+38 608.049255371094 606.091613769531 602.8408203125 598.427734375 592.991821289062 587.895202636719 584.966674804688 582.575073242188 579.260925292969 575.817749023438 573.941711425781 570.541931152344 568.039855957031 566.047546386719 565.293334960938 563.980529785156 561.689880371094 557.856689453125 552.678161621094 543.823852539062 537.399353027344 540.854248046875 544.958801269531 544.451477050781 545.803100585938 546.534362792969 548.642517089844 548.146240234375 549.321899414062 550.360168457031 550.999755859375 551.802490234375 551.642639160156 551.44140625 553.621643066406 553.720581054688 554.336242675781 554.740112304688 553.853454589844 553.355285644531 555.66064453125 555.885803222656 557.310241699219 558.537231445312 560.137756347656 560.677062988281 559.442687988281
-3.4e+38 -3.4e+38 611.952453613281 609.988098144531 606.671630859375 601.488037109375 596.185241699219 591.174865722656 586.93701171875 584.947448730469 582.394470214844 579.592224121094 579.521911621094 576.331298828125 573.634033203125 571.89111328125 569.469177246094 567.059753417969 562.60302734375 554.569396972656 548.725646972656 547.703796386719 549.532592773438 549.463134765625 548.201049804688 549.194885253906 551.021240234375 551.273986816406 553.917846679688 554.833923339844 555.949890136719 556.481994628906 557.366271972656 557.824829101562 558.443176269531 558.177734375 558.454162597656 560.319580078125 560.865417480469 558.856506347656 558.421508789062 557.119323730469 558.461181640625 560.360534667969 560.487121582031 562.204711914062 563.196411132812 565.48974609375 564.390197753906
-3.4e+38 -3.4e+38 614.714538574219 611.097229003906 610.439086914062 605.348693847656 598.928344726562 593.931396484375 590.573852539062 588.719665527344 587.091430664062 585.050842285156 582.498107910156 580.030029296875 578.023376464844 575.466796875 571.505798339844 567.513671875 563.281982421875 557.371276855469 550.901977539062 552.34130859375 554.832214355469 555.291442871094 554.5263671875 551.760925292969 550.536010742188 554.273498535156 559.405883789062 561.411560058594 562.314025878906 563.025695800781 563.507202148438 563.787475585938 564.304016113281 564.013732910156 562.790344238281 564.1650390625 566.730041503906 563.956604003906 563.065368652344 564.292541503906 564.297729492188 565.189636230469 565.488647460938 566.578308105469 567.387390136719 569.874206542969 570.36474609375
-3.4e+38 -3.4e+38 605.494018554688 607.674072265625 610.320190429688 606.149658203125 599.789855957031 595.686157226562 595.022827148438 593.832275390625 592.468383789062 589.171020507812 584.433227539062 581.147216796875 575.304260253906 571.050354003906 569.620239257812 567.377563476562 559.41650390625 555.515502929688 553.219177246094 554.208190917969 554.947998046875 556.400329589844 553.054138183594 552.504272460938 554.516052246094 556.653930664062 558.419189453125 561.875854492188 562.076721191406 562.308715820312 563.776245117188 566.822387695312 567.943786621094 568.78662109375 567.388854980469 566.447021484375 568.513916015625 570.905944824219 569.9599609375 571.563537597656 572.666137695312 573.609558105469 574.547485351562 573.872131347656 573.333801269531 574.853637695312 576.099670410156
-3.4e+38 -3.4e+38 613.859741210938 613.189208984375 610.096984863281 604.848754882812 600.243225097656 597.138366699219 595.258422851562 593.492431640625 592.19775390625 587.895751953125 584.319519042969 576.348693847656 571.613586425781 568.360595703125 567.489868164062 566.013061523438 559.6962890625 558.8359375 559.594909667969 561.953125 561.542541503906 557.594665527344 556.631896972656 558.122253417969 561.211791992188 563.008972167969 562.97900390625 564.396850585938 565.568481445312 564.846740722656 567.158386230469 568.648498535156 568.610778808594 571.187866210938 571.995788574219 572.029479980469 571.801025390625 574.650939941406 576.422241210938 576.904846191406 578.247314453125 579.307983398438 579.722534179688 579.305969238281 580.081420898438 581.230346679688 581.057800292969
-339999999999999996123846586046231871488.000000000000000 -3.4e+38 -3.4e+38 617.223449707031 608.578857421875 602.155639648438 596.08056640625 594.602111816406 591.709411621094 589.851379394531 588.674560546875 586.872680664062 581.268798828125 578.455505371094 579.513305664062 573.266357421875 575.655151367188 576.857727050781 572.108703613281 569.381591796875 566.711059570312 568.3876953125 567.396850585938 562.192626953125 559.945922851562 562.76904296875 566.191528320312 568.175842285156 570.475830078125 571.729614257812 571.560119628906 570.93505859375 572.071960449219 572.89892578125 574.07373046875 574.298278808594 574.627990722656 575.827575683594 579.565368652344 581.37353515625 582.104248046875 581.332946777344 582.572143554688 584.451538085938 584.397033691406 585.127563476562 585.904357910156 586.293090820312 586.371948242188
-3.4e+38 -3.4e+38 -3.4e+38 619.095947265625 615.32421875 602.413452148438 595.274658203125 590.21533203125 587.390258789062 586.766723632812 585.650390625 585.427124023438 581.457092285156 581.330383300781 583.630676269531 579.5341796875 577.140625 579.416381835938 578.156433105469 574.139526367188 570.508361816406 573.900207519531 573.221984863281 568.736999511719 570.444396972656 578.132507324219 577.27783203125 573.939697265625 574.724487304688 578.957214355469 581.739196777344 579.42822265625 576.947143554688 575.455993652344 576.341552734375 578.004943847656 580.445434570312 581.41357421875 580.109069824219 583.742919921875 585.341979980469 584.8056640625 586.230041503906 588.441284179688 589.855834960938 590.264953613281 590.621459960938 590.991638183594 591.554077148438
-3.4e+38 -3.4e+38 -3.4e+38 617.66455078125 615.944030761719 609.952087402344 602.032531738281 592.095397949219 586.0947265625 583.529113769531 580.415649414062 581.998718261719 583.394836425781 587.030639648438 586.200256347656 584.322204589844 580.288696289062 579.927673339844 582.460021972656 579.909851074219 577.221069335938 576.605834960938 575.995544433594 574.701782226562 575.028747558594 586.270385742188 587.832275390625 584.450134277344 583.772583007812 586.426818847656 586.862976074219 583.970092773438 582.678405761719 580.028686523438 580.534240722656 580.911010742188 582.461791992188 585.156127929688 586.249450683594 586.090209960938 587.4677734375 588.060852050781 589.019653320312 591.48046875 593.717163085938 595.460754394531 595.296264648438 595.361267089844 596.576110839844
-3.4e+38 -3.4e+38 -3.4e+38 -3.4e+38 616.619934082031 613.082824707031 608.426574707031 596.267150878906 587.243713378906 572.246276855469 571.630859375 577.0400390625 580.011413574219 588.101928710938 590.689453125 587.434204101562 584.971130371094 581.987976074219 584.82080078125 582.210754394531 580.437438964844 577.232604980469 582.177551269531 580.297241210938 571.973815917969 579.139526367188 592.899047851562 596.765808105469 596.38623046875 596.923217773438 593.827575683594 590.997863769531 590.35693359375 586.725463867188 585.463195800781 585.27294921875 586.683898925781 587.629211425781 588.052612304688 590.102844238281 593.471618652344 595.093139648438 595.16357421875 596.254455566406 598.752014160156 600.236145019531 600.5068359375 601.31005859375 602.462158203125
-3.4e+38 -3.4e+38 -3.4e+38 -3.4e+38 618.995056152344 614.973388671875 611.3486328125 607.747009277344 603.097778320312 597.171997070312 592.672424316406 589.783325195312 586.742980957031 586.645324707031 591.221130371094 591.492370605469 591.341003417969 587.408020019531 585.41259765625 585.817016601562 584.381408691406 586.493591308594 585.877624511719 580.973022460938 576.928833007812 580.426696777344 587.790771484375 595.431579589844 597.505981445312 598.934326171875 598.178344726562 598.043334960938 597.10888671875 592.179626464844 590.944030761719 590.084289550781 591.113586425781 590.451049804688 591.023376464844 594.120727539062 595.609619140625 597.0830078125 599.317749023438 600.168762207031 602.615112304688 605.253601074219 606.114990234375 606.717651367188 606.013793945312
-3.4e+38 -3.4e+38 -3.4e+38 -3.4e+38 621.447265625 618.314208984375 615.3984375 611.762939453125 607.403747558594 605.535339355469 602.029724121094 600.653076171875 600.3837890625 600.309143066406 600.155212402344 599.932800292969 599.390808105469 596.841857910156 591.709045410156 592.135437011719 593.989135742188 590.112548828125 589.138977050781 587.040771484375 586.56396484375 585.268371582031 581.18701171875 583.263305664062 583.403869628906 586.829284667969 589.441650390625 590.049865722656 590.416809082031 590.703186035156 592.860961914062 594.316711425781 594.084655761719 594.202209472656 595.422485351562 596.527648925781 597.342468261719 600.510009765625 601.467468261719 603.231811523438 605.022583007812 606.903198242188 608.454650878906 609.032836914062 609.570739746094
-3.4e+38 -3.4e+38 -3.4e+38 -3.4e+38 625.423706054688 621.776489257812 618.732788085938 615.169738769531 612.222778320312 610.466064453125 608.129272460938 606.289367675781 604.285522460938 603.597229003906 602.360534667969 600.325012207031 601.506958007812 599.700378417969 590.887268066406 588.867797851562 590.981018066406 594.316345214844 595.453491210938 592.966369628906 589.403137207031 589.021484375 583.289428710938 578.298828125 580.196899414062 584.939880371094 582.770385742188 585.854736328125 584.158569335938 586.316040039062 589.427795410156 594.327697753906 597.41845703125 597.753295898438 598.2421875 598.337280273438 600.788330078125 604.850280761719 606.033630371094 606.864196777344 609.313537597656 611.434814453125 612.627685546875 613.093994140625 613.059326171875
-3.4e+38 -3.4e+38 -3.4e+38 -3.4e+38 629.115173339844 625.195373535156 621.966125488281 619.408325195312 616.557495117188 615.035949707031 612.96875 610.297180175781 606.598022460938 604.128784179688 601.987243652344 600.781433105469 598.769470214844 597.425537109375 592.008972167969 591.670288085938 590.421142578125 590.580810546875 591.483642578125 590.059631347656 588.404846191406 590.204956054688 589.92919921875 588.052124023438 589.937622070312 589.531799316406 586.692321777344 586.431701660156 588.136596679688 592.258605957031 595.187561035156 597.499938964844 599.705932617188 601.727966308594 603.208190917969 603.451904296875 605.412780761719 609.301635742188 610.185241699219 611.280822753906 613.996520996094 615.087097167969 616.40185546875 615.457397460938 613.606140136719
-3.4e+38 -3.4e+38 -3.4e+38 -3.4e+38 632.31201171875 628.705627441406 625.127563476562 622.526916503906 620.131958007812 618.504638671875 616.271484375 613.823852539062 609.569580078125 607.353149414062 606.346557617188 606.916931152344 607.136779785156 605.909606933594 599.9716796875 597.158020019531 597.361511230469 592.902587890625 588.494384765625 590.663818359375 590.803894042969 593.662414550781 595.635192871094 592.951049804688 593.600402832031 596.126831054688 597.3134765625 599.267517089844 598.828735351562 597.891174316406 596.316101074219 594.04052734375 596.131774902344 599.997863769531 602.565490722656 606.143920898438 609.332458496094 611.726623535156 613.519226074219 614.817077636719 616.796875 618.407958984375 619.805786132812 618.704040527344 616.193115234375
-3.4e+38 -3.4e+38 -3.4e+38 -3.4e+38 634.9462890625 632.19921875 629.074096679688 626.371887207031 624.370056152344 622.266540527344 619.847106933594 617.820190429688 615.316467285156 613.949035644531 612.836242675781 611.638977050781 612.239196777344 612.660095214844 611.060363769531 605.737487792969 601.666687011719 594.80029296875 594.980285644531 597.664978027344 601.550537109375 599.267150878906 601.057556152344 605.162902832031 607.839172363281 606.632690429688 606.542785644531 605.811157226562 603.557373046875 602.062316894531 597.590759277344 596.720520019531 598.813842773438 600.523742675781 601.837890625 608.58203125 612.467346191406 614.454406738281 616.495483398438 616.824462890625 617.883972167969 619.696472167969 620.372802734375 621.720092773438 619.74462890625
-3.4e+38 -3.4e+38 -3.4e+38 -3.4e+38 636.914367675781 635.048217773438 632.512145996094 630.369995117188 628.421936035156 626.106018066406 623.541198730469 621.325317382812 619.318542480469 618.555969238281 617.560424804688 617.6943359375 617.346923828125 616.75537109375 616.742858886719 616.515441894531 614.089660644531 611.972595214844 613.676330566406 614.141540527344 615.400024414062 614.488098144531 614.693054199219 614.276306152344 613.044067382812 612.843200683594 611.605102539062 610.899047851562 607.237731933594 604.505981445312 604.712524414062 607.86474609375 605.420166015625 603.497802734375 603.410095214844 610.041198730469 612.339538574219 614.36474609375 617.889953613281 620.473388671875 621.130859375 621.875427246094 621.043029785156 622.40576171875 622.213806152344
-3.4e+38 -3.4e+38 -3.4e+38 -3.4e+38 638.55810546875 637.044921875 634.781005859375 632.686462402344 631.103515625 629.396850585938 626.979797363281 624.803039550781 623.496032714844 622.646667480469 622.254577636719 621.301452636719 620.575927734375 620.444213867188 619.691223144531 619.2841796875 618.492492675781 618.066101074219 617.482666015625 616.41552734375 616.284790039062 613.520690917969 611.145935058594 612.053833007812 616.276672363281 617.872680664062 615.936401367188 615.552429199219 611.868530273438 611.522521972656 613.768432617188 613.67041015625 612.10302734375 610.750610351562 608.862915039062 612.877868652344 616.141906738281 616.9423828125 620.275512695312 622.834655761719 623.651123046875 621.383544921875 620.240661621094 621.357727050781 623.371948242188
-3.4e+38 -3.4e+38 -3.4e+38 -3.4e+38 640.763305664062 638.95166015625 637.11962890625 635.239929199219 633.395812988281 632.119934082031 630.626037597656 628.479187011719 627.065002441406 626.254577636719 625.878601074219 625.01318359375 623.76416015625 622.60986328125 621.971923828125 619.826354980469 617.973571777344 617.655212402344 615.596374511719 613.208190917969 613.882995605469 614.536865234375 611.147094726562 610.645812988281 613.960571289062 617.311462402344 617.852233886719 617.199768066406 619.022766113281 616.608947753906 614.487426757812 612.927673339844 616.070495605469 618.757873535156 620.954223632812 620.192016601562 621.244018554688 622.458923339844 623.014953613281 623.477416992188 624.296936035156 624.408935546875 626.414489746094 627.937438964844 629.378784179688
-3.4e+38 -3.4e+38 -3.4e+38 -3.4e+38 644.422485351562 642.430603027344 640.200927734375 638.529724121094 636.698120117188 635.236450195312 633.598510742188 632.020751953125 630.938720703125 630.368835449219 629.601684570312 628.59423828125 627.98583984375 628.068359375 624.829467773438 621.967468261719 621.736938476562 620.791137695312 620.292358398438 619.886169433594 620.2265625 620.172546386719 617.687316894531 616.580200195312 616.118103027344 616.009094238281 618.001098632812 617.44482421875 618.410705566406 617.547973632812 621.561096191406 627.557189941406 630.651550292969 632.278015136719 632.260437011719 631.961608886719 632.242370605469 632.262329101562 631.794128417969 632.152038574219 633.27978515625 633.163391113281 631.769165039062 633.059448242188 634.383605957031
-3.4e+38 -3.4e+38 -3.4e+38 -3.4e+38 647.006591796875 645.236328125 643.283264160156 641.567810058594 640.362121582031 638.682922363281 636.900939941406 635.399230957031 634.87646484375 634.396606445312 633.223266601562 633.016967773438 632.650573730469 632.476196289062 630.180297851562 629.345886230469 627.27099609375 627.1455078125 624.6826171875 625.007385253906 626.279052734375 624.205627441406 623.469787597656 624.038513183594 623.206787109375 622.675109863281 623.755798339844 624.449584960938 623.039978027344 622.045959472656 624.606323242188 627.511474609375 632.580993652344 635.494689941406 635.906005859375 636.513671875 636.454284667969 635.897033691406 636.373413085938 637.126953125 637.567321777344 637.310791015625 636.471923828125 640.271179199219 642.4150390625
-3.4e+38 -3.4e+38 -3.4e+38 -3.4e+38 649.705200195312 648.255554199219 646.369140625 645.038635253906 644.153991699219 642.555725097656 640.215393066406 638.876708984375 638.673889160156 637.722290039062 637.112854003906 636.7763671875 636.2734375 636.189392089844 635.56201171875 635.491760253906 633.256103515625 631.230834960938 629.256408691406 629.158386230469 629.452941894531 628.743713378906 629.61865234375 629.883850097656 629.097045898438 628.7666015625 630.401977539062 630.609497070312 629.396118164062 631.149475097656 632.029541015625 633.673278808594 636.164916992188 637.417175292969 638.935180664062 638.958557128906 637.768249511719 639.022033691406 640.255981445312 641.309143066406 640.644470214844 640.547119140625 643.100219726562 645.813903808594 646.901916503906
