rasterData/Egypt_bio4.asc
NCOLS 147 
NROWS 116 
XLLCORNER 24.688652792 
YLLCORNER 21.99436916 
CELLSIZE 0.083059832122449 
NODATA_value -3.4e+38 
[rows 42 to 62 of 116, columns 0 to 48 of 147]
-3.4e+38 -3.4e+38 -3.4e+38 -3.4e+38 652.661682128906 650.792419433594 649.5859375 648.372436523438 647.521728515625 645.969848632812 643.340698242188 642.360473632812 641.857971191406 640.837280273438 640.122375488281 639.957153320312 639.853210449219 639.726257324219 639.475646972656 638.680847167969 636.839294433594 636.892944335938 636.179260253906 635.278137207031 635.730102539062 634.651916503906 634.834167480469 634.7705078125 633.779052734375 634.055603027344 636.036376953125 636.81591796875 637.922546386719 639.386657714844 639.36865234375 638.652587890625 637.723449707031 639.484313964844 641.855285644531 643.625793457031 643.283081054688 643.524291992188 645.823547363281 646.430236816406 644.340393066406 645.305419921875 648.283325195312 650.781127929688 651.923767089844
-3.4e+38 -3.4e+38 -3.4e+38 -3.4e+38 655.09033203125 653.503601074219 652.30224609375 650.984436035156 650.297729492188 649.097839355469 647.28564453125 645.973999023438 644.984497070312 644.293518066406 643.511352539062 643.43115234375 642.929565429688 643.029296875 642.794372558594 641.892822265625 641.435241699219 642.208435058594 641.989318847656 640.154357910156 638.702331542969 638.217590332031 637.785217285156 637.332397460938 636.974304199219 638.815673828125 640.579711914062 641.109985351562 642.38330078125 643.713684082031 641.740600585938 639.564697265625 640.276306152344 642.178283691406 644.317749023438 645.748779296875 648.143249511719 649.918212890625 650.294860839844 650.702575683594 646.886413574219 650.180725097656 653.71728515625 655.268127441406 657.024353027344
-3.4e+38 -3.4e+38 -3.4e+38 -3.4e+38 657.779846191406 656.27587890625 654.725891113281 653.724487304688 652.492492675781 651.815856933594 650.028930664062 648.666809082031 647.497253417969 647.274963378906 646.66015625 646.38916015625 645.712768554688 646.029602050781 646.064697265625 646.160278320312 645.677978515625 643.974060058594 643.1025390625 641.728698730469 641.912414550781 642.094055175781 641.709594726562 642.199645996094 642.954040527344 643.392761230469 644.12890625 645.243896484375 646.06689453125 646.284790039062 645.3203125 644.955444335938 645.195007324219 646.535339355469 648.454772949219 650.303161621094 652.983337402344 654.96044921875 655.347595214844 654.364013671875 651.188293457031 651.769287109375 656.792602539062 658.521728515625 657.183959960938
-3.4e+38 -3.4e+38 -3.4e+38 -3.4e+38 661.287353515625 659.598388671875 657.419738769531 656.085876464844 655.40771484375 654.231750488281 652.540466308594 651.585632324219 650.658996582031 649.799499511719 648.971252441406 648.627380371094 648.7392578125 649.240539550781 649.149719238281 649.504699707031 649.237548828125 648.923278808594 646.704833984375 645.339172363281 647.095764160156 647.366943359375 647.91796875 648.857116699219 648.099914550781 647.347961425781 647.354797363281 647.542663574219 648.945007324219 648.822509765625 649.751647949219 651.319152832031 652.608276367188 652.38525390625 653.192810058594 655.735290527344 656.968688964844 658.658203125 659.561767578125 659.311889648438 658.007751464844 656.510009765625 660.392944335938 659.471923828125 658.279663085938
-3.4e+38 -3.4e+38 -3.4e+38 -3.4e+38 663.63037109375 660.827880859375 659.469848632812 657.889221191406 657.202819824219 656.423889160156 654.468383789062 653.529663085938 653.70947265625 652.302612304688 651.564758300781 651.636596679688 652.020202636719 651.947631835938 652.269226074219 652.431457519531 653.040100097656 652.459411621094 650.679077148438 649.38232421875 650.560302734375 651.205749511719 651.820495605469 652.590942382812 651.261962890625 650.810241699219 650.803039550781 651.669006347656 651.634216308594 651.931945800781 653.748962402344 655.307495117188 655.963928222656 655.213623046875 656.840454101562 660.122863769531 661.361755371094 662.451904296875 662.482788085938 662.867126464844 662.930908203125 661.767883300781 662.681579589844 661.364074707031 661.292297363281
-3.4e+38 -3.4e+38 -3.4e+38 -3.4e+38 666.818786621094 663.49365234375 661.335571289062 660.140075683594 658.82275390625 657.70166015625 655.812561035156 655.372680664062 655.727844238281 654.946166992188 654.431701660156 654.702209472656 654.400756835938 654.8388671875 654.713806152344 655.675720214844 656.525451660156 656.16064453125 655.534973144531 654.352722167969 655.956909179688 657.427978515625 657.695251464844 657.908874511719 656.099731445312 655.6982421875 655.626831054688 656.850891113281 656.492431640625 656.937744140625 657.734985351562 659.047424316406 659.813354492188 660.144958496094 661.028625488281 661.774597167969 664.449401855469 666.193420410156 666.324829101562 666.258666992188 666.677978515625 665.782897949219 665.223266601562 663.233276367188 663.510498046875
-3.4e+38 -3.4e+38 -3.4e+38 -3.4e+38 669.78173828125 666.96875 664.835327148438 662.670654296875 660.918640136719 658.793884277344 657.626342773438 657.843994140625 657.6494140625 657.094421386719 657.155029296875 657.262573242188 657.445373535156 656.934143066406 657.755065917969 659.080871582031 659.585083007812 659.938781738281 660.395751953125 660.855224609375 662.046020507812 660.95703125 660.840454101562 660.685241699219 659.39697265625 659.426330566406 659.424743652344 660.112426757812 659.6171875 659.683288574219 661.147644042969 662.29638671875 662.698852539062 661.697570800781 662.182312011719 663.547912597656 665.860778808594 668.607849121094 669.4736328125 669.894653320312 669.531494140625 666.251708984375 666.170043945312 666.440124511719 665.272827148438
-3.4e+38 -3.4e+38 -3.4e+38 -3.4e+38 672.30419921875 669.171447753906 667.815551757812 664.660522460938 662.588806152344 661.253234863281 660.034057617188 661.687927246094 659.483459472656 659.279235839844 659.92724609375 660.085021972656 659.690673828125 659.563903808594 660.995849609375 661.614074707031 662.368591308594 663.158386230469 663.822082519531 664.772766113281 664.544006347656 663.893981933594 663.432983398438 662.499816894531 661.690612792969 661.718017578125 662.504516601562 663.657470703125 663.48486328125 663.694396972656 664.963928222656 665.176452636719 665.577270507812 665.3095703125 665.304870605469 667.533630371094 669.160217285156 670.110229492188 672.366943359375 671.376037597656 668.851989746094 668.451293945312 668.191711425781 667.841491699219 667.527587890625
-3.4e+38 -3.4e+38 -3.4e+38 -3.4e+38 673.765197753906 671.681518554688 669.476135253906 668.316833496094 665.280578613281 663.191284179688 662.797607421875 664.845336914062 662.297180175781 661.6328125 661.568115234375 662.041625976562 662.227172851562 662.130432128906 663.437377929688 664.499633789062 665.309692382812 665.997802734375 666.952270507812 667.418273925781 667.013671875 667.337219238281 667.251708984375 666.28271484375 666.239013671875 666.314758300781 665.945617675781 667.385131835938 667.399230957031 667.531433105469 668.215759277344 668.30712890625 668.649169921875 668.703186035156 668.240905761719 669.643615722656 669.743591308594 668.08740234375 668.609802246094 668.55029296875 669.341430664062 672.392517089844 672.038513183594 670.643615722656 670.709289550781
-3.4e+38 -3.4e+38 -3.4e+38 -3.4e+38 674.77880859375 672.785400390625 671.081176757812 669.437683105469 667.674011230469 665.452331542969 666.165405273438 664.697570800781 664.396911621094 664.208679199219 663.720458984375 664.693786621094 664.507507324219 664.483581542969 666.02783203125 666.950561523438 667.943176269531 668.995056152344 669.41015625 669.80078125 669.77685546875 670.559326171875 670.297119140625 669.966430664062 670.686889648438 670.509765625 671.511901855469 671.101013183594 669.215637207031 671.688354492188 671.645446777344 672.13525390625 671.842468261719 671.016174316406 671.630798339844 670.925170898438 670.619140625 668.770202636719 670.170532226562 674.359985351562 675.589172363281 673.950378417969 673.175415039062 672.444458007812 672.61474609375
-339999999999999996123846586046231871488.000000000000000 -3.4e+38 -3.4e+38 -3.4e+38 676.288452148438 674.25830078125 671.79052734375 670.430114746094 668.953857421875 667.147033691406 666.254760742188 665.3388671875 666.387451171875 668.405212402344 668.02685546875 667.158020019531 666.940063476562 667.135498046875 668.241149902344 669.084838867188 670.249389648438 671.141357421875 672.413940429688 672.801513671875 673.010375976562 673.945251464844 672.834899902344 672.453918457031 674.498352050781 678.253601074219 678.962524414062 678.7470703125 677.504760742188 677.3564453125 678.437255859375 679.474243164062 679.136901855469 675.863830566406 672.782592773438 674.223388671875 676.593139648438 675.235473632812 669.006103515625 672.171997070312 677.512573242188 678.358581542969 675.884094238281 674.007934570312 675.006408691406
-3.4e+38 -3.4e+38 -3.4e+38 -3.4e+38 677.539367675781 676.041564941406 673.586242675781 672.575927734375 670.606628417969 668.314758300781 667.525390625 667.024780273438 667.021118164062 669.493957519531 670.569152832031 670.012451171875 670.040832519531 669.706604003906 670.988830566406 671.984558105469 672.792663574219 673.28857421875 674.27978515625 675.356750488281 675.879333496094 675.684326171875 675.905578613281 676.523315429688 677.320556640625 680.907470703125 682.958984375 683.284729003906 683.000061035156 684.397033691406 684.896911621094 681.401611328125 676.807983398438 677.084045410156 674.258056640625 674.447265625 676.93408203125 678.32861328125 677.38916015625 676.710876464844 681.031982421875 682.648315429688 679.638000488281 677.094604492188 676.520446777344
-3.4e+38 -3.4e+38 -3.4e+38 -3.4e+38 679.578186035156 677.863952636719 676.234619140625 674.268310546875 671.450805664062 669.801696777344 668.9453125 668.838684082031 668.553649902344 669.56298828125 671.277038574219 671.632263183594 671.319274902344 672.051208496094 673.42919921875 674.025085449219 675.522033691406 676.893493652344 678.283935546875 677.974182128906 678.187805175781 678.84423828125 680.348205566406 680.638244628906 681.80078125 683.182922363281 684.934875488281 685.87841796875 686.456115722656 686.232238769531 682.231628417969 679.125427246094 678.654602050781 678.692077636719 676.051086425781 673.517578125 677.342163085938 678.975524902344 681.159545898438 681.67529296875 684.913818359375 686.703674316406 683.404418945312 682.167114257812 678.907531738281
-3.4e+38 -3.4e+38 -3.4e+38 -3.4e+38 681.015991210938 679.463256835938 676.977661132812 674.199157714844 671.904846191406 670.947998046875 670.307922363281 670.611999511719 670.002685546875 671.655639648438 673.852905273438 673.069030761719 673.690002441406 674.389282226562 675.434875488281 676.667053222656 680.155700683594 680.943786621094 682.200378417969 681.853393554688 680.550109863281 682.178161621094 683.668029785156 684.267333984375 683.833618164062 685.549499511719 687.417602539062 688.139404296875 687.5478515625 684.938842773438 681.232238769531 681.969360351562 682.626403808594 679.4443359375 676.555908203125 675.452941894531 678.461608886719 683.802490234375 685.788818359375 685.731201171875 687.942321777344 689.773498535156 687.379272460938 685.705810546875 681.217163085938
-3.4e+38 -3.4e+38 -3.4e+38 -3.4e+38 682.129577636719 679.385986328125 677.239624023438 675.432250976562 673.174621582031 671.959106445312 672.419311523438 671.416748046875 671.130554199219 673.887573242188 676.157470703125 675.463500976562 676.373901367188 676.843933105469 677.932922363281 680.481079101562 682.696105957031 683.638000488281 684.271850585938 683.69677734375 683.763916015625 684.578674316406 684.313415527344 684.486511230469 685.100524902344 686.416931152344 688.154418945312 689.635498046875 687.119812011719 683.783813476562 683.964965820312 685.226135253906 684.7158203125 683.038757324219 680.007629394531 679.569152832031 681.414978027344 686.568420410156 689.589111328125 690.333129882812 691.797119140625 692.457214355469 691.394287109375 690.229064941406 685.976501464844
-3.4e+38 -3.4e+38 -3.4e+38 -3.4e+38 683.783935546875 680.669738769531 679.225280761719 677.456115722656 675.11328125 674.464233398438 672.887451171875 672.405151367188 672.775634765625 675.879272460938 677.010498046875 678.322326660156 678.892639160156 679.610595703125 681.423706054688 682.638366699219 683.737487792969 684.916198730469 685.225463867188 684.714233398438 685.740356445312 684.859313964844 683.877502441406 683.592407226562 682.469543457031 683.726013183594 685.174438476562 687.418579101562 686.810913085938 684.473693847656 684.316284179688 684.231384277344 685.431518554688 688.150634765625 685.798461914062 685.357543945312 688.412658691406 689.2841796875 691.655578613281 692.6103515625 693.858276367188 694.491882324219 694.270935058594 693.098388671875 691.860168457031
-3.4e+38 -3.4e+38 -3.4e+38 -3.4e+38 685.485900878906 682.198913574219 681.055480957031 679.102844238281 677.214172363281 675.840881347656 673.703186035156 673.598815917969 675.285522460938 678.106506347656 679.139099121094 680.236694335938 680.743469238281 682.229553222656 682.684509277344 682.599609375 685.302795410156 685.888732910156 685.779357910156 686.280151367188 686.915161132812 686.270385742188 685.47509765625 684.993957519531 687.283752441406 688.800842285156 688.78173828125 686.920288085938 690.556579589844 686.911926269531 686.341918945312 687.413391113281 690.184814453125 689.716064453125 690.353759765625 692.442687988281 693.440795898438 694.326171875 694.82666015625 694.437805175781 695.37841796875 695.531188964844 695.926574707031 695.305908203125 694.801574707031
-3.4e+38 -3.4e+38 -3.4e+38 -3.4e+38 685.914611816406 683.765258789062 681.742431640625 679.871887207031 678.3896484375 676.280700683594 676.55419921875 676.159057617188 678.684143066406 680.013000488281 680.528503417969 681.9794921875 681.941223144531 683.290649414062 682.341918945312 683.525146484375 686.12841796875 686.484985351562 686.56005859375 687.547546386719 688.083618164062 687.934387207031 687.883911132812 688.007141113281 688.791442871094 688.8701171875 688.530029296875 690.735168457031 692.526550292969 691.819274902344 692.191711425781 690.068725585938 689.272827148438 691.77783203125 693.641479492188 694.17236328125 694.668212890625 696.003356933594 697.257873535156 696.014343261719 696.810852050781 697.378784179688 697.081909179688 697.398620605469 697.348022460938
-3.4e+38 -3.4e+38 -3.4e+38 -3.4e+38 686.86767578125 685.09619140625 682.827026367188 680.908569335938 678.681396484375 677.531127929688 678.938781738281 680.250915527344 681.959655761719 682.193298339844 682.754333496094 683.304382324219 682.294006347656 683.467041015625 685.36669921875 685.478515625 686.4990234375 686.805541992188 687.697631835938 688.614807128906 688.965209960938 688.821960449219 688.785278320312 689.001770019531 690.283264160156 691.022216796875 689.71142578125 691.795349121094 693.054321289062 694.424621582031 693.709838867188 692.403869628906 689.192504882812 691.759826660156 694.821655273438 695.531982421875 696.286560058594 697.410522460938 698.308959960938 698.634948730469 697.955261230469 698.9814453125 699.180908203125 699.310180664062 699.28857421875
-3.4e+38 -3.4e+38 -3.4e+38 -3.4e+38 687.375366210938 686.225769042969 684.477661132812 682.219482421875 678.481750488281 678.7177734375 681.137817382812 682.66015625 683.409057617188 684.3837890625 684.900756835938 684.672790527344 685.030578613281 684.382629394531 686.029052734375 687.089904785156 687.335144042969 688.1767578125 689.08984375 689.500427246094 690.490478515625 690.332458496094 690.119934082031 690.902099609375 691.791259765625 692.505432128906 692.752197265625 692.863342285156 695.889465332031 697.723876953125 697.340576171875 694.919677734375 693.713195800781 692.687438964844 693.10693359375 693.970642089844 694.42529296875 695.668090820312 698.629333496094 699.906616210938 699.748107910156 699.830383300781 700.459045410156 701.336669921875 701.291015625
-3.4e+38 -3.4e+38 -3.4e+38 -3.4e+38 688.144104003906 686.488098144531 685.166320800781 682.5615234375 680.826232910156 681.911926269531 683.713073730469 684.049621582031 685.142272949219 685.484008789062 685.9404296875 683.680603027344 687.136291503906 686.579895019531 687.244018554688 687.664672851562 688.43603515625 689.287170410156 689.859069824219 690.558959960938 691.1162109375 691.409606933594 690.936767578125 691.761901855469 693.797546386719 694.826904296875 695.531005859375 695.796020507812 699.955017089844 701.065979003906 702.585327148438 702.446044921875 701.478698730469 699.282409667969 693.1708984375 690.029541015625 690.901733398438 692.405029296875 696.193664550781 699.099182128906 701.057006835938 701.933654785156 701.961669921875 702.653076171875 702.932373046875
