rasterData/Egypt_bio10.asc
NCOLS 147 
NROWS 116 
XLLCORNER 24.688652792 
YLLCORNER 21.99436916 
CELLSIZE 0.083059832122449 
NODATA_value -3.4e+38 
[rows 42 to 62 of 116, columns 49 to 97 of 147]
29.2859992980957 29.2174987792969 29.0711669921875 28.8988342285156 28.6746673583984 28.658166885376 28.6633338928223 28.806999206543 28.8581657409668 28.9758338928223 29.1221656799316 29.2880001068115 29.3374996185303 29.2906665802002 29.1925010681152 29.2163333892822 29.2558326721191 29.2321662902832 29.2001667022705 29.058666229248 28.9104995727539 29.0306663513184 29.1560001373291 28.755500793457 28.6273326873779 28.6323337554932 28.6435012817383 28.5351657867432 28.3796672821045 28.3595008850098 28.3269996643066 28.3428344726562 28.2163333892822 28.1404991149902 28.0294990539551 27.8090000152588 27.4953346252441 27.1049995422363 26.8601684570312 26.8703327178955 26.7016658782959 26.3856658935547 26.5673332214355 26.9360008239746 27.2058334350586 27.2630004882812 27.2278327941895 26.8635005950928 26.7574996948242
29.3633327484131 29.0176658630371 28.7148323059082 28.628833770752 28.6473331451416 28.6075000762939 28.6758346557617 28.7894992828369 28.804500579834 28.8618316650391 29.0143337249756 29.0161666870117 29.3673324584961 29.4498329162598 29.275333404541 29.2255020141602 29.2811679840088 29.3190002441406 29.2071666717529 29.1906661987305 29.0790004730225 29.0156669616699 29.2110004425049 28.8423347473145 28.8133335113525 28.8064994812012 28.6359996795654 28.4186668395996 28.2814998626709 28.3080005645752 28.1713333129883 28.1820011138916 28.1631660461426 27.9890003204346 27.869499206543 27.5974998474121 27.3951663970947 27.0358333587646 26.9183330535889 26.8628330230713 26.7585010528564 26.4673328399658 26.3008346557617 26.6245002746582 26.9460010528564 27.2019996643066 27.0131664276123 26.6461658477783 26.3471660614014
28.7253341674805 28.6735000610352 28.5561676025391 28.6544990539551 28.6696662902832 28.6386661529541 28.658332824707 28.7469997406006 28.8933334350586 28.9578323364258 29.0404987335205 29.066333770752 29.2283344268799 29.3505001068115 29.3843326568604 29.2941665649414 29.3066673278809 29.308500289917 29.3153343200684 29.2325000762939 29.1855010986328 29.1146659851074 29.1466674804688 28.9799995422363 28.7398338317871 29.0574989318848 28.8194999694824 28.4406661987305 28.2818336486816 28.2401657104492 28.1679992675781 28.1063327789307 28.1870002746582 28.0251655578613 27.8526668548584 27.5380020141602 27.280834197998 26.9591655731201 26.8945007324219 26.7994995117188 26.7550010681152 26.6141662597656 26.3610000610352 26.7274990081787 26.9635009765625 27.2203330993652 27.3803329467773 27.0629997253418 26.962833404541
28.5885009765625 28.5935001373291 28.5785007476807 28.7234992980957 28.708667755127 28.8186664581299 28.8234996795654 28.7901668548584 28.8508338928223 28.9273338317871 29.1086654663086 29.1848335266113 29.2348327636719 29.2600002288818 29.4056663513184 29.316499710083 29.3834991455078 29.3699989318848 29.3474998474121 29.3443336486816 29.2528343200684 29.1896667480469 29.0499992370605 29.1149997711182 28.7708339691162 29.0143337249756 28.9020004272461 28.5863342285156 28.2849998474121 28.2651672363281 28.2978324890137 28.2411670684814 28.2251663208008 28.1681671142578 27.9508323669434 27.7903327941895 27.5368347167969 27.2141666412354 27.0761661529541 26.9911670684814 26.916166305542 26.7325000762939 26.6081657409668 27.2123336791992 27.5448322296143 27.4169998168945 27.844165802002 27.7023334503174 27.394832611084
28.7103328704834 28.6200008392334 28.6361656188965 28.6744995117188 28.7146663665771 28.8303337097168 28.9401664733887 28.896333694458 28.8570003509521 28.9085006713867 29.0563335418701 29.2278327941895 29.2823333740234 29.2244987487793 29.0768337249756 29.0113334655762 29.25 29.3959999084473 29.412166595459 29.4421672821045 29.3661670684814 29.2841682434082 29.1015014648438 29.162166595459 28.8425006866455 29.0458335876465 29.0163326263428 28.6269989013672 28.4298343658447 28.3801670074463 28.2571659088135 28.236499786377 28.1784992218018 28.2041664123535 28.1239986419678 27.8741664886475 27.6663341522217 27.5166664123535 27.3915004730225 27.2776679992676 27.1896667480469 27.0476665496826 27.0555000305176 27.3759994506836 27.8778343200684 27.7950000762939 28.1163330078125 28.1630001068115 27.8794994354248
28.9528331756592 28.9423332214355 28.8365001678467 28.658166885376 28.6351661682129 28.7463340759277 28.9266662597656 29.0049991607666 28.9491672515869 28.960334777832 29.0796661376953 29.2056674957275 29.2938346862793 29.3105010986328 29.2063331604004 29.2430000305176 29.3110008239746 29.3980007171631 29.4911670684814 29.5205001831055 29.4459991455078 29.3973331451416 29.2794990539551 29.3211669921875 28.9423332214355 29.0716667175293 29.1283340454102 28.8106670379639 28.4980010986328 28.3783340454102 28.2945003509521 28.1858329772949 28.2531661987305 28.2291679382324 28.1224994659424 27.9556674957275 27.7620010375977 27.646167755127 27.4618339538574 27.2670001983643 27.1633338928223 27.09033203125 26.9330005645752 26.8796672821045 27.673999786377 28.220832824707 28.3605003356934 28.4320011138916 28.1033344268799
28.9729995727539 29.0431671142578 28.945333480835 28.6806659698486 28.6443328857422 28.7106666564941 28.8653335571289 29.0533332824707 29.0258331298828 29.0480003356934 29.1231651306152 29.2506656646729 29.332332611084 29.4788341522217 29.5083332061768 29.5981674194336 29.5938339233398 29.57200050354 29.6180000305176 29.5965003967285 29.5513343811035 29.4985008239746 29.4750003814697 29.3645000457764 28.9573345184326 29.1176681518555 29.1604995727539 28.9238338470459 28.636833190918 28.5410003662109 28.451000213623 28.4393329620361 28.468334197998 28.3009986877441 28.1469993591309 27.9751663208008 27.8721656799316 27.6921653747559 27.4506664276123 27.1643333435059 27.0854988098145 27.1018333435059 26.9096660614014 26.8208332061768 27.2303333282471 28.3150005340576 28.5541667938232 28.6695003509521 28.3376655578613
28.9918327331543 29.0106658935547 28.9715003967285 28.8273334503174 28.765832901001 28.7483329772949 28.8969993591309 29.0450000762939 29.0981674194336 29.1434993743896 29.2438316345215 29.2836666107178 29.3206672668457 29.4011669158936 29.5831680297852 29.6281661987305 29.5968322753906 29.5576667785645 29.4991664886475 29.5243339538574 29.6456680297852 29.5615005493164 29.486499786377 29.4143333435059 29.1181659698486 29.162166595459 29.1966667175293 29.0208339691162 28.6774997711182 28.6068344116211 28.5945014953613 28.568000793457 28.6378326416016 28.4653339385986 28.2556667327881 28.0281658172607 27.9111671447754 27.7708339691162 27.5241661071777 27.2574996948242 27.1033325195312 27.0711650848389 27.0625 27.1426677703857 27.4086666107178 28.5496673583984 28.9346656799316 28.918664932251 28.6766662597656
29.0098342895508 29.0176677703857 29.0044994354248 28.9438323974609 28.9521675109863 28.8920001983643 28.9391670227051 28.9734992980957 29.1471672058105 29.2401676177979 29.3276672363281 29.3445014953613 29.3531665802002 29.4144992828369 29.6280002593994 29.716667175293 29.632833480835 29.6373329162598 29.6183338165283 29.4370002746582 29.5908336639404 29.4423332214355 29.4926662445068 29.5164985656738 29.2719993591309 29.3205013275146 29.1809997558594 29.0625 28.8886661529541 28.8043327331543 28.7948341369629 28.7894992828369 28.8215007781982 28.8146667480469 28.5254993438721 28.2583332061768 28.1376667022705 28.0266666412354 27.7138328552246 27.5493316650391 27.3673343658447 27.2329998016357 27.3906669616699 27.4393329620361 27.9866676330566 28.8693332672119 29.2626667022705 29.1875 28.8075008392334
28.8996658325195 28.9713344573975 29.0540008544922 29.0395011901855 29.0438327789307 29.0779991149902 28.9376659393311 28.9794998168945 29.0828342437744 29.2123336791992 29.271167755127 29.3718338012695 29.462833404541 29.5056667327881 29.6808338165283 29.7693328857422 29.718334197998 29.5458335876465 29.5696678161621 29.5053329467773 29.4564990997314 29.3621673583984 29.3784999847412 29.3784999847412 29.4768333435059 29.3983325958252 29.4191665649414 29.1996669769287 29.1625003814697 29.2280006408691 29.1000003814697 29.0688323974609 29.1625003814697 29.0721664428711 28.7598342895508 28.5483341217041 28.3470001220703 28.2189998626709 28.1018333435059 27.8596668243408 27.7666664123535 27.6971664428711 27.6908340454102 27.6921672821045 27.6758346557617 28.767333984375 29.4311656951904 29.3491668701172 28.9174995422363
28.9523334503174 28.8050003051758 28.8323345184326 29.1455001831055 29.1841659545898 29.0825004577637 28.8839988708496 28.9340000152588 29.1005001068115 29.2374992370605 29.2686653137207 29.3943347930908 29.5184993743896 29.6386661529541 29.6231670379639 29.6333332061768 29.646333694458 29.4775009155273 29.2813339233398 29.3638324737549 29.3393325805664 29.341667175293 29.3491668701172 29.2628326416016 29.378999710083 29.6678333282471 29.304666519165 29.0815010070801 29.0803337097168 29.2426662445068 29.5540008544922 29.6293334960938 29.146333694458 28.9963340759277 28.7556667327881 28.7060012817383 28.553165435791 28.3070011138916 28.2353324890137 28.0171661376953 27.9478340148926 27.8356666564941 27.7491664886475 27.86549949646 27.8561668395996 28.9491653442383 29.6065006256104 29.6843338012695 29.4150009155273
29.0901660919189 29.0193328857422 29.011999130249 29.2133331298828 29.2350006103516 29.0913333892822 28.9006652832031 28.9066677093506 29.0901660919189 29.285665512085 29.335334777832 29.3418350219727 29.47483253479 29.670166015625 29.6656684875488 29.6014995574951 29.6195011138916 29.4290008544922 29.3731651306152 29.3568344116211 29.2776679992676 29.2870006561279 29.3846664428711 29.3763332366943 29.3621673583984 29.6178340911865 29.7884998321533 29.5458335876465 29.2928333282471 29.2789993286133 29.4348335266113 29.6283340454102 29.0756664276123 28.9358329772949 28.9108333587646 28.6818332672119 28.5714988708496 28.3920001983643 28.2063331604004 28.1394996643066 28.0086669921875 27.9281673431396 28.0514984130859 28.1043338775635 28.0510005950928 28.5051670074463 29.6825008392334 29.9771671295166 29.7503337860107
29.15966796875 29.0968322753906 29.0356674194336 29.1968326568604 29.2303333282471 29.216667175293 29.056999206543 28.9484996795654 29.0524997711182 29.3131656646729 29.4001655578613 29.4463329315186 29.5841674804688 29.67799949646 29.767333984375 29.6636657714844 29.6420001983643 29.529333114624 29.4266662597656 29.3806667327881 29.2843322753906 29.2985000610352 29.3646659851074 29.5058326721191 29.4938335418701 29.4333343505859 29.5499992370605 29.6886672973633 29.7259998321533 29.63450050354 29.3681678771973 29.5176658630371 29.3255004882812 28.9616661071777 28.7266674041748 28.7935009002686 28.5233325958252 28.478666305542 28.386833190918 28.2898330688477 28.2428340911865 28.1884994506836 28.2196674346924 28.2336654663086 28.300666809082 28.3583335876465 29.6696662902832 30.154167175293 30.0809993743896
29.2501659393311 29.1049995422363 29.0846672058105 29.1490001678467 29.1665000915527 29.3346672058105 29.283166885376 29.1579990386963 29.0261669158936 29.2924995422363 29.4123344421387 29.4204998016357 29.5753326416016 29.6875 29.7859992980957 29.8374996185303 29.6888332366943 29.658166885376 29.4848327636719 29.466833114624 29.4409999847412 29.5076675415039 29.5968322753906 29.6786670684814 29.6451663970947 29.4969997406006 29.5919990539551 29.6826667785645 29.6044998168945 29.8206672668457 29.6615009307861 29.5970001220703 29.6491661071777 29.0358333587646 28.7363319396973 28.9340000152588 28.773832321167 28.5841674804688 28.4724998474121 28.4330005645752 28.303165435791 28.287166595459 28.2936668395996 28.2186660766602 28.3926658630371 28.5871677398682 29.3899993896484 30.2566661834717 30.3833332061768
29.8024997711182 29.2438335418701 29.1323318481445 29.2041664123535 29.228832244873 29.2743339538574 29.4018325805664 29.3131675720215 29.2105007171631 29.3444995880127 29.3589992523193 29.4101676940918 29.5523338317871 29.6846656799316 29.7186660766602 29.7859992980957 29.7008323669434 29.6595001220703 29.6416664123535 29.6108322143555 29.5709991455078 29.6298332214355 29.679666519165 29.7005004882812 29.6178340911865 29.554500579834 29.6411666870117 29.5538330078125 29.6408348083496 29.8649997711182 30.1216659545898 29.7031669616699 29.8181667327881 29.6443328857422 29.1628341674805 28.9675006866455 28.9241676330566 28.7224998474121 28.6529998779297 28.5926666259766 28.3850002288818 28.3136672973633 28.4274997711182 28.2988338470459 28.4860000610352 28.86549949646 29.037166595459 30.2049999237061 30.5901660919189
29.9316673278809 29.3036651611328 29.2061672210693 29.2626667022705 29.2450008392334 29.2026672363281 29.1771659851074 29.2325000762939 29.2924995422363 29.4438323974609 29.4498329162598 29.3713340759277 29.388500213623 29.5893325805664 29.644832611084 29.8016662597656 29.7506656646729 29.7309989929199 29.7875003814697 29.7275009155273 29.6708335876465 29.7348327636719 29.666332244873 29.5408344268799 29.5443344116211 29.6603336334229 29.6568336486816 29.6511669158936 29.650333404541 29.7771663665771 30.1501655578613 30.0841674804688 29.9133338928223 30.2598323822021 29.9208335876465 29.1853332519531 29.0276660919189 28.8818340301514 28.6595001220703 28.5946655273438 28.5440006256104 28.5186672210693 28.622501373291 28.667667388916 28.8658332824707 29.1983337402344 29.1996669769287 30.0904998779297 30.6996669769287
30.2115001678467 29.6708335876465 29.5995006561279 29.3600006103516 29.2131671905518 29.1684989929199 29.1453342437744 29.1875 29.2339992523193 29.3846664428711 29.5471668243408 29.4408340454102 29.2841663360596 29.3793334960938 29.5304985046387 29.7493324279785 29.8016662597656 29.8150005340576 29.8520011901855 29.8033332824707 29.7721672058105 29.7706680297852 29.6213340759277 29.5834999084473 29.6161670684814 29.6555004119873 29.6821670532227 29.6743335723877 29.5016670227051 29.4683322906494 29.7681674957275 30.359001159668 30.0273323059082 29.9695014953613 29.4025001525879 29.0865001678467 29.03466796875 28.9134998321533 28.82200050354 28.6916656494141 28.8015003204346 28.6628341674805 28.7668342590332 28.8891677856445 28.9808330535889 29.5510005950928 29.8359985351562 30.2953338623047 30.8641662597656
30.3686676025391 30.255500793457 29.9236660003662 29.4873332977295 29.2781658172607 29.220666885376 29.2443332672119 29.2053337097168 29.2848339080811 29.3091659545898 29.4505004882812 29.7038326263428 29.4853343963623 29.3808326721191 29.4366664886475 29.6245002746582 29.7280006408691 29.8479995727539 29.871166229248 29.8761672973633 29.8808326721191 29.7351665496826 29.6388339996338 29.6324996948242 29.6196670532227 29.5738334655762 29.5288333892822 29.5993328094482 29.482666015625 29.4309997558594 29.5205001831055 30.1865005493164 30.3850002288818 30.1666660308838 30.1433334350586 29.8255004882812 29.5943336486816 29.1829986572266 29.070499420166 29.0548343658447 29.1218338012695 29.1426658630371 29.0325012207031 29.0653343200684 29.1009998321533 29.2674999237061 30.3375015258789 30.5251655578613 30.9966678619385
30.2838325500488 30.4069995880127 30.1599998474121 29.7616672515869 29.4165000915527 29.3838329315186 29.4291667938232 29.3339996337891 29.2204990386963 29.3508319854736 29.3533325195312 29.5025005340576 29.7583332061768 29.6165008544922 29.4696674346924 29.6033325195312 29.673999786377 29.8183326721191 29.9123344421387 29.9198341369629 29.9103336334229 29.8701667785645 29.8073329925537 29.6966667175293 29.6219997406006 29.6105003356934 29.4820003509521 29.5314998626709 29.5458335876465 29.4611663818359 29.3451652526855 29.6814994812012 30.5485000610352 30.5533332824707 30.3248329162598 30.2428321838379 30.2220001220703 29.6965007781982 29.3396663665771 29.3081665039062 29.253999710083 29.4766674041748 29.3373336791992 29.3036670684814 29.355167388916 29.349666595459 29.8773326873779 30.8495006561279 30.8840007781982
30.2431659698486 30.4163341522217 30.3250007629395 29.992000579834 29.6351661682129 29.5149993896484 29.6203327178955 29.4148330688477 29.279167175293 29.2493324279785 29.3566665649414 29.4541664123535 29.5904998779297 29.7238330841064 29.7493343353271 29.6104984283447 29.6233329772949 29.8186664581299 29.9423332214355 29.9891662597656 29.9428329467773 29.9213333129883 29.8229999542236 29.7608337402344 29.6248340606689 29.6809997558594 29.5656661987305 29.4606666564941 29.5343341827393 29.4331665039062 29.2593326568604 29.2636661529541 30.1370010375977 30.5903339385986 30.6003322601318 30.5399990081787 30.3986663818359 30.3449993133545 29.5703315734863 29.4991664886475 29.7425003051758 29.7623329162598 29.5968322753906 29.4360008239746 29.3483333587646 29.5846672058105 29.7878341674805 30.8419990539551 31.1604995727539
30.275333404541 30.361665725708 30.4449996948242 30.1303329467773 29.6035003662109 29.5321674346924 29.5471668243408 29.5206680297852 29.4076671600342 29.1928329467773 29.2371673583984 29.416166305542 29.3943328857422 29.4971675872803 29.7065010070801 29.7480010986328 29.6918334960938 29.8488330841064 29.9623336791992 30.019998550415 30.0165004730225 29.9368324279785 29.8626670837402 29.824333190918 29.7748336791992 29.6331672668457 29.5526676177979 29.5093326568604 29.4138317108154 29.3346672058105 29.3116664886475 29.2959995269775 29.75950050354 30.3816661834717 30.6321659088135 30.8396663665771 30.5030002593994 30.4980010986328 29.9771671295166 30.0799999237061 30.4678325653076 29.9678344726562 29.7311668395996 29.5396671295166 29.4689998626709 29.8106670379639 30.2823333740234 30.2761669158936 31.3726673126221
