rasterData/Egypt_bio4.asc
NCOLS 147 
NROWS 116 
XLLCORNER 24.688652792 
YLLCORNER 21.99436916 
CELLSIZE 0.083059832122449 
NODATA_value -3.4e+38 
[rows 42 to 62 of 116, columns 49 to 97 of 147]
653.494506835938 653.8955078125 653.361938476562 653.249267578125 654.635070800781 656.093078613281 655.968566894531 656.180297851562 657.505981445312 657.103759765625 658.852111816406 662.535034179688 664.66455078125 666.599853515625 667.419189453125 668.922546386719 670.034301757812 669.8056640625 668.421081542969 667.186157226562 665.3740234375 660.752075195312 656.390014648438 647.407958984375 645.819946289062 648.407043457031 651.514343261719 651.205017089844 649.90673828125 649.125 647.777465820312 646.664001464844 645.56201171875 643.936218261719 641.582092285156 638.115539550781 634.387145996094 631.947265625 631.242492675781 631.411254882812 630.72900390625 630.107543945312 625.264465332031 622.768127441406 619.583923339844 616.466918945312 611.905639648438 607.287475585938 602.132629394531
657.891906738281 657.208435058594 656.093444824219 654.083984375 656.708557128906 658.649230957031 658.605407714844 658.395935058594 657.63134765625 658.191223144531 659.940063476562 660.756896972656 666.372253417969 668.960693359375 669.328308105469 670.218872070312 670.90966796875 670.358215332031 669.553344726562 668.820373535156 666.294921875 662.509582519531 659.9697265625 650.851257324219 645.40087890625 646.718017578125 651.864196777344 650.541320800781 648.467102050781 647.976989746094 647.2294921875 645.611633300781 645.261596679688 643.117126464844 639.643493652344 637.177185058594 634.9619140625 632.577209472656 632.003479003906 632.183898925781 631.507263183594 631.374145507812 626.845886230469 622.549133300781 621.883056640625 617.516967773438 613.960205078125 610.93603515625 608.623962402344
655.847961425781 655.643676757812 657.534362792969 658.889038085938 661.451904296875 661.501892089844 661.433532714844 661.025268554688 661.026428222656 661.672973632812 662.106994628906 661.692932128906 664.199096679688 668.844665527344 670.808959960938 670.787780761719 671.284484863281 671.803771972656 670.384033203125 669.918701171875 668.285034179688 664.591735839844 661.415161132812 652.248168945312 645.502563476562 647.587463378906 650.976440429688 649.37451171875 648.164489746094 647.706481933594 647.274658203125 645.489440917969 643.742797851562 642.104736328125 638.732177734375 636.613586425781 635.838684082031 634.527709960938 633.716491699219 633.427856445312 632.541931152344 631.661560058594 630.292602539062 620.519409179688 622.012878417969 616.960266113281 613.773986816406 611.605895996094 610.782287597656
658.708557128906 659.178894042969 659.037414550781 659.566528320312 663.313293457031 665.868713378906 666.384399414062 666.063842773438 665.244445800781 665.093566894531 665.218688964844 665.627014160156 666.044067382812 666.261535644531 669.021301269531 670.966125488281 671.832824707031 672.644348144531 672.224487304688 670.516540527344 669.388000488281 666.584716796875 662.883361816406 652.762756347656 641.14013671875 647.1572265625 651.6611328125 648.490295410156 647.053649902344 647.004455566406 646.081848144531 645.290588378906 643.822204589844 642.163696289062 639.130249023438 637.401977539062 636.379760742188 634.102355957031 634.296569824219 634.571838378906 632.818725585938 632.496826171875 631.663391113281 625.056457519531 624.306335449219 619.2099609375 615.538818359375 614.69091796875 617.836120605469
662.596618652344 662.8203125 662.931213378906 663.637817382812 665.72607421875 668.064086914062 668.794372558594 669.105285644531 668.142944335938 667.446472167969 667.043334960938 667.590209960938 667.455505371094 667.735107421875 667.610778808594 666.851013183594 670.804382324219 672.715209960938 672.429626464844 671.557250976562 669.740478515625 666.91064453125 662.891662597656 654.16845703125 640.651916503906 640.517211914062 650.258666992188 647.716979980469 647.111938476562 646.492248535156 644.856872558594 643.611267089844 644.335205078125 642.888427734375 640.525329589844 638.714965820312 637.539489746094 635.899963378906 635.652465820312 634.839660644531 633.757995605469 632.596069335938 631.928771972656 627.46484375 625.966491699219 622.278503417969 617.444763183594 617.350280761719 619.281127929688
665.219360351562 664.9091796875 665.692565917969 666.95263671875 667.769958496094 669.294311523438 671.185668945312 671.746215820312 671.666748046875 670.566284179688 669.756713867188 668.535583496094 669.247924804688 669.046752929688 669.089721679688 668.509948730469 666.8935546875 669.353088378906 672.502319335938 671.819946289062 670.166809082031 667.741149902344 662.73681640625 649.802734375 641.470397949219 639.01904296875 648.314575195312 647.016845703125 646.673461914062 646.863220214844 645.190612792969 643.866088867188 643.827697753906 643.301940917969 641.407165527344 639.38330078125 638.184265136719 637.604125976562 636.371215820312 635.917785644531 635.999633789062 635.403076171875 633.90576171875 633.046630859375 627.155883789062 624.11279296875 619.905822753906 619.129089355469 620.0830078125
666.143005371094 666.162170410156 666.611877441406 668.92919921875 669.765808105469 670.482788085938 672.101440429688 673.593322753906 673.561706542969 673.335998535156 672.01513671875 671.9130859375 671.535888671875 672.179138183594 671.875122070312 672.597595214844 670.781555175781 669.010437011719 671.030151367188 671.664855957031 670.768676757812 668.179077148438 661.59033203125 647.042602539062 639.539306640625 638.805297851562 647.55322265625 646.409423828125 644.972961425781 644.809020996094 645.034423828125 643.98095703125 643.340637207031 643.008972167969 641.131164550781 640.242919921875 639.964172363281 639.462951660156 637.297790527344 635.479919433594 636.783813476562 637.50146484375 637.303771972656 635.97900390625 631.141845703125 625.621337890625 623.4658203125 621.377258300781 621.175537109375
668.584655761719 667.940368652344 667.633666992188 671.010986328125 672.569580078125 672.554504394531 673.253723144531 674.967224121094 675.228698730469 674.863647460938 674.055908203125 673.316162109375 672.977661132812 673.473693847656 673.98095703125 673.9580078125 672.909362792969 670.221374511719 669.378356933594 669.768310546875 670.457763671875 668.461364746094 664.078430175781 653.45361328125 640.80029296875 644.048706054688 646.690612792969 646.060913085938 644.197204589844 644.315002441406 644.762878417969 644.993103027344 643.960388183594 643.310546875 642.546203613281 641.457397460938 640.933044433594 640.393249511719 637.95849609375 637.449645996094 638.581604003906 638.722717285156 637.461547851562 636.650512695312 633.000061035156 626.762634277344 627.549743652344 625.60107421875 624.454895019531
671.167846679688 670.910461425781 670.644836425781 672.933837890625 674.911865234375 675.177673339844 675.32763671875 676.513793945312 677.017272949219 677.033081054688 676.380493164062 674.756958007812 674.202575683594 673.905151367188 674.338500976562 674.508422851562 673.268371582031 671.523498535156 670.431457519531 669.505554199219 670.073669433594 667.708312988281 664.3310546875 656.04052734375 642.515930175781 643.753173828125 647.844360351562 645.715087890625 643.616882324219 642.969055175781 644.365783691406 645.896118164062 645.04931640625 642.481689453125 643.176635742188 642.967468261719 642.083801269531 641.412231445312 639.83642578125 639.667358398438 640.160705566406 640.348205566406 639.3876953125 639.088256835938 634.220764160156 629.919982910156 631.253356933594 629.745239257812 629.268798828125
673.811767578125 673.941162109375 674.317932128906 673.52001953125 673.404235839844 676.75439453125 678.009765625 678.949829101562 678.366638183594 678.322509765625 677.939086914062 676.835754394531 675.995910644531 675.050537109375 675.393798828125 676.500427246094 674.341247558594 672.6865234375 673.005798339844 671.013427734375 669.908020019531 666.549865722656 664.438903808594 659.043395996094 647.470520019531 638.112121582031 639.465637207031 642.212097167969 641.697631835938 640.83447265625 645.1826171875 646.393310546875 642.725158691406 641.203918457031 643.657409667969 643.64990234375 644.599182128906 643.645263671875 643.121520996094 642.571166992188 641.996704101562 642.2294921875 642.351623535156 642.38623046875 640.99365234375 635.308349609375 635.376037597656 633.952514648438 631.746276855469
675.386901855469 674.880737304688 675.518798828125 675.109985351562 674.937744140625 677.629150390625 678.775756835938 680.300354003906 679.550476074219 680.090759277344 679.630737304688 678.642456054688 678.801513671875 678.916564941406 678.823364257812 677.344360351562 675.434143066406 672.885559082031 671.901672363281 671.973388671875 671.00146484375 669.125305175781 667.048645019531 662.838256835938 656.714233398438 647.919921875 636.018981933594 628.985717773438 628.220153808594 632.423156738281 641.091918945312 643.369079589844 643.937133789062 645.466369628906 646.207885742188 645.86376953125 645.846313476562 645.904907226562 645.751525878906 645.485961914062 645.072021484375 645.143737792969 645.406005859375 644.918212890625 644.304504394531 638.263061523438 639.823425292969 637.772644042969 634.816711425781
676.752319335938 676.141174316406 676.188232421875 676.929870605469 676.585083007812 679.273742675781 681.22119140625 681.433410644531 681.303649902344 681.406188964844 681.554992675781 680.881713867188 680.161376953125 680.715759277344 679.805786132812 677.934997558594 677.189331054688 674.301086425781 673.508605957031 672.616638183594 672.217895507812 671.263732910156 668.421508789062 665.409118652344 661.441955566406 656.687133789062 648.263854980469 637.190490722656 628.4931640625 626.749450683594 632.579406738281 643.26025390625 647.699096679688 647.943115234375 647.47119140625 647.808288574219 647.771362304688 647.856567382812 647.8974609375 648.09375 648.034240722656 648.068786621094 648.154113769531 647.906311035156 646.346435546875 643.694885253906 643.013366699219 642.665283203125 638.605224609375
678.996704101562 678.116088867188 677.881042480469 678.510803222656 677.835998535156 680.018737792969 682.197143554688 682.27734375 682.865539550781 683.107971191406 683.744750976562 682.652404785156 682.9052734375 682.849060058594 682.07421875 678.976135253906 677.871765136719 676.506713867188 675.496398925781 675.127990722656 673.786743164062 672.722106933594 670.830871582031 668.256225585938 665.902221679688 661.718688964844 658.29443359375 652.608154296875 648.791442871094 634.093017578125 628.621704101562 638.83154296875 649.694580078125 649.186828613281 649.547546386719 649.444641113281 650.054931640625 650.454772949219 650.670654296875 650.737915039062 651.05908203125 651.170715332031 651.929748535156 651.411376953125 649.54443359375 649.065307617188 645.866577148438 646.414123535156 642.368408203125
680.885803222656 680.363525390625 680.147583007812 680.397094726562 679.861694335938 680.676086425781 682.125427246094 682.230712890625 684.161804199219 684.435607910156 684.915649414062 684.154602050781 684.044982910156 683.537719726562 683.557556152344 681.814086914062 680.369873046875 679.347473144531 677.515258789062 676.809509277344 675.312316894531 674.606323242188 673.9365234375 672.697326660156 670.195861816406 667.324401855469 666.315673828125 663.1806640625 658.361511230469 649.522094726562 635.665405273438 631.725219726562 647.890991210938 651.171997070312 652.426452636719 652.174438476562 651.616333007812 652.124145507812 652.807739257812 653.714233398438 654.114196777344 654.623901367188 654.763671875 654.407897949219 653.182189941406 651.496154785156 650.262084960938 649.719482421875 647.054931640625
683.66796875 683.472961425781 682.854736328125 682.442504882812 682.340881347656 682.132995605469 683.472412109375 683.596984863281 685.636657714844 686.933166503906 686.529907226562 685.9482421875 685.842651367188 685.119323730469 684.020690917969 684.671813964844 682.214172363281 681.361938476562 679.496398925781 678.382934570312 677.939086914062 677.600463867188 677.165832519531 675.850158691406 673.926696777344 671.003356933594 669.728942871094 667.232482910156 662.833801269531 658.328430175781 646.340515136719 635.253601074219 640.305480957031 650.004760742188 651.420227050781 653.750244140625 654.865539550781 654.693969726562 655.8173828125 656.896484375 656.994445800781 655.81787109375 656.935546875 656.65771484375 656.292846679688 654.514038085938 653.633422851562 652.540954589844 652.579040527344
688.105346679688 686.539855957031 685.081359863281 684.512329101562 683.778869628906 682.66064453125 683.786437988281 685.032775878906 686.06591796875 687.477111816406 687.791564941406 687.808410644531 687.314453125 686.557006835938 685.345642089844 686.636413574219 684.849426269531 683.068908691406 681.322387695312 679.949951171875 679.904479980469 680.666320800781 679.387573242188 677.926391601562 676.028076171875 674.118408203125 672.479919433594 670.704833984375 665.619445800781 662.296875 656.715026855469 643.926208496094 638.129638671875 645.994018554688 651.429565429688 656.644836425781 657.33935546875 657.729431152344 658.991821289062 660.031127929688 659.360656738281 659.24755859375 660.272338867188 660.807922363281 659.795471191406 656.7197265625 656.19140625 655.600280761719 657.399047851562
689.523315429688 687.725341796875 686.510314941406 686.757141113281 685.651550292969 683.859741210938 684.687438964844 686.305419921875 687.062622070312 689.177124023438 689.521423339844 689.412536621094 688.8291015625 687.906066894531 687.335571289062 687.793151855469 686.839050292969 685.059753417969 683.7529296875 683.00439453125 682.538940429688 682.335571289062 681.314575195312 680.359008789062 678.527709960938 676.820068359375 674.680969238281 672.741394042969 669.381774902344 665.315490722656 660.434875488281 652.572448730469 643.812805175781 645.680419921875 654.679504394531 658.933410644531 659.890441894531 660.303833007812 660.520568847656 662.702697753906 662.439514160156 663.240966796875 663.470458984375 664.095153808594 664.13671875 660.312255859375 659.490356445312 660.048034667969 662.821899414062
696.126647949219 692.914123535156 689.820922851562 688.986572265625 687.470153808594 687.010070800781 685.579528808594 686.095825195312 687.34326171875 689.086669921875 691.038696289062 691.891967773438 690.888610839844 690.018859863281 689.22216796875 688.618957519531 688.650817871094 686.772216796875 685.905212402344 685.109680175781 684.925903320312 683.402038574219 681.954650878906 681.097106933594 680.507873535156 677.999267578125 675.999145507812 674.701171875 671.946228027344 668.882263183594 665.101379394531 659.402282714844 651.673583984375 644.73779296875 641.90869140625 653.112365722656 659.522338867188 661.414428710938 662.484985351562 663.862670898438 665.106079101562 665.735961914062 666.706726074219 667.760559082031 667.434387207031 667.077819824219 666.320983886719 667.556701660156 669.576599121094
699.629699707031 697.647583007812 694.087829589844 691.419067382812 689.810241699219 689.136840820312 688.151184082031 687.995361328125 688.532165527344 689.262268066406 691.494445800781 691.643493652344 692.751159667969 692.648132324219 691.630249023438 690.84130859375 689.875427246094 688.6171875 688.173706054688 687.996215820312 687.094116210938 686.362731933594 684.947326660156 682.922058105469 681.521850585938 679.511962890625 676.645202636719 676.257263183594 675.144409179688 672.470397949219 669.705749511719 666.842468261719 662.040161132812 654.543090820312 647.055297851562 642.559448242188 653.836608886719 663.092468261719 665.148620605469 666.790649414062 667.542297363281 668.346618652344 670.617858886719 671.671630859375 671.950134277344 671.745788574219 671.785095214844 673.415710449219 673.329895019531
701.357299804688 701.612915039062 699.159606933594 694.860534667969 692.795227050781 692.142578125 691.314697265625 690.125305175781 689.719482421875 689.546813964844 691.808959960938 692.383911132812 692.118225097656 693.193481445312 694.021423339844 693.064270019531 691.638610839844 690.611877441406 690.174621582031 690.392150878906 688.3564453125 687.994323730469 686.225952148438 684.601867675781 682.681762695312 681.230773925781 678.184509277344 677.543518066406 677.693298339844 675.500366210938 673.780456542969 671.853393554688 668.639099121094 666.108703613281 659.090942382812 648.429931640625 646.955871582031 659.038757324219 666.870788574219 668.656127929688 668.514282226562 672.116149902344 673.625732421875 674.723754882812 675.707336425781 675.254638671875 675.554382324219 679.318908691406 679.303405761719
702.938842773438 703.705505371094 703.351867675781 698.913391113281 695.359985351562 693.769348144531 692.460510253906 690.319030761719 690.4375 689.953063964844 691.233703613281 692.669982910156 693.189147949219 693.21923828125 694.751525878906 695.119079589844 694.162292480469 693.21923828125 692.595397949219 692.110534667969 690.100952148438 689.116516113281 687.784240722656 686.845336914062 685.881591796875 682.679748535156 680.881042480469 679.649108886719 678.935791015625 678.301208496094 676.382751464844 674.328063964844 672.087463378906 670.435913085938 667.441040039062 657.65478515625 651.538269042969 659.905822753906 669.1142578125 669.662536621094 668.473754882812 674.86376953125 677.545166015625 678.56298828125 678.7890625 679.028503417969 679.13134765625 681.416442871094 686.440490722656
