rasterData/Egypt_bio10.asc
NCOLS 147 
NROWS 116 
XLLCORNER 24.688652792 
YLLCORNER 21.99436916 
CELLSIZE 0.083059832122449 
NODATA_value -3.4e+38 
[rows 63 to 83 of 116, columns 0 to 48 of 147]
-3.4e+38 -3.4e+38 -3.4e+38 -3.4e+38 30.0100002288818 29.9316673278809 29.933500289917 30.1298332214355 29.829833984375 29.6184997558594 29.5634994506836 29.5124988555908 29.482666015625 29.4783325195312 29.7366676330566 29.8746662139893 29.7636661529541 29.6548328399658 29.4381675720215 29.4604988098145 29.4575004577637 29.4526672363281 29.445499420166 29.4540004730225 29.4431667327881 29.4340000152588 29.4200000762939 29.5345001220703 29.8256664276123 29.9061679840088 29.8444995880127 30.079833984375 30.1338329315186 30.0690002441406 30.2024993896484 30.4803333282471 30.4388332366943 30.0023326873779 29.3553333282471 29.2310009002686 29.3488330841064 29.5814990997314 29.9181671142578 30.0671653747559 30.154167175293 30.2893333435059 30.2736663818359 30.2888336181641 30.3199996948242
-3.4e+38 -3.4e+38 -3.4e+38 -3.4e+38 30.0494995117188 29.9598331451416 30.0468330383301 30.1921672821045 29.7784996032715 29.6310005187988 29.5553321838379 29.5258331298828 29.4838314056396 29.4798336029053 29.4801654815674 29.5986671447754 29.5073337554932 29.4899997711182 29.4384994506836 29.4524993896484 29.4383335113525 29.4393348693848 29.4426670074463 29.4383335113525 29.4213333129883 29.5254993438721 29.5478343963623 29.6053333282471 29.7568340301514 29.9206657409668 29.9305000305176 30.0104999542236 29.9400005340576 29.9391670227051 30.1273345947266 30.30299949646 30.2901668548584 29.7309989929199 29.2126655578613 29.1293334960938 28.9734992980957 29.1035003662109 29.5461654663086 29.7923336029053 29.9333343505859 30.1364994049072 30.224666595459 30.2701663970947 30.3350009918213
-3.4e+38 -3.4e+38 -3.4e+38 -3.4e+38 30.1404991149902 29.9289989471436 30.1181659698486 29.8971672058105 29.7534999847412 29.6356678009033 29.5711669921875 29.52516746521 29.4836654663086 29.5108337402344 29.4976654052734 29.5873336791992 29.4890003204346 29.433500289917 29.439001083374 29.4448337554932 29.4613342285156 29.4853324890137 29.4434986114502 29.4174995422363 29.404333114624 29.5071659088135 29.5830001831055 29.5869998931885 29.6631679534912 29.7130012512207 29.8091659545898 29.8511657714844 29.8461647033691 30.0773334503174 30.1501655578613 30.2053337097168 30.2403335571289 30.1193332672119 29.5036659240723 29.2220001220703 28.9705009460449 28.9251670837402 29.0931663513184 29.349666595459 29.6801662445068 29.9446678161621 30.2106666564941 30.2308330535889 30.2845001220703
-3.4e+38 -3.4e+38 -3.4e+38 -3.4e+38 30.4036674499512 29.8649997711182 29.8461666107178 29.7406673431396 29.7425003051758 29.6801662445068 29.5951671600342 29.5231666564941 29.477165222168 29.5426654815674 29.5003337860107 29.4314994812012 29.4224987030029 29.417667388916 29.4263343811035 29.4526672363281 29.5248336791992 29.5781669616699 29.4233341217041 29.3733329772949 29.4184989929199 29.4638328552246 29.513500213623 29.5925006866455 29.6306667327881 29.6271667480469 29.7046661376953 29.8980007171631 29.9581680297852 30.3558330535889 30.4309997558594 30.2748336791992 30.2746677398682 30.3610000610352 30.1040000915527 29.6981658935547 29.4409999847412 29.2258338928223 29.0723342895508 29.0376663208008 29.1376667022705 29.5248336791992 29.7684993743896 30.0188331604004 30.1436672210693
-3.4e+38 -3.4e+38 -3.4e+38 -3.4e+38 30.482666015625 29.916166305542 29.779167175293 29.7311668395996 29.6931667327881 29.6765003204346 29.6180000305176 29.5141658782959 29.47483253479 29.4741668701172 29.4379997253418 29.4169998168945 29.4114990234375 29.4029998779297 29.4200000762939 29.4526672363281 29.5066680908203 29.5685005187988 29.4855003356934 29.3969993591309 29.417667388916 29.4491672515869 29.4915008544922 29.5381660461426 29.6394996643066 29.7760009765625 29.8863334655762 29.9091663360596 30.1043338775635 30.3871669769287 30.3285007476807 30.2084999084473 30.2146663665771 30.3846664428711 30.337833404541 30.310998916626 30.181999206543 30.3033332824707 30.2956676483154 29.7826671600342 29.2583312988281 29.2274990081787 29.2693328857422 29.5486660003662 29.7761669158936
-3.4e+38 -3.4e+38 -3.4e+38 -3.4e+38 30.3566665649414 30.0503330230713 29.8078327178955 29.6999988555908 29.658166885376 29.6455001831055 29.6049995422363 29.5188331604004 29.4833335876465 29.4416656494141 29.4274997711182 29.416332244873 29.4076652526855 29.4078330993652 29.4111671447754 29.4111671447754 29.4624996185303 29.5100002288818 29.5360012054443 29.5868339538574 29.5375003814697 29.5803337097168 29.6323318481445 29.6510009765625 29.9309997558594 29.9860000610352 29.9363346099854 29.7953338623047 29.8291664123535 30.1276664733887 30.2080001831055 30.2013339996338 30.2111663818359 30.3696670532227 30.525333404541 30.611499786377 30.707332611084 30.8201656341553 30.8508338928223 30.7544994354248 30.7228336334229 30.1886672973633 29.6071681976318 29.0736675262451 29.0709991455078
-3.4e+38 -3.4e+38 -3.4e+38 -3.4e+38 30.3934993743896 30.1299991607666 29.9085006713867 29.654167175293 29.6068325042725 29.6071662902832 29.5848331451416 29.5224990844727 29.525333404541 29.4724998474121 29.4213333129883 29.4179992675781 29.3950004577637 29.3999996185303 29.3873348236084 29.3673343658447 29.4031677246094 29.4650001525879 29.5620002746582 29.7655010223389 29.8159999847412 29.7430000305176 29.867166519165 29.9903335571289 30.0011672973633 29.8023338317871 29.7175006866455 29.6216659545898 29.621000289917 29.7933330535889 30.0458335876465 30.1784992218018 30.2696666717529 30.3066673278809 30.5328330993652 30.655834197998 30.7153339385986 30.7700004577637 30.8753337860107 30.8771667480469 30.9554996490479 31.1413345336914 31.3478336334229 30.5681667327881 29.1318340301514
-3.4e+38 -3.4e+38 -3.4e+38 -3.4e+38 30.2626667022705 30.1296672821045 30.0769996643066 29.6648330688477 29.576000213623 29.5811653137207 29.5573329925537 29.5178337097168 29.505500793457 29.4613342285156 29.4223327636719 29.4034996032715 29.3816661834717 29.3806667327881 29.3920001983643 29.3748340606689 29.4055004119873 29.4119987487793 29.5 29.6771659851074 29.7889995574951 29.8366661071777 29.7814998626709 29.757833480835 29.6971664428711 29.6496658325195 29.5678329467773 29.4973335266113 29.6978321075439 29.8308334350586 30.064001083374 30.208667755127 30.2159996032715 30.2294998168945 30.4308338165283 30.7828330993652 30.8148345947266 30.7228336334229 30.7134990692139 30.8351669311523 30.94700050354 31.0345001220703 31.2941665649414 31.3318328857422 29.9634990692139
-3.4e+38 -3.4e+38 -3.4e+38 -3.4e+38 30.1790008544922 30.1005001068115 30.105167388916 29.7573337554932 29.6199989318848 29.5860004425049 29.5261669158936 29.5011672973633 29.5279998779297 29.4911670684814 29.44700050354 29.4353332519531 29.388500213623 29.3549995422363 29.3535003662109 29.3488349914551 29.3576679229736 29.3778343200684 29.4589996337891 29.5018329620361 29.5386657714844 29.6103324890137 29.6031665802002 29.5998344421387 29.5598335266113 29.6113319396973 29.5423336029053 29.5 29.5861663818359 29.8103332519531 30.1140003204346 30.1506652832031 30.0991668701172 30.0890007019043 30.2906665802002 30.9010009765625 30.8936672210693 30.8430004119873 30.7685012817383 30.7993335723877 30.9151668548584 30.9989986419678 31.1133327484131 31.1653327941895 30.6978340148926
-3.4e+38 -3.4e+38 -3.4e+38 -3.4e+38 30.1229991912842 30.0701656341553 30.1140003204346 29.9630012512207 29.6901664733887 29.5788326263428 29.5219993591309 29.5048332214355 29.468334197998 29.4794998168945 29.4393329620361 29.4383335113525 29.3846664428711 29.318000793457 29.3020000457764 29.287166595459 29.2861671447754 29.2971668243408 29.3341655731201 29.3468322753906 29.3703327178955 29.4313335418701 29.4333343505859 29.4461669921875 29.4601669311523 29.5356674194336 29.6598339080811 29.566333770752 29.6638336181641 29.8523330688477 30.0468330383301 29.9790000915527 29.9356670379639 29.9698333740234 30.079833984375 30.4213333129883 30.7078342437744 30.7714996337891 30.8768329620361 30.8841667175293 30.9125003814697 30.9763336181641 31.1321659088135 31.1186676025391 30.9915008544922
-3.4e+38 -3.4e+38 -3.4e+38 -3.4e+38 30.1625003814697 30.0991668701172 30.0629997253418 30.0429992675781 29.7891654968262 29.6079998016357 29.5400009155273 29.5148334503174 29.469165802002 29.4948329925537 29.4503345489502 29.405834197998 29.3578338623047 29.2941665649414 29.257999420166 29.2541675567627 29.3145008087158 29.2643337249756 29.2163333892822 29.2218322753906 29.2533340454102 29.3570003509521 29.4141654968262 29.4338340759277 29.5003337860107 29.5336666107178 29.5901679992676 29.5216674804688 29.5656661987305 29.7123336791992 29.8240013122559 29.8470001220703 29.8110008239746 29.8588333129883 29.9244995117188 30.0510005950928 30.3923320770264 30.6541652679443 30.8309993743896 30.9326667785645 30.9361667633057 30.9761657714844 31.1141662597656 31.0540008544922 31.2731666564941
-3.4e+38 -3.4e+38 -3.4e+38 -3.4e+38 30.1261672973633 30.1055011749268 30.1598339080811 30.0651664733887 29.9141674041748 29.6229991912842 29.5313339233398 29.5313339233398 29.5 29.4931659698486 29.44700050354 29.4131660461426 29.3665008544922 29.2924995422363 29.2674999237061 29.2686653137207 29.2749996185303 29.2853317260742 29.1935005187988 29.1333332061768 29.1485004425049 29.2666664123535 29.3171672821045 29.3563327789307 29.4036655426025 29.4154987335205 29.4969997406006 29.4923343658447 29.4671669006348 29.5366668701172 29.5974998474121 29.7026672363281 29.720666885376 29.7281665802002 29.7808322906494 29.9980010986328 30.2961673736572 30.5246658325195 30.719165802002 30.9486656188965 30.9983329772949 30.949333190918 30.8579998016357 30.9108333587646 31.0613327026367
-3.4e+38 -3.4e+38 -3.4e+38 -3.4e+38 30.2401657104492 30.1901664733887 30.170166015625 30.0820007324219 29.9263324737549 29.6813335418701 29.5058326721191 29.5063323974609 29.5084991455078 29.4810009002686 29.4361667633057 29.4128341674805 29.3316669464111 29.2536659240723 29.3295001983643 29.3568325042725 29.2604999542236 29.2611656188965 29.2476654052734 29.1324996948242 29.0778331756592 29.1323337554932 29.2031669616699 29.3121662139893 29.4061660766602 29.4276657104492 29.4696674346924 29.5006675720215 29.5151672363281 29.470666885376 29.511833190918 29.554666519165 29.6688346862793 29.7115001678467 29.7631664276123 29.9605007171631 30.1086673736572 30.4423332214355 30.7523326873779 31.0296669006348 31.0511665344238 30.8746662139893 30.9716663360596 30.9478340148926 30.7255001068115
-3.4e+38 -3.4e+38 -3.4e+38 -3.4e+38 30.2691669464111 30.2733345031738 30.2393341064453 30.0873336791992 29.9134998321533 29.8255004882812 29.5618343353271 29.4790000915527 29.4896659851074 29.4528350830078 29.4181671142578 29.3770008087158 29.3059997558594 29.2800006866455 29.3453330993652 29.3373336791992 29.2358341217041 29.200834274292 29.1846656799316 29.1219997406006 29.0266666412354 29.0366668701172 29.1971664428711 29.3531665802002 29.3368339538574 29.4773330688477 29.5755004882812 29.5263328552246 29.5891666412354 29.5393333435059 29.4508323669434 29.5181655883789 29.6996669769287 29.9099998474121 29.8596668243408 29.8406677246094 30.0691661834717 30.3753337860107 30.6625003814697 30.9764995574951 31.1544990539551 31.2649993896484 31.0265007019043 30.8928337097168 30.5553340911865
-3.4e+38 -3.4e+38 -3.4e+38 -3.4e+38 30.1140003204346 30.2138328552246 30.2056674957275 30.0686664581299 29.8433322906494 29.9090003967285 29.6991672515869 29.5324993133545 29.4941654205322 29.4531669616699 29.4570007324219 29.3616676330566 29.2749996185303 29.246166229248 29.2449989318848 29.2258338928223 29.1721668243408 29.0978336334229 29.056999206543 29.0084991455078 28.986665725708 28.99049949646 29.0896663665771 29.1639995574951 29.1771659851074 29.3493328094482 29.5394992828369 29.507999420166 29.4861660003662 29.6180000305176 29.4879989624023 29.4996662139893 29.746166229248 29.9448337554932 30.0781669616699 30.109167098999 30.1146659851074 30.2511672973633 30.4103336334229 30.5795001983643 30.8316669464111 31.2556667327881 31.1631660461426 30.6678333282471 30.5613327026367
-339999999999999996123846586046231871488.000000000000000 -3.4e+38 -3.4e+38 -3.4e+38 30.1861667633057 30.0648326873779 30.1061668395996 30.0503330230713 29.8521671295166 29.929500579834 29.7786674499512 29.6060009002686 29.4720001220703 29.4700012207031 29.5066661834717 29.4525012969971 29.2891674041748 29.1931667327881 29.1793327331543 29.1243324279785 29.0766658782959 28.969165802002 28.9411659240723 28.9823322296143 28.9151668548584 28.8983325958252 28.982666015625 29.0288333892822 29.0606670379639 29.1633338928223 29.4193344116211 29.4354991912842 29.5788326263428 29.6958332061768 29.6245002746582 29.8008327484131 29.9814987182617 30.0106658935547 30.0796661376953 30.0231666564941 30.0524997711182 30.0834999084473 30.2059993743896 30.4064998626709 30.8318328857422 30.9954986572266 30.8398323059082 30.8141670227051 30.8863334655762
-3.4e+38 -3.4e+38 -3.4e+38 -3.4e+38 30.3403339385986 30.0028343200684 29.8308334350586 29.6373329162598 29.5321674346924 29.5431671142578 29.6184997558594 29.5904998779297 29.5804996490479 29.5154991149902 29.4568328857422 29.3903331756592 29.2924995422363 29.1693325042725 29.0571670532227 28.9956665039062 28.990665435791 28.9374980926514 28.8964996337891 28.8839988708496 28.7821674346924 28.7644996643066 28.8348331451416 28.9384994506836 28.9901657104492 29.0825004577637 29.1881675720215 29.2954998016357 29.4796676635742 29.6069984436035 29.6160011291504 29.832332611084 29.8815002441406 29.8773326873779 30.0643329620361 30.1598339080811 30.1911659240723 30.2476673126221 30.2959995269775 30.5383338928223 30.7309989929199 30.6178321838379 30.7014999389648 30.828332901001 30.8953342437744
-3.4e+38 -3.4e+38 -3.4e+38 -3.4e+38 30.3151664733887 30.0003337860107 29.8311672210693 29.6241664886475 29.4148330688477 29.4726657867432 29.5583343505859 29.6216659545898 29.6900005340576 29.496000289917 29.4015007019043 29.3111667633057 29.204833984375 29.1178340911865 28.9230003356934 28.845666885376 28.8836669921875 28.9798336029053 28.8583335876465 28.7504997253418 28.7156677246094 28.7250003814697 28.8844985961914 28.9720001220703 29.0445003509521 29.2628326416016 29.2366676330566 29.2495002746582 29.3348331451416 29.3451671600342 29.5598335266113 29.6704998016357 29.7113342285156 29.7586669921875 29.8146667480469 29.9740009307861 30.0751667022705 30.1294994354248 30.2481670379639 30.4631652832031 30.6523342132568 30.5815010070801 30.6744995117188 30.7511672973633 30.8985004425049
-3.4e+38 -3.4e+38 -3.4e+38 -3.4e+38 30.2788333892822 30.0758323669434 29.8861656188965 29.8363342285156 29.8110008239746 29.6773338317871 29.4996662139893 29.7309989929199 29.6501655578613 29.4626655578613 29.3461666107178 29.2084999084473 29.1469993591309 29.0764999389648 28.7929992675781 28.6556663513184 28.7076663970947 28.9113330841064 28.7299995422363 28.6406669616699 28.6231670379639 28.7338333129883 28.8113327026367 28.9743328094482 29.132999420166 29.2799987792969 29.5033340454102 29.4363327026367 29.3369998931885 29.4640007019043 29.6474990844727 29.6165008544922 29.6563339233398 29.7171669006348 29.7501678466797 29.8588333129883 29.8748340606689 29.9503326416016 30.0334987640381 30.2439994812012 30.5051670074463 30.6651668548584 30.6984996795654 30.7291660308838 30.7845001220703
-3.4e+38 -3.4e+38 -3.4e+38 -3.4e+38 30.2888336181641 30.1218338012695 29.8621673583984 29.8513336181641 29.8448333740234 29.6521663665771 29.5001659393311 29.7496662139893 29.6986656188965 29.4811668395996 29.2401657104492 29.1346664428711 29.1321659088135 29.0741672515869 28.9409999847412 28.5593338012695 28.5891666412354 28.7473335266113 28.6391677856445 28.5176658630371 28.7348327636719 28.9891662597656 28.9481658935547 29.0273342132568 29.0674991607666 29.1733322143555 29.4351673126221 29.5688343048096 29.441499710083 29.5736675262451 29.7234992980957 29.7441654205322 29.720666885376 29.7534999847412 29.7819995880127 29.8390007019043 29.8876667022705 29.9833335876465 30.1281661987305 30.3360004425049 30.4645004272461 30.6321659088135 30.7153339385986 30.679666519165 30.5900001525879
-3.4e+38 -3.4e+38 -3.4e+38 -3.4e+38 30.4519996643066 30.0645008087158 29.9429988861084 29.8153343200684 29.8146667480469 29.4576663970947 29.5688323974609 29.6798324584961 29.6536674499512 29.4314994812012 29.1951675415039 29.0121669769287 28.986665725708 28.9833335876465 29.1793327331543 29.0871677398682 28.9165000915527 28.8196659088135 28.8156661987305 28.642333984375 28.7730007171631 28.8680000305176 28.8379993438721 28.9099998474121 29.003999710083 29.0930004119873 29.24049949646 29.3838329315186 29.4443340301514 29.5703315734863 29.7968330383301 29.9516658782959 30.0181674957275 29.9150009155273 29.84033203125 29.904333114624 29.9758338928223 30.1434993743896 30.2405014038086 30.3155002593994 30.439001083374 30.5536670684814 30.6831665039062 30.6685009002686 30.605167388916
