rasterData/Eritrea_bio8.asc
NCOLS 80 
NROWS 68 
XLLCORNER 36.425094035 
YLLCORNER 12.360021833 
CELLSIZE 0.0836574044375 
NODATA_value -3.4e+38 
[rows 25 to 49 of 68, columns 0 to 55 of 80]
-339999999999999996123846586046231871488.000000000000000 -3.4e+38 -3.4e+38 -3.4e+38 29.4104995727539 29.3461666107178 29.4948329925537 29.4561672210693 29.5228328704834 29.6846656799316 29.8021678924561 29.7743339538574 29.6680011749268 29.5461654663086 29.2703323364258 28.878999710083 28.4328327178955 28.1434993743896 25.3503341674805 23.9063339233398 24.970832824707 23.6418342590332 22.9813327789307 23.7733325958252 24.5001678466797 22.9741668701172 21.6128330230713 21.6978340148926 22.4265003204346 25.7849998474121 21.5966663360596 21.8023338317871 21.4363327026367 21.0790004730225 20.8864822387695 -3.4e+38 -3.4e+38 -3.4e+38 -3.4e+38 -3.4e+38 -3.4e+38 -3.4e+38 -3.4e+38 -3.4e+38 -3.4e+38 -3.4e+38 -3.4e+38 -3.4e+38 -3.4e+38 -3.4e+38 -3.4e+38 -3.4e+38 -3.4e+38 -3.4e+38 -3.4e+38 -3.4e+38
-3.4e+38 -3.4e+38 -3.4e+38 -3.4e+38 28.9936656951904 28.896333694458 29.0403327941895 28.9144992828369 28.9618339538574 29.2140007019043 29.49049949646 29.6134986877441 29.5104999542236 29.4351673126221 29.1633338928223 28.8988342285156 28.1613330841064 28.0548324584961 25.8778324127197 24.916332244873 26.728666305542 26.4069995880127 24.7205009460449 23.7258338928223 23.9514999389648 23.9288330078125 21.8386669158936 21.2496662139893 21.3150005340576 24.8880004882812 21.4500007629395 21.8754997253418 21.4771671295166 21.0473327636719 20.6840000152588 20.3993053436279 -3.4e+38 -3.4e+38 -3.4e+38 -3.4e+38 -3.4e+38 -3.4e+38 -3.4e+38 20.7287540435791 20.8881950378418 -3.4e+38 -3.4e+38 -3.4e+38 -3.4e+38 -3.4e+38 -3.4e+38 -3.4e+38 -3.4e+38 -3.4e+38 -3.4e+38 -3.4e+38
-3.4e+38 -3.4e+38 -3.4e+38 28.8796653747559 28.5669994354248 28.7691669464111 28.7683334350586 28.4033336639404 28.6271667480469 28.9165000915527 29.2506656646729 29.3581676483154 29.2996673583984 29.2113342285156 29.1073341369629 28.8861675262451 28.0121669769287 28.2880001068115 27.3491668701172 26.9459991455078 27.6863327026367 27.3040008544922 26.7468338012695 25.2321662902832 23.5471668243408 22.4893341064453 22.6808338165283 20.4689998626709 22.113000869751 23.2656669616699 21.6348342895508 21.7674999237061 21.3784999847412 20.9464988708496 20.566499710083 20.121000289917 -3.4e+38 -3.4e+38 -3.4e+38 -3.4e+38 -3.4e+38 -3.4e+38 -3.4e+38 20.5520114898682 20.8141212463379 -3.4e+38 -3.4e+38 -3.4e+38 -3.4e+38 -3.4e+38 -3.4e+38 -3.4e+38 -3.4e+38 -3.4e+38 -3.4e+38 -3.4e+38
-3.4e+38 -3.4e+38 -3.4e+38 28.5825004577637 28.1308326721191 28.4551658630371 28.3181667327881 27.9120006561279 27.9713325500488 28.2105007171631 28.8199996948242 29.1051654815674 29.1201667785645 29.0731678009033 28.9201679229736 28.8311672210693 28.4273338317871 28.5208339691162 28.1811656951904 27.9020004272461 27.4400005340576 27.0550003051758 27.0370006561279 26.3578338623047 24.8861656188965 23.1906661987305 21.6838340759277 21.3641662597656 19.8246669769287 21.6035003662109 20.605167388916 21.549165725708 21.3461666107178 20.8968334197998 20.5128326416016 19.9916667938232 19.4744262695312 -3.4e+38 -3.4e+38 -3.4e+38 -3.4e+38 -3.4e+38 -3.4e+38 20.6493453979492 20.9118213653564 21.0354690551758 21.2575092315674 21.5222225189209 -3.4e+38 -3.4e+38 -3.4e+38 -3.4e+38 -3.4e+38 -3.4e+38 -3.4e+38 -3.4e+38
-3.4e+38 -3.4e+38 28.1469993591309 28.2799987792969 28.1024990081787 28.0891666412354 28.0236663818359 27.7391662597656 27.2124996185303 27.0156669616699 28.0183334350586 28.5693340301514 28.792667388916 28.814001083374 28.7768325805664 28.6788330078125 28.5671672821045 28.4798336029053 28.0048332214355 27.9976673126221 27.6761665344238 27.1493339538574 27.3486671447754 26.6828327178955 25.7835006713867 25.3401660919189 22.8255004882812 21.4173336029053 19.5423336029053 18.4995002746582 24.0866661071777 21.1746673583984 21.28733253479 20.9283332824707 20.5440006256104 20.0971660614014 -3.4e+38 -3.4e+38 -3.4e+38 -3.4e+38 -3.4e+38 -3.4e+38 -3.4e+38 -3.4e+38 -3.4e+38 -3.4e+38 -3.4e+38 -3.4e+38 -3.4e+38 -3.4e+38 -3.4e+38 -3.4e+38 -3.4e+38 -3.4e+38 -3.4e+38 -3.4e+38
-3.4e+38 -3.4e+38 -3.4e+38 28.0284996032715 27.6483345031738 27.5761661529541 27.6003341674805 27.3159999847412 26.7503337860107 26.0650005340576 27.4643325805664 28.25 28.3528327941895 27.9284992218018 28.3874988555908 28.4166660308838 28.2830009460449 28.02516746521 27.1358337402344 27.6725006103516 27.7439994812012 27.5496673583984 27.2906665802002 26.9053344726562 26.1184997558594 24.2876663208008 21.0263328552246 20.3588333129883 19.5588340759277 18.4141674041748 20.9316673278809 19.6788330078125 20.7688331604004 20.8859996795654 20.5608329772949 20.2221660614014 20.1768341064453 19.7988338470459 -3.4e+38 -3.4e+38 -3.4e+38 20.5241298675537 -3.4e+38 -3.4e+38 -3.4e+38 -3.4e+38 -3.4e+38 -3.4e+38 -3.4e+38 -3.4e+38 -3.4e+38 -3.4e+38 -3.4e+38 -3.4e+38 -3.4e+38 -3.4e+38
-3.4e+38 -3.4e+38 28.6545009613037 27.5056667327881 27.2806663513184 27.6281661987305 27.3479995727539 27.0028324127197 26.8360004425049 26.2873344421387 26.8994998931885 27.5686664581299 26.6551666259766 27.2425003051758 27.9804992675781 28.0016670227051 27.970666885376 27.7311668395996 27.4231662750244 27.3873329162598 27.4816665649414 27.3428344726562 26.5441665649414 26.6243324279785 26.3168334960938 24.5763339996338 22.5526657104492 19.9286670684814 19.0485000610352 18.5716667175293 19.3571662902832 22.4381675720215 19.0844993591309 20.207332611084 19.8763332366943 20.2881660461426 20.4200000762939 20.13450050354 20.3089580535889 -3.4e+38 20.6452770233154 20.9141654968262 21.0191764831543 -3.4e+38 -3.4e+38 -3.4e+38 -3.4e+38 -3.4e+38 -3.4e+38 -3.4e+38 -3.4e+38 -3.4e+38 -3.4e+38 -3.4e+38 -3.4e+38 -3.4e+38
-3.4e+38 28.6786651611328 28.3741664886475 27.0626659393311 27.3904991149902 27.5375003814697 26.9226665496826 26.4498329162598 27.142333984375 26.7229995727539 25.5378341674805 26.7006664276123 26.6638336181641 26.7913341522217 27.2908325195312 27.2129993438721 27.2153339385986 27.3859996795654 27.1053333282471 26.8444995880127 26.9343338012695 26.7318344116211 26.6071662902832 26.3856678009033 25.7338333129883 23.8171672821045 20.5631675720215 19.6476669311523 18.9181671142578 18.6124992370605 18.9659996032715 21.1113338470459 22.2269992828369 23.3803329467773 19.375 20.1916656494141 20.6814994812012 20.7568340301514 20.8766670227051 -3.4e+38 20.9569187164307 21.2211666107178 21.3474998474121 21.3597412109375 -3.4e+38 -3.4e+38 -3.4e+38 -3.4e+38 -3.4e+38 -3.4e+38 -3.4e+38 -3.4e+38 -3.4e+38 -3.4e+38 -3.4e+38 -3.4e+38
-3.4e+38 28.1178340911865 27.9878330230713 27.1889991760254 27.5368328094482 27.5179996490479 27.3521671295166 27.1709995269775 27.1765003204346 26.6576671600342 26.0170001983643 26.7210006713867 26.1176662445068 26.2291679382324 25.7888336181641 25.1805000305176 24.4669990539551 25.9500007629395 26.0946674346924 25.6134986877441 25.84716796875 26.1223335266113 26.0416660308838 25.8519992828369 25.0524997711182 23.4251670837402 21.816499710083 19.1301670074463 19.9459991455078 19.4831657409668 19.5733337402344 20.7513332366943 22.2931671142578 22.2726669311523 21.2766666412354 19.2861671447754 20.0606670379639 20.9333324432373 21.3635005950928 21.4785709381104 -3.4e+38 21.3804931640625 21.6453342437744 21.5695304870605 -3.4e+38 -3.4e+38 -3.4e+38 -3.4e+38 -3.4e+38 -3.4e+38 -3.4e+38 -3.4e+38 -3.4e+38 -3.4e+38 -3.4e+38 -3.4e+38
28.2803325653076 27.8073329925537 27.6124992370605 27.3563327789307 27.3466663360596 27.2654991149902 27.2119998931885 27.1248321533203 26.9193325042725 26.6079998016357 26.3213348388672 26.3650016784668 25.8846664428711 25.4475002288818 25.1905002593994 24.9191665649414 24.7113342285156 25.3658332824707 25.3846664428711 24.9316673278809 25.1826667785645 25.2115001678467 25.1560001373291 24.7849998474121 24.3321666717529 23.1014995574951 21.4998340606689 20.3263339996338 20.5849990844727 20.5990009307861 20.0143337249756 20.9965000152588 21.3285007476807 21.0746669769287 20.1766662597656 21.7123336791992 22.5296669006348 20.2924995422363 20.9998340606689 -3.4e+38 -3.4e+38 21.5254383087158 21.7468338012695 21.9355220794678 -3.4e+38 -3.4e+38 -3.4e+38 -3.4e+38 -3.4e+38 -3.4e+38 -3.4e+38 -3.4e+38 -3.4e+38 -3.4e+38 -3.4e+38 -3.4e+38
28.1421661376953 27.8226661682129 27.4808330535889 27.224666595459 27.1268329620361 26.9008331298828 26.4211673736572 26.2975006103516 26.3798332214355 26.5124988555908 26.295166015625 25.9646663665771 25.2569999694824 24.8941669464111 24.982666015625 25.2453346252441 25.3926658630371 25.3353328704834 25.3213329315186 24.8651657104492 24.0895004272461 23.4538326263428 23.6604995727539 22.8463325500488 23.3784999847412 22.1364994049072 21.9985008239746 19.9663333892822 20.6311664581299 21.0741672515869 20.9820003509521 20.3111667633057 19.8041667938232 19.753833770752 19.1165008544922 20.6568336486816 21.7151660919189 19.5930004119873 19.8385009765625 20.9629993438721 21.6684322357178 21.4554996490479 21.670166015625 22.0378341674805 22.2222213745117 -3.4e+38 -3.4e+38 -3.4e+38 -3.4e+38 -3.4e+38 -3.4e+38 -3.4e+38 -3.4e+38 -3.4e+38 -3.4e+38 -3.4e+38
28.0231666564941 27.7403335571289 27.3128337860107 27.0266666412354 26.8856658935547 26.4768333435059 25.9501667022705 25.3898334503174 25.3798332214355 26.1041679382324 26.1563339233398 25.4688320159912 24.9985008239746 24.8969993591309 25.1246662139893 25.1956672668457 25.1956672668457 25.2154998779297 25.2849998474121 25.0636672973633 24.7323341369629 24.1520004272461 23.0181655883789 22.8261661529541 23.5725002288818 21.6618328094482 20.5233325958252 20.0593338012695 20.1644992828369 21.1308326721191 21.5923328399658 20.908166885376 20.8304996490479 20.4018325805664 18.9500007629395 19.4748344421387 20.8834991455078 19.0178337097168 18.9331665039062 20.087833404541 21.8508338928223 22.2994995117188 21.8158340454102 21.996000289917 22.4597644805908 22.698299407959 -3.4e+38 22.8814105987549 22.9703254699707 23.0407905578613 -3.4e+38 -3.4e+38 -3.4e+38 -3.4e+38 -3.4e+38 -3.4e+38
27.8811664581299 27.5830001831055 27.2220001220703 26.9886665344238 26.6538333892822 26.3264999389648 25.2531661987305 24.5611667633057 25.0031661987305 25.7058334350586 25.8038330078125 25.3658332824707 25.3713340759277 24.9608345031738 24.8013343811035 24.7735004425049 24.9103336334229 25.0023345947266 24.787166595459 24.5591659545898 24.4888324737549 24.2859992980957 23.8303337097168 23.8568344116211 23.1648330688477 22.0458335876465 21.5048332214355 21.3374996185303 20.5086669921875 20.8621673583984 21.7413330078125 22.0223331451416 21.5758323669434 20.8356666564941 19.6391658782959 18.3050003051758 19.695333480835 20.7581672668457 20.6698322296143 18.6979999542236 20.9424991607666 22.1251659393311 22.1471672058105 22.4301662445068 22.8838329315186 22.9516658782959 22.8668384552002 23.16233253479 23.253999710083 23.3871669769287 23.4633331298828 -3.4e+38 -3.4e+38 -3.4e+38 -3.4e+38 -3.4e+38
-3.4e+38 27.4023323059082 27.1229991912842 26.8854999542236 26.3731651306152 25.9523334503174 25.4678325653076 24.5415000915527 24.3465003967285 25.0161666870117 25.558666229248 25.4318332672119 25.3584995269775 25.1269989013672 24.6896667480469 24.6585006713867 24.5725002288818 -3.4e+38 24.7481670379639 24.6481666564941 23.1386661529541 24.2298336029053 24.0729999542236 22.853832244873 22.90016746521 21.7121658325195 22.5830001831055 22.1746673583984 20.9956665039062 20.9804992675781 21.6861667633057 22.2836666107178 21.6996669769287 20.8841667175293 20.2731666564941 18.6264991760254 19.0323333740234 19.1981658935547 21.4096660614014 19.0671672821045 20.3279991149902 22.1201667785645 23.1003341674805 23.220666885376 23.2350006103516 23.3478336334229 23.261833190918 23.1776657104492 23.0809993743896 23.5330009460449 23.7178325653076 23.7353267669678 -3.4e+38 -3.4e+38 -3.4e+38 -3.4e+38
-3.4e+38 27.2623329162598 26.9893341064453 26.7686653137207 26.4686660766602 26.1873340606689 25.5026664733887 24.5749988555908 24.6511669158936 24.832332611084 24.9189987182617 24.9675006866455 25.005500793457 24.7108325958252 24.4186668395996 24.4153327941895 24.5521659851074 -3.4e+38 -3.4e+38 -3.4e+38 24.2338333129883 24.1168327331543 23.9166660308838 23.3383331298828 23.5061664581299 23.0620002746582 22.9119987487793 21.1141662597656 20.8288326263428 20.5636672973633 22.128833770752 21.9090003967285 21.6868324279785 21.9641666412354 20.9723339080811 19.1630001068115 17.7314987182617 18.2491664886475 20.4676666259766 19.798999786377 20.5723342895508 22.0301666259766 23.1394996643066 23.4974994659424 23.5405006408691 23.5906677246094 23.6944999694824 23.4820003509521 23.5543327331543 23.8771667480469 23.933500289917 24.0067348480225 -3.4e+38 24.2333335876465 -3.4e+38 -3.4e+38
-3.4e+38 27.1000003814697 26.8359985351562 26.6693344116211 26.3769989013672 26.0314998626709 25.1785011291504 24.1184997558594 24.8801670074463 25.1571674346924 24.6738338470459 24.4476661682129 24.530834197998 24.3500003814697 24.3766670227051 24.4106674194336 -3.4e+38 -3.4e+38 -3.4e+38 -3.4e+38 -3.4e+38 -3.4e+38 24.1108341217041 23.6105003356934 23.7646675109863 22.7216663360596 21.9036674499512 22.6138343811035 21.1339988708496 20.0648326873779 22.2108325958252 -3.4e+38 21.6340007781982 21.8419990539551 20.5559997558594 18.726167678833 17.7438335418701 18.5028343200684 20.5381660461426 20.6925010681152 20.2198333740234 22.195499420166 22.7070007324219 23.5886669158936 24.2371673583984 24.0443344116211 24.0030002593994 23.863166809082 24.0148334503174 24.1438331604004 24.025333404541 23.9895000457764 24.1071662902832 24.3071670532227 24.4895000457764 24.6542510986328
-3.4e+38 26.8673324584961 26.6418323516846 26.4855003356934 26.1886672973633 25.8918342590332 24.5366668701172 24.076000213623 25.3291664123535 25.4936676025391 25.1219997406006 24.5773334503174 24.757999420166 24.5295009613037 24.5795001983643 24.6188335418701 -3.4e+38 -3.4e+38 -3.4e+38 -3.4e+38 -3.4e+38 -3.4e+38 -3.4e+38 23.7654991149902 22.6248321533203 21.5300006866455 23.0394992828369 22.8363342285156 22.654333114624 21.5319995880127 -3.4e+38 -3.4e+38 -3.4e+38 21.2016658782959 20.1469993591309 18.3513336181641 18.1690006256104 -3.4e+38 19.9703330993652 19.0661659240723 21.121166229248 21.7789993286133 23.1025009155273 23.3733329772949 24.3346672058105 24.55299949646 24.3646659851074 24.3308334350586 24.2799987792969 24.0441665649414 24.0386657714844 23.6811676025391 23.9703330993652 24.2096672058105 23.9956665039062 24.3285007476807
-3.4e+38 26.738000869751 26.6088333129883 26.3758335113525 26.1868343353271 25.8863334655762 24.6698341369629 24.621166229248 25.7486667633057 25.8043327331543 25.6096668243408 25.1123332977295 24.7843341827393 24.7423324584961 24.7446670532227 -3.4e+38 -3.4e+38 -3.4e+38 -3.4e+38 -3.4e+38 -3.4e+38 -3.4e+38 -3.4e+38 -3.4e+38 22.8363342285156 23.2639999389648 22.7504997253418 -3.4e+38 -3.4e+38 -3.4e+38 -3.4e+38 -3.4e+38 -3.4e+38 20.0926666259766 -3.4e+38 -3.4e+38 -3.4e+38 -3.4e+38 -3.4e+38 -3.4e+38 -3.4e+38 22.4456672668457 23.3683338165283 -3.4e+38 -3.4e+38 24.9693336486816 24.8793334960938 24.6674995422363 24.6040000915527 24.5201663970947 24.1324996948242 23.3299999237061 23.6230010986328 23.9756660461426 23.2631664276123 23.9715003967285
-3.4e+38 26.7514991760254 26.646333694458 26.5214996337891 26.3915004730225 26.1903343200684 25.5043334960938 25.212833404541 -3.4e+38 -3.4e+38 -3.4e+38 25.1196670532227 24.650333404541 24.404167175293 24.4976673126221 -3.4e+38 -3.4e+38 -3.4e+38 -3.4e+38 -3.4e+38 -3.4e+38 -3.4e+38 -3.4e+38 -3.4e+38 -3.4e+38 -3.4e+38 -3.4e+38 -3.4e+38 -3.4e+38 -3.4e+38 -3.4e+38 -3.4e+38 -3.4e+38 -3.4e+38 -3.4e+38 -3.4e+38 -3.4e+38 -3.4e+38 -3.4e+38 -3.4e+38 -3.4e+38 -3.4e+38 -3.4e+38 -3.4e+38 -3.4e+38 -3.4e+38 -3.4e+38 25.1323337554932 24.9330005645752 24.7383327484131 24.4556655883789 23.7308330535889 23.2948341369629 23.4941673278809 22.6196670532227 23.1515007019043
-3.4e+38 26.9259986877441 -3.4e+38 -3.4e+38 -3.4e+38 -3.4e+38 -3.4e+38 25.5671672821045 -3.4e+38 -3.4e+38 -3.4e+38 -3.4e+38 25.0025005340576 24.5693340301514 24.5133323669434 -3.4e+38 -3.4e+38 -3.4e+38 -3.4e+38 -3.4e+38 -3.4e+38 -3.4e+38 -3.4e+38 -3.4e+38 -3.4e+38 -3.4e+38 -3.4e+38 -3.4e+38 -3.4e+38 -3.4e+38 -3.4e+38 -3.4e+38 -3.4e+38 -3.4e+38 -3.4e+38 -3.4e+38 -3.4e+38 -3.4e+38 -3.4e+38 -3.4e+38 -3.4e+38 -3.4e+38 -3.4e+38 -3.4e+38 -3.4e+38 -3.4e+38 -3.4e+38 -3.4e+38 25.36549949646 25.1485004425049 24.8330001831055 24.0009994506836 23.5716667175293 22.8979988098145 22.3929996490479 23.0611667633057
-3.4e+38 -3.4e+38 -3.4e+38 -3.4e+38 -3.4e+38 -3.4e+38 -3.4e+38 -3.4e+38 -3.4e+38 -3.4e+38 -3.4e+38 -3.4e+38 -3.4e+38 25.0093326568604 -3.4e+38 -3.4e+38 -3.4e+38 -3.4e+38 -3.4e+38 -3.4e+38 -3.4e+38 -3.4e+38 -3.4e+38 -3.4e+38 -3.4e+38 -3.4e+38 -3.4e+38 -3.4e+38 -3.4e+38 -3.4e+38 -3.4e+38 -3.4e+38 -3.4e+38 -3.4e+38 -3.4e+38 -3.4e+38 -3.4e+38 -3.4e+38 -3.4e+38 -3.4e+38 -3.4e+38 -3.4e+38 -3.4e+38 -3.4e+38 -3.4e+38 -3.4e+38 -3.4e+38 -3.4e+38 -3.4e+38 -3.4e+38 25.3688335418701 24.7306671142578 24.2130012512207 23.6401672363281 22.8138332366943 22.4173336029053
-3.4e+38 -3.4e+38 -3.4e+38 -3.4e+38 -3.4e+38 -3.4e+38 -3.4e+38 -3.4e+38 -3.4e+38 -3.4e+38 -3.4e+38 -3.4e+38 -3.4e+38 25.0415000915527 -3.4e+38 -3.4e+38 -3.4e+38 -3.4e+38 -3.4e+38 -3.4e+38 -3.4e+38 -3.4e+38 -3.4e+38 -3.4e+38 -3.4e+38 -3.4e+38 -3.4e+38 -3.4e+38 -3.4e+38 -3.4e+38 -3.4e+38 -3.4e+38 -3.4e+38 -3.4e+38 -3.4e+38 -3.4e+38 -3.4e+38 -3.4e+38 -3.4e+38 -3.4e+38 -3.4e+38 -3.4e+38 -3.4e+38 -3.4e+38 -3.4e+38 -3.4e+38 -3.4e+38 -3.4e+38 -3.4e+38 -3.4e+38 -3.4e+38 -3.4e+38 -3.4e+38 24.1898326873779 22.9233322143555 22.0326671600342
-3.4e+38 -3.4e+38 -3.4e+38 -3.4e+38 -3.4e+38 -3.4e+38 -3.4e+38 -3.4e+38 -3.4e+38 -3.4e+38 -3.4e+38 -3.4e+38 -3.4e+38 -3.4e+38 -3.4e+38 -3.4e+38 -3.4e+38 -3.4e+38 -3.4e+38 -3.4e+38 -3.4e+38 -3.4e+38 -3.4e+38 -3.4e+38 -3.4e+38 -3.4e+38 -3.4e+38 -3.4e+38 -3.4e+38 -3.4e+38 -3.4e+38 -3.4e+38 -3.4e+38 -3.4e+38 -3.4e+38 -3.4e+38 -3.4e+38 -3.4e+38 -3.4e+38 -3.4e+38 -3.4e+38 -3.4e+38 -3.4e+38 -3.4e+38 -3.4e+38 -3.4e+38 -3.4e+38 -3.4e+38 -3.4e+38 -3.4e+38 -3.4e+38 -3.4e+38 -3.4e+38 -3.4e+38 23.5843334197998 23.2748336791992
-3.4e+38 -3.4e+38 -3.4e+38 -3.4e+38 -3.4e+38 -3.4e+38 -3.4e+38 -3.4e+38 -3.4e+38 -3.4e+38 -3.4e+38 -3.4e+38 -3.4e+38 -3.4e+38 -3.4e+38 -3.4e+38 -3.4e+38 -3.4e+38 -3.4e+38 -3.4e+38 -3.4e+38 -3.4e+38 -3.4e+38 -3.4e+38 -3.4e+38 -3.4e+38 -3.4e+38 -3.4e+38 -3.4e+38 -3.4e+38 -3.4e+38 -3.4e+38 -3.4e+38 -3.4e+38 -3.4e+38 -3.4e+38 -3.4e+38 -3.4e+38 -3.4e+38 -3.4e+38 -3.4e+38 -3.4e+38 -3.4e+38 -3.4e+38 -3.4e+38 -3.4e+38 -3.4e+38 -3.4e+38 -3.4e+38 -3.4e+38 -3.4e+38 -3.4e+38 -3.4e+38 -3.4e+38 -3.4e+38 22.5128326416016
-3.4e+38 -3.4e+38 -3.4e+38 -3.4e+38 -3.4e+38 -3.4e+38 -3.4e+38 -3.4e+38 -3.4e+38 -3.4e+38 -3.4e+38 -3.4e+38 -3.4e+38 -3.4e+38 -3.4e+38 -3.4e+38 -3.4e+38 -3.4e+38 -3.4e+38 -3.4e+38 -3.4e+38 -3.4e+38 -3.4e+38 -3.4e+38 -3.4e+38 -3.4e+38 -3.4e+38 -3.4e+38 -3.4e+38 -3.4e+38 -3.4e+38 -3.4e+38 -3.4e+38 -3.4e+38 -3.4e+38 -3.4e+38 -3.4e+38 -3.4e+38 -3.4e+38 -3.4e+38 -3.4e+38 -3.4e+38 -3.4e+38 -3.4e+38 -3.4e+38 -3.4e+38 -3.4e+38 -3.4e+38 -3.4e+38 -3.4e+38 -3.4e+38 -3.4e+38 -3.4e+38 -3.4e+38 -3.4e+38 23.2731666564941
