rasterData/Ethiopia_bio12.asc
NCOLS 180 
NROWS 138 
XLLCORNER 32.989799842 
YLLCORNER 3.405012842 
CELLSIZE 0.0832742739222222 
NODATA_value -3.4e+38 
[rows 70 to 104 of 138, columns 80 to 159 of 180]
692 651 674 656 624 611 618 642 679 766 828 894 1019 1065 1081 1062 1020 962 965 933 904 802 799 889 833 827 851 696 672 712 677 608 650 642 600 645 604 618 645 584 578 603 612 587 568 561 540 515 505 487 464 442 -3.4e+38 -3.4e+38 -3.4e+38 -3.4e+38 -3.4e+38 -3.4e+38 -3.4e+38 -3.4e+38 -3.4e+38 -3.4e+38 -3.4e+38 -3.4e+38 -3.4e+38 -3.4e+38 -3.4e+38 -3.4e+38 -3.4e+38 -3.4e+38 -3.4e+38 -3.4e+38 -3.4e+38 -3.4e+38 -3.4e+38 -3.4e+38 -3.4e+38 -3.4e+38 -3.4e+38 -3.4e+38
645 639 695 692 651 637 665 691 751 897 1022 1042 1063 1096 1126 1025 924 964 863 886 869 756 850 851 788 787 799 702 652 701 672 598 635 631 585 642 604 575 612 602 558 575 582 574 559 548 535 510 494 494 475 458 442 425 -3.4e+38 -3.4e+38 -3.4e+38 -3.4e+38 -3.4e+38 -3.4e+38 -3.4e+38 -3.4e+38 -3.4e+38 -3.4e+38 -3.4e+38 -3.4e+38 -3.4e+38 -3.4e+38 -3.4e+38 -3.4e+38 -3.4e+38 -3.4e+38 -3.4e+38 -3.4e+38 -3.4e+38 -3.4e+38 -3.4e+38 -3.4e+38 -3.4e+38 -3.4e+38
702 651 618 625 644 672 705 776 877 1012 1086 1046 994 998 1029 1025 866 837 781 878 816 765 866 826 741 739 741 679 634 686 660 591 616 628 580 627 622 568 557 596 560 545 558 565 543 541 526 502 487 485 470 457 444 429 413 397 385 -3.4e+38 -3.4e+38 -3.4e+38 -3.4e+38 -3.4e+38 -3.4e+38 -3.4e+38 -3.4e+38 -3.4e+38 -3.4e+38 -3.4e+38 -3.4e+38 -3.4e+38 -3.4e+38 -3.4e+38 -3.4e+38 -3.4e+38 -3.4e+38 -3.4e+38 -3.4e+38 -3.4e+38 -3.4e+38 -3.4e+38
769 665 626 644 677 740 814 927 959 1009 1010 1024 998 1016 942 890 860 775 768 818 707 774 783 826 709 708 730 647 626 670 644 586 633 647 569 613 634 595 539 566 572 535 531 555 549 524 511 492 479 470 460 445 438 427 415 401 383 371 363 354 -3.4e+38 -3.4e+38 -3.4e+38 -3.4e+38 -3.4e+38 -3.4e+38 -3.4e+38 -3.4e+38 -3.4e+38 -3.4e+38 -3.4e+38 -3.4e+38 -3.4e+38 -3.4e+38 -3.4e+38 -3.4e+38 -3.4e+38 -3.4e+38 -3.4e+38 -3.4e+38
741 684 678 735 739 836 947 1050 1017 968 991 1022 1007 925 894 876 828 785 726 768 726 766 734 738 665 700 661 660 619 646 618 576 633 640 577 588 617 598 548 524 538 548 518 524 542 530 508 483 468 461 451 435 424 425 416 403 391 372 362 350 342 333 323 -3.4e+38 -3.4e+38 -3.4e+38 -3.4e+38 -3.4e+38 -3.4e+38 -3.4e+38 -3.4e+38 -3.4e+38 -3.4e+38 -3.4e+38 -3.4e+38 -3.4e+38 -3.4e+38 -3.4e+38 -3.4e+38 -3.4e+38
704 696 746 766 855 999 1103 1163 944 922 911 945 968 947 892 830 886 873 777 708 714 776 721 723 685 688 630 659 591 606 568 608 626 629 592 560 585 587 552 513 509 534 525 506 523 532 512 491 473 454 435 426 418 422 415 401 389 376 366 351 337 331 324 314 302 292 -3.4e+38 -3.4e+38 -3.4e+38 -3.4e+38 -3.4e+38 -3.4e+38 -3.4e+38 -3.4e+38 -3.4e+38 -3.4e+38 -3.4e+38 -3.4e+38 -3.4e+38 -3.4e+38
746 796 806 867 975 1166 1180 993 946 953 926 839 912 945 921 837 785 818 793 661 770 780 707 717 668 623 641 681 615 571 562 596 609 622 613 544 556 561 546 519 492 509 529 504 494 510 512 489 471 460 441 427 410 409 408 398 387 377 368 355 342 326 318 311 303 294 284 274 266 -3.4e+38 -3.4e+38 -3.4e+38 -3.4e+38 -3.4e+38 -3.4e+38 -3.4e+38 -3.4e+38 -3.4e+38 -3.4e+38 -3.4e+38
855 889 945 1015 1179 1204 1026 895 919 911 931 842 788 866 901 866 776 724 689 711 776 764 693 722 670 604 659 649 609 563 546 582 599 620 589 555 526 535 550 536 494 495 509 503 482 484 502 496 470 454 455 436 417 400 391 383 378 370 362 352 341 332 319 306 300 292 283 277 270 260 252 240 -3.4e+38 -3.4e+38 -3.4e+38 -3.4e+38 -3.4e+38 -3.4e+38 -3.4e+38 -3.4e+38
1019 1064 1157 1234 1237 1026 861 852 883 887 928 926 805 753 840 829 839 807 736 651 676 742 678 712 673 640 678 628 607 563 540 572 598 616 568 539 514 515 546 560 510 474 492 490 480 469 481 492 470 457 459 436 419 401 384 373 369 361 354 347 340 328 319 308 295 291 282 278 270 265 257 249 238 229 221 -3.4e+38 -3.4e+38 -3.4e+38 -3.4e+38 -3.4e+38
1156 1204 1236 1272 1048 871 815 802 829 877 886 888 855 745 699 717 839 868 817 747 743 633 655 715 636 664 664 609 581 542 548 577 594 605 579 511 498 510 552 544 519 469 469 469 473 463 463 476 460 466 451 443 425 410 394 377 362 350 347 340 335 325 320 312 299 290 283 274 268 267 263 253 243 236 224 215 206 202 -3.4e+38 -3.4e+38
1174 1197 1197 1300 1027 839 781 771 790 854 850 872 828 753 810 742 689 824 823 753 771 685 652 694 638 644 634 594 553 535 548 595 588 583 560 512 474 496 537 530 518 488 450 457 457 456 451 451 455 453 444 446 433 416 401 386 371 352 339 337 338 327 319 305 300 295 290 278 267 264 260 252 244 240 231 223 213 205 198 192
1162 1100 1139 1248 1121 940 870 778 759 845 858 817 808 813 871 842 744 678 667 685 654 644 600 691 680 610 604 577 531 530 563 581 564 555 544 498 461 488 517 517 495 491 462 444 438 441 449 437 435 433 448 445 437 417 405 387 374 361 345 335 335 330 321 307 295 293 288 281 272 265 253 248 246 241 234 225 219 213 204 197
1148 1118 1076 1030 861 827 750 794 759 797 859 937 884 926 945 859 730 725 836 774 764 726 589 680 692 641 573 559 515 527 537 554 545 532 527 509 457 478 494 499 480 485 473 445 431 428 430 434 420 421 420 431 430 418 404 390 372 363 349 337 333 328 319 311 297 288 286 282 273 264 255 246 241 236 232 225 220 217 212 205
1141 1069 1052 1076 954 819 775 815 790 750 842 1054 842 735 769 750 798 900 837 761 714 684 570 643 668 641 592 536 506 513 536 542 531 515 498 495 450 465 479 476 469 479 477 460 438 418 416 418 417 408 401 403 411 408 399 389 377 367 354 343 333 323 320 311 298 294 283 282 275 264 257 249 242 234 230 225 223 219 214 207
1140 1147 1069 1072 983 825 765 757 762 754 733 732 704 797 844 914 917 878 828 785 706 636 608 617 638 636 620 555 482 510 544 524 519 494 486 494 451 453 474 466 478 480 472 469 448 429 408 405 412 413 393 394 394 392 392 397 382 370 359 347 337 320 317 313 303 299 289 277 271 268 256 250 244 238 233 224 220 216 213 209
1142 1162 1181 1201 1202 1165 862 824 806 764 744 740 762 797 873 883 864 823 771 739 712 681 667 574 604 613 594 552 479 522 538 505 510 488 474 483 447 450 469 466 475 472 473 477 456 440 422 402 404 409 390 386 389 389 391 391 385 378 365 357 344 333 322 310 302 295 289 283 269 261 255 246 244 237 234 229 221 216 213 210
1052 1165 1134 1217 1241 1204 1089 852 779 823 855 814 893 853 891 848 813 794 746 720 690 713 663 573 564 583 578 537 479 509 514 501 495 464 467 473 439 440 447 463 466 470 474 480 460 437 423 406 394 392 386 395 399 403 396 391 384 378 372 362 349 341 333 317 307 298 290 280 270 263 257 250 242 239 238 230 224 215 210 206
853 1087 1109 1117 1203 1106 936 842 777 755 767 868 1050 963 865 811 769 749 714 691 662 682 658 608 545 541 544 513 482 505 490 487 471 448 450 449 437 447 443 457 464 468 472 477 469 447 432 409 393 389 396 409 414 416 415 405 386 377 374 365 358 346 333 324 316 303 289 281 273 265 257 251 246 238 236 230 220 216 213 204
883 856 969 1064 1017 959 894 788 784 830 892 979 1048 915 838 782 741 715 684 663 638 620 593 586 604 555 505 480 474 486 474 461 455 436 439 442 445 451 448 453 459 465 475 475 470 464 447 434 397 392 405 410 410 419 414 408 395 378 368 364 356 346 333 326 320 303 293 283 275 269 262 255 247 242 236 230 223 217 213 209
802 806 816 914 875 820 833 990 986 1008 1112 1076 1025 890 820 785 759 730 694 670 642 614 581 564 571 567 558 521 502 441 454 448 432 439 443 448 454 459 454 455 453 461 470 470 467 465 461 448 411 388 390 392 405 413 408 400 397 386 374 361 355 342 333 328 319 306 295 285 278 273 266 258 251 243 237 232 225 218 210 205
952 936 1061 1116 1136 1131 1154 1224 1200 1185 1105 1068 1029 942 862 834 844 779 712 665 630 602 579 555 532 508 508 492 477 449 431 421 424 434 440 451 461 486 465 457 442 447 459 457 465 461 460 449 432 400 386 386 406 402 400 401 403 405 386 372 358 346 334 326 316 307 300 289 280 273 268 261 254 245 242 237 226 219 210 204
1083 1087 1109 1117 1135 1149 1180 1192 1201 1183 1112 1094 1086 1029 953 911 855 838 744 665 620 582 566 541 527 522 500 479 457 434 413 419 432 447 496 526 483 477 463 450 436 436 442 446 459 457 453 449 449 430 435 393 388 393 401 402 408 411 398 382 368 352 340 330 320 309 303 291 284 275 267 262 256 250 242 237 232 219 210 205
1166 1090 1099 1110 1127 1151 1141 1133 1165 1151 1104 1077 1053 977 910 807 744 724 713 663 606 569 547 525 514 509 488 470 449 438 414 418 451 551 576 549 472 449 446 443 429 425 428 433 444 446 448 442 448 441 445 433 396 390 400 408 409 413 405 391 376 360 349 336 324 312 303 294 283 276 268 266 258 250 245 242 233 219 211 208
1097 1077 1088 1112 1113 1138 1140 1147 1091 1098 1026 1016 1008 878 806 773 735 689 647 622 582 550 527 508 499 489 470 452 437 419 399 411 480 513 549 531 453 436 437 429 426 420 419 419 430 442 432 436 438 441 438 423 404 389 394 416 423 417 406 395 379 369 352 339 326 314 305 292 284 278 270 267 260 254 249 243 234 224 219 210
1163 1155 1093 1100 1095 1108 1120 1112 1074 1016 957 926 934 831 766 742 712 682 642 588 556 529 512 496 482 468 456 436 427 408 396 416 444 487 558 484 445 425 426 418 409 408 408 409 415 423 421 430 434 437 432 432 416 397 410 415 413 413 407 393 380 365 354 339 326 314 306 294 287 280 273 267 262 253 248 239 235 227 221 215
1224 1292 1230 1119 1100 1132 1142 1103 1084 1011 930 886 863 805 744 713 681 662 615 587 561 535 516 498 472 444 438 422 415 393 393 415 429 463 513 455 428 413 420 409 400 414 406 397 400 403 412 421 432 430 431 431 419 406 397 403 402 401 388 378 368 359 351 338 326 317 305 297 289 278 273 269 264 256 249 242 234 227 223 219
1276 1341 1336 1196 1095 1070 1077 1019 1053 952 909 877 830 790 723 689 663 642 629 642 588 558 577 608 470 436 421 410 400 391 403 418 427 451 468 445 422 403 399 398 399 411 408 396 390 391 398 412 419 423 429 426 420 403 393 394 392 387 378 367 358 352 344 336 324 316 308 300 288 280 274 268 262 257 247 242 238 230 224 220
1156 1261 1269 1163 1019 847 828 797 986 949 863 817 774 754 724 674 642 621 614 609 614 685 648 572 473 435 419 403 387 409 460 431 412 417 437 434 416 392 385 388 400 406 389 391 386 383 391 395 407 413 414 415 410 401 394 393 386 379 371 362 353 345 339 332 324 316 310 299 290 283 276 269 264 260 251 241 240 235 227 222
1094 1134 1180 1112 972 836 744 706 807 985 824 753 753 719 723 667 620 602 594 580 600 626 526 479 449 430 414 396 381 406 487 431 399 406 437 432 405 389 381 408 399 391 383 380 378 377 382 392 395 398 400 400 397 393 389 388 385 375 367 358 350 349 345 335 325 318 311 301 291 280 274 267 262 259 253 246 241 235 231 227
1051 1070 1098 979 822 749 712 670 689 830 783 721 745 697 691 653 622 584 567 558 551 558 542 492 466 435 402 384 377 392 401 397 386 395 415 418 403 405 375 390 386 376 380 375 369 372 374 381 383 389 387 389 387 383 381 375 380 373 362 357 354 354 346 335 324 319 311 301 292 283 277 270 266 262 255 249 243 237 232 227
1008 997 1009 853 772 717 668 660 646 711 762 660 699 677 687 635 617 576 542 542 521 510 479 456 435 421 399 385 377 374 383 385 382 380 380 380 377 378 384 390 371 366 367 364 361 365 369 369 371 374 379 382 383 381 377 379 370 366 365 360 353 350 342 331 321 314 308 301 290 283 277 270 268 261 256 250 246 241 236 228
939 885 832 764 723 686 647 638 622 674 699 661 629 629 654 629 602 567 527 514 496 484 491 497 442 414 403 391 385 375 372 373 372 375 371 370 362 364 368 367 361 356 359 356 353 356 361 363 364 366 369 376 380 384 377 366 357 357 356 351 343 340 334 326 322 314 306 298 291 286 279 274 265 260 257 251 247 241 239 235
847 814 751 710 696 666 635 601 613 684 755 725 653 582 626 612 596 564 521 486 482 476 528 597 455 417 401 395 389 379 368 357 366 366 360 354 354 355 359 356 356 353 355 351 346 345 347 353 357 366 372 372 375 378 369 363 353 349 346 340 337 338 332 322 318 308 305 298 291 288 283 274 268 261 257 253 248 244 240 236
777 732 716 686 658 626 640 586 635 701 737 681 653 574 601 573 573 558 518 484 459 457 471 513 469 437 417 420 417 379 373 362 358 354 348 345 342 347 346 345 347 348 349 342 336 338 335 345 349 358 363 362 364 365 361 354 346 341 337 329 325 327 326 319 317 312 305 298 291 288 282 279 268 262 258 253 251 247 242 -3.4e+38
730 715 680 719 695 647 607 586 633 672 692 636 594 548 584 602 543 544 515 484 451 426 429 498 546 456 464 456 426 383 376 381 372 366 356 346 340 337 338 336 336 341 341 334 333 330 333 334 338 352 364 363 359 354 350 341 335 333 328 323 317 319 322 320 314 309 303 296 292 288 282 278 271 264 262 260 255 251 -3.4e+38 -3.4e+38
