rasterData/Ethiopia_bio8.asc
NCOLS 180 
NROWS 138 
XLLCORNER 32.989799842 
YLLCORNER 3.405012842 
CELLSIZE 0.0832742739222222 
NODATA_value -3.4e+38 
[rows 88 to 109 of 138, columns 98 to 146 of 180]
23.9048328399658 24.0431671142578 24.3120002746582 24.5626659393311 24.9606666564941 25.0214996337891 24.6231670379639 25.5541667938232 26.6353340148926 27.1674995422363 27.2923336029053 27.0431671142578 27.3334999084473 27.4466667175293 27.4370002746582 27.7768325805664 27.7028331756592 27.5523338317871 27.4726676940918 27.2796669006348 27.2063331604004 26.9230003356934 26.7013339996338 26.3729991912842 25.962833404541 25.753833770752 25.5729999542236 25.613166809082 25.7901668548584 25.8936672210693 27.0693340301514 27.2069988250732 26.4638328552246 26.1889991760254 25.9513320922852 25.4204998016357 25.4360008239746 25.3445014953613 25.4261665344238 25.7164993286133 25.843334197998 25.9458332061768 26.0383338928223 26.0516662597656 26.175500869751 26.1400012969971 26.1878337860107 26.3151664733887 26.4876670837402
23.7565002441406 23.9783325195312 24.2506675720215 24.5625 25.1439990997314 25.4071674346924 25.3758335113525 25.4116668701172 25.5071678161621 26.1961669921875 26.6911659240723 27.9251670837402 27.7005004882812 27.7996673583984 27.9906673431396 27.8603324890137 27.7709999084473 27.6206665039062 27.4338321685791 27.1111660003662 27.0184993743896 26.8066673278809 26.7075004577637 26.4098339080811 26.0773334503174 25.8994998931885 25.8034992218018 25.7131671905518 25.50950050354 25.4855003356934 26.4653339385986 27.4308338165283 27.1110000610352 26.8568344116211 26.2671661376953 25.8061676025391 25.6221656799316 25.6964988708496 25.4834995269775 25.5581665039062 25.7601661682129 25.9985008239746 26.0524997711182 26.1681671142578 26.2171669006348 26.2700004577637 26.3413333892822 26.4903335571289 26.6009998321533
23.3503341674805 23.9979991912842 24.4068336486816 24.7119998931885 25.1388339996338 25.5686664581299 26.1483325958252 26.7434997558594 26.7336673736572 27.0001678466797 27.2691669464111 27.7771682739258 28.1695003509521 28.3103332519531 28.1879997253418 28.0423336029053 27.9184989929199 27.6536674499512 27.238000869751 26.3144989013672 26.6148338317871 26.6569995880127 26.9473323822021 26.7608337402344 26.3411674499512 26.2591667175293 25.865665435791 25.8018341064453 25.6439990997314 25.6603336334229 25.7616672515869 26.6108322143555 27.1388339996338 27.1180000305176 26.3956661224365 26.13450050354 26.0408344268799 25.8221664428711 25.503833770752 25.0821666717529 25.4456672668457 25.7568340301514 25.9624996185303 26.0750007629395 26.2446670532227 26.4505004882812 26.5178337097168 26.5986671447754 26.6820011138916
22.7946662902832 23.8834991455078 24.541166305542 25.0779991149902 25.4104995727539 25.9643325805664 26.2783336639404 26.5984992980957 27.1048336029053 27.3549995422363 27.7059993743896 28.1616668701172 28.5345001220703 28.4260005950928 28.1631660461426 27.662166595459 26.4416656494141 25.5424995422363 26.5121669769287 26.4038333892822 26.7434997558594 26.9291667938232 27.240665435791 27.1901664733887 26.8603324890137 26.712833404541 26.0193328857422 25.9039993286133 25.826000213623 25.7845001220703 25.5051670074463 25.7053318023682 25.417667388916 26.6714992523193 27.0121669769287 26.6633338928223 26.0353336334229 25.8466663360596 25.3901672363281 24.8649997711182 25.0671672821045 25.4325008392334 25.7318325042725 25.9908332824707 26.228832244873 26.3693332672119 26.4169998168945 26.5056667327881 26.5523338317871
23.0069999694824 23.7336673736572 24.6464996337891 25.3660011291504 25.9318332672119 26.4473323822021 26.804500579834 26.9131660461426 27.32200050354 27.603666305542 27.9796676635742 28.1376667022705 28.5661659240723 28.4715003967285 27.5626659393311 24.8819999694824 24.103832244873 24.5983333587646 26.6136665344238 27.1863327026367 27.1978340148926 27.2026672363281 27.4326667785645 27.5048332214355 27.3088340759277 26.9861660003662 26.4726676940918 26.2136669158936 25.9930000305176 25.9554996490479 25.7376670837402 25.5728340148926 25.2411670684814 25.4109992980957 26.5965003967285 27.0214996337891 26.3871669769287 25.8361663818359 25.4099998474121 24.9954986572266 24.9891662597656 25.1494998931885 25.44700050354 25.724666595459 25.9608345031738 26.1358337402344 26.3199996948242 26.4990005493164 26.6509990692139
23.9981670379639 24.3414993286133 25.0398330688477 25.7654991149902 26.3861675262451 26.8463325500488 27.111499786377 27.3583335876465 27.5953330993652 27.8844985961914 28.1680011749268 28.496166229248 28.7663326263428 28.5821666717529 26.7983341217041 25.8455009460449 24.6813335418701 25.1826667785645 27.1596660614014 27.719165802002 27.5241680145264 27.6315002441406 27.545166015625 27.7051658630371 27.5691661834717 27.3775005340576 26.8931655883789 26.3786659240723 26.3978328704834 26.0913333892822 25.9046669006348 25.6018333435059 25.4495010375977 25.7666664123535 26.3721675872803 27.2594985961914 26.829833984375 25.6713333129883 25.0298328399658 24.9056663513184 24.9228324890137 25.0228328704834 25.2255001068115 25.5485000610352 25.7889995574951 26.0396671295166 26.2678337097168 26.5273342132568 26.8251667022705
23.9431667327881 24.781665802002 25.4891662597656 26.173168182373 26.6364994049072 27.0728340148926 27.4095001220703 27.6615009307861 27.7071666717529 28.1411666870117 28.3489990234375 28.6788330078125 28.8360004425049 28.3928337097168 27.7198333740234 26.4704990386963 24.4923324584961 26.2211666107178 27.3269996643066 28.0114994049072 27.7591667175293 27.9379997253418 28.0226669311523 27.861499786377 27.8506660461426 27.6996669769287 27.3645000457764 26.8638324737549 26.7490005493164 26.2526664733887 26.1083335876465 25.7956657409668 25.6113319396973 25.4981670379639 26.0016670227051 26.9013328552246 26.3371658325195 25.8258323669434 25.6766662597656 25.4061660766602 25.2141666412354 25.353666305542 25.4813327789307 25.6356678009033 25.8873329162598 26.1499996185303 26.4026660919189 26.6418323516846 26.9346675872803
24.2314987182617 24.7059993743896 25.3863334655762 25.9273338317871 26.408166885376 26.9791679382324 27.5821666717529 27.9623336791992 28.0104999542236 28.4125003814697 28.5578346252441 28.9558334350586 29.0610008239746 28.7078342437744 28.2133331298828 27.0065002441406 25.5499992370605 26.8836669921875 27.8666667938232 28.3474998474121 27.9663333892822 28.1863327026367 28.308666229248 27.8050003051758 27.8334999084473 28.0069999694824 27.8058338165283 27.4676666259766 27.1238327026367 26.6711654663086 26.1233329772949 25.9398326873779 25.7308330535889 25.5839996337891 25.8893337249756 26.5345001220703 27.0101661682129 26.4516658782959 26.2178344726562 25.9186668395996 26.0751667022705 26.058666229248 26.1215000152588 26.0971660614014 26.2293319702148 26.2501659393311 26.5699996948242 26.7369995117188 26.9963340759277
23.8593330383301 23.5235004425049 24.5578327178955 25.2201671600342 24.8411674499512 24.1538333892822 27.0606670379639 28.0955009460449 28.3470001220703 28.6493339538574 28.7756671905518 28.9773330688477 28.9106674194336 28.6848335266113 28.3253326416016 27.3315010070801 26.529333114624 27.0990009307861 28.0884990692139 28.5488338470459 28.4821662902832 28.4674987792969 28.2291660308838 27.6544990539551 27.6420001983643 27.9589996337891 28.1528339385986 27.9228324890137 27.6341667175293 27.0235004425049 26.6773338317871 26.2903327941895 25.871000289917 25.8178329467773 25.8448333740234 26.6609992980957 27.2150001525879 27.0061664581299 26.8018321990967 26.583667755127 26.4855003356934 26.5726661682129 26.7156658172607 26.5993328094482 26.6506652832031 26.7329998016357 26.8906669616699 26.8896675109863 27.0646667480469
24.0323333740234 24.0306663513184 23.7826671600342 22.5618324279785 23.2261657714844 24.5983333587646 26.795166015625 28.0224990844727 28.4440002441406 28.7786674499512 29.1259994506836 28.4331665039062 27.0276679992676 27.9141674041748 28.5148315429688 28.3360004425049 27.5018329620361 27.5571670532227 28.0909996032715 28.5131664276123 28.8105010986328 28.6331672668457 28.170166015625 27.7638339996338 27.9981670379639 27.9978332519531 28.1466674804688 28.2628326416016 28.0161666870117 27.6310005187988 27.0628337860107 26.6633338928223 26.386833190918 26.25 26.2905006408691 26.7523326873779 27.2681655883789 27.3600006103516 27.2103328704834 27.1686668395996 27.0310001373291 26.9396667480469 27.0795001983643 26.9638328552246 26.9729995727539 27.0084991455078 27.0120010375977 27.0368328094482 27.1156673431396
24.281665802002 24.4869995117188 24.204833984375 23.5329990386963 25.4160003662109 26.6803340911865 27.5446662902832 28.2003326416016 28.6481666564941 28.8986663818359 29.2268333435059 28.5815010070801 26.1469993591309 27.6350002288818 28.7336673736572 28.423999786377 27.4476661682129 27.3915004730225 28.1126670837402 28.5044994354248 28.8780002593994 27.8773345947266 28.0903339385986 28.0936660766602 28.3298320770264 28.4463329315186 28.3946666717529 28.4473323822021 28.328332901001 27.7938327789307 27.4641666412354 27.3075008392334 27.0536670684814 26.9496669769287 26.9973335266113 27.1978340148926 27.3229999542236 27.44700050354 27.5108337402344 27.4526653289795 27.3588333129883 27.3098335266113 27.1860008239746 26.8414993286133 26.6073341369629 26.8091659545898 26.8554992675781 26.9323329925537 27.1681671142578
24.7021675109863 24.8123340606689 24.9599990844727 24.8649997711182 25.1221675872803 26.2161674499512 26.9809989929199 27.701000213623 28.7900009155273 29.1273345947266 29.3425006866455 29.146333694458 28.6191673278809 28.6858329772949 28.994499206543 28.6110000610352 27.8068332672119 27.5564994812012 28.0308322906494 27.8686676025391 28.9538326263428 28.2763328552246 28.4953327178955 28.6888332366943 28.4723320007324 28.5615005493164 28.7533340454102 28.6693344116211 28.5780010223389 28.2528324127197 28.042667388916 27.7296676635742 27.5778331756592 27.4416656494141 27.4284992218018 27.4855003356934 27.5046672821045 27.5453338623047 27.5991668701172 27.6496658325195 27.4928321838379 27.3084983825684 27.0431671142578 26.6301670074463 26.5480003356934 26.7031669616699 26.9366664886475 26.9670009613037 27.2323322296143
25.1498336791992 25.2024993896484 25.5438327789307 25.8343334197998 26.5023326873779 27.216667175293 27.8834991455078 28.4361667633057 28.7783336639404 29.0526657104492 29.3395004272461 29.4376678466797 29.3493347167969 29.175500869751 29.1896667480469 29.1259994506836 29.0475006103516 29.0186653137207 28.9438323974609 28.9401664733887 28.3928337097168 28.1156673431396 29.058500289917 29.111665725708 28.8479995727539 28.8051662445068 28.9323329925537 28.9718322753906 28.8388328552246 28.6935005187988 28.4791679382324 28.2940006256104 28.0580005645752 27.7721672058105 27.6318340301514 27.5578346252441 27.6106662750244 27.650333404541 27.591833114624 27.6323337554932 27.0156669616699 26.9909992218018 26.9224987030029 26.7065010070801 26.8291664123535 26.9711666107178 27.0978336334229 27.1476669311523 27.2870006561279
25.2943325042725 25.6684989929199 25.8940010070801 26.0470008850098 25.7864990234375 25.6596660614014 27.321834564209 28.2468338012695 28.6358337402344 28.863000869751 29.1725006103516 29.4388332366943 29.5818328857422 29.4444999694824 29.3913345336914 29.3439998626709 29.318000793457 29.2241649627686 29.3730010986328 29.3716659545898 29.0673332214355 29.1404991149902 29.3333339691162 29.3636665344238 29.3184986114502 29.0921669006348 29.1966667175293 29.1641674041748 29.0256671905518 28.9308338165283 28.845666885376 28.4850006103516 28.1019992828369 27.8281669616699 27.6295013427734 27.1228332519531 27.3943328857422 27.619499206543 27.6529998779297 27.5049991607666 27.2891674041748 27.1761665344238 27.17799949646 27.0771675109863 27.1181659698486 27.1655006408691 27.3151664733887 27.4688339233398 27.4753341674805
25.3011665344238 26.0375003814697 26.178165435791 26.1525001525879 24.9001655578613 23.2620010375977 26.4313335418701 27.8719997406006 28.2971649169922 28.5983333587646 28.9321670532227 29.2196655273438 29.4986667633057 29.5721664428711 29.5659999847412 29.5796661376953 29.5431671142578 29.5499992370605 29.574499130249 29.5030002593994 29.3864994049072 29.423999786377 29.5548324584961 29.5936660766602 29.3764991760254 29.3743324279785 29.4236660003662 29.2796669006348 29.0871658325195 29.0886669158936 29.0468330383301 28.4195003509521 27.957332611084 27.9078330993652 27.675666809082 27.1840000152588 27.4503326416016 27.4406661987305 27.8936672210693 27.8601665496826 27.6863327026367 27.5496673583984 27.5995006561279 27.5123329162598 27.3391666412354 27.3245010375977 27.4761657714844 27.5856666564941 27.6666660308838
25.2318325042725 25.9770011901855 26.4973335266113 26.5026664733887 26.1590003967285 24.9360008239746 25.7081661224365 26.7373332977295 27.3194999694824 27.4781665802002 27.5136661529541 28.8740005493164 29.1888332366943 29.5111675262451 29.6264991760254 29.7000007629395 29.6776676177979 29.7238330841064 29.7519989013672 29.699333190918 29.6424999237061 29.6025009155273 29.7026672363281 29.7273330688477 29.7406673431396 29.6693344116211 29.5443325042725 29.388500213623 29.3393325805664 29.2703342437744 29.0694999694824 28.726001739502 28.1983337402344 28.013334274292 27.957332611084 27.5841674804688 27.5921669006348 27.8274993896484 28.173168182373 28.0988330841064 27.9563331604004 27.8906669616699 27.8474998474121 27.8091659545898 27.4521675109863 27.4581661224365 27.5849990844727 27.7249984741211 27.8638343811035
25.087833404541 25.8223342895508 26.5046653747559 27.0548324584961 26.8376655578613 25.3561668395996 23.8916664123535 25.8040008544922 25.765998840332 26.0428333282471 26.9379997253418 28.4798336029053 28.8396663665771 28.6595001220703 28.9014987945557 28.9694995880127 29.3686676025391 29.6536674499512 29.7356662750244 29.8264999389648 29.8491668701172 29.7679996490479 29.7803344726562 29.7708339691162 29.8684997558594 29.8055000305176 29.6941680908203 29.6706676483154 29.5810012817383 29.4458332061768 29.2734985351562 28.6548328399658 27.8650016784668 27.7518329620361 27.9268341064453 27.9796657562256 27.7929992675781 28.0528335571289 28.3776664733887 28.2893333435059 28.2026672363281 28.1879997253418 28.1925010681152 28.0671672821045 27.6126670837402 27.488166809082 27.5626659393311 27.7218322753906 27.8764991760254
25.3263339996338 25.6551666259766 26.304500579834 27.0488338470459 27.1781673431396 26.7670001983643 25.7304992675781 24.8601665496826 24.3199996948242 26.0406665802002 27.3535003662109 27.7290000915527 27.5688343048096 27.0401668548584 27.8549995422363 28.6168327331543 29.0421657562256 29.2256660461426 29.5508327484131 29.8099994659424 29.9021663665771 29.9806671142578 29.9331665039062 29.7985000610352 29.9376659393311 29.9483337402344 29.9268321990967 29.843334197998 29.7046661376953 29.6316661834717 29.4516677856445 28.712833404541 27.8355007171631 27.8500003814697 28.0769996643066 28.3668327331543 27.9956665039062 28.1491661071777 28.5493335723877 28.4033336639404 28.3611660003662 28.3573341369629 28.4029998779297 28.2963333129883 27.7986660003662 27.5693321228027 27.6900005340576 27.7958335876465 27.91233253479
25.505500793457 25.9489994049072 26.1009998321533 26.9179992675781 27.4711666107178 27.3290004730225 27.1886672973633 26.8945007324219 25.5311660766602 24.8833332061768 25.0476665496826 25.6143341064453 25.4831657409668 26.345832824707 27.2096672058105 27.7523345947266 28.3398323059082 28.6965007781982 29.3313331604004 29.6634998321533 29.816499710083 29.9963340759277 30.0456676483154 30.0690002441406 30.05299949646 30.0636672973633 30.1001663208008 30.0588340759277 29.8876647949219 29.8579998016357 29.4916667938232 28.3494987487793 28.1606674194336 27.9833335876465 28.0621662139893 28.4368324279785 28.4696655273438 28.4451675415039 28.6496658325195 28.6446666717529 28.6143341064453 28.5571670532227 28.6555004119873 28.4890003204346 28.1066665649414 27.6805000305176 27.6598320007324 27.8271675109863 27.9923343658447
25.4783325195312 26.0471668243408 26.1070003509521 26.3699989318848 27.3238334655762 27.7339992523193 27.7759990692139 27.6881675720215 27.0456676483154 25.3684997558594 24.3266677856445 25.155834197998 25.8636665344238 26.3834991455078 27.0580005645752 27.7143325805664 28.3348331451416 28.9421672821045 29.299165725708 29.5603332519531 29.7631664276123 29.8601665496826 29.9503326416016 30.0825004577637 30.1726665496826 30.2238330841064 30.2078342437744 30.2266654968262 30.1655006408691 30.0711669921875 29.7636680603027 29.0171661376953 28.6683330535889 28.0675010681152 28.1173324584961 28.4873332977295 28.7919998168945 28.779333114624 28.8525009155273 28.8444995880127 28.6911659240723 28.7294998168945 28.8543338775635 28.6171684265137 28.2611656188965 27.8879985809326 27.6359996795654 27.8021659851074 27.9266662597656
25.5361671447754 26.4085006713867 26.1931667327881 26.2223339080811 26.8926658630371 27.9815006256104 28.2889995574951 28.0019989013672 27.7356662750244 27.1626663208008 24.6983337402344 24.708833694458 25.5233345031738 26.5581665039062 27.1601676940918 27.7388324737549 28.1898326873779 28.5053329467773 28.9489994049072 29.3281669616699 29.5553340911865 29.7063331604004 29.8810005187988 29.7601661682129 29.8395004272461 30.060998916626 30.2643337249756 30.3004989624023 30.3048343658447 30.2681674957275 30.109001159668 29.7878341674805 28.8365001678467 28.4388332366943 28.3571662902832 28.6198329925537 28.8951663970947 28.9479999542236 29.025333404541 28.769832611084 28.6525001525879 28.9096660614014 29.0338325500488 28.7963333129883 28.4403343200684 28.1446666717529 27.8795013427734 27.8013343811035 27.888500213623
26.3964996337891 26.6000003814697 25.9858322143555 26.1373329162598 26.6631660461426 27.4703330993652 28.4421653747559 28.2093334197998 28.0200004577637 27.7814998626709 26.7290000915527 25.8360004425049 26.2158336639404 26.7356662750244 27.2973327636719 27.7363338470459 28.2036666870117 28.5946674346924 28.9526672363281 29.2399997711182 29.4291667938232 29.5346660614014 29.6338329315186 29.037166595459 29.1728343963623 29.384334564209 29.6228332519531 30.1201667785645 30.1856670379639 30.234167098999 30.183500289917 30.1178340911865 29.5779991149902 29.6668338775635 29.1410007476807 28.6488342285156 28.8306655883789 28.7848339080811 28.6630001068115 28.7898330688477 28.9720001220703 29.1143341064453 29.13450050354 29.0265007019043 28.7314987182617 28.4704990386963 28.1536655426025 27.9351673126221 27.8866672515869
