rasterData/Ethiopia_bio8.asc
NCOLS 180 
NROWS 138 
XLLCORNER 32.989799842 
YLLCORNER 3.405012842 
CELLSIZE 0.0832742739222222 
NODATA_value -3.4e+38 
[rows 88 to 109 of 138, columns 0 to 48 of 180]
-3.4e+38 -3.4e+38 -3.4e+38 -3.4e+38 -3.4e+38 -3.4e+38 -3.4e+38 -3.4e+38 -3.4e+38 -3.4e+38 -3.4e+38 25.3373336791992 25.3076667785645 25.2233333587646 25.1191673278809 25.0468330383301 24.9646663665771 24.7771663665771 24.7430000305176 24.5461654663086 24.117166519165 24.0535011291504 23.9266662597656 23.0313339233398 22.1758346557617 21.6124992370605 21.0084991455078 18.5190010070801 17.7299995422363 16.6466674804688 15.3028335571289 15.9816665649414 16.6889991760254 16.9513339996338 18.3155002593994 19.1660003662109 18.7888336181641 18.2456665039062 18.9373321533203 19.0925006866455 18.9876670837402 18.9195003509521 17.6944999694824 17.07200050354 17.6316661834717 17.8158340454102 18.166166305542 18.744499206543 18.7763328552246
-3.4e+38 -3.4e+38 -3.4e+38 -3.4e+38 -3.4e+38 -3.4e+38 -3.4e+38 -3.4e+38 -3.4e+38 -3.4e+38 -3.4e+38 -3.4e+38 25.2950000762939 25.2226676940918 25.091667175293 25.0025005340576 24.9623336791992 24.9178333282471 24.8703327178955 24.5578327178955 24.2121658325195 23.9440002441406 23.5981674194336 22.9794998168945 22.6208343505859 22.1119995117188 21.5069999694824 20.2296676635742 18.0753326416016 15.566333770752 15.2621669769287 15.5690002441406 16.6111660003662 17.7509994506836 18.0431671142578 18.2433338165283 18.3175010681152 18.3341674804688 19.2178325653076 19.8896675109863 20.1889991760254 19.6918334960938 18.609167098999 16.5691661834717 15.8611669540405 14.7276668548584 16.1943340301514 17.2968330383301 17.9629993438721
-3.4e+38 -3.4e+38 -3.4e+38 -3.4e+38 -3.4e+38 -3.4e+38 -3.4e+38 -3.4e+38 -3.4e+38 -3.4e+38 -3.4e+38 -3.4e+38 25.2959995269775 25.2358341217041 25.0834999084473 24.9715003967285 24.9075012207031 24.7466659545898 24.566499710083 24.5201663970947 24.2388343811035 23.8453330993652 23.0601673126221 23.0073337554932 22.5266666412354 22.1608333587646 20.9478340148926 19.0193328857422 16.6803340911865 15.9665002822876 16.4045009613037 16.367000579834 16.3676662445068 17.3726673126221 18.1631660461426 17.7980003356934 18.8846664428711 18.9876670837402 18.8928337097168 18.8676662445068 18.1720008850098 17.6511669158936 19.0501670837402 19.9326667785645 18.5168323516846 16.6909999847412 17.3093338012695 17.6951675415039 16.3263339996338
-3.4e+38 -3.4e+38 -3.4e+38 -3.4e+38 -3.4e+38 -3.4e+38 -3.4e+38 -3.4e+38 -3.4e+38 -3.4e+38 -3.4e+38 -3.4e+38 25.246166229248 25.1486663818359 25.0543327331543 25.0153331756592 24.843334197998 24.5961666107178 24.2636661529541 24.4130001068115 24.3841667175293 24.0336666107178 23.4343338012695 23.4611663818359 22.3554992675781 22.1560001373291 20.9648342132568 20.1228332519531 19.0795001983643 19.1063327789307 19.9108333587646 19.0373344421387 17.9331665039062 18.5590000152588 18.5125007629395 18.8268337249756 18.4426670074463 18.2215003967285 19.378999710083 18.3673324584961 16.3759994506836 17.0536670684814 17.2398338317871 19.25 19.3808326721191 19.6658325195312 19.4508323669434 19.5066661834717 19.1101665496826
-3.4e+38 -3.4e+38 -3.4e+38 -3.4e+38 -3.4e+38 -3.4e+38 -3.4e+38 -3.4e+38 -3.4e+38 -3.4e+38 -3.4e+38 -3.4e+38 -3.4e+38 25.0673332214355 24.9160003662109 24.9023342132568 24.7851676940918 24.5153331756592 24.3129997253418 24.191333770752 24.113166809082 23.7946662902832 23.4769992828369 23.1813335418701 22.8138332366943 22.3366661071777 21.6308345794678 21.1965007781982 20.7693328857422 21.064001083374 21.1053333282471 20.5591659545898 20.2970008850098 19.6688327789307 19.0620002746582 19.9394989013672 18.1858329772949 17.9661674499512 18.6884994506836 18.9435005187988 16.7593326568604 14.7124996185303 13.9338331222534 17.3403339385986 17.9923343658447 19.8811664581299 20.0003337860107 20.0541667938232 20.0036659240723
-3.4e+38 -3.4e+38 -3.4e+38 -3.4e+38 -3.4e+38 -3.4e+38 -3.4e+38 -3.4e+38 -3.4e+38 -3.4e+38 -3.4e+38 -3.4e+38 -3.4e+38 -3.4e+38 24.980167388916 24.8819999694824 24.6709995269775 24.579833984375 24.4661674499512 24.1525001525879 23.920166015625 23.4818344116211 23.2298336029053 22.894832611084 22.1711673736572 22.5733337402344 22.2411670684814 22.1215000152588 21.3601665496826 20.8036670684814 20.2386665344238 19.9251670837402 18.900333404541 18.4821662902832 20.3328342437744 21.1005001068115 20.2849998474121 18.7581672668457 19.8996658325195 18.792667388916 18.7449989318848 17.3196659088135 15.2946662902832 16.4971675872803 18.6073341369629 18.9069995880127 18.7544994354248 18.3946666717529 16.9298324584961
-3.4e+38 -3.4e+38 -3.4e+38 -3.4e+38 -3.4e+38 -3.4e+38 -3.4e+38 -3.4e+38 -3.4e+38 -3.4e+38 -3.4e+38 -3.4e+38 -3.4e+38 -3.4e+38 -3.4e+38 24.9013328552246 24.7534999847412 24.5716667175293 24.4195003509521 24.2153339385986 23.9424991607666 23.449333190918 22.492000579834 22.0574989318848 22.2371673583984 22.58766746521 22.1648330688477 21.5540008544922 21.5318336486816 20.4248332977295 20.1608333587646 19.7620010375977 17.7596664428711 18.093334197998 19.8145008087158 20.8379993438721 21.4820003509521 20.3421669006348 20.0256671905518 20.6119995117188 19.7276668548584 17.4131660461426 18.670166015625 19.7203330993652 19.7560005187988 19.8333339691162 19.5729999542236 18.7310009002686 16.8834991455078
-3.4e+38 -3.4e+38 -3.4e+38 -3.4e+38 -3.4e+38 -3.4e+38 -3.4e+38 -3.4e+38 -3.4e+38 -3.4e+38 -3.4e+38 -3.4e+38 -3.4e+38 -3.4e+38 -3.4e+38 -3.4e+38 24.7150001525879 24.480167388916 24.3863334655762 24.1856670379639 23.8871669769287 23.4540004730225 20.9733333587646 19.9711666107178 20.6476669311523 22.1979999542236 22.3061676025391 21.5826663970947 21.6259994506836 20.9851665496826 20.2296657562256 17.3796672821045 16.8733329772949 17.9236660003662 20.2513332366943 21.1198329925537 21.2153339385986 20.9654998779297 19.5348339080811 20.5974998474121 19.5510005950928 20.4128341674805 20.4025001525879 20.0739994049072 20.1515007019043 20.0310001373291 19.9776668548584 19.1240005493164 18.7024993896484
-3.4e+38 -3.4e+38 -3.4e+38 -3.4e+38 -3.4e+38 -3.4e+38 -3.4e+38 -3.4e+38 -3.4e+38 -3.4e+38 -3.4e+38 -3.4e+38 -3.4e+38 -3.4e+38 -3.4e+38 -3.4e+38 -3.4e+38 -3.4e+38 24.363166809082 24.0011672973633 23.8268337249756 23.3628330230713 22.32200050354 20.6151676177979 18.0463333129883 20.8223342895508 21.9138336181641 21.5634994506836 21.3793334960938 20.507999420166 19.408332824707 18.3973331451416 19.4396667480469 18.878999710083 19.8433322906494 21.1783332824707 21.5156669616699 20.7928333282471 20.8799991607666 21.2024993896484 21.136999130249 20.8773326873779 20.7950000762939 20.8953342437744 19.8583335876465 19.8125 19.7304992675781 18.7003326416016 18.6569995880127
-3.4e+38 -3.4e+38 -3.4e+38 -3.4e+38 -3.4e+38 -3.4e+38 -3.4e+38 -3.4e+38 -3.4e+38 -3.4e+38 -3.4e+38 -3.4e+38 -3.4e+38 -3.4e+38 -3.4e+38 -3.4e+38 -3.4e+38 -3.4e+38 24.3526668548584 23.8913326263428 23.8041667938232 23.517333984375 22.8780002593994 20.0709991455078 17.8640003204346 19.0863342285156 21.1428337097168 21.4558334350586 20.8448333740234 20.556999206543 20.670166015625 20.0200004577637 19.5031661987305 19.173999786377 19.3348331451416 20.0160007476807 21.349666595459 21.2888336181641 21.1301670074463 20.9361667633057 20.7919998168945 20.5219993591309 20.7320003509521 20.4669990539551 19.4370002746582 19.546667098999 19.7189998626709 19.6555004119873 20.0973339080811
-3.4e+38 -3.4e+38 -3.4e+38 -3.4e+38 -3.4e+38 -3.4e+38 -3.4e+38 -3.4e+38 -3.4e+38 -3.4e+38 -3.4e+38 -3.4e+38 -3.4e+38 -3.4e+38 -3.4e+38 -3.4e+38 -3.4e+38 -3.4e+38 -3.4e+38 -3.4e+38 23.9709987640381 23.4526672363281 23.1538333892822 21.7318344116211 18.4328327178955 19.3705005645752 21.820499420166 21.681999206543 21.5459995269775 20.6266670227051 20.9383335113525 20.0345001220703 19.7898330688477 20.05299949646 20.4436664581299 20.1936664581299 21.3775005340576 21.4584999084473 21.074499130249 20.818000793457 20.6596660614014 20.4331665039062 20.558500289917 20.0615005493164 19.894832611084 19.9599990844727 20.179666519165 19.4363327026367 19.9863338470459
-339999999999999996123846586046231871488.000000000000000 -3.4e+38 -3.4e+38 -3.4e+38 -3.4e+38 -3.4e+38 -3.4e+38 -3.4e+38 -3.4e+38 -3.4e+38 -3.4e+38 -3.4e+38 -3.4e+38 -3.4e+38 -3.4e+38 -3.4e+38 -3.4e+38 -3.4e+38 -3.4e+38 -3.4e+38 -3.4e+38 23.8613338470459 23.9368324279785 23.466833114624 22.2466659545898 21.2065010070801 22.2744998931885 22.2604999542236 21.5391674041748 20.0200004577637 20.5031661987305 21.1861667633057 20.9766674041748 20.593334197998 20.4716663360596 20.8910007476807 21.3985004425049 21.4653339385986 20.7336673736572 20.5708332061768 20.224666595459 19.8986663818359 19.6525001525879 19.5231666564941 19.8139991760254 19.8619995117188 20.5923328399658 20.2019996643066 20.3708343505859
-3.4e+38 -3.4e+38 -3.4e+38 -3.4e+38 -3.4e+38 -3.4e+38 -3.4e+38 -3.4e+38 -3.4e+38 -3.4e+38 -3.4e+38 -3.4e+38 -3.4e+38 -3.4e+38 -3.4e+38 -3.4e+38 -3.4e+38 -3.4e+38 -3.4e+38 -3.4e+38 -3.4e+38 23.8150005340576 24.1525001525879 24.0114994049072 23.7406673431396 23.335334777832 23.0306663513184 22.7465000152588 21.8488330841064 20.0944995880127 19.4675006866455 20.6609992980957 21.1606674194336 20.8261661529541 20.6009998321533 21.0288333892822 21.4526672363281 21.4393329620361 20.7148342132568 20.4193344116211 20.236665725708 19.7203330993652 19.3174991607666 19.8598327636719 17.2568340301514 19.7299995422363 19.9828338623047 20.2501659393311 20.6019992828369
-3.4e+38 -3.4e+38 -3.4e+38 -3.4e+38 -3.4e+38 -3.4e+38 -3.4e+38 -3.4e+38 -3.4e+38 -3.4e+38 -3.4e+38 -3.4e+38 -3.4e+38 -3.4e+38 -3.4e+38 -3.4e+38 -3.4e+38 -3.4e+38 -3.4e+38 -3.4e+38 -3.4e+38 24.1401672363281 23.9479999542236 23.6771659851074 23.6124992370605 23.4140014648438 23.1531658172607 22.7806663513184 22.3566665649414 21.9890003204346 21.0629997253418 20.4386672973633 20.962833404541 20.7919998168945 20.1298332214355 21.068000793457 21.7788333892822 21.4486675262451 20.7021656036377 20.2639999389648 19.7215003967285 19.3150005340576 19.6763324737549 19.0069999694824 18.8606662750244 20.0294990539551 19.9775009155273 19.8648338317871 20.1891670227051
-3.4e+38 -3.4e+38 -3.4e+38 -3.4e+38 -3.4e+38 -3.4e+38 -3.4e+38 -3.4e+38 -3.4e+38 -3.4e+38 -3.4e+38 -3.4e+38 -3.4e+38 -3.4e+38 -3.4e+38 -3.4e+38 -3.4e+38 -3.4e+38 -3.4e+38 -3.4e+38 -3.4e+38 -3.4e+38 23.9603328704834 23.5321655273438 23.261833190918 22.8344993591309 22.7078323364258 22.5071659088135 22.7194995880127 22.1058330535889 21.3268337249756 20.2498340606689 20.8423328399658 21.3881664276123 20.886833190918 21.7921676635742 21.8660011291504 21.2731666564941 20.7169990539551 20.16233253479 19.6623344421387 19.7385005950928 20.0658340454102 20.3746662139893 20.5974998474121 20.6118335723877 18.9741668701172 20.6618328094482 20.8166675567627
-3.4e+38 -3.4e+38 -3.4e+38 -3.4e+38 -3.4e+38 -3.4e+38 -3.4e+38 -3.4e+38 -3.4e+38 -3.4e+38 -3.4e+38 -3.4e+38 -3.4e+38 -3.4e+38 -3.4e+38 -3.4e+38 -3.4e+38 -3.4e+38 -3.4e+38 -3.4e+38 -3.4e+38 -3.4e+38 23.69700050354 23.1881656646729 22.6424999237061 22.1691665649414 21.8743324279785 21.9021663665771 22.2443332672119 21.4608325958252 20.4440002441406 20.0351657867432 20.9736671447754 21.5774993896484 21.9523334503174 22.1668338775635 21.8794994354248 21.2458343505859 20.4809989929199 20.0576667785645 19.8414993286133 18.8293342590332 18.9736671447754 20.5074996948242 20.7474994659424 19.2448329925537 20.9301662445068 21.1751670837402 21.1903343200684
-3.4e+38 -3.4e+38 -3.4e+38 -3.4e+38 -3.4e+38 -3.4e+38 -3.4e+38 -3.4e+38 -3.4e+38 -3.4e+38 -3.4e+38 -3.4e+38 -3.4e+38 -3.4e+38 -3.4e+38 -3.4e+38 -3.4e+38 -3.4e+38 -3.4e+38 -3.4e+38 -3.4e+38 -3.4e+38 23.1580009460449 22.6276664733887 22.4775009155273 22.2316665649414 21.1001663208008 20.7586669921875 21.5661659240723 20.0143337249756 19.4890003204346 19.6973323822021 20.4156665802002 21.658166885376 22.4619998931885 22.3018321990967 22.0181655883789 21.3871669769287 20.38450050354 19.9365005493164 19.6730003356934 18.9643325805664 19.3056659698486 19.4290008544922 18.3451671600342 19.0380001068115 21.142333984375 21.2398338317871 21.4025001525879
-3.4e+38 -3.4e+38 -3.4e+38 -3.4e+38 -3.4e+38 -3.4e+38 -3.4e+38 -3.4e+38 -3.4e+38 -3.4e+38 -3.4e+38 -3.4e+38 -3.4e+38 -3.4e+38 -3.4e+38 -3.4e+38 -3.4e+38 -3.4e+38 -3.4e+38 -3.4e+38 -3.4e+38 -3.4e+38 -3.4e+38 22.7348327636719 22.1089992523193 21.5416660308838 21.5156669616699 20.5056667327881 20.0184993743896 20.6188335418701 19.8770008087158 20.0541667938232 20.2729988098145 22.0508327484131 22.6591663360596 22.4071674346924 22.146333694458 21.57200050354 20.613000869751 20.0470008850098 19.7008323669434 19.316499710083 19.8473339080811 18.8794994354248 14.4686670303345 18.904167175293 21.0961666107178 20.8174991607666 21.1765003204346
-3.4e+38 -3.4e+38 -3.4e+38 -3.4e+38 -3.4e+38 -3.4e+38 -3.4e+38 -3.4e+38 -3.4e+38 -3.4e+38 -3.4e+38 -3.4e+38 -3.4e+38 -3.4e+38 -3.4e+38 -3.4e+38 -3.4e+38 -3.4e+38 -3.4e+38 -3.4e+38 -3.4e+38 -3.4e+38 -3.4e+38 -3.4e+38 22.4243335723877 21.6040000915527 21.2408332824707 21.041166305542 20.9624996185303 21.5993328094482 20.2408332824707 21.0240001678467 21.5254993438721 22.6293334960938 22.8704986572266 22.675666809082 22.2151660919189 21.6996669769287 21.1126670837402 20.5384998321533 20.1725006103516 19.67799949646 20.1649990081787 16.4266662597656 16.3689994812012 19.3128337860107 19.9741668701172 20.5343341827393 20.5243339538574
-3.4e+38 -3.4e+38 -3.4e+38 -3.4e+38 -3.4e+38 -3.4e+38 -3.4e+38 -3.4e+38 -3.4e+38 -3.4e+38 -3.4e+38 -3.4e+38 -3.4e+38 -3.4e+38 -3.4e+38 -3.4e+38 -3.4e+38 -3.4e+38 -3.4e+38 -3.4e+38 -3.4e+38 -3.4e+38 -3.4e+38 22.8096675872803 22.5241661071777 22.029333114624 21.7070007324219 22.0439987182617 22.3391666412354 22.343334197998 21.5453338623047 21.8010005950928 22.420166015625 23.0593338012695 23.0576667785645 22.8034992218018 22.3409996032715 21.8505001068115 21.4061660766602 20.9855003356934 20.5004997253418 20.4778327941895 20.9011669158936 18.390832901001 18.6893329620361 20.175666809082 20.1833343505859 20.3758335113525 21.0209999084473
-3.4e+38 -3.4e+38 -3.4e+38 -3.4e+38 -3.4e+38 -3.4e+38 -3.4e+38 -3.4e+38 -3.4e+38 -3.4e+38 -3.4e+38 -3.4e+38 -3.4e+38 -3.4e+38 -3.4e+38 -3.4e+38 -3.4e+38 -3.4e+38 -3.4e+38 -3.4e+38 -3.4e+38 -3.4e+38 -3.4e+38 -3.4e+38 22.7443332672119 22.5104999542236 21.9221668243408 21.654167175293 22.8811664581299 22.8838329315186 22.7304992675781 22.882999420166 23.1614990234375 23.3373336791992 23.1848335266113 22.9448337554932 22.5031661987305 21.9211673736572 21.6031665802002 21.4211673736572 20.6491661071777 20.5946674346924 21.0564994812012 19.9726657867432 20.9756660461426 20.2975006103516 21.6968326568604 21.5323333740234 21.4500007629395
-3.4e+38 -3.4e+38 -3.4e+38 -3.4e+38 -3.4e+38 -3.4e+38 -3.4e+38 -3.4e+38 -3.4e+38 -3.4e+38 -3.4e+38 -3.4e+38 -3.4e+38 -3.4e+38 -3.4e+38 -3.4e+38 -3.4e+38 -3.4e+38 -3.4e+38 -3.4e+38 -3.4e+38 -3.4e+38 -3.4e+38 -3.4e+38 23.2706661224365 22.8091659545898 22.1073341369629 21.4171676635742 22.7731666564941 23.3413333892822 23.441333770752 23.3803329467773 23.2241668701172 23.6286659240723 23.6411666870117 23.2666664123535 22.6973323822021 22.070499420166 21.6965007781982 21.9951667785645 21.3408336639404 20.9449996948242 22.1828327178955 21.0254993438721 20.8155002593994 21.7511672973633 22.1254997253418 21.8568344116211 21.779333114624
