rasterData/Ethiopia_bio8.asc
NCOLS 180 
NROWS 138 
XLLCORNER 32.989799842 
YLLCORNER 3.405012842 
CELLSIZE 0.0832742739222222 
NODATA_value -3.4e+38 
[rows 66 to 87 of 138, columns 98 to 146 of 180]
19.9821662902832 18.3396663665771 16.4763336181641 16.6450004577637 16.0830001831055 14.993332862854 14.4831666946411 17.1888332366943 17.5693340301514 17.253999710083 17.2998332977295 17.5921669006348 20.015832901001 18.954833984375 18.2684993743896 19.9471664428711 21.1459999084473 20.0476665496826 19.1198329925537 20.4903335571289 20.2164993286133 20.0698337554932 19.8891658782959 19.6246662139893 20.4085006713867 21.1458339691162 21.7604999542236 22.3689994812012 -3.4e+38 -3.4e+38 -3.4e+38 -3.4e+38 -3.4e+38 -3.4e+38 -3.4e+38 -3.4e+38 -3.4e+38 -3.4e+38 -3.4e+38 -3.4e+38 -3.4e+38 -3.4e+38 -3.4e+38 -3.4e+38 -3.4e+38 -3.4e+38 -3.4e+38 -3.4e+38 -3.4e+38
17.3535003662109 16.8841667175293 15.8839998245239 15.6041669845581 15.7456665039062 16.1133327484131 13.5083332061768 15.0808334350586 18.3713340759277 18.5793323516846 18.6464996337891 18.2293338775635 21.3116664886475 20.3680000305176 20.5205001831055 20.0060005187988 20.8743324279785 20.7786674499512 20.0550003051758 20.2581672668457 20.2338333129883 20.0143337249756 20.2876663208008 19.9168338775635 20.048999786377 20.5178337097168 21.0761680603027 21.7933330535889 22.3139991760254 22.6609992980957 -3.4e+38 -3.4e+38 -3.4e+38 -3.4e+38 -3.4e+38 -3.4e+38 -3.4e+38 -3.4e+38 -3.4e+38 -3.4e+38 -3.4e+38 -3.4e+38 -3.4e+38 -3.4e+38 -3.4e+38 -3.4e+38 -3.4e+38 -3.4e+38 -3.4e+38
17.4463329315186 14.945333480835 15.2903327941895 17.6178340911865 17.4211673736572 17.1075000762939 14.1043329238892 13.9583339691162 17.7908325195312 19.9036674499512 19.4395008087158 18.3261661529541 21.7501659393311 21.728666305542 21.3535003662109 21.2164993286133 20.7488327026367 21.628833770752 21.2805004119873 19.6921672821045 20.9408340454102 20.8138332366943 20.820333480835 20.2471656799316 20.2961673736572 20.548999786377 21.1256675720215 21.2919998168945 21.7221660614014 22.0410003662109 22.4785003662109 -3.4e+38 -3.4e+38 -3.4e+38 -3.4e+38 -3.4e+38 -3.4e+38 -3.4e+38 -3.4e+38 -3.4e+38 -3.4e+38 -3.4e+38 -3.4e+38 -3.4e+38 -3.4e+38 -3.4e+38 -3.4e+38 -3.4e+38 -3.4e+38
16.734001159668 15.8421669006348 17.2241668701172 19.0788345336914 19.5825004577637 17.3501663208008 16.8968334197998 15.4314994812012 15.9871664047241 20.1860008239746 20.4728336334229 18.9459991455078 21.0483341217041 22.1658325195312 20.9221668243408 22.0528335571289 20.9951667785645 21.0405006408691 21.3028335571289 20.3376655578613 20.3776664733887 21.5284996032715 21.2473335266113 20.5844993591309 20.5065002441406 20.8594989776611 21.3181667327881 21.3096656799316 21.7826671600342 22.0994987487793 22.8741664886475 23.1875 -3.4e+38 -3.4e+38 -3.4e+38 -3.4e+38 -3.4e+38 -3.4e+38 -3.4e+38 -3.4e+38 -3.4e+38 -3.4e+38 -3.4e+38 -3.4e+38 -3.4e+38 -3.4e+38 -3.4e+38 -3.4e+38 -3.4e+38
18.2000007629395 18.5961666107178 18.7361660003662 20.507833480835 20.1748332977295 17.5646667480469 18.4456672668457 17.5184993743896 16.2953338623047 20.5963325500488 20.8328323364258 19.3859996795654 20.420166015625 22.2711658477783 20.7606658935547 20.8280010223389 21.9751663208008 20.5923328399658 21.6988334655762 21.2416667938232 20.3153343200684 21.5874996185303 21.8211669921875 21.2446670532227 20.8503341674805 21.2173328399658 21.5711669921875 21.6100006103516 21.9196662902832 22.7604999542236 22.8940010070801 23.1576671600342 23.5229988098145 23.8390007019043 -3.4e+38 -3.4e+38 -3.4e+38 -3.4e+38 -3.4e+38 -3.4e+38 -3.4e+38 -3.4e+38 -3.4e+38 -3.4e+38 -3.4e+38 -3.4e+38 -3.4e+38 -3.4e+38 -3.4e+38
20.279167175293 19.6896667480469 19.7936668395996 21.7526664733887 19.3403339385986 18.8369998931885 19.5796661376953 19.2103328704834 18.1056671142578 20.4656658172607 21.5603332519531 19.8351669311523 20.5065002441406 22.4340000152588 21.1459999084473 21.2220001220703 22.4794998168945 20.7031669616699 21.6208324432373 22.365665435791 21.2884998321533 21.1789989471436 22.6665000915527 21.9045009613037 21.5658340454102 21.5493335723877 22.3443336486816 22.4253330230713 22.5531673431396 23.0136661529541 23.1685009002686 23.0634994506836 23.3050003051758 23.5574989318848 23.7898330688477 24.0511665344238 -3.4e+38 -3.4e+38 -3.4e+38 -3.4e+38 -3.4e+38 -3.4e+38 -3.4e+38 -3.4e+38 -3.4e+38 -3.4e+38 -3.4e+38 -3.4e+38 -3.4e+38
22.029167175293 20.2565002441406 21.0629997253418 21.4908332824707 19.2588329315186 19.3723335266113 20.7954998016357 20.5396671295166 19.8256664276123 21.09983253479 22.0481662750244 20.3691673278809 20.8120002746582 22.4916667938232 22.5995006561279 22.1245002746582 23.3071670532227 21.9179992675781 21.7376670837402 23.0149993896484 23.1876678466797 22.0114994049072 22.5944995880127 23.0488338470459 22.718334197998 22.2433338165283 22.6971664428711 22.6753330230713 22.8381671905518 23.2779998779297 23.4685001373291 23.3468322753906 23.5463333129883 23.6588325500488 23.7434997558594 23.908166885376 24.1424999237061 24.3810005187988 24.5238342285156 -3.4e+38 -3.4e+38 -3.4e+38 -3.4e+38 -3.4e+38 -3.4e+38 -3.4e+38 -3.4e+38 -3.4e+38 -3.4e+38
22.3326663970947 21.1356658935547 22.943000793457 21.4324989318848 20.8278331756592 19.6333332061768 21.4766674041748 21.1480007171631 20.0016670227051 21.8806667327881 22.166332244873 20.6451663970947 22.2868328094482 23.3523330688477 22.0818328857422 21.7083339691162 23.521167755127 22.3093338012695 21.5423336029053 22.2674999237061 23.6350002288818 22.9314994812012 22.454833984375 23.2621669769287 23.3495006561279 22.5786666870117 22.6070003509521 23.1278324127197 23.2921676635742 23.5949993133545 23.7840003967285 23.7688331604004 23.7805004119873 24.0218334197998 24.0443344116211 24.0160007476807 24.1401672363281 24.3600006103516 24.5786666870117 24.7101669311523 24.7643337249756 24.8151664733887 -3.4e+38 -3.4e+38 -3.4e+38 -3.4e+38 -3.4e+38 -3.4e+38 -3.4e+38
22.9678325653076 22.05299949646 22.594165802002 21.6808338165283 22.0224990844727 21.5358333587646 22.6240005493164 21.3740005493164 21.8439998626709 22.5368347167969 23.2678337097168 22.3309993743896 22.8026657104492 23.5598335266113 22.1789989471436 21.9088325500488 23.36549949646 22.9348335266113 22.0726661682129 22.2748336791992 23.3336658477783 23.9893341064453 23.4769992828369 22.970666885376 23.6735000610352 23.4146671295166 22.8530006408691 22.9618339538574 23.4405002593994 23.861499786377 24.0979995727539 24.1049995422363 24.1415004730225 24.3396663665771 24.4586658477783 24.218334197998 24.2495002746582 24.3503322601318 24.521333694458 24.7213325500488 24.8449993133545 24.9561672210693 25.031665802002 25.0919990539551 25.1391677856445 -3.4e+38 -3.4e+38 -3.4e+38 -3.4e+38
22.167667388916 23.0971660614014 22.8588333129883 21.5196666717529 22.2565002441406 21.908166885376 22.191499710083 22.4686660766602 23.445333480835 22.5795001983643 24.0139999389648 23.3015003204346 23.8996677398682 22.8093338012695 22.3365001678467 22.2189998626709 23.0141658782959 23.7220001220703 22.9004993438721 22.6363334655762 23.3328323364258 24.2338333129883 24.3063335418701 23.4926662445068 23.5485000610352 23.9878330230713 23.4309997558594 23.0178337097168 23.3646659851074 23.6660003662109 23.9426670074463 24.2356662750244 24.5181674957275 24.6743335723877 24.7178344726562 24.4593334197998 24.3918323516846 24.4669990539551 24.566333770752 24.7145004272461 24.859167098999 25.0316677093506 25.1843338012695 25.2586669921875 25.2796669006348 25.2948341369629 25.3524990081787 25.4406661987305 -3.4e+38
21.9623336791992 23.9899997711182 21.9109992980957 21.4556674957275 22.4759998321533 22.8178329467773 23.367166519165 23.8075008392334 23.2849998474121 22.1083335876465 23.3613338470459 24.08766746521 24.0808334350586 23.2075004577637 22.8636665344238 22.4551658630371 22.5843334197998 24.0848331451416 23.6363334655762 23.3680000305176 23.5205001831055 24.1184997558594 24.7278327941895 24.3193321228027 23.6421661376953 24.0953330993652 24.3020000457764 23.7321662902832 23.3648338317871 23.7480010986328 24.1111660003662 24.1766662597656 24.4048328399658 24.7261657714844 24.9483337402344 24.8643341064453 24.6933326721191 24.7063331604004 24.7758331298828 24.8603324890137 24.9633331298828 25.1024990081787 25.2601661682129 25.3686656951904 25.4641666412354 25.5154991149902 25.5756664276123 25.6110000610352 25.6901664733887
23.667667388916 23.1406669616699 21.7714996337891 21.7188339233398 23.257999420166 22.5623340606689 23.2829990386963 24.2038345336914 23.0108337402344 23.0441665649414 23.5923328399658 24.3468341827393 24.4895000457764 23.5518341064453 23.191499710083 22.6003341674805 23.2059993743896 23.7828330993652 24.343334197998 24.0011672973633 23.4720001220703 23.7221660614014 24.8444995880127 24.7571678161621 24.2018337249756 24.1246662139893 24.6180000305176 24.5288333892822 23.7751655578613 23.6720008850098 24.1671676635742 24.4223327636719 24.2164993286133 24.4806671142578 24.7891674041748 25.1806678771973 25.1553344726562 25.1306667327881 25.1056671142578 25.1585006713867 25.1865005493164 25.2854995727539 25.3775005340576 25.4858322143555 25.570499420166 25.6556663513184 25.7813339233398 25.8419990539551 25.886999130249
23.0268325805664 24.5926666259766 23.9391670227051 22.5319995880127 23.4283332824707 22.6014995574951 23.0531673431396 23.4314994812012 22.6310005187988 23.5658340454102 23.6459999084473 24.3318328857422 24.6853332519531 23.8921661376953 23.2153339385986 22.7075004577637 23.7501659393311 24.3186664581299 24.675666809082 24.5306663513184 23.6679992675781 23.1193332672119 24.3876667022705 25.3608322143555 24.8148326873779 24.6056671142578 24.8116664886475 25.0685005187988 24.5446662902832 23.9268341064453 24.2643337249756 24.4791679382324 24.2525005340576 24.4893341064453 24.8001670837402 25.0930004119873 25.3784999847412 25.5036659240723 25.4393329620361 25.4726676940918 25.4798336029053 25.511833190918 25.5461654663086 25.6134986877441 25.7198333740234 25.7963333129883 25.9088325500488 26.0281658172607 26.0701675415039
22.1469993591309 23.0599994659424 22.9036674499512 24.4855003356934 23.892333984375 22.5821666717529 23.7770004272461 23.0149993896484 22.8380012512207 23.9004993438721 24.2303333282471 24.8024997711182 24.695499420166 23.9581661224365 23.423999786377 23.1088333129883 23.5503330230713 25.029333114624 25.2466659545898 24.9331665039062 23.654333114624 23.6798324584961 24.1001663208008 25.4446678161621 25.5301666259766 25.3491668701172 25.1818332672119 25.4575004577637 25.3886680603027 24.6145000457764 24.675500869751 24.3823337554932 24.4685001373291 24.3886661529541 24.6464996337891 24.8953323364258 25.0638332366943 25.4158325195312 25.6586666107178 25.7241668701172 25.7296676635742 25.7504997253418 25.7104988098145 25.7368335723877 25.8208332061768 25.9598331451416 26.0184993743896 26.0841674804688 26.167667388916
22.0470008850098 22.9086666107178 22.4473342895508 23.5718326568604 23.888334274292 22.9346675872803 23.7741661071777 23.4308338165283 23.4321670532227 24.1406669616699 24.8838329315186 25.0804996490479 24.8603343963623 23.63450050354 23.720832824707 23.7946662902832 24.0716667175293 25.0776672363281 25.908332824707 25.3190002441406 24.1333332061768 24.1281661987305 24.3178329467773 24.8505001068115 25.8753337860107 25.7950000762939 25.7366676330566 25.6639995574951 25.8133335113525 25.6936664581299 25.0696678161621 24.8383331298828 24.761833190918 24.3350009918213 24.4563331604004 24.7525005340576 25.0085010528564 25.1925010681152 25.4018325805664 25.7436676025391 25.9459991455078 25.9523334503174 25.8386669158936 25.8064994812012 25.9349994659424 26.1438331604004 26.2063331604004 26.200834274292 26.1311664581299
24.3413333892822 23.9223327636719 24.2398338317871 24.1921653747559 24.7695007324219 22.9658336639404 23.0266666412354 24.1648330688477 24.1030006408691 24.5421676635742 25.4184989929199 25.2821655273438 24.5160007476807 23.9825000762939 24.3943328857422 24.5298328399658 24.5445003509521 25.4728336334229 26.4716663360596 25.6653327941895 24.6958332061768 24.6276664733887 25.0326671600342 24.8956661224365 25.5108337402344 26.1068325042725 26.2845001220703 26.1674995422363 25.8560009002686 26.0833339691162 25.7970008850098 25.6156673431396 24.7123336791992 24.4943332672119 24.5318336486816 24.7290000915527 24.9624996185303 25.2175006866455 25.3876667022705 25.6116676330566 25.9386672973633 26.1105003356934 25.9566669464111 25.923999786377 26.0429992675781 26.2316665649414 26.3593330383301 26.3836669921875 26.2919998168945
21.6108322143555 22.3579998016357 22.2835006713867 22.7038345336914 24.9529991149902 23.1611671447754 22.7536678314209 23.5641670227051 24.8121662139893 24.9479999542236 25.7738342285156 25.4561672210693 25.2051658630371 24.8055000305176 24.8586673736572 25.0661659240723 25.0074996948242 25.2983341217041 26.5933322906494 25.9186668395996 25.2931671142578 25.1253337860107 25.4915008544922 25.1613330841064 25.3125 25.9619998931885 26.4955005645752 26.5541667938232 26.2800006866455 26.0511665344238 26.2360000610352 26.005500793457 25.6638336181641 25.0646667480469 24.771333694458 24.8645000457764 25.0520000457764 25.1949996948242 25.4026679992676 25.6718330383301 25.9220008850098 26.1436653137207 26.162166595459 26.1388339996338 26.2176666259766 26.3050003051758 26.4191665649414 26.5181655883789 26.4710006713867
21.6140003204346 22.5143337249756 23.0296669006348 23.3246669769287 25.4798336029053 23.7376670837402 23.1124992370605 23.4645004272461 24.3726673126221 25.5463333129883 26.0596656799316 25.8756675720215 25.412166595459 25.0851669311523 25.1618328094482 25.3800010681152 25.6439990997314 25.632833480835 26.6498336791992 26.1893329620361 25.7150001525879 25.6713333129883 25.7393341064453 25.4610004425049 25.2993335723877 25.6703338623047 26.1843338012695 26.6539993286133 26.5865001678467 26.3396663665771 26.1671676635742 26.3208332061768 26.2343330383301 25.9356651306152 25.3961658477783 25.2080001831055 25.1383323669434 25.4383335113525 25.5659999847412 25.6891670227051 25.9099998474121 26.1396675109863 26.2565002441406 26.3008327484131 26.3368339538574 26.3593330383301 26.4524993896484 26.5708332061768 26.6433334350586
21.6398334503174 22.0436668395996 23.1346664428711 24.1630001068115 24.6431655883789 24.2369995117188 23.6614990234375 23.5165004730225 23.7425003051758 25.1380004882812 26.8946666717529 25.8916664123535 25.1441669464111 25.4851665496826 25.5116672515869 25.8863334655762 26.0030002593994 25.783166885376 26.7036666870117 26.4785003662109 25.7843322753906 25.8261661529541 25.5348339080811 25.4285011291504 25.4048328399658 25.3445014953613 25.80299949646 26.1886672973633 27.1938323974609 26.6245002746582 26.2363338470459 26.4831657409668 26.861665725708 26.7534980773926 26.329833984375 25.667667388916 25.6805000305176 25.0438327789307 25.4521675109863 25.6198329925537 25.7991676330566 26.0139999389648 26.1905002593994 26.3596668243408 26.4733333587646 26.4321670532227 26.4703330993652 26.553165435791 26.6370010375977
22.3819999694824 22.6486663818359 22.9391670227051 23.3641662597656 23.5446662902832 25.4075012207031 24.3368339538574 24.1259994506836 24.3379993438721 25.191499710083 27.0604991912842 26.1203346252441 25.3361663818359 25.890998840332 25.7211666107178 26.1263332366943 26.7623329162598 26.0251655578613 27.1431655883789 27.0688323974609 25.9241676330566 25.8351669311523 25.6098327636719 25.5688323974609 25.3740005493164 25.0671653747559 25.5773334503174 26.4386672973633 26.6849994659424 27.2215003967285 26.9370002746582 26.5816669464111 26.8974990844727 26.9165000915527 26.5469989776611 26.1981658935547 25.8486671447754 25.541166305542 25.5384998321533 25.5216674804688 25.609167098999 25.7374992370605 26.0370006561279 26.316499710083 26.4899997711182 26.5286674499512 26.5650005340576 26.5839996337891 26.6213321685791
22.7688331604004 22.9346675872803 23.1923332214355 22.8003330230713 23.441499710083 25.3194999694824 25.5008335113525 24.7478332519531 24.8066654205322 26.0468330383301 27.1201667785645 26.5659999847412 26.4915008544922 26.576000213623 26.607666015625 27.0901660919189 26.9193344116211 26.8624992370605 27.4061660766602 27.3186664581299 27.1126670837402 26.5478343963623 25.8285007476807 26.2408332824707 25.9711666107178 25.6089992523193 25.9441661834717 26.3906669616699 26.6176662445068 26.9376678466797 27.3281669616699 27.2186660766602 26.966833114624 26.4818325042725 26.1525001525879 25.7838325500488 25.666332244873 25.7458343505859 25.6940002441406 25.5696659088135 25.4771671295166 25.6433334350586 25.917667388916 26.1136665344238 26.2600002288818 26.390832901001 26.4061660766602 26.4669990539551 26.6000003814697
23.4449996948242 23.5646667480469 23.9409999847412 23.1976661682129 23.8684997558594 24.583833694458 25.795166015625 26.019832611084 25.9458332061768 26.5208339691162 27.0685005187988 26.7173328399658 27.079833984375 26.908332824707 27.1516666412354 27.4695014953613 27.2853317260742 27.3419990539551 27.5051670074463 27.2726669311523 27.2981662750244 26.7583332061768 26.5014991760254 26.3253345489502 26.0494995117188 25.6656665802002 25.615665435791 26.0323333740234 26.212833404541 26.8541660308838 27.3145008087158 27.2986679077148 26.6173324584961 26.0783348083496 25.6490001678467 25.4001655578613 25.216667175293 25.2840003967285 25.6518325805664 25.7611675262451 25.6961669921875 25.7346668243408 25.9034996032715 26.0520000457764 26.1198329925537 26.138500213623 26.2363338470459 26.3666667938232 26.542667388916
