rasterData/Ethiopia_bio8.asc
NCOLS 180 
NROWS 138 
XLLCORNER 32.989799842 
YLLCORNER 3.405012842 
CELLSIZE 0.0832742739222222 
NODATA_value -3.4e+38 
[rows 66 to 87 of 138, columns 49 to 97 of 180]
15.4676666259766 16.0033340454102 15.9836673736572 15.9871664047241 16.5226669311523 17.2328338623047 19.9950008392334 20.2933330535889 19.0226669311523 17.2971668243408 16.3573341369629 14.860333442688 16.2848339080811 15.1761665344238 14.1886672973633 13.5539999008179 13.7348337173462 14.1731662750244 15.0144996643066 14.2273330688477 13.7918329238892 13.4361667633057 13.7028331756592 14.0249996185303 14.0736665725708 14.1371669769287 14.0260000228882 14.5469999313354 14.2841663360596 13.8941669464111 17.4926662445068 21.0313339233398 21.958667755127 23.8463325500488 25.8341674804688 26.8950004577637 26.7321662902832 27.1553344726562 27.2980003356934 27.0476665496826 26.7113342285156 25.7059993743896 24.8343334197998 24.6995010375977 24.1826667785645 24.1608333587646 24.0551662445068 20.8913326263428 20.8266658782959
14.4876661300659 15.798999786377 16.1031665802002 16.4361667633057 18.3781661987305 19.2923336029053 19.2598342895508 19.8381671905518 19.0348339080811 18.3588333129883 16.1223335266113 13.9091663360596 13.7191667556763 14.0931663513184 13.5993337631226 13.4983329772949 12.3964996337891 12.9479999542236 13.7761659622192 13.9528331756592 13.2316665649414 11.9536666870117 13.3461666107178 13.4191665649414 13.4806671142578 13.9365005493164 15.0914993286133 16.3668327331543 13.9383335113525 12.94700050354 17.6028327941895 21.2058334350586 23.0900001525879 24.5248336791992 26.0353336334229 26.8701667785645 26.9106674194336 27.2740001678467 27.2000007629395 26.8673343658447 26.1775016784668 23.2455005645752 22.3474998474121 23.4829998016357 23.7706680297852 23.5593338012695 21.7970008850098 20.0256671905518 17.9241676330566
16.7801666259766 15.5631666183472 15.2273330688477 15.8264999389648 16.5103340148926 17.1316661834717 17.6848335266113 18.9088325500488 18.4956665039062 17.8645000457764 15.2569999694824 12.5196666717529 12.3486671447754 13.2553329467773 13.3439998626709 13.5008335113525 12.9254999160767 12.4025001525879 13.3899993896484 13.9928331375122 13.5840005874634 12.5733337402344 13.0476665496826 13.2351665496826 14.0920000076294 15.5410003662109 17.0053329467773 16.7024993896484 14.0943336486816 16.0643329620361 19.4288330078125 21.2508335113525 21.8668327331543 25.2051658630371 26.7224998474121 27.0026664733887 27.204833984375 27.2138347625732 27.0726661682129 26.6145000457764 24.9508323669434 23.0973339080811 22.4556674957275 22.8573341369629 22.945333480835 21.6566677093506 20.2108325958252 18.3838329315186 17.7950000762939
18.3915004730225 17.3571662902832 14.1896667480469 13.3735008239746 13.6511669158936 15.2973337173462 16.1278324127197 18.1478328704834 17.0541667938232 16.8533344268799 13.3241672515869 12.623833656311 12.5340003967285 13.0769996643066 13.1976661682129 13.7891664505005 14.0795001983643 13.7115001678467 13.5066661834717 13.4645004272461 13.048999786377 13.8144998550415 14.8371667861938 15.0101671218872 15.2316665649414 16.7523345947266 17.7158336639404 18.1876659393311 17.0708332061768 19.5501670837402 21.7608337402344 22.9733333587646 24.5381660461426 25.8864994049072 27.0761661529541 27.3445014953613 27.2285003662109 27.113166809082 26.8771667480469 25.566333770752 24.1033325195312 23.6046676635742 22.8401660919189 21.6998329162598 20.9793338775635 20.3523330688477 18.4428329467773 17.3684997558594 18.2119998931885
19.1816673278809 18.5431671142578 17.5438327789307 16.6284999847412 15.3838329315186 16.945499420166 17.8990001678467 17.8269996643066 16.7755012512207 15.6136665344238 14.5913333892822 15.1088333129883 15.3500003814697 15.4833335876465 15.4293336868286 15.4718332290649 15.1584997177124 14.7903327941895 13.9248332977295 14.6196670532227 14.7736663818359 15.0629997253418 15.2741670608521 15.1933336257935 15.4026660919189 15.7089996337891 16.6005001068115 19.3081665039062 19.7311668395996 21.1741676330566 21.841667175293 23.8470001220703 25.109167098999 24.9331665039062 25.632833480835 26.3343334197998 26.7805004119873 26.8155002593994 26.4098339080811 25.4689998626709 24.0793342590332 22.8708324432373 21.6259994506836 19.537166595459 18.1083335876465 17.2696666717529 17.1700000762939 17.6351661682129 18.5634994506836
19.3584995269775 19.4171657562256 19.204833984375 18.4868335723877 16.7229995727539 16.0363330841064 14.9329996109009 16.5168342590332 17.513500213623 16.6973342895508 15.1879997253418 15.039999961853 16.0613327026367 16.5856666564941 16.6198329925537 16.5731658935547 16.0748329162598 14.792667388916 13.9365005493164 15.7063331604004 16.1485004425049 15.8863334655762 15.3555002212524 15.485333442688 15.9203329086304 16.1781673431396 16.5906658172607 18.2323322296143 19.7119998931885 20.261833190918 23.0188331604004 25.2084999084473 25.5943336486816 24.5255012512207 24.6096668243408 25.666166305542 26.0728340148926 25.5825004577637 25.2231674194336 24.2135009765625 22.1536674499512 19.8638324737549 18.7455005645752 18.0923328399658 17.3139991760254 16.5313339233398 17.8268337249756 19.5688323974609 18.6831665039062
18.7573337554932 19.6389999389648 19.4165000915527 18.9223327636719 17.8344993591309 16.1971664428711 14.7733335494995 16.0065002441406 15.3813333511353 13.8888330459595 13.2720003128052 13.1591663360596 15.6688327789307 16.7108345031738 16.7196674346924 16.6634998321533 16.576000213623 16.4553337097168 16.1353340148926 15.8913335800171 16.3584995269775 16.0733337402344 15.7609996795654 16.5543327331543 16.607666015625 16.3571662902832 16.492000579834 18.2194995880127 19.5271663665771 21.0594997406006 23.3199996948242 23.670166015625 25.1306667327881 25.8491668701172 25.9168338775635 25.7719993591309 25.3021659851074 24.7268333435059 23.5258331298828 21.8815002441406 20.0151672363281 18.0896663665771 18.8681659698486 19.7468338012695 19.3286666870117 18.4834995269775 18.2465000152588 20.8446655273438 21.2888336181641
18.8511657714844 19.5261669158936 19.0319995880127 18.0503330230713 15.5148334503174 15.4088335037231 15.1240005493164 14.5901670455933 13.8288335800171 12.1231670379639 12.5845003128052 13.599666595459 15.9331665039062 16.5769996643066 16.5851669311523 16.4683322906494 16.3279991149902 16.3836669921875 16.1868324279785 16.2581672668457 16.208833694458 16.6464996337891 17.1424999237061 17.3596668243408 16.9686660766602 16.4638328552246 16.791166305542 18.2961673736572 20.3881664276123 22.50950050354 23.2756671905518 22.707332611084 24.7276668548584 25.6119995117188 25.4710006713867 25.0288333892822 23.7858333587646 22.7024993896484 21.0394992828369 20.3834991455078 19.7196655273438 19.9293327331543 19.5928325653076 19.5914993286133 19.0454998016357 20.1041679382324 20.7299995422363 21.1718330383301 22.3703327178955
19.4139995574951 19.4346656799316 18.3793334960938 17.1616668701172 16.1208343505859 15.3795003890991 14.4163331985474 13.8428335189819 14.7790002822876 14.3348331451416 14.4364995956421 14.1258335113525 15.673999786377 16.2371673583984 16.3641662597656 16.2526664733887 16.2563343048096 16.3158321380615 16.2841663360596 16.4433326721191 16.9465007781982 16.94700050354 16.5345001220703 17.2521667480469 17.1294994354248 16.5716667175293 17.4519996643066 19.7488327026367 21.2379989624023 22.7313327789307 22.966833114624 23.2438335418701 24.2523326873779 24.424165725708 23.824333190918 23.7486667633057 22.3854999542236 20.3940010070801 18.6146659851074 19.3268337249756 20.4278335571289 20.2778339385986 19.6884994506836 19.7250003814697 20.6973342895508 20.9768333435059 21.1000003814697 21.7151660919189 22.1499996185303
19.4330005645752 19.753999710083 19.2216663360596 18.4266662597656 17.7674999237061 17.1445007324219 16.9491672515869 17.1908340454102 17.0611667633057 16.5284996032715 16.2724990844727 15.4518327713013 15.2731666564941 15.8026666641235 15.9866666793823 15.9020004272461 15.5541667938232 15.554500579834 16.1958332061768 16.7013339996338 17.2063331604004 17.1283340454102 17.1475009918213 17.045166015625 17.511833190918 17.0683326721191 18.1639995574951 20.4160003662109 20.3291664123535 21.6333332061768 23.025333404541 23.5895004272461 23.7416667938232 23.1563339233398 22.8535003662109 21.4348335266113 19.3933334350586 17.6276664733887 16.6918334960938 20.7264995574951 21.0816669464111 21.2086658477783 20.800666809082 20.4424991607666 20.5375003814697 21.0869998931885 21.8523330688477 20.7936668395996 20.8256664276123
19.7981662750244 19.4476661682129 19.4099998474121 19.4056663513184 18.9356670379639 18.7078342437744 18.6100006103516 18.4196662902832 18.083833694458 17.2924995422363 16.8098335266113 15.6680002212524 14.458833694458 15.3576669692993 15.3816661834717 14.2408332824707 13.1725006103516 14.4753332138062 15.6021661758423 16.6486663818359 16.8990001678467 16.2193336486816 17.9459991455078 17.9776668548584 17.8841667175293 18.1026668548584 19.4195003509521 20.3295001983643 19.0603332519531 21.4218330383301 23.0756664276123 22.7344989776611 21.9685001373291 21.841833114624 21.0520000457764 19.5848331451416 16.6984996795654 16.603666305542 19.8248329162598 20.724666595459 20.8261661529541 21.1136665344238 22.1935005187988 21.1574993133545 20.6648330688477 20.8428325653076 21.8159999847412 22.4148330688477 21.6883335113525
19.9531669616699 18.6205005645752 18.2215003967285 20.1630001068115 19.8981666564941 19.8106670379639 19.3435001373291 19.1178340911865 18.7368335723877 18.0576667785645 17.4316673278809 16.6388339996338 15.7451667785645 15.2328338623047 14.4145002365112 12.4525003433228 12.0550003051758 13.6838331222534 15.1766662597656 16.6595001220703 17.3994998931885 17.5228328704834 18.4060001373291 18.5408325195312 18.7236671447754 19.2818336486816 19.2946662902832 20.2584991455078 21.1981658935547 21.7798328399658 21.5446662902832 20.1521663665771 20.1560001373291 19.5944995880127 18.8448333740234 16.2323341369629 15.9446668624878 19.232666015625 21.3028335571289 21.2030010223389 21.4313335418701 21.1653327941895 22.2371673583984 22.8918323516846 21.7399997711182 21.1133327484131 21.5226669311523 22.6646671295166 23.2224998474121
19.9389991760254 18.3478336334229 17.1921672821045 20.2999992370605 20.4861679077148 20.1805000305176 19.8334999084473 19.4985008239746 18.9379997253418 18.363166809082 17.716667175293 17.2234992980957 16.1550006866455 14.6551666259766 12.679666519165 11.0706672668457 12.5236663818359 15.0209999084473 15.5830001831055 16.9498329162598 17.7299995422363 18.1831665039062 18.5846672058105 18.7239990234375 18.4433326721191 18.8700008392334 19.533166885376 20.32200050354 20.5156669616699 19.8209991455078 18.4248332977295 17.7923336029053 17.5949993133545 16.6208324432373 14.9130001068115 15.2639999389648 19.343334197998 21.5326671600342 21.7641658782959 21.6628341674805 21.7229995727539 21.2824993133545 21.2151660919189 22.6811676025391 23.3871669769287 21.992000579834 22.1176662445068 21.8951663970947 22.1268329620361
19.6106662750244 17.3146667480469 17.9258327484131 20.1341667175293 20.6149997711182 20.6388339996338 20.0428333282471 19.3588333129883 18.6838340759277 18.2913341522217 17.9371662139893 16.8128337860107 14.9885005950928 13.2174997329712 11.8064994812012 11.4796667098999 14.3296670913696 16.5265007019043 16.0103340148926 17.6030006408691 17.8791675567627 18.0520000457764 18.2054996490479 17.8904991149902 18.4860000610352 18.4033336639404 18.7231674194336 19.2851657867432 18.6119995117188 17.2511672973633 16.4858341217041 15.91100025177 15.1766672134399 14.4444999694824 13.2433338165283 18.7811660766602 21.4146671295166 22.103666305542 22.5335006713867 22.3484992980957 21.8524990081787 21.8299999237061 21.7436676025391 22.0408325195312 23.5774993896484 24.1831665039062 23.8943328857422 21.9405002593994 21.316333770752
19.1490001678467 17.0858325958252 18.0249996185303 20.0599994659424 20.2003326416016 20.849666595459 20.7665004730225 19.2789993286133 18.4969997406006 18.0655002593994 17.3903331756592 15.738166809082 14.0671663284302 11.5086669921875 11.1339998245239 14.4868335723877 16.7296657562256 17.1281661987305 17.2873344421387 17.9965000152588 18.253999710083 18.2054996490479 17.5364990234375 17.5731658935547 17.0508327484131 17.207332611084 17.5831661224365 18.2325000762939 16.988000869751 16.5103340148926 16.2264995574951 15.7613334655762 15.5988330841064 15.6451663970947 12.0216665267944 18.9314994812012 21.6919994354248 22.474666595459 22.9188327789307 22.8264999389648 22.1518325805664 22.2674999237061 21.9734992980957 22.4243335723877 23.4073333740234 22.4183330535889 23.3584995269775 24.5141658782959 22.3120002746582
18.5056667327881 17.8320007324219 17.6123332977295 19.8428325653076 19.1871662139893 19.5634994506836 20.4606666564941 18.878999710083 18.3924999237061 17.7318344116211 16.8098335266113 15.1246662139893 12.3736667633057 10.675666809082 13.7524995803833 16.61549949646 17.566333770752 17.621000289917 17.3893337249756 18.3339996337891 18.6398334503174 18.6781673431396 18.4265003204346 17.6984996795654 16.6485004425049 15.9901666641235 16.4293327331543 16.6146659851074 15.9016666412354 15.7889995574951 16.1941661834717 16.2081661224365 16.9551658630371 16.7398338317871 15.2518329620361 17.7671661376953 20.3854999542236 21.328332901001 22.7059993743896 23.2316665649414 22.2490005493164 21.9953327178955 22.5613327026367 22.6443328857422 22.5388336181641 21.5913333892822 22.0671653747559 23.4261665344238 24.4023342132568
18.2221660614014 18.2876663208008 17.6878337860107 19.5240001678467 18.6343326568604 18.4086666107178 20.4878330230713 18.9885005950928 17.9804992675781 17.1546669006348 15.7616662979126 13.6578330993652 12.0906667709351 11.0819997787476 14.1706666946411 17.3951663970947 17.9406661987305 17.7188339233398 18.2670001983643 18.8623332977295 18.9563331604004 18.8024997711182 18.738000869751 18.3216667175293 16.9241676330566 15.3464994430542 14.9210004806519 14.3970003128052 12.6604995727539 14.4913330078125 16.2333335876465 16.3689994812012 16.7416667938232 17.3391666412354 18.3658332824707 21.0236663818359 21.8138332366943 22.7936668395996 22.3366661071777 23.0448341369629 22.6665000915527 21.9703330993652 20.9546661376953 21.1830005645752 20.6881675720215 20.2821674346924 21.7098331451416 23.5713329315186 23.5408325195312
16.7453327178955 18.2696666717529 18.1336669921875 18.9886665344238 18.4034996032715 17.521167755127 20.9808330535889 19.3850002288818 17.6866664886475 16.1405010223389 13.8111667633057 12.8994998931885 13.0254993438721 13.4248332977295 15.9091663360596 18.1096668243408 17.5978336334229 17.7700004577637 18.3715000152588 19.2133331298828 19.066333770752 18.8428325653076 18.5979995727539 17.8374996185303 14.875 11.5273332595825 10.2864999771118 10.0865001678467 9.31483364105225 14.3383331298828 16.1603336334229 16.2606658935547 17.1101665496826 17.5271663665771 17.7258338928223 19.7600002288818 21.6031665802002 22.3033332824707 21.9073333740234 22.4820003509521 23.2203330993652 21.8208332061768 19.1550006866455 21.6751670837402 23.7520008087158 23.1983337402344 23.3733329772949 22.5306663513184 20.845666885376
17.4601669311523 18.1420001983643 19.193000793457 18.9501667022705 17.4355010986328 16.9734992980957 20.6016674041748 19.332332611084 17.5450000762939 15.6704998016357 12.4348335266113 13.7630004882812 14.970666885376 16.6049995422363 17.0071678161621 17.7910003662109 17.3579998016357 18.1094989776611 19.0728340148926 19.2643337249756 19.0849990844727 18.6940002441406 17.6229991912842 15.7373332977295 13.3138332366943 10.331166267395 10.0133333206177 7.82216644287109 9.61266708374023 14.9011669158936 15.948166847229 15.9803333282471 16.0825004577637 17.1393337249756 17.5475006103516 19.3528327941895 21.4834995269775 22.38450050354 22.7148342132568 22.8566665649414 23.0891666412354 23.0384998321533 23.6646671295166 24.0473327636719 22.8171672821045 21.9823341369629 21.105167388916 20.5886669158936 21.0211658477783
18.5214996337891 19.2111663818359 19.5748329162598 18.9411659240723 16.63450050354 19.1100006103516 20.1564998626709 18.4554996490479 16.9386672973633 14.9444999694824 13.4975004196167 16.2111663818359 16.9834995269775 17.0494995117188 17.6128330230713 18.0298328399658 18.3813343048096 19.1338329315186 19.3026657104492 18.8999996185303 17.1604995727539 17.8880004882812 15.4861660003662 14.1264991760254 13.3620004653931 12.5983333587646 11.8520002365112 9.04416656494141 11.5598335266113 16.2316665649414 16.5871658325195 15.8176670074463 15.783166885376 15.7081670761108 15.5755004882812 16.0088329315186 17.1604995727539 21.0181674957275 21.6504993438721 21.7536659240723 23.0049991607666 23.2875003814697 23.4111671447754 23.132833480835 22.6466674804688 21.5228328704834 21.2730007171631 21.3190002441406 21.7451667785645
19.2521667480469 19.232666015625 19.121000289917 18.8328342437744 18.5144996643066 20.3563327789307 19.7345008850098 17.9521675109863 15.539999961853 14.2886667251587 15.7236671447754 17.1803340911865 17.3108329772949 17.9833335876465 18.138500213623 18.5949993133545 19.5319995880127 19.9001655578613 19.855167388916 19.7443332672119 19.2105007171631 17.1438331604004 13.3599996566772 13.1169996261597 13.5725002288818 13.5981664657593 12.4713335037231 9.63133335113525 13.2251663208008 17.4698333740234 18.871166229248 17.003833770752 15.9945001602173 16.5398330688477 15.3926668167114 15.1751670837402 16.2770004272461 17.8129997253418 20.7864990234375 22.488000869751 22.1275005340576 21.7194995880127 22.1908340454102 21.1760005950928 21.6521663665771 21.0769996643066 21.7693328857422 22.0761661529541 22.1921672821045
18.8173332214355 18.5634994506836 17.9155006408691 18.4036674499512 20.683500289917 20.7000007629395 19.1491661071777 17.6714992523193 15.2438335418701 15.5091667175293 15.6303339004517 17.3541660308838 17.5989990234375 18.3431663513184 18.4606666564941 19.1166667938232 19.9558334350586 19.9348335266113 20.0195007324219 19.8466663360596 19.6281661987305 16.5499992370605 12.2296667098999 12.6566667556763 13.5340003967285 13.6286668777466 11.6156663894653 9.78816699981689 14.0389995574951 15.9741668701172 18.199499130249 19.6833343505859 16.9785003662109 16.6520004272461 16.9969997406006 16.1358337402344 17.0260009765625 19.5279998779297 20.8103332519531 22.5006675720215 22.8911666870117 22.7338333129883 21.5033340454102 18.7001667022705 20.0908336639404 21.3263339996338 22.093334197998 22.6123332977295 22.9091663360596
