rasterData/Ethiopia_bio12.asc
NCOLS 180 
NROWS 138 
XLLCORNER 32.989799842 
YLLCORNER 3.405012842 
CELLSIZE 0.0832742739222222 
NODATA_value -3.4e+38 
[rows 70 to 104 of 138, columns 0 to 79 of 180]
-3.4e+38 -3.4e+38 -3.4e+38 -3.4e+38 -3.4e+38 -3.4e+38 -3.4e+38 -3.4e+38 -3.4e+38 -3.4e+38 -3.4e+38 -3.4e+38 -3.4e+38 1049 1083 1097 1116 1160 1275 1285 1284 1323 1393 1506 1496 1538 1555 1588 1627 1609 1668 1743 1723 1823 1836 1730 1552 1485 1502 1554 1743 1943 1859 1760 1621 1509 1457 1353 1291 1269 1303 1348 1365 1383 1218 1116 1079 1082 1095 1129 1060 1008 962 943 926 960 1018 1116 1101 1129 1074 1060 1073 1053 1027 999 855 843 797 780
-3.4e+38 -3.4e+38 -3.4e+38 -3.4e+38 -3.4e+38 -3.4e+38 -3.4e+38 -3.4e+38 -3.4e+38 -3.4e+38 -3.4e+38 -3.4e+38 -3.4e+38 945 925 957 1039 1172 1305 1343 1340 1399 1442 1429 1455 1501 1522 1564 1621 1609 1678 1760 1767 1816 1778 1655 1586 1529 1526 1551 1750 1930 1813 1634 1484 1403 1409 1421 1330 1286 1253 1238 1252 1315 1301 1300 1149 1036 1034 1082 1065 948 871 817 789 853 1018 1117 1010 1001 1019 1059 1044 1025 1012 986 905 843 836 740
-3.4e+38 -3.4e+38 -3.4e+38 -3.4e+38 -3.4e+38 -3.4e+38 -3.4e+38 -3.4e+38 -3.4e+38 -3.4e+38 -3.4e+38 -3.4e+38 -3.4e+38 877 898 932 987 1066 1193 1325 1499 1603 1458 1372 1399 1453 1490 1531 1588 1590 1660 1764 1803 1852 1757 1665 1644 1618 1603 1610 1626 1887 1805 1680 1522 1442 1458 1506 1482 1380 1283 1256 1253 1271 1290 1314 1190 1163 1209 1206 1198 976 864 802 770 791 832 910 960 921 992 1024 961 951 1002 1002 898 854 799 703
-3.4e+38 -3.4e+38 -3.4e+38 -3.4e+38 -3.4e+38 -3.4e+38 -3.4e+38 -3.4e+38 -3.4e+38 -3.4e+38 -3.4e+38 -3.4e+38 -3.4e+38 864 887 924 960 1014 1111 1305 1473 1430 1350 1346 1379 1422 1447 1518 1562 1586 1683 1753 1794 1827 1818 1767 1708 1738 1743 1854 1611 1853 1859 1826 1611 1468 1461 1490 1527 1421 1336 1325 1337 1384 1330 1297 1284 1286 1332 1261 1174 984 907 862 821 840 862 886 896 923 895 871 878 913 976 980 912 812 744 718
-3.4e+38 -3.4e+38 -3.4e+38 -3.4e+38 -3.4e+38 -3.4e+38 -3.4e+38 -3.4e+38 -3.4e+38 -3.4e+38 -3.4e+38 -3.4e+38 -3.4e+38 864 893 917 957 1043 1194 1401 1478 1385 1347 1348 1364 1364 1412 1509 1562 1626 1683 1720 1756 1836 1915 1895 1861 1801 1818 1846 1649 1731 1858 1815 1690 1533 1485 1516 1528 1418 1380 1396 1411 1390 1353 1344 1342 1250 1218 1167 1148 1018 957 918 883 879 884 891 895 884 878 921 878 900 969 932 823 779 719 725
-3.4e+38 -3.4e+38 -3.4e+38 -3.4e+38 -3.4e+38 -3.4e+38 -3.4e+38 -3.4e+38 -3.4e+38 -3.4e+38 -3.4e+38 -3.4e+38 -3.4e+38 865 889 926 967 1060 1213 1285 1362 1322 1335 1351 1351 1355 1436 1522 1589 1645 1698 1743 1782 1825 1887 1895 1895 1861 1812 1815 1673 1634 1640 1661 1642 1561 1544 1510 1539 1469 1402 1380 1368 1346 1309 1280 1224 1197 1170 1142 1102 1062 1007 965 947 965 974 936 910 888 877 886 887 875 913 878 788 818 762 714
-3.4e+38 -3.4e+38 -3.4e+38 -3.4e+38 -3.4e+38 -3.4e+38 -3.4e+38 -3.4e+38 -3.4e+38 -3.4e+38 -3.4e+38 -3.4e+38 -3.4e+38 870 898 936 978 1076 1213 1249 1353 1299 1306 1326 1303 1345 1392 1503 1594 1653 1697 1726 1743 1779 1834 1876 1875 1857 1826 1812 1765 1657 1627 1611 1601 1618 1666 1613 1575 1498 1456 1395 1355 1313 1274 1244 1208 1189 1187 1197 1149 1104 1042 1030 1066 1110 1055 986 949 929 937 844 848 857 857 813 786 863 780 728
-3.4e+38 -3.4e+38 -3.4e+38 -3.4e+38 -3.4e+38 842 847 850 -3.4e+38 -3.4e+38 -3.4e+38 -3.4e+38 866 885 909 943 975 1039 1143 1238 1264 1286 1309 1292 1324 1362 1403 1481 1508 1582 1609 1644 1719 1814 1805 1828 1830 1838 1830 1814 1799 1764 1737 1717 1629 1703 1740 1688 1614 1532 1506 1418 1339 1298 1254 1227 1196 1180 1183 1193 1192 1120 1070 1076 1151 1169 1086 1034 969 905 882 851 832 821 820 817 790 765 766 777
-3.4e+38 -3.4e+38 838 846 851 855 859 867 871 871 871 878 882 891 912 945 984 1025 1072 1162 1220 1269 1312 1276 1383 1433 1481 1537 1600 1637 1695 1727 1715 1711 1735 1784 1800 1821 1811 1809 1814 1790 1783 1786 1710 1744 1774 1720 1649 1583 1524 1406 1351 1285 1255 1224 1198 1187 1185 1189 1195 1156 1113 1160 1238 1144 1047 1032 959 896 875 832 815 837 821 803 782 802 847 932
-3.4e+38 -3.4e+38 849 854 862 867 874 881 888 892 893 902 895 902 920 956 989 1028 1071 1107 1151 1189 1292 1283 1410 1489 1551 1598 1645 1678 1727 1753 1794 1775 1821 1834 1820 1811 1764 1754 1771 1744 1729 1798 1774 1748 1782 1784 1692 1637 1486 1410 1379 1277 1225 1220 1209 1202 1189 1181 1187 1129 1162 1209 1229 1082 1081 1023 949 907 866 843 843 836 831 858 840 866 999 1108
-3.4e+38 -3.4e+38 859 866 869 877 887 895 908 914 914 914 916 919 927 957 994 1035 1081 1118 1136 1165 1216 1250 1337 1410 1527 1606 1660 1704 1750 1783 1799 1831 1837 1807 1784 1750 1714 1691 1695 1708 1687 1774 1827 1759 1822 1826 1734 1657 1449 1398 1386 1304 1212 1176 1198 1190 1178 1185 1138 1141 1239 1262 1109 1081 1058 1011 938 893 859 876 859 865 876 869 867 997 1103 1149
-3.4e+38 -3.4e+38 872 876 883 892 901 914 925 934 937 937 938 943 950 979 1019 1059 1099 1125 1149 1186 1257 1372 1489 1471 1496 1580 1687 1737 1787 1794 1816 1827 1792 1726 1723 1697 1657 1633 1684 1713 1800 1828 1813 1755 1874 1864 1716 1582 1449 1361 1368 1304 1257 1188 1186 1166 1161 1133 1098 1196 1263 1142 1068 1069 1019 988 933 879 845 826 828 873 907 928 985 1107 1146 1156
-3.4e+38 870 879 890 899 910 919 932 947 962 964 966 963 963 975 999 1030 1065 1101 1144 1170 1205 1314 1437 1583 1601 1546 1603 1667 1768 1800 1799 1823 1811 1755 1684 1682 1646 1607 1606 1740 1766 1789 1781 1777 1836 1822 1845 1649 1518 1436 1338 1357 1253 1193 1188 1160 1135 1097 1057 1120 1189 1228 1104 1042 1027 1000 965 917 852 823 806 807 837 986 1095 1150 1200 1176 1148
866 874 887 899 911 924 934 949 964 980 983 979 980 986 999 1019 1049 1079 1103 1140 1166 1215 1311 1533 1618 1637 1589 1660 1677 1729 1749 1787 1794 1773 1702 1641 1625 1609 1585 1626 1598 1605 1765 1771 1767 1723 1746 1737 1453 1391 1380 1316 1305 1222 1142 1161 1158 1075 1034 1123 1142 1116 1094 1017 1012 1001 975 921 865 823 806 799 809 995 1220 1251 1276 1291 1174 1136
873 880 893 906 918 933 947 961 977 987 991 995 999 1003 1022 1039 1059 1084 1106 1141 1176 1228 1373 1537 1631 1660 1624 1679 1714 1722 1745 1778 1788 1730 1666 1590 1587 1537 1532 1532 1438 1465 1710 1740 1728 1722 1616 1476 1400 1388 1346 1351 1276 1180 1133 1178 1136 1033 1017 1191 1088 1014 990 989 980 956 917 857 815 791 790 799 877 1127 1231 1253 1335 1277 1153 1132
-3.4e+38 -3.4e+38 -3.4e+38 912 926 943 955 972 984 994 999 1006 1011 1022 1037 1058 1076 1102 1126 1153 1188 1225 1353 1588 1675 1683 1649 1678 1715 1716 1737 1764 1774 1707 1631 1575 1527 1458 1426 1486 1526 1520 1560 1578 1608 1584 1424 1400 1470 1374 1366 1339 1253 1168 1192 1182 1095 996 1043 1121 966 980 974 968 946 902 839 801 785 825 793 853 985 1125 1156 1190 1281 1217 1061 1059
-3.4e+38 -3.4e+38 -3.4e+38 -3.4e+38 -3.4e+38 -3.4e+38 959 976 986 996 1007 1015 1025 1037 1054 1069 1096 1116 1148 1178 1205 1227 1298 1468 1566 1671 1664 1700 1719 1702 1740 1751 1754 1664 1590 1553 1498 1452 1466 1587 1515 1458 1329 1304 1408 1527 1455 1466 1440 1387 1331 1284 1240 1199 1203 1174 1093 1043 1077 1026 980 978 966 943 905 832 771 732 714 726 805 1025 1084 1073 1107 1140 1250 1152 945 888
-3.4e+38 -3.4e+38 -3.4e+38 -3.4e+38 -3.4e+38 -3.4e+38 -3.4e+38 -3.4e+38 -3.4e+38 1004 1010 1022 1035 1047 1061 1081 1111 1134 1166 1192 1229 1241 1277 1412 1500 1552 1662 1718 1743 1716 1709 1712 1695 1621 1593 1674 1704 1589 1641 1511 1308 1354 1303 1435 1526 1519 1486 1434 1408 1334 1292 1250 1235 1251 1217 1184 1116 1068 1030 1012 1000 981 964 928 885 796 735 690 669 684 851 1148 1098 1050 1072 1141 1223 1108 1058 926
-3.4e+38 -3.4e+38 -3.4e+38 -3.4e+38 -3.4e+38 -3.4e+38 -3.4e+38 -3.4e+38 -3.4e+38 -3.4e+38 -3.4e+38 1025 1039 1059 1076 1096 1115 1142 1159 1186 1238 1264 1287 1364 1448 1511 1583 1716 1740 1739 1665 1646 1659 1690 1763 1806 1787 1714 1756 1746 1706 1698 1518 1384 1425 1422 1426 1431 1398 1310 1287 1245 1236 1253 1231 1158 1139 1080 1052 1030 1025 988 973 934 876 791 746 693 665 686 863 1156 1115 1051 1059 1130 1149 1066 973 976
-3.4e+38 -3.4e+38 -3.4e+38 -3.4e+38 -3.4e+38 -3.4e+38 -3.4e+38 -3.4e+38 -3.4e+38 -3.4e+38 -3.4e+38 -3.4e+38 1047 1066 1085 1105 1124 1142 1160 1191 1230 1281 1316 1379 1419 1482 1559 1667 1751 1707 1677 1644 1665 1719 1760 1764 1715 1738 1778 1782 1766 1727 1633 1392 1323 1317 1338 1370 1389 1327 1331 1257 1259 1258 1237 1176 1156 1137 1090 1072 1035 1007 993 961 868 798 748 730 745 790 979 1170 1161 1090 1059 1067 1074 993 863 819
-3.4e+38 -3.4e+38 -3.4e+38 -3.4e+38 -3.4e+38 -3.4e+38 -3.4e+38 -3.4e+38 -3.4e+38 -3.4e+38 -3.4e+38 -3.4e+38 1055 1070 1089 1112 1132 1163 1183 1195 1233 1287 1357 1380 1438 1489 1623 1758 1766 1737 1741 1709 1675 1718 1765 1699 1794 1786 1792 1744 1596 1494 1654 1693 1583 1420 1437 1435 1335 1383 1376 1322 1230 1296 1258 1232 1205 1183 1129 1114 1071 1039 1012 958 896 860 828 802 852 897 1040 1167 1172 1263 1147 1029 1058 956 877 915
-3.4e+38 -3.4e+38 -3.4e+38 -3.4e+38 -3.4e+38 -3.4e+38 -3.4e+38 -3.4e+38 -3.4e+38 -3.4e+38 -3.4e+38 -3.4e+38 1062 1075 1093 1112 1141 1174 1205 1207 1238 1266 1322 1340 1457 1496 1626 1719 1763 1767 1791 1814 1775 1804 1786 1820 1784 1718 1816 1691 1404 1425 1495 1638 1598 1566 1540 1502 1445 1410 1363 1355 1272 1323 1298 1283 1257 1240 1208 1159 1109 1062 1036 1003 944 885 873 881 933 992 1121 1130 1136 1141 1016 963 943 903 932 1002
-3.4e+38 -3.4e+38 -3.4e+38 -3.4e+38 -3.4e+38 -3.4e+38 -3.4e+38 -3.4e+38 -3.4e+38 -3.4e+38 -3.4e+38 -3.4e+38 -3.4e+38 1083 1105 1122 1148 1174 1203 1225 1256 1289 1321 1365 1407 1476 1560 1640 1695 1702 1725 1786 1821 1835 1795 1865 1798 1752 1788 1786 1526 1430 1427 1475 1515 1577 1537 1494 1447 1379 1377 1387 1319 1262 1229 1312 1315 1294 1249 1207 1155 1096 1088 1065 1013 963 921 954 1013 1130 1136 1103 1046 993 891 840 849 872 954 1084
-3.4e+38 -3.4e+38 -3.4e+38 -3.4e+38 -3.4e+38 -3.4e+38 -3.4e+38 -3.4e+38 -3.4e+38 -3.4e+38 -3.4e+38 -3.4e+38 -3.4e+38 -3.4e+38 1103 1125 1148 1171 1201 1231 1273 1313 1340 1386 1462 1444 1503 1557 1648 1713 1774 1823 1806 1775 1843 1831 1874 1845 1840 1780 1751 1595 1496 1499 1572 1574 1533 1496 1428 1447 1425 1399 1370 1232 1282 1341 1335 1348 1347 1293 1174 1118 1120 1138 1022 957 963 1036 1122 1136 1083 1030 946 880 784 792 822 878 975 1075
-3.4e+38 -3.4e+38 -3.4e+38 -3.4e+38 -3.4e+38 -3.4e+38 -3.4e+38 -3.4e+38 -3.4e+38 -3.4e+38 -3.4e+38 -3.4e+38 -3.4e+38 -3.4e+38 -3.4e+38 1121 1145 1173 1201 1227 1263 1314 1401 1450 1452 1438 1529 1606 1631 1755 1806 1841 1764 1782 1867 1836 1835 1880 1833 1852 1768 1597 1676 1701 1662 1587 1569 1535 1465 1448 1438 1422 1332 1209 1350 1413 1390 1402 1397 1281 1163 1098 1146 1145 1024 997 975 1048 1149 1123 1049 969 908 848 789 801 849 897 986 1143
-3.4e+38 -3.4e+38 -3.4e+38 -3.4e+38 -3.4e+38 -3.4e+38 -3.4e+38 -3.4e+38 -3.4e+38 -3.4e+38 -3.4e+38 -3.4e+38 -3.4e+38 -3.4e+38 -3.4e+38 -3.4e+38 1144 1179 1198 1230 1273 1318 1536 1603 1575 1480 1512 1599 1624 1718 1805 1775 1744 1777 1831 1785 1743 1898 1782 1822 1747 1785 1711 1686 1598 1468 1527 1534 1511 1487 1464 1389 1237 1167 1247 1402 1458 1440 1426 1325 1318 1113 1138 1200 1136 1104 1115 1178 1165 1101 1044 975 941 930 896 894 908 987 1148 1207
-3.4e+38 -3.4e+38 -3.4e+38 -3.4e+38 -3.4e+38 -3.4e+38 -3.4e+38 -3.4e+38 -3.4e+38 -3.4e+38 -3.4e+38 -3.4e+38 -3.4e+38 -3.4e+38 -3.4e+38 -3.4e+38 -3.4e+38 -3.4e+38 1196 1243 1267 1322 1432 1572 1675 1602 1550 1608 1651 1746 1816 1815 1839 1809 1827 1813 1733 1858 1859 1709 1786 1655 1633 1660 1509 1480 1577 1536 1498 1472 1455 1232 1145 1194 1338 1486 1501 1484 1403 1182 1099 1053 1183 1252 1231 1182 1233 1243 1193 1150 1079 1013 1041 1127 1113 1093 1013 1123 1249 1176
-3.4e+38 -3.4e+38 -3.4e+38 -3.4e+38 -3.4e+38 -3.4e+38 -3.4e+38 -3.4e+38 -3.4e+38 -3.4e+38 -3.4e+38 -3.4e+38 -3.4e+38 -3.4e+38 -3.4e+38 -3.4e+38 -3.4e+38 -3.4e+38 1194 1246 1272 1313 1379 1601 1685 1654 1617 1614 1677 1720 1763 1831 1833 1815 1822 1833 1707 1732 1725 1585 1587 1516 1621 1560 1445 1465 1543 1394 1395 1467 1324 1176 1449 1455 1475 1436 1436 1412 1336 1102 990 1032 1194 1248 1187 1198 1310 1297 1241 1201 1134 1083 1159 1219 1152 1128 1122 1155 1059 1063
-3.4e+38 -3.4e+38 -3.4e+38 -3.4e+38 -3.4e+38 -3.4e+38 -3.4e+38 -3.4e+38 -3.4e+38 -3.4e+38 -3.4e+38 -3.4e+38 -3.4e+38 -3.4e+38 -3.4e+38 -3.4e+38 -3.4e+38 -3.4e+38 -3.4e+38 -3.4e+38 1248 1316 1346 1493 1667 1637 1549 1576 1610 1698 1702 1781 1810 1817 1845 1821 1639 1564 1670 1701 1609 1613 1629 1489 1383 1375 1381 1289 1340 1243 1184 1216 1299 1404 1254 1296 1396 1211 1141 986 916 1008 1207 1201 1254 1311 1398 1359 1307 1253 1200 1149 1153 1133 1093 1060 1103 1105 1054 1040
-339999999999999996123846586046231871488.000000000000000 -3.4e+38 -3.4e+38 -3.4e+38 -3.4e+38 -3.4e+38 -3.4e+38 -3.4e+38 -3.4e+38 -3.4e+38 -3.4e+38 -3.4e+38 -3.4e+38 -3.4e+38 -3.4e+38 -3.4e+38 -3.4e+38 -3.4e+38 -3.4e+38 -3.4e+38 -3.4e+38 1278 1313 1363 1466 1561 1510 1524 1618 1746 1740 1713 1757 1807 1813 1739 1605 1506 1590 1755 1672 1692 1490 1420 1574 1566 1459 1281 1225 1213 1202 1381 1448 1247 1076 1100 1197 1027 960 883 914 996 1155 1269 1380 1432 1452 1417 1374 1340 1277 1235 1189 1094 1097 1078 1079 1082 1079 1019
-3.4e+38 -3.4e+38 -3.4e+38 -3.4e+38 -3.4e+38 -3.4e+38 -3.4e+38 -3.4e+38 -3.4e+38 -3.4e+38 -3.4e+38 -3.4e+38 -3.4e+38 -3.4e+38 -3.4e+38 -3.4e+38 -3.4e+38 -3.4e+38 -3.4e+38 -3.4e+38 -3.4e+38 1284 1309 1335 1368 1417 1452 1476 1588 1736 1761 1750 1731 1771 1794 1681 1557 1473 1621 1685 1614 1477 1415 1619 1612 1580 1362 1345 1356 1215 1262 1191 1323 1321 1070 1333 1222 923 833 826 834 869 983 1234 1459 1526 1501 1473 1362 1322 1284 1309 1189 1093 1091 1092 1097 1094 1096 1014
-3.4e+38 -3.4e+38 -3.4e+38 -3.4e+38 -3.4e+38 -3.4e+38 -3.4e+38 -3.4e+38 -3.4e+38 -3.4e+38 -3.4e+38 -3.4e+38 -3.4e+38 -3.4e+38 -3.4e+38 -3.4e+38 -3.4e+38 -3.4e+38 -3.4e+38 -3.4e+38 -3.4e+38 1292 1317 1354 1371 1390 1424 1472 1528 1614 1704 1742 1723 1753 1778 1604 1433 1421 1494 1480 1420 1439 1575 1669 1611 1430 1452 1528 1405 1128 1044 1042 1291 1189 1199 1456 1140 812 794 798 818 822 878 1091 1495 1580 1570 1580 1378 1174 1250 1370 1267 1085 1062 1112 1105 1095 1047 973
-3.4e+38 -3.4e+38 -3.4e+38 -3.4e+38 -3.4e+38 -3.4e+38 -3.4e+38 -3.4e+38 -3.4e+38 -3.4e+38 -3.4e+38 -3.4e+38 -3.4e+38 -3.4e+38 -3.4e+38 -3.4e+38 -3.4e+38 -3.4e+38 -3.4e+38 -3.4e+38 -3.4e+38 -3.4e+38 1306 1370 1384 1425 1452 1489 1529 1589 1668 1729 1702 1635 1680 1479 1418 1439 1433 1467 1514 1521 1572 1639 1538 1519 1595 1390 1190 1129 1045 1020 1220 1463 1458 1447 1201 784 772 803 832 843 1058 1152 1581 1614 1625 1639 1514 1195 1110 1395 1231 1051 1171 1154 1096 1098 960 871
-3.4e+38 -3.4e+38 -3.4e+38 -3.4e+38 -3.4e+38 -3.4e+38 -3.4e+38 -3.4e+38 -3.4e+38 -3.4e+38 -3.4e+38 -3.4e+38 -3.4e+38 -3.4e+38 -3.4e+38 -3.4e+38 -3.4e+38 -3.4e+38 -3.4e+38 -3.4e+38 -3.4e+38 -3.4e+38 1325 1389 1424 1502 1540 1556 1567 1636 1703 1709 1684 1598 1520 1409 1402 1422 1465 1648 1545 1364 1418 1606 1524 1606 1409 1313 1210 1239 1011 1116 1395 1495 1474 1427 1172 775 764 892 1070 992 1440 1450 1620 1651 1659 1722 1721 1607 1148 1215 1168 1022 1188 1121 1072 1044 915 775
-3.4e+38 -3.4e+38 -3.4e+38 -3.4e+38 -3.4e+38 -3.4e+38 -3.4e+38 -3.4e+38 -3.4e+38 -3.4e+38 -3.4e+38 -3.4e+38 -3.4e+38 -3.4e+38 -3.4e+38 -3.4e+38 -3.4e+38 -3.4e+38 -3.4e+38 -3.4e+38 -3.4e+38 -3.4e+38 1352 1402 1456 1488 1585 1611 1592 1677 1721 1704 1700 1570 1414 1383 1370 1410 1492 1653 1488 1297 1410 1619 1597 1559 1416 1298 1199 1089 1098 1406 1527 1528 1492 1307 941 762 765 924 1297 1399 1559 1636 1629 1698 1764 1780 1694 1564 1396 1049 1139 993 1138 1029 1008 968 838 782
