rasterData/Ethiopia_bio12.asc
NCOLS 180 
NROWS 138 
XLLCORNER 32.989799842 
YLLCORNER 3.405012842 
CELLSIZE 0.0832742739222222 
NODATA_value -3.4e+38 
[rows 35 to 69 of 138, columns 0 to 79 of 180]
-3.4e+38 -3.4e+38 -3.4e+38 -3.4e+38 -3.4e+38 -3.4e+38 -3.4e+38 -3.4e+38 -3.4e+38 -3.4e+38 -3.4e+38 -3.4e+38 -3.4e+38 -3.4e+38 -3.4e+38 -3.4e+38 -3.4e+38 -3.4e+38 -3.4e+38 -3.4e+38 -3.4e+38 -3.4e+38 -3.4e+38 -3.4e+38 -3.4e+38 -3.4e+38 -3.4e+38 916 945 981 1012 1022 1033 1065 1088 1090 1114 1206 1176 1152 1195 1188 1199 1270 1414 1477 1454 1385 1335 1311 1289 1264 1232 1205 1177 1146 1123 1107 1092 1099 1052 1048 1057 992 950 939 916 878 872 854 845 836 814 788 754 800 904 822 824 886
-3.4e+38 -3.4e+38 -3.4e+38 -3.4e+38 -3.4e+38 -3.4e+38 -3.4e+38 -3.4e+38 -3.4e+38 -3.4e+38 -3.4e+38 -3.4e+38 -3.4e+38 -3.4e+38 -3.4e+38 -3.4e+38 -3.4e+38 -3.4e+38 -3.4e+38 -3.4e+38 -3.4e+38 -3.4e+38 -3.4e+38 -3.4e+38 -3.4e+38 -3.4e+38 918 934 965 996 1014 1031 1058 1092 1114 1145 1136 1256 1288 1250 1171 1199 1253 1333 1392 1462 1436 1414 1366 1341 1318 1292 1266 1238 1209 1179 1165 1167 1151 1161 1133 1088 1067 1005 990 957 922 901 889 878 865 861 849 832 883 952 963 833 943 912
-3.4e+38 -3.4e+38 -3.4e+38 -3.4e+38 -3.4e+38 -3.4e+38 -3.4e+38 -3.4e+38 -3.4e+38 -3.4e+38 -3.4e+38 -3.4e+38 -3.4e+38 -3.4e+38 -3.4e+38 -3.4e+38 -3.4e+38 -3.4e+38 -3.4e+38 -3.4e+38 -3.4e+38 -3.4e+38 -3.4e+38 -3.4e+38 -3.4e+38 922 946 957 977 1001 1023 1052 1102 1114 1150 1226 1233 1235 1394 1266 1222 1241 1306 1372 1445 1428 1399 1437 1408 1370 1358 1328 1299 1276 1249 1215 1178 1150 1142 1148 1161 1159 1162 1125 1066 975 949 948 914 888 886 869 941 943 939 939 980 909 925 937
-3.4e+38 -3.4e+38 -3.4e+38 -3.4e+38 -3.4e+38 -3.4e+38 -3.4e+38 -3.4e+38 -3.4e+38 -3.4e+38 -3.4e+38 -3.4e+38 -3.4e+38 -3.4e+38 -3.4e+38 -3.4e+38 -3.4e+38 -3.4e+38 -3.4e+38 -3.4e+38 -3.4e+38 -3.4e+38 -3.4e+38 -3.4e+38 -3.4e+38 965 971 988 1001 1033 1059 1091 1123 1148 1181 1254 1355 1272 1365 1284 1280 1285 1364 1434 1407 1409 1423 1456 1432 1403 1382 1361 1336 1314 1290 1269 1240 1194 1167 1178 1187 1214 1294 1158 1116 1084 976 927 934 918 897 918 952 939 894 905 864 924 878 948
-3.4e+38 -3.4e+38 -3.4e+38 -3.4e+38 -3.4e+38 -3.4e+38 -3.4e+38 -3.4e+38 -3.4e+38 -3.4e+38 -3.4e+38 -3.4e+38 -3.4e+38 -3.4e+38 -3.4e+38 -3.4e+38 -3.4e+38 -3.4e+38 -3.4e+38 -3.4e+38 -3.4e+38 -3.4e+38 -3.4e+38 -3.4e+38 -3.4e+38 977 1010 1025 1026 1060 1100 1129 1180 1200 1210 1278 1345 1325 1414 1355 1340 1361 1441 1425 1478 1515 1493 1482 1451 1417 1404 1391 1364 1345 1319 1316 1301 1269 1231 1211 1187 1191 1220 1111 1044 1042 999 928 913 921 933 934 915 883 885 880 873 870 872 938
-3.4e+38 -3.4e+38 -3.4e+38 -3.4e+38 -3.4e+38 -3.4e+38 -3.4e+38 -3.4e+38 -3.4e+38 -3.4e+38 -3.4e+38 -3.4e+38 -3.4e+38 -3.4e+38 -3.4e+38 -3.4e+38 -3.4e+38 -3.4e+38 -3.4e+38 -3.4e+38 -3.4e+38 -3.4e+38 -3.4e+38 -3.4e+38 -3.4e+38 1011 1049 1059 1055 1090 1141 1161 1213 1239 1270 1358 1415 1427 1544 1499 1440 1452 1450 1460 1535 1585 1537 1493 1469 1441 1431 1421 1381 1340 1304 1282 1297 1299 1276 1241 1193 1167 1176 1085 1027 966 961 947 903 924 909 908 893 886 871 917 871 878 912 943
-3.4e+38 -3.4e+38 -3.4e+38 -3.4e+38 -3.4e+38 -3.4e+38 -3.4e+38 -3.4e+38 -3.4e+38 -3.4e+38 -3.4e+38 -3.4e+38 -3.4e+38 -3.4e+38 -3.4e+38 -3.4e+38 -3.4e+38 -3.4e+38 -3.4e+38 -3.4e+38 -3.4e+38 -3.4e+38 -3.4e+38 -3.4e+38 982 1076 1108 1078 1087 1122 1158 1212 1234 1273 1346 1512 1491 1590 1717 1605 1500 1473 1473 1499 1536 1552 1526 1487 1484 1464 1460 1444 1412 1377 1294 1232 1275 1272 1269 1227 1168 1146 1147 1091 1036 998 912 936 895 935 930 918 896 898 909 921 910 922 927 938
-3.4e+38 -3.4e+38 -3.4e+38 -3.4e+38 -3.4e+38 -3.4e+38 -3.4e+38 -3.4e+38 -3.4e+38 -3.4e+38 -3.4e+38 -3.4e+38 -3.4e+38 -3.4e+38 -3.4e+38 -3.4e+38 -3.4e+38 -3.4e+38 -3.4e+38 -3.4e+38 -3.4e+38 -3.4e+38 -3.4e+38 -3.4e+38 1027 1123 1190 1123 1119 1163 1205 1263 1288 1310 1491 1667 1607 1670 1711 1608 1514 1505 1520 1529 1550 1580 1525 1509 1486 1488 1485 1472 1457 1430 1333 1289 1213 1229 1255 1207 1132 1113 1122 1107 1024 1027 925 864 889 896 885 884 903 908 899 900 920 913 911 944
-3.4e+38 -3.4e+38 -3.4e+38 -3.4e+38 -3.4e+38 -3.4e+38 -3.4e+38 -3.4e+38 -3.4e+38 -3.4e+38 -3.4e+38 -3.4e+38 -3.4e+38 -3.4e+38 -3.4e+38 -3.4e+38 -3.4e+38 -3.4e+38 -3.4e+38 -3.4e+38 -3.4e+38 -3.4e+38 -3.4e+38 964 1045 1136 1195 1188 1166 1179 1225 1266 1321 1356 1452 1612 1567 1559 1615 1587 1528 1564 1594 1612 1622 1602 1557 1527 1525 1511 1512 1505 1488 1446 1383 1336 1220 1158 1211 1155 1075 1114 1067 1116 1061 970 931 867 920 977 938 930 937 937 922 932 927 937 946 964
-3.4e+38 -3.4e+38 -3.4e+38 -3.4e+38 -3.4e+38 -3.4e+38 -3.4e+38 -3.4e+38 -3.4e+38 -3.4e+38 -3.4e+38 -3.4e+38 -3.4e+38 -3.4e+38 -3.4e+38 -3.4e+38 -3.4e+38 -3.4e+38 -3.4e+38 -3.4e+38 -3.4e+38 -3.4e+38 -3.4e+38 -3.4e+38 1015 1026 1197 1228 1153 1163 1198 1242 1289 1309 1353 1439 1466 1503 1588 1559 1573 1668 1688 1657 1643 1645 1634 1579 1571 1569 1592 1626 1558 1492 1443 1369 1295 1189 1112 1049 1014 1024 1028 1038 1048 982 876 877 900 928 972 1002 988 971 959 945 944 960 971 977
-3.4e+38 -3.4e+38 -3.4e+38 -3.4e+38 -3.4e+38 -3.4e+38 -3.4e+38 -3.4e+38 -3.4e+38 -3.4e+38 -3.4e+38 -3.4e+38 -3.4e+38 -3.4e+38 -3.4e+38 -3.4e+38 -3.4e+38 -3.4e+38 -3.4e+38 -3.4e+38 -3.4e+38 -3.4e+38 -3.4e+38 -3.4e+38 1028 1048 1099 1155 1117 1145 1171 1203 1282 1303 1349 1375 1436 1534 1547 1552 1672 1743 1715 1679 1707 1781 1764 1697 1634 1654 1656 1673 1668 1589 1487 1370 1257 1189 1233 1132 1050 975 970 944 930 916 920 993 948 956 976 986 1039 1035 998 966 982 977 973 986
-3.4e+38 -3.4e+38 -3.4e+38 -3.4e+38 -3.4e+38 -3.4e+38 -3.4e+38 -3.4e+38 -3.4e+38 -3.4e+38 -3.4e+38 -3.4e+38 -3.4e+38 -3.4e+38 -3.4e+38 -3.4e+38 -3.4e+38 -3.4e+38 -3.4e+38 -3.4e+38 -3.4e+38 -3.4e+38 -3.4e+38 1052 1081 1048 1082 1112 1121 1193 1214 1213 1273 1431 1402 1399 1440 1502 1535 1658 1775 1764 1728 1707 1724 1828 1890 1872 1785 1734 1720 1661 1623 1597 1490 1374 1273 1257 1305 1257 1133 1074 1072 1089 987 877 920 952 984 998 1010 1036 1076 1165 1080 1015 1017 1024 999 997
-3.4e+38 -3.4e+38 -3.4e+38 -3.4e+38 -3.4e+38 -3.4e+38 -3.4e+38 -3.4e+38 -3.4e+38 -3.4e+38 -3.4e+38 -3.4e+38 -3.4e+38 -3.4e+38 -3.4e+38 -3.4e+38 -3.4e+38 -3.4e+38 -3.4e+38 -3.4e+38 -3.4e+38 -3.4e+38 -3.4e+38 1115 1076 1048 1065 1090 1168 1257 1269 1242 1300 1516 1447 1427 1453 1580 1579 1689 1779 1760 1738 1734 1789 1879 1946 1925 1876 1825 1753 1651 1495 1528 1540 1378 1352 1310 1308 1274 1243 1217 1235 1226 1034 901 869 981 1067 1082 1125 1171 1187 1226 1144 1099 1105 1126 1070 1011
-3.4e+38 -3.4e+38 -3.4e+38 -3.4e+38 -3.4e+38 -3.4e+38 -3.4e+38 -3.4e+38 -3.4e+38 -3.4e+38 -3.4e+38 -3.4e+38 -3.4e+38 -3.4e+38 -3.4e+38 -3.4e+38 -3.4e+38 -3.4e+38 976 -3.4e+38 -3.4e+38 -3.4e+38 -3.4e+38 1104 1076 1072 1071 1109 1164 1295 1400 1369 1365 1537 1414 1461 1520 1615 1661 1730 1774 1761 1770 1778 1865 1877 1850 1880 1865 1798 1667 1609 1483 1439 1544 1498 1436 1372 1350 1301 1261 1237 1201 1170 1094 966 883 979 1116 1200 1175 1194 1165 1151 1100 1118 1072 1088 1047 1004
-3.4e+38 -3.4e+38 -3.4e+38 -3.4e+38 -3.4e+38 -3.4e+38 -3.4e+38 -3.4e+38 -3.4e+38 -3.4e+38 -3.4e+38 -3.4e+38 -3.4e+38 -3.4e+38 -3.4e+38 -3.4e+38 -3.4e+38 992 1020 1004 -3.4e+38 -3.4e+38 1125 1110 1069 1067 1109 1138 1186 1318 1614 1620 1528 1522 1454 1509 1582 1600 1701 1763 1749 1766 1803 1788 1846 1803 1761 1770 1809 1719 1610 1548 1461 1407 1506 1580 1558 1487 1476 1407 1294 1202 1087 1027 1034 978 868 951 1078 1110 1088 1067 1047 1051 1078 1076 1040 1021 1011 1006
-3.4e+38 -3.4e+38 -3.4e+38 -3.4e+38 -3.4e+38 -3.4e+38 -3.4e+38 -3.4e+38 -3.4e+38 -3.4e+38 -3.4e+38 -3.4e+38 -3.4e+38 -3.4e+38 -3.4e+38 -3.4e+38 957 1016 1044 1044 1073 1039 1099 1109 1109 1073 1120 1188 1235 1293 1532 1793 1813 1596 1521 1580 1639 1683 1705 1716 1731 1761 1757 1728 1746 1705 1705 1703 1661 1593 1525 1451 1394 1399 1464 1481 1514 1584 1595 1516 1356 1273 1168 1040 931 938 857 1005 1049 997 1028 963 967 1020 1035 1019 1016 1005 1007 1027
-3.4e+38 -3.4e+38 -3.4e+38 -3.4e+38 -3.4e+38 -3.4e+38 -3.4e+38 -3.4e+38 -3.4e+38 -3.4e+38 -3.4e+38 -3.4e+38 -3.4e+38 -3.4e+38 -3.4e+38 -3.4e+38 938 1047 1101 1108 1066 1054 1115 1093 1089 1071 1154 1212 1273 1352 1540 1841 1910 1762 1685 1625 1751 1724 1716 1627 1714 1698 1715 1670 1637 1628 1702 1670 1616 1507 1436 1394 1375 1428 1444 1432 1509 1581 1547 1414 1338 1253 1163 1062 951 871 911 947 945 1009 953 974 1025 997 987 977 993 997 1004 1035
-3.4e+38 -3.4e+38 -3.4e+38 -3.4e+38 -3.4e+38 -3.4e+38 -3.4e+38 -3.4e+38 -3.4e+38 -3.4e+38 -3.4e+38 -3.4e+38 -3.4e+38 -3.4e+38 -3.4e+38 866 918 1076 1167 1132 1067 1080 1092 1074 1061 1076 1116 1194 1318 1412 1425 1763 1863 1861 1683 1679 1774 1756 1693 1529 1489 1533 1579 1512 1548 1595 1700 1651 1595 1444 1368 1433 1421 1409 1387 1431 1467 1484 1489 1374 1277 1207 1140 1016 938 855 916 971 1027 884 900 975 982 965 956 1002 1019 1002 1003 1066
-3.4e+38 -3.4e+38 -3.4e+38 -3.4e+38 -3.4e+38 -3.4e+38 -3.4e+38 -3.4e+38 -3.4e+38 -3.4e+38 -3.4e+38 -3.4e+38 -3.4e+38 -3.4e+38 -3.4e+38 858 915 1063 1196 1138 1113 1111 1119 1076 1072 1129 1155 1156 1281 1361 1388 1671 1751 1804 1627 1616 1713 1756 1648 1585 1444 1326 1338 1472 1514 1466 1558 1575 1544 1348 1430 1463 1426 1411 1419 1411 1391 1361 1364 1291 1243 1195 1157 1067 1074 868 906 969 922 837 903 891 947 920 1011 1023 1031 981 1000 1016
-3.4e+38 -3.4e+38 -3.4e+38 -3.4e+38 -3.4e+38 -3.4e+38 -3.4e+38 -3.4e+38 -3.4e+38 -3.4e+38 -3.4e+38 -3.4e+38 -3.4e+38 -3.4e+38 -3.4e+38 -3.4e+38 910 1107 1205 1186 1201 1172 1159 1121 1088 1200 1203 1155 1223 1315 1321 1427 1648 1661 1579 1549 1698 1770 1654 1466 1339 1357 1333 1394 1336 1319 1323 1366 1439 1281 1474 1432 1449 1423 1374 1351 1333 1303 1289 1254 1237 1189 1132 1098 976 870 831 827 820 818 792 804 837 904 1004 1036 1001 970 1049 1071
-3.4e+38 -3.4e+38 -3.4e+38 -3.4e+38 -3.4e+38 -3.4e+38 -3.4e+38 -3.4e+38 -3.4e+38 -3.4e+38 -3.4e+38 -3.4e+38 -3.4e+38 -3.4e+38 -3.4e+38 -3.4e+38 957 1126 1290 1273 1227 1200 1202 1173 1147 1244 1259 1163 1253 1257 1279 1395 1507 1643 1611 1472 1555 1748 1698 1543 1402 1587 1446 1487 1381 1412 1335 1277 1221 1238 1344 1474 1467 1419 1366 1324 1298 1290 1269 1248 1209 1165 1116 1000 966 812 958 952 954 870 830 857 883 957 994 988 959 1030 1062 1071
-3.4e+38 -3.4e+38 -3.4e+38 -3.4e+38 -3.4e+38 -3.4e+38 -3.4e+38 -3.4e+38 -3.4e+38 -3.4e+38 -3.4e+38 -3.4e+38 -3.4e+38 -3.4e+38 -3.4e+38 -3.4e+38 997 1078 1221 1281 1291 1247 1208 1208 1212 1337 1224 1151 1185 1210 1253 1351 1432 1510 1596 1399 1498 1670 1614 1380 1549 1732 1579 1646 1561 1454 1472 1458 1352 1314 1172 1333 1384 1315 1279 1235 1169 1253 1234 1219 1154 1099 1038 910 874 808 945 991 972 856 817 802 904 935 920 944 1001 1030 1022 1064
-3.4e+38 -3.4e+38 -3.4e+38 -3.4e+38 -3.4e+38 -3.4e+38 -3.4e+38 -3.4e+38 -3.4e+38 -3.4e+38 -3.4e+38 -3.4e+38 -3.4e+38 -3.4e+38 -3.4e+38 -3.4e+38 966 1036 1224 1261 1242 1199 1191 1197 1296 1317 1281 1229 1156 1172 1220 1331 1411 1400 1516 1343 1342 1371 1449 1582 1695 1796 1632 1668 1598 1482 1560 1572 1543 1422 1147 1106 1133 1140 1083 1084 1263 1248 1193 1077 1042 992 862 819 797 930 966 856 863 799 778 787 832 886 909 933 976 987 1031 1063
-3.4e+38 -3.4e+38 -3.4e+38 -3.4e+38 -3.4e+38 -3.4e+38 -3.4e+38 -3.4e+38 -3.4e+38 -3.4e+38 -3.4e+38 -3.4e+38 -3.4e+38 -3.4e+38 -3.4e+38 849 922 991 1221 1272 1272 1233 1260 1300 1327 1368 1348 1263 1213 1211 1251 1269 1323 1301 1335 1413 1427 1532 1779 1728 1762 1830 1693 1686 1692 1576 1639 1667 1653 1359 1225 1086 1056 1014 985 1053 1243 1158 1107 936 905 842 887 1000 919 811 814 809 780 810 860 906 934 841 904 915 942 985 1001 1015
-3.4e+38 -3.4e+38 -3.4e+38 -3.4e+38 -3.4e+38 -3.4e+38 -3.4e+38 -3.4e+38 -3.4e+38 -3.4e+38 -3.4e+38 -3.4e+38 -3.4e+38 -3.4e+38 807 844 918 1089 1225 1252 1265 1277 1293 1395 1377 1520 1412 1416 1297 1249 1326 1279 1260 1391 1385 1402 1433 1644 1897 1793 1835 1860 1850 1760 1718 1680 1707 1713 1730 1668 1410 1133 1090 1043 981 988 1038 1036 891 852 859 919 1067 1120 1056 931 959 896 814 796 795 803 782 906 1006 904 940 978 995 1001
-3.4e+38 -3.4e+38 -3.4e+38 -3.4e+38 -3.4e+38 -3.4e+38 -3.4e+38 -3.4e+38 -3.4e+38 -3.4e+38 -3.4e+38 -3.4e+38 -3.4e+38 -3.4e+38 814 844 887 988 1198 1321 1292 1316 1322 1375 1495 1589 1596 1644 1448 1280 1344 1369 1297 1272 1297 1363 1446 1601 1896 1845 1855 1892 1858 1790 1701 1519 1542 1554 1748 1693 1474 1190 1119 1086 1074 982 944 912 881 862 884 935 1046 1118 1076 999 1087 1085 939 814 818 778 845 945 1019 942 939 956 985 999
-3.4e+38 -3.4e+38 -3.4e+38 -3.4e+38 -3.4e+38 -3.4e+38 -3.4e+38 -3.4e+38 -3.4e+38 -3.4e+38 -3.4e+38 -3.4e+38 -3.4e+38 -3.4e+38 840 897 912 994 1258 1291 1297 1308 1355 1435 1524 1581 1602 1642 1560 1373 1417 1364 1315 1331 1335 1293 1382 1520 1817 1866 1796 1861 1774 1776 1639 1396 1410 1510 1773 1748 1499 1311 1152 1140 1340 1045 999 987 903 918 875 885 1024 1118 1056 1104 1210 1218 1146 919 969 960 962 989 1004 999 956 961 968 1005
-3.4e+38 -3.4e+38 -3.4e+38 -3.4e+38 -3.4e+38 -3.4e+38 -3.4e+38 -3.4e+38 -3.4e+38 -3.4e+38 -3.4e+38 -3.4e+38 -3.4e+38 870 868 997 1029 1096 1215 1351 1332 1308 1359 1418 1492 1567 1569 1613 1641 1655 1783 1518 1355 1354 1476 1337 1349 1448 1565 1746 1657 1717 1496 1511 1430 1371 1431 1494 1761 1757 1618 1537 1237 1165 1319 1033 1252 1111 972 1055 967 902 896 900 941 1001 1139 1195 1111 1046 959 989 1024 1018 1010 1008 994 992 1010 1045
-3.4e+38 -3.4e+38 -3.4e+38 -3.4e+38 -3.4e+38 -3.4e+38 -3.4e+38 -3.4e+38 -3.4e+38 -3.4e+38 -3.4e+38 -3.4e+38 -3.4e+38 944 952 972 1046 1119 1213 1246 1273 1301 1342 1391 1463 1523 1559 1617 1703 1787 1797 1736 1446 1381 1452 1379 1341 1422 1411 1466 1401 1430 1394 1390 1392 1395 1486 1656 1790 1749 1605 1533 1419 1231 1277 1003 1162 1252 1131 1204 1049 854 913 957 834 859 989 1071 1048 1068 1055 1044 1033 1026 1023 1019 1021 1034 1043 1074
-3.4e+38 -3.4e+38 -3.4e+38 -3.4e+38 -3.4e+38 -3.4e+38 -3.4e+38 -3.4e+38 -3.4e+38 -3.4e+38 -3.4e+38 -3.4e+38 -3.4e+38 1059 1070 1063 1075 1150 1244 1264 1277 1300 1344 1380 1440 1498 1560 1613 1686 1747 1776 1682 1566 1540 1477 1381 1338 1335 1335 1334 1324 1394 1409 1363 1329 1321 1366 1671 1810 1689 1543 1492 1392 1352 1199 991 1081 1121 1033 1056 994 877 1007 1027 869 874 852 880 929 1068 1065 1060 1061 1045 1054 1056 1056 1042 1044 1046
-3.4e+38 -3.4e+38 -3.4e+38 -3.4e+38 -3.4e+38 -3.4e+38 -3.4e+38 -3.4e+38 -3.4e+38 -3.4e+38 -3.4e+38 -3.4e+38 -3.4e+38 995 1106 1159 1150 1203 1260 1332 1359 1376 1406 1372 1418 1484 1553 1614 1667 1705 1741 1765 1585 1485 1438 1386 1399 1375 1391 1387 1352 1380 1365 1353 1323 1319 1338 1455 1771 1638 1531 1495 1426 1371 1157 992 963 957 944 955 937 876 944 1064 961 915 879 847 956 1035 1057 1058 1066 1060 1065 1081 1078 1046 1031 913
-339999999999999996123846586046231871488.000000000000000 -3.4e+38 -3.4e+38 -3.4e+38 -3.4e+38 -3.4e+38 -3.4e+38 -3.4e+38 -3.4e+38 -3.4e+38 -3.4e+38 -3.4e+38 -3.4e+38 911 996 1102 1213 1287 1293 1309 1338 1383 1373 1366 1430 1481 1524 1551 1576 1624 1754 1798 1725 1535 1491 1409 1373 1416 1481 1466 1402 1389 1380 1351 1337 1323 1456 1504 1725 1619 1523 1476 1408 1306 1199 993 952 965 1008 1009 1081 952 1007 1051 1085 1058 1028 976 1043 1064 1082 1076 1069 1071 1078 1094 1055 1061 1094 978
-3.4e+38 -3.4e+38 -3.4e+38 -3.4e+38 -3.4e+38 -3.4e+38 -3.4e+38 -3.4e+38 -3.4e+38 -3.4e+38 -3.4e+38 -3.4e+38 -3.4e+38 869 918 997 1094 1247 1309 1277 1279 1301 1328 1369 1412 1450 1495 1526 1563 1621 1723 1764 1788 1706 1787 1641 1431 1387 1478 1500 1495 1482 1424 1410 1417 1508 1418 1511 1614 1684 1541 1443 1361 1152 1059 1032 980 969 958 1037 1153 1130 1082 1107 1100 1163 1124 1087 1080 1122 1173 1115 1126 1122 1108 1039 983 1089 1174 975
-3.4e+38 -3.4e+38 -3.4e+38 -3.4e+38 -3.4e+38 -3.4e+38 -3.4e+38 -3.4e+38 -3.4e+38 -3.4e+38 -3.4e+38 -3.4e+38 -3.4e+38 855 892 952 1022 1170 1298 1259 1258 1289 1331 1384 1420 1453 1502 1533 1563 1624 1627 1698 1793 1817 1818 1806 1604 1415 1499 1524 1592 1620 1564 1554 1708 1718 1570 1498 1435 1506 1568 1520 1406 1298 1204 1108 1009 992 975 1083 1253 1230 1147 1130 1102 1138 1169 1111 1089 1124 1158 1146 1149 1113 1030 950 984 1104 1054 880
-3.4e+38 -3.4e+38 -3.4e+38 -3.4e+38 -3.4e+38 -3.4e+38 -3.4e+38 -3.4e+38 -3.4e+38 -3.4e+38 -3.4e+38 -3.4e+38 -3.4e+38 917 971 1051 1044 1177 1254 1236 1255 1296 1348 1423 1440 1482 1517 1560 1579 1602 1635 1682 1741 1846 1850 1706 1647 1492 1499 1539 1662 1820 1815 1830 1919 1801 1600 1453 1320 1327 1402 1586 1557 1479 1340 1214 1043 1063 1041 1240 1255 1238 1189 1151 1080 1059 1102 1129 1130 1158 1107 1070 1083 1061 969 927 920 997 874 776
