rasterData/Kenya_CLYPPT_M_sl2_250m_ll.asc
NCOLS 96 
NROWS 116 
XLLCORNER 33.890468384 
YLLCORNER -4.677504203 
CELLSIZE 0.083276570625 
NODATA_value -9999 
[rows 44 to 65 of 116, columns 0 to 48 of 96]
-9999 -9999 -9999 -9999 -9999 -9999 -9999 -9999 -9999 -9999 -9999 28.0075431034487 27.0716594827589 23.1293103448241 36.8356681034481 32.0156250000029 32 32.7807112068979 25.6551724137932 28.8087284482759 34.1330818965572 30.8873922413801 27.8318965517259 30.2747844827591 38.091594827586 33.1244612068977 23.8275862068966 26.5786637931044 24.3232758620686 27.6508620689666 25.6249999999989 33 36.7403017241364 40.9051724137936 25.9730603448283 22.7817887931038 21.5183189655191 23.9434267241383 25.7031249999989 30.3114224137955 38.4983836206893 26 22.4563577586173 25.7187500000009 23.8906249999965 24.8141163793102 25.7807112068946 28.8248922413794 25.3345905172416
-9999 -9999 -9999 -9999 -9999 -9999 -9999 -9999 -9999 -9999 43.3706896551641 39.7187500000009 38.5118534482752 42.3642241379294 35.344827586207 36.0102370689674 27.9892241379313 28.2004310344855 29.0511853448284 24 34.4224137930992 26.1718749999987 26.9024784482762 25.4175646551726 32.9207974137926 29.5528017241374 24.9832974137931 24.8760775862071 24.8108836206897 31 29.032327586206 29.5156250000012 32.5538793103479 37.344827586207 34.4989224137972 26 23.3593750000038 22.7850215517256 22.5393318965525 27.655172413793 39.0727370689653 35.1961206896563 23.8281250000013 23.3297413793094 25.8906249999965 23.9245689655163 28.6244612068951 28.344827586207 31.344827586207
-9999 -9999 -9999 -9999 -9999 -9999 -9999 -9999 20.127155172414 27.68588362069 39.8626077586163 44.6961206896543 45 43.303879310338 37.3906250000023 32.9919181034468 29.9655172413788 33.437500000001 28.9973060344827 28.6228448275865 31.9725215517325 31.8281250000013 29 24.54364224138 30.0161637931037 28.5070043103449 27.8415948275862 30.4827586206894 30.7677801724127 28.7009698275854 30.0344827586212 32.5172413793106 34.4665948275847 35.9515086206894 39.7817887931022 36.1885775862066 22.6406249999962 22.4940732758619 22.3394396551717 20.7596982758603 27.7920258620698 38.3141163793093 31.393857758621 23.9617456896559 21.5700431034502 22 22 27.0150862068961 27.4908405172409
-9999 -9999 -9999 -9999 -9999 -9999 -9999 20.2209051724132 20.2376077586206 28.9369612068964 34.5021551724099 41.0969827586204 38.7235991379314 42.4574353448259 43.310344827586 42.310344827586 32.9428879310335 36.3895474137907 31 29.8151939655171 33.7419181034558 31.6206896551719 29.5274784482735 32.1454741379312 33.6336206896556 27.9078663793101 28.9110991379316 32.296874999999 35.6093750000004 26.689655172414 30.1988146551711 33.3340517241372 35.1837284482756 35.1406249999998 39.2909482758636 34.3906249999996 23.8011853448289 21.0889008620721 24.781788793104 18.4170258620723 25.3663793103455 33.1621767241369 25.1185344827578 25.310344827586 24.8906249999965 24 22.046875000002 27.0264008620683 24.0059267241378
-9999 -9999 -9999 -9999 -9999 -9999 -9999 23.0366379310343 28.2020474137929 34.7968749999994 36.1244612069003 42.6029094827596 37.9509698275859 41.996767241376 38.9935344827588 38.850754310343 36.2737068965511 33.0468749999987 32.1912715517274 39.9191810344823 36.881465517242 26.2963362068945 33.8620689655176 36.1697198275867 31.2295258620703 27.1939655172406 29.9073275862071 28.049568965517 29.6632543103451 30.3022629310364 32.8437500000025 37.0312500000025 34.555495689654 38.4089439655178 36.7957974137902 39.1885775862077 27.0387931034471 26.7941810344782 25.75700431035 22.7710129310326 25.9676724137932 36.0651939655188 31.7101293103418 24.9612068965519 27 25.6417025862022 22.9089439655195 21.3340517241357 23.1244612068966
-9999 -9999 -9999 -9999 -9999 -9999 31.4407327586234 30.3001077586204 34.4525862068958 39.4202586206909 38 45.5188577586217 43.8195043103441 39.1443965517223 37.0344827586208 43.0339439655173 38.0150862068961 34.8873922413802 31.8900862068952 41.8943965517241 32.4762931034557 27.8162715517255 30.8383620689677 33.4865301724128 34.0253232758622 32.0242456896552 30.0231681034484 29.6530172413801 32.1373922413779 34.5581896551736 29.5247844827574 37.5188577586196 38.0479525862094 37.4563577586205 39.8836206896594 40.179418103447 34.0689655172416 27.0118534482761 23.7133620689645 22.2564655172434 22.0425646551726 23.7693965517228 31.295797413798 24.9358836206894 24.0711206896584 25.921874999999 29.1077586206915 26.9800646551719 22.0150862068961
-9999 -9999 -9999 -9999 -9999 -9999 34.9924568965544 40.5695043103445 40.4003232758625 42.5862068965518 43.0064655172368 40.384698275862 46.7063577586204 38.6826508620671 36.6427801724124 36.2316810344874 38.0064655172412 37.2812499999979 34.1400862068989 38 37.0156249999937 23.2068965517241 34.3679956896534 32.7446120689655 33.3626077586204 34.1514008620704 29 28.6767241379305 24.5975215517237 35 36.2068965517241 38.3135775862071 38.1002155172411 36.773168103448 38.2068965517241 40.5641163793106 38.9256465517234 25.5307112069022 28.1153017241362 19.8389008620739 28.6476293103452 26.3076508620705 32.207435344826 25 24 30.8550646551733 25.2068965517241 24.5770474137935 28
-9999 -9999 -9999 -9999 -9999 29.6584051724121 32.6384698275809 31 39.1778017241378 39.7478448275856 45.1718750000049 36.2279094827579 40 38.728987068967 38.3793103448279 41.1320043103447 38.6363146551717 37.935344827588 40.6503232758622 41.9283405172407 33.5673491379297 30.2785560344806 28.8846982758614 41.1454741379312 35 36.7332974137933 33.7451508620688 32.6206896551721 33.2839439655177 37.6206896551721 41.3620689655156 36.3081896551721 40.3006465517232 43.7925646551721 46.641163793105 41.9461206896548 38.6406249999962 34.6718750000021 27.4364224137922 29.8863146551741 22.9434267241382 22.1260775862076 26.8001077586209 20.0533405172413 24 23.4278017241389 29.1831896551693 27.3636853448284 32.5172413793117
-9999 -9999 -9999 -9999 31.2586206896566 29.2505387931044 31.1637931034476 32.2656249999996 34.472521551724 34.327586206896 38.8006465517315 38.9224137931037 38.2015086206904 45.3782327586224 38.0468749999987 38.0932112068951 40.5587284482759 35.9434267241362 42.8965517241375 41.4655172413787 35.040409482758 26.4391163793113 40.39924568966 41.0792025862072 35.3690732758621 33.7451508620699 -9999 30.3534482758626 24.8389008620683 39.232758620689 40.0937499999974 35.03609913793 37.8502155172435 37.3437500000005 43.2327586206909 39.5026939655162 29.1982758620712 31 27.0123922413813 28.4892241379229 22.1050646551722 20.224137931036 22.97359913793 24.6293103448276 31.5086206896569 30.8087284482734 23.6761853448291 27.4741379310336 29.9121767241371
-9999 -9999 -9999 27.3335129310329 33.1982758620684 32.8981681034507 34 32.9267241379312 34.169719827586 42.1637931034479 37.1244612069001 40.7187500000008 33.950969827586 42.413254310346 36.6454741379283 38.543103448274 36.0086206896549 37.6901939655183 41.0781250000013 36.4342672413793 34.3335129310304 30.3437499999974 40.1314655172505 36.7887931034485 35.0102370689658 30.2332974137925 -9999 35.2758620689654 32.3906249999996 37.2758620689654 39.2710129310333 39.3421336206881 40.5070043103454 42.6039870689653 40 32.1681034482759 27.6621767241373 34.1627155172469 32.7004310344789 28.7618534482739 28.1077586206901 26.8615301724139 30.4186422413797 25.1352370689658 27.1584051724188 21.5894396551708 33 26.8146551724138 36.2871767241375
-9999 -9999 -9999 30.649784482757 37.9337284482761 31.6023706896543 33.6610991379322 35.0484913793102 33.155172413793 35.4768318965481 37.8965517241384 42.7704741379318 37.5964439655155 41.0872844827587 41.9531250000013 40.9121767241413 37.0845905172415 38.8028017241409 40.1034482758616 36.5915948275874 34.925646551725 32.0177801724136 42.0824353448275 37.52801724138 33.8965517241384 37.3275862068977 38.0894396551724 26.7850215517223 39.3098060344828 40.4746767241396 40.9062500000001 37.3523706896564 44.9498922413796 45.415948275862 36.8976293103375 31 26.9175646551781 29.9127155172423 31.0360991379336 35.1858836206869 35.8205818965519 30.0404094827581 29.5150862068935 28.985452586207 29.0172413793146 35.843749999998 31.0565732758597 29.8981681034487 36.1158405172406
-9999 -9999 41.0581896551727 38.0571120689654 43.6691810344811 37.4816810344807 35.0533405172446 41.2473060344823 36.3033405172413 40.7456896551719 38.873922413793 41.0495689655175 34.1858836206904 37.9962284482781 37.8906250000009 37.0145474137958 37.9865301724142 37 33.2941810344858 42.9310344827584 37.9186422413769 27.0118534482758 36.5937500000043 36.0528017241381 34.8292025862058 35 32.6718749999998 37.5522629310348 39.3216594827579 42.0398706896554 40.5156249999985 40.4509698275849 39.3464439655155 39.5220905172414 39.4218750000021 34.8970905172429 30.4973060344871 30.718211206899 26.1379310344833 30.6589439655229 37.165409482758 24.313038793105 27.9881465517242 24.8787715517246 34.2397629310382 34.0581896551725 31.7214439655108 35.2661637931026 48.955280172415
-9999 -9999 30.7009698275867 39.5377155172427 42.5226293103465 37.4191810344815 37.2920258620698 38 38.3475215517236 36.5064655172406 37.9585129310333 38.1734913793106 34.4299568965526 38.4768318965527 43.0355603448266 38.2338362068952 32.2257543103453 40.7117456896564 40 40.0792025862069 41.6519396551705 34.8415948275855 36.5554956896572 38.5808189655169 36.4186422413795 34.830280172414 31.079202586207 40.1179956896543 39.8507543103453 38.7586206896551 43.6562499999991 37.1244612068969 39.2413793103449 39 40.4008620689649 39.8114224137933 38.9132543103439 33.5134698275845 37.5334051724129 26.8857758620722 41.4676724137935 34.0942887931025 24.739224137933 31.5894396551722 43.2941810344845 42.078125000001 37.7473060344822 43.5102370689649 45.5210129310342
-9999 34.6411637931056 36.247306034483 38 31.2268318965522 37.5360991379291 38.231142241376 42.7052801724142 39.9579741379301 39.5511853448273 42.4137931034486 47.8011853448281 37.2580818965501 36.0646551724121 32.8081896551735 44.4385775862118 38.5835129310342 37.6330818965501 38.7952586206897 39 36.1066810344845 38.9283405172412 39.6427801724177 34.1519396551732 36.1724137931028 34.5290948275845 33.5282866379309 31.5862068965514 38.8044181034482 40.0080818965501 41.8512931034466 40.3728448275852 43 37.2656249999997 33.0727370689656 40.9094827586203 38.6788793103437 36.6228448275861 38.8335129310365 37.1266163793095 39.5312500000008 39.3405172413799 44.5862068965514 59.4455818965518 54.3685344827575 41.5969827586233 38.3038793103406 40.9466594827601 44.398168103449
-9999 34.4137931034479 38.4865301724139 35.9197198275921 34.8836206896546 37.5598060344846 40.7160560344863 41.2182112068974 41.8205818965517 44.1023706896554 41.1724137931042 41.9175646551726 36.7559267241371 37.0592672413778 33.0468749999987 39.5835129310343 36.2505387931021 39.0743534482739 37.3491379310331 34.9547413793104 34.8275862068958 38.8281250000013 47 43.4892241379313 42.6794181034475 32.5290948275843 37.278017241379 32.3593749999992 35.9768318965517 37.0727370689656 41.3205818965512 37.3335129310378 38.2839439655167 34.5468750000003 38.4865301724141 34.3572198275867 35.1104525862067 38 40.1228448275866 39.8900862068958 41.3663793103451 38.4552801724164 41.2413793103437 47.8836206896556 52 48.8760775862053 47.4800646551748 45.38900862069 36.4423491379299
-9999 40.1023706896539 40.4762931034475 33.0921336206875 38.7553879310335 39.414870689658 37.5172413793108 43.1939655172424 38.6869612068966 43.956896551723 44.5673491379185 41.4714439655188 32.3173491379295 34.3195043103425 39.4816810344842 37.9962284482752 34.4897629310357 39.2526939655167 35.3195043103459 35.3809267241378 37.4105603448262 40.3108836206904 42.2031249999979 45.1848060344825 38.557112068966 38.9445043103435 35.4865301724139 37.6907327586206 39.0393318965515 36.400862068966 39.6492456896552 38.2505387931031 36.1481681034503 38.3351293103451 37.67995689655 40.4434267241377 41.331357758619 44.3879310344765 38.8189655172445 39.9358836206892 38.8857758620692 38.3248922413803 30.9110991379316 34.8653017241379 48.592672413788 57.1039870689635 46.3125000000028 41.8238146551728 28.2570043103442
-9999 34.0754310344829 30.0215517241377 28.6363146551708 36.4035560344819 40.9536637931036 45.9030172413793 34.8292025862056 39.8345905172416 40.8211206896556 38.599137931025 34.0522629310343 35.7887931034474 33.1363146551705 30.9811422413781 33.1912715517208 41.9310344827588 34.9967672413794 34.0689655172413 36.6179956896551 36.8071120689607 38.8620689655175 40.2720905172391 40.4579741379304 36.0872844827584 39.3453663793113 41.908405172414 41.3593749999992 37.7812499999991 40.1966594827549 39.5285560344837 40.8976293103451 39.0355603448276 37.0064655172414 36.3636853448295 41.1379310344825 32.9008620689726 36.9854525862009 36.3658405172424 39.6147629310328 20.0646551724136 28.0140086206897 29.7710129310358 27.3502155172404 52.0538793103442 55.7273706896536 51.1411637931033 38.9030172413802 45.9396551724154
-9999 -9999 -9999 34.2699353448285 35.4709051724139 43.1352370689625 33.0420258620694 26.9762931034477 38.4795258620682 -9999 31.8642241379326 35.2586206896552 37.0053879310345 36.1734913793088 37.3006465517256 39.9843749999971 39.9859913793107 36.1648706896571 40.0689655172439 37.683728448275 38.3556034482806 36.0684267241362 37.9579741379313 34.6104525862063 38.0549568965519 35.8065732758614 38.1373922413799 37.2850215517232 36.6320043103454 39.2149784482738 -9999 40.92780172414 39.2995689655131 40.0565732758623 36.8803879310345 41.5743534482742 32.6487068965491 33.7095905172344 34.8507543103444 28.334051724126 18.9240301724122 21.8793103448265 29.7424568965525 19.2295258620689 40.7817887931022 51.8265086206884 52.7656249999941 37.0016163793103 34.2052801724146
-9999 -9999 -9999 -9999 30.1928879310328 -9999 -9999 37.1562499999995 -9999 -9999 -9999 40.0775862068964 44.0792025862072 30.9784482758626 32.4741379310334 29.2914870689687 39.4342672413793 38.3518318965498 42.9568965517234 43.6799568965521 39.961206896551 35.0296336206893 39.6330818965526 41.5544181034478 38.3292025862068 41.4881465517223 29.5657327586209 40.3593749999992 32.4547413793087 36.8669181034487 37.7548491379318 34.2171336206889 34.7602370689645 31.9692887931031 37.4218750000021 39.6567887931036 34.1767241379301 29.2715517241364 30.8669181034479 20.7343749999979 19.9585129310339 20.3755387931041 20.9498922413821 29.3200431034473 52.691271551729 56.078125000001 37.6454741379354 44.2403017241391 35.3254310344816
-9999 -9999 -9999 -9999 37.7187499999984 44.2246767241392 -9999 -9999 -9999 -9999 -9999 -9999 29.6610991379314 29.4132543103458 34.0517241379296 40.5587284482772 43.5673491379306 41.0985991379311 40.4132543103443 36.4536637931034 34.5258620689669 31.448275862069 38.1330818965503 37.0242456896552 37.7343750000004 35.103448275862 35.5091594827589 41.706896551725 36.112068965517 33.3453663793123 33.7499999999993 34.0312500000025 24.1950431034501 29.4531249999997 36.2489224137938 41.7268318965515 34.7500000000021 32.448275862069 36.4175646551723 34.3426724137836 20.6864224137935 20.48868534483 28.5253232758615 40.1406249999996 48.9396551724119 54.7413793103459 47.1293103448287 33.4326508620694 36.5598060344853
-9999 -9999 -9999 -9999 -9999 -9999 -9999 34.7839439655174 43.96713362069 29.9509698275859 34.4132543103508 33.1540948275874 41.3507543103463 39.6206896551729 45.0177801724133 39.135775862067 39 37.7877155172396 40.4574353448284 35.1772629310346 37.0668103448254 32.8992456896537 29.3793103448271 32.5247844827585 35.1136853448275 35.0571120689657 -9999 35.4477370689638 38.7462284482758 33.6799568965531 32.098060344826 29.3006465517236 21.9687499999975 26.5312500000004 32.8981681034473 39.0010775862058 44.9315732758592 31.6718750000021 43.0824353448259 36.0253232758577 27.2413793103459 34.1153017241381 39.4369612068959 47.1540948275874 55.2963362068935 57.5910560344829 38.6826508620647 37.3696120689653 30.7332974137928
-9999 36.6212284482765 -9999 -9999 -9999 -9999 -9999 35.3663793103445 30.9515086206898 37.5328663793101 36.6918103448186 37.8512931034484 41.2295258620686 42.8389008620681 38.6993534482788 39.818426724143 38.5862068965525 36.4315732758609 38.0646551724134 34.4030172413791 38.3340517241341 34.7279094827593 32.0037715517259 27.4687500000009 31.3626077586203 37.5862068965525 37.9321120689656 39.0743534482756 33.7354525862072 35.6287715517225 34.7931034482736 33.9687499999975 32.3151939655193 25.4143318965528 29.2112068965487 34.8265086206889 47.7931034482842 47.6740301724115 46.9385775862068 45.2747844827565 42.7645474137921 48.4251077586203 46.0355603448273 57.7931034482762 53.6217672413921 57.7311422413788 37.4358836206931 31.815193965517 25.0156249999996
