rasterData/Kenya_CLYPPT_M_sl2_250m_ll.asc
NCOLS 96 
NROWS 116 
XLLCORNER 33.890468384 
YLLCORNER -4.677504203 
CELLSIZE 0.083276570625 
NODATA_value -9999 
[rows 22 to 43 of 116, columns 0 to 48 of 96]
-9999 -9999 -9999 -9999 -9999 -9999 -9999 29.0371767241382 28.5247844827584 30.4283405172415 25 31.9466594827588 31.9849137931034 40.1632543103469 21.9595905172425 20.4299568965613 17 14.9822198275867 14.6018318965514 21.1713362068964 24.272629310343 15.4207974137928 19.1686422413768 17.1950431034491 12.1891163793097 16.5635775862076 13.4245689655174 -9999 -9999 -9999 25 25.4962284482756 25.5156250000012 24.7586206896553 24.7381465517228 26.4612068965523 26.3108836206864 27.4326508620767 25.8173491379284 21.873922413797 29.670797413792 21.4062500000026 26.5554956896556 24.533405172414 26.7979525862125 28.7478448275861 27.5624999999975 28.6169181034483 32.6266163793101
-9999 -9999 -9999 -9999 -9999 -9999 -9999 -9999 26.4445043103441 35.8162715517246 30.0177801724143 31.3846982758612 35.6438577586206 36.1384698275852 29.0727370689663 18.9913793103432 15.4639008620686 15.4272629310351 12.0431034482766 28.6325431034482 7.41109913792852 15.7235991379297 13.3151939655139 9.36368534482824 13.4051724137933 14.5210129310369 22.5856681034483 -9999 -9999 -9999 26.0565732758619 24.6794181034489 26.8362068965524 28.2451508620691 25.1562499999957 27.6810344827589 26.3965517241422 27.3448275862069 23.1330818965522 28.448275862069 18.3432112068967 33.3275862068951 25.9051724137938 26.7817887931041 26.6120689655191 27.9649784482754 25.6713362068972 28.9913793103451 28.1190732758616
-9999 -9999 -9999 -9999 -9999 -9999 -9999 -9999 22.0646551724136 28.280172413793 30.6196120689753 30.7241379310347 30.8685344827596 28.3890086206864 23.6664870689621 21 18.71713362069 18.6433189655196 23.0727370689644 11.3852370689654 11.9612068965511 14.599676724139 11.3022629310346 14.1115301724136 13.1196120689667 16.2812500000052 20.2489224137929 -9999 -9999 -9999 21.6039870689664 17.649245689656 25.1023706896523 22.5468750000003 26.1427801724125 24.2187500000009 21.5360991379337 24.9364224137904 21.4272629310335 26.1923491379326 21.97952586207 27.3178879310321 27.1244612068957 26.8647629310342 34 29.5129310344839 27.9741379310334 26.0156249999996 27.2801724137928
-9999 -9999 -9999 -9999 -9999 -9999 -9999 -9999 -9999 34.1244612068966 33.2575431034527 37 28.1099137931047 28 28.0048491379309 22.0016163793107 24.672413793104 16.0614224137942 15.3103448275861 17.0980603448276 18.2440732758645 15.1891163793104 13.7354525862086 22.9757543103448 17.5237068965525 11.0420258620687 14.2758620689652 23.4956896551695 16.2079741379327 -9999 -9999 -9999 25.6411637931023 23.3399784482762 23.0598060344825 26.59698275862 19.9337284482763 19.8108836206922 23.9272629310346 25.4450431034501 24.3421336206903 15.8178879310333 28.0177801724137 34.7850215517245 36.19019396552 29.94719827586 29.1454741379328 27.8825431034487 26.0878232758625
-9999 -9999 -9999 -9999 -9999 -9999 -9999 -9999 -9999 -9999 31.1481681034525 28 27.7855603448267 27.8383620689699 15.4471982758584 17.9164870689625 16.0010775862069 17.7279094827618 15 17 18.2688577586235 17.8281250000013 13.74191810345 13.7128232758615 15.2656249999996 13.9719827586207 11.9773706896551 16.2564655172423 21.5587284482762 20.4617456896541 -9999 -9999 -9999 -9999 23.0290948275865 25.1077586206901 39 24.8098060344854 24 26.5452586206934 20.4094827586209 18 12.2742456896545 31.0495689655175 35.0328663793133 20.921874999999 27.1126077586228 31.987607758621 28.0813577586206
-9999 -9999 -9999 -9999 -9999 -9999 -9999 -9999 -9999 -9999 36 23.3480603448273 20.8604525862064 16.836745689653 18.6761853448298 16.5053879310321 17.2532327586204 15.7456896551727 15.0592672413803 15.026400862069 15.207435344827 16.5867456896564 14.3572198275824 19 25.5571120689658 22.36853448276 14.5964439655172 13.2726293103442 18.0695043103462 19.4218749999987 -9999 -9999 -9999 -9999 23.4008620689649 24.4849137931029 38.2133620689597 28.1621767241385 25.9283405172411 27.6945043103442 19.023168103448 18.7968749999987 18.3437499999974 20.4827586206898 30.490840517248 29.5172413793102 31.9418103448251 31.9843750000004 31.2532327586204
-9999 -9999 -9999 -9999 -9999 -9999 -9999 -9999 -9999 -9999 -9999 26.9342672413793 26 21.5404094827597 20.4606681034472 15.4008620689633 17.5797413793103 22.464978448279 13.0781250000013 16.1724137931031 16.71120689655 15.5856681034472 17.0840517241371 25.7914870689644 24.5695043103447 24.9488146551723 20.3281250000002 13.7893318965523 19.5528017241383 17 19.7031249999988 -9999 25.2004310344823 -9999 19.1745689655182 27.9892241379313 38.7025862068932 27.0657327586239 25.5775862068954 18.1557112068977 25.5862068965515 14.67025862069 18.4741379310309 19.7769396551731 19.0905172413822 27.4137931034485 30.027478448277 28.5678879310348 30.5926724137928
-9999 -9999 -9999 -9999 -9999 -9999 -9999 -9999 -9999 -9999 -9999 -9999 31.0441810344827 20.8733836206879 21.5587284482768 25.027478448281 18.1605603448284 17.8787715517274 13.9542025862061 17 15 16.5856681034468 18.084051724137 27.4962284482748 24.4595905172412 21.5878232758626 15.6519396551726 14.3755387931041 21.6093750000004 16.7607758620686 20.8674568965498 24.2004310344821 -9999 -9999 19.9003232758622 23.30010775862 28 27.8550646551696 16 19.7801724137915 12 17.9741379310379 27.2710129310336 23.6443965517242 25.413793103448 30.0942887931029 30 28.438577586206 23.1632543103456
-9999 -9999 -9999 -9999 -9999 -9999 -9999 -9999 -9999 -9999 -9999 -9999 32.5393318965518 34.9407327586223 30 24.2570043103477 19.2688577586199 19.9418103448292 16.2225215517237 18.0829741379311 19.1066810344847 17.1303879310335 15.2031249999979 24.2413793103447 22.7085129310337 19.466594827587 18.1621767241378 23 24.8340517241373 22.4762931034499 21 21.8992456896568 -9999 -9999 20.4385775862053 24.2209051724143 22.2413793103447 23.1621767241384 15.7747844827577 14.557112068964 12.4261853448275 19.9186422413773 23 21.5894396551719 24.3243534482784 24.5231681034486 27.7230603448262 29.2613146551718 25.9843750000004
-9999 -9999 -9999 -9999 -9999 -9999 -9999 -9999 -9999 -9999 -9999 -9999 32.0075431034483 34.014547413791 30.8653017241382 32.96659482758 22.0134698275858 25.9967672413794 19.0635775862067 17.0689655172412 17.399784482763 17.1029094827575 15.1891163793084 24.0851293103447 19.6654094827592 13.0484913793102 26.0226293103448 29.5964439655181 26.9159482758622 25.1454741379334 22.0560344827562 18.06681034483 22.5845905172424 21.509159482759 21.0689655172412 23.9310344827588 14.9310344827588 13.3663793103489 13.0484913793102 13 12.0528017241378 15.2440732758631 17.8518318965528 25.1379310344824 26.8216594827553 27.0727370689665 26.2219827586239 25 29.0845905172408
-9999 -9999 -9999 -9999 -9999 -9999 -9999 -9999 -9999 -9999 -9999 -9999 28 36.0080818965515 34.9110991379335 30.1174568965543 23.9983836206897 27.8965517241379 21.9746767241392 16.0980603448276 17.3038793103465 16 15.3679956896535 26 24.5037715517233 27.0307112068967 23 26.0371767241378 26.1664870689656 32.4746767241392 29.4628232758631 24.9779094827609 24.8997844827589 23.8124999999995 24.8599137931073 25.4428879310349 17.8922413793283 14.7931034482759 20 21.7343749999979 15.1034482758621 14.2031250000013 13.2925646551725 27.1034482758621 28.0867456896579 24.7149784482749 26.8965517241379 27.9294181034474 35.2052801724138
-9999 -9999 -9999 -9999 -9999 -9999 -9999 -9999 -9999 -9999 -9999 -9999 30.7844827586208 32.3108836206889 33.2500000000009 35.7241379310343 25.9843750000004 25.0339439655163 24.3081896551765 17.0301724137931 21.5129310344825 15.4385775862037 15.0560344827581 27.2343750000004 22.2025862068968 24.7268318965543 26.7623922413793 25.6508620689658 26.5490301724139 32.3054956896542 20.6562500000017 22.6085668103445 23 23.7241379310343 30.6810344827596 28.4843750000007 29.093211206892 21.0948275862081 14 16.8965517241371 16 19 17.9542025862034 24.9978448275852 23.6179956896602 24.8410560344835 31.4612068965519 36.2828663793104 36.5560344827589
-9999 -9999 -9999 -9999 -9999 -9999 -9999 -9999 -9999 -9999 -9999 -9999 -9999 34.1734913793084 34.5258620689662 33.4342672413767 28.6691810344823 26 26.0700431034494 26.6007543103448 24.4224137931049 26.0684267241367 22.7672413793138 24.7068965517246 24.4881465517235 27 25.4315732758622 25.0662715517242 25.901939655172 27.2925646551718 16.8820043103439 -9999 21 20.9434267241379 33.5781249999979 31.2925646551716 33.1982758620711 23.9067887930982 15.2968750000011 23.3415948275881 14.8706896551726 17.0910560344833 22.1298491379315 25.9224137931037 26.6670258620759 27.8087284482734 31.0678879310373 35.896551724138 37.0172413793099
-9999 -9999 -9999 -9999 -9999 -9999 -9999 -9999 -9999 -9999 -9999 -9999 -9999 25.4278017241365 23.8281249999978 31.6266163793116 35.3480603448283 22.3906249999995 23.53556034483 18.8943965517239 26.8593749999975 27.3378232758622 25 18.4191810344833 20.3793103448274 28.8157327586199 27.9585129310345 24.6406250000008 32 25.3162715517261 20.5156250000012 27.7063577586183 21.3006465517235 25.6988146551719 25.8437500000043 37.3017241379322 26.1363146551738 23.5000000000026 14.0824353448263 14.2785560344818 23 11.670797413791 19.9067887931021 17.6400862068966 26.9321120689633 29.97036637931 32.3615301724129 33.6169181034485 37.5894396551734
-9999 -9999 -9999 -9999 -9999 -9999 -9999 -9999 -9999 -9999 -9999 -9999 -9999 26.7473060344842 30.0371767241369 27.0091594827603 34.2349137931025 21.9628232758631 24.7931034482761 24.7063577586209 28.2731681034453 31.6923491379319 26.3060344827619 27.8900862068969 24.8442887931036 25.2354525862079 26.4649784482759 24.4919181034475 26.7931034482761 25.1196120689657 25.5468749999987 23.8604525862023 21.8933189655171 24.5662715517238 25.2941810344829 21 24.9256465517234 24.7521551724205 21.8545258620694 28 22 19.9579741379308 18.8286637931034 16.8221982758622 29.5862068965522 25.6988146551727 34.9903017241375 31.012392241379 33.4229525862062
-9999 -9999 -9999 -9999 -9999 -9999 -9999 -9999 -9999 -9999 -9999 -9999 -9999 21.9682112068965 29.9719827586234 25.0829741379337 31.1487068965506 29.1158405172402 26.8927801724126 28.0269396551724 28.0296336206896 28.8054956896563 35.1616379310324 26.0344827586207 24.0183189655172 22.3798491379321 32.6487068965516 28.3248922413785 25.2322198275871 21.5619612068891 21.4719827586219 19.549030172415 30.9865301724114 21.4719827586204 22.6584051724222 23.3561422413789 26.0878232758733 33.9531249999996 23.0242456896552 16.7780172413773 23.2688577586203 18.9725215517242 27.9655172413793 17.8642241379314 19.8906249999965 28.7618534482719 22.0296336206895 27.003771551725 24.0985991379303
-9999 -9999 -9999 -9999 -9999 -9999 -9999 -9999 -9999 -9999 -9999 -9999 -9999 23.2543103448284 27.3098060344821 31.7262931034484 26.318426724137 31.0468749999987 23.8728448275863 30.5204741379307 27.4358836206928 31.0339439655158 30.971982758621 27.7979525862066 29.7343750000004 25.55280172414 26.6562500000003 23.4191810344845 23.2424568965524 24.0581896551723 29.1379310344829 23.5156250000012 29.8890086206916 25.4714439655174 23.5781249999979 31.1681034482761 22.3593750000038 36.0905172413788 37.8620689655171 26.6066810344787 30.7015086206905 21.6497844827565 16.71390086207 16.5210129310334 18.8620689655171 20.2866379310349 26 29.1179956896558 21.273706896552
-9999 -9999 -9999 -9999 -9999 -9999 -9999 -9999 -9999 -9999 -9999 -9999 -9999 29.1804956896503 31.638469827586 30.0204741379349 27 35.967672413794 32.4665948275889 28.8906249999999 28.9030172413776 28 28.4865301724158 28.0754310344815 23.4110991379309 25.6239224137971 22.2085129310345 22.1314655172417 21.5414870689657 20.4218749999987 23.3771551724128 26.5705818965544 25.4746767241359 24.0021551724134 27.2909482758635 23.1099137931035 23 25.6718750000021 28.2667025862063 34.2656250000021 30.7656250000004 24.9369612068961 24.3674568965516 23.0872844827584 27.4633620689583 22.8065732758647 21.0290948275874 25.3114224137932 28.0156249999996
-9999 -9999 -9999 -9999 -9999 -9999 -9999 -9999 -9999 -9999 -9999 -9999 -9999 24 27.0118534482762 19.4827586206898 27.0080818965515 30.5296336206885 34.4073275862058 26.7322198275862 26.5851293103459 35 23.5102370689655 32.2343750000004 28.1880387931028 28.8221982758618 20.5210129310345 18.842133620689 21.7904094827589 18.7209051724131 21 24.7510775862062 26.9326508620682 28.2187499999999 26.2036637931045 26.7058189655169 21.6934267241401 30.6562499999957 25.9676724137946 30.822198275868 28.886853448276 22.7968749999987 25.8265086206872 30.0344827586204 19.5921336206933 22.514547413793 22.5156249999998 26.9919181034485 29.033943965517
-9999 -9999 -9999 -9999 -9999 -9999 -9999 -9999 -9999 -9999 -9999 -9999 30.3071120689651 21.7408405172394 24.2817887931049 22.355064655174 24.3604525862062 28.983836206897 31.0587284482754 27.5495689655174 24.6551724137934 32.1718749999987 27.4865301724153 30.5711206896555 33.4811422413798 27.2424568965511 23.4401939655173 22.6530172413798 18.7306034482764 22.3787715517252 23 25.8221982758618 26.8151939655182 27.5468750000003 31.4757543103454 26.3992456896556 22.7645474137905 25.8394396551789 23.6417025862077 26.7968750000062 21.3448275862066 26.2645474137972 23.2322198275867 28.436961206896 28.4951508620754 24.6476293103464 19.1406250000059 24.0204741379305 28.9601293103459
-9999 -9999 -9999 -9999 -9999 -9999 -9999 -9999 -9999 -9999 -9999 -9999 25.2440732758622 24 28.2591594827606 28.6266163793053 29.028556034482 32.1724137931033 34.6201508620657 25.9283405172413 24.2963362068954 28.969827586206 31.2925646551797 31.7359913793107 38 28.5662715517255 23.9407327586208 23.69073275862 19.8949353448276 30.5511853448285 29.1724137931033 26.4267241379321 28.6988146551743 29.2828663793102 28.5258620689693 23.504310344828 21.2974137931067 23.8275862068967 26.0700431034478 29.8733836206901 29.5528017241386 22.5393318965552 22.5431034482781 26.6309267241383 31.9644396551825 22.2505387931043 33.046875000002 25.8302801724139 25.8302801724139
-9999 -9999 -9999 -9999 -9999 -9999 -9999 -9999 -9999 -9999 -9999 29.7187500000011 23.3281250000014 24 30.140624999996 26.9843749999969 27 32.9062500000026 29.0000000000002 35.7812499999999 24.1406250000027 25 23.7968750000022 27.9999999999999 36.531249999999 29.7031249999989 27.0156249999991 21.3593749999993 28.2187500000005 18.8437499999978 25.9999999999999 28.5156250000015 33.0000000000002 35.4531249999995 34.1562499999955 24.6093750000002 21.9999999999999 25.3437500000042 23.9999999999999 27.7968750000063 39.5312500000002 23.4062500000025 22.0000000000002 23.8593750000004 27.7812499999923 21 29.140625000005 22.9843750000002 29.0156249999998
