rasterData/Kenya_bio4.asc
NCOLS 96 
NROWS 116 
XLLCORNER 33.890468384 
YLLCORNER -4.677504203 
CELLSIZE 0.083276570625 
NODATA_value -3.4e+38 
[rows 21 to 41 of 116, columns 47 to 93 of 96]
124.144050598145 125.344635009766 126.917274475098 128.998489379883 130.784881591797 133.292373657227 136.672760009766 139.939041137695 141.832504272461 142.954437255859 144.238525390625 147.603118896484 150.854202270508 154.012145996094 157.572784423828 158.848709106445 159.048828125 155.416519165039 154.500305175781 153.724716186523 152.858352661133 148.451950073242 143.302795410156 140.48828125 137.866333007812 135.511795043945 132.575531005859 131.614440917969 131.093856811523 130.075958251953 130.591903686523 132.633682250977 132.856002807617 127.968627929688 128.336166381836 129.745422363281 132.189895629883 132.121490478516 130.167755126953 127.713249206543 126.571914672852 126.480010986328 -3.4e+38 -3.4e+38 -3.4e+38 -3.4e+38 -3.4e+38
121.259216308594 123.024520874023 124.387596130371 125.633102416992 127.562934875488 130.06428527832 133.952713012695 137.569671630859 139.744201660156 140.635848999023 141.763031005859 142.654312133789 145.945297241211 150.171798706055 153.299880981445 153.726531982422 154.678771972656 152.173385620117 150.012786865234 148.114318847656 148.33332824707 144.820892333984 138.337661743164 136.034454345703 136.364440917969 134.944488525391 131.647994995117 129.759628295898 128.870483398438 129.672348022461 130.059326171875 130.822540283203 132.737991333008 129.404052734375 128.569549560547 129.911483764648 129.810043334961 129.35871887207 129.062133789062 128.964813232422 128.64616394043 -3.4e+38 -3.4e+38 -3.4e+38 -3.4e+38 -3.4e+38 -3.4e+38
119.718246459961 121.714645385742 123.360748291016 124.409049987793 125.779266357422 127.764152526855 130.613525390625 134.556838989258 138.302352905273 138.605743408203 138.234512329102 139.805480957031 142.069412231445 146.235321044922 148.820053100586 147.985000610352 148.234130859375 149.168106079102 147.782577514648 145.672241210938 144.33251953125 141.448226928711 137.44841003418 136.435958862305 134.795959472656 132.951110839844 130.722579956055 127.97957611084 126.80500793457 128.102310180664 128.819854736328 129.394775390625 130.828826904297 128.958129882812 128.707626342773 129.688339233398 129.794189453125 129.424591064453 128.675415039062 128.562622070312 -3.4e+38 -3.4e+38 -3.4e+38 -3.4e+38 -3.4e+38 -3.4e+38 -3.4e+38
118.094207763672 119.732719421387 121.579154968262 123.828773498535 125.222328186035 126.157104492188 127.467269897461 130.6337890625 134.7626953125 135.969100952148 136.440704345703 137.969772338867 140.377227783203 142.032272338867 145.467559814453 144.679580688477 144.808517456055 146.990234375 145.901336669922 142.76594543457 141.6259765625 140.919815063477 142.216445922852 139.733505249023 134.973922729492 133.463653564453 130.766647338867 128.211074829102 127.966720581055 127.03931427002 127.246871948242 128.515762329102 130.887176513672 128.951583862305 128.755325317383 129.462341308594 129.73876953125 128.703033447266 129.130523681641 -3.4e+38 -3.4e+38 -3.4e+38 -3.4e+38 -3.4e+38 -3.4e+38 -3.4e+38 -3.4e+38
115.423179626465 118.251266479492 120.051002502441 122.724014282227 124.522499084473 125.117118835449 126.169784545898 129.264770507812 130.943984985352 131.732788085938 133.435302734375 135.992309570312 137.89501953125 138.553771972656 140.837417602539 140.071670532227 140.167724609375 141.343597412109 141.410888671875 140.611602783203 140.160766601562 139.503143310547 139.711303710938 138.228210449219 134.218551635742 132.504501342773 131.199600219727 130.011199951172 129.63020324707 129.625915527344 127.56763458252 127.7587890625 130.305068969727 130.076156616211 128.796020507812 128.57551574707 128.326599121094 127.898399353027 -3.4e+38 -3.4e+38 -3.4e+38 -3.4e+38 -3.4e+38 -3.4e+38 -3.4e+38 -3.4e+38 -3.4e+38
112.026222229004 115.830101013184 118.710479736328 121.30590057373 123.462593078613 124.403533935547 125.99195098877 126.373840332031 127.112770080566 128.97607421875 131.344696044922 134.253814697266 133.812438964844 135.512969970703 137.934097290039 137.330795288086 136.897888183594 138.423248291016 139.350936889648 139.308197021484 139.342529296875 138.680740356445 139.649169921875 140.196212768555 137.97380065918 132.671661376953 130.94905090332 130.273941040039 130.527648925781 130.944747924805 129.23388671875 126.967567443848 128.94856262207 132.28923034668 131.275573730469 129.568450927734 129.674713134766 129.619476318359 -3.4e+38 -3.4e+38 -3.4e+38 -3.4e+38 -3.4e+38 -3.4e+38 -3.4e+38 -3.4e+38 -3.4e+38
108.761703491211 113.935111999512 117.040916442871 119.934997558594 122.060890197754 121.922012329102 121.846488952637 122.504341125488 123.199554443359 125.981994628906 127.601440429688 130.73420715332 130.516418457031 132.357406616211 133.238891601562 133.009628295898 133.900543212891 134.836288452148 135.882064819336 136.101303100586 137.151245117188 135.653823852539 135.940185546875 136.023223876953 136.305358886719 132.364181518555 130.689361572266 129.920074462891 130.217025756836 130.169158935547 128.320648193359 126.976058959961 127.29907989502 130.836776733398 132.408279418945 131.364639282227 130.193939208984 130.832702636719 -3.4e+38 -3.4e+38 -3.4e+38 -3.4e+38 -3.4e+38 -3.4e+38 -3.4e+38 -3.4e+38 -3.4e+38
106.86946105957 112.394462585449 116.335380554199 118.312355041504 119.376976013184 118.55233001709 118.821174621582 120.904945373535 120.41967010498 121.965805053711 124.545684814453 127.268737792969 128.355041503906 128.665222167969 129.859313964844 128.54280090332 130.367034912109 131.519149780273 132.325149536133 133.742767333984 134.950271606445 135.033752441406 134.300170898438 132.709045410156 132.743606567383 133.339263916016 130.595199584961 129.463928222656 130.664337158203 131.397277832031 130.462738037109 128.308380126953 127.119552612305 129.093978881836 132.728210449219 133.97477722168 133.987487792969 133.901626586914 -3.4e+38 -3.4e+38 -3.4e+38 -3.4e+38 -3.4e+38 -3.4e+38 -3.4e+38 -3.4e+38 -3.4e+38
106.428527832031 112.712783813477 115.66650390625 115.25163269043 114.229354858398 113.670776367188 112.955108642578 115.408103942871 117.863166809082 119.634155273438 121.694526672363 122.985244750977 122.279922485352 122.332984924316 126.218376159668 125.146850585938 126.670761108398 127.498649597168 129.529403686523 133.107360839844 132.097686767578 131.086349487305 130.503982543945 129.446899414062 129.788513183594 129.924163818359 128.431304931641 128.866424560547 131.222015380859 131.588821411133 130.232009887695 128.617645263672 128.127014160156 128.993286132812 132.321487426758 134.970031738281 137.511901855469 137.103637695312 -3.4e+38 -3.4e+38 -3.4e+38 -3.4e+38 -3.4e+38 -3.4e+38 -3.4e+38 -3.4e+38 -3.4e+38
106.101036071777 111.602203369141 112.591575622559 110.843872070312 109.795631408691 109.79288482666 109.21997833252 111.197380065918 113.983177185059 115.804023742676 117.355316162109 117.420524597168 116.793609619141 118.369079589844 123.17015838623 121.965019226074 123.226058959961 124.560356140137 126.849487304688 129.165023803711 128.638885498047 128.254776000977 127.149955749512 127.064109802246 127.795944213867 127.557037353516 127.509796142578 128.391632080078 128.960021972656 129.115982055664 127.840507507324 127.888778686523 128.648635864258 129.24772644043 129.84196472168 133.575988769531 137.382720947266 139.257507324219 -3.4e+38 -3.4e+38 -3.4e+38 -3.4e+38 -3.4e+38 -3.4e+38 -3.4e+38 -3.4e+38 -3.4e+38
105.654388427734 108.904762268066 106.51887512207 105.16854095459 104.867637634277 106.288772583008 106.394134521484 107.686576843262 110.837173461914 112.291412353516 114.271636962891 113.686706542969 113.101028442383 114.475479125977 118.35131072998 119.408142089844 119.788040161133 120.439407348633 122.354682922363 125.266410827637 126.073852539062 126.079544067383 125.041610717773 124.559745788574 124.85506439209 125.284484863281 126.339920043945 127.38648223877 128.397994995117 129.058731079102 128.309173583984 128.369918823242 128.84782409668 128.593887329102 128.973251342773 130.882965087891 134.846160888672 138.076568603516 -3.4e+38 -3.4e+38 -3.4e+38 -3.4e+38 -3.4e+38 -3.4e+38 -3.4e+38 -3.4e+38 -3.4e+38
104.628494262695 108.15055847168 102.045036315918 99.8847732543945 100.884635925293 101.519050598145 102.868499755859 104.506546020508 106.154830932617 108.828163146973 110.159599304199 110.376434326172 110.981552124023 111.475105285645 113.375129699707 116.576988220215 116.240730285645 116.521926879883 118.914398193359 121.445243835449 122.282455444336 122.927040100098 122.92667388916 122.192794799805 122.366836547852 123.213569641113 125.545845031738 126.816436767578 127.841003417969 128.725799560547 127.662033081055 127.432495117188 128.312118530273 128.661834716797 129.078414916992 130.998001098633 134.075805664062 136.556015014648 -3.4e+38 -3.4e+38 -3.4e+38 -3.4e+38 -3.4e+38 -3.4e+38 -3.4e+38 -3.4e+38 -3.4e+38
98.2591552734375 98.9197387695312 95.7120971679688 95.1951904296875 96.6477584838867 96.6471328735352 98.8066101074219 101.012763977051 103.600357055664 106.342132568359 107.289176940918 107.323745727539 108.275367736816 109.454307556152 109.555557250977 110.58602142334 112.672805786133 114.225242614746 116.207374572754 118.638862609863 119.060348510742 120.124458312988 120.417556762695 119.804931640625 120.583106994629 121.279037475586 123.711982727051 125.165306091309 125.867248535156 126.858795166016 127.132308959961 127.678466796875 128.044326782227 128.639511108398 130.146835327148 131.311340332031 133.168792724609 135.323226928711 -3.4e+38 -3.4e+38 -3.4e+38 -3.4e+38 -3.4e+38 -3.4e+38 -3.4e+38 -3.4e+38 -3.4e+38
92.4101638793945 90.6208343505859 90.3933486938477 91.0324630737305 92.6615600585938 93.7774124145508 96.0746307373047 97.9823760986328 101.525634765625 104.327568054199 105.006591796875 104.76342010498 106.137222290039 106.555671691895 107.732276916504 107.682250976562 110.563484191895 112.234649658203 113.725593566895 115.366821289062 115.711120605469 116.477012634277 117.896072387695 117.860046386719 118.698432922363 119.738655090332 121.240585327148 122.090957641602 123.441688537598 125.57608795166 125.929618835449 127.701164245605 128.552032470703 129.419723510742 130.728759765625 131.731414794922 132.720733642578 134.787872314453 -3.4e+38 -3.4e+38 -3.4e+38 -3.4e+38 -3.4e+38 -3.4e+38 -3.4e+38 -3.4e+38 -3.4e+38
88.6224594116211 87.975700378418 87.6519088745117 89.5614318847656 89.7709808349609 92.2937316894531 94.6452331542969 96.4534301757812 100.27074432373 101.494178771973 101.865982055664 102.407730102539 103.658355712891 104.855804443359 105.973609924316 106.924331665039 108.442016601562 109.954521179199 111.049133300781 111.97233581543 112.000686645508 112.052360534668 113.818305969238 115.750427246094 116.23469543457 117.534286499023 118.625694274902 119.962776184082 121.459831237793 123.378547668457 124.390869140625 126.256309509277 128.824615478516 130.022811889648 131.044357299805 132.026702880859 133.496826171875 134.972015380859 -3.4e+38 -3.4e+38 -3.4e+38 -3.4e+38 -3.4e+38 -3.4e+38 -3.4e+38 -3.4e+38 -3.4e+38
84.1653594970703 84.4330368041992 84.9236145019531 86.5164642333984 87.3699111938477 90.3720169067383 91.9085693359375 94.3129348754883 97.8075180053711 99.001579284668 99.7992477416992 101.176239013672 101.47386932373 102.319610595703 102.444358825684 103.710998535156 104.993942260742 107.099838256836 108.382255554199 109.17017364502 109.213012695312 108.960807800293 109.47925567627 112.276969909668 113.621643066406 114.723815917969 116.602333068848 118.138114929199 119.738655090332 120.856918334961 123.590103149414 125.220321655273 126.97868347168 129.919570922852 131.671432495117 132.622634887695 133.794387817383 135.580429077148 -3.4e+38 -3.4e+38 -3.4e+38 -3.4e+38 -3.4e+38 -3.4e+38 -3.4e+38 -3.4e+38 -3.4e+38
82.9033432006836 82.9024963378906 83.1370468139648 84.7108764648438 85.985710144043 87.640007019043 89.6916885375977 91.7462692260742 95.326904296875 96.7286682128906 96.5417633056641 97.874755859375 98.9117965698242 99.1120986938477 98.5416641235352 100.199150085449 102.357009887695 104.33277130127 105.589630126953 106.772491455078 106.505088806152 106.064140319824 106.729644775391 109.651565551758 111.033638000488 112.04029083252 114.259773254395 116.324546813965 118.245590209961 119.902938842773 122.226303100586 124.122055053711 125.685607910156 128.544448852539 131.158493041992 132.565963745117 134.22673034668 135.739181518555 -3.4e+38 -3.4e+38 -3.4e+38 -3.4e+38 -3.4e+38 -3.4e+38 -3.4e+38 -3.4e+38 -3.4e+38
82.4825592041016 83.3860473632812 83.506721496582 84.6574554443359 84.9829940795898 86.3620986938477 88.2440643310547 90.3088455200195 92.7860565185547 93.8988189697266 93.8737106323242 95.0042953491211 97.5763854980469 97.3888092041016 96.540657043457 98.2784271240234 100.356498718262 102.164978027344 103.687019348145 103.997192382812 104.34822845459 104.84302520752 105.572708129883 107.46231842041 108.86515045166 110.314743041992 112.007583618164 113.794242858887 116.774353027344 119.011474609375 120.509773254395 122.760856628418 125.032096862793 127.121490478516 129.792129516602 131.545364379883 133.486480712891 135.872482299805 -3.4e+38 -3.4e+38 -3.4e+38 -3.4e+38 -3.4e+38 -3.4e+38 -3.4e+38 -3.4e+38 -3.4e+38
81.9928359985352 83.6866989135742 84.5346908569336 85.5879364013672 84.8835296630859 85.2359619140625 86.4656295776367 87.3248825073242 88.8574142456055 90.032829284668 90.9445419311523 92.9961624145508 95.0776443481445 96.3679046630859 96.8185958862305 97.8955917358398 99.0319747924805 100.014373779297 101.176338195801 101.521125793457 102.100875854492 102.874145507812 104.393753051758 105.925857543945 106.696853637695 108.413024902344 110.178817749023 112.373336791992 115.308898925781 117.697303771973 119.355293273926 121.076362609863 123.729690551758 125.253448486328 128.274108886719 131.312377929688 133.270080566406 135.770736694336 -3.4e+38 -3.4e+38 -3.4e+38 -3.4e+38 -3.4e+38 -3.4e+38 -3.4e+38 -3.4e+38 -3.4e+38
80.7614364624023 81.8968200683594 82.8398666381836 83.6541519165039 83.4760971069336 84.4146728515625 85.6005706787109 86.3014755249023 87.3562698364258 88.185661315918 89.3663940429688 91.3027420043945 93.6564788818359 94.4691925048828 95.6470794677734 97.6882858276367 98.2386474609375 98.0560913085938 98.588623046875 100.646606445312 101.742645263672 102.870246887207 104.857368469238 105.873832702637 106.951156616211 108.314666748047 109.876731872559 111.902313232422 113.612007141113 115.139106750488 117.611526489258 119.463790893555 121.939010620117 124.784736633301 127.671974182129 130.536087036133 132.841232299805 134.930786132812 -3.4e+38 -3.4e+38 -3.4e+38 -3.4e+38 -3.4e+38 -3.4e+38 -3.4e+38 -3.4e+38 -3.4e+38
79.4241409301758 80.6821517944336 82.3176345825195 82.7279357910156 83.3775634765625 83.0479125976562 83.5328216552734 84.5174026489258 85.6037750244141 87.2885894775391 87.6282653808594 88.194465637207 89.5893936157227 89.8729782104492 92.4412536621094 95.2601013183594 97.2949829101562 97.328987121582 97.4124298095703 98.8748626708984 100.680145263672 103.099266052246 103.702133178711 106.074417114258 106.576622009277 108.146759033203 109.094863891602 111.142784118652 112.505249023438 114.018661499023 116.654403686523 119.072296142578 121.836639404297 124.749542236328 127.492935180664 130.281097412109 132.947463989258 135.158721923828 -3.4e+38 -3.4e+38 -3.4e+38 -3.4e+38 -3.4e+38 -3.4e+38 -3.4e+38 -3.4e+38 -3.4e+38
