rasterData/Kenya_bio4.asc
NCOLS 96 
NROWS 116 
XLLCORNER 33.890468384 
YLLCORNER -4.677504203 
CELLSIZE 0.083276570625 
NODATA_value -3.4e+38 
[rows 63 to 83 of 116, columns 0 to 46 of 96]
60.264423370361300 61.394947052002 61.7840423583984 62.140453338623 66.7280120849609 65.759162902832 63.9810180664062 65.0236358642578 64.8609161376953 64.3945922851562 64.1956405639648 65.1037750244141 66.7699279785156 67.3476867675781 67.3151473999023 68.9947128295898 67.8549652099609 64.2604522705078 66.1231536865234 69.9636535644531 68.4320373535156 66.8235702514648 67.8755264282227 69.4420623779297 71.9938278198242 69.3576278686523 70.2343444824219 74.7805709838867 77.0693206787109 78.6483993530273 77.0342712402344 78.7958602905273 75.6714706420898 71.2388076782227 70.0671463012695 71.0215682983398 70.0214691162109 70.8456420898438 76.396110534668 80.4530563354492 84.5471649169922 87.2922592163086 92.7472457885742 96.6965713500977 94.4421997070312 101.055519104004 113.544090270996
59.6600074768066 60.1339645385742 61.4260063171387 62.0093955993652 63.3416786193848 62.1971244812012 65.1794128417969 68.9263534545898 68.3193664550781 66.1719741821289 64.5935821533203 65.0330123901367 67.6316299438477 71.3284530639648 76.033821105957 79.3215942382812 73.9085693359375 62.3570213317871 66.1436767578125 69.7740249633789 70.8437423706055 71.168571472168 67.3098831176758 69.3982772827148 74.5546951293945 71.670280456543 70.03564453125 73.2693634033203 75.396598815918 79.3795471191406 79.2312316894531 81.9590911865234 78.7886276245117 75.986686706543 77.1395797729492 79.0450592041016 79.0573501586914 81.4785232543945 85.3937225341797 90.1906585693359 92.0775909423828 95.3305358886719 98.0281829833984 96.7658615112305 95.2396926879883 104.383560180664 115.046020507812
58.8333320617676 60.0148773193359 60.720588684082 61.1961326599121 63.908519744873 64.5698852539062 63.3339424133301 68.2184829711914 67.7607498168945 67.6366271972656 67.6340789794922 69.2817916870117 71.9135513305664 75.7817535400391 77.9693756103516 79.2134017944336 77.0006103515625 67.0436096191406 65.3380661010742 67.9410934448242 71.6060943603516 75.567985534668 71.654914855957 68.6398315429688 75.7968444824219 80.4148101806641 75.5654373168945 74.2041168212891 77.005859375 81.6371307373047 82.0870208740234 84.8875045776367 83.8139495849609 85.7637634277344 83.7354507446289 87.2999801635742 93.603271484375 95.0763473510742 95.8961029052734 95.1712265014648 94.6372680664062 95.861213684082 97.8899765014648 98.11279296875 100.706764221191 107.363555908203 116.644905090332
57.8198738098145 59.2088890075684 59.9739761352539 63.1075820922852 67.2428588867188 67.9306640625 66.9117279052734 65.8353576660156 66.87451171875 68.0292053222656 69.5461959838867 74.6185684204102 79.9608612060547 80.0912017822266 82.3480072021484 84.7742080688477 80.4462432861328 73.940299987793 66.8656997680664 66.4961013793945 70.4849243164062 76.0617294311523 76.7366180419922 76.1774063110352 76.3280944824219 84.1573791503906 80.5702438354492 77.6627502441406 80.599723815918 84.7945098876953 88.2921524047852 90.4916763305664 88.8164672851562 88.1779403686523 90.4432907104492 94.0717010498047 96.9899139404297 103.558303833008 104.054718017578 102.648574829102 99.1983642578125 97.7095794677734 99.5124664306641 101.166206359863 103.243682861328 106.340057373047 116.767219543457
57.2628517150879 58.3718528747559 60.0043182373047 64.5377655029297 66.6713943481445 65.4544830322266 65.7478790283203 66.0426712036133 67.3284683227539 68.7352905273438 69.4911727905273 77.2982635498047 81.6902389526367 81.7462615966797 82.9731750488281 85.022216796875 81.757942199707 77.0785064697266 70.3422698974609 67.7071838378906 69.8661041259766 73.9292678833008 77.018798828125 80.5974884033203 80.2291107177734 80.3466873168945 85.2540054321289 86.0752563476562 90.5707092285156 85.5032577514648 92.091178894043 91.8776626586914 93.4629592895508 89.3313369750977 97.0216903686523 100.198020935059 102.37060546875 109.866134643555 112.60612487793 108.501197814941 100.14729309082 99.5563354492188 102.372291564941 103.222595214844 103.562301635742 108.937286376953 116.070892333984
56.4806327819824 58.0367469787598 61.1796913146973 63.6363754272461 65.125617980957 65.583381652832 65.8827209472656 65.5741271972656 65.7910690307617 66.7487258911133 68.8221435546875 74.4364624023438 79.1496429443359 83.2245635986328 81.4442443847656 82.5857696533203 79.5155792236328 76.0499877929688 73.0724105834961 71.3505477905273 72.2385940551758 74.6517105102539 78.5365142822266 83.5954666137695 87.2644424438477 84.0123901367188 93.9282531738281 101.006706237793 97.6219100952148 90.5804061889648 98.2412490844727 99.6679992675781 97.8670196533203 102.092407226562 105.468742370605 106.589294433594 107.515609741211 111.819793701172 118.988960266113 109.988052368164 101.162574768066 100.913902282715 104.034828186035 105.132865905762 106.16414642334 111.195869445801 115.224067687988
55.7692184448242 58.1433258056641 60.9144401550293 61.7160263061523 64.3778076171875 66.1658325195312 66.0777435302734 65.8000717163086 65.5178298950195 66.6143569946289 69.481803894043 74.0645446777344 79.8900299072266 80.5046997070312 79.3733215332031 78.872802734375 77.6760864257812 75.0514984130859 75.8926086425781 76.2940521240234 77.765739440918 80.8635177612305 82.4722442626953 86.0738906860352 91.9463348388672 93.1392288208008 99.0932235717773 107.019691467285 99.8504486083984 99.3199691772461 106.380088806152 111.14616394043 111.856643676758 113.113868713379 114.533798217773 111.688499450684 111.112998962402 110.855926513672 114.484962463379 111.121505737305 104.801498413086 102.08349609375 103.144149780273 106.289726257324 110.138298034668 113.52702331543 116.748512268066
54.9021263122559 57.9839286804199 60.8644104003906 62.9181060791016 64.1116180419922 65.8501586914062 65.7588272094727 65.5505523681641 65.9189376831055 67.5897903442383 69.9692077636719 74.0549545288086 77.7675628662109 79.2127532958984 78.1102981567383 77.1858139038086 76.8383941650391 77.0293731689453 79.1150283813477 81.5010299682617 82.784294128418 83.8844909667969 85.924072265625 89.0168914794922 93.9102249145508 100.019096374512 100.175132751465 111.714958190918 112.393081665039 113.40747833252 117.978904724121 123.539009094238 125.360824584961 121.592079162598 118.31453704834 115.852821350098 113.198089599609 109.86058807373 111.03076171875 111.152931213379 109.667701721191 109.056137084961 110.583946228027 113.215270996094 113.22046661377 113.577438354492 115.326065063477
53.8525810241699 56.0426368713379 58.6494216918945 61.8240356445312 65.3549499511719 65.6686706542969 65.9012680053711 65.9202194213867 65.8423080444336 67.9008026123047 69.770149230957 72.5756607055664 74.2901763916016 76.0665893554688 76.8034515380859 77.5146713256836 78.9151458740234 79.6742095947266 82.4393157958984 84.825309753418 86.2993392944336 89.0679321289062 92.0131607055664 94.2537002563477 98.2061386108398 105.069259643555 110.758811950684 120.005783081055 117.490844726562 121.113288879395 130.83251953125 134.906005859375 129.8388671875 127.655975341797 123.557693481445 119.748817443848 115.000556945801 111.095848083496 112.403694152832 114.034004211426 113.159271240234 112.429039001465 112.371627807617 113.811256408691 113.636573791504 114.603317260742 115.231101989746
-3.4e+38 -3.4e+38 55.4975509643555 58.8297805786133 62.5906639099121 64.1859817504883 65.676155090332 66.9356002807617 66.7186508178711 68.1398086547852 70.3363418579102 71.6897811889648 73.9347152709961 74.6024627685547 76.8666763305664 78.2847137451172 78.4658203125 79.313720703125 83.3352508544922 86.2411499023438 89.3962783813477 92.1430740356445 96.4841232299805 98.7802124023438 103.288536071777 110.802795410156 122.370956420898 124.179954528809 117.917877197266 118.498840332031 123.179595947266 128.096206665039 134.903686523438 131.845657348633 126.976928710938 121.306159973145 115.665161132812 113.044975280762 113.036262512207 115.048439025879 116.590621948242 115.976837158203 114.331321716309 114.14183807373 115.929672241211 116.468566894531 116.428726196289
-3.4e+38 -3.4e+38 -3.4e+38 57.0447883605957 59.9151725769043 61.7747573852539 64.7061386108398 67.1895141601562 68.0590057373047 69.0336303710938 71.0236740112305 72.6969146728516 75.4975814819336 76.094482421875 76.4469757080078 76.5153656005859 79.1802062988281 81.6410217285156 83.1443862915039 85.8477935791016 89.732536315918 92.4965362548828 96.3134689331055 100.555694580078 104.745498657227 112.747764587402 127.643760681152 121.590911865234 120.66153717041 128.332122802734 123.220726013184 130.222427368164 140.230804443359 135.345443725586 128.332931518555 120.814376831055 115.972564697266 113.92115020752 113.758750915527 116.602645874023 120.069541931152 120.493705749512 119.113922119141 118.36408996582 119.608177185059 119.295051574707 117.978370666504
-3.4e+38 -3.4e+38 -3.4e+38 -3.4e+38 -3.4e+38 60.367977142334 63.6197700500488 66.3808670043945 68.6267852783203 69.5533905029297 70.8619003295898 73.8417510986328 75.7858123779297 75.7313461303711 76.5361709594727 77.0847015380859 79.5518951416016 82.9120025634766 83.9626235961914 86.1105651855469 89.9327392578125 93.2051773071289 96.2737808227539 101.253135681152 105.065650939941 110.787567138672 119.338172912598 118.619537353516 121.280769348145 127.52335357666 124.25146484375 131.195037841797 143.298629760742 134.041687011719 125.437477111816 118.585273742676 115.59529876709 116.30298614502 116.750511169434 118.519409179688 123.306228637695 124.018409729004 122.825454711914 121.550804138184 121.990531921387 122.057510375977 121.648895263672
-3.4e+38 -3.4e+38 -3.4e+38 -3.4e+38 -3.4e+38 -3.4e+38 -3.4e+38 64.1479568481445 67.4408950805664 69.3215179443359 72.0165863037109 74.2135467529297 75.6248474121094 76.9526977539062 77.8492813110352 79.1960983276367 79.8049774169922 82.8979187011719 85.8620452880859 87.7898330688477 90.1627578735352 93.7375335693359 97.2586669921875 101.093338012695 106.62963104248 110.952392578125 115.452880859375 118.48365020752 119.354957580566 122.099624633789 123.659317016602 131.136413574219 138.288619995117 131.629943847656 123.289932250977 116.41983795166 114.729515075684 119.122283935547 121.241172790527 121.48412322998 124.427124023438 126.738075256348 124.807777404785 123.746116638184 123.231910705566 123.319396972656 123.662414550781
-3.4e+38 -3.4e+38 -3.4e+38 -3.4e+38 -3.4e+38 -3.4e+38 -3.4e+38 -3.4e+38 -3.4e+38 69.1316909790039 73.2347412109375 74.7008056640625 76.4866256713867 78.6612854003906 79.7909088134766 80.3500823974609 81.2466735839844 84.0050354003906 87.050163269043 88.0947723388672 89.0168991088867 94.7988815307617 98.4836120605469 102.307716369629 107.094337463379 112.321838378906 115.411071777344 118.88500213623 121.036972045898 123.960998535156 126.018989562988 126.881149291992 132.511642456055 129.871734619141 125.030128479004 121.80298614502 119.855033874512 124.448516845703 127.106452941895 124.780250549316 127.456100463867 130.403121948242 126.954627990723 125.737609863281 125.544731140137 124.670989990234 124.781463623047
-3.4e+38 -3.4e+38 -3.4e+38 -3.4e+38 -3.4e+38 -3.4e+38 -3.4e+38 -3.4e+38 -3.4e+38 -3.4e+38 -3.4e+38 73.9566421508789 77.048225402832 80.2345428466797 81.4150085449219 82.6985244750977 83.3564147949219 85.3517303466797 88.1358947753906 90.9545593261719 93.3493957519531 98.459846496582 100.379089355469 102.963607788086 107.987693786621 113.102844238281 116.798652648926 121.689224243164 124.458755493164 127.045707702637 128.238525390625 126.323997497559 129.458648681641 127.894599914551 125.795593261719 123.384956359863 124.302909851074 127.660316467285 130.466369628906 131.071441650391 131.202621459961 131.200073242188 127.665260314941 127.482467651367 127.199615478516 126.399085998535 126.586570739746
-3.4e+38 -3.4e+38 -3.4e+38 -3.4e+38 -3.4e+38 -3.4e+38 -3.4e+38 -3.4e+38 -3.4e+38 -3.4e+38 -3.4e+38 -3.4e+38 77.8791961669922 80.5628204345703 81.4997863769531 82.8264541625977 84.6212005615234 86.4517288208008 89.9703979492188 93.7824478149414 95.6335372924805 99.108154296875 102.405464172363 103.790664672852 108.689971923828 114.330688476562 119.97972869873 123.966125488281 125.397598266602 126.84839630127 127.482238769531 127.843353271484 128.666351318359 128.026321411133 126.732727050781 126.504119873047 126.46851348877 129.695877075195 132.66569519043 135.112487792969 134.196136474609 132.042007446289 130.650924682617 130.008972167969 128.859573364258 128.967147827148 128.622772216797
-3.4e+38 -3.4e+38 -3.4e+38 -3.4e+38 -3.4e+38 -3.4e+38 -3.4e+38 -3.4e+38 -3.4e+38 -3.4e+38 -3.4e+38 -3.4e+38 -3.4e+38 -3.4e+38 80.0223388671875 81.9497756958008 84.6402053833008 86.9146270751953 89.9253921508789 94.1044158935547 94.970817565918 98.713264465332 103.03148651123 106.544952392578 112.164604187012 117.648391723633 123.372100830078 123.997787475586 124.056854248047 126.66569519043 129.390060424805 130.408599853516 129.155258178711 127.945655822754 128.519409179688 129.342330932617 129.381866455078 131.101867675781 134.758682250977 137.021087646484 134.427215576172 133.579330444336 134.069641113281 133.426513671875 132.237930297852 130.268615722656 130.099411010742
-3.4e+38 -3.4e+38 -3.4e+38 -3.4e+38 -3.4e+38 -3.4e+38 -3.4e+38 -3.4e+38 -3.4e+38 -3.4e+38 -3.4e+38 -3.4e+38 -3.4e+38 -3.4e+38 -3.4e+38 -3.4e+38 84.9266510009766 87.0997314453125 92.3229751586914 93.9730224609375 94.2054214477539 96.8603591918945 103.996070861816 109.142028808594 113.97583770752 119.934715270996 122.733047485352 123.095764160156 124.290519714355 126.911651611328 130.825942993164 131.953704833984 130.458694458008 127.513069152832 127.12215423584 128.830230712891 129.595718383789 131.158615112305 135.873062133789 136.93000793457 135.227676391602 134.658020019531 135.588592529297 136.820526123047 135.825622558594 132.191055297852 131.807144165039
-3.4e+38 -3.4e+38 -3.4e+38 -3.4e+38 -3.4e+38 -3.4e+38 -3.4e+38 -3.4e+38 -3.4e+38 -3.4e+38 -3.4e+38 -3.4e+38 -3.4e+38 -3.4e+38 -3.4e+38 -3.4e+38 -3.4e+38 -3.4e+38 91.5767593383789 92.2939147949219 92.900146484375 97.7726821899414 104.055381774902 110.409729003906 115.287353515625 122.419120788574 121.123321533203 121.686592102051 123.304473876953 127.05492401123 130.333450317383 132.064666748047 133.057098388672 130.090255737305 127.962379455566 127.275382995605 128.571960449219 129.84407043457 133.093994140625 135.738571166992 136.034317016602 137.043502807617 137.529434204102 137.418914794922 135.69075012207 134.271942138672 134.588165283203
-3.4e+38 -3.4e+38 -3.4e+38 -3.4e+38 -3.4e+38 -3.4e+38 -3.4e+38 -3.4e+38 -3.4e+38 -3.4e+38 -3.4e+38 -3.4e+38 -3.4e+38 -3.4e+38 -3.4e+38 -3.4e+38 -3.4e+38 -3.4e+38 -3.4e+38 -3.4e+38 95.1437149047852 100.919578552246 107.342948913574 110.913856506348 118.213958740234 124.842460632324 122.113754272461 122.847190856934 122.866470336914 124.865653991699 129.100708007812 131.564575195312 132.972305297852 129.486618041992 129.257110595703 127.699851989746 128.620635986328 130.681106567383 132.844787597656 136.017471313477 137.074768066406 138.439437866211 138.604019165039 138.502090454102 137.576126098633 136.27783203125 135.603851318359
-3.4e+38 -3.4e+38 -3.4e+38 -3.4e+38 -3.4e+38 -3.4e+38 -3.4e+38 -3.4e+38 -3.4e+38 -3.4e+38 -3.4e+38 -3.4e+38 -3.4e+38 -3.4e+38 -3.4e+38 -3.4e+38 -3.4e+38 -3.4e+38 -3.4e+38 -3.4e+38 -3.4e+38 103.663482666016 110.52091217041 113.234344482422 123.252052307129 125.154991149902 124.570518493652 122.949241638184 122.503936767578 124.956878662109 129.775909423828 131.537033081055 132.456481933594 130.652481079102 129.73046875 129.860366821289 129.764358520508 131.095809936523 131.932510375977 133.669799804688 136.596343994141 137.361236572266 138.061233520508 139.979629516602 138.48307800293 137.70280456543 137.06037902832
