rasterData/Kenya_CLYPPT_M_sl2_250m_ll.asc
NCOLS 96 
NROWS 116 
XLLCORNER 33.890468384 
YLLCORNER -4.677504203 
CELLSIZE 0.083276570625 
NODATA_value -9999 
[rows 66 to 87 of 116, columns 0 to 48 of 96]
-9999 -9999 -9999 33.7677801724171 43.6971982758624 37.327586206898 37.2968749999987 31.1363146551742 29.3033405172404 36.1961206896558 39.3033405172514 41.0592672413789 41.8636853448274 40.2171336206851 40.1487068965497 39.9660560344831 36.0651939655161 36.0781249999986 34.9973060344827 36.9310344827592 29.4073275862143 29.435344827583 35.1880387931116 29.2343750000004 35 35.4509698275836 38.6255387931037 36.0689655172408 35.57489224138 28.1853448275884 33.0188577586205 32 33.9655172413796 23.4374999999999 29.4563577586225 34.3846982758617 41.6998922413753 50.3550646551765 44.7580818965502 45.0091594827586 51.0264008620688 51.876077586208 52.7995689655187 59.0813577586207 46.1131465517277 35.9337284482764 33.8060344827556 30.0350215517238 29.9348060344839
-9999 -9999 38.1379310344833 42.6632543103436 37.8071120689644 40.4865301724122 42.2683189655193 38.9617456896534 31.2758620689666 44 45.7376077586168 42.0220905172404 36.8922413793101 33.9709051724188 40.0404094827575 40.2893318965553 42.5414870689652 37.6901939655172 36.3432112068987 37.8771551724133 36.7020474137896 29.6390086206891 33.5490301724147 32.1379310344833 32.8717672413799 30.4471982758601 35.2828663793103 36 33.9967672413793 30.2839439655154 38.1977370689675 32.4886853448267 30.5425646551757 25.6093750000005 26.0797413793104 32.4951508620688 47.7683189655256 51.5134698275854 49.5528017241399 45.2009698275886 56.4046336206899 51.4929956896526 47.7203663793078 46.7187500000009 33.4644396551793 30.7947198275848 29.9595905172397 24.0021551724137 23.1514008620691
-9999 -9999 44.1794181034483 42.6896551724135 42.8011853448271 42.6896551724135 43.2667025862069 34 32.9471982758628 41.2914870689651 41.3954741379252 43.8593750000004 36.1848060344834 35.2376077586229 38.6998922413778 38.6314655172441 40.6788793103448 42.3178879310355 39.7284482758645 38.3582974137944 40.2823275862045 34.2252155172398 35.6896551724135 34.455280172413 31.9929956896536 29.0991379310355 32.1928879310351 31.7855603448305 36.0296336206902 41.8399784482766 30.1406250000005 33.5156250000012 34.8399784482753 34.263469827587 32.1077586206867 28.5824353448284 47.9175646551791 50.1707974137915 50.2386853448273 46.8232758620736 55.1417025862059 46.8599137931026 50.4288793103442 32.8157327586212 31.2284482758567 28.2192887931082 41.3248922413803 27.6848060344825 29.6632543103452
-9999 -9999 41.3873922413803 49.9003232758638 45.4924568965518 40.8572198275871 37.1433189655167 32.3938577586201 36.8383620689651 42.8949353448273 41.0889008620715 36.2133620689648 38.2984913793093 36.0404094827575 36.5172413793102 36.5484913793161 34.4832974137932 36.0102370689659 32.5463362068961 35.8685344827583 34.6578663793127 32.6831896551711 34.867456896553 32.6788793103439 31.4030172413786 32.3211206896561 28.5134698275859 35.321659482759 35.8324353448276 -9999 30.9811422413795 38.2984913793119 36.5501077586216 32.0641163793105 31.0344827586204 31.1675646551724 46.1514008620712 46.3437500000043 51.5172413793102 46.1767241379361 48.0867456896552 52.1756465517257 46.4498922413834 48.4493534482759 36.0786637931073 27.5695043103468 30.0242456896562 35.4251077586218 26.4671336206902
-9999 -9999 -9999 -9999 41.2042025862034 32.8690732758602 35.5630387931038 37.6427801724143 36.0064655172422 40.7268318965509 38.4574353448309 37.3103448275861 35.6551724137931 34.4574353448256 37.967672413794 39.3653017241418 34.0258620689648 36.983836206897 34.6821120689659 33.2187500000001 35.4024784482774 34.4843750000038 38.5937500000043 35.50161637931 34.2532327586209 33.2424568965514 33.4299568965519 31.7790948275859 37.6007543103446 34.1546336206864 33.6551724137931 33.4773706896547 35.526400862071 30.8437500000001 34.8205818965524 44.7984913793109 44.8426724138021 51.8017241379346 50.3103448275861 56.0501077586262 39.1567887931036 38.0813577586171 45.6562500000026 36.5193965517245 32.3588362069069 24.5258620689638 25.3895474137964 30 28.9897629310348
-9999 -9999 -9999 32.8491379310324 37.9515086206895 29.8238146551722 32.3669181034472 35.9649784482758 35.0215517241383 39.8582974137948 40.4536637930988 37.1406249999996 37.1282327586211 35.3286637930986 37.7968750000013 39.1594827586177 37.0156249999996 30.7726293103469 32.0942887931016 34.1724137931029 35.1239224137918 35.8572198275864 34.2074353448266 32.274784482759 32.4854525862063 35.4181034482764 34.7117456896561 28.6406250000008 36.1729525862071 32.3060344827605 37.1724137931029 38.8221982758622 40.3378232758634 32.9865301724119 35.149784482762 48.1810344827595 50.4078663793127 55.7710129310356 58.8022629310312 55.3895474137921 43.9595905172416 38.9692887931016 36.6589439655139 41.9401939655202 33.3259698275846 25.9084051724126 24.8275862068971 29.8146551724147 29.9973060344828
-9999 -9999 22.8437500000019 22.3906250000026 23.7187499999983 31.3437499999973 29.9999999999995 42.9999999999997 34.2343749999998 39.7968749999992 38.1718750000049 38.9999999999997 42.0000000000004 36.0781249999987 39.9531250000009 34 37.9999999999992 28.9531250000013 34.0781250000016 31.7812499999999 32 33.6562500000026 38.5937500000039 37.7656249999991 39.2656249999995 36.7031249999997 36.3281250000002 32.7187499999988 35.781249999999 42.156250000003 43 40.4531249999965 42.0625000000053 39.9999999999998 42.421875000003 46.6093750000003 47.0000000000003 52.6718750000027 48.4062499999962 46.2656250000021 49.7031249999997 38.0000000000009 29.1718749999991 26.1406249999999 31.1093750000043 24.843749999998 25.9999999999996 35.9999999999991 32.0156249999996
-9999 -9999 -9999 -9999 30.6066810344819 33.4003232758598 31.7117456896549 36.8275862068963 37.193965517241 35.8992456896545 39.5161637931136 37.7957974137922 41.7370689655167 36.8141163793105 30 33.8200431034466 35.8329741379307 32 35.0646551724148 28.0377155172415 29.6190732758582 32.4832974137939 30.0700431034476 34.3960129310348 31.1724137931037 30.6330818965509 34.768318965517 38.4051724137946 37.7817887931041 37.6508620689667 38.9218749999997 36.4267241379319 40.1465517241361 40.4525862068966 43.6508620689638 43.7225215517237 44.0619612068973 41.8275862068963 42.1945043103454 34.7510775862127 45.6303879310348 40.6594827586194 32.2580818965544 28.9682112068959 30.0188577586213 24.9488146551718 25.4213362068933 43.1282327586221 28.6578663793098
-9999 -9999 -9999 -9999 -9999 28.3437499999974 32.1880387931063 37.8135775862082 36 33.3803879310338 36.0592672413811 40 38.4542025862078 40.4719827586252 34.5775862068982 33 32.3550646551726 32.2796336206896 31.232219827584 30.2354525862073 31.1891163793138 34.3981681034482 34.4062499999957 32.231142241381 28.2656249999996 34.7031249999989 33.0953663793095 38.5070043103453 35.8739224137935 40.2564655172395 34.6093750000019 35.8259698275865 44.6514008620675 46.9676724137929 46.4471982758597 46.6686422413794 36.5802801724166 40.1363146551729 36.0786637931056 36.174030172415 32.8033405172429 43.0630387931037 31.1718749999987 35.5398706896582 37.6928879310353 35.4477370689624 43.5630387930992 40.6099137931018 28.3550646551726
-9999 -9999 -9999 -9999 -9999 -9999 -9999 32.1050646551731 37.7311422413791 35.3906249999982 34.6061422413822 40.6233836206889 38.9434267241377 39.445043103449 32 34.0080818965533 29.9579741379307 30 33 29.4040948275864 33.4827586206894 32.1718749999987 36.0980603448265 35.2219827586196 37.1578663793119 37.8141163793117 32.8184267241376 36.2747844827583 31.9035560344832 33.1082974137908 36.3938577586251 34.7543103448252 39.2338362068958 48.7015086206891 44.7764008620678 39.530711206897 41.2812499999923 43.9843749999936 38.2284482758588 36.6454741379322 35.872844827586 40.2160560344812 28.3108836206907 29.1503232758618 24.4606681034467 29.4046336206884 33.6578663793165 30.5328663793102 30.4935344827595
-9999 -9999 -9999 -9999 -9999 -9999 -9999 -9999 -9999 41.0630387931036 36.8577586206964 40.733297413793 39.3103448275861 35.3103448275861 32.5915948275868 35.6681034482719 33.6945043103448 35.032327586206 33.0781250000013 31.2009698275861 27.281250000005 33 31.656788793107 35.7095905172414 35.7774784482751 36.2483836206907 31 33.6454741379309 34.1891163793104 33.7322198275848 34.6341594827633 36.1363146551735 32.4940732758616 51 47.666487068962 43.366918103449 42.8011853448288 38.3281249999979 34.18426724138 29.7343749999979 30.0889008620689 30.4062500000026 33.5059267241393 30.3782327586196 28.5463362068921 27.9364224137929 32.6751077586202 34.3092672413792 30.2737068965505
-9999 -9999 -9999 -9999 -9999 -9999 -9999 -9999 -9999 -9999 -9999 30.2758620689641 35.0808189655188 38.6492456896616 34.6433189655208 36.2984913793133 31.8485991379321 31.1783405172396 27.2726293103464 30.8620689655179 32.7214439655154 36.8518318965527 34.1099137931032 35.6923491379311 36.6977370689662 34.1379310344821 36.2758620689641 32.6406250000008 33.1379310344821 33.2440732758652 32.1562499999973 33.5156250000012 33.1379310344821 44.3512931034465 43.6659482758634 43.1918103448266 38.1767241379291 33.1584051724184 30.4348060344832 37.5581896551755 35.6066810344813 35.4838362068947 22.080280172414 21.1379310344821 26.2171336206916 27.116379310344 34.0129310344832 31.8663793103454 29.71066810345
-9999 -9999 -9999 -9999 -9999 -9999 -9999 -9999 -9999 -9999 -9999 -9999 -9999 26.222521551721 30.0673491379322 34.0156250000029 34.9849137931039 35.91864224138 34.1508620689679 32.9655172413787 27.2047413793138 32.9773706896547 37.2165948275845 34.0528017241388 41.9908405172412 31.3679956896524 34.9655172413788 34.3469827586197 33.3561422413783 32.5727370689666 28.3437500000035 34.4978448275871 37.6136853448322 39.5657327586213 43.9655172413787 39.4461206896557 36.6627155172378 34.0231681034487 39.4127155172394 32.0711206896566 31.8243534482771 34.1961206896563 35.3663793103427 27.1751077586208 30.9251077586178 28.0026939655173 29.0781250000023 28.0344827586212 32.0145474137927
-9999 -9999 -9999 -9999 -9999 -9999 -9999 -9999 -9999 -9999 -9999 -9999 -9999 -9999 31 34.2036637931032 33.2192887931035 35.4649784482785 32.6206896551692 39.6088362068959 31.2893318965535 31.514547413793 37 40.1099137931035 40.096982758621 26.8518318965541 31.1567887931041 34.0781249999989 29.7235991379313 30.2435344827611 31.8124999999991 35.2839439655162 37.5404094827618 43.5463362068973 42.0953663793123 49.2645474137924 36.7349137931046 35.9299568965553 32.7931034482755 38.8938577586208 33.0210129310352 36.9962284482768 32.2122844827628 31.2893318965517 30.902478448279 25.9380387931027 30.169719827585 31.7963362068961 31.7839439655171
-9999 -9999 -9999 -9999 -9999 -9999 -9999 -9999 -9999 -9999 -9999 -9999 -9999 -9999 -9999 -9999 33.3636853448283 35.2704741379297 31 34.0414870689656 31.6993534482704 32.579202586207 40.6977370689645 35.6702586206903 38.7343750000004 34.4509698275866 33.0436422413786 28.7187499999984 32.3782327586208 32.0167025862095 35.0581896551708 37 38.3200431034489 45.6206896551721 42.1174568965508 37.1255387931048 36.7570043103461 40.7866379310319 39.2252155172424 35.1007543103457 33.1282327586206 32.010775862071 31.8636853448317 31.3259698275866 37.1077586206815 31.9407327586199 27.9240301724106 28.9806034482764 28.4261853448266
-9999 -9999 -9999 -9999 -9999 -9999 -9999 -9999 -9999 -9999 -9999 -9999 -9999 -9999 -9999 -9999 -9999 -9999 38.0080818965519 33.3992456896548 33.922413793102 33 34.5603448275847 36.6535560344819 39.8809267241382 34 27.1115301724135 29.9110991379306 26.3852370689646 25.0598060344834 32.395474137928 34.2031249999982 34.4622844827593 42.2031249999997 41.2591594827574 38.3049568965537 37.7871767241413 34.8103448275837 32.5824353448284 28.6982758620706 31.5738146551714 35.9089439655167 33.7241379310378 28.8593750000004 30.442349137928 28.9568965517235 29.4014008620666 29.5447198275868 27.9843750000004
-9999 -9999 -9999 -9999 -9999 -9999 -9999 -9999 -9999 -9999 -9999 -9999 -9999 -9999 -9999 -9999 -9999 -9999 -9999 -9999 35.749999999998 36.7241379310347 35.7241379310347 35.6153017241384 38.1390086206887 34.0818965517244 31.7510775862071 28.0425646551738 29.3906249999996 28.4218749999987 31.2758620689653 33.1373922413837 32.1422413793106 40.8491379310345 35.8836206896547 32.34051724138 31.9886853448288 35.9859913793135 31.3787715517255 30.6508620689652 33.023168103448 31.771551724137 38.8281250000013 30.787176724138 26.2758620689653 26.9191810344833 25.788793103446 30 28.0070043103446
-9999 -9999 -9999 -9999 -9999 -9999 -9999 -9999 -9999 -9999 -9999 -9999 -9999 -9999 -9999 -9999 -9999 -9999 -9999 -9999 -9999 -9999 40.0210129310342 34.1309267241389 37.607219827585 34.4062499999978 34.0835129310337 26.9256465517215 29.1433189655181 26.0598060344826 34.9903017241359 33.0280172413815 32.6190732758628 33.4903017241384 34.2667025862053 30.6901939655172 34.6072198276003 29.8092672413805 29.8426724137939 31.2381465517261 35.8098060344804 29.9542025862092 24 32.5409482758637 34.0452586206909 27.8965517241384 27.8173491379281 31.9843750000004 29.7494612068988
-9999 -9999 -9999 -9999 -9999 -9999 -9999 -9999 -9999 -9999 -9999 -9999 -9999 -9999 -9999 -9999 -9999 -9999 -9999 -9999 -9999 -9999 -9999 32.4687500000009 38.0183189655174 23.0484913793108 32.046336206897 31.3733836206893 25.4057112068963 34.4509698275851 35.0312500000004 33.9687499999975 27.033405172414 30 34.9892241379312 31 31.6196120689824 34.694504310347 29.7079741379259 33.0625000000083 31.1217672413806 30.585129310349 50.8399784482772 33.0689655172421 26.2322198275904 29.0635775862075 30.0436422413811 29 27.0824353448279
-9999 -9999 -9999 -9999 -9999 -9999 -9999 -9999 -9999 -9999 -9999 -9999 -9999 -9999 -9999 -9999 -9999 -9999 -9999 -9999 -9999 -9999 -9999 -9999 -9999 29.57112068965 29.4903017241385 25.0953663793129 31.7586206896545 30.1395474137938 36.1406250000026 34.0932112068948 29.8426724137926 32.2413793103455 33.6115301724033 32.8529094827581 31.971982758614 32.7316810344823 33.8351293103478 42.661099137929 42.7726293103463 28.3631465517219 36.3701508620662 50.6961206896557 36.7365301724086 34.784482758618 28.8410560344855 37.0156249999996 30.5172413793089
-9999 -9999 -9999 -9999 -9999 -9999 -9999 -9999 -9999 -9999 -9999 -9999 -9999 -9999 -9999 -9999 -9999 -9999 -9999 -9999 -9999 -9999 -9999 -9999 -9999 -9999 -9999 28.4137931034486 30.447737068966 29.0915948275877 36.2656250000006 26.3415948275828 35.5862068965514 32.8286637931035 32.1826508620718 33.4811422413793 37.6406249999962 32.0199353448269 31.7090517241382 33.1724137931028 35.545797413793 34.0533405172401 29.0711206896547 37.4213362068968 34.6314655172425 31.5053879310359 28.2219827586208 28.6082974137922 27.9908405172416
-9999 -9999 -9999 -9999 -9999 -9999 -9999 -9999 -9999 -9999 -9999 -9999 -9999 -9999 -9999 -9999 -9999 -9999 -9999 -9999 -9999 -9999 -9999 -9999 -9999 -9999 -9999 -9999 -9999 26.8442887931057 28.1875000000005 33.5862068965518 34.684806034481 32.1869612068968 33.5964439655202 32.1050646551726 37.5242456896545 41.4703663793099 31.7559267241375 37.5312500000042 29.6831896551724 30.2106681034469 28.1007543103441 37.7618534482751 36.9547413793089 33.3814655172409 30.1449353448267 31.1697198275865 31.3917025862074
