rasterData/Kenya_CLYPPT_M_sl2_250m_ll.asc
NCOLS 96 
NROWS 116 
XLLCORNER 33.890468384 
YLLCORNER -4.677504203 
CELLSIZE 0.083276570625 
NODATA_value -9999 
[rows 0 to 21 of 116, columns 0 to 48 of 96]
-9999.000000000000000 -9999 -9999 -9999 -9999 -9999 -9999 -9999 -9999 -9999 -9999 -9999 -9999 -9999 -9999 -9999 -9999 36.3943965517246 -9999 -9999 -9999 -9999 -9999 -9999 -9999 -9999 -9999 -9999 -9999 -9999 -9999 -9999 -9999 -9999 -9999 -9999 -9999 -9999 -9999 -9999 -9999 -9999 -9999 -9999 -9999 -9999 -9999 -9999 -9999
-9999 -9999 -9999 -9999 -9999 -9999 -9999 -9999 -9999 -9999 -9999 -9999 -9999 -9999 34.252693965517 35.0118534482781 24.5102370689649 30.0468749999987 29.2009698275856 35.2677801724139 -9999 -9999 -9999 -9999 -9999 -9999 -9999 -9999 -9999 -9999 -9999 -9999 -9999 -9999 -9999 -9999 -9999 -9999 -9999 -9999 -9999 -9999 -9999 -9999 -9999 -9999 -9999 -9999 -9999
-9999 -9999 -9999 -9999 -9999 -9999 -9999 -9999 -9999 -9999 -9999 31.2591594827587 37.9385775862067 33.0727370689635 34.9094827586232 30.0678879310345 35.9601293103438 29.9310344827584 33.9272629310333 39.9385775862067 -9999 -9999 -9999 -9999 -9999 -9999 -9999 -9999 -9999 -9999 -9999 -9999 -9999 -9999 -9999 -9999 -9999 -9999 -9999 -9999 -9999 -9999 -9999 -9999 -9999 -9999 -9999 -9999 -9999
-9999 -9999 -9999 -9999 -9999 -9999 -9999 -9999 -9999 27.491918103447 32.2575431034531 37.0371767241371 37.8157327586201 35.9746767241354 32.9434267241394 30.2225215517279 34.1470905172406 33.9110991379335 23.9137931034468 31.039870689655 -9999 -9999 -9999 -9999 -9999 -9999 -9999 -9999 -9999 -9999 -9999 -9999 -9999 -9999 -9999 -9999 -9999 -9999 -9999 -9999 -9999 -9999 -9999 -9999 -9999 -9999 -9999 -9999 -9999
-9999 -9999 -9999 -9999 -9999 -9999 -9999 32.1664870689656 29.211206896552 32.9342672413781 30.352909482761 39.3776939655171 39.1093750000004 32.1977370689679 35 29.9973060344823 32.9956896551725 32.4272629310347 22.7106681034479 29.0792025862069 -9999 -9999 20.8626077586208 -9999 -9999 -9999 -9999 -9999 -9999 -9999 -9999 -9999 -9999 -9999 -9999 -9999 -9999 -9999 -9999 -9999 -9999 -9999 -9999 -9999 -9999 -9999 -9999 -9999 -9999
-9999 -9999 -9999 -9999 -9999 33.0765086206878 32.5813577586201 31.8103448275867 31.8669181034478 28.896551724138 29.6287715517263 37.7187500000009 38.098060344828 35.8437500000043 33.4272629310351 29.9929956896539 29.5673491379306 23.0258620689648 28.0350215517247 23.7101293103449 25.9078663793087 25.7052801724085 21.1206896551701 21 -9999 -9999 -9999 -9999 -9999 -9999 -9999 -9999 -9999 -9999 -9999 -9999 -9999 -9999 -9999 -9999 -9999 -9999 -9999 -9999 -9999 -9999 -9999 -9999 -9999
-9999 -9999 -9999 -9999 34.3793103448278 30.6939655172428 27.7031250000013 34.5953663793093 33.9994612068974 28.1260775862072 32.9762931034475 38 36.4207974137935 34.4278017241368 31.8168103448263 31.8620689655167 30.0193965517236 27.7031249999976 24.0781250000013 30.8922413793099 30.9466594827576 28.8653017241375 25.1153017241389 23.2020474137933 27.582435344829 -9999 -9999 -9999 -9999 -9999 -9999 -9999 -9999 -9999 -9999 -9999 -9999 -9999 -9999 -9999 -9999 -9999 -9999 -9999 -9999 -9999 -9999 -9999 -9999
-9999 -9999 -9999 32.4714439655192 32.9256465517243 32 29.5878232758612 36 33 29.7931034482759 37.9288793103428 33.1697198275857 33.8679956896547 34.3469827586168 29.7931034482759 25.2128232758631 28.8054956896549 28.0096982758618 29.3949353448272 29.1842672413792 31.3184267241399 22.5150862068942 31.3060344827616 20.2122844827609 -9999 -9999 -9999 -9999 21.9525862068959 25.9046336206911 26.9606681034469 29.3022629310353 29.7931034482759 33.0937499999993 32.3712284482738 30.5641163793106 -9999 -9999 -9999 -9999 -9999 -9999 -9999 -9999 -9999 -9999 -9999 -9999 -9999
-9999 -9999 23.5581896551717 33.3846982758635 34.3151939655162 28.6373922413779 32.5247844827558 34.2656249999996 29.2343749999996 29 28.3604525862164 35.8593750000004 34.1438577586212 35.8873922413813 31.9186422413805 28.0005387931036 26.9655172413792 26.9563577586219 23.0872844827609 22.7160560344824 29.0296336206897 23.9940732758621 34.4062499999957 22.678879310346 -9999 -9999 -9999 -9999 26.0344827586208 24.0290948275862 27.3125000000035 32.4822198275874 33 33.984375 23.4218750000021 23.630387931035 24 32.6487068965537 -9999 -9999 -9999 -9999 -9999 -9999 -9999 -9999 -9999 -9999 -9999
-9999 20.4768318965573 32.2839439655182 35.5016163793084 36.4973060344817 28.6697198275855 29.1153017241405 32.7521551724144 29.1379310344825 31.8787715517232 32.3335129310398 36.1158405172414 35.8604525862064 30.1379310344825 31.9531250000013 29.16487068966 27.0156249999996 27 22.1271551724134 26.3265086206895 37.1406250000025 28.1379310344825 31.6869612068986 24.9676724137931 -9999 -9999 -9999 -9999 25.5587284482752 31.1891163793102 24.5910560344838 28 29.7909482758623 27.0571120689648 27.0797413793099 29.3906249999996 31.3098060344862 29.1357758620678 31.6061422413785 -9999 -9999 -9999 -9999 -9999 -9999 -9999 -9999 -9999 -9999
-9999 -9999 23.8437500000014 34.5118534482782 36.6896551724135 29.0177801724147 28.6896551724135 30.2473060344826 28.7656250000004 32.346443965516 29.5177801724085 35.1562499999988 37.2359913793091 34.3453663793096 30.3539870689647 30.7101293103483 29.6266163793108 26.032327586206 25 23.7914870689653 30.8593749999975 33.4288793103442 26.8378232758603 23.088900862069 -9999 -9999 -9999 -9999 25.3669181034487 24.761314655171 21.1406250000006 30.2052801724147 27.3793103448269 28.4488146551735 33 31.9493534482771 28.7521551724113 32.9822198275887 33.204741379311 27.8728448275872 32.5479525862076 -9999 -9999 -9999 -9999 -9999 -9999 -9999 -9999
-9999 -9999 23.5026939655172 28 29.3593749999992 31.8340517241391 30.9132543103474 31.2424568965521 27.113146551724 30.4051724137927 30.171875000005 31.995150862069 33.8685344827577 29.9278017241392 30.0711206896532 31.4827586206898 29.0107758620693 29.9757543103455 27.0317887931031 25.4299568965518 32.097521551725 28.5657327586202 24.18857758621 25.4687500000009 -9999 -9999 -9999 -9999 23.4962284482759 25.7063577586202 25.5797413793078 25.7332974137925 28.2505387931027 29.4531249999997 29.5980603448252 28.6848060344826 29.2359913793179 32.8302801724149 29.4504310344844 30.0253232758618 30.6303879310342 31.5231681034448 25.9170258620696 -9999 -9999 -9999 -9999 -9999 -9999
-9999 -9999 26.3787715517235 31.1891163793095 32.4709051724126 31.2149784482766 28.5393318965511 29.3572198275857 28 28.6206896551714 22.542564655169 33.3599137931049 29.9385775862082 30.7925646551781 24.3609913793102 33 26.0264008620683 27.0468749999987 30.2667025862059 24 28.237607758625 31.3437499999974 23.2747844827596 28.3480603448269 -9999 -9999 -9999 -9999 21.9245689655169 24.6212284482752 25.8572198275844 27.5086206896568 28.1670258620687 31.0614224137934 31.5242456896545 29.3906249999996 32.4800646551632 32.9832974137907 31.1945043103455 26.816810344826 31.7656250000004 32.0770474137938 31.7737068965507 29 -9999 -9999 -9999 -9999 -9999
-9999 -9999 29.5899784482761 26.6465517241406 27.2974137931028 32.1724137931035 29.1244612068953 28.2198275862065 21.9084051724137 24.7295258620687 31.3442887931084 32.0317887931039 31.9094827586203 22.9326508620661 28.8981681034511 29.8744612069053 28.0156249999996 29.7419181034506 24.2235991379319 24.7559267241379 26.2645474137948 32.2850215517233 26.1023706896559 26.061961206897 -9999 -9999 -9999 -9999 21.8949353448275 24.4515086206903 27.5635775862075 24.6934267241396 26.7128232758598 30.5468750000003 23.4218750000021 30.8275862068965 31.1724137931035 33.1724137931035 30.8787715517243 29.6535560344814 31.0732758620699 29.6810344827608 30.9703663793106 31.0317887931039 27.8464439655178 27.921874999999 -9999 -9999 -9999
-9999 -9999 -9999 33.2187499999967 29.6406250000008 28.3281250000013 28.2968749999987 27 27.7656250000004 29 32 33.7187500000009 28.8906249999996 27.9218750000021 31.9531250000013 29.0312500000059 29.0156249999996 24 23 23.2187500000001 24 26.8281250000013 22.7968750000021 26.7656249999996 -9999 -9999 -9999 -9999 25.2187500000009 31.1562500000026 29 26 26 24.4531249999997 27 27.2187500000009 26.3593750000038 30 30.2968750000011 33.7343749999979 32 26.4062500000026 31.1718749999987 28.7187500000009 26 22.843749999998 22.9062499999961 -9999 -9999
-9999 -9999 -9999 -9999 -9999 30.3410560344809 23.7031250000013 22.8733836206895 24.5818965517232 28.3405172413798 30.0296336206905 28.8760775862067 24.7812499999992 25.6848060344866 30.164331896552 28 28 25.1336206896563 26.9865301724136 23.4542025862071 27.3512931034518 24.4299568965533 23.7925646551727 -9999 -9999 -9999 -9999 -9999 -9999 28.8841594827609 24.6093750000018 20.8906249999982 24.7349137931017 20.1724137931035 23.5781249999979 27.4283405172411 27.8130387930997 27.7155172413758 29.7575431034486 29.2198275862086 28.1320043103449 30.1681034482769 25.3151939655176 23.4612068965515 23.6928879310356 20.2505387931045 21.9919181034479 21.8302801724137 24.9973060344828
-9999 -9999 -9999 -9999 -9999 -9999 -9999 26.7844827586201 26.4606681034475 25.7252155172415 30.4229525862099 29.5431034482749 23.2187500000009 24.1514008620636 29.9692887931043 27.6605603448285 21.6707974137926 22.0614224137914 28.2860991379304 29.2764008620687 25.6600215517242 21 21.3378232758622 -9999 -9999 -9999 -9999 -9999 27.6093750000004 27.344827586207 26.4665948275865 22.6826508620698 25.8292025862058 27.2968749999998 24.3195043103498 27.6093750000004 26 30.2316810344836 28.4606681034475 30.3949353448333 31.5064655172413 31.2747844827583 29.5425646551732 23.9515086206898 24 20.1023706896565 21 26.0102370689652 29
-9999 -9999 -9999 -9999 -9999 -9999 -9999 26.8464439655171 26.6303879310345 26.4337284482735 24.2063577586262 30.6578663793102 26.4299568965513 26.4014008620724 27.9531250000013 17.9531249999912 17.5242456896552 27.0554956896551 25.6039870689673 27.0872844827592 23.3717672413769 20.8281250000013 22.3141163793128 24.4261853448267 -9999 -9999 -9999 -9999 27 25.2990301724146 23.5172413793106 24.050646551726 26.9671336206882 27.7812500000003 24 26.3151939655176 22.3469827586242 24.3475215517254 27.4504310344845 29.7688577586192 29.7311422413791 28.2031250000013 27.9455818965529 26.8890086206906 25.4827586206894 21.4795258620688 25.4946120689649 31.9843750000004 28.0075431034481
-9999 -9999 -9999 -9999 -9999 -9999 27.2968749999987 31.3793103448278 30.7623922413793 27.8297413793109 31.4822198275911 26.4073275862065 26 29.6357758620705 28.6573275862079 15.6837284482748 16.7316810344817 21.3426724137921 26.1266163793124 26.9660560344828 23.771012931037 19.314116379311 23.3906250000064 17.1616379310348 17.2408405172422 -9999 -9999 -9999 28.3496767241373 27.0883620689665 27.3793103448278 25.498383620687 23.8399784482755 24.1697198275862 27.7322198275882 28.57974137931 17.7963362068938 22 24.4849137931027 28.3480603448303 23.9967672413789 29.5134698275874 25.2252155172397 25 22.3857758620713 23.2494612068992 28.3103448275861 31.6945043103448 31.3211206896548
-9999 -9999 -9999 -9999 -9999 -9999 28.5528017241355 27.7607758620687 34.329202586208 27.979525862068 31.8857758620696 25.9832974137926 29.6584051724129 31.1454741379271 26.8685344827583 14.0156250000029 15.850754310345 15 17.9218749999987 22.7230603448267 14.6562500000046 22.7914870689619 21.911099137926 16.669181034482 23.3243534482797 -9999 -9999 -9999 23.3367456896548 27.0581896551723 25.0625000000002 25.0269396551745 23.0711206896554 22.3906249999997 28.8405172413798 24.0538793103448 24.5026939655133 25.9003232758638 17.8620689655171 26.3669181034501 18.1379310344829 23.9552801724151 22.9525862068969 21.8814655172412 21.9057112068936 26.8728448275863 32.8216594827568 33.1357758620691 27.8642241379309
-9999 -9999 -9999 -9999 -9999 -9999 28.5975215517217 30.6508620689644 27.7817887931038 25.1756465517248 27.1314655172462 27.0592672413792 33.2839439655179 25.9973060344828 23.9622844827588 17.0339439655171 21.983836206897 15.9892241379322 21.066271551724 26.1056034482759 20.3060344827634 12.7995689655185 22.7693965517263 15.0689655172412 12.743534482759 -9999 -9999 -9999 25.0404094827585 28.9089439655148 24.4719827586219 24.0344827586206 26.55334051724 26.6158405172415 27.5727370689635 27.5748922413798 24.381465517245 18.6487068965538 20.9450431034483 27.753232758627 19.954741379312 20.986530172414 19.2063577586193 19.1357758620686 19.2801724137997 31.0026939655173 30.1923491379346 29.0678879310344 29.018857758621
-9999 -9999 -9999 -9999 -9999 -9999 -9999 30.2693965517231 31.0614224137934 30.9579741379309 30.7936422413849 30.6821120689642 35.5969827586198 32.9542025862082 25.5199353448232 20.2068965517243 18.2101293103449 19.1971982758625 23.9838362068963 25.0226293103449 22.8593749999975 14.829202586207 15.4671336206906 16.8415948275861 15.519935344829 10 -9999 -9999 -9999 25.4585129310354 26 25.1169181034486 23.5091594827593 23.8669181034489 25.7564655172451 25.5975215517239 27.4175646551747 23.7451508620686 27.5576508620679 24.9450431034478 26.441271551724 17.4558189655179 23 22.0290948275861 21.2068965517243 29.7931034482757 30.6056034482763 28.7963362068963 29.7931034482757
