rasterData/Kenya_bio4.asc
NCOLS 96 
NROWS 116 
XLLCORNER 33.890468384 
YLLCORNER -4.677504203 
CELLSIZE 0.083276570625 
NODATA_value -3.4e+38 
[rows 21 to 41 of 116, columns 0 to 46 of 96]
-339999999999999996123846586046231871488.000000000000000 -3.4e+38 -3.4e+38 -3.4e+38 -3.4e+38 -3.4e+38 90.6765060424805 85.5098495483398 79.8955078125 76.21044921875 78.4478530883789 82.6260528564453 81.1832275390625 70.6932678222656 60.3201026916504 56.9252624511719 54.6787948608398 54.4976005554199 55.3257141113281 55.7804527282715 56.9318771362305 57.6791610717773 57.662296295166 58.4647026062012 59.9165840148926 63.2833976745605 68.2290954589844 72.9323196411133 71.9540481567383 71.1115646362305 75.2440948486328 79.3794479370117 81.7803421020508 84.4487457275391 86.4842987060547 90.2008285522461 93.6853866577148 96.6855545043945 100.970260620117 103.109008789062 104.202972412109 109.857406616211 115.851943969727 118.877212524414 120.748542785645 122.002426147461 122.855140686035
-3.4e+38 -3.4e+38 -3.4e+38 -3.4e+38 -3.4e+38 -3.4e+38 -3.4e+38 87.7877426147461 82.9269638061523 80.3232803344727 82.6227188110352 85.7154159545898 85.6747970581055 80.645133972168 64.8194427490234 57.0458183288574 54.7254486083984 54.976619720459 55.8952331542969 57.3612060546875 58.4778938293457 58.5906791687012 58.4530258178711 58.5249443054199 59.407543182373 61.1657562255859 65.0110092163086 72.5705337524414 74.8925704956055 74.0036163330078 73.3424224853516 78.0365219116211 82.6453323364258 85.1244201660156 87.4790496826172 90.1892242431641 91.8621673583984 95.7021179199219 101.088821411133 101.606491088867 99.4978790283203 102.786819458008 110.104919433594 114.98893737793 117.022125244141 118.03003692627 119.303421020508
-3.4e+38 -3.4e+38 -3.4e+38 -3.4e+38 -3.4e+38 -3.4e+38 -3.4e+38 -3.4e+38 83.3541107177734 82.5841903686523 87.3464660644531 83.7257843017578 78.6766052246094 74.0724105834961 63.3539085388184 57.5025520324707 55.6232261657715 55.0358009338379 56.8050498962402 57.5096702575684 58.2392044067383 58.5963973999023 59.1401634216309 59.1026992797852 59.6932983398438 60.4112129211426 65.8213348388672 72.1739807128906 74.2925567626953 74.8587875366211 70.6902847290039 74.1937103271484 78.7906188964844 82.4971923828125 86.7169723510742 90.7262344360352 92.5968322753906 95.7942810058594 99.8828582763672 98.8137359619141 95.0821380615234 96.3442535400391 104.39786529541 109.72176361084 112.707801818848 115.288116455078 117.635757446289
-3.4e+38 -3.4e+38 -3.4e+38 -3.4e+38 -3.4e+38 -3.4e+38 -3.4e+38 -3.4e+38 83.8611602783203 79.9979476928711 80.4058074951172 80.0222091674805 71.2192230224609 65.8973846435547 60.7744331359863 57.7538375854492 56.2408332824707 55.8974189758301 56.4637985229492 56.586856842041 57.5603942871094 57.8562812805176 58.3276634216309 59.103572845459 60.3349990844727 60.1815147399902 63.0644378662109 65.6046600341797 72.1609954833984 75.648811340332 74.9510345458984 72.1183013916016 73.3506622314453 77.6302108764648 80.7626113891602 86.9444580078125 92.7970428466797 94.1728515625 95.9734039306641 95.225227355957 92.8772277832031 92.682243347168 96.9362258911133 101.891815185547 105.506454467773 110.141548156738 114.74925994873
-3.4e+38 -3.4e+38 -3.4e+38 -3.4e+38 -3.4e+38 -3.4e+38 -3.4e+38 -3.4e+38 -3.4e+38 80.5321350097656 77.6008605957031 70.7454681396484 63.5377540588379 59.3927001953125 58.0601501464844 56.615364074707 55.7973899841309 55.8333587646484 55.431079864502 55.4495429992676 56.0405006408691 56.4481887817383 56.5363960266113 57.6408538818359 58.5974197387695 58.748607635498 59.9499282836914 62.3978080749512 66.3862609863281 73.7318115234375 77.7931289672852 78.6198501586914 78.1573486328125 78.5394897460938 80.2953414916992 81.4743041992188 88.8202819824219 89.9059448242188 91.2707366943359 90.6018218994141 90.6112365722656 92.0384979248047 91.4773330688477 91.9748764038086 95.7821197509766 103.616844177246 110.593772888184
-3.4e+38 -3.4e+38 -3.4e+38 -3.4e+38 -3.4e+38 -3.4e+38 -3.4e+38 -3.4e+38 -3.4e+38 -3.4e+38 74.8254470825195 65.1772384643555 59.4447784423828 57.4329261779785 55.6370162963867 55.2285842895508 55.6964225769043 55.9031028747559 55.2523307800293 54.5067100524902 54.9719848632812 55.7334060668945 55.9434928894043 56.2404251098633 57.2764549255371 58.627799987793 59.2319107055664 62.0956382751465 66.2139129638672 71.2303848266602 77.3627319335938 79.8219223022461 81.1455841064453 75.6850738525391 76.5646591186523 81.5298004150391 86.9433135986328 86.7575149536133 88.0556488037109 86.8563995361328 88.6663284301758 91.6732559204102 91.8381576538086 89.8809661865234 89.9707641601562 96.9280853271484 105.738403320312
-3.4e+38 -3.4e+38 -3.4e+38 -3.4e+38 -3.4e+38 -3.4e+38 -3.4e+38 -3.4e+38 -3.4e+38 -3.4e+38 73.4134750366211 63.5207214355469 59.0854682922363 56.1579780578613 54.6218070983887 54.0973739624023 54.1118431091309 54.441577911377 53.8026885986328 53.7961196899414 54.5424385070801 54.6641693115234 54.7041549682617 55.0902290344238 56.3083076477051 57.7229080200195 59.091365814209 61.7200622558594 65.7819290161133 71.6698455810547 77.4469146728516 79.5563888549805 80.3775939941406 75.7563705444336 72.7412033081055 80.1735534667969 89.2316131591797 85.5388412475586 84.1706619262695 83.8282165527344 86.9501953125 89.3440628051758 92.3786468505859 93.2755813598633 90.7428283691406 92.4815139770508 101.411994934082
-3.4e+38 -3.4e+38 -3.4e+38 -3.4e+38 -3.4e+38 -3.4e+38 -3.4e+38 -3.4e+38 -3.4e+38 -3.4e+38 -3.4e+38 67.5453948974609 60.5931243896484 56.6166954040527 55.5788536071777 54.1060829162598 53.3767166137695 54.5053558349609 53.458927154541 53.5034370422363 53.567455291748 53.0269546508789 53.2171096801758 54.3413505554199 57.2896423339844 57.9519691467285 58.6153793334961 60.8845329284668 64.9168090820312 70.5345306396484 76.4352874755859 79.1226272583008 80.3435821533203 80.0827178955078 79.0583267211914 81.1928939819336 87.5485610961914 84.4467926025391 80.2073287963867 82.4304428100586 85.6499633789062 87.6289138793945 91.4186630249023 93.4706268310547 93.0694580078125 94.8161239624023 99.2754898071289
-3.4e+38 -3.4e+38 -3.4e+38 -3.4e+38 -3.4e+38 -3.4e+38 -3.4e+38 -3.4e+38 -3.4e+38 -3.4e+38 -3.4e+38 -3.4e+38 63.7403450012207 60.6208839416504 60.406681060791 55.6366386413574 53.9404678344727 55.0760269165039 54.2477188110352 53.0199890136719 52.4534034729004 51.3343811035156 52.1565361022949 53.8413391113281 56.5556030273438 57.5639305114746 58.2395668029785 60.3310775756836 63.3745536804199 70.2194442749023 75.448371887207 79.119873046875 81.4324569702148 81.4443283081055 81.3282089233398 81.5563430786133 81.9900588989258 80.5041427612305 79.4547348022461 81.5703201293945 84.1413116455078 86.6765365600586 89.4109573364258 91.5713729858398 93.6938781738281 96.7707061767578 100.048561096191
-3.4e+38 -3.4e+38 -3.4e+38 -3.4e+38 -3.4e+38 -3.4e+38 -3.4e+38 -3.4e+38 -3.4e+38 -3.4e+38 -3.4e+38 -3.4e+38 67.7125854492188 65.8412551879883 64.0170364379883 57.2493591308594 54.6325225830078 56.4847145080566 55.1532669067383 53.465461730957 53.0636711120605 51.6574974060059 51.4827880859375 53.1511344909668 55.3079490661621 55.6916427612305 57.1368598937988 59.371036529541 62.8504943847656 70.0595932006836 74.6437454223633 77.6105194091797 79.7706604003906 81.4190902709961 81.5874786376953 79.9109802246094 78.3821563720703 77.8236312866211 78.6787643432617 80.0908355712891 82.5435180664062 84.9657592773438 87.2047576904297 90.3832550048828 93.9025573730469 97.3909759521484 101.359199523926
-3.4e+38 -3.4e+38 -3.4e+38 -3.4e+38 -3.4e+38 -3.4e+38 -3.4e+38 -3.4e+38 -3.4e+38 -3.4e+38 -3.4e+38 69.9212188720703 69.9453430175781 69.8607711791992 65.8867340087891 59.6178169250488 54.2644462585449 55.9473876953125 54.8736915588379 53.6373901367188 53.9255638122559 51.9746856689453 51.431022644043 52.8702354431152 53.6855735778809 54.1698837280273 56.6285629272461 58.3086280822754 61.884407043457 68.3285751342773 71.4052047729492 72.2601623535156 73.7125396728516 79.1276016235352 80.8629531860352 79.898193359375 79.5011138916016 78.9661560058594 78.4055328369141 79.5312805175781 81.9011077880859 84.1526260375977 86.4326782226562 90.5121002197266 94.5003890991211 98.2722625732422 102.087554931641
-3.4e+38 -3.4e+38 -3.4e+38 -3.4e+38 -3.4e+38 -3.4e+38 -3.4e+38 -3.4e+38 -3.4e+38 -3.4e+38 -3.4e+38 -3.4e+38 75.0125961303711 71.5679702758789 64.7571487426758 58.6738243103027 55.049388885498 55.478214263916 54.9452514648438 54.2908477783203 54.4559211730957 53.0688171386719 52.4205894470215 53.4836006164551 53.3658485412598 54.4216499328613 56.6568756103516 57.8403129577637 61.5295791625977 66.8705062866211 68.7164840698242 70.7877731323242 71.4507217407227 76.3438873291016 79.7518005371094 77.8191757202148 79.8550415039062 80.0203170776367 78.6164627075195 79.9087371826172 81.9126129150391 83.8898315429688 85.9801025390625 90.1110687255859 94.6425628662109 98.1127624511719 100.910110473633
-3.4e+38 -3.4e+38 -3.4e+38 -3.4e+38 -3.4e+38 -3.4e+38 -3.4e+38 -3.4e+38 -3.4e+38 -3.4e+38 -3.4e+38 -3.4e+38 73.9996109008789 69.4222030639648 63.9822120666504 59.1451034545898 55.2334213256836 55.9002838134766 55.9930114746094 56.1142578125 57.2749290466309 55.6532325744629 54.1943473815918 54.5110816955566 54.4926376342773 56.0524063110352 57.6106948852539 58.9244537353516 61.7788619995117 65.6204299926758 65.591911315918 71.2647399902344 68.6231155395508 74.2743301391602 82.9546508789062 79.3549880981445 79.9323959350586 79.5711288452148 78.6118698120117 80.0434188842773 81.9981536865234 83.6043701171875 85.8954544067383 89.6640625 94.1565933227539 96.5276489257812 98.092170715332
-3.4e+38 -3.4e+38 -3.4e+38 -3.4e+38 -3.4e+38 -3.4e+38 -3.4e+38 -3.4e+38 -3.4e+38 -3.4e+38 -3.4e+38 -3.4e+38 70.1129379272461 66.2122573852539 62.0123062133789 59.2000045776367 56.1856269836426 56.1639442443848 56.0891456604004 56.4459075927734 58.9474182128906 59.5503883361816 56.7558555603027 56.0164604187012 56.0205841064453 56.8037910461426 57.7086601257324 59.4478302001953 61.7635192871094 63.8324203491211 63.673168182373 72.5073852539062 68.1144332885742 74.7430953979492 82.0514221191406 81.9396057128906 78.4854202270508 77.320686340332 77.471549987793 80.2457962036133 82.07763671875 83.3665313720703 84.2879791259766 88.8203506469727 92.1643829345703 93.7736434936523 93.8880996704102
-3.4e+38 -3.4e+38 -3.4e+38 -3.4e+38 -3.4e+38 -3.4e+38 -3.4e+38 -3.4e+38 -3.4e+38 -3.4e+38 -3.4e+38 -3.4e+38 -3.4e+38 65.8435668945312 63.8949699401855 61.0862503051758 59.0483932495117 56.6794662475586 56.2545852661133 57.6405372619629 60.4776802062988 64.0713729858398 61.0757904052734 58.8666114807129 57.2517585754395 57.7322616577148 57.5779724121094 58.2971000671387 59.8294219970703 62.5392990112305 63.2888565063477 69.4098129272461 68.7198638916016 74.7230224609375 78.623405456543 79.9262008666992 77.1527938842773 76.7490310668945 77.4820098876953 80.9495620727539 81.7068939208984 81.6296463012695 84.0282135009766 86.7251281738281 89.332389831543 90.0920791625977 89.1437606811523
-3.4e+38 -3.4e+38 -3.4e+38 -3.4e+38 -3.4e+38 -3.4e+38 -3.4e+38 -3.4e+38 -3.4e+38 -3.4e+38 -3.4e+38 -3.4e+38 -3.4e+38 64.6887893676758 66.0591583251953 66.5725250244141 61.8484115600586 58.0765686035156 57.7384147644043 58.6135864257812 60.8642082214355 64.7079467773438 65.4643783569336 62.5442848205566 59.9569931030273 59.3534851074219 58.7500267028809 58.3664627075195 59.8457183837891 61.4345245361328 59.9991073608398 64.1490936279297 70.8166809082031 74.1875228881836 76.1745834350586 76.5390319824219 77.0166091918945 78.0181121826172 78.8428497314453 80.3432922363281 80.0371475219727 80.5221862792969 81.0722579956055 82.1114883422852 84.251106262207 86.8243789672852 85.4780654907227
-3.4e+38 -3.4e+38 -3.4e+38 -3.4e+38 -3.4e+38 -3.4e+38 -3.4e+38 -3.4e+38 -3.4e+38 -3.4e+38 -3.4e+38 -3.4e+38 -3.4e+38 63.8676071166992 62.7860984802246 62.7063827514648 57.1701507568359 57.287166595459 59.6280403137207 60.7568969726562 62.8319206237793 65.5604858398438 66.9329376220703 64.2335891723633 62.5890197753906 59.7168426513672 59.1360702514648 59.8135643005371 61.4985885620117 59.7972183227539 59.7041168212891 66.4824295043945 71.4933547973633 71.190315246582 72.0822143554688 73.1332931518555 75.1331787109375 79.5094528198242 79.4440155029297 79.4899978637695 79.0676651000977 78.2652282714844 78.7216644287109 79.8216552734375 81.3348999023438 82.4176559448242 82.4043731689453
-3.4e+38 -3.4e+38 -3.4e+38 -3.4e+38 -3.4e+38 -3.4e+38 -3.4e+38 -3.4e+38 -3.4e+38 -3.4e+38 -3.4e+38 -3.4e+38 -3.4e+38 63.4448356628418 62.0445823669434 59.7442436218262 57.543815612793 60.0771369934082 60.8376731872559 61.8646812438965 64.8100662231445 66.6502990722656 65.9675827026367 64.5525817871094 64.0068435668945 61.1443023681641 60.9548225402832 62.2180023193359 62.4738159179688 60.5373573303223 61.0532875061035 66.7681655883789 70.7339477539062 68.9771957397461 68.6972732543945 70.0550842285156 72.5192489624023 77.3047332763672 78.9197692871094 80.7669448852539 78.282470703125 77.9372024536133 77.564323425293 79.9685668945312 78.8147506713867 79.3766403198242 80.7002792358398
-3.4e+38 -3.4e+38 -3.4e+38 -3.4e+38 -3.4e+38 -3.4e+38 -3.4e+38 -3.4e+38 -3.4e+38 -3.4e+38 -3.4e+38 -3.4e+38 -3.4e+38 61.912181854248 62.2650299072266 60.6322288513184 61.433162689209 66.823356628418 62.8001937866211 62.2009887695312 64.4860382080078 67.081428527832 65.6950225830078 64.9248123168945 65.5937805175781 63.193904876709 61.9664077758789 62.8092498779297 61.5571403503418 60.6319808959961 61.1847229003906 66.6764450073242 71.9855194091797 73.0658111572266 71.8252868652344 72.3821182250977 73.6573333740234 75.2983245849609 75.6936874389648 80.8785171508789 77.6905670166016 77.5421829223633 75.2301406860352 76.0302505493164 75.7591094970703 78.0252838134766 79.5343322753906
-3.4e+38 -3.4e+38 -3.4e+38 -3.4e+38 -3.4e+38 -3.4e+38 -3.4e+38 -3.4e+38 -3.4e+38 -3.4e+38 -3.4e+38 -3.4e+38 60.8520278930664 61.7916259765625 62.7478904724121 63.1147232055664 69.6242370605469 71.7015609741211 63.3797912597656 62.1419105529785 63.7698402404785 66.7299270629883 65.9872665405273 66.5075225830078 66.3842620849609 64.8462219238281 63.764289855957 63.4078903198242 61.6050758361816 62.3650016784668 63.2989845275879 67.8852844238281 74.2464294433594 76.9320220947266 75.1842346191406 74.9794158935547 75.2944030761719 75.181282043457 73.5450134277344 77.0392074584961 74.3613739013672 73.7946014404297 74.6614074707031 75.0294570922852 76.023063659668 77.6372604370117 78.4627990722656
-3.4e+38 -3.4e+38 -3.4e+38 -3.4e+38 -3.4e+38 -3.4e+38 -3.4e+38 -3.4e+38 -3.4e+38 -3.4e+38 -3.4e+38 -3.4e+38 62.5240516662598 62.996452331543 63.1744613647461 63.3304443359375 66.6264495849609 63.8753051757812 62.2841606140137 63.015682220459 64.9463500976562 67.2255935668945 65.7760467529297 66.9914627075195 68.0429382324219 65.5851516723633 64.4570922851562 64.3695602416992 64.2156066894531 65.7814559936523 67.5525741577148 69.1335296630859 75.7472381591797 78.5381546020508 77.1799697875977 74.850456237793 75.4907455444336 75.7597732543945 74.2169723510742 74.1807708740234 72.5665588378906 72.2847900390625 74.7826156616211 74.2494354248047 75.2631683349609 76.8244552612305 78.3935012817383
