rasterData/Kenya_bio4.asc
NCOLS 96 
NROWS 116 
XLLCORNER 33.890468384 
YLLCORNER -4.677504203 
CELLSIZE 0.083276570625 
NODATA_value -3.4e+38 
[rows 63 to 83 of 116, columns 47 to 93 of 96]
120.168731689453 119.914573669434 119.229354858398 120.935661315918 123.608955383301 122.650779724121 119.307952880859 116.798713684082 115.335968017578 113.95149230957 113.067031860352 114.093688964844 114.218925476074 115.745483398438 116.269515991211 116.83179473877 117.53303527832 118.820243835449 119.1396484375 119.23331451416 119.847694396973 122.036361694336 123.761566162109 124.447250366211 125.192726135254 125.174461364746 124.359924316406 125.316467285156 125.426078796387 126.442047119141 127.128433227539 127.926719665527 128.424377441406 128.615478515625 129.928161621094 129.728546142578 129.77880859375 129.593399047852 -3.4e+38 -3.4e+38 -3.4e+38 -3.4e+38 -3.4e+38 -3.4e+38 -3.4e+38 -3.4e+38 -3.4e+38
119.315338134766 120.213874816895 124.328773498535 125.52449798584 125.112693786621 123.700782775879 121.273628234863 118.376960754395 116.248695373535 114.628929138184 114.721656799316 116.734657287598 116.788162231445 117.959526062012 118.047981262207 118.274291992188 119.569465637207 120.262001037598 120.757843017578 121.625793457031 122.228691101074 123.029434204102 125.32487487793 125.424034118652 126.274520874023 126.740257263184 126.283630371094 126.780487060547 126.17359161377 126.112632751465 127.032485961914 128.184814453125 128.897750854492 128.68537902832 129.275863647461 128.80078125 128.76155090332 128.897735595703 -3.4e+38 -3.4e+38 -3.4e+38 -3.4e+38 -3.4e+38 -3.4e+38 -3.4e+38 -3.4e+38 -3.4e+38
120.439544677734 123.656669616699 127.751014709473 125.241073608398 124.874565124512 123.533470153809 120.533584594727 118.637382507324 117.289978027344 115.813461303711 116.646743774414 118.080528259277 118.480926513672 119.16569519043 119.054656982422 119.281219482422 120.240882873535 121.612754821777 122.460235595703 123.731224060059 124.999923706055 124.238349914551 126.577735900879 126.886215209961 127.620903015137 127.842468261719 127.69588470459 127.621200561523 127.807144165039 127.673736572266 128.028900146484 128.167373657227 128.681701660156 128.940948486328 128.160385131836 128.28857421875 127.35652923584 127.509857177734 -3.4e+38 -3.4e+38 -3.4e+38 -3.4e+38 -3.4e+38 -3.4e+38 -3.4e+38 -3.4e+38 -3.4e+38
119.615882873535 122.553443908691 124.822425842285 124.077728271484 123.73314666748 121.861213684082 118.805572509766 117.755020141602 118.146362304688 118.076225280762 118.348205566406 118.770767211914 119.32251739502 120.665222167969 120.857299804688 121.622009277344 122.00057220459 122.828224182129 124.362655639648 125.209663391113 126.215759277344 125.687370300293 127.109916687012 128.977981567383 128.708938598633 128.345474243164 128.804183959961 128.900680541992 128.145614624023 128.82763671875 128.903228759766 128.386505126953 128.366607666016 128.224960327148 128.03288269043 127.773422241211 126.372169494629 126.066764831543 -3.4e+38 -3.4e+38 -3.4e+38 -3.4e+38 -3.4e+38 -3.4e+38 -3.4e+38 -3.4e+38 -3.4e+38
119.77074432373 122.760772705078 123.062919616699 121.899932861328 123.022895812988 121.021095275879 117.798530578613 117.19751739502 118.144813537598 118.737716674805 119.022750854492 119.474510192871 120.279937744141 121.857208251953 121.492210388184 121.743125915527 122.459259033203 124.141548156738 124.871070861816 126.068336486816 127.831077575684 128.142532348633 128.160293579102 129.211944580078 129.671295166016 129.061218261719 129.207290649414 128.909622192383 129.082092285156 128.852478027344 129.212387084961 128.689712524414 128.808868408203 127.674705505371 127.197174072266 126.06568145752 124.930351257324 124.305206298828 -3.4e+38 -3.4e+38 -3.4e+38 -3.4e+38 -3.4e+38 -3.4e+38 -3.4e+38 -3.4e+38 -3.4e+38
122.08194732666 120.384269714355 120.450286865234 120.984756469727 122.449508666992 121.590156555176 118.352577209473 118.242568969727 118.454170227051 119.302749633789 119.951354980469 120.640258789062 121.916381835938 123.371543884277 123.039421081543 123.223983764648 123.929359436035 125.195289611816 125.779441833496 127.322044372559 128.635528564453 130.399368286133 130.013687133789 129.784286499023 131.143280029297 131.534210205078 130.873138427734 130.642944335938 129.433303833008 129.17219543457 129.539642333984 129.397705078125 127.965591430664 126.244110107422 126.09716796875 125.009170532227 123.326179504395 122.470817565918 -3.4e+38 -3.4e+38 -3.4e+38 -3.4e+38 -3.4e+38 -3.4e+38 -3.4e+38 -3.4e+38 -3.4e+38
119.201812744141 119.009323120117 119.771369934082 122.028221130371 121.505226135254 119.996383666992 119.911766052246 119.388229370117 119.429328918457 119.722717285156 120.97745513916 121.81128692627 123.204414367676 124.47142791748 125.085418701172 126.085914611816 126.555770874023 126.909378051758 127.651870727539 128.930755615234 130.199493408203 131.435684204102 132.400405883789 132.144927978516 132.745529174805 132.48583984375 131.571716308594 132.049545288086 130.554992675781 130.470291137695 129.393661499023 128.538101196289 127.033897399902 126.349548339844 125.200233459473 124.261322021484 122.800521850586 122.558296203613 -3.4e+38 -3.4e+38 -3.4e+38 -3.4e+38 -3.4e+38 -3.4e+38 -3.4e+38 -3.4e+38 -3.4e+38
116.79655456543 118.375846862793 119.775817871094 121.13427734375 120.347557067871 119.283897399902 119.515319824219 119.581680297852 119.110809326172 119.818824768066 121.231460571289 122.120346069336 123.762542724609 125.49821472168 125.910194396973 126.98575592041 127.757965087891 128.712738037109 129.757171630859 130.845001220703 131.581146240234 132.158355712891 133.622894287109 134.445404052734 133.299011230469 133.482360839844 133.223907470703 133.342468261719 132.289474487305 131.786926269531 130.934097290039 129.385696411133 127.937034606934 126.278999328613 124.746231079102 123.426025390625 122.709503173828 121.726959228516 -3.4e+38 -3.4e+38 -3.4e+38 -3.4e+38 -3.4e+38 -3.4e+38 -3.4e+38 -3.4e+38 -3.4e+38
115.825469970703 116.797492980957 118.746131896973 121.070297241211 120.750305175781 119.829559326172 119.714248657227 119.622200012207 119.409545898438 120.218727111816 121.808929443359 122.700653076172 124.486518859863 126.408996582031 127.445899963379 128.509078979492 128.501846313477 129.451431274414 129.998641967773 131.76708984375 133.170349121094 134.207015991211 134.934860229492 136.416717529297 135.406799316406 135.103469848633 134.715255737305 133.672286987305 131.703094482422 131.827239990234 130.379821777344 130.001419067383 127.843597412109 125.481475830078 124.535614013672 123.42626953125 123.191345214844 122.229415893555 121.457748413086 -3.4e+38 -3.4e+38 -3.4e+38 -3.4e+38 -3.4e+38 -3.4e+38 -3.4e+38 -3.4e+38
116.562065124512 116.98607635498 119.064765930176 121.767845153809 120.822067260742 121.149719238281 121.190872192383 119.364547729492 120.270858764648 121.529037475586 122.80638885498 123.496444702148 125.462882995605 127.306182861328 127.986030578613 128.776504516602 129.388610839844 130.436431884766 131.616561889648 132.446670532227 133.436767578125 133.631790161133 135.605316162109 136.387710571289 135.559463500977 135.950103759766 135.603164672852 133.515533447266 132.109466552734 131.505020141602 130.389724731445 128.915267944336 127.644668579102 125.491943359375 125.020408630371 123.662528991699 123.39436340332 122.149978637695 119.774200439453 -3.4e+38 -3.4e+38 -3.4e+38 -3.4e+38 -3.4e+38 -3.4e+38 -3.4e+38 -3.4e+38
118.809196472168 118.773544311523 121.733139038086 122.663536071777 120.300689697266 120.365417480469 120.661079406738 120.614669799805 121.485282897949 123.322570800781 124.92652130127 125.514640808105 127.385986328125 128.647994995117 129.751968383789 130.630523681641 131.499252319336 132.490692138672 133.108047485352 134.355834960938 134.991714477539 135.066024780273 135.645401000977 135.44352722168 135.430694580078 135.632339477539 135.066436767578 134.069808959961 132.402954101562 131.929290771484 131.204772949219 129.271835327148 127.362129211426 125.812294006348 124.413009643555 124.050369262695 123.029777526855 121.795745849609 119.304878234863 117.105316162109 -3.4e+38 -3.4e+38 -3.4e+38 -3.4e+38 -3.4e+38 -3.4e+38 -3.4e+38
121.213531494141 121.921211242676 124.108032226562 123.824630737305 122.379508972168 120.536231994629 121.146865844727 121.845664978027 123.259468078613 124.851531982422 124.900169372559 126.691940307617 128.794631958008 130.460647583008 132.002258300781 132.742218017578 133.331985473633 134.007202148438 133.795791625977 134.925094604492 136.058166503906 136.981811523438 137.44123840332 137.568420410156 137.573043823242 137.336059570312 135.317718505859 134.311462402344 132.866943359375 132.382705688477 131.841690063477 129.943176269531 128.005935668945 126.05298614502 124.130149841309 123.384613037109 121.769638061523 120.345443725586 118.978004455566 115.862510681152 114.167236328125 -3.4e+38 -3.4e+38 -3.4e+38 -3.4e+38 -3.4e+38 -3.4e+38
121.783409118652 123.178588867188 125.711418151855 124.677124023438 124.27262878418 121.87133026123 122.324821472168 122.793830871582 126.812698364258 126.809051513672 125.929374694824 128.213958740234 130.379959106445 131.694137573242 132.49983215332 133.781326293945 134.111968994141 134.891326904297 135.25634765625 136.175430297852 137.562271118164 138.603897094727 138.386642456055 138.001647949219 138.362548828125 138.670074462891 135.856109619141 134.504058837891 133.591415405273 131.940673828125 131.270172119141 128.986221313477 127.734176635742 126.00594329834 124.233772277832 122.405662536621 119.61254119873 119.160362243652 117.11693572998 113.667556762695 112.76766204834 111.362663269043 -3.4e+38 -3.4e+38 -3.4e+38 -3.4e+38 -3.4e+38
123.635780334473 124.723899841309 126.037673950195 124.992576599121 123.663070678711 124.024078369141 123.525444030762 122.11287689209 124.068817138672 125.959854125977 128.097427368164 129.956588745117 131.897674560547 133.378845214844 134.120391845703 134.981109619141 136.026168823242 135.620666503906 136.47834777832 137.142913818359 138.16667175293 138.412399291992 138.364288330078 138.384078979492 138.459228515625 138.985900878906 136.439025878906 135.518447875977 134.211166381836 132.129135131836 130.083297729492 127.959403991699 126.539497375488 124.584457397461 122.51513671875 120.703468322754 118.416793823242 116.842628479004 114.971000671387 112.393325805664 110.911254882812 108.198768615723 -3.4e+38 -3.4e+38 -3.4e+38 -3.4e+38 -3.4e+38
125.886169433594 124.614601135254 124.855102539062 125.711227416992 125.888092041016 125.599235534668 125.051856994629 124.690284729004 126.741195678711 128.256820678711 130.10334777832 131.71110534668 132.508178710938 134.116409301758 135.670501708984 136.177658081055 136.725982666016 137.345428466797 138.240737915039 138.90071105957 139.450637817383 138.959976196289 138.735382080078 138.791229248047 139.130523681641 140.529479980469 137.639907836914 135.475006103516 134.819534301758 132.586456298828 130.113464355469 126.731880187988 124.798751831055 123.813064575195 121.506217956543 118.364036560059 116.652778625488 116.372840881348 114.373001098633 112.108032226562 108.544944763184 106.738388061523 106.096145629883 -3.4e+38 -3.4e+38 -3.4e+38 -3.4e+38
128.312438964844 126.359146118164 126.539039611816 126.680480957031 128.059295654297 127.363136291504 126.669700622559 127.191513061523 129.066284179688 129.983505249023 131.184127807617 133.071548461914 133.873764038086 135.104568481445 136.439117431641 137.330123901367 138.009078979492 138.426071166992 138.455627441406 139.436904907227 138.380310058594 137.607406616211 137.698577880859 138.32209777832 138.640548706055 139.858993530273 138.143218994141 135.165908813477 133.496398925781 130.682510375977 128.569625854492 126.326957702637 124.168235778809 122.966621398926 120.365379333496 117.54460144043 114.735549926758 114.596015930176 112.839134216309 110.182479858398 107.774826049805 106.528648376465 106.401512145996 106.227363586426 -3.4e+38 -3.4e+38 -3.4e+38
129.483062744141 129.365341186523 129.305603027344 128.225082397461 129.079360961914 129.341049194336 129.155487060547 129.76936340332 130.355621337891 131.160263061523 132.510360717773 134.325973510742 134.989944458008 135.689239501953 137.613525390625 137.319320678711 138.467971801758 138.029922485352 137.570098876953 138.024856567383 137.788116455078 137.507720947266 137.402694702148 138.639938354492 138.874084472656 139.295761108398 137.749755859375 133.87956237793 132.120758056641 129.662628173828 126.453689575195 124.254684448242 122.796928405762 121.414329528809 118.673622131348 116.35871887207 113.371780395508 112.096946716309 110.321212768555 108.712387084961 107.143089294434 106.220092773438 106.137306213379 105.750717163086 -3.4e+38 -3.4e+38 -3.4e+38
131.217239379883 131.431549072266 131.793228149414 130.10285949707 130.887832641602 131.319320678711 131.923431396484 131.130523681641 131.76643371582 132.699188232422 134.68701171875 135.657089233398 135.7939453125 136.738510131836 136.48698425293 137.564392089844 138.361938476562 138.242889404297 138.263031005859 138.229339599609 138.052581787109 138.156524658203 138.063079833984 137.25244140625 136.784164428711 137.618118286133 135.862991333008 133.146835327148 132.428283691406 128.814666748047 125.385276794434 123.066352844238 121.558860778809 119.821090698242 117.530464172363 114.632049560547 112.530982971191 110.910163879395 109.528800964355 107.962066650391 106.570877075195 106.502075195312 106.100196838379 105.856422424316 -3.4e+38 -3.4e+38 -3.4e+38
134.382888793945 133.382232666016 133.806411743164 132.975921630859 134.01203918457 133.688629150391 134.8466796875 133.635162353516 133.759231567383 134.185089111328 135.622894287109 136.94465637207 137.370330810547 137.900924682617 137.095062255859 137.88737487793 138.795852661133 138.935516357422 138.673645019531 138.213272094727 137.914901733398 137.720565795898 137.488143920898 137.165924072266 136.149307250977 136.449401855469 134.218765258789 130.926452636719 130.605285644531 127.81169128418 124.92098236084 122.955200195312 119.957984924316 118.163757324219 116.421012878418 114.117988586426 111.271186828613 109.509559631348 108.293449401855 107.366172790527 106.35668182373 106.308525085449 105.028114318848 -3.4e+38 -3.4e+38 -3.4e+38 -3.4e+38
137.069107055664 137.095153808594 136.230117797852 135.443115234375 135.077545166016 136.624450683594 137.361663818359 137.014999389648 136.878387451172 136.479370117188 137.320785522461 137.758270263672 138.277191162109 138.038955688477 137.54345703125 137.636428833008 138.407821655273 138.322326660156 138.431396484375 138.513763427734 138.173614501953 137.935531616211 137.27571105957 136.413024902344 135.313339233398 135.333297729492 133.902603149414 129.696746826172 128.785507202148 125.740264892578 122.810470581055 120.723579406738 118.331344604492 117.232513427734 116.402534484863 113.919288635254 109.834197998047 107.067779541016 106.621429443359 104.802391052246 103.714935302734 104.858901977539 102.679344177246 -3.4e+38 -3.4e+38 -3.4e+38 -3.4e+38
138.057922363281 138.996231079102 138.661071777344 138.192108154297 137.626266479492 139.084106445312 139.871826171875 139.417907714844 138.889373779297 138.02799987793 138.516052246094 138.600921630859 138.530578613281 138.717193603516 139.186065673828 138.82194519043 138.713470458984 138.314331054688 137.862396240234 138.700881958008 137.947998046875 137.741073608398 136.854202270508 136.501937866211 135.305603027344 134.657852172852 133.386428833008 128.326934814453 127.523567199707 125.027282714844 121.565017700195 119.391021728516 117.411529541016 115.451606750488 115.609710693359 113.649940490723 108.261589050293 106.297454833984 105.406120300293 104.303848266602 -3.4e+38 102.163932800293 -3.4e+38 -3.4e+38 -3.4e+38 -3.4e+38 -3.4e+38
