rasterData/Libya_CLYPPT_M_sl2_250m_ll.asc
NCOLS 190 
NROWS 164 
XLLCORNER 9.286543823 
YLLCORNER 19.496123685 
CELLSIZE 0.0834965562894737 
NODATA_value -9999 
[rows 69 to 91 of 164, columns 0 to 51 of 190]
-9999 -9999 -9999 -9999 -9999 6.41327021822929 6.00902599486551 5.68597560975638 4.24470474967913 5.51448170731743 5.68597560975638 5.87191110397971 3.18108151476263 8 5.55772625160436 5.27631578947349 4.68597560975638 6.68597560975638 5 6 4.20667522464823 5.2520458921693 4.8104541078306 4.86785943517315 5.29785783055182 5.48684210526273 4.1280888960204 4.42145378690601 3.73551829268344 5.37195121951276 3.93681803594378 6.30989249037213 4.29336489088536 2.97544929396776 5.07024229781758 5.71489890885792 4.65978016687936 3.82870667522423 7.65929878048775 8.42422175866578 7.20759788189966 6.22368421052674 6.8098122593074 7 6.69010750962814 4.44038831835722 9.06213896020699 4 6.74626925545515 7.27980584082197 5.52483151476294 4.68597560975638
-9999 -9999 -9999 -9999 -9999 3.65536745828036 10.378610397946 4.96602214377395 7 6 4.63109756097599 6 5.51315789473727 5.20872111681624 7 6.10193356867762 6 3.48732349165602 3.03947368420925 5.3834643774067 4.36890243902401 7 5.10193356867762 5.59310815147593 6.16018132220764 5.810694801027 5.21842907573793 5.57650032092392 4 4 5.51484274711253 5.63595154043667 5.63109756097599 2.36890243902401 4.95743741976802 4.36890243902401 6.46895057766347 3.71004492939619 7.65953947368345 6.63109756097599 9.13747593068132 8.32894736841977 6.09134306803573 5.04151957637973 5.01660783055254 7 5 4.63109756097599 3 8.40789473684253 9.17959724005116 6
-9999 -9999 -9999 -9999 -9999 4.60409980744565 5.84399069319623 3.96096758664937 4.07248876765101 6.29649390243946 4.61332637997422 7.23503690628988 6.78253369704733 3.74979942233635 5 5.88290275994874 5 4.4920170089861 4.4070523106552 5.59294768934553 3 6.03871148908878 6 5.79529043645706 5 4.71947207958945 4.59210526315797 6.71562098844669 4.85594512195097 4.42378048780485 4.14517811296467 4.15243902439031 4.25349005134768 3.78999518613634 4.09475288831888 3 3.89963093709849 6 6.06743421052473 5.04220154043738 4.12824935815129 5.56570924261958 6.57621951219515 5.96209082156635 6 5 7.32521662387648 5 7.28437901155332 6.59663831835701 7.92177471116813 7
-9999 -9999 -9999 -9999 -9999 -9999 11.5276396020532 5.81578947368336 6.50585686778079 12.6196646341469 6.67879492939596 7.30868902438991 4.48684210526273 5.20783857509666 5.38278241334911 5 5.4100208600764 4.52025834403324 3.4202904364598 3.98110558408192 6.63470795892138 5.80263157894763 12.521742618743 5 7 4.74618902439093 4.52134146341369 5.67879492939596 4.13033536585364 4.08187580231102 3.48258985879408 5.58348042361657 5.48704268292572 6.37415757380785 3 3.10975609756043 4 2.71875000000073 3.93429075738413 3.67759146341472 4.47865853658631 4.21413671373639 8.10137195122226 4.03429878048752 4.47865853658631 3.61485077021989 6 6.39100609755997 6 6.73399390243791 6.76696887034614 5.77362804878093
-9999 -9999 -9999 -9999 -9999 -9999 7.22753530166074 10.9078947368417 11.5335365853644 3.13338414634098 5.64196887034752 5 5.29416720153799 4.07020218228485 5.53353658536437 6.51500320924197 5 7 6.51247593067961 6.46646341463563 6.64473684210398 6 4.46646341463563 5 7 6 4.80973202824076 5 4.34984756097653 4 3.15300064184543 5.00790275994834 3.96802792041389 4.38924101412214 4.36212291399356 2.67470314505665 3.86541238767986 4.25164473684271 3.03682605905101 7.329950256739 5.30118741977388 6.88065629011564 2.85526315789516 3.03068838254162 4 3.57032252888228 4.82894736842063 5.20045731706971 5 6 6.72621148908933 7.09050064184748
-9999 -9999 -9999 -9999 -9999 -9999 11.5961569319648 11.3736761874191 12.0244704749676 15.2789634146329 13.87235237484 5.17682926829367 6.98916880616141 12.488366495507 4.0628209242622 5 11.918766046213 6.10714858793393 7.03947368420925 5.84639762515974 4.95125962772774 6 4 6 5.41158536585317 6 6.59210526315797 6 6 5.58841463414684 5 4.99225770218253 6.38450738125739 4 4 6.23226893453184 5 6.44407894736754 3.18954589216886 4.8429476893459 4.58965821566051 4.45679557124532 3.58841463414684 5.45029685494152 7.41158536585316 5.48002246469823 6.34118260590442 7.66158536585295 5.96397625160358 8.65159659820278 10 12.178714698331
-9999 -9999 -9999 -9999 -9999 -9999 -9999 10.3238526957638 11.2122512836962 5.47942073170791 5.23936938382556 5.83031129653406 5.82633985879341 11.363968228498 6.26797175866405 5 8.87772785622493 5.07617939666265 5.65737323491597 4.98868741976882 5.881578947368 5.12696566110379 2.74185654685477 5.22853818998703 3 5.49622913992286 3.38089698331191 4.64329268292669 4 6.06101572528901 4.03285462130923 4.99530648267024 4.75601732991075 4.94837130937082 5.99879653401806 4.6052631578944 5.90725288831875 6 5.47019415917719 5.38157894736747 5.55138799743243 6.28658536585338 5.09310815147596 5.04232188703438 6 5 10.6354701540421 11.4108231707319 12.6710526315791 12.5921052631575 12 12.1548860718871
-9999 -9999 -9999 -9999 -9999 -9999 -9999 6.3598363286258 5 6.82545731707338 4.53149069319648 7 7.00794287548165 6.96213093709838 8.05343388960167 10.6210285622584 4.43962612323542 3.68633664955149 3 5.28991495507072 14.1541639922984 5.56037387676506 4.49474486521187 8.54986360718878 4.3031530808725 4.30182926829294 4 7.53149069319648 5.52362804878 5.52711810012768 4 5.69817073170706 7 7 6.54200096277275 7 5 5.83717105263157 6.54853979460778 6 6.21128851091105 7.14565949935817 7 7 7.99602856225917 7 10.2502005776638 8.94817073170685 7.32894736842091 10.1616655969191 9.98030327342788 8
-9999 -9999 -9999 -9999 -9999 -9999 -9999 5.64369383825535 5.08656931964088 5.06173780487792 5.16571726572513 6 8 11.1872593068038 8.3772063543005 10.5034098202815 4.34683889602058 4.97075577663664 3.96052631579075 4.48415436456928 7 5.80178915276012 5.06823652118087 4.73246951219511 7 4.49334082156589 4.2469512195119 5.74161585365793 5.11737804878039 3.87118902438987 3.70643453145104 3.77057926829084 6.01624679075747 7.0357429396663 7.94476091142503 7 6.2873475609754 7.7530487804881 8 8 6.82778401797186 6.5846036585365 8 7.71975288831883 7.76945603337695 6.09210526315832 7.17105263157937 7.87652439024395 6.2469512195119 6.7530487804881 9.2463896020542 12.2469512195119
-9999 -9999 -9999 -9999 -9999 -9999 -9999 9.09210526315832 5.80792682926828 4.14405487804883 4.93681803594354 5.65909820282344 14.4918966623874 10.1063061617459 9.0836007702186 7.22324293966608 5 4.88157894736799 5.18449133504518 7.02431001283723 6 6.84583600770213 3.86099967907569 4.12383664955074 4.9142329910148 3 4.329549101412 3.77880295250314 5.14405487804871 4 4.80792682926828 7 6 4.16427310654678 8 7 8 6.19207317073172 6.89638157894719 7.19207317073172 7.86605423620017 7.18072047496825 10.0195362644421 9.24522625160429 6.18954589216938 6.45856065468586 6.86180198973008 6.85594512195117 6.12889120667526 5 8.0935093068036 13.7665275994864
-9999 -9999 -9999 -9999 -9999 -9999 -9999 13 2.7152198331184 3.38719512195174 4.95487002567372 5.56683247753547 5 5.07762355584125 12.5165677150186 6.26997753530219 4.86280487804804 6.74691110397846 6 6.7310253530153 6.10217426187448 5.60526315789525 4.13719512195196 5.12816912708675 3.10109114249068 5.48684210526273 4.51440147625213 3.44179236200146 3 4.45390725288654 4 6 5.19395860077128 7 7.07581835686825 7.13719512195196 6.91515564826649 6.52864249037191 6.13719512195196 5.86280487804804 4.90432445442818 6.1929958279848 5.01985718870352 14.0567634788186 19.9868421052627 9.55403562259087 14.6963655327375 14.3772865853679 16.9381418485199 17.7815709242608 21.5572448652122 19.137195121952
-9999 -9999 -9999 -9999 -9999 4.14269094993758 6.0823170731722 5.16684050064357 5 4.06173780487917 4.97292201540389 5 4.95992458279778 6 4.11156129653599 5.33588735558497 4.0985638639299 4.9176829268278 2.88145860076998 5.96377567394062 5.0823170731722 4.98375320924235 6.68685815147575 4.32601893453082 3.36272464698168 4 3.0823170731722 3.94476091142391 3.68826219512046 6.06823652118218 6.07473523748532 6.98684210526358 8.13727535301832 7.28554236200543 8.71241174582706 7.63996309370902 4.64983151476347 5 24.762917201536 16.8768854300386 16.8927711809994 19.186858151476 6 20.0877326700914 23.9056081514744 19.1646341463444 8.68605584082128 12.0236280487771 6.0823170731722 4.95125962772702 6 7
-9999 -9999 -9999 4.06101572528622 11.0035702824198 7.93421052631536 6.04023587933174 6.91042201540384 6 3.24314024390252 4 3.43533376123075 5.49979942233734 5 4.03538189987013 5.02743902438907 2.19736842105306 4 2.02635590500533 6.02635590500528 7 4.78602374839633 7 3.99025192554599 3.01552471116751 4.01335847239993 6.54841944801221 5.68007862644392 7.72942073170778 7 8.88045571245346 9.8518533376182 7 7 15.957397304238 20.6160943517322 22 19.9577583440326 14.1430921052673 20.9895298459568 19.330070603336 20.0274390243891 19.0234675866486 22.0365452503218 22.0263157894745 20.0249117458269 7.01805198972963 7.26371951219434 6 7.96136874197853 6 5
-9999 -9999 15.3109354942228 5.00613767650808 6.16820442875423 7 7.01279685494266 6.97508825417309 7.00469351732972 5.75685975609748 5.98158697047575 5.95631418485423 5.02743902438907 4 4 5.25645860077087 3.99458440308109 4.83319961489255 3.02743902438907 5.97364409499472 4.02418966623772 3.19195282413348 5.24887676508442 5.00974807445401 5.01552471116751 6 6.02743902438907 6 6.74999999999957 5 5 12.9597641206691 23.1572127727854 21.1956434531433 21 21 20.6563302310643 21.5394736842101 13.4182846598212 12.8011473042499 14.0357429396647 19.7611521181004 17.1447368421048 21.0639842747108 14.9594030808737 6.02491174582691 7.17105263157938 7.70884146341659 6.0729300385078 8.80459724005267 7.4734836328632 7.97256097561093
-9999 11.6079107830482 7.94259467265622 6 6 7.9176829268278 7.9176829268278 6.91547657252863 6.23928915276155 7.22942073170675 7 6.62568196405747 7 6.57662066752272 7 7.25357028241277 5.93392971758551 5.89132702182263 5.95727695763932 4 5 4.0823170731722 4.17125320924057 5.28947368421077 5.87110879332245 6 6 4.615813543003 5.06173780487911 4.01408055199002 23.0898989088591 19.9857589858798 21.0603738767654 20.8353658536556 20.9176829268278 20 19.9490933889593 7.4950657894725 20.3338013478787 14.411585365861 5.02491174582839 6 4.14473684210484 5 5.90669127085829 5.00758183568695 6 5.77057926829325 7 7.40833600770928 7.0823170731722 8
-9999 8.1519977535299 5.95848042361983 9.24370186136206 17 15 6 5.13719512195196 5.02346758664974 7.102896341464 7.42101251604658 6.0812339537874 6.06679236200287 6.51183408215698 6.08845474967957 6.52318677792115 6.97292201540416 4.13719512195196 2.99458440308102 6.65749358151261 4.10217426187448 3.632341142491 5 5.04874037227239 5 5 4.86280487804804 3.18232509627824 8 23.0130776636721 22.4745667522463 20.9850369062906 21.184932605906 16.5042923620044 17.8934932605899 20.398307124519 19.8104541078296 21.5286424903719 16.4654605263162 16 17 2.89349326058999 4 3.87183087291324 3 5 6.60149229781618 7.897103658536 5.86280487804804 8.05596116816467 9.69443998716414 7.17871469833213
-9999 -9999 15.8660542362002 18.8079268292683 14.8357268934532 16.8810574454421 3.20270378690664 5.07441431322242 3.84078145057774 5.5579268292685 4 5.88627246469824 4.80379492939719 6.91659980744545 6.15055359435167 7 4.15416399229774 5.63787708600844 5 7.26343870346676 4.8306723363287 5.55419608472328 8.72368421052651 6.52090019255465 7.64918966623912 7.80792682926828 8 23.1288912066753 6 18.0724887676509 20.5414393453148 18.8104541078305 16.5635831193838 11.6778321566077 11.4044046854938 19.8660542362002 16.5710847240043 16.8325978819006 17.1522384467278 13.8079268292683 5.24450417201506 5 5 4.05315308087257 6.80539955070594 8.36705712451832 7.33027118100164 8.7980182926831 6.06318196405646 7 5.41459403080873 5
-9999 -9999 -9999 16.169207317074 12.1447368421057 15.1811617458273 11.7562981386397 9.4594833119387 6 13.0586890243892 6 5.40789473684168 6.87327503209247 5.57393292682906 5.1166960847233 5.79192073170738 4.80178915276029 5.11842105263201 4 2.96052631578905 5.66387195121945 7 8.93176347881913 8.08773267008972 7.43421052631536 7.51315789473727 12.9017971758658 14.8220876123225 14.9321646341449 11.8711890243899 16.6836890243908 14.9933408215663 20.2469512195119 16.1089939024394 20.7530487804881 19.4748475609753 18.9596036585365 17.0998475609764 12.6132461489084 6.4657012195131 7.07473523748376 5.80828786906324 4.96425706033391 6.70350609756157 7.49618902439051 6 6.49542682926785 6.18521341463398 6.32818517329867 7.44588414634132 7.38643292682943 8
-9999 -9999 -9999 -9999 12.0331755455727 11.7180279204118 16 17.5417602695765 9.82200738126509 5.24999999999979 6 5 4.85305680359493 3.95948331193771 1.2144576379967 8.84736039794804 3.80263157894694 6.11842105263201 4.32938863927934 8.7376444159192 1.769014762515 8.30182926829175 8.494744865211 8.89277118100165 8 18.5211007702189 28.384788189991 5.77033857509607 14.6791158536555 13.8289473684206 13.3018292682918 12.6889842747124 21.0657894736846 22.5971197047502 20.3018292682918 17.2104862002561 16.6834082156597 7 5.53947368421141 8 6 4.08279845956192 4.45892169447867 2.36761874197554 4.70214216944906 4.79027599486657 4.94837130937102 6 11.2025433247748 6.82128530166949 9.48684210526315 7.43421052631573
-9999 -9999 -9999 -9999 6.3567073170727 13.6009707958923 6.98214858793267 6.67614730423678 6.3567073170727 7.6432926829273 5.31434531450639 4.57758344030834 7.00938703466011 8.23965019255551 16.7714618100128 11.0803915275992 5.31895860076989 9.11842105263201 3.3567073170727 4.97460686777891 2.3567073170727 8.28630455712424 8.27631578947349 8.6432926829273 8 23.1905888960207 17.3393774069331 22.8549021181007 19.2865853658546 20.4177230423616 15.4268292682908 7.06578947368208 12.9765324133503 12.9483713093709 17.436497111681 8.0540757381255 7.75453305519907 8 6.6432926829273 3.22059531450583 6.49181643132504 4.92021020539148 4.6432926829273 2 3.00469351733006 7.67614730423678 5.53325577663683 4.64176829268127 6.6432926829273 7.52639602053912 8.02631578947371 10.643172336328
-9999 -9999 -9999 -9999 -9999 5 5.41932766367114 6.96209082156598 5 5.55868902438975 4.25946726572593 4.18051989730516 6.58841463414684 17.854701540435 16.265364249037 3 7.47228016688076 4.40263960205136 2.97677310654759 6.71879011553368 5.3628449935809 8.41158536585317 8.29785783055171 8.73463575096304 9.10004813863992 24.0027679717609 24.0468549422324 22.3421052631582 17.6615853658536 18.5180118741981 19.5721277278567 14.4061697689342 20.3845073812574 19.5563222079589 7 9.82192715019251 5.25453305519884 6 4.72901957638027 4.74105423619935 1.82192715019266 3.76688863928142 2.11561296533919 6 5.97368421052546 5.97633183568675 3.7839377406938 4.64710365853701 7.14437580230926 10 7.21120827984571 6.79163992297765
-9999 -9999 -9999 -9999 -9999 -9999 12 9.48439505776479 7.85313703466234 2.13338414634098 4.84042041078241 5.91451379974717 7.21305359435184 20.5665516688069 19.6992538510901 6.97055519897629 3.94616495507302 6.53353658536437 4.46646341463563 5.467706996147 5.94476091142453 10.1973684210524 8.66242779203991 9 7 20.2720234274706 23.407894736842 19.7954107830565 15.6669207317057 19 19.9452824133528 17.0464939024375 6.46646341463563 6 6 6 3.32995025673872 5.07301026957447 4.20358632862446 5.75300866495193 5.37351572528265 3.24277920410889 7.54368581514867 5.6006097560931 1.4796213093729 4.61946405648185 5 6.98323170731783 5.15344191270902 9.44760911424767 8.04669448010122 9
-9999 -9999 -9999 -9999 -9999 -9999 -9999 9.51741014120589 8.17105263157937 6.71798780487967 6.32120507060404 2.21265243902378 4.47865853658631 19 20.4938222079592 6.37728658536527 3.99157573812616 4 5 7.43918485237536 5.57802471116753 10.4786585365863 8.72368421052651 9.1233953786917 24.7477134146326 21.4315629011564 22.6628690629023 20 10.5746951219487 13.7596678433894 15.0426829268274 16.0131578947364 14.5528321566104 5 2.47865853658631 3 6.50505455712431 2.75990853658558 8 6.35518292682944 3.2057926829269 3.38113767650847 4.4848363286271 7.48704268292617 8.95731707317263 6.95731707317262 5.56402439024106 7.75000000000021 4.47091623876945 8.40789473684253 9.25381097560929 9
