rasterData/Libya_CLYPPT_M_sl2_250m_ll.asc
NCOLS 190 
NROWS 164 
XLLCORNER 9.286543823 
YLLCORNER 19.496123685 
CELLSIZE 0.0834965562894737 
NODATA_value -9999 
[rows 69 to 91 of 164, columns 104 to 155 of 190]
21.8429878048779 25.3620426829273 23.6280487804872 26.6859756097564 18.889080551989 21.1733793324783 4.24378209242542 4.84703947368343 3.31402439024362 2.46052631578983 3 4.73824614890846 5.31402439024362 5.2185093068038 4.08676989730444 4.29336489088589 8 8 7.31402439024362 8.51448170731728 9 6.44211328626413 9 9.22376444159073 8.09090179717605 7.22725449293987 8 8.31402439024362 8.0541559691908 8.98760430038523 9.95595314505691 8.11665596919108 7.49642971758688 6.09090179717567 6 6.84711970474996 7 6.67105263157852 9.45045731707353 7.68597560975638 7 8 7.97934050064173 6.85526315789492 7 7 8.31402439024362 8.68597560975638 9 8 9 7.97990211810091
22.3422256097554 25.7573010269569 26.4129091784349 23.009707958922 24.4276716944802 13.5790275994867 3.36890243902401 4 1 2 2 2.38157894736885 5.80900994865227 6.48993100128372 5.14473684210508 4 7.09699935815003 6.3930519897296 5.82894736842063 10.631097560976 9.58480423619802 9.25742137355617 8.69275513478881 8.80311296533926 7.36890243902401 8.10193356867722 9.26219512195198 9.91262836970578 8.63109756097599 9.3834643774064 9.88157894736629 9 9.73303112965366 7.22420571245211 6.01183408215629 7 8 9.78409820282454 8.27667682926817 9 8 7 7.02426989730437 7 7.28638478818842 7 8.01267650834313 7.46052631578983 7 7.68449133504384 8.22821726572561 8.14116655969227
22 27.8828225288853 24.3847480744545 24 17.4725208600764 19.3624438382542 7.51857349165667 5.12824935815151 2 2.22861842105246 2.19516206675205 2.78012676508318 3.4018372913995 5.55267169448032 5.42378048780485 6.97211970475022 5.42378048780485 6.52314666238884 6.92751123234899 10.2964939024391 7.71562098844741 9.34118260590487 8.28052792041006 11.3059611681645 6.52206354300393 7.04890083440211 8.80263157894746 9.52603498074512 11.9605263157898 10 6.11842105263371 8.34013960205393 8.41700096277284 7.42378048780485 6.67398106546878 7.21746630295268 8 7.47392490372278 7.42378048780485 6.35129172015456 8 6 6.42378048780485 7.08340019255446 6.12889120667722 7.4018372913992 7 6.6891447368423 6.734635750963 7 6 10
27.1196646341464 26.6105182926811 28.0440869704749 27.0062981386395 26.9286344672672 27 27.1070683568688 26.4604059691911 20.7746710526324 8 5.25822368421124 2.18264602053972 3.33380134788276 4.40472560975514 5 5.03149069319586 6 6.5654284338878 8.39678273427529 9.77134146341369 8.65015243902585 8 8.47865853658631 10.2949695121949 6.19756899871523 8.47865853658631 7 8.52134146341369 8 6.02057926829246 7 10 9 7.82995025673899 7.77362804878068 7 8 8 9.64100609756006 8.08917682926747 7.04408697047493 6.52134146341369 6.48704268292572 7.3766046213086 7.40472560975356 7.66619865211748 6 8 8.52134146341369 7.97360397946196 9.90929878048912 6
22.3833841463413 25.9087371630305 21.9570362644416 26.4603257381271 26.5335365853644 15.8040356225952 5.6901476251637 6 7.82200738125676 7.64509788190384 3.49735237483963 4.7631578947377 3 4 5 7 6.47348363286434 8.48439505776607 7.09126283697045 7.26676829268219 7.15344191270982 7 8.19267490372429 8.79745667522425 8.83428273427438 9.46590179717752 6.51327824133393 10.411224326061 8.01841302952492 9 7.88157894736629 7.78939345314574 6 7.81045410783099 7.24049261874111 7 8.78237323491739 9 6.5998475609765 6 6 7 6.96489890885738 6 6.77631578947023 7.51323812580172 6.20358632862519 7.25164473684274 7.46052631578905 7 7.39473684210612 6.10434050064238
21.30868902439 21.1006498716296 25.5647464698351 26.4007541720146 9.02707798459578 21.1447368421051 4.64092586649608 3.87544127086019 5.41158536585317 6 5 3.58841463414684 2 2.41158536585316 4 5.97292201540492 7.59383023106613 7.90789473684408 3 5.54420731707342 9 8.57577824133523 9.48684210526188 9.41158536585317 9.14622111681608 9.15705231065187 10.1161344672658 9 10 7.98375320924279 6.06968068036075 7.41158536585317 7 7 6.43421052631622 7 8.16788350449256 6.53024711168174 6.85289634146354 7.92959724005196 6.37367618741943 6.58067233632787 7 6 7 6 5.38157894736714 6 6 6.58841463414684 7.69736842105306 8
21.7324695121949 21.1856546854956 23.6432926829267 6.37832958921778 5.64329268292669 7.91523587933303 6.49939826700775 5.04890083440337 3.75453305519807 4.16427310654705 3.83572689345323 3.24546694480125 2 2 3 5.0234675866491 6.64329268292669 6 6 6 8.21160943517426 7.61910301668832 7.8604781771507 8.27932445442835 9 9 9 10.0761793966615 10 8.96052631578983 6.60935494223291 6.4836729781772 8.8506899871627 7 8 7 7 7 7 7.17105263157767 6.58404204107835 6.63952182284907 7.04232188703493 7 6.85610558407997 6 7.35670731707331 6.29625320924279 6 6.60217426187346 6.89204910141218 7.14389441591809
23.2782012195132 25.3153883183545 15.8180760590495 5 3 3.74185654685467 2 2.51311777920435 4.5682365211822 3.16282894736845 3.83717105263131 1.54693517329887 2.11994544287516 1 2 4.21618260590691 5.00918645699644 6 6 6.52362804878029 7.53149069319768 8.17871469833127 7.69817073170706 8.60498234916537 8.24803433889563 7.49474486521111 9 9.30182926829294 7.38069640564791 7 6.96425706033309 7.13779685494212 7 7 5.82842586649447 5.11019736841981 6.82128530166852 5.53149069319688 6.24999999999957 6.17105263157767 6.27402920410815 7.30182926829294 7.04593228498103 6.40288029525042 7.39048459563694 6.78951379974311 12.2368421052657 7 8.16282894736869 7.3248555840808 7.30263157894694 8.30182926829294
24.9413109756098 27.8711890243912 4.9838735558405 14.9900914634143 3 3.39710365853727 0 3 1 3 0.246951219511899 3.8472801668809 3 1.41539634146351 0.964257060333849 4 6.74314024390241 4.7530487804881 6 5.06173780487797 8.24771341463543 6.85377888318381 7 9.56578947368475 8.21798780487878 9.27631578947241 9.95125962772794 8.78229300385104 7 7.72332317073226 6.30688382541805 7.04958279845936 7.06823652118091 6.37720635429996 6.13157894736757 6 4.85377888318364 4.33961810012855 6 7.20470956354307 6.22420571245166 7.00990853658696 7 7.03574293966615 7 8 7 6.88627246469838 6.86677631578953 8.17835365853858 9.17221598202814 10
23.3460365853656 23.1920731707317 5.63354460847233 5.77134146341477 5.80792682926828 2 4 1 2 2.53947368421017 0.548981065468046 2.30828786906324 1.73210847240034 1.85089056482677 3 4.94684691912812 3.98936938382507 4 4 4 6 6.59996790757409 6.41459403080976 8.83319961489108 7.93176347881908 10 8.80263157894746 7.90432445442979 6.00758183568671 7.21638318356847 6.40616976893839 6 8 5.87616335044932 5.21734595635415 5.48684210526271 3.88627246469824 4 7 7.17105263157767 7 8.80792682926828 7.2325898587936 6 6 7.69736842105254 6.49963896020642 8 6.7441431322201 7.85341784338944 9.18637676508317 8.04296373555849
23.7157012195123 19.2847801668801 21.0921052631576 15.0018051989731 4 2.13719512195196 4.22368421052807 5 4.91515564826676 3 4 1 3.2611120025668 2 2.01985718870355 4 4 2.07946887034483 3 3.75 8.62411745827846 6.64806643132228 8.93320763799725 9.45226251604592 8.95125962772765 9.66230744544347 8.82970956354323 5.01624679075729 6 5.03405808729106 8.86280487804804 5.856787548139 5.96209082156591 5.04874037227243 4 3.06679236200287 4 4.04512997432636 6 7.9765324133505 7.21666399229826 7.56751444158625 7.12816912708664 6 5 6.13719512195196 6 8.13719512195196 8.86280487804804 9.94764922978167 8.95848042361986 6.21301347882003
6.93826219512082 20.5150032092467 5.91547657252927 5.00108311938388 4.00541559691926 4.57770378690703 3.04549101412119 2.94259467265624 7 9 8 7.56751444159049 6 2 2 4 4 4.0823170731722 2.15697207958936 3.68826219512085 7.97292201540375 7 9 9.46995346598208 8 10.4928594351765 9.96750641848467 6.0097480744545 6.96052631578983 7.19760911425156 7 7 5.6641126444149 3.1646341463444 3 4 4.04874037227305 4 3.24999999999957 5 6 5 5 6 6.06390404364655 4.72228016688098 6.8649711168159 9.9176829268278 8.04440789473767 7.38157894736714 8.5554396662371 7.22368421052674
5.97942073170818 3.02743902438907 4 3.04023587933174 3 3.17614730423468 1.22368421052807 4 6 5 4 4.01047015404321 4.32176668806039 4.97256097561093 3 3.90857670090092 2 3.90789473684408 3 4.94512195122185 7 8.98375320924332 8 8 6.37295410782938 8.98014281129735 7.78060815147728 8.1184210526303 6.0383905648264 5.06582958921547 5.03068838254047 4.04404685494036 3.97256097561093 3.02743902438907 4 5.48499679075901 5 5.66728177150235 3.72942073170861 5.02743902438907 3.00252727856214 3.04023587933337 5 5 4.24498555841067 4 7 6 5 6 7.32176668806039 6.25112323491582
23 10.166359114248 2.20659499358004 3.98684210526273 5.04015564826854 5.02346758664856 3.99386232349187 4.02743902438907 3.97256097561093 4 4 4.97256097561093 6.02743902438907 2.80989249037043 4.00397143774052 6 3.02743902438907 3 3.16635911424965 3.02743902438907 7.31992137355775 8 6.49907734274896 7 8.98230905006493 8 7.94512195122185 9.02743902438907 8.9736440949947 6.03947368421017 4 3.00541559691889 3.98014281129738 3.99025192554598 3.44973523748371 4 4.01119223363237 4 5 4.02743902438907 4.02491174582693 3.04023587933337 4 4.97653241335145 5 5.30263157894746 7.01696887034591 6 6 4.98303112965409 6 4
4 4 2.83315949935707 5 4.99458440308074 1.85526315789492 4.07365211810202 5 5.56751444158952 3.49506578947256 4 6 6.9176829268278 4.9176829268278 5.01191431322228 4.06578947368293 3 3.90789473684408 2.98591944800998 3.2911585365861 3.35710847240233 4.9176829268278 6.51315789473812 7 7.32601893453054 7.0823170731722 7.0823170731722 7.809009948652 4.0032493581515 4.99350128369699 2.00974807445478 4 4 3 4 3.95775834403002 5 5 5.45884146341468 4.0823170731722 4.08452342747074 4.98684210526105 4 4.85526315789492 4 4 5.43248555840795 4.03790917843459 6 5 6 6
3 2.73868741976938 4 6.853257381257 6 4.64798620025477 5.44736842105613 2.90789473684237 1 2.39734435173296 2 2 2.90432445442818 5 3 2.93421052631707 2.146742618743 1.04508985879604 2.25092265725418 3.93140243902402 4.86280487804804 3.94403883183535 6.51315789473812 7.56578947368475 8 8.76159338896151 5 4.8815789473697 4.7364409499343 6 4.89782573812405 4.30748555840873 4.96209082156591 4 4.05957156611078 4.86280487804804 5.05596116816456 5 5 3.13719512195196 3 4 5.05676347881932 5 6 4.09567554557175 5 4.52864249037195 5.32333119383709 5.05235077021834 6.2611120025668 4.10650673941001
3 4 6.54143934531471 6.18954589216938 5.7952904364569 5.8357268934531 5.25441270859793 5.05812740693198 5 5 3 4.38013478818901 3.75549582798494 2.85089056482677 2.88306322207974 3 1.01063061617493 0.807926829268282 2.33027118100164 2.25 2.45783857509755 5.07834563543009 4.5172897946082 6 6 2.2232429396652 4.84583600770216 5.16932766367163 5 6.21638318356847 5 5.19736842105254 4.19207317073172 5.19207317073172 4.91659980744536 6 5.92165436457004 4.20005616174633 4.61585365853656 4.82894736842233 4 4 4.7674101412064 4.14473684210508 4 4.69736842105254 4.38157894736714 4 4.46052631578905 6 4.13394576379983 4.22368421052674
4.2469512195119 4 5 6 5 5.03574293966615 6.19171213093644 6 6 4.59375000000011 3.13883985879381 6 5 3.80828786906324 3.03574293966615 4.95045731707411 1.01315789473727 2.02274550705982 4.20470956354265 2.18826219512203 1.66780327342707 3.7530487804881 4 5.67831354300464 2 3.7919207317082 6.80263157894746 3.97075577663706 5.7530487804881 6 5.02924422336378 5.34683889602031 6 6.48551829268298 6 4 5.2469512195119 3.91876604621309 5.24999999999957 5 4.7530487804881 3.01315789473895 5 5 4.2469512195119 6 5.15271983311952 4 6 5.15271983311952 4 4.58460365853649
2.77362804878106 4 3.72597079589293 5 4 6 5.0675144415921 5.69736842105254 6 6.46052631578983 3.67847400513466 5.2451059050074 5 5.45799903722679 6 5.34776155327167 3.30182926829175 3 1 1.52362804878119 2.9007140564825 2 3.66804396662506 3.60498234916469 1.64473684210569 2.49474486521024 3.80263157894746 5 5.03947368421017 4.67061136072002 5.03574293966677 6 6 6 6.39501765083463 5.70611360718988 5 4.46850930680392 5 4.22268132220614 4.96349486521174 6 6.9540677150189 5.14473684210508 6.23431482669913 6 5.26640725288778 5 5.30182926829175 5 5 7.19656611039872
10 9.6432926829273 6 4.00846437740721 4 8 11.079789794609 11 10.6432926829273 5.90584884467134 9 6 6 4.27691752246418 7.94837130937112 3.33323973042364 1.64798620025735 1 3.0610157252889 2.82164634146365 3 4.6432926829273 5 1.27932445442861 3.58524550705976 4.24546694479709 3.58672978177181 5.31446566110402 4 5 4.11842105263371 6 6 5 5.79091784338892 6.15645057766459 3 4.88266206675225 4.83917682926845 3 4.83191591784219 5.01315789473895 7 6 5 4 5 5.70374679075694 4 5.46606225930633 4 5.50060173299093
11.3384146341473 6 5.64261071887073 6.01083119383859 10.4413912066749 9 5.37038671373362 5.71297336328665 4 4.31743421052637 5.41158536585316 4.84294768934533 6.71297336328643 5.09206514762523 8.23936938382642 3.96128851091215 5.81233953786774 5 3 1 2 5 3.41158536585316 2.76712933247759 3.85377888318392 5.14834724004913 3.08123395378677 7 5.96052631578983 4 6.41158536585317 6 6.11372753530151 5.14622111681633 6.12391688061749 6 5.65159659820228 4 4.44131097561038 4.58841463414684 6.58841463414684 4.59383023106682 5 4 4.45113928112999 6 4.63611200256634 4.72901957637954 4.31743421052683 5 5 4.09206514762523
4.36661585365828 6 6.04296373555842 6.00613767650856 6 3 6 7 6 5.53353658536437 2.46646341463563 6 2.44379813863911 5.58580712452 8.07722240051317 7.96489890885829 7 4.47264120667631 5.82894736842063 3.59984756097673 3 2.68409017971861 5.19684691913388 4 4.59246630294915 5.14742458279737 5.89469672657287 4.93681803594438 6 6 4.05523908857627 5.47970154043735 4.06125641848638 5.1657172657259 4 5.46646341463563 5.68409017971824 4.80154845956488 5 5.92021020539187 4 5.0192955712483 5 5 5.10434050064379 5.53353658536437 6.17799261874195 6 5.46052631578905 5.79641367137481 6 1.41419287548
8.25000000000128 6.82894736842233 4.43457156611139 1.98684210526273 3 6.55411585365925 6 6 7 5.74177631578914 4 6 7.47865853658631 3.88338414634145 5.06927952503214 6 3.47865853658631 5.04801829268181 8 5.25 3.17149390243953 6 5 4.70503048780513 2.08536585365475 6.37728658536584 5 5 5 5.47865853658631 3.67787227215074 4.10289634146318 5.37728658536519 7.47865853658631 5.70503048780564 7 4.30868902438991 5 5 5.0818758023102 5 5 3 4.55411585365925 5.88338414633987 5.52134146341369 5.1826460205389 4.52134146341369 5.53947368421095 5.29601251604741 3 0
