rasterData/Libya_SNDPPT_M_sl2_250m_ll.asc
NCOLS 190 
NROWS 164 
XLLCORNER 9.286543823 
YLLCORNER 19.496123685 
CELLSIZE 0.0834965562894737 
NODATA_value -9999 
[rows 66 to 87 of 164, columns 100 to 149 of 190]
55.5187339537882 55.1493902439026 54.4354139922988 56.4783376123241 50.9367378048789 59.7306643132228 57.558287869063 57.3080070603345 55.0559611681647 61.8506097560974 94 93.4851572528883 95.6184210526301 94 93 92 95 90.4399069319649 90.8382942875487 93 90.1493902439026 93 92.7345555198968 93.0373475609757 92.0491415275998 93.5921052631576 91 90.5009226572534 91.3454348523746 89 92 91.1184210526303 89.0335767008983 89.8565067394093 89.7852615532721 85.0294849165597 85.343148267009 89.54841944801 88 87.1493902439026 89 88.899751283697 91.212652439024 93.7012195121947 93.8295491014126 94 95.2053514120673 93 93 90.6973684210526
54.2299422336344 52.2042682926827 53.2036264441606 52.5235077021831 52.1935975609766 55.0681562901163 57.8333600770219 53.7879492939666 52.7040677150193 73.0547978177142 92.8414232991019 94.6608231707313 94.1263238125798 96.5394736842102 97.6973684210548 91.5079027599489 94.5726492297819 94.1779926187424 96.1447368421051 92 90 92.0921052631559 90.1361120025678 89.9946646341466 86 91.5664714377407 92 88.7957317073173 87.4278321566105 90.0913831835691 89 88.0241896662385 89.9524630937103 89.7957317073173 90.1558889602044 85 85.6672416559693 90.7173058408214 92.3455150834407 91.3300304878054 90.0888960205408 91.6710526315785 92.2499999999996 91 88.3696646341457 95.2042682926828 89.2177069961488 93 91.8220073812552 91.2042682926828
55.3216864569975 56.6198250962765 52.667041078306 57.5273989088551 56.7591463414618 57.9748074454477 54.7408536585374 50.2918405006377 56.7067554557132 94.3816591784349 92.7774390243878 93.7859836328622 96 95.5394736842102 94.880656290116 94 96 91.7988206033384 92.000922657256 92.3078867137339 89.0097480744547 92.7647224005137 88.7851813222088 85.8887195121939 89.4176026957643 92 88.6393212451867 89.5316912708604 88.4565548780492 91.6520779845975 92.8026315789475 90.912267329911 87.0394736842102 90.6148106546832 85.0877326700915 84.9058087291388 87 90.4606065468553 92.7408536585374 90 90.9522625160461 89.3478016688049 92.8704268292689 91.2977775994844 88 91.2557365211797 91 91.1519175224639 90.2011793966609 88
56.8470394736821 57.5131578947373 58.5938302310662 60.0149229781779 59.5289634146348 55.7752326700916 56.3719512195128 58.3098924903719 69.3082878690649 61 91.7562179075746 86.6745827984602 90.5082236842096 95.2846598202824 96.1446164955068 92.6859756097564 92 94.7814906931962 95.9132301026956 95.7066351091141 91.9909740051345 92 88.8570282413358 88.8780487804872 88.8967025032088 93.5578867137359 90.8388559050062 87.8669367779228 87.7975369062902 87.7727455070601 89 87.0440468549418 88.3301909499367 86 88.2437018613652 85.8833440308089 86.8666559691909 93.9090982028243 91.8223283055202 93 93 93 89.5350609756098 92.3140243902436 92.9078947368424 87.3320763799769 92.0206594993583 91.1238366495507 90.0702422978187 89.2593870346602
56.7912788831843 53.0353417843377 56.1504733632866 58.7256498716302 57.7888719512197 54.8094512195134 55.9220154043633 60.9736842105255 59.6138478819001 79.1054637355585 95.631097560976 93 99 98 98 95.6184210526312 94.1909900513477 93.5100689987163 94.8552631578949 96 88.267049101413 86.0679557124503 87.1710526315794 87.368902439024 89.838695442877 90.7425786264438 91.3072448652112 88.4282734274733 87.4514200898591 87.9846357509612 86.8754412708601 87.0873716302942 86.368902439024 87.9708761232352 90.1184210526337 87.8754412708601 90.2669688703463 92.7757942875479 93.9881659178437 93 92 90.2159017971755 91.7233231707318 89 89.9660221437742 91.3772063543014 90.0415195763803 90.4068517329907 88.7136152118116 88.368902439024
53.9895699614877 55.5375080231074 53.6125240693188 52.877086007703 58.3178353658538 56.1171774711147 58.3847480744545 58.9944239409498 72.5274791399236 67.2606306161738 92.4814265083433 94.8717506418485 98 97.7713815789476 97.804837933248 97.2198732349168 96.5981627086005 94.4473283055197 94.5762195121952 85.6590580872868 92.1448571887033 89.6152519255448 88 89.3856707317073 88.2843790115526 90.6588173940951 85.7194720795899 87.957999037228 90.8331996148904 88.1103177150195 91.1973684210526 88.4739650192549 87.0394736842102 87.553474005135 91.8815789473663 90.3885189345315 91.2317073170732 92.5762195121952 93 92.7825336970473 91.8271421694482 92.5260750962772 89.6821646341462 91.7472721437728 89 92 92.0278802952505 90.0834001925545 90.9052069961475 92.5981627086008
56.4100609756123 56.2111280487817 54.3968629653379 52.6928353658526 56.5213414634146 57.786264441595 54.5213414634137 57.465500641849 59.0398748395361 57.4786585365863 59.2645218228487 55.9092987804899 61.0855664313238 92 92.7417763157888 97.8173539794603 96.6661986521172 95.5952743902449 95 91.9027198331212 89.9736842105255 90.3772865853683 91.6032172657247 89.4786585365863 87.3498475609742 88.3513719512169 91.5213414634137 89.7050304878051 91.3827824133488 91.5213414634137 93 89.6021341463409 90 93.9794207317075 93 90 91 92.170049743261 92.2263719512193 91.2538109756091 92 92 87.3589939024399 90.4321646341462 89.9559130295251 90.4786585365863 89.5472560975622 89.6233953786914 90.4882060333768 90.6676026957651
60.3720715661071 59.0326540436442 58.6443758023141 55.3641688061599 58.8666158536582 55.3866736200275 58.9329268292713 55.5598523748389 58.9680279204139 76.3305519897254 94.3098523748363 94 92.1779926187432 92.3549021180962 96.5026476251604 95.2368421052623 97 96 92.9227775994868 88.5015645057773 89.5335365853644 91 91.7487163029494 88.8506097560931 92.8465580872902 93 91.8073250962757 90.5949133504485 86.5335365853644 87.2577824133501 86.6840901797186 86.5887756739391 89.9815869704751 91 91.5296453786931 92.2106065468543 94 92 92.7595073812589 93 91.2176267650826 88.6710526315785 90.6333841463409 91.9758103337592 92.374358151478 90 91.431362323493 89.2021020539126 91.1905086649486 89.4867618741983
55.2554958279856 55.0418003851106 58.8916078305534 58.8591944801032 59.8826219512208 59.9697528883184 54.9694720795879 61.7683327984611 86.5393533376128 62.877888318357 93.3590741335039 96.1245587291398 94.5884146341469 94 95 96.4115853658532 98 96.7652439024405 91.5884146341469 89.2039072528888 92.4061697689339 88.6805198973028 96.8993501283694 89.8971036585367 88.8398989088566 91.4242217586648 90.5131578947381 90.5884146341468 90.6447368421057 87.8429476893481 88.7508825417204 86.4812660462119 89.9605263157898 92.0162467907572 90.8815789473663 90.4722801668811 93 93 92 93 91.8321164955074 88.4697528883183 92 91.3176347881898 91.5179316431328 92.5806723363279 91.0657894736846 90.6735799101417 89 90.4103417843392
56.682966944801 59.0263157894746 58.0241896662377 60.5537146983306 60.5350609756103 59.7043084082151 58.7134146341466 85.9830712451856 92.3567073170733 85.4157172657243 93.5006017329923 94.8431482670086 96.2454669448019 95.835726893453 96.1642731065468 96.7545330551987 94.4434370988446 94.8561055840819 96.9068918485239 94.6198250962776 92.3567073170733 94 93.877968549422 91.28506097561 91.7883905648257 92.3808969833117 92.1395218228493 91.2395298459569 87 85.8119784980743 87.7702583440306 88.3920892169485 90 91.0394736842102 93.3906450577671 91.2300224646981 91.1493100128373 93 92 93 93 93 93 89.7679316431339 91.0328546213093 90.360478177151 88.6667602695764 93 93.14389441592 92.1946806803595
58.0918645699595 58.6337853016684 57.993942554553 58.2747111681644 59.4199695121939 55.6846116816455 80.0898186777929 93 95.3232910783028 95.2144576379977 98 97.4868822207956 95.4317634788178 96.8371710526315 96.1628289473687 98.4530648267011 97.8800545571249 99 98 94.6981707317071 90.9908135430036 94 91.301829268293 93.4763719512197 92.4685093068023 91.6425706033375 91.9619303594365 88 88.7519656611044 88 88 90.6981707317071 92.6193035943521 91.5760991655977 91.0357429396669 92.8622031450579 93 93 93.8684210526324 94.8898026315802 93.1787146983315 94.4685093068031 93.7500000000004 93.8289473684223 92.9721999358152 92.6981707317071 92.954067715019 92.2581434531453 92.6095154043631 91.2104862002569
61.1901075096312 60.7337933247746 59 63.4241014120666 59.2439024390242 56.1710526315777 92.2175866495509 72.2898347240062 89.8838254172026 93.7797256097542 99.4153963414645 97 99 97 99.7530487804881 96.1527198331191 97 98.5846036585365 99.0357429396662 92 92.2042281771485 95.2469512195119 94 94.938262195122 91.7522865853646 90.9852775994857 93 87.1125240693199 88.5144817073166 86.633745186135 90.0487403722721 91.217706996149 92.0394736842102 91.0394736842102 92.9400673940938 91.7530487804881 92.7236842105264 93.6227936457 93.8684210526324 91 95.1462211168164 95.6603818998715 92 90.7952904364569 90.706434531451 92.990091463413 93 92.9642570603338 93 91.655568035944
61.6763478819027 56.4095394736844 60.2509226572523 61.5210205391532 60.2499999999996 63.477655648268 88.0999679075741 86.2890324133509 87.4499358151481 97 96 99 98 96.9210526315797 99.451018934532 96.4548700256745 98.2678915275997 98.1491094351732 97 92.0531530808719 96.0106306161749 96 96 96 94 85.4237804878049 88.5854059691903 89.6491896662392 89.3552631578943 90 91.1973684210525 91.0956755455702 91.6643132220788 90.8306723363284 93.5710847240009 93 92 93.1238366495507 93.4800224646972 94.0985638639282 96.1137275353018 92.3289473684215 91 89.8289473684223 90 91.1920731707317 92.7674101412064 94 94 91.7554958279845
61.6668806161745 65 63.1029765725261 61.6241174582793 60.5685975609752 69.2743902439039 59.9403482028254 75.9981948010269 96 97.8628048780481 95.7763157894719 93.5884146341441 92 97 92.5345394736842 99 94.7388879974332 98 97.9801428112965 93.4115853658559 96 97.9205311296551 97 96.25 91.3758825417216 91.3736761874184 91.0667923620028 89.5477374839541 91.0487403722724 90.2004974326046 91.1702904364568 94.9837532092427 93.9210526315797 94.9659419127089 90.2743902439039 94.143212451861 89.3521341463418 91 96 96.9332076379971 93 92.441792362001 94 88.8524149550718 92.7833360077017 92.4324855584138 92.8718308729134 94 95 93.4801026957611
60.9176829268278 56.5532333119395 62.5921052631566 66.0281611039799 92.6882621951213 66.7166238767566 85.2535702824122 83.9045250320905 94.9122673299086 89.2656450577656 96.9545089858788 93.0574053273438 91.6498315147617 86 86 86.0314104621315 86.3600369062908 98 98 96 96 95.9176829268278 97.8430279204106 96.3117378048791 92.0270779845963 91.9132702182307 91 90.5300465340179 87 86.5071405648235 88.8351251604628 93.6082718228495 93.0394736842102 92.7233231707278 93 92 90 92.811537227211 97 92.4308408215651 92.951259627727 92.9176829268278 92.7500000000004 95 94 89.8496068677786 93 93.9880856867777 93.9360959563535 93.3351251604628
61.620667522461 59.9866415276001 61.5758584724 64.3105343388972 91.7774390243895 93 95.9104220154045 95.9594030808737 96.8171534017985 95.8238526957653 98.776315789472 93.0191351091134 89.3541399229808 90.4753289473681 91.9873636071893 90.6079508985879 91.6782333119396 91.2724245827968 97 96.0914232990991 98 96.0921052631559 97 95.0548780487781 93 91.0162467907567 87.5532333119378 89.9725609756109 90.6172978177166 87.0198571887027 92 87.769656611042 89.9626925545574 90 90.9967506418486 91.9559531450597 91.343469191268 96.9725609756109 93 91.0025673940929 90.9888077663676 90.6800786264434 96.2705792682914 94.6398427471149 90.9078947368424 96.9469672657223 94.0657894736846 92.7105263157898 95.7550144415893 96
63.5228257381263 62.0140805519891 58.5484194480109 60.3105343388972 60.9725609756109 79.7127727856228 97.79340500642 92.0131578947373 88.1810413992285 91.0039714377405 95.2511232349171 91.9617297817732 90.2917201540384 89.5921854942208 91 89.0274390243891 87.9451219512219 97.1901075096296 94.0429637355566 94 96.9725609756109 97 96.8336408857504 94.0205792682918 91.9943838254135 92 89.5009226572511 89.4222962130937 87 90.5526315789448 92.0548780487782 86.9725609756109 88 88.9221357509634 92 93.9945844030811 92.0198571887026 91.0292442233621 93.5502647625163 92.9725609756109 92.9888077663676 95.9176829268328 95 91.9725609756109 92.8829829910155 91.9458440308111 94.0548780487781 91.8552631578949 95 92.0191351091134
59.0823170731722 72.5510670731718 70.4019977535258 81.8367698973067 95.1676829268274 95.6578947368447 95.9826299743277 95 90.9068517329893 95.1328225288828 92.889521822847 91 89.0823170731722 91.5049342105274 90.8831434531436 88 92.0249117458284 94.146221116819 91.9880856867777 95.9342105263171 97 96.0921052631559 97.01408055199 96.7088414634139 96.6428915275977 95.0823170731722 93.4868421052619 89 92.6739810654695 92.9176829268278 88.9176829268278 90.1184210526303 93.841984916559 89.8847079589207 93.1086729781789 92 95.9404284338886 93.3292682926888 92 92.5553995507073 95 95 94.5411585365853 88 91.5893774069303 95.013157894739 93 92.215139602055 92.0639040436466 93
67.1834884467297 66.4868421052627 69.4439987163058 96 95.7057926829272 97.2613125802306 95.9873636071887 90.1521582156623 94 93.2346758664968 92.1065067394098 97.0921052631576 96.9476492297813 97.602655648267 94.9461248395401 98 97.0956755455718 93 94.7303835044934 97.0657894736829 97.853257381257 98.954910141204 97.7490773427458 95.965701219512 95.137195121952 96.0559611681647 90.5572448652111 92.4342105263153 92 87.5147224005109 92 89.1184210526303 92.1317795250329 91 91 90.0872512836964 91.0379091784341 96 95.9404284338892 95.137195121952 94.9440388318355 90.9079348523744 90.0685975609759 92.815869704749 96.9205311296537 95 89.8060413992287 91.9726010911433 94 94
66.5509467265731 65.1920731707317 66.3295491014131 88.0367057124507 97 96 93.4585606546853 93.8104541078306 92.0126363928114 93.8552631578949 94.4157573812598 93.2140163671374 94.5003610397958 95 97 95.619865211811 96.2445041720151 97.1491094351732 94.5407172657251 97 98.9893693838251 99.1920731707317 97.6697288189984 97.75 97.5421614249024 90.9216543645699 95.4827102053918 94 89.4372994223353 97.7767570603348 93 92.8306723363284 95 89.7836168164316 92.2877487163047 86.6863767650835 90.7219993581515 94.8079268292683 95.0834001925546 93.5854059691909 89 90 90.990091463415 95.1710526315777 96 91.810454107831 91.2325898587936 91.8552631578949 96 95.3026315789475
67.0081434531473 63.5060975609762 87.2838976251657 93.0819961489096 95.7530487804881 96 94.6836890243907 93.0032493581516 94.7692955712456 94.6747833761237 93.8082878690636 93.1531611039797 94 95.4062499999999 96.8611601412062 94 95 94.2469512195119 96.9642570603338 95.0495426829259 98.9868421052627 97.9545089858804 95.7952904364573 97.811737804878 98.3321967265729 96.2469512195119 96 91.1819640564819 97.9122673299103 96.2080792682918 90.0487403722721 92.029244223363 91.2469512195119 91.7627968549424 89.3277439024363 89.6531611039797 90.2469512195119 92.4267490372272 93 89.6398828626448 90.0602134146342 94.3289473684215 94.7500000000004 90.7830953145045 93.2242057124517 90.9868421052611 89.0495426829272 89.2469512195119 93.7530487804881 92.172215982028
63.7365612965317 70.3700256739419 79.6927952503111 96.5949133504508 97.226371951219 93.9208520539144 95.2740292041071 95 96 94 91.620146020536 94.3026315789475 94 93.5394736842102 96.3215259948653 94.7548940949926 95 94.5420009627732 94 94.6522384467283 94.7125722079603 97 99 98.4763719512188 97.0992859435175 98 94.1954428754821 96.3950176508353 98.3552631578943 93.9015965982063 91.6369945442867 95 89.7100850449302 92.317474326058 87.3845073812587 89 88 89 86.9068116174571 90.6337853016678 91.2847801668807 91.2025433247746 93.4763719512185 90.1985718870348 94.7346758664965 92.6981707317082 88.0459322849811 93.8552631578949 93.2236842105298 94
