rasterData/Libya_CLYPPT_M_sl2_250m_ll.asc
NCOLS 190 
NROWS 164 
XLLCORNER 9.286543823 
YLLCORNER 19.496123685 
CELLSIZE 0.0834965562894737 
NODATA_value -9999 
[rows 69 to 91 of 164, columns 52 to 103 of 190]
5 7.45872111681705 8.74795410783064 7 8.69837130937113 6.67129332477545 5.59086168164247 7.86461007702089 7.0867698973041 7 7.31402439024362 7.51315789473685 8 7.68597560975638 5 8.24783376123043 3.74915757381201 6.01315789473556 8.04512997432695 8.73142650834467 7 6.78100930680401 8 11 13.1446164955069 8.83753209242671 9.78100930680339 3.75621790757416 4.26857349165586 7.29336489088589 7.30086649550635 5.93681803594378 5.05371469833128 5.40701219512181 22.1463013478821 23.5938302310655 22.3320763799758 24.6840500641916 25.2024630937098 25.7727455070607 21 26.5675545571244 27.658897625161 26.0394736842118 28.1584162387668 27.6859756097564 27.1895458921695 23.9381017329904 23.0166078305537 21.8271822849809 22.4061697689338 21.6321806803585
8.38262195121904 7.26696887034617 8.34784178433879 5 7 6.39381418485228 8 7.36890243902401 8 8.40689184852353 7 7.82040275994884 7.21842907573774 7.12134948652121 5.63109756097599 11.8204027599493 15.368902439024 7.13928112964908 12 12 8.91748234916546 7.88835847240038 7.36890243902401 10.29063703466 12 9.38157894736885 10.7427390885749 7.59487323491588 4 5 7 4.96602214377426 4.89204910141173 5.38109756097599 4.7524470474972 24.9610077021816 25.8557445442859 22.6429316431312 22.1204268292685 20.8349646983317 22.8284659820282 26.0436858151477 24.368902439024 25.354340500641 27.8872753530166 27.631097560976 25.45671534018 23.7241655969189 25.5657894736828 27.1539634146353 24.44163189987 22.0667522464695
6 5 5 8 7 6 6.44183247753534 7 7.58299903722708 6.27322689345282 6 6.98483632862643 6.25092265725269 4 4.56783536585388 14.9014361360716 6.57621951219515 6 10 12 9.11834082156607 7.1743822207963 5.38157894736885 10.2653642490372 13.3108552631579 10.4237804878048 11 4.67101251604642 4 5 6.4182044287546 7 7.29741655969233 4.96189024390242 19.9944239409505 24.0158857509625 23.4828305519881 25.3364489730419 25.3029926187418 20.7236842105259 20.1137275353014 21.8451941591794 27.3843068035947 27.0394736842118 27.0180519897305 28 26.7304637355584 24.7105263157898 26.5204589216957 24.0387114890878 25.9174021180994 27.1022946084724
5.70655487804772 7.69279525032189 8 8 9 7 7.54039634146447 6.6158135430037 8 4.87660462130915 17.7921614249033 7.27194319640616 5 6 5.52134146341369 7.30760590500694 8.95198170731783 8.47922015404451 9 9.40937901155347 9 7.14485718870408 6.70398748395341 11 11.7795651476247 9.38157894736885 8.47865853658631 4.52134146341369 4.40937901155429 4.96850930680414 6.01315789473727 10 5.73888799743404 15.2713414634137 7.34984756097475 25.0992057124528 25.2538109756086 20.4786585365863 20.3552631578943 21.3963815789456 23.9055279204108 20.5213414634137 25.9794207317076 29.3602374839509 22.3603177150203 23.1973684210508 22.9569159178431 25.3788109756072 25.5899390243877 25 27.8865532734297 27.486400834404
8.65600930680478 8.72368421052589 9 9 9 7.46646341463563 8.11842105263201 6 14.2197528883086 28.8217265725311 9.53666559692048 6.7139361360726 8.27619544287616 7.64196887034782 6 7 8.30018453145247 8.0070202182278 8.43577503209322 9.06707317072873 8.29484916559544 8 6 6.71217105263236 14 9 9.37207156611004 8.22368421052674 4.45631418485133 4.03510109114171 6 5.90789473684253 14.6578947368413 15 13.6869784980737 21.1316992939661 23.7262114890887 20.1372753530149 19.845555198973 20.1474245827983 23.9017971758654 25.4112243260602 26.4269897304255 24 23.1065869704787 22.8408616816467 23.4479300385132 23.6992538510903 21.1937179075757 22.7402519255465 22.8220876123216 25.3739569961473
9.79095795892127 10.1137275353017 9.88386553273443 11.4812660462129 10.0232268934529 7.41158536585317 6 8 5.88627246469855 22.0081033376128 14.92446245186 20.4679476893466 7.75998876765038 7.32894736842148 6.41158536585317 6 7 8.41158536585317 7.93421052631451 7 7.54320442875479 7.71297336328689 5.77547336328583 7 10.0789473684211 10 9.69736842105391 7.54886071887054 9.08516527599469 5.61549261874191 6.40849646983254 6.41158536585317 15.5122352374838 15 16.4643372913997 14.2563382541719 7.43047978176878 19.5657894736855 24.5307284980742 24.1137275353017 21.1973684210522 23.5674743260594 27.0162467907572 24.0394736842118 24.0487403722723 24.608953786904 26.7379252246479 24.3793725930683 25.977374839536 26.984515404364 21.1047015404368 21.4774951861352
10.6447368421048 9.35550385109161 10.5728899229782 10.7895940308093 10.6432926829267 8.98591944801011 7.64329268292669 6.71369544287583 13.2593469191277 16.1018132220797 7.73684210526293 8 8 6 6.64329268292669 6.35670731707331 8 8.00469351732946 8 7.38984274711235 8.49939826700848 9.85919448010313 7.22885911424922 8 11.3470394736842 7.98375320924341 8.44861200256812 8.4993982670086 7.69492137355557 9.95767811296617 7.35670731707331 5.28658536585338 5.28658536585338 3.10670731707331 10.3289473684215 2.35670731707331 11.8435494223352 11.6360317715012 19.7027840179722 23.3669768934526 23.8730343388963 25.5248716302947 22.6714537869059 24.6573732349169 24.5331755455708 23.1973684210508 25.2865853658534 24.7700176508344 23.5115933889609 24.4868421052627 22.7134146341466 19.6856546854948
10.0534338896022 10.4218549422329 10.6981707317071 12 12.341302952503 8 5 6.05957156611084 11.8181964056477 5.91262836970512 20.0391928754814 7.51315789473685 5.89393453145041 6.09928594351755 6.29725609756042 8 8.69817073170706 8.69817073170706 10.9342105263145 10.8989489730415 9.76568517329909 10 8.11517169448033 8.51564505776636 9.92105263157888 8.43176347881854 9.90865693196436 9.60951540436426 8 8.0198571887031 8 8 8 7.82545731707324 6.46850930680312 5.87688543003832 8.33989890885649 10.6968469191281 10.3018292682929 21.3963414634141 23.2755937098838 21.881578947368 19.2742698973048 22.9724406290107 24.6975288831843 26.3034338896054 18.5886553273426 22 23 24.6601010911429 23.8328385750983 22.927832156611
8.08773267008986 9.20807926829309 12.7019014762518 16.6844512195135 11.7408536585357 8.72332317073167 8 6.1982108472395 6 12.5556402439047 12.1709724005143 6.87977374839553 5.44588414634132 5 6 6.20470956354265 7.68368902439148 9.99675064184884 9.59298780487942 11.2112082798454 10 10.7530487804881 11.7530487804881 9 11.4605263157894 8.61842105263115 7.07473523748355 8.57513639281029 10 10 8 9 9 6.37347560975595 7.16571726572499 3.85377888318381 8 4.67301829268376 5 7 23.7514842747115 22.0292442233634 20.7233231707323 22.0297256097571 24.7530487804881 20.6936777920389 20.0682365211809 19.3552631578949 19.4585606546839 19.899590821567 20.4458841463407 17.7391286906299
23.6158536585366 20.6377567394092 16.729581193838 8.63859916559698 8 7.18449133504486 7.1693276636713 8.84054075738023 6.5846838896022 18.8761633504494 5.64918966623882 5.37403722721439 7 8 8 4.75405166880663 6.07441431322105 6.80792682926828 5.94684691912605 7.11693677792144 7 9 8 6.47568998716301 10 7.49963896020504 9.05243100128265 7 9 7.93421052631707 7 9.98230905006427 8.82894736842063 8.21189024390242 9.73423459563509 7.4432766367139 7.28558247753507 6 5.28702663671339 5.94692715019247 4.1594592426184 5.3834242618749 22.815508664955 22.8079268292683 21.881578947368 23.0432044287527 19.6377567394095 19.8761633504493 19.5657894736828 23.5131578947373 21.0432445442896 24
6.04874037227246 8.03790917843415 6 7.11842105263201 8.86280487804804 8.09772143774101 5.01624679075753 4.34058087291591 13.862804878048 6 7 7.48684210526315 5.86280487804804 6.57898748395292 6.35289634146434 5.14758504492964 5.97472721437762 6 6.05676347882005 6 6.96931161745803 5 6.94764922978143 6.31249999999916 8.46052631578944 9.55126765083563 7.53550224646998 8.86280487804804 8 9 7.85145218228388 7 8.88627246469778 12 9.28381739409512 8.59210526315763 7.55724486521109 10 9.95125962772765 11.8947368421036 18.609475288831 5.22059531450648 18.9417522464682 19.9579990372297 21.1209483311944 24.8026315789492 19.6243982670085 17.9115452503205 19.0587291399216 17.5799502567402 20.4891286906306 19.5130776636727
8 6.02274550706077 7.24719191270913 9.99025192554537 7.9605263157899 5 6 7.01624679075778 6.39545892169644 5 6.96425706033313 6 6.9176829268278 6.94476091142395 5.37347560975709 6 6.07473523748539 6 6.9176829268278 7.79677471116606 5 6 6.9176829268278 7 5.46052631578944 7.03141046213153 7 5.77631578947326 7.78486039794522 8 10.893533376121 10.9826299743279 8.17105263157937 11 11.9729220154038 11.9664232991008 9.9176829268278 9.55495827984683 6.0823170731722 9.29039634146399 20.1646341463444 6 6.9539072528864 21.9176829268278 20.9638960205402 23.6377567394134 24.5526315789473 19.0823170731722 19.964257060333 23.4467666880605 19.9512596277271 19.6981306161747
6.97256097561093 7 4.19736842105221 4.85738928113027 4.02635590500531 6.03947368421095 5.88157894736799 14.9339297175896 14.0976813222075 5.62704589216949 14.4890885750939 4.51315789473685 4.60329749678987 6 6 6.80620186136128 6 5 6.02563382541607 5.97653241335149 5.22368421052693 6 4.21261232349 6 5.98736360718924 10.9346517971786 6.38390564826996 6.98483632862711 4.31691270859875 5.02743902438907 7.97292201540553 6.1170170089844 7.02274550705935 9 9 8.60329749679002 10 7.44973523748205 9.96281290115692 6.54504974326175 7.02202342747019 15.2061537227236 7.06474646983164 23.1305760590503 21.9725609756109 22.7585847240087 17.0198571887026 21.7093629653373 20.4222962130956 25.9992779204108 20.0162467907567 21
6.69103016688228 5.99241816431353 5.80804717586668 7.85738928113027 6 7.06582958921624 5.05487804877815 8.00541559691893 4.73126604621296 19.0194961489081 6.02743902438907 6 7.0111922336324 6 5 7 3 3.02631578947113 4.02563382541607 5.7769175224668 5.96642329910283 4.69736842105195 5.37110879332564 6 8.99783376123244 6.62889120667437 7.00830391527561 7 6.97653241335144 6 7.95976412066826 6.02743902438907 7.83364088575035 7.01371951219454 7.30150834403241 7.60329749679002 6.52723844672729 6 13.1315789473659 8.26873395378764 6.75365051347338 7.74221758664961 14.9495747753526 20.961609435172 23.0909820282429 18.2139762516022 22.2261312580252 5.37295410782997 23.4497352374846 25.9859194480109 23.4241415276 22.0184130295242
7.9176829268278 7 5 6.92743100128244 6.0823170731722 6 7.0823170731722 5 5.58179557124283 5.6739810654684 7.96425706033313 7.52908376123309 7.49462451861151 5.69813061617467 6.60594512194826 6.91126444159282 5.91547657253019 23.8474406290074 3.00541559691933 4 4 4.05740532734371 7.56751444159049 7.57738286264512 9 9.43248555840951 7.66487483953836 7 7.7462692554571 7.14269094993601 8 6.83315949935721 6.23928915276155 6 5.23162708600495 8.9176829268278 7.48684210526188 7.0823170731722 7.94692715019158 6 18.9176829268278 23.4281931964115 22.0032493581515 18.9967506418484 19.9079348523732 19 20.0227455070607 8.46140885751167 22 18.9599245827978 17 12.9165998074441
6.04874037227246 7.37752727856211 5 5.15344191270949 5.0394736842101 6.96594191270826 6.87905166880557 6 6 8.69347721437704 4.86280487804804 5 14.754573170732 5.31952021823028 21.877286585367 16.4239008343936 5.2040275994862 7.13719512195196 7 6.98014281129625 6.86280487804804 7.09567554557167 6 8.72560975609609 8.53453947368458 7.38157894736885 6.26111200256607 7.22368421052674 5.73792522464672 5.11914313222179 6 6 3.98961007702232 6.79420731707206 6.9079348523744 9 6.7684531450587 8.13719512195196 8 16.1391206675222 18.203385750961 24.4812660462153 20.9945844030809 17.9659419127075 23.8978257381255 18.2473122593084 8.54031611040013 18.6617859435174 19.5657894736828 19.5131578947373 19.1535221437708 2
6.28702663671408 5 5.64846758664989 7.19207317073172 7 7.21638318356895 7 5 7.27631578947349 7.35526315789547 6.30074614890889 4.60666720154045 5.59210526315747 12.6053433889599 8.65396341463388 8.49867618741899 6.73351251604724 6.20017650834325 6.80792682926828 8 7.14910943517319 8.68108151476363 8.11878209242611 7 9.37207156611037 7.61657573812648 5.75549582798563 6 5 4.80792682926828 4.18954589216938 5.24879653401772 4.86180198973008 5 5 8.36826059050096 5 3.79071726572535 4.93176347881908 20.3622432605908 17.6484675866499 17.479821887035 20.63101732991 22.4084563543012 17.6613446726574 17.8458360077018 17.668926508344 20.136753851091 18.9165998074452 19.4145940308091 17.1137275353014 7.84756097560969
8.08773267008986 6.93176347881898 9.19821084723992 7.91082317073135 6.713575096278 7.55531931964168 7 6.4939024390238 7.47673299101461 5.39778562259264 4.13972240051333 3.87327503209258 7.59210526315747 7.2469512195119 6.81478658536618 6.17105263157937 6 5.25036103979399 6.06578947368549 5.00677952503467 4.90929878048745 5.77747913992397 8 7.88627246469848 6.90015243902398 7.13462772785695 6.53052792040863 5.7530487804881 5 7.76929557124515 9.93729942233428 6.17313863927919 3.12881097561013 5.18521341463392 5.57914794608453 13.8992698973043 22.7139762516011 24.868421052629 6.73246951219534 15.1071084723998 19.6548459563553 16.9314024390254 20.572849807444 16.8300304878069 19.7822930038515 19.028321566106 19.5449695121954 18.216623876766 19.179115853658 21.8534579589211 9.40893774068689 4.83676989730351
9.5039313222067 10.3123395378689 8.27559370988424 9.03574293966626 10.2899149550698 10 8.73391367137451 9.25854460847319 15.5202583440293 17.9197689345357 8.30182926829175 7.66391206675317 7.87688543003876 9.26596598202932 8.52362804878089 7.25020057766277 9.3081274069271 16.4828305519876 6 7 5.84383023106483 5 5.11517169447988 8.3963414634165 6.83717105263207 5.69817073170825 6 21.3018292682918 6 3.04593228497991 4.00397143774081 3 6.30182926829175 6.82545731707294 7.32894736842148 13.4133905648271 18.3398989088571 22.0794287548152 16.8053995507065 7.79208119383981 17.9404284338899 17.9524229781747 15.3413029525019 14.6312179075729 19.532172657251 19.0782252888315 23.0255134788181 19.5498636071882 23 18.5315308087302 12.6701299743324 3.4050866495492
13.7700176508349 8 7.92959724005159 7.71341463414541 8 8.55303273427417 6.11842105263201 8.5163270218224 7.43589537869037 9.58668966623774 9.07750320924303 8.80728498074552 7.73760430038464 8.76063061617505 8.25000000000043 6.6432926829273 8.70695603337541 6.67337933247509 7 9 7.27691752246411 5.89204910141196 8 4 5 6 5 11.0797897946085 11.8855102695796 7 3 3.05925064184829 4 6.01753048780453 11.239369383825 15.4764120667518 21.3567073170727 21.3965019255434 13.5852455070598 6.17775192554597 9 18.9577583440307 20.6432926829273 14.6178995507057 16.881578947368 6.5867297817723 17.3669768934537 17.2299823491652 10.8755616174575 14.6263639281128 4.76460205391609 9.34210526315704
10.7909579589213 11.2763157894741 8.11613446726557 8.04874037227226 9.20932284980804 6.82317073170633 9.29316431322116 9 7.16258825417204 7.55780648266972 8.07040275994845 9.92474326059002 8.65159659820278 9 8 15.9295972400513 8.09210526315662 7 7 8 6.54320442875479 6.71297336328689 5.77547336328583 5 4.8721116816426 4.22452663671417 9.86625481386333 5.99434370988414 6.64798620025699 7 13.5675144415916 4.5125962772795 2 8.45579268292658 17.7405327342746 8.7689345314513 19.2158616816439 9.14842747111121 17.4421935173308 4.02731867779335 6.66964858793347 15.3065227856238 18 19.3953385750953 14.5352615532738 7.7045491014116 9.58841463414683 17.5965179717584 13.2328706675216 24.0969191270868 2.79256258022984 5.72380455712503
8.53353658536437 11.3861120025661 8.84944640564522 6.9961087933278 8.97893934531479 8.40857670089939 8 7.46646341463563 9.46646341463563 8 8.30186938382461 7.23936938382619 7.78237323491694 7.64196887034782 8.11661585365911 8 8 7.47348363286343 6.47087612323629 6.13948170732173 6.88065629011554 6.46646341463563 5.91511553273321 3.99406290115381 6 6.46646341463563 4.53353658536437 13.7763157894733 10.5326540436382 4 2.53967426187293 5 4.78437901155267 13.8330792682945 12.9647785622615 15.8097320282406 6.96558087291543 13.4987163029568 4.06707317072873 7.85257541720172 5.97352374839661 13.6007702182298 23.0210606546852 19.4848764441613 17.118421052632 16 16.5035301668805 11.8649711168162 17.6006097560931 12.6409258664957 5.21762676508352 3.68697849807366
5.82995025673887 8.27631578947411 9.28129011553411 7.46465821565984 7.47865853658631 7.56081514762464 8.11842105263201 9.23162708600741 8.37728658536527 8.64473684210454 8 9 7.47865853658631 9.16375160462123 6.25000000000043 7.39678273427529 5.48258985879404 4.48495667522499 7 5.44588414633999 5.47865853658631 5.36356707316972 5.61842105263115 5.52134146341369 2.74177631578895 4.90292041078254 17.9702342747124 15.2645218228499 4 4.47865853658631 4.48551829268408 3 4.17105263157937 14.6196646341466 14.5213414634137 13.0426829268274 7 6.47865853658631 8.28947368421138 8 8.0944720795892 12.3035542362005 21.4202904364585 18.0394736842118 19 21.1868180359469 20.7468709884435 13.0151636713729 19.2078385750974 9 8.80475770218129 5.52134146341369
