rasterData/Libya_SNDPPT_M_sl2_250m_ll.asc
NCOLS 190 
NROWS 164 
XLLCORNER 9.286543823 
YLLCORNER 19.496123685 
CELLSIZE 0.0834965562894737 
NODATA_value -9999 
[rows 22 to 43 of 164, columns 0 to 49 of 190]
-9999 -9999 -9999 -9999 -9999 -9999 -9999 -9999 -9999 -9999 85.8254974326059 83.8774069319633 81.7520860077019 83.7881498716302 84.2652439024392 84.8080471758663 82.9476492297816 80.289433568678 82.2652439024392 84.9605263157891 83.7347560975608 83.4695121951216 80.146582156611 80.526275673941 79.4157172657255 79.8638879974324 78.2780006418484 77.2652439024392 80.1836890243905 79.390925866496 80 79.0096678433887 79.7347560975608 76.8936537227211 79.2236842105261 77.5123956996149 80.7347560975608 81.3383745186138 80.4605263157886 76.9271903080857 80.5123956996151 81.2059130295251 80.8936537227218 78.0657894736838 76.4453225288833 71.4141527599477 65.609074133504 69.5868902439017 69.1011312580232 81
-9999 -9999 -9999 -9999 -9999 -9999 -9999 -9999 -9999 -9999 -9999 85.4675465340188 85.3844271501926 82.7896341463423 80.7287387676518 85 83.8311537227222 81.024911745828 90.0394736842093 83.2498395378687 82.6727775994886 83 81.7818116174582 82.280527920411 78.5255535943509 77.723523748395 78.7896341463423 80.990572849809 81.2240853658554 78.8289473684206 78.9806241976895 77.2103658536577 77.737684531451 78 79.1633103337607 75.9077342747105 78 79.4207317073155 82.5394736842114 77.7220394736822 77.4493340821557 78.5503048780478 80.1142891527597 82 81.0103899229785 78.2830953145054 79.4441992939678 79.8422256097567 81.9774149550718 67.9838735558367
-9999 -9999 -9999 -9999 -9999 -9999 -9999 -9999 -9999 -9999 -9999 81.499959884467 84.5888559050069 84 80.1554878048782 82.7666479460849 79.4888478819007 82.8631659178429 83.8506498716299 82.9666639922975 83.2554958279851 83.1666800385107 88.0429637355584 82.6447368421054 82.5657894736847 81.9202102053914 82.407894736842 82.104340500642 81.8833841463414 82.8445121951218 77.1064265083436 76.6931161745823 75.7548138639282 74.2112082798468 78.2236842105261 79 77.4261071887035 80.9161184210526 79.6826861360727 81.8332397304247 78.1554878048782 80.6903883183565 79.0225048138639 75.9342105263162 80.1554878048782 70.2940869704739 79.3265404364576 79.8833841463413 80.4844351732991 77.9017971758661
-9999 -9999 -9999 -9999 -9999 -9999 -9999 -9999 -9999 -9999 -9999 81.0595715661118 82.0516286906303 80.5917442233669 84.0648668164329 83.502968549424 82 82.9880856867776 84 82.9644977535299 82.8934932605904 78.262114890892 85 81 80.1006097560999 81.0236681643139 83 82.2958520539144 83.5990853658498 80.9295571245206 80.0921052631575 74.1374358151487 77.9933809370987 79.1006097560999 77.0781049422355 76.5967586649529 80 77.4851973684194 79.8067233632819 78.34318838254 82.030447689346 81 85.869825096278 84.8993902439001 83.1006097560999 84.1006097560999 72.3738767650849 81.6745426829252 80.0675144415934 75.9814666238764
-9999 -9999 -9999 -9999 -9999 -9999 -9999 -9999 -9999 -9999 -9999 -9999 84.9765324133497 83.5597721437739 82.325778241334 82.2636793966618 84.765925866494 83.7228417843369 83.998194801027 82.9685895378697 82.0806322207983 88.1606627085994 88.9669046854932 83 78.9741254813856 83.4868421052627 84 82.9699133504484 82.7271341463404 83.9542682926816 83.0830391527625 82.999398267009 82.0457317073185 81.1381177792043 79.9897705391525 80.0138398587937 79.9825497432601 75.0421213093723 79.0210606546861 78.5618581514754 81.6516367137346 83.0102294608476 83.1381177792035 83.8914874839529 80.2914393453234 84 85.3800144415938 79.4771341463412 78.3289473684209 81.9542682926815
-9999 -9999 -9999 -9999 -9999 -9999 -9999 -9999 -9999 -9999 -9999 -9999 81.9739249037219 84 85.0091463414647 83 83.2047095635445 84.998916880616 88.0003610397947 88.9608873555837 88.9930198973032 91 83.0066190629021 84.9908536585353 81.5657894736846 83.4870827984592 83.4133103337619 83.3389762516045 81.2682926829299 83 85.9078947368426 84.9820683568652 83.7270940308056 84.135590500641 81.4503770860077 77.7156611039822 79.9908536585353 81.0789473684202 73.9168405006395 82.7653241335029 84.5997272143758 86 85.0078225288843 86.0749358151485 86.9961087933257 78.4762917201584 81.1846517971782 75.0068597560985 74.95402759948 78.8120587291402
-9999 -9999 -9999 -9999 -9999 -9999 -9999 -9999 -9999 -9999 -9999 82.9620908215667 78.6148908857483 82.0278000641843 84 83.6950417201547 88.0640243902428 88 88.0025272785621 90 87.1748636071881 89.8026315789476 82.6596598202837 88 83.0640243902428 84.5754974326052 82.9738847881905 84.8930118741996 84.5160060975599 82.7008985879351 83.8438703465998 81.9991575738126 86.1231546854952 84.199494544287 83.9502968549431 82.7167442233631 79.3967426187413 81.5394736842101 82.4655808729131 87 85.6527198331206 88.1950417201549 88 86.0640243902428 87 87.9137917201536 77.8398989088569 80.4839939024389 79 78.9620908215668
-9999 -9999 -9999 -9999 -9999 -9999 -9999 -9999 -9999 -9999 -9999 80.0969993581514 81.2346758664955 77.40536745828 83.9233392169448 84.1111601412079 84 91.881578947368 90.9158777278551 92.8764040436456 89.1043405006422 88.0954348523749 88.2763157894735 84.3130215019254 79.5141607830557 80.4289553915272 81.7453867137354 81.0391126444159 84.297256097561 85 81.7621951219511 86.0131578947364 86 84.7880295250324 84 80.3495667522464 83 83.4699133504496 83 85.9546293324776 86.9170811938382 87 84.5272785622585 86.8465982028243 87.7506017329906 87.1189024390244 82.9014361360719 79.5594512195119 78 79.0704027599486
-9999 -9999 -9999 -9999 -9999 -9999 -9999 -9999 -9999 -9999 83.6116014120672 83.929115853659 82.4868421052627 82.0650673940939 82.6447368421054 89.8742378048786 83.2423780487794 91 88.2063944159159 90.039473684211 89.9227374839533 86.8605182926836 89.1802792041082 90.3589136713751 85.8150272785614 87.0846036585361 84.8971036585371 86.76905487805 85.7065548780485 86 88.173780487804 87.9868421052636 80.7182284980767 84.1950417201544 88.8650914634153 82.4549903722735 87.0663109756094 83.8925304878057 86.69953465982 87.7187500000013 86.5450096277264 86.6692474326047 89.7066351091154 88 86.8285060975619 88 83.0324534659806 82.4786585365879 73.4269496148918 72.8085686777854
-9999 -9999 -9999 -9999 -9999 -9999 -9999 -9999 -9999 82.3643292682926 83.1785141206674 83.9023587933234 83.8531370346603 82.6650754172016 83.8167121309368 86.2918405006419 87.3808969833123 89 89.5122352374848 89.1214698331194 88.7713414634145 88.0853658536582 88.612844993582 87.4160783055199 87.1062660462126 85.6041800385106 84.4573170731709 85.5928273427472 86.2500000000004 84.1319399871633 84.7002968549425 85.7713414634145 85.9849566752246 86 81.2748315147623 82.9308007060334 83.3043966623884 89.5838815789478 91.8157493581499 88.8173138639267 87.0691992939666 87.9950256739413 86.6596999358154 86.2136152118102 90.5253931322201 87.0710446084727 84.9647785622588 84.7141768292689 70.6274470474955 79.5921052631575
-9999 -9999 -9999 -9999 -9999 -9999 -9999 -9999 81.0484996790758 80.1791158536584 80.2835365853657 82.1406851732997 80.8545009627727 80.8768854300386 82.2014602053914 81.6040596919129 85.2275754172013 85.9664232991013 80.3118180359425 81.9605263157891 82 84.4249438382539 85.5184932605907 87.437339537869 85.8395779845956 90.7164634146343 85.1765885750964 86.3875160462134 84.8955792682932 85.4060895378692 88 86 86.7164634146343 84.463374518613 83.1602615532733 87.8022705391528 91 84.1305760590501 87.0223844672662 87.3815789473675 89.8022705391527 87.936577342747 88.8201620667521 89.9813462772787 89 87.7425786264444 89.0484996790758 87.6455792682929 80.3289473684209 83.0225449293965
-9999 -9999 -9999 -9999 -9999 -9999 -9999 86.6615853658516 83 83.1653963414628 82 83.3384146341484 83.3384146341484 81.6615853658516 83.0152439024452 80 85 85 79.6634707958966 80.3645298459586 83.1719351733053 85.7283777278545 83.5994865211767 85.4265484595623 88 89.8352455070595 87 80.9963093709902 85.0114329268339 84 83.9688302310654 85 82.9634948652058 85.3384146341484 86.8129813863915 88.5637836970467 90 82.9815067394129 89.0184932605879 90.2800064184841 88.3695844030835 89.5135991655951 88.5658295892155 87.720354621313 87.9955471758663 89.6006498716281 88 84.9039634146291 85.8886793966618 85.2003770860088
-9999 -9999 -9999 -9999 -9999 82 79 82.9078947368417 84.5394335686781 80.1966463414642 82.6710526315791 83.6407654043641 83.7046293324776 83.5566832477545 83 85.439064505777 83.3156691270855 85.3214457637991 81.3932926829264 81.9760510269574 88.2599887676517 87.5130375481382 86.3932926829264 90.3552631578946 88 87.0935494223363 91.184210526316 86.5928674582795 83.3932926829264 87.8289473684206 85.9637756739412 84.0051749037225 85.9482509627725 87.6636312580236 87.3053193196404 82.78742779204 88.7865853658529 87.2600689987154 87.7205953145061 87.2315067394091 88.6067073170736 90.0879733632864 86.6258424261864 89.5667923620032 88 88.6067073170736 88.2806883825426 87.2949695121949 86.2639200898586 86.5921052631575
-9999 -9999 66.0921052631584 84 84.103658536591 80.5223443517358 80.4554316431297 76.5010028883207 81.6284900513504 81 83.8112163029514 79.8560654685462 80.4986360718869 79.0490612965354 78.2521261232312 78.0488206033327 80.4429155969212 82.3445121951135 82.9605263157907 83 85.3297496790725 85.5570844030785 84.3243340821546 84.1592185494213 87.8053995507074 85 86.9174422336333 88 86.0259146341478 86.0766607830549 86.8550625802259 87.9854781771506 83.3823812580199 88.0798700256746 87.0231867779217 86.1983713093734 88 87 85.2976973684231 87.3412628369728 88.8643693838265 88 89.238567073169 90.3513318356786 88.0072609114252 87.8570683568669 87.2948491655947 89.6638719512215 89.8939345314537 87.6732589858779
87.2316672015398 86.5712050706036 44.655287227213 80.2840982028219 83.2118100128357 84 86.9869223363282 83.4975128369713 77.1700096277286 80.3772865853652 82.1700096277283 81 85.7420170089861 85.003449935814 85.8234515404362 81.6403642490364 85.4037628369695 83.5023267008978 83.4969512195132 83.4773347240059 84.881578947368 86 85.9983151476257 82.7105263157892 88.2846197047493 87.7580632220793 87.407894736842 86.9959082156624 85.5000000000009 87.5030487804868 85 87.9933809370991 88.0330953145059 89 88.0094672657223 87.9981546854948 84.4969512195132 88.2288591142497 88.4969512195132 87.3110959563542 87.1564906931945 87.6142089216939 88.641688061618 88.0326941591783 87.0066190629014 90.0921052631583 91 89.2499999999998 89.1720956354299 88.7021421694488
-9999 87.3450336970481 86.2496389602068 77.3860718870365 84.5579268292691 83.0290837612325 87.0131578947373 84.3368902439001 82.7533295892165 79.4420731707309 80.2612724646997 80.4893292682925 80 77.3917682926814 83.8429476893457 87.8458360077021 87.4649390243898 87.0523507702183 82.4640965982013 86.9036023748385 87.4557926829262 88.5579268292691 81.6800786264447 79.5579268292691 83.3156691270867 86.4273908857496 86.5579268292691 86.519817073171 86.1394817073175 88.4624919768939 88 86.898828626442 86.5946325417213 83.5060574454421 86 85.3082878690624 87.0202583440307 88.8589136713746 88.185133183568 86.3373716302938 87.2552952503222 88 90.080752567394 87.9632942875483 88 89.4934611681638 88 85.8079268292689 86 86.1803193196404
-9999 -9999 87.5445282413345 84.3871951219528 82.5085446084737 83.532172657251 81.222641206672 85.541479460845 82 77 81.2015805519891 79.3384948652089 80.8842265725304 82.5657894736843 83.2177069961483 84.8930118741973 85.6128048780472 85.153040757378 88.4181241976843 87.4113847881918 87 82.895338575099 85.6128048780472 86.4270298459571 87.0509467265731 87.1986922336339 84.4738045571264 83.4112243260581 88.1692073170707 85.4920170089875 85.9643372913993 86.2307044287515 85.3468790115547 85.9517811296567 87.7984194480104 87.4273507702172 88.7071164955065 89.6128048780472 88.5089056482671 91.3789714377403 89.302631578947 90.4757301026943 87.3871951219528 88.0657894736838 89.3770057766379 88.7049101412055 92.4417522464678 88.7743902439056 89.4112243260581 85.6335044929369
-9999 -9999 83.3323170731702 84 83.8071646341458 83 81.6545250320925 85.061497111682 77.8289473684206 76.6676829268298 81.1103177150195 82.0030487804894 82.5044127086009 81.6676829268298 85 84.4465259948652 83.6676829268298 82.707397304237 82.7568196405608 86.039473684211 85.9045250320938 88 88.2404926187417 84.7837772785615 84.8119784980746 86.0087451861363 86.8032333119387 85.2196325417202 86 84.5607349165599 85.0614971116814 88.0043725930679 86.7334724005144 88.6134467265711 87.3730343388958 89.6973684210528 87.9686697689335 87.7928433889601 87.6925144415921 86.2055118741977 89.798860718871 88 91.5710446084731 86.645619383826 92.6676829268298 92.0306081514763 91.1069480102699 90.0838414634148 88.4480503851096 88
-9999 -9999 -9999 85 81.8552631578943 81.2774390243916 81.2964537869082 82.9334483311936 86.2031049422379 81.5419207317065 77.7012997432623 81.4078947368417 77 77.8795330551984 84.5436858151454 83.9244624518626 84.8320763799738 82.6369945442861 80.2774390243916 79.6260430038488 79.9472881899873 81.8573892811301 85.800344993582 87.5644255455709 85.2518453145045 85.8649310012832 86.5548780487832 85.9448411424917 84.4161585365871 85.7225609756084 88 87.2832958921706 88.2774390243916 86.7627166238757 86.2774390243916 86.3026315789472 88 88 89.5394736842114 88.7225609756084 88.4453626444178 91.7388077663676 87.7627166238755 91.4451219512168 92.2737885109126 89.6815629011541 91.0743340821537 90 88.1861761874207 88.2015003209218
-9999 -9999 -9999 -9999 86.2225609756101 87.8465580872905 82.4524229781781 79 81.4599646983304 85.0556402439025 78.6276476251609 81.2225609756101 84 80 83.2225609756101 82.6856145699615 85.3320763799748 86.6853738767644 81.7862243260584 79.7160622593058 86.118421052632 88.0439265083441 87.4015564826697 88.0790677150194 88.3375722079584 88.5548780487798 87.592105263158 88 88 90.6959643774063 90.202061938383 88.7876684852368 89.7774390243899 86.8096517971757 87.0497833761233 88 89.7309451219506 87.7598684210524 88.2203947368405 91.1376363928117 90.710085044929 90.6024149550699 91.9677872272144 90.7262917201541 91.7774390243899 92 91 88.3330792682928 86.85064987163 91.3171132862646
-9999 -9999 -9999 -9999 81.6889040436438 82.7007381258004 82.8213655327329 79 77.9622111681677 88.3323170731692 81.4414714377413 82.5921052631583 83 84.8323170731696 85 84 85.8950978818984 83.227294608473 83.993380937099 81.8060815147612 85.9212933247753 86.1676829268304 84.7236842105265 88.4148347240054 87.6385991655977 88.8323170731696 85.7432605905028 89.05515885751 88.7499999999996 88.0286826059053 89.1367939666249 85.9912548138642 85.8323170731696 87.1434130295259 89.0750160462135 89.1676829268304 90 89.5509868421062 88 89.682405327344 84.9492538510909 89.1676829268304 90 90.8904845956363 91.3572689345343 91.0910221437749 92.8609996790749 90.8742378048772 89.4414714377413 89.6229942233629
-9999 -9999 -9999 -9999 -9999 85.039594030807 84.1113206033362 79.8262596277286 87.4901716944815 85.1410060975592 82.0371068677787 83.470073812576 83.7368822208001 82.9510189345321 83.9272705391536 86.0311697689341 83.8248956996142 86.900553594353 82.8521742618767 84.7088013478838 87.782132541721 85.2196325417196 85.0311697689341 85.040075417201 85.2724245828001 86.0549181643125 88 88.9243019897313 89.9717987804881 90.038952182287 89.9078947368425 88.8755215019273 88.0583681001288 88.8871951219526 89 88.1128048780474 89.0973202824159 91.0608552631571 89 88.6614650192558 91.921333440309 92 92.7587853016704 91.1202262516031 92.8871951219526 92.8054797817724 90.1321004492924 88.8871951219526 86.0873716302947 85.6381177792032
