rasterData/Libya_CLYPPT_M_sl2_250m_ll.asc
NCOLS 190 
NROWS 164 
XLLCORNER 9.286543823 
YLLCORNER 19.496123685 
CELLSIZE 0.0834965562894737 
NODATA_value -9999 
[rows 46 to 68 of 164, columns 52 to 103 of 190]
7.05182926829209 8.26199454428812 6.18713896020511 8.94817073170791 11.9605263157899 8.95021662387736 7.0061376765083 18.0214216944833 8.7755134788186 26.3262997432588 9.02932445442842 10.0249518613608 11.2264922978164 9 8.01295731707305 8.0088655327342 8.09210526315661 9.00068196405641 9.89634146341582 8.0443276636708 10.2120908215668 5.07228818998627 10.0395539152756 7.51644736842038 10.0797897946076 7.49903722721631 9.97954107830562 12.0518292682921 17.1815629011545 14.0034098202823 8.05182926829209 6.05182926829209 8.11922336328728 7.15548780487627 9.0347801668802 8.02114088575074 7.00028080872634 7.95499037227279 5.4070924261864 8.90781450577415 5.23896822849719 6 7.0020458921694 8.94817073170791 7.04569159178379 11.8026315789492 10.7380054557123 9 10 6 5.05182926829209 10.0347801668802
6 10 5.71698491655976 7 7.0789473684202 10 7.78750802310583 7 17.0923860718862 23.7835767008998 7.10670731707356 8.43489249037208 13.1067073170736 7.92839377406911 8.08003048780512 7 11.8110157252896 9.98965019255557 11 8.16018132220943 6.83528562259253 8 12.3408616816434 11.5117137355581 10.0491415275997 11.3453947368433 9.89329268292644 14.1656771501931 28.5660301668799 14.1207477535303 13.0117538510915 10.6652759948632 18.0219833119381 4.10670731707356 7.99707156611082 4.42221598202739 5.083199614889 6.93962612323456 7.78658536585289 9.15444480102742 9 10.8001444159172 8.99578786906293 9.18144255455991 13.9873636071886 8.0645860077028 5.75316912708615 12.4240612965344 9 7.05475770218253 6 8.96489890885734
7.65312098844814 5.95535141206717 6.12969351732856 10.8205632220783 7.99362163029539 8 6.98086489088589 7.13145860077284 11.4379011553254 9.56362323491477 19.4958681001198 10.0829188061608 9.59210526315747 11.8915677150205 10.959603658537 10.3718308729187 9.71373555841107 25.3210446084691 11.5665115532746 13.1849727214359 17.0361440949933 10.4790998074439 11.4815067394088 23.1615853658519 28.3523748395399 29.5996068677844 19.682485558409 30.4112243260602 27.3063222079567 24.9448411424913 32.1441752246447 14.0843629653386 7.47605102695695 5.65396341462971 8 8.97023427471158 7.38185975609479 6.60666720154496 7.16158536585189 9.95535141206717 8.70482991014257 7 8.83841463414812 9 13.2226010911416 21.4510991655931 12 7.54055680359535 9 6.43023908857638 3.74987965340487 8.10843228497949
5.72163831835628 5.0598122593067 6.82625962772833 7.02563382541721 5.46385590500471 6.75260750962807 11.6651155327346 21.1324213735552 10.2165035301669 8.64473684210454 13.2462291399236 13.9506177792009 9.55223042361991 10 23.2294207317076 25.2080792682931 21.2164634146334 19 19.4844752888315 22.7822528883138 25.3359274711138 12.6899871630284 24.36120025674 30.9553112965327 35.8042763157898 28.0825176508357 21.790195763804 27.9999197689334 25.0313302310653 20.2022224005131 27.4300786264427 10.7313462772793 12.9259467265726 13.0541158536584 7.78353658536656 9.55223042362 6.32184691912577 8.80162869062737 6.49482509627649 7.15665115532674 8.17374037227167 9.59270699615032 6.20791880616116 6 6.02563382541721 9.74081354300508 9.9401877406934 11.0150032092413 9.34021983312078 7.07453465982196 6.91170571245187 6
6.97504813864478 8.73331193837345 7.85618581514758 8.47605102695679 6.33957798459317 5 10.8250561617473 22.0739730423589 9.3259788189998 19.3506899871563 11.8821806803602 12.8536184210536 10.839898908855 10.7823732349139 30.3391768292662 30.1710526315794 22.1542442233633 32.9701139281159 19.4207718228508 31.9194881257981 22.2960125160375 33.5644255455738 26.8207236842079 27.3387756739381 33.02142169448 29.5541559691915 30.5426829268257 24.9068517329857 23.3375320924247 24.2534900513465 24.8798539794668 6 5.39598042361884 6.38567073170642 8.32894736842148 9.29721598202917 9 6.72865853658717 9 8 8.97958119383916 8.06426508344011 8 5 5.88157894736799 5.80263157894916 10.3773668164337 12 9.11781931964016 7.86789955070703 7.70278401797009 5.80832798459787
20.1950417201535 22.397464698331 16.8026315789478 5.71241174582836 24.6258424261872 29.0599727214389 17.2952904364574 23.867017008985 23.6583360077019 21.426708921694 9.41487483953772 12.1069881258006 10.1241174582793 7.65243902438971 7.67378048780514 8 23.3262195121949 33.0088655327334 26.3262195121949 31.0975208600779 27.7233632862623 30.7340340179726 29.3262195121949 29.754894094994 24.6852936457003 28.2368421052623 30.7275754171995 26.0592506418507 6.90247913992323 6.41487483953592 8.98684210526273 8.06205872913966 4 6.83155487804872 7.56374358151428 5.27483151476281 7.67378048780514 6.61878209242518 7.32621951219486 6.55263157894822 7.32621951219486 6.04115853658558 7.9605263157899 6 5.92021020539121 4.13298299101296 8.51239569961467 11 13.1416479460851 4.35434050064257 7.8669367779201 8
23.9741655969194 23.7893934531446 23.8979862002558 10.0811938382543 9.15275994865068 7.4055279204112 25.2378048780485 25.9742057124513 26.6846116816428 22.8389361360719 7.61890243902424 10 23.0852455070609 15.5275192554568 8.94054878048949 18.2752326700898 23.2193116174552 27.6239168806155 28.7527679717588 27.0895779845964 29.8615612965337 28.4530648267011 30.854581193838 32.9511392811296 31.2850208600769 30.4718388960207 28.0784659820297 28.362122913993 17.5322930038488 6 7.25096277278574 8.05700417201513 7.21004492939639 6.96417682926818 6.32894736842148 6 7.68240532734204 5.38109756097577 8.10955551989661 7.10369865211838 6.3130215019251 6.92670892169424 6.76219512195153 4 6 6.61890243902424 8.17101251604614 12 7.35016848523653 7.61890243902423 7 6
16.5519094993615 4.59182445442982 7.56402439024277 7.43597560975723 8.54176026957553 7 9.73407413350411 22 10.1558488446722 8.28108953786948 8.49157573812595 10.133985879338 8 16.9736842105289 24.4679878048787 24.3394977535313 26.6962853016659 28.8604781771535 27.5640243902428 27.6271261232345 26.3079268292717 27.7386071887053 28 32.2597480744539 33.5394736842106 29.5640243902428 26.734715982026 26.8738366495507 6.85526315789516 5.93421052631707 5.9942634788188 9.52386874197584 8.93509306803358 7.64100609756069 6.12804878048554 5 3.72540917843516 3 5.79962291399294 5.31550866495571 5.88867939666285 5.43597560975723 5.55896983311839 6.03947368421181 6.01516367137334 8.90540757381279 8.28012676508491 9 10.8106948010259 10.8534579589202 6.74185654685483 7.7933648908836
5.50914634146301 8.1356306161749 6.50914634146301 21.454268292685 22.9286344672695 27.919247432604 15.6952824133469 8 9.1356306161746 8.50264762516033 9.77651636713767 7.26127246469813 10.1064265083449 10.472560975611 19.3589939024387 16.1456193838251 22.5377487163027 22.5220635430022 29.9665035301663 28.5064987163026 28.8325176508355 28.9038831835669 29.424141527599 29.6950016046211 31.7655247111684 27.9886874197694 22.7990211810001 12.333921694483 5.34876444159249 19.4110638639296 5.99354139922957 6.49085365853699 5.57794448010325 5.50457317073151 7.67105263157852 7.29063703465993 5.49622913992131 7 6.81911906290152 5.49085365853699 7.40865693196395 5.54898106546921 6 6.4890484595625 8.01829268292602 6.19736842105084 18.631538831836 8 9.21313382541806 8.5002406931964 5.8701059050012 8.85081033376034
24.669688703462 22.7236842105259 12.8376524390203 23.4543886392871 19.454268292684 19.7376845314483 9.54573170731598 10.4723202824141 9.513559050063 9.8975850449272 8 7.22115693196459 9.88462772785227 21.0880535943538 8.86356707317077 21 22.9909338896015 19.5588896020515 27.3884788189985 25.5990051347906 28.4236601412055 29.697368421052 29.2082397304234 28.6246790757371 29.2944078947363 28.4032413350448 6.45426829268403 21.6886232349237 7.46674422336258 10.4901716944804 4.9157172657277 5 7.07770378690667 5 6.72524871630173 4.86886232348976 5.81141688061385 5.49398267008989 9 7.72368421052589 7.4380215019249 8.88157894736799 7.52418966623795 8.52418966623702 9.45426829268402 6.36461007702352 28.1305359435165 9.64814666238848 8.45426829268402 8.45426829268403 8 6.0880535943538
9.14188863928107 8.56534820282392 21.5622994223359 24.2485157252902 20 17.5848443517335 18.9084563543035 6.32056322207855 11 9 8.56578947368427 20.1242779204114 21 19.7319881258029 17.0998475609756 20.0683167522465 23.9814666238769 25.5821566110422 29.0790275994881 31.5136793966622 29.287588254172 25.8596758664947 22.8476010911426 23.2765965982031 18.6444560333758 20.0666318998719 18.6006097560982 8.86565308087251 6.79878048780357 7 6.1854139922986 5.11063863928074 5 7.39939024390179 6 5.64437580231043 5.70759788190032 5.66018132220682 8.63258183568854 9.60060975609822 7.71530006418364 10.9527037869062 7.40733311938314 10.3993902439018 6.39939024390179 5.71530006418145 10.2686938382545 6.96802792041065 6.26079107830664 8.41519576379964 7.11914313222131 5
9.34451219512203 8.70836007702358 7.06137676508328 20.118421052632 12 20.669086970475 10.0190147625164 8.85285622593189 8 10 8 8.51315789473685 19.6118822207962 23.4578385750965 22.4832317073173 22.2242458279851 18.4969913350429 19 8.7526075096291 13.2834964698296 19.0770619383828 25.2587451861351 21.1923138639279 21.655487804878 23.4605263157894 20.4759707958924 8.65548780487798 9.77631578947326 6.53425866495456 5 4.35313703466017 7.87616335044986 7.71441752246479 7.65548780487798 9.42883504492898 7.73262997432591 6.65548780487798 6.40440468549524 9.11047817715001 8.16339056482651 8.06799582798446 8.04079749679091 25.9578786906294 32.3567875481391 7.7370827984598 6.98423459563827 8.47436617458278 6.76712933247744 7.85040917843338 8 8.14052471116863 7.12889120667504
6.39253048780445 9.56887836970306 16.2104059691915 19.9158777278559 24.4092987804888 19.0280407573816 23.8472801668801 8.17530487804779 8.71036585365895 9.54200096277304 10.2896341463411 9 7 22.6672416559691 19.5068597560967 25.7794046854937 19.9733231707321 13.9906530808738 8.62600288831847 11.0608953786913 10.645579268293 8.61894255455677 16.7103658536589 12.1562499999998 10.7664473684215 10 8.50461328626325 7.28963414634105 10 7.02767971758617 5 6.94793003851015 8.41780327342708 7.71036585365895 7.38141848523747 6.34298780487741 7.51315789473812 9.09298780487859 9.79436777920338 7.95045731707361 10.6052631578956 27.9187259306794 27.1373555840833 29.6073090500643 7.11842105263201 9.80263157894916 5.7903963414637 6.7476331835684 7.52767971758612 7 5.71036585365895 7.80564024390284
9 6.89886874197652 19.1884226572528 18 18.7652439024392 19.2162227214374 8.67855423620068 7.15103498074556 8.21144897304226 9.15135590500614 9.46509948652113 9.48684210526315 10.7652439024392 9.78221277278636 18.6326219512198 21.1038591142485 12.4734435173265 15.2548940949915 7.78068838254219 6.03397785622621 17.2126123234931 9 9 11.8918886392812 9.41282894736854 8 9.2347560975608 10.8898026315793 11.8552631578952 10.4037227214387 4.98684210526273 6 6.42935654685452 5.7652439024392 8 6.82686136071842 5.37255295250232 9.66659980744173 28.4757702182278 33.3423459563537 33 31.2069560333759 32 30.9605263157882 27.9652198331207 29.614208921696 27.2114489730424 19.9445202182297 23.7364008344042 19.283376123235 7.17313863928259 4.4695121951216
6.17987804878104 22.049703145058 18.179878048781 19.8770860077019 25.8595956354291 15.5396341463431 7.09711970474996 9.17987804878104 9.86982509627684 8.35526315789547 11.7183488446718 9 10 6.90773427471177 12 11.1622272143777 21.9575978819006 10.179878048781 8.33608793324832 17.2282974967937 8.09711970475214 6 12 12.557565789474 12.179878048781 12.3815789473688 12 13.6366736200249 10.9648587933238 9.82012195121896 6.16672015404377 5.98343228498077 6.02194319640569 8 6.4496550064192 6.66547657252889 9.60073010269708 27.2096838896046 9.76520378690868 26.2266126444161 31.4963896020543 28.938543003851 30 29 29.179878048781 30 29.179878048781 26.5853257381263 24.3834242618749 29.3332798459563 28.820121951219 26.7018613607191
9.74999999999744 5.09046052631666 18.828947368422 18.3388157894763 17 8.79605263157682 12.763157894736 8.04769736842064 6.58223684210825 8.64473684210453 8.87499999999872 11.1250000000013 10.3930921052607 10.0427631578951 10 9 10.7286184210475 8.87499999999872 8 7.10690789473778 8.06907894736897 7.91282894736762 9.46381578947178 6.52960526315782 11.1250000000013 12 11.6101973684213 5.70723684210424 7 8 6.86348684210363 7.79440789473605 7.02138157894764 6.65624999999904 7.12500000000128 8.16118421052561 8.12500000000128 28.9391447368404 27.3750000000038 30.3223684210505 31.1003289473695 28.8453947368404 30.6759868421036 28.1299342105278 28.9851973684208 31.1726973684192 25.2664473684193 28.0444078947373 28.8749999999987 17.2631578947347 22.4819078947387 29.0411184210429
9.97508825417184 9.67293806161676 7.11256418485311 14.1018132220799 6 7.39008344031062 7.88157894736799 11.0701219512199 11.0701219512199 10.9298780487801 8.96955231065451 9.59294768934594 10.8001043003858 8.35293645699666 8 8.82894736842063 7.8662146983303 7.93080070603287 7.92987804878007 5.99550706033332 8 8 9.7631578947377 8.49835526315809 11.4282333119382 10.1179797817726 6.53514120667225 6.92987804878007 6 6.06578947368293 6.91764281129572 6.92987804878007 7.77081996148834 6.07012195121993 7 25.0338173940937 31.5246710526308 30.0271181001271 31.083721116816 30.5138799743266 27.7601893453146 28.9547897946083 29.0306482670098 27.8230503851071 28 29.4494143132273 27 23.5543164313215 24.6663591142483 31.8879172015406 28.5791880616163 17.9298780487801
11.0152439024383 8.27210365853719 16.7996229139929 6 18.001203465982 2.94648587933269 4.13185975609739 10.194359756099 12.2610718870351 10.640324133504 9.41896662387739 8.99217747111716 10.401676829269 10.9897705391532 8.23856707317167 8.84419127085897 8.08929717586538 6.98475609756165 6.93421052631451 6.84222560975542 11.9881659178439 8 7.00942715019213 6.45350609756125 7.07192715019293 6.38157894736885 4.68673780487978 3.77290596919099 4.85746951219544 6.06478658536464 6.98475609756165 5 5.98475609756165 5.74237804878083 19.6833681001281 27.637195121952 26.4946646341447 27.5485397946105 25.3552631578943 24.9653000641864 28.1943597560973 27 26 25.9853578305527 25.9713173940963 27.7903963414657 23.9889682284986 23.0338976251589 26.5810333761212 26.48724326059 26.3836649550648 22.0102294608468
11 7.01095154043646 6.18954589216905 6.85133183568643 5.03790917843348 12.0775433247757 6 5.22135750962887 6.73463575096294 7.97444640564833 8.96036585365859 9.01929557124516 9.54517008985846 9 9.72027439024353 10.0396341463414 8 6.01315789473556 7.96297336328636 7.82136553273309 7 7 6 8.97861842105266 5.44227374839537 4.59391046213056 3.97236039794607 2.96036585365859 4 5.96297336328626 7 5 4.51396020539028 3.97027439024394 28.0131578947356 24.3844271501929 25.9350930680335 27.9379412708601 29 28.1423700256727 26 22.188302310655 26.0775433247749 24.9208921694468 26.5701620667511 24.8740773427489 27.5526315789473 29 28.0867297817689 26.0396341463414 22.5179316431332 23.3554236200273
10.0609354942239 8.06839698331257 6.01865372272158 6 5 4 5.98880776636699 3.23467586649739 14.9477695763795 10.9615693196385 6.94652599486468 6.76247593067803 7.4253048780493 9 6.32088414634254 5.82894736842063 4.26371951219576 9.78714698331243 6.05957156611149 10.0808327984602 8 7.93409017971701 10.5599727214368 7.05844833119442 11 4.61842105263115 2.06590982028318 3 4.77443035943477 6.06578947368293 4.09326861360806 4 4.92165436456924 20.3445121951229 24.1566912708617 21.4253048780492 23.0263157894762 21.9589618100126 26.3216864569954 26.2763157894741 26.4705953145057 25.5965179717563 22.2054717586646 25.8109756097542 22.3201620667539 25.2160221437723 24.2763157894736 26.6173780487801 26.6478658536582 26.5106707317077 26.6132461489081 26.2978578305521
7.09631739409506 1.61946405648348 4.28778883183551 4 4 6 9 5.02948491655992 6.80933087291377 5.30219030808784 6.30447689345293 5.0766607830553 4.85060975609736 6.41022143774109 5.63795731707266 7.14939024390264 7.13563061617495 7.8749598844647 10.8124598844636 6.25088254172119 8.88402599486515 7.406811617459 12.6754252246467 11 7.53947368421056 4.47396501925594 3.74257862644531 2.03341623876776 5.03859114248968 3.05596116816321 6.14939024390264 5.86436938382517 6.17955712452072 15 22.8204428754812 23.3060815147622 22.3637676508355 26.1493902439026 24.7975369062899 23.492538510912 27.0294849165597 25 25.7012195121947 23.0730503851115 23.2810895378694 25.6237564184871 24.6793164313226 27.3459563542998 27.0470555198946 26.4141126444154 27 25.8506097560974
3.71730584082116 6.79573170731726 4.83604781771508 4.97581033376117 6.37191110398015 13.0475369062906 12.8199213735561 16.435052952506 20.2763157894735 15.1316992939664 15.1047015404366 7.90055359435183 6.47115693196383 8.13438703465988 7.5967987804876 5.34038029525051 8 8.01047015404263 13.8036344672648 7.17470314505735 5.77631578947307 5.4450818356872 9.50790275994888 14.4605263157894 12.3815789473683 8 5 4.3822609114251 6 9.01343870346571 6 8 6.03494062901161 9.98399390243971 8.65865693196445 21.445523106547 24.5340982028275 23.6544849165606 26 24.5526315789482 24.2042682926827 27.4730423620025 22.8037949293968 25.9919367779202 25.1987323491654 23.4009948652156 23.6090741335043 24.3552631578949 25.2042682926827 27.2040677150199 26.3252166238762 28.6011713735557
5 5.81245988446797 16.4377808087304 15.8899630937111 18.502166238769 14.0497031450583 14.3468790115529 8.79200096277377 7.81245988446781 5.09206514762506 6.41916720154094 7.7408536585374 9 7 7 6 7.09210526315662 8.73744383825533 12.3947769576358 7.63362483953762 7.942033055199 9 7.16026155327281 12.3411826059054 14.6588173940946 11.1602615532728 9.92157413350507 3.2591463414626 3.7408536585374 5 5 8 7 6.81478658536565 9.78951379974718 15.9692313863928 26 24.4683087291392 25.3855905006431 24.3307525673932 27.0617779204104 24.4817073170748 24.0687179075731 26.0292442233643 26.3468790115529 24.0698812580183 24.2763157894736 25.6144094993575 26.5808327984601 25.6146903080886 27.7885911424904 23.8106546854963
