rasterData/Libya_SNDPPT_M_sl2_250m_ll.asc
NCOLS 190 
NROWS 164 
XLLCORNER 9.286543823 
YLLCORNER 19.496123685 
CELLSIZE 0.0834965562894737 
NODATA_value -9999 
[rows 44 to 65 of 164, columns 0 to 49 of 190]
-9999 -9999 -9999 -9999 -9999 83.0657894736846 85 87.9474085365846 88 83.9565548780481 84 84.9763719512192 85.4586408857502 86.5657894736843 83.6653161103984 88.6817634788186 88.0464939024397 85.1694881258035 85 87.9977134146341 86.6610237483931 83.348283055201 87.0160060975612 87.429958279847 88 88.0579268292691 89 88.2908376123228 90.4710365853646 89.0099085365856 90.9420731707309 91.000762195122 90 88.9420731707309 88.2816110397952 89.9824695121949 89.9420731707309 89.8841463414617 90.0476973684223 91.3510911424892 92.040396341464 91.0579268292691 91.0663109756107 91.938021501926 90.1854139923007 91.9474085365846 90 86.3079268292689 87.980945121951 85.41856546855
-9999 -9999 -9999 -9999 -9999 86.9342105263154 81.01319801027 85 84.9939024390247 85.2545731707313 85.0030487804877 81.0066591784336 86.4853578305516 86.9956274069322 87.3572288189985 85 90.9975529525033 91.9989168806162 88.9998796534018 88.0030487804877 85.0026877406931 86.999398267009 90.2754733632861 88.0030487804877 89 89.9969512195123 86.5933488446727 88.9989971116817 87.7477134146338 90.9969512195124 90 89.9969512195124 91.0002005776637 89.1473443517333 91.7739489730427 89.7013398587933 91 90.4574775353022 90.5394736842114 89.0030487804877 92 91.226051026958 88.4415917843373 89.9344111039799 92 90.8157894736834 91.0030487804877 87.4954268292689 87.6720555198974 84.9994383825417
-9999 -9999 -9999 -9999 -9999 -9999 86 86.087331514763 84.8963414634158 80.5777439024386 84.311898267009 80.9386232349172 84.5383905648268 83.0586489088568 85.6737002567396 86.3745186136059 89.7191511553252 87.8149871630281 87.9481707317079 89.0374277920415 89.8358873555842 86.2389682284974 86.6276476251592 88.3886793966619 88.0293244544284 87.0252326700896 88.0211408857507 89.0170491014119 88.961128048781 90.0088655327342 88.0873315147622 90.9481707317079 89.1765885750966 91.1890645057765 90.7476732991019 91.7491976893449 91.5345394736856 90.3577102053931 91.9481707317079 89.6900272785624 90 90.2639200898587 89.0886553273418 92 91.9232188703464 90.9481707317079 89.0695603337605 91.987042682927 90 86.4385831193839
-9999 -9999 -9999 -9999 -9999 -9999 85.9182044287552 86.3779685494238 84.2777599486529 88 87.7061537227217 86.1645539152767 83.8932926829264 84.9536665596918 85.8553835044924 91 84.3636473042374 91.118421052632 90.8932926829265 88 89.0940709242622 88.3040757381259 86.8893613607196 89.8932926829264 89.1067073170736 86 90.0196566110399 90 87.3033536585371 91.6520378690619 89.7239650192551 88.8932926829264 91.9859595635429 90.0154444801028 88.247552952503 89.9677069961488 87.9340099486518 90 90.5180921052626 90.9592827342747 93 89.6354701540431 89.7640003209243 90.9073331193834 90.1067073170736 88 87.8106948010264 88.8932926829265 88.7061537227217 87.9368180359433
-9999 -9999 -9999 -9999 -9999 -9999 87.9957477535301 82.4401075096227 73.2773587933239 86.5403963414625 85.8384146341481 86.1615853658519 84.5918244544282 88 86.8851893453158 87.1169367779192 85.9004332477519 92.6959643774103 90.7722240051386 90 88.5026075096254 88.1615853658519 90.2785221437711 90.6768292682962 90 88.1615853658519 88.9340901797183 89.2037066752219 88.7019817073155 90.1615853658519 91.8157894736851 92.495306482676 90.216744223362 88.2997833761199 90.5785863286289 87.8873154685506 91.518493260592 90.4523026315796 92 87.4568356867807 86.9078546213074 88 90.1213494865211 91.698090500645 87.0110317715023 87.8384146341481 88.1615853658519 88.7500000000002 88.1084322849796 88
-9999 -9999 -9999 -9999 -9999 -9999 84.5037307445444 86.9477695763796 89.3134627727854 87.1958841463415 86.8650513478827 83.3196004492939 86.5074614890889 85.9060093068039 83.7112885109102 82 88 88.597962130937 85 85.3729942233657 88.8763238125814 90 89.9999598844665 90.7842987804875 87.6791559691902 89.8889200898591 91.407894736842 89.1452583440304 89.195884146342 88.2164634146334 91.9800625802312 89 91.0142410141207 90.2985397946082 89.9515805519899 89.8210044929379 89.1338655327339 90.5602134146343 90.2164634146334 90 91.0861681643135 91.8247352374835 92.2164634146335 91 90 88.2364008344024 88.1794367779197 89.6623475609754 89.5454107830544 89.536063863928
-9999 -9999 -9999 -9999 -9999 -9999 -9999 86.3213254171996 87.3959804236189 90.1394817073212 91 88 87.0071405648269 86.8684210526315 87.6501123234939 86.0799502567405 85.4151556482659 84.1850529525009 79.4894496148932 84.4787387676545 86.4242618741937 91.1438141848525 90.4726813222065 91 89 89.2155006418499 88.1606627085997 86.8179155969203 84.814024390238 87.1879412708565 90.7536505134804 91.7286585365872 90.0178514120667 90.8590741335026 90.7763157894739 90.0162869062929 89.3748796533992 91 90.3355664313224 90.5493822207941 90 89.0415998074467 87.9730824775346 90.9821485879335 90 90.5694399871639 86.3421052631587 90.0678353658531 90.5465741335075 90.7527679717571
-9999 -9999 -9999 -9999 -9999 -9999 -9999 87.9379412708598 85.6143292682927 84.5000000000004 84.9024390243908 87.8669367779207 87 85.9470073812583 84.3399791399232 85.0901396020538 86.1288510911418 81.0772625160464 85.3262195121949 85.6737804878051 87 87.1973684210524 83.2075176508351 84.2894736842108 83 82.8130616174576 85 84 84.0815548780488 88.6737804878051 89.3582317073167 89.3350850449289 90.3262195121949 89.8552631578943 89.3262195121949 85.4096197047506 87.0904605263165 91.3102936457 87.6737804878051 90.4720394736843 89.8799342105258 89.4769335686779 89.81851732991 89.9785381899873 90.0131578947373 88.6117217586649 88.7890324133511 91.1684451219512 90.6737804878051 89.9910542361997
-9999 -9999 -9999 -9999 -9999 -9999 -9999 86.6759066110399 84.8696245186132 87.0830792682925 85.4071726572526 84.5921052631583 86.9364971116817 85 86.2636392811296 85.8946967265726 85.4967506418481 86.4092586649553 86.7834162387696 86.6189024390243 83.3731948010272 87.1625882541718 84.1710125160461 84.1353899229782 85.7530888960201 85.1855343388959 84.1408055198971 84.6531209884464 85.9283536585358 86.5407974967903 90.3240933889606 89.7703385750963 88.6189024390242 91 83.1384387034658 81.2657654043647 82.3832236842101 88 88 88 90.3810975609758 91 89.8517731065469 89.0250722079588 88.3892410141211 86.2378048780485 90.1710526315794 89.2858231707319 88.9478498074452 89.2110077021817
-9999 -9999 -9999 -9999 -9999 -9999 -9999 85 83.5640243902428 85.4230182926822 90.6215099486528 88 85 85.679115853658 87.1280487804855 88 88 87.4359756097572 87.0172095635425 88.0172095635432 84.4359756097572 86 84.7236842105265 83.2003770860072 83.5640243902428 86.4096598202827 86.407894736842 84.9846357509602 86.5640243902428 88 86.4477695763809 85.8793725930701 86.510189345316 90.2262917201574 88 82.6454188061617 80.730383504492 89.4605263157899 89.7992217586648 89 91.6080712451881 90.4359756097572 89.6920731707283 90.4157172657263 88 86 88.4359756097572 90 86.2925625802319 89.1778321566117
-9999 -9999 -9999 -9999 -9999 -9999 83.9685494223367 88.9078947368417 80.018292682926 77.3864329268289 87.5035702824137 89.8719111039808 90.2389682284981 88.509146341463 88 89.3552230423624 85 87 84.4890484595638 85.509146341463 87.509146341463 84.9031209884468 85 83.6447368421054 82 83 82 82.1614650192555 89.6135670731715 86.5810734916564 82.0651877406921 84.0379091784324 86.4585606546857 83.8552631578943 87 81.161304557124 81 88.3134226572521 88.2746710526318 90.0780247111665 89.3026315789469 91.509146341463 74.801267650833 89.0322930038509 86.0133985879337 90.9547897946082 88.509146341463 87.1227134146342 90 88.509146341463
-9999 -9999 -9999 -9999 -9999 -9999 92 80.2672496790746 89.545731707316 87.8635670731711 90.4915356225937 89 90 88.3087692554551 86.1938783697043 85 85.454268292684 85.881578947368 84.4363366495523 83 84.946205070603 85 84 82.7660863286243 88.6912307445447 89.1034178433872 84.454268292684 82.3048379332486 82.7728658536584 85.0777037869067 89.545731707316 90.546935173298 89.5218629653387 82.0124759306781 81.12207156611 82.7845795892172 81.445081835687 84.0786665596837 88.3006659178413 83.2997031450547 89.8625240693195 89.4236601412056 87.091463414632 87.5816351091129 82.9940227856224 86.545731707316 86.2988607188707 86.5907012195129 88 86.4078947368425
-9999 -9999 -9999 -9999 -9999 -9999 85.9736842105255 88 88.6006097560982 88 87.8103337612325 84.64437580231 82.2924021181002 85.4342105263157 84.2012195121964 85.5653482028236 86.3993902439018 86 85 86.0474165596925 85.352094030808 87.7153000641839 89.2763157894735 88.1418886392809 88.5657894736846 90.6164152759961 89.1629091784336 87.2680118741973 87 86.7372432605913 87.60213414634 90 89.7885911424922 86.4863206033373 92.8656530808729 92.0194560333774 88.3714297175873 85 84.2012195121964 82.7708199614894 87.8182365211811 84.2236842105268 86.2851010911404 89.6006097560982 88 89.6927150192565 88.6006097560982 88 85.3951379974329 88.3556241976895
-9999 -9999 -9999 -9999 -9999 -9999 91 87.3731546854944 87.8289473684206 86 84.7843790115534 85.3881177792044 85 85.8504091784339 86.7671293324777 85.655487804878 88 88.3037146983311 88.6690869704745 87.330913029525 89 89.655487804878 87.5256338254171 89.655487804878 90.3708681001286 89.1504733632856 90.5286424903723 90.9153963414641 89.7416158536586 88.7144175224648 85.9078947368426 89.3181964056492 87.678153080873 88.6890243902441 89.691511553273 89.1983713093709 88.3683007060341 86.3962612323487 85.0245507060339 83.5240292041081 90.647143774069 86.689024390244 62.2731466623872 84.0571245186128 84.9886874197694 81.3744383825419 85.2299823491662 81.7500000000002 88.7843790115534 83
-9999 -9999 -9999 -9999 -9999 -9999 91.2989810654685 92.710365853659 85.4702743902448 91 88.2336729781772 84.8285060975611 84.6541639922979 67.9258263799736 88 85.710365853659 88 88.118421052632 88 88 89.171213093709 88 91 90.5792682926821 89.8361280487806 90.056201861361 92.5922256097567 92.5160060975616 90.710365853659 89.3616014120667 90 88.5754573170725 89.5688382541712 93 93 92.7980182926832 93.7289393453146 91.7103658536589 90.8291078305525 91.1791158536586 86.4953867137362 68.0251123234905 84.67410141207 83.5713655327341 88.0131578947373 72.4728417843418 79.4636152118112 90 90.8056402439027 88
-9999 -9999 -9999 -9999 -9999 -9999 86.0092666880619 85 90.9598443517329 89 85 86.0957557766366 85.506980102696 86.8671774711169 89.3552631578946 88 88.8026315789469 88.9093790115529 87.0092666880613 88 89.2069560333759 88.1884226572528 89.2114489730423 90 90.1031771501915 90.627447047497 90.8609996790758 89.6849326059052 92.3673780487806 91.8691030166877 88.7652439024392 91.2448250962768 92.219311617458 91.7992217586652 93 90.9936617458282 90.6523989088576 90.8733552631581 92.1266447368422 88.0916639922996 77 90 88 89 88.0201379974333 80.8573491655975 90.8053995507063 93.5739329268296 90 89.6878610397942
-9999 -9999 -9999 -9999 -9999 -9999 86.0107910783059 86 84.9692313863926 85 85.4780166880608 85 84.820121951219 89.179878048781 90.9360959563541 91.2266126444156 90.6402439024379 88.841423299101 88.2122512836965 87.9281530808722 85.830993260593 87.9115051347889 88.2603498074463 91.7041479460838 89 89.5791479460847 90.179878048781 90.4012756739414 88.0701219512194 92.9911745827984 90.3092907573804 88.0023668164312 89.3479220154054 90.820121951219 91.4035622593071 93.9500962772785 93.820121951219 92.8848684210513 87.3776877406922 87.3741174582818 89.4280728498075 87.8603578305516 86.2725449293968 65.2035462130942 82.9436777920393 93.6733793324767 91.8508905648263 92.1349085365858 91 90.6654765725288
-9999 -9999 -9999 -9999 -9999 -9999 -9999 87.7944078947353 92.8749999999987 90.1250000000013 86 84.6430921052641 85.5509868421055 89.5756578947383 93.3108552631574 88.9654605263155 90.8749999999987 90 91.0345394736831 90.8453947368406 86.2351973684234 88 87.0427631578982 87.8749999999987 91 90.4490131578945 90.3059210526305 91.3009868421052 92.2812500000008 91.917763157894 82.8421052631549 85.7401315789452 88.3750000000038 88.2138157894758 94.8059210526295 90.6447368421082 89.0789473684193 92.9424342105257 89.4391447368399 81.3486842105289 86.9621710526312 81.6332236842143 88.1957236842127 72.725328947376 83.6891447368376 94 91.8289473684206 91.8749999999987 90.5871710526309 88.518092105262
-9999 -9999 -9999 -9999 -9999 -9999 -9999 92.0064586007703 89 91.6974085365853 88.3058809370986 86.230945121952 86.9640163671371 88.8684210526315 91 90.3270619383827 90.7740292041073 90.8898828626441 88.9605263157908 87.9972320282413 86.9916960847239 89.9575577663668 90.9806241976893 90 88 88.5131578947373 88 93 91.3551829268303 91.2576620667502 90.0219833119375 92.7755535943509 88.1405247111691 88 87.9455632220792 90.6973684210528 89.618421052632 90.1347079589226 89.5273587933231 89.5049342105265 90.3735157252896 83.3772464698336 91.7105263157903 91.9252647625156 84.9736842105255 81.1027358793334 91.9178835044924 90.9123475609751 88.9769335686777 86.6207076379972
-9999 -9999 -9999 -9999 -9999 -9999 -9999 -9999 91 88.7500000000002 88 91 85.4452824133498 86.5724085365851 89.3003048780485 91.0042121309369 90.9817474326067 91.1318597560974 91.9605263157908 90.0789473684219 90.1282493581515 87 92 90.5789473684216 92.1295731707326 92.5053353658544 87.8276235558401 89.6660381899875 89.5342987804871 90.1684451219518 90.0152439024384 91.9717987804889 90.872432605904 92.9847560975617 91.0118340821561 89.0198571887026 89.9811456996157 87.5148026315796 82.4519817073113 87.3910060975596 88.4099807445445 83.9965901797177 90.7257702182287 89.9209724005145 86.0035702824112 87.07686136072 87.0152439024384 91.2423780487806 88 87.401676829269
-9999 -9999 -9999 -9999 -9999 -9999 -9999 -9999 89 91.0099085365854 89.3289473684209 88.1751845314494 90 87.0396341463414 82.7662467907573 81.3744383825413 89.9681883825418 91.9953064826701 90.9620908215673 85.2722641206686 89.6885831193831 87.0396341463414 92 91 91.0396341463414 87.9796614249037 89 91.7106867779205 90.5099085365845 90.8425064184848 90.21289313222 90.9086168164318 90.1952021822856 91 92.754412708601 92.6697288189989 91.3419448010266 90.5791078305515 88 83.3815789473675 80.0119945442875 89.7325898587945 89.5990853658573 88.931161745828 86 89.0396341463414 89.7960927471113 89.2499999999998 90.0396341463414 89.2165436456988
-9999 -9999 -9999 -9999 -9999 -9999 -9999 84.9816672015383 93 92.9054878048771 88.4868822207973 89.5198170731715 92.3948170731695 93 89.2607509627717 92.5868902439013 88.8399390243903 89.9054878048771 87.0752166238743 92 88.6428112965314 90.4908536585359 92.3447127727861 85.4833520539164 93.3931723363279 91.5106707317076 89.222761553274 90.9378209242613 91.4527439024394 88 89.1890243902458 91.9987564184853 93 92.9863206033374 92.1291720154032 92.0572047496796 92.4400272785625 92.5115131578956 92.5829990372285 86.0360638639284 90.3860317715026 75.4541880616228 88 70.1562098844646 87.1064265083453 86.3384146341485 90 87.6653963414646 91.9365773427465 90.222761553273
