rasterData/Libya_SNDPPT_M_sl2_250m_ll.asc
NCOLS 190 
NROWS 164 
XLLCORNER 9.286543823 
YLLCORNER 19.496123685 
CELLSIZE 0.0834965562894737 
NODATA_value -9999 
[rows 22 to 43 of 164, columns 50 to 99 of 190]
65.8047175866498 81.7343549422338 83.9190067394098 80.9267089216943 64.7347560975608 79 72.0597320282403 83.0099085365855 70.1105584082149 77.9844752888333 70.6542843388976 77.05676347882 83.0613767650838 86.1118019897302 87.5432445442873 87.9501765083447 88.3163109756103 89 89.6426508344042 88.7479139922964 87.1336649550682 86.8411023748403 88.1823652118084 87.2652439024392 85.3967025032098 78.8569078947367 79.6616254813865 47.6033777278608 72.8150272785618 45.6595394736822 -9999 -9999 -9999 -9999 -9999 -9999 -9999 -9999 -9999 -9999 -9999 -9999 -9999 -9999 -9999 -9999 -9999 -9999 -9999 -9999
73.9075738125786 82.5657894736843 83.0747352374838 76.1522384467259 66.5895779845935 72.4359354942245 69.8234916559744 69.0852053915286 82.7226010911445 79.9196485879351 84.847761553274 80.1174181643127 82.3939746469828 78.8051588575084 86.9350930680362 87.1411665596913 85.8422256097568 88 88.1909900513474 80.4131097560967 84.1558488446758 84.9695523106545 88.4003129011566 90.1753048780497 88.0802711810011 85.4605263157894 83.8865131578952 81 76.4870025673962 44.9803032734239 38.6239168806177 56.2459082156566 74.5820362644433 60.3092506418549 40.0878129011513 -9999 -9999 -9999 -9999 -9999 -9999 -9999 -9999 -9999 -9999 -9999 -9999 -9999 -9999 -9999
75.72211970475 82.6776716944804 86 78.2250481386394 80.0809531450559 84.9631739409497 79.7403722721433 71.8260991655965 81.1261232349173 87.8752005776637 79.2918806161748 76.8445121951218 87.410301668806 86 85.8445121951218 82.1575336970475 87.0945121951222 84.5400353016677 84.7667281771511 80.846558087291 87.4224165596892 86.510430038513 88.1889040436462 82.9222962130918 88.4629332477529 86.1554878048782 85.5271983311938 81.1554878048782 65.7650433247653 77.1207076379975 76.8670170089857 80.2011392811323 74.8313543003845 75.1064265083436 65.0956354300366 74.8445121951218 65.6690067394093 53.3109756097565 68.7275353016683 66.2230022464699 70.9780969191255 61.5765003209238 63.0641848523754 55.0789072528857 -9999 -9999 -9999 -9999 -9999 -9999
81 83.5657894736843 82.8993902439001 81.7514842747114 76.5495426829316 76.1953225288902 74.5363847882042 74.1458600770256 84.0119143132224 82.2384066110417 87.3213254172024 83.8159499358264 84.6981707317003 83.4868421052631 81.3443517329898 84.5301668806213 78.0503048780499 87.066190629013 84.1842105263133 83.7737885109092 84.247151797181 86.8698250962765 85 86.0701620667538 87 85.4605263157894 84.0542763157908 83.2425786264413 82.8689425545542 79.8994303594377 82.683167522461 84.0591704107818 86 81 75.9165998074435 71.5487804878001 79.6710526315785 54.1811216302999 69.8704268292631 80.5088655327341 80.3195202182273 74.376925545574 75.262114890892 74.0058969833097 66.0611360718898 66.2978578305589 61.9227775994755 -9999 -9999 -9999
76.5560413992319 79 80.6314987163022 81.0126363928117 79.8483632862662 79.0054155969193 82.8708681001261 83.1166158536597 78.8520940308075 79.0090259948655 76.2763157894735 82.5857670089834 86.5657894736843 80.9817875481373 84.6107589858795 84.9693116174574 83.9657012195112 85 86.0457317073185 86 88 86.039112644417 90.0457317073185 85.8905648267014 83.1279284338854 86.4605263157895 85.5605343388967 86.6075898587926 83 84.2134547496792 83.6780327342745 83.9572769576367 86.0251123234924 85.0415195763813 81.7453064826672 81.7957317073185 77.9849566752242 80.8512917201556 77.088615211811 79.0716062259329 78.3685012836971 75 85.0914634146369 82.0403161103991 81.0815949935824 82.0376684852387 79.2554958279859 76.1973684210508 76.7110478177147 74.0162467907579
81.517610718871 69.302511232355 77.9725609756059 78.2971357509662 77.1955632220789 77.1334643774095 81.0087853016701 80 79.881578947368 78.8099727214375 80.0116736200273 89.3520137997435 88.1264040436451 84.9603257381239 86.0091463414647 82.6609034017985 88.7522865853658 81.5131578947381 84.9087371630309 88.003530166878 89.8769656611026 86.1512355584104 85.4544688703488 83.6180198973074 86.6310574454443 86.0042121309377 86.5345394736836 83.0034900513484 83.9963896020534 85.7692153401783 83.1355905006401 86.0743340821566 87.0264361360728 85.0091463414647 84.8289473684206 82.7477134146338 83.9969913350445 84 84.9955471758659 83.5657894736855 81.9908536585353 79.2763157894741 82.8044367779211 81.116254813864 82.9612483953792 81.0219030808717 83.001083119384 75.8245346598251 79 77.0058969833128
77 79.9443998716313 76.0412788831828 78 78 79.9359756097572 79.1009707958907 79.9974727214378 80.9456033376108 82.9054075738093 85.9823090500645 87.6674823491645 86.5017650834415 90.0016848523748 83.2743501283673 83.1280487804855 87.7019817073175 86.9890484595637 82.1502326700876 87.9368180359446 84.8743982670089 87.0092666880615 83.0640243902428 84.697368421052 87.9511392811305 86.495065789473 85 84.9359756097572 86.3279043645684 86.7906370346592 85.9452422978187 86.0059772143771 84.9991575738126 88.9196887034662 89 86.2980182926821 82.4359354942219 86.3699855584092 85.4868421052619 85.0278000641843 84.9359756097572 85 81.5794688703456 83.1032573812587 86.2019415917814 81.9605263157882 82.5394335686785 81.0640243902428 82 84.9359756097572
72.6088735558409 79.7363206033377 76.5852455070607 78.3770458921695 80.7071967265729 81.1189024390244 82.0394736842101 79.6334242618752 81.2232429396667 87.0469351732994 84.8810975609756 86.8216062259319 85.0029685494223 90.9389842747111 88.6483873555848 86.0522705391516 84.6486280487812 82.6114810654681 80.8486440949957 82 86.8153080872901 84.9827904364568 83.1318597560952 84.8810975609756 86.6184210526312 87.1884627727857 85.6036184210527 88.5902599486518 87.385550385108 86.8029123876761 83 81.081434531449 85 90 89 84.1486280487806 89 87 85.4868421052619 85.5014842747101 88 84.913952182285 84.8810975609756 85.2232429396666 83.1142089216946 86.6973283055177 84.9859194480102 86.8026315789491 85.2434611681643 82
76.304075738124 80.3358873555845 78.0077021822872 79.5979220154046 79.6631498716314 83.230463735558 81.9536665596925 83.7936055840827 86.0978417843394 83 89.1958440308103 87.5290436456995 88 85.576018934531 83.8798138639283 86.2123315147636 84.1303353658529 85.3151075096274 81.2338735558393 81.0022865853656 83.8805760590521 86 85.7763157894731 84.9923379332455 86.041158536585 87.0937499999995 88.4594431964061 87.041158536585 88.3026315789461 83.7061537227193 86.656330231067 83.4140725288778 83.8370908215674 87.7501203465994 92.3697849807453 85.25 88 83.1028963414628 85.5977615532741 89.9016768292686 90.6447368421057 85.8742378048788 86.8026315789478 86.2510430038507 87.0394736842101 86.2458681001299 87.0978417843394 83.9894496148975 81.228297496791 85
81.7098443517327 74.7944480102697 77.1820442875467 79.5676749037229 82.2424983953782 80.52976572529 83.8017891527595 86.2681322207964 88.3058408215651 83.3357670089866 86.504974326059 91.3552631578955 86.7713414634146 87.3958199614891 86.5505856867782 86.4423940949931 84 81.039112644416 83.7713414634145 83.7642008985885 83.0657894736855 85.3072047496798 88.6499518613603 75.5312901155335 82.7929236200255 89.3371710526315 87.8766447368421 92 90.3092506418494 84.5526315789465 83.6088735558405 80.5588093709867 84.7480343388952 87.0155247111693 88.8680600128367 87.2926829268291 89.5426829268291 88.9067313863927 87 83.1293725930684 85.3760831193841 85.441792362003 88.1835285622595 87.4513398587928 86 87 85.6988928112955 84.5426829268291 87.834523427471 82.5026877406934
83.8545009627729 84.4715179717586 83.461930359435 82.2763157894741 86 80.381659178434 80.9717185494226 84.0506659178439 87.1986922336324 91.2275754172011 91 88.7164634146343 87.2822528883186 86.210767008986 81.371991335045 77.376805198973 82.2835365853657 84.9030006418483 82.9078947368434 84.7201941591782 85.236400834402 82.103698652119 83.1602615532739 83 82.5569239409502 84.2095234274711 88.6323010269581 92.9898507702187 90.1310173299097 84.8397384467262 87.1447368421048 85.9342105263171 86.2798058408213 85.4155166880609 90.6424101412066 91.0708841463414 93 89.0993260590505 87.1380375481382 88.4053674582808 87.2073973042369 84.5184932605903 84.7164634146343 81.118421052632 77.5788671373552 86 85.3993501283699 87.5670731707314 87.2763157894736 85.6142089216946
87.4842747111742 72.0903802952637 84.6447368421048 90.0620988446743 89.7388478819013 86.5351813222105 86.0133584724005 88.6482268934509 91.2582637997446 87.0667923620034 89.0935093068041 90.3384146341484 86.9334884467228 85.3220876123225 84.8557445442841 90.1113206033384 88.3231707317032 81.7183889602061 83.9238206033325 84.3471197047509 83.6403241335023 83.6768292682968 84.1207878690669 83 85.4091383183553 80.8174342105252 85.9477695763801 91.0275593709865 85.5637836970471 86.9277118100136 88.9510189345313 89.3161505134812 84.6702904364552 87.9092987804888 89.1131659178433 89.3384146341484 89.7823732349169 90 85.66050224647 89.7279765725368 87.6615853658516 86 86.1973684210522 80.4415917843352 72.9197689345263 83.3778883183602 88 87.0637836970461 86.0935093068042 88
85.4971919127086 87.8900834403073 88.7464297175871 82.2846197047492 89.341744223362 89 89.0873716302943 91.3777679717581 90.4417121309369 86.5130375481391 86.343589537869 81.2535702824128 79 89.6067073170736 80.3884387034676 85.657894736843 87.5449695121951 81.9327262516045 88.0335365853678 81.6330231065447 86.3674181643124 84.4310815147612 80.2236842105269 80.6350689987179 82.2251283697047 81.148828626443 85.4915757381258 88.3815789473688 92.7619544287561 89.8406611039799 90.6418485237481 91.6325818356866 86.4144335686781 87.8621229139913 89.6067073170736 94.2949695121948 87.5870105904995 88.8249759306798 91.7925625802302 92 89.002126123234 88.5438061617466 89.7605102695768 90 84.9760510269579 86.3932926829264 91 84.4869624518628 85.7617939666228 90
85.5518292682955 91.1176187419798 88.7076379974274 88.6756659178456 88.0884547496783 86.9469271501927 89.1213494865265 90.4481707317045 87.2751524390303 85.6659980744542 83.4279926187457 83.7739489730395 84.7014200898579 84.4868421052632 83.9188462772796 86.1474245827977 84.9138719512215 85.4869624518655 87.043284659826 87 87.5813141848556 84.696566110402 83.2039072528936 85 86.1044207317097 82.2885911424789 83.8371710526332 91.6184210526312 94.2303433889549 93.9195282413307 91.9589216944862 94.7942474326021 94.0058969833121 88.0020057766423 90.3513719512253 89.9054878048865 93.0837612323441 94.6957637997486 96.4481707317045 90.0450096277302 89.9076139281178 90.896341463409 92.6402840179738 91.3950978818972 91 90.0530728498089 86.5518292682955 86.8910863286269 86.0564425545618 90
86.7549342105269 85.2218790115517 89.3243340821558 89.1390003209242 91.995105905008 92 86.9546694480126 86 88.3839056482658 83.2966543645717 82.7236842105265 83.260309691909 83.7127326700912 86.7348764441577 87.800906611038 85 88.751524390243 90 89.1378770860059 88.9742057124557 89.9399069319609 87.5749759306802 81.385791078306 85.0018453145052 84.878530166882 71.8752406931984 82.1891447368426 90.5030487804868 90.1522384467256 92.7763157894733 90.5697609114255 94.4642570603353 93.5095876123227 93.5890564826706 86.4119464056489 90 93.1634707958927 96 95 88 92.1765484595637 94.8626845314501 93.6011312580221 91.9350529525049 92.4831915917836 94.5226652759946 88.5618982670083 90.9007140564838 94.6359515404371 91.6795972400508
87.5579268292691 85.2501203465978 87.3597159820285 88.2317073170765 87.4478096919136 85.4420731707309 88.0220234274709 89.8841463414617 86.0660702824137 84 82.3199213735553 91.0411585365861 91.1185413992292 90.4585606546884 89.3776075096287 89.5256338254169 84.7789634146349 90.5381097560981 85.3499679075743 89 88.0524310012853 88.5579268292691 86.1247994223369 84.697368421052 82.6549663029522 79.6388799743286 79.9274711168103 85.3689826700887 92.086448973045 89.6916720154044 70.9281530808728 94.5870105905009 93.4494143132215 95.040717265725 92.8085285622576 95.25 94.1454188061617 92.9224566752247 92.6572930038493 94.5002406931966 90.8017891527599 90.4037628369709 94.1043806161728 92.778482028244 93.42004974326 90.5753770860091 93.0660702824137 89.5579268292691 94.3199213735553 91.4832317073169
86.3144656611032 84.2190709242628 87 86.7197930038501 86.6128048780472 90.3173138639256 86.0152840179717 85.8536986521136 86.1988928112936 78.1416479460798 90 91.3552631578955 93.6128048780472 92.9898106546855 87.3421453786906 82.2015805519895 88.4512195121877 92 91 90.3871951219528 93.0403161103986 88.7183488446751 86.4271903080825 85.6128048780472 85 68.1299342105271 83.6128048780472 76 86.270017650836 92.4757301026943 94.911304557125 93.0657894736829 93.7743902439056 95.0356627086008 92.9337692554553 92 94.2598283055208 92 93.414112644413 92 93.2256097560944 87.3287066752215 93.3465580872877 90.7770779845948 94 93.0152840179723 92.0725689987164 92.0764200898584 92.8267811296527 94.2256097560944
86.3426267650837 88.1880215019253 86.7857429396667 87.9081755455712 86.2667281771499 85.0790677150196 86.3059611681641 84.9736440949933 86.2929637355578 80.1317795250331 90.2404926187417 87.118060012837 83.6676829268298 81.5131578947368 86.3323170731702 83.8906851732991 90.2492378048775 93.4397865853659 91.362925224646 87.008785301668 89.0439265083449 89.0480985237487 91.7793645699624 83.5989249037231 83.3323170731702 74.1268051989728 79 82.4904525032083 78.1005696405642 89.7420170089864 88 91.3572288189993 93.6676829268298 94.0306081514761 92.3323170731702 94.4176829268298 92.1072689345304 93.6046614249036 88.1442153401773 92.9558729139913 94.001965661105 93.4831915917844 94.2667281771499 93.8025112323484 96.013117779204 92.3616014120686 92.0393533376124 89.8026315789492 87.8155086649549 89.7345555198989
86.8649310012831 89.1567715019242 88.2566992939665 89.4462451861343 86.6130455712436 87.2445844030819 85 83.046092747112 87.5220234274735 81.9746870988453 83.8758825417194 87.4658616816417 87.8795330551984 87.2167041078293 87.2981386392762 81.8174743260579 87 88.551508344029 89.7849005134825 82.2905969191272 84.8433488446766 80.3175946726591 89.8160702824159 93.3026315789481 86.2774390243916 83.4468469191263 84.1513960205418 87.3427069961487 85.2186697689332 82 86.3820202182294 91.4451219512168 90 95.2774390243916 88.1710526315794 93.1806402439021 90.7528080872925 93.5921052631576 92.71525994865 87.5548780487832 95.2566992939659 87.7225609756084 91.7225609756084 91.0328546213097 93.0109515404364 90.0109515404369 91 93.4453626444191 91.9233392169445 92.5341383183579
87.735718870347 87.4105824775351 88.2761954428757 85 85.3320763799743 88 88.2532493581515 88.5371870988464 86.9342907573811 83.5985638639298 81.3758825417202 82.6958841463424 87.903361681643 86.2847400513475 82.4986761874204 83.5949133504489 91.1943597560978 85.1710526315794 90.8490452503195 83.4363366495523 83.0804316431338 86.0803112965346 86.9988767650832 87.8575096277278 93.4594030808724 85.1200657894739 83.9824293966623 90.9748876765092 91.7774390243899 78.8438302310669 81.0322127727856 90.8684210526341 88 89.1509547496798 89.8535783055199 89.6669207317076 88 96.5396742618746 93.4868421052619 95 86.8482028241322 89.9619303594354 92.0187339537861 89.7774390243899 93.0306883825414 92 89 88 91.4015564826696 92.8565067394093
89.7506819640549 88.9853578305527 88.0595715661108 88 85.8323170731696 88 87.6712532092404 88 90.1519576379939 84.6383584723984 79.1676829268304 83.6906290115562 84.5437259306803 78.4315227856221 81.5071806803605 76.4966302952519 91 84.0573652118105 83.923339216946 89.8235718870344 88.1676829268304 83.3843469191296 79.1676829268304 85.9672657252873 84.1382381258055 93 91.9867618741976 88.3073250962751 89.9251444159145 89.7012997432596 83 82.8323170731696 90.028522143775 90.8323170731696 90 88.7919207317076 92.9384226572507 92.5612163029521 91.9345715661146 92.5657894736855 88.3552631578943 88 90.6714537869074 87.7043485237466 84.9539072528888 86.1412066752247 90.8953385750895 88.8357268934548 88.9377005776651 90.4633745186145
87.4319239409506 88 91.1128048780474 88 88 88.217867458279 88 83 86.6749438382583 80.9599646983282 80.4707557766341 82 83.0638238125795 81.1128048780474 81 80.3289473684215 89 80.9064906931976 78.8261793966647 88.1098363286254 87.2839778562244 87.9035221437754 84.6576941591801 84.7583841463384 84.7587853016689 82.0608552631572 90.4424342105255 91.3815789473689 92.2374037227257 81.8871951219526 82.0801508344022 82.0845635430014 86.9164794608496 90.7950898587952 91.1870186136048 89.8589939024408 88.591663992295 91.9332076379983 94 92.4381418485263 93.0727294608464 91.3891206675215 91.2374037227226 94.0133584724004 91.0350208600767 77.0777840179692 79.1662387676489 88.7803674582821 90.3345635430053 90.2439024390226
