rasterData/Mali_bio4.asc
NCOLS 198 
NROWS 178 
XLLCORNER -12.264130412 
YLLCORNER 10.140054014 
CELLSIZE 0.0833321619545454 
NODATA_value -3.4e+38 
[rows 132 to 153 of 178, columns 51 to 101 of 198]
275.091461181641 278.139007568359 276.987243652344 274.825469970703 277.434204101562 279.317626953125 277.192718505859 279.307312011719 283.447967529297 285.982757568359 285.607696533203 285.479766845703 288.531188964844 288.027587890625 289.786743164062 289.132965087891 292.787933349609 297.573028564453 296.410827636719 297.818054199219 304.152801513672 303.915771484375 298.645385742188 299.790588378906 305.2060546875 309.489288330078 310.568603515625 308.636962890625 304.042236328125 300.352722167969 301.383270263672 304.521545410156 307.822601318359 309.110717773438 308.081848144531 306.806243896484 307.132049560547 312.793182373047 316.196258544922 322.199645996094 325.047485351562 322.339752197266 320.409088134766 320.585479736328 318.368591308594 313.922424316406 309.131805419922 308.735870361328 308.541687011719 306.29150390625 306.179107666016
272.069854736328 273.670928955078 273.791961669922 275.797302246094 278.668304443359 279.978210449219 279.464691162109 281.660766601562 282.909332275391 282.721252441406 280.105194091797 281.262908935547 284.883941650391 285.318878173828 285.716552734375 284.621948242188 287.959075927734 291.223449707031 290.949340820312 296.451232910156 301.392456054688 297.988433837891 292.231475830078 295.564666748047 301.369049072266 303.417572021484 303.855407714844 302.187713623047 301.737091064453 302.345855712891 304.102325439453 304.649627685547 305.836364746094 306.098297119141 306.367523193359 307.822204589844 308.6748046875 309.674041748047 312.158294677734 321.923797607422 333.87744140625 320.064239501953 319.507080078125 319.724426269531 312.636169433594 306.655395507812 305.547637939453 306.319641113281 304.428741455078 301.882415771484 300.286010742188
267.595794677734 269.128234863281 273.258392333984 277.424194335938 277.3427734375 276.453704833984 276.666809082031 279.594146728516 277.739685058594 279.528137207031 279.129486083984 279.816375732422 281.84521484375 281.207855224609 281.427307128906 284.077575683594 284.720581054688 285.758850097656 287.87744140625 292.363433837891 294.883666992188 294.259887695312 291.364135742188 294.323791503906 294.570190429688 296.859558105469 300.958374023438 298.005187988281 298.865081787109 299.160980224609 300.803527832031 302.716796875 304.296264648438 302.772338867188 304.804351806641 306.324645996094 307.920867919922 310.586364746094 317.900695800781 325.045562744141 324.892517089844 313.837890625 315.004821777344 310.733337402344 309.288757324219 307.269592285156 308.955657958984 308.291717529297 304.341003417969 300.751922607422 296.596923828125
262.027221679688 265.662200927734 272.817047119141 273.564575195312 271.113861083984 269.391174316406 270.671051025391 273.162384033203 272.558654785156 275.127655029297 274.934906005859 273.441192626953 278.230651855469 278.626159667969 280.241638183594 282.924621582031 284.514556884766 284.669647216797 287.173065185547 288.64794921875 290.543029785156 290.100433349609 286.870483398438 287.983978271484 289.318969726562 292.319732666016 298.451568603516 299.748626708984 297.490600585938 296.096038818359 296.901306152344 298.206939697266 298.775207519531 299.355010986328 301.502868652344 304.233612060547 306.226684570312 307.097564697266 310.34765625 314.405456542969 311.019165039062 308.316162109375 311.370849609375 308.711669921875 308.085296630859 308.924102783203 305.415252685547 302.147399902344 300.806091308594 297.105804443359 295.800537109375
263.054809570312 265.170135498047 269.157684326172 269.2939453125 267.025970458984 265.670043945312 267.275848388672 270.415435791016 269.296234130859 272.687072753906 271.716247558594 272.624694824219 275.944519042969 278.221343994141 280.519683837891 280.485900878906 282.803100585938 284.580749511719 285.121246337891 285.552368164062 286.577056884766 284.079040527344 274.645111083984 280.387664794922 289.294982910156 295.775787353516 300.002319335938 294.340179443359 291.083160400391 292.472747802734 293.452514648438 293.708221435547 294.642944335938 297.433990478516 299.183685302734 300.768218994141 301.361907958984 303.467132568359 304.928649902344 305.409912109375 305.069091796875 303.986328125 304.332336425781 303.465393066406 302.035736083984 304.100677490234 301.368499755859 295.978118896484 295.387329101562 291.815277099609 293.481353759766
266.237915039062 266.606262207031 267.23046875 266.409210205078 265.857330322266 264.483428955078 264.808074951172 265.603393554688 266.503082275391 269.268127441406 268.421539306641 270.938079833984 271.314361572266 272.028167724609 276.562927246094 276.491424560547 278.669281005859 280.147552490234 281.869049072266 283.270721435547 279.781463623047 275.6875 269.164154052734 279.308044433594 284.5625 286.97607421875 285.215942382812 285.644256591797 287.605163574219 289.095886230469 289.293151855469 290.586059570312 292.706390380859 294.818572998047 295.895477294922 296.540100097656 297.333435058594 299.137878417969 301.729461669922 302.243377685547 304.486358642578 302.698181152344 300.566650390625 299.528594970703 297.010650634766 297.638000488281 294.591094970703 290.424926757812 288.217010498047 288.504974365234 293.718170166016
265.377807617188 264.974151611328 265.832122802734 265.980895996094 263.405334472656 262.410614013672 261.8828125 263.138580322266 264.278533935547 266.331939697266 267.983947753906 270.368011474609 269.727172851562 269.739379882812 270.599517822266 271.599761962891 274.365509033203 272.705993652344 280.948822021484 278.811737060547 267.213439941406 267.616027832031 275.612518310547 278.097076416016 279.335662841797 280.036804199219 281.905609130859 282.965759277344 284.339935302734 284.801971435547 286.076232910156 286.724182128906 287.559783935547 290.061462402344 292.102752685547 293.381011962891 295.779449462891 295.3916015625 299.0185546875 298.912902832031 298.962066650391 298.892761230469 300.162872314453 297.478851318359 295.413482666016 294.166809082031 289.449859619141 285.801727294922 -3.4e+38 292.368591308594 292.311096191406
266.131164550781 267.539611816406 267.034057617188 267.604797363281 265.244720458984 266.130950927734 267.9306640625 269.166778564453 267.664764404297 268.324127197266 269.614074707031 268.461700439453 265.729339599609 264.700286865234 265.052551269531 267.403778076172 270.027526855469 268.327423095703 267.781646728516 267.220550537109 269.859619140625 270.885101318359 273.358001708984 274.700561523438 276.791442871094 277.377075195312 279.170471191406 280.793701171875 280.419006347656 280.982513427734 283.800354003906 284.491760253906 285.596984863281 288.133178710938 290.488586425781 290.578338623047 292.6455078125 297.739135742188 296.674163818359 292.889678955078 293.259063720703 294.910461425781 296.425994873047 295.329559326172 293.438690185547 290.791229248047 286.215789794922 -3.4e+38 -3.4e+38 291.050903320312 286.530639648438
265.991943359375 267.659393310547 268.300170898438 267.394989013672 266.220092773438 269.228057861328 269.366607666016 269.492248535156 269.426330566406 268.645812988281 266.464172363281 265.576843261719 263.744110107422 266.18603515625 266.813354492188 268.497985839844 269.350311279297 269.382263183594 267.531890869141 267.480285644531 267.990936279297 268.200378417969 271.297454833984 272.928039550781 274.516479492188 277.225952148438 278.972381591797 278.898681640625 278.179473876953 281.615875244141 281.807495117188 281.735198974609 285.217742919922 287.383819580078 288.885101318359 291.252349853516 292.039245605469 294.863891601562 294.658447265625 292.304748535156 291.242248535156 291.327362060547 292.396667480469 291.154327392578 288.583862304688 286.070281982422 -3.4e+38 -3.4e+38 -3.4e+38 -3.4e+38 -3.4e+38
266.514221191406 266.415191650391 270.345153808594 271.121337890625 272.115631103516 273.207061767578 271.850067138672 270.484252929688 271.863952636719 269.61572265625 266.602813720703 266.105926513672 265.511169433594 266.791931152344 268.596832275391 269.360107421875 270.075164794922 268.594207763672 266.507690429688 265.447570800781 265.935394287109 266.453033447266 269.714416503906 271.26611328125 271.221221923828 273.429504394531 275.026794433594 275.945465087891 276.763549804688 279.36181640625 280.402404785156 280.804840087891 287.810424804688 291.500915527344 284.451080322266 287.610504150391 286.478271484375 289.998016357422 290.846649169922 287.128082275391 286.754425048828 284.966827392578 286.739898681641 287.474670410156 283.207855224609 -3.4e+38 -3.4e+38 -3.4e+38 -3.4e+38 -3.4e+38 -3.4e+38
265.985565185547 266.496032714844 268.739898681641 269.134155273438 273.065612792969 273.642730712891 274.222290039062 272.842407226562 269.274963378906 269.849090576172 268.097198486328 265.198944091797 262.876037597656 264.717254638672 264.160888671875 265.678100585938 265.242492675781 264.973937988281 262.700744628906 264.038177490234 266.207153320312 266.785736083984 269.148712158203 269.235900878906 272.131469726562 271.854125976562 274.09521484375 275.340057373047 278.896881103516 277.816223144531 277.244750976562 276.445281982422 280.207275390625 282.816802978516 280.055633544922 280.929412841797 282.47216796875 286.637725830078 287.97265625 286.743011474609 286.638549804688 285.354919433594 284.550170898438 283.642913818359 -3.4e+38 -3.4e+38 -3.4e+38 -3.4e+38 -3.4e+38 -3.4e+38 -3.4e+38
267.984741210938 267.944976806641 269.548065185547 275.519805908203 276.000793457031 274.113311767578 274.113739013672 271.515838623047 269.447326660156 267.520324707031 265.636383056641 264.645446777344 263.224182128906 263.580261230469 260.378631591797 261.420959472656 263.359893798828 264.009094238281 262.805847167969 262.535614013672 263.622375488281 264.739166259766 265.096801757812 266.292999267578 267.442291259766 267.706787109375 271.254516601562 273.342926025391 275.644226074219 270.387542724609 270.277709960938 272.335876464844 275.506256103516 277.158874511719 277.47021484375 277.750244140625 280.587493896484 282.787780761719 283.630035400391 285.395202636719 287.953765869141 287.166107177734 282.063293457031 278.613525390625 -3.4e+38 -3.4e+38 -3.4e+38 -3.4e+38 -3.4e+38 -3.4e+38 -3.4e+38
269.217742919922 272.424530029297 273.837432861328 272.798522949219 273.516021728516 272.875946044922 273.917205810547 268.735778808594 265.949157714844 265.652862548828 263.143798828125 265.452453613281 263.659423828125 260.520385742188 259.081237792969 259.712768554688 262.256408691406 261.651000976562 260.811828613281 260.439422607422 259.575897216797 260.292114257812 261.249420166016 261.83251953125 262.995788574219 266.288635253906 267.650909423828 270.215454101562 271.621032714844 269.87060546875 270.981231689453 274.040771484375 277.617126464844 276.334594726562 274.522674560547 273.601715087891 275.408294677734 278.854614257812 280.100616455078 280.309539794922 281.660614013672 279.861999511719 277.442260742188 273.212738037109 272.747161865234 -3.4e+38 -3.4e+38 -3.4e+38 -3.4e+38 -3.4e+38 -3.4e+38
267.659545898438 267.056823730469 268.868896484375 266.459655761719 267.003387451172 268.329162597656 264.152465820312 261.33837890625 260.796081542969 258.904815673828 258.126739501953 259.310729980469 257.165893554688 257.449127197266 256.362579345703 255.548126220703 256.103057861328 255.960601806641 256.093841552734 257.668914794922 255.190826416016 253.123550415039 254.564071655273 260.452209472656 260.974334716797 264.824188232422 264.670227050781 267.811218261719 268.845886230469 267.632141113281 268.929534912109 271.934234619141 273.929046630859 272.477203369141 270.204681396484 269.165496826172 272.174835205078 275.363861083984 276.198455810547 276.329010009766 276.024017333984 272.780059814453 270.8544921875 268.594635009766 268.958709716797 -3.4e+38 -3.4e+38 -3.4e+38 -3.4e+38 -3.4e+38 -3.4e+38
261.000732421875 259.961059570312 258.783325195312 263.441711425781 268.020324707031 268.322143554688 260.465179443359 261.518432617188 263.393371582031 259.89404296875 257.445007324219 255.471313476562 251.603958129883 252.214660644531 249.177536010742 248.560348510742 250.374221801758 251.71630859375 253.340362548828 254.369644165039 254.030349731445 255.511993408203 255.967239379883 260.241394042969 260.008453369141 262.600524902344 262.375061035156 262.994781494141 264.833648681641 262.9599609375 265.072387695312 268.148742675781 270.055633544922 270.930145263672 270.247528076172 267.630706787109 268.405578613281 273.374725341797 272.559875488281 273.480926513672 272.813903808594 270.130310058594 265.949829101562 262.597503662109 263.715942382812 -3.4e+38 -3.4e+38 -3.4e+38 -3.4e+38 -3.4e+38 -3.4e+38
250.496139526367 252.846603393555 254.82861328125 263.061492919922 266.865875244141 265.941497802734 260.74169921875 261.526550292969 261.743225097656 261.161254882812 259.305450439453 255.546722412109 253.333984375 250.182205200195 247.761215209961 246.221176147461 248.154983520508 251.603607177734 252.920791625977 253.825912475586 255.071319580078 256.763946533203 257.346038818359 260.585266113281 260.489074707031 258.313385009766 259.922668457031 261.162811279297 263.887451171875 264.030029296875 262.389984130859 261.852111816406 264.577972412109 266.249084472656 266.352874755859 264.617126464844 264.200561523438 267.489624023438 269.956268310547 270.933502197266 270.677490234375 268.957427978516 -3.4e+38 -3.4e+38 -3.4e+38 -3.4e+38 -3.4e+38 -3.4e+38 -3.4e+38 -3.4e+38 -3.4e+38
240.975769042969 251.181655883789 252.346664428711 258.720733642578 262.459564208984 261.938873291016 259.224365234375 256.836700439453 257.372314453125 255.437713623047 252.722427368164 251.499786376953 250.965057373047 248.281814575195 246.262390136719 244.021728515625 246.73908996582 249.374481201172 253.345169067383 253.677581787109 252.604827880859 255.733291625977 254.330749511719 255.73567199707 257.864196777344 258.191436767578 260.625762939453 262.281463623047 263.35986328125 263.361511230469 261.549438476562 260.076568603516 263.597442626953 261.816864013672 263.276458740234 262.477447509766 262.347015380859 265.746215820312 265.770202636719 265.640319824219 265.206878662109 263.804534912109 259.623504638672 -3.4e+38 -3.4e+38 -3.4e+38 -3.4e+38 -3.4e+38 -3.4e+38 -3.4e+38 -3.4e+38
248.027725219727 253.42529296875 255.641036987305 257.727478027344 257.628021240234 255.719680786133 254.555358886719 252.089370727539 252.106323242188 251.298965454102 251.83479309082 248.857833862305 246.512634277344 246.212036132812 246.00016784668 244.592391967773 245.008499145508 247.319244384766 251.827682495117 252.701736450195 252.660263061523 252.07861328125 252.579360961914 252.223297119141 254.126998901367 254.636169433594 256.993286132812 260.355621337891 261.001220703125 260.559936523438 259.6201171875 259.778167724609 262.452972412109 260.584167480469 262.381378173828 260.009826660156 258.278381347656 262.138671875 260.217163085938 260.408142089844 260.617279052734 259.291717529297 254.275344848633 -3.4e+38 -3.4e+38 -3.4e+38 -3.4e+38 -3.4e+38 -3.4e+38 -3.4e+38 -3.4e+38
250.08805847168 250.422302246094 251.735870361328 254.397994995117 254.687118530273 252.127944946289 250.903778076172 250.712326049805 250.470932006836 248.213897705078 247.798187255859 244.765274047852 245.266204833984 245.418395996094 244.129867553711 244.446899414062 245.20149230957 243.778015136719 245.497360229492 246.795562744141 251.506378173828 247.491424560547 250.427398681641 249.949478149414 251.10905456543 251.618087768555 253.078720092773 254.028015136719 255.194976806641 256.338226318359 256.699951171875 258.206878662109 259.595947265625 256.662292480469 256.38232421875 257.238861083984 254.516143798828 257.291229248047 256.512115478516 254.895492553711 254.475509643555 253.004425048828 252.063659667969 -3.4e+38 -3.4e+38 -3.4e+38 -3.4e+38 -3.4e+38 -3.4e+38 -3.4e+38 -3.4e+38
248.95947265625 248.524505615234 248.946212768555 249.874893188477 249.609802246094 247.215469360352 246.670181274414 246.216506958008 245.788940429688 245.003204345703 243.206253051758 240.381072998047 239.544219970703 236.689071655273 235.44856262207 237.568161010742 238.625411987305 242.629043579102 240.954772949219 238.604125976562 242.147186279297 244.411270141602 249.188705444336 248.555999755859 245.642074584961 246.746673583984 247.386032104492 247.235427856445 247.953231811523 249.557723999023 251.825958251953 255.162124633789 255.012298583984 251.197845458984 252.327163696289 252.826782226562 249.315170288086 249.361923217773 250.333953857422 247.010665893555 244.951812744141 245.665191650391 247.028610229492 -3.4e+38 -3.4e+38 -3.4e+38 -3.4e+38 -3.4e+38 -3.4e+38 -3.4e+38 -3.4e+38
246.989761352539 247.657501220703 249.685852050781 249.143478393555 245.646987915039 244.115905761719 244.317459106445 244.683227539062 243.771926879883 242.384216308594 240.943298339844 237.699905395508 237.855850219727 235.946319580078 235.666046142578 236.182571411133 236.818710327148 238.288223266602 239.904174804688 237.32746887207 237.038055419922 237.448455810547 242.583633422852 247.164459228516 245.085510253906 244.58203125 243.330307006836 244.898513793945 243.239105224609 242.691558837891 245.563049316406 248.775741577148 246.828186035156 245.626113891602 247.117553710938 249.146774291992 245.73567199707 241.336441040039 240.298583984375 243.136093139648 242.740478515625 237.570495605469 -3.4e+38 -3.4e+38 -3.4e+38 -3.4e+38 -3.4e+38 -3.4e+38 -3.4e+38 -3.4e+38 -3.4e+38
242.985916137695 243.786117553711 245.024566650391 243.200698852539 241.683624267578 239.812881469727 243.97575378418 241.959899902344 240.336990356445 239.653076171875 239.076736450195 237.104614257812 235.557266235352 235.870071411133 235.314804077148 235.685043334961 236.432739257812 234.917022705078 240.236938476562 240.003143310547 236.660568237305 236.825469970703 235.938278198242 241.683380126953 244.586090087891 245.634094238281 243.616012573242 242.917755126953 244.082305908203 241.407897949219 239.629150390625 239.552215576172 237.515777587891 239.023956298828 240.761566162109 239.42887878418 240.119186401367 238.959609985352 241.139511108398 240.460479736328 234.154266357422 -3.4e+38 -3.4e+38 -3.4e+38 -3.4e+38 -3.4e+38 -3.4e+38 -3.4e+38 -3.4e+38 -3.4e+38 -3.4e+38
