rasterData/Mali_bio4.asc
NCOLS 198 
NROWS 178 
XLLCORNER -12.264130412 
YLLCORNER 10.140054014 
CELLSIZE 0.0833321619545454 
NODATA_value -3.4e+38 
[rows 66 to 87 of 178, columns 102 to 152 of 198]
676.371215820312 675.047912597656 673.526611328125 672.007995605469 670.404846191406 668.209594726562 665.331176757812 663.304809570312 660.375061035156 658.432556152344 656.418823242188 652.58349609375 650.000610351562 647.244140625 644.664672851562 641.663940429688 637.677490234375 634.678649902344 630.37353515625 626.646362304688 623.563842773438 620.212463378906 617.690185546875 614.865295410156 610.807983398438 607.98095703125 606.289367675781 604.482238769531 601.330383300781 598.98583984375 597.064331054688 596.883728027344 594.772338867188 593.105895996094 587.820007324219 581.788330078125 577.484985351562 571.369140625 570.969848632812 578.615295410156 576.837341308594 578.14697265625 577.987976074219 578.554565429688 581.456787109375 582.211669921875 582.850219726562 582.219909667969 579.637329101562 579.218200683594 578.7001953125
674.347595214844 672.718139648438 671.6748046875 669.793151855469 667.667297363281 665.397216796875 662.548095703125 661.093322753906 658.281311035156 655.572937011719 652.72705078125 649.285461425781 646.184997558594 642.644592285156 639.654663085938 635.854309082031 631.940368652344 629.458190917969 626.263122558594 622.375793457031 618.245056152344 614.331970214844 611.08544921875 609.250549316406 606.604370117188 603.299743652344 601.031005859375 597.82177734375 596.152404785156 594.194213867188 592.750183105469 590.151489257812 588.030029296875 586.323974609375 583.163208007812 580.727355957031 575.285522460938 571.507507324219 571.002990722656 569.484436035156 569.172485351562 568.349670410156 571.496643066406 573.295227050781 577.727111816406 580.1484375 580.597229003906 579.009033203125 575.9384765625 575.056213378906 574.151733398438
671.982116699219 671.139404296875 669.5078125 667.424011230469 665.605529785156 663.33642578125 661.607971191406 659.767517089844 655.963317871094 651.572509765625 647.737915039062 644.426086425781 640.811340332031 637.520446777344 633.151489257812 629.972717285156 625.689453125 621.878723144531 618.064270019531 613.670593261719 610.947570800781 609.265686035156 605.89013671875 603.042724609375 599.9990234375 598.264221191406 593.607849121094 589.658264160156 589.059143066406 588.366821289062 585.846740722656 584.179565429688 582.526489257812 580.076782226562 577.749328613281 575.4853515625 572.812377929688 568.692810058594 564.987548828125 560.951965332031 561.84228515625 562.781982421875 566.850341796875 565.979919433594 570.838562011719 573.727783203125 573.299865722656 573.119201660156 572.080444335938 570.426086425781 569.49169921875
670.816650390625 669.674499511719 667.489379882812 665.894104003906 663.956848144531 661.795104980469 659.516296386719 655.82373046875 650.754516601562 645.97509765625 642.429138183594 639.395812988281 635.947143554688 632.678161621094 627.404724121094 623.386596679688 618.701477050781 615.869201660156 612.1884765625 608.247741699219 605.739196777344 602.972106933594 599.321838378906 596.472961425781 594.773681640625 592.228881835938 587.695861816406 583.408386230469 581.722351074219 580.579467773438 579.559448242188 578.332702636719 576.324462890625 574.585266113281 571.241394042969 569.038879394531 568.022155761719 563.866943359375 560.73046875 558.044799804688 557.352661132812 559.876281738281 563.733337402344 564.9609375 567.432434082031 568.770874023438 567.629760742188 569.199523925781 568.181640625 567.424133300781 565.1875
668.2275390625 667.372131347656 666.737976074219 666.035034179688 663.120788574219 659.848999023438 657.313354492188 652.367614746094 646.985290527344 642.419372558594 637.736633300781 634.063354492188 630.629028320312 626.870788574219 621.715454101562 618.399536132812 613.517639160156 609.90869140625 606.413208007812 602.743530273438 599.348083496094 596.525573730469 591.599426269531 589.128112792969 586.784606933594 584.25439453125 581.5732421875 578.391906738281 575.087890625 574.560913085938 572.827087402344 571.206604003906 570.387817382812 568.953125 567.111022949219 562.505187988281 563.473266601562 560.655395507812 559.373779296875 556.937072753906 555.850952148438 555.605102539062 561.188110351562 562.672485351562 564.477294921875 564.0654296875 564.511962890625 565.098022460938 562.989868164062 563.398864746094 560.703552246094
665.885681152344 666.757873535156 665.754150390625 663.407531738281 660.579650878906 657.104187011719 653.702758789062 649.07470703125 644.095642089844 638.459106445312 633.027160644531 628.272216796875 625.191284179688 621.453979492188 616.224182128906 611.871948242188 607.320068359375 603.836303710938 599.54248046875 596.676330566406 593.550354003906 588.780090332031 584.911437988281 583.056945800781 579.542541503906 577.111450195312 574.925231933594 573.609680175781 571.173706054688 569.010925292969 566.409912109375 563.458129882812 561.673767089844 560.218566894531 556.775451660156 554.422424316406 556.289489746094 556.066467285156 557.95556640625 556.041137695312 556.968200683594 557.681457519531 557.938659667969 560.024780273438 561.440368652344 559.724670410156 559.398559570312 561.757263183594 560.602783203125 560.60205078125 557.669311523438
662.148620605469 663.140197753906 662.829223632812 661.227661132812 656.871520996094 652.830017089844 648.236328125 643.4765625 638.995178222656 633.99951171875 629.265441894531 624.713745117188 620.621398925781 615.517944335938 610.088195800781 605.201110839844 601.898559570312 598.209289550781 594.25244140625 590.357788085938 587.719909667969 583.115051269531 579.339660644531 576.1728515625 572.984924316406 570.978393554688 567.924621582031 566.164245605469 563.550659179688 560.103515625 558.298706054688 555.973327636719 553.448852539062 548.681457519531 544.584716796875 544.4736328125 548.235900878906 553.112121582031 556.778076171875 556.123840332031 555.718200683594 555.760925292969 556.468017578125 556.427734375 555.747680664062 555.253356933594 554.475341796875 556.754760742188 556.002502441406 554.9853515625 553.62890625
655.996948242188 657.971618652344 659.178344726562 656.649719238281 652.117858886719 648.157958984375 643.509033203125 637.506408691406 632.168518066406 628.0703125 624.130004882812 619.472717285156 614.967224121094 610.165588378906 604.88330078125 601.008666992188 596.734436035156 592.010009765625 588.386474609375 585.065124511719 582.126525878906 576.948913574219 572.970031738281 568.529235839844 565.944091796875 563.284545898438 559.654846191406 558.498657226562 557.669921875 553.946533203125 551.960998535156 550.766418457031 548.669311523438 545.557678222656 544.551635742188 543.561096191406 542.842712402344 546.368591308594 551.223510742188 551.1279296875 550.607788085938 550.604919433594 550.973388671875 550.277648925781 550.090454101562 550.71240234375 550.296508789062 549.801086425781 546.328857421875 544.230407714844 545.947448730469
648.418579101562 649.443664550781 649.96142578125 648.098083496094 644.450134277344 641.072631835938 637.197875976562 632.335998535156 627.506103515625 622.747863769531 618.736633300781 613.838684082031 608.685241699219 604.614624023438 600.939270019531 596.729248046875 591.761779785156 586.306274414062 581.755554199219 579.044067382812 575.775207519531 570.958740234375 566.08935546875 560.180603027344 557.060119628906 555.147888183594 552.428344726562 552.215576171875 551.707885742188 549.232421875 547.716857910156 545.76318359375 544.118835449219 542.080322265625 540.358093261719 540.392944335938 540.445678710938 539.930725097656 537.163818359375 537.426696777344 539.479736328125 541.535827636719 544.329895019531 542.828308105469 544.138549804688 544.345947265625 544.764099121094 545.246704101562 542.649658203125 540.236694335938 542.558837890625
639.677795410156 641.708129882812 642.083923339844 639.748657226562 636.6650390625 632.634704589844 628.133728027344 624.448608398438 620.593627929688 615.369934082031 611.551940917969 607.10693359375 602.587341308594 598.164733886719 594.901428222656 589.431274414062 584.586303710938 579.846069335938 575.447631835938 571.404296875 567.260009765625 562.76904296875 557.973327636719 553.718872070312 550.534484863281 550.692565917969 549.609558105469 547.343017578125 545.708190917969 542.970703125 540.582763671875 538.404052734375 536.816101074219 534.329711914062 532.016662597656 526.597595214844 526.448913574219 526.949462890625 526.416015625 530.688354492188 530.931884765625 533.083984375 534.9140625 536.121887207031 535.550476074219 531.985229492188 533.942504882812 539.358764648438 539.698608398438 539.883666992188 542.034912109375
632.313598632812 632.826293945312 632.352600097656 630.870849609375 627.662231445312 624.307495117188 619.905883789062 616.613830566406 612.188903808594 608.230712890625 604.456848144531 600.544311523438 596.631958007812 592.035949707031 587.640991210938 582.374328613281 577.875427246094 573.480224609375 567.991882324219 563.848205566406 559.77880859375 556.406127929688 552.991271972656 550.088684082031 548.107177734375 546.300354003906 543.78173828125 540.068908691406 536.072814941406 533.042724609375 530.89208984375 529.279846191406 528.97021484375 526.006469726562 524.275146484375 523.785827636719 522.501525878906 520.245300292969 520.984802246094 523.261596679688 522.273681640625 526.039428710938 527.244323730469 528.322082519531 529.004028320312 528.116760253906 529.733825683594 534.180053710938 535.752807617188 536.602661132812 537.090698242188
624.406921386719 624.660949707031 623.446655273438 621.095886230469 617.153259277344 615.123779296875 612.017150878906 608.374328613281 603.732971191406 600.026123046875 597.175048828125 593.564086914062 588.964782714844 585.014221191406 580.285766601562 575.666137695312 572.307250976562 566.931518554688 560.58544921875 556.386779785156 552.525024414062 551.676147460938 547.840576171875 543.154174804688 539.19873046875 536.700134277344 534.072387695312 531.203674316406 526.691101074219 524.599731445312 522.636779785156 521.505432128906 521.674743652344 519.8505859375 517.881408691406 518.054626464844 514.692932128906 513.467407226562 516.963012695312 518.47021484375 518.53955078125 519.814880371094 518.755676269531 519.544128417969 521.384094238281 522.2353515625 523.704772949219 527.144287109375 529.760314941406 529.402893066406 529.857727050781
615.238342285156 614.760986328125 613.737548828125 612.004272460938 608.189697265625 605.234680175781 603.161010742188 599.104125976562 595.790283203125 593.412048339844 590.258422851562 586.007873535156 581.754760742188 577.944519042969 574.179931640625 570.934204101562 567.3564453125 560.744506835938 554.363403320312 548.154541015625 544.885070800781 542.201843261719 537.939086914062 534.685424804688 531.809326171875 528.933349609375 526.723327636719 524.2919921875 521.145141601562 518.561950683594 516.69970703125 514.679016113281 514.177856445312 513.512268066406 513.295715332031 511.495941162109 511.158660888672 511.98388671875 511.130340576172 512.601745605469 512.857421875 513.732055664062 510.686889648438 512.610229492188 514.299743652344 515.703796386719 517.263122558594 520.481384277344 524.064270019531 524.099609375 525.456115722656
605.916442871094 605.790771484375 604.804931640625 602.904663085938 600.094177246094 598.72265625 596.154296875 592.445617675781 589.778930664062 587.11962890625 584.219665527344 579.961303710938 576.133361816406 571.460388183594 566.149597167969 562.972534179688 559.401733398438 552.750610351562 545.884887695312 540.168212890625 538.764953613281 536.36376953125 533.172668457031 529.162475585938 525.9169921875 522.828002929688 520.392272949219 518.110412597656 516.147033691406 514.302185058594 510.829284667969 507.508087158203 507.234619140625 509.173217773438 508.149780273438 505.9677734375 505.335968017578 503.854064941406 503.958618164062 506.325134277344 506.551910400391 506.338745117188 504.249206542969 503.312896728516 503.488952636719 506.944091796875 509.40673828125 514.547058105469 518.438171386719 516.560546875 518.162353515625
597.227355957031 597.051391601562 596.349304199219 594.646728515625 592.566101074219 590.501403808594 588.045166015625 586.291015625 583.387939453125 579.8349609375 577.090637207031 572.655822753906 567.538757324219 562.726318359375 558.201843261719 553.963500976562 550.592895507812 545.951599121094 539.980102539062 537.30078125 535.07666015625 530.622314453125 526.256286621094 522.431884765625 518.037780761719 516.059204101562 513.8603515625 511.256256103516 508.432769775391 506.372619628906 503.365264892578 501.671630859375 500.704986572266 501.270721435547 500.256317138672 498.49462890625 498.035064697266 497.525451660156 498.813140869141 498.470642089844 498.104217529297 497.378997802734 498.476226806641 498.922027587891 500.764038085938 501.918273925781 503.81591796875 508.285919189453 511.273101806641 509.82763671875 509.888061523438
587.649230957031 587.441772460938 586.829895019531 586.422912597656 585.538757324219 582.945068359375 580.229125976562 578.525390625 575.5859375 572.57861328125 568.705139160156 563.757507324219 559.449584960938 555.543395996094 550.622863769531 546.94873046875 543.597229003906 539.318298339844 534.27490234375 531.288818359375 527.359497070312 522.884033203125 518.712219238281 515.024536132812 511.20947265625 508.126586914062 505.580993652344 502.165191650391 497.560577392578 496.271179199219 495.709991455078 493.667083740234 492.828247070312 491.363159179688 489.305114746094 489.8447265625 488.926666259766 487.312683105469 490.593109130859 491.733154296875 490.959594726562 490.382690429688 491.226196289062 491.042724609375 491.078460693359 492.148712158203 497.112976074219 500.961761474609 500.310119628906 501.64453125 504.071929931641
576.890319824219 576.608032226562 577.53125 577.431396484375 575.843505859375 574.273803710938 570.951293945312 568.838928222656 566.23291015625 562.300659179688 558.691528320312 555.197265625 551.533447265625 547.678405761719 542.103942871094 537.622131347656 533.4404296875 530.365478515625 526.062744140625 522.152465820312 517.419555664062 512.563415527344 509.16357421875 505.496734619141 502.63134765625 499.732696533203 496.024169921875 492.504211425781 488.093597412109 487.021362304688 486.571258544922 486.201690673828 485.377716064453 483.769073486328 482.484802246094 480.872985839844 480.935760498047 481.047332763672 482.403167724609 483.718963623047 483.066253662109 481.675811767578 479.951324462891 480.039978027344 480.680816650391 483.135681152344 487.328582763672 493.294067382812 494.310394287109 496.154022216797 497.548400878906
568.230834960938 569.154235839844 570.376953125 568.262145996094 565.628662109375 564.573364257812 562.0732421875 559.685180664062 558.0712890625 554.622009277344 550.895202636719 547.718139648438 544.480346679688 539.896362304688 535.186340332031 530.508544921875 525.928588867188 521.163757324219 516.996398925781 512.256591796875 508.308349609375 505.152862548828 501.009216308594 497.071929931641 493.607299804688 489.15673828125 485.898162841797 483.984954833984 481.798461914062 480.023284912109 478.807098388672 477.975433349609 477.2431640625 477.052825927734 475.570404052734 474.405242919922 475.020385742188 474.216430664062 474.731109619141 474.939300537109 473.946441650391 473.429504394531 471.700744628906 472.774383544922 473.349761962891 476.19384765625 481.668121337891 487.174652099609 489.056213378906 491.126037597656 490.805084228516
561.074462890625 561.366638183594 560.836547851562 558.762145996094 557.731811523438 557.640991210938 554.653686523438 551.3251953125 548.782287597656 546.431823730469 543.555236816406 540.251098632812 535.578369140625 530.36376953125 527.306030273438 523.776733398438 519.45361328125 513.742919921875 507.933044433594 502.268310546875 498.917541503906 498.827606201172 494.807739257812 489.148712158203 484.294097900391 479.891693115234 477.527160644531 476.430419921875 475.197723388672 473.145385742188 470.261688232422 469.838928222656 469.959869384766 470.142639160156 468.891906738281 467.664154052734 467.802886962891 467.164764404297 467.954895019531 466.309295654297 465.763244628906 466.175079345703 463.298980712891 463.704742431641 465.111145019531 469.247497558594 473.191284179688 480.298431396484 483.200897216797 485.3740234375 485.531494140625
552.926635742188 552.263488769531 552.208618164062 551.055908203125 550.411376953125 549.278747558594 546.18359375 542.335632324219 538.997314453125 535.144714355469 531.758361816406 530.098999023438 525.607177734375 521.372436523438 519.259460449219 515.868469238281 511.087890625 506.320129394531 500.55859375 494.442718505859 491.433441162109 490.113708496094 484.874633789062 479.494689941406 475.288391113281 472.359741210938 471.262115478516 469.951568603516 468.730346679688 466.972686767578 464.125457763672 463.532012939453 462.963073730469 462.404022216797 461.077575683594 459.940856933594 459.423919677734 460.387847900391 459.332397460938 457.9169921875 459.547058105469 458.71484375 455.959991455078 455.744140625 456.971588134766 460.1103515625 465.047241210938 472.789337158203 478.428314208984 481.540466308594 481.646636962891
544.42626953125 545.194946289062 545.623840332031 543.798095703125 542.59130859375 541.326049804688 538.778686523438 535.030700683594 532.647399902344 527.416564941406 524.271423339844 521.401794433594 516.137451171875 512.860534667969 509.235748291016 504.066101074219 499.773651123047 496.139617919922 490.968292236328 486.147216796875 482.882446289062 479.135589599609 473.508483886719 469.106506347656 465.950653076172 463.533843994141 461.427856445312 460.53759765625 462.105133056641 459.947387695312 457.237213134766 454.563415527344 453.872283935547 452.218841552734 451.515777587891 450.677459716797 451.160400390625 451.222869873047 450.959594726562 452.210083007812 452.175354003906 452.402252197266 449.581329345703 447.07421875 448.284393310547 453.050170898438 459.281097412109 465.865447998047 471.811492919922 474.712127685547 478.173583984375
535.945556640625 536.344177246094 535.789428710938 534.200439453125 533.679138183594 531.770263671875 529.969787597656 527.352172851562 523.469299316406 519.270568847656 518.378051757812 512.345458984375 507.896331787109 504.9072265625 501.031707763672 494.530944824219 488.984649658203 484.795318603516 481.374176025391 477.236663818359 472.880950927734 468.471984863281 463.973205566406 460.638702392578 457.759124755859 455.12939453125 453.149627685547 453.895080566406 453.608612060547 450.272399902344 448.413818359375 446.688354492188 446.210662841797 445.248352050781 444.288696289062 443.593536376953 443.281372070312 440.794952392578 442.070343017578 445.119537353516 445.879821777344 445.05615234375 444.61767578125 443.208160400391 444.175689697266 448.118103027344 454.022399902344 459.8564453125 464.453460693359 464.392700195312 468.704345703125
