rasterData/Mali_bio4.asc
NCOLS 198 
NROWS 178 
XLLCORNER -12.264130412 
YLLCORNER 10.140054014 
CELLSIZE 0.0833321619545454 
NODATA_value -3.4e+38 
[rows 110 to 131 of 178, columns 51 to 101 of 198]
-3.4e+38 -3.4e+38 -3.4e+38 -3.4e+38 -3.4e+38 -3.4e+38 -3.4e+38 -3.4e+38 -3.4e+38 -3.4e+38 -3.4e+38 -3.4e+38 -3.4e+38 -3.4e+38 -3.4e+38 -3.4e+38 -3.4e+38 -3.4e+38 -3.4e+38 -3.4e+38 -3.4e+38 -3.4e+38 -3.4e+38 -3.4e+38 -3.4e+38 -3.4e+38 -3.4e+38 -3.4e+38 -3.4e+38 -3.4e+38 -3.4e+38 365.921478271484 362.331176757812 362.267303466797 365.742340087891 367.448974609375 365.660125732422 365.167205810547 363.543792724609 356.208038330078 356.342437744141 351.088745117188 354.353698730469 354.382049560547 349.780120849609 344.54736328125 342.443542480469 338.768981933594 335.824890136719 334.653442382812 332.559722900391
-3.4e+38 -3.4e+38 -3.4e+38 -3.4e+38 -3.4e+38 -3.4e+38 -3.4e+38 -3.4e+38 -3.4e+38 -3.4e+38 -3.4e+38 -3.4e+38 -3.4e+38 -3.4e+38 -3.4e+38 -3.4e+38 -3.4e+38 -3.4e+38 -3.4e+38 -3.4e+38 -3.4e+38 -3.4e+38 -3.4e+38 -3.4e+38 -3.4e+38 -3.4e+38 -3.4e+38 -3.4e+38 -3.4e+38 -3.4e+38 361.100280761719 363.492462158203 362.113067626953 362.576354980469 364.567321777344 362.185577392578 362.471343994141 364.983215332031 365.004547119141 360.615661621094 359.527160644531 357.778106689453 355.900207519531 353.367034912109 347.079345703125 345.088684082031 341.891937255859 337.970764160156 334.783905029297 332.310241699219 331.497009277344
-3.4e+38 -3.4e+38 -3.4e+38 -3.4e+38 -3.4e+38 -3.4e+38 -3.4e+38 -3.4e+38 -3.4e+38 -3.4e+38 -3.4e+38 -3.4e+38 -3.4e+38 -3.4e+38 -3.4e+38 -3.4e+38 -3.4e+38 -3.4e+38 -3.4e+38 -3.4e+38 -3.4e+38 -3.4e+38 -3.4e+38 -3.4e+38 -3.4e+38 -3.4e+38 -3.4e+38 -3.4e+38 -3.4e+38 -3.4e+38 357.563323974609 359.884796142578 360.68115234375 359.256378173828 358.402008056641 359.692840576172 360.63525390625 361.668548583984 360.916107177734 360.061248779297 357.72509765625 356.182312011719 353.307373046875 349.914825439453 344.30322265625 342.415100097656 340.463684082031 337.076049804688 332.941589355469 330.949737548828 330.486114501953
-3.4e+38 -3.4e+38 -3.4e+38 -3.4e+38 -3.4e+38 -3.4e+38 -3.4e+38 -3.4e+38 -3.4e+38 -3.4e+38 -3.4e+38 -3.4e+38 -3.4e+38 -3.4e+38 -3.4e+38 -3.4e+38 -3.4e+38 -3.4e+38 -3.4e+38 -3.4e+38 -3.4e+38 -3.4e+38 -3.4e+38 -3.4e+38 -3.4e+38 -3.4e+38 -3.4e+38 -3.4e+38 -3.4e+38 -3.4e+38 355.637786865234 355.697113037109 355.9658203125 356.072143554688 357.221527099609 358.929016113281 359.478607177734 359.356018066406 357.471984863281 355.924530029297 355.110229492188 353.615966796875 353.018249511719 350.518096923828 342.770202636719 339.666625976562 338.025421142578 336.319274902344 332.385589599609 327.236572265625 328.711059570312
354.871002197266 356.161956787109 355.255920410156 355.796600341797 358.2998046875 359.536804199219 362.181518554688 363.473358154297 364.787506103516 364.567749023438 364.725921630859 363.574645996094 363.718719482422 360.487487792969 361.424285888672 361.221221923828 356.130920410156 355.544219970703 357.230377197266 356.404663085938 357.246185302734 358.855682373047 359.838684082031 361.613555908203 360.048553466797 360.426300048828 360.831634521484 360.329223632812 359.086944580078 358.525299072266 355.508697509766 356.086639404297 356.581604003906 355.428527832031 357.039703369141 358.938903808594 358.047790527344 355.843994140625 354.995269775391 353.389526367188 352.130706787109 351.818481445312 350.687408447266 349.575439453125 342.104431152344 340.000671386719 337.208526611328 336.706817626953 332.416198730469 328.227783203125 328.095703125
351.156036376953 352.944793701172 354.059417724609 353.333953857422 355.502349853516 358.714477539062 360.970703125 363.539947509766 365.175231933594 363.028961181641 361.324859619141 361.790496826172 359.931274414062 358.238861083984 359.226959228516 355.958099365234 354.545318603516 353.363037109375 353.605499267578 355.473022460938 354.212951660156 355.059722900391 355.006774902344 358.556640625 357.381164550781 356.965423583984 356.903015136719 357.476013183594 357.769256591797 355.347198486328 354.133117675781 354.502899169922 355.743103027344 354.667449951172 355.252899169922 355.609649658203 355.075531005859 354.047790527344 353.046600341797 351.512054443359 350.634429931641 350.715515136719 351.231842041016 348.618499755859 344.376922607422 343.304107666016 341.085693359375 335.380859375 334.347839355469 331.514221191406 330.366851806641
347.187622070312 348.23486328125 349.666320800781 351.224456787109 355.108856201172 355.137908935547 356.501525878906 359.162658691406 359.619873046875 359.417449951172 358.001647949219 356.550811767578 356.068298339844 356.270568847656 355.991149902344 355.223388671875 354.415496826172 351.726806640625 350.244018554688 352.441345214844 351.927642822266 353.05419921875 353.992553710938 354.297119140625 352.661956787109 352.114776611328 352.964965820312 352.631469726562 351.940307617188 351.017761230469 351.736846923828 350.954711914062 351.879760742188 352.867858886719 353.151062011719 351.914459228516 351.073822021484 350.186553955078 350.183959960938 350.689575195312 350.797393798828 349.722198486328 351.887451171875 354.271179199219 352.547912597656 344.601837158203 341.727264404297 330.026611328125 334.868499755859 333.677124023438 322.955841064453
343.370269775391 345.939910888672 346.848754882812 346.411193847656 349.410430908203 350.953491210938 352.092559814453 355.802368164062 359.710083007812 357.868469238281 354.589691162109 354.225769042969 352.224426269531 351.60302734375 350.021667480469 349.298645019531 351.887725830078 349.798004150391 350.417633056641 350.764556884766 348.884582519531 348.105712890625 348.656860351562 348.248199462891 347.819396972656 348.152069091797 348.991943359375 349.555358886719 348.837127685547 349.325164794922 351.083251953125 349.743865966797 348.906188964844 349.413543701172 350.451812744141 348.709655761719 348.242614746094 347.796813964844 348.721496582031 349.602111816406 353.7705078125 352.845642089844 351.484832763672 359.314514160156 349.761993408203 344.656677246094 347.855987548828 339.771667480469 333.629821777344 330.197052001953 324.991363525391
337.83837890625 341.313629150391 343.038177490234 340.254425048828 342.058166503906 346.763610839844 349.358093261719 351.369964599609 353.517456054688 351.092590332031 350.375030517578 350.646270751953 348.457641601562 348.031829833984 346.338592529297 346.349304199219 348.699584960938 348.217956542969 347.638793945312 347.56982421875 347.409881591797 346.050018310547 346.446990966797 348.260528564453 349.319763183594 348.184234619141 348.424346923828 348.316467285156 348.574981689453 349.541931152344 349.710052490234 348.770538330078 348.252502441406 347.298431396484 347.430786132812 347.133544921875 345.983093261719 345.529174804688 346.862976074219 350.079132080078 355.923583984375 355.430358886719 354.178527832031 358.064880371094 355.622833251953 346.816192626953 340.545318603516 340.614532470703 337.38671875 328.323364257812 321.061798095703
334.558502197266 337.642059326172 337.293701171875 335.169097900391 339.486236572266 342.124206542969 340.504425048828 343.230651855469 345.508026123047 343.622253417969 343.785980224609 343.473266601562 342.056396484375 342.655792236328 344.697570800781 346.052276611328 346.49267578125 345.501892089844 343.572387695312 341.891387939453 342.170013427734 343.409759521484 343.755889892578 346.508026123047 347.124725341797 345.677185058594 345.791595458984 346.345001220703 347.472076416016 348.100769042969 344.189514160156 344.126220703125 344.404968261719 343.491363525391 343.781372070312 344.808746337891 344.192260742188 344.807708740234 349.281219482422 354.171356201172 357.979522705078 360.919921875 359.937286376953 359.660308837891 351.595245361328 338.037841796875 334.88134765625 337.148376464844 338.884887695312 327.675964355469 319.79296875
330.746490478516 330.897094726562 332.292419433594 334.459259033203 334.890045166016 335.389923095703 335.271423339844 337.782379150391 338.688934326172 337.114959716797 338.317810058594 337.064361572266 336.808227539062 336.648651123047 338.420532226562 342.529266357422 342.178527832031 341.455322265625 340.690643310547 340.031341552734 339.55419921875 338.783752441406 340.548919677734 339.923461914062 340.057769775391 341.579132080078 340.125457763672 341.357116699219 341.541229248047 341.623321533203 341.443145751953 342.05615234375 342.089294433594 341.265075683594 341.801818847656 341.973876953125 342.364166259766 342.779632568359 351.920349121094 360.991088867188 360.272888183594 367.098907470703 366.616088867188 356.004943847656 345.679534912109 333.951019287109 332.187255859375 337.070343017578 339.009979248047 328.338043212891 320.329498291016
326.202514648438 326.338928222656 327.473815917969 328.417602539062 328.451080322266 328.823852539062 329.935241699219 329.834014892578 330.285308837891 332.089263916016 334.641357421875 334.898345947266 332.887634277344 334.547790527344 335.676788330078 338.446563720703 338.669067382812 337.919799804688 338.367156982422 338.461547851562 337.533843994141 339.530242919922 342.396087646484 335.815704345703 335.349517822266 339.391387939453 339.302368164062 340.210754394531 339.615509033203 339.935638427734 340.499176025391 340.152099609375 339.684997558594 339.1396484375 339.90625 339.656280517578 338.938934326172 339.447906494141 349.37060546875 357.379211425781 359.572906494141 358.383056640625 357.418914794922 351.191345214844 339.723999023438 333.347412109375 334.646575927734 337.133087158203 334.320770263672 321.726867675781 315.818695068359
324.197174072266 322.119873046875 320.81005859375 322.054565429688 323.731750488281 324.468933105469 323.935729980469 323.401641845703 324.480285644531 327.411865234375 330.341247558594 330.963623046875 328.934753417969 330.019775390625 331.857482910156 331.79296875 333.523864746094 334.681915283203 338.187683105469 338.462615966797 340.218505859375 341.822418212891 342.890838623047 334.265411376953 335.273498535156 338.100158691406 339.021606445312 339.209991455078 337.768798828125 337.953186035156 338.150482177734 337.885223388672 336.465850830078 337.883361816406 337.620422363281 337.282867431641 337.185333251953 339.057678222656 345.782623291016 352.382446289062 350.892791748047 350.79638671875 358.116333007812 357.779052734375 340.375518798828 334.037536621094 336.609375 336.133483886719 335.21484375 317.171508789062 310.419219970703
315.277557373047 314.607696533203 315.371643066406 317.400085449219 317.940826416016 317.960876464844 317.866973876953 317.833648681641 319.134765625 321.390625 323.204650878906 325.749542236328 324.990356445312 326.193389892578 328.145568847656 329.020172119141 330.485260009766 331.920349121094 333.385925292969 337.303680419922 338.548126220703 339.996154785156 339.379272460938 333.983551025391 336.625701904297 337.9150390625 337.209411621094 337.569274902344 336.937896728516 335.679412841797 335.082733154297 334.411895751953 334.769592285156 335.172241210938 335.393096923828 335.674835205078 335.866607666016 345.789764404297 356.787658691406 353.235778808594 354.649261474609 357.133056640625 361.114013671875 358.126586914062 339.878845214844 336.900207519531 333.742767333984 330.151641845703 326.950744628906 313.380462646484 306.784301757812
311.205352783203 307.784118652344 309.682281494141 311.954742431641 311.622833251953 310.907562255859 311.337615966797 311.852813720703 312.794830322266 313.843811035156 318.447204589844 318.243988037109 319.270324707031 318.594024658203 323.090911865234 327.367797851562 326.111175537109 326.401306152344 330.356292724609 333.718658447266 336.755615234375 340.261138916016 339.638519287109 333.140472412109 333.458312988281 335.466827392578 334.630249023438 334.570007324219 334.344573974609 333.592681884766 333.123352050781 332.071319580078 334.220733642578 334.013549804688 333.44384765625 332.491790771484 333.31201171875 352.991851806641 349.205718994141 352.081420898438 352.586730957031 358.229156494141 358.5341796875 349.066741943359 334.228698730469 333.519927978516 337.356597900391 323.170379638672 318.454528808594 312.879486083984 308.437255859375
308.858337402344 305.884429931641 304.704681396484 306.547241210938 306.743103027344 307.521087646484 307.834838867188 307.106292724609 304.323822021484 309.157348632812 312.987823486328 314.592102050781 316.492065429688 314.211944580078 316.612335205078 318.898345947266 320.551147460938 324.560577392578 328.221496582031 329.765258789062 332.299591064453 334.640228271484 335.622833251953 330.485382080078 327.369750976562 330.609161376953 330.611572265625 331.430999755859 331.379791259766 330.856018066406 330.654174804688 330.646423339844 332.166351318359 330.872711181641 330.280120849609 331.306213378906 332.927124023438 344.222320556641 346.461639404297 351.939178466797 351.892150878906 352.956787109375 349.650939941406 336.381988525391 334.055206298828 335.630676269531 332.373413085938 320.176544189453 317.148498535156 314.356994628906 310.095672607422
303.982666015625 303.181457519531 302.287658691406 301.144012451172 301.689971923828 301.217712402344 298.421356201172 299.728118896484 304.249114990234 306.082183837891 306.551910400391 310.156311035156 310.689361572266 310.335052490234 310.855804443359 313.422119140625 317.267883300781 321.575897216797 325.737487792969 327.716735839844 331.183563232422 332.459259033203 333.860778808594 324.326049804688 316.008666992188 322.593414306641 329.393981933594 329.915679931641 328.607971191406 329.135772705078 328.218597412109 328.240905761719 327.557250976562 326.861328125 327.506286621094 327.646270751953 329.485748291016 341.375396728516 344.513641357422 347.082061767578 349.240844726562 352.049407958984 343.655792236328 337.9404296875 331.696502685547 334.927215576172 333.044769287109 316.357269287109 314.094207763672 313.839385986328 310.254608154297
301.027313232422 299.0302734375 296.220672607422 297.278198242188 297.489685058594 295.441009521484 297.617980957031 299.562438964844 300.806365966797 300.591186523438 304.449493408203 305.040374755859 306.795501708984 305.374908447266 307.115234375 311.117645263672 314.215881347656 316.708526611328 320.916625976562 323.338226318359 326.000946044922 330.121917724609 331.618835449219 322.342559814453 312.137176513672 321.251098632812 327.178344726562 327.957946777344 329.357635498047 328.412414550781 326.697967529297 324.604705810547 324.407379150391 323.555603027344 323.43359375 322.472961425781 327.993072509766 339.003265380859 338.244354248047 338.634735107422 345.793914794922 346.054779052734 336.535034179688 334.824005126953 336.286590576172 336.481567382812 329.322448730469 313.967681884766 312.950347900391 314.710144042969 311.767059326172
296.376953125 295.981323242188 294.095703125 293.344116210938 293.753875732422 292.697692871094 294.895111083984 290.427093505859 294.165161132812 294.373626708984 297.657104492188 299.074432373047 302.115905761719 301.103576660156 303.064147949219 305.541015625 310.348815917969 312.767761230469 313.722137451172 316.373199462891 320.211059570312 323.852325439453 327.560272216797 313.874267578125 312.587371826172 322.267700195312 324.162536621094 326.521575927734 327.147552490234 325.954254150391 322.848663330078 321.571685791016 320.787170410156 321.928161621094 321.266632080078 320.187347412109 323.127288818359 330.327667236328 331.596221923828 331.112457275391 338.515777587891 332.910217285156 329.383758544922 333.849029541016 338.677520751953 332.067840576172 325.195495605469 314.560302734375 310.661712646484 310.820068359375 311.283233642578
286.754364013672 286.309967041016 288.491363525391 285.702026367188 287.601745605469 288.641387939453 289.908325195312 287.704620361328 289.099060058594 290.69921875 295.069519042969 295.699523925781 298.235748291016 297.878448486328 301.982635498047 304.040130615234 306.959716796875 309.699279785156 312.559539794922 314.836486816406 317.977294921875 320.385864257812 323.293395996094 308.704162597656 312.010070800781 320.611206054688 322.443145751953 324.346130371094 323.099334716797 321.316162109375 319.673431396484 316.985778808594 317.340942382812 319.045104980469 318.697509765625 317.398132324219 319.826721191406 321.143463134766 322.921905517578 326.632629394531 330.328216552734 331.514801025391 327.282043457031 336.004302978516 332.513824462891 329.12890625 319.856353759766 312.315002441406 309.557769775391 309.620910644531 311.129821777344
279.454345703125 282.708374023438 286.197631835938 281.551574707031 282.896301269531 285.219604492188 283.956604003906 285.453735351562 285.363616943359 289.066040039062 292.520263671875 294.387847900391 295.66455078125 296.969757080078 296.932800292969 298.674926757812 303.2314453125 306.865783691406 309.108123779297 309.757751464844 312.688842773438 315.634674072266 316.348754882812 309.227661132812 315.867553710938 319.077362060547 319.926971435547 319.457580566406 319.033782958984 316.942657470703 314.9765625 314.203002929688 315.312774658203 314.719665527344 314.353790283203 313.499755859375 315.34619140625 318.967742919922 327.161682128906 335.338836669922 335.121246337891 331.790283203125 323.77783203125 324.033630371094 324.994842529297 323.591156005859 316.429412841797 308.989776611328 308.163665771484 307.774475097656 308.317199707031
277.399993896484 278.577484130859 278.226776123047 276.326904296875 277.206634521484 278.625762939453 278.202239990234 279.73681640625 283.1318359375 287.726165771484 290.434234619141 291.937469482422 292.514038085938 292.794342041016 293.926513671875 294.058013916016 297.878356933594 300.591094970703 302.20361328125 302.934478759766 306.238037109375 310.070526123047 305.486785888672 306.280212402344 310.944885253906 313.694549560547 315.319885253906 314.984771728516 311.899841308594 307.671966552734 307.057708740234 308.2158203125 311.240844726562 310.457397460938 311.688385009766 310.214141845703 309.89404296875 313.423828125 321.034454345703 327.991058349609 331.450622558594 331.114288330078 321.551696777344 320.312591552734 320.618835449219 318.003021240234 312.098114013672 311.329986572266 310.678985595703 309.554473876953 307.067901611328
