rasterData/Mali_bio4.asc
NCOLS 198 
NROWS 178 
XLLCORNER -12.264130412 
YLLCORNER 10.140054014 
CELLSIZE 0.0833321619545454 
NODATA_value -3.4e+38 
[rows 88 to 109 of 178, columns 102 to 152 of 198]
526.030029296875 524.763916015625 524.616577148438 523.508361816406 523.241821289062 522.119750976562 519.831665039062 517.720642089844 515.089477539062 512.846252441406 509.551147460938 502.464019775391 499.295501708984 496.581268310547 492.492401123047 486.562561035156 481.452789306641 477.521148681641 474.047912597656 468.664001464844 463.730255126953 459.492523193359 455.627593994141 452.756317138672 452.718109130859 449.407257080078 447.645233154297 447.313262939453 445.939117431641 443.409729003906 441.780517578125 440.438537597656 438.487213134766 438.165191650391 437.216888427734 437.0224609375 436.362457275391 433.273773193359 435.059997558594 437.546447753906 438.275329589844 437.472900390625 435.997009277344 435.590850830078 438.270050048828 444.012603759766 449.329223632812 449.912109375 452.659088134766 457.528564453125 463.989624023438
516.119750976562 515.355712890625 516.114868164062 514.845336914062 514.237182617188 513.370483398438 511.621826171875 509.844635009766 507.245574951172 504.116546630859 499.991271972656 494.499267578125 491.18896484375 486.622436523438 482.282012939453 477.802612304688 473.052795410156 468.927612304688 465.372161865234 461.511505126953 455.373718261719 450.606964111328 447.017028808594 443.232116699219 440.770294189453 438.805969238281 438.248229980469 437.808227539062 436.084442138672 434.137237548828 431.896911621094 430.968170166016 430.103576660156 429.649749755859 428.783020019531 427.73095703125 427.070129394531 426.307983398438 427.259887695312 428.450531005859 428.67333984375 429.789245605469 429.500915527344 427.110290527344 428.517761230469 432.803802490234 439.314758300781 440.603607177734 444.050170898438 450.248504638672 458.636749267578
506.693725585938 507.454376220703 509.11328125 507.392211914062 505.463592529297 504.517486572266 502.653839111328 500.26123046875 496.346252441406 492.928039550781 490.439910888672 487.194946289062 484.537841796875 479.711090087891 475.7255859375 470.445434570312 465.229949951172 461.301208496094 457.355529785156 452.289428710938 448.544403076172 445.455963134766 440.464477539062 435.510284423828 433.025329589844 429.536987304688 428.613311767578 429.639038085938 428.026885986328 425.000793457031 422.934539794922 422.676513671875 423.062561035156 422.587280273438 421.112518310547 420.833770751953 421.037719726562 419.625762939453 419.287353515625 420.83447265625 422.685241699219 423.409271240234 425.10693359375 425.347259521484 425.452331542969 426.726806640625 429.831878662109 430.761138916016 436.566375732422 442.798065185547 448.38134765625
498.819793701172 498.830749511719 498.668579101562 498.3251953125 496.599884033203 497.084564208984 495.608764648438 492.236541748047 488.048034667969 485.292572021484 483.660400390625 478.00439453125 477.491119384766 474.435607910156 468.800445556641 462.281188964844 458.444549560547 455.251281738281 450.709228515625 445.839721679688 441.265472412109 436.416595458984 431.511077880859 427.162353515625 425.240509033203 421.370513916016 421.225128173828 420.087493896484 416.980010986328 414.869171142578 411.960571289062 414.888977050781 415.539703369141 415.376739501953 414.530029296875 415.284484863281 412.804046630859 414.256072998047 413.738189697266 415.070709228516 416.922515869141 417.808715820312 420.955963134766 423.123413085938 422.800811767578 420.956939697266 423.029663085938 423.256408691406 429.230438232422 433.872863769531 438.198852539062
488.894744873047 489.700775146484 490.255523681641 489.720153808594 488.57568359375 488.92431640625 487.910827636719 484.756622314453 483.504547119141 481.300689697266 477.546356201172 474.333709716797 470.721984863281 466.33154296875 461.555297851562 456.858673095703 452.166687011719 447.809509277344 442.747772216797 437.615051269531 432.714172363281 426.80078125 422.397369384766 418.858093261719 418.761077880859 417.204345703125 413.295104980469 409.601898193359 405.529144287109 404.300689697266 403.7080078125 407.396453857422 408.735992431641 409.205169677734 408.687133789062 408.569183349609 405.350372314453 407.385375976562 407.250061035156 408.769012451172 410.903503417969 412.764678955078 415.204376220703 416.630767822266 418.910095214844 420.609069824219 420.908325195312 421.002807617188 422.510498046875 425.986907958984 433.199554443359
480.669097900391 481.728302001953 484.344879150391 482.286376953125 480.603363037109 480.565612792969 480.144653320312 479.0419921875 478.082885742188 476.225830078125 472.403289794922 469.063140869141 465.152557373047 459.818084716797 455.732818603516 450.558715820312 444.525268554688 441.011993408203 436.031494140625 431.287689208984 425.984588623047 419.300079345703 415.004425048828 412.101867675781 412.595977783203 410.835296630859 405.194061279297 398.227386474609 395.251037597656 395.102172851562 395.613433837891 398.915649414062 402.099853515625 403.906829833984 402.362396240234 401.282745361328 401.70361328125 402.034240722656 401.816741943359 402.424072265625 405.337249755859 407.574920654297 408.078826904297 410.7744140625 413.143280029297 414.566101074219 416.262542724609 416.651336669922 418.060455322266 423.019500732422 427.704833984375
471.701049804688 472.455139160156 473.957214355469 473.704193115234 472.417388916016 472.348083496094 474.151000976562 474.17236328125 473.651733398438 470.14697265625 466.730560302734 463.1083984375 459.128387451172 455.171081542969 449.147521972656 443.956909179688 438.516967773438 434.077178955078 429.194000244141 423.385406494141 417.177429199219 411.654632568359 407.384002685547 404.380218505859 402.73828125 400.091705322266 395.116577148438 391.551666259766 390.027221679688 387.7109375 387.582092285156 389.272064208984 394.656799316406 396.517761230469 396.607269287109 396.42431640625 397.255340576172 397.679321289062 397.171417236328 398.896728515625 400.778411865234 402.222778320312 403.117462158203 405.419219970703 407.363403320312 409.99169921875 410.347625732422 411.805267333984 414.363342285156 419.678771972656 425.197540283203
462.734283447266 463.515197753906 465.042846679688 465.041381835938 465.879699707031 467.1103515625 467.918731689453 467.786956787109 469.166595458984 467.151641845703 464.726959228516 462.791107177734 457.544738769531 450.785919189453 444.917358398438 440.218170166016 433.280303955078 428.499572753906 423.849884033203 416.844512939453 411.249633789062 405.498626708984 400.1826171875 396.925659179688 394.66064453125 389.756866455078 387.087219238281 385.279113769531 382.731201171875 382.622467041016 380.897186279297 381.303649902344 385.026611328125 388.979827880859 391.452423095703 389.484924316406 389.811462402344 389.673675537109 392.169128417969 394.085601806641 394.801391601562 395.405059814453 396.192504882812 400.369415283203 403.637298583984 408.362548828125 411.589721679688 411.881866455078 412.241302490234 416.396850585938 419.784118652344
447.114624023438 453.738922119141 455.651123046875 457.3154296875 460.313171386719 463.194946289062 465.443267822266 466.069732666016 467.083282470703 466.593322753906 463.192596435547 458.222442626953 452.970886230469 445.955322265625 441.529510498047 437.15283203125 430.189788818359 423.561218261719 418.677062988281 412.675079345703 405.551788330078 396.470489501953 390.119140625 385.971313476562 387.75048828125 386.678741455078 383.680725097656 380.12158203125 377.673767089844 378.055023193359 377.657012939453 381.697906494141 380.913513183594 382.565460205078 384.480987548828 382.85009765625 379.725219726562 381.497497558594 386.682098388672 387.053100585938 384.723388671875 387.62548828125 391.397094726562 396.563354492188 399.820526123047 402.423645019531 404.545867919922 403.959991455078 404.707427978516 407.972015380859 413.404113769531
431.908508300781 442.838500976562 439.169830322266 447.260131835938 453.398864746094 457.183563232422 460.870635986328 464.193878173828 465.775543212891 464.829010009766 460.453918457031 452.479034423828 447.502960205078 443.603363037109 439.061401367188 432.214263916016 424.064483642578 415.208129882812 407.722412109375 401.875823974609 394.776336669922 389.061920166016 386.395874023438 386.359619140625 384.674865722656 381.957122802734 376.928680419922 373.964050292969 373.401397705078 374.144775390625 375.159851074219 375.224975585938 376.111297607422 376.289916992188 377.224395751953 378.983032226562 379.782897949219 381.966857910156 384.398468017578 384.685150146484 379.900604248047 380.888854980469 386.091888427734 391.140655517578 395.476135253906 398.159820556641 399.307495117188 399.064544677734 400.747344970703 402.865478515625 407.254272460938
425.837585449219 435.5859375 430.234283447266 437.624694824219 445.583404541016 451.491882324219 454.575805664062 457.828369140625 461.326324462891 462.255462646484 454.114868164062 447.094451904297 442.903991699219 436.553833007812 428.317413330078 420.927703857422 413.383911132812 408.125793457031 404.418762207031 398.647796630859 392.839691162109 388.84326171875 385.001831054688 382.839477539062 380.396148681641 377.629608154297 374.630249023438 372.5224609375 372.52294921875 371.390472412109 372.218231201172 372.613677978516 373.716278076172 374.01025390625 374.207244873047 374.218811035156 374.701751708984 375.844329833984 379.046295166016 380.911315917969 379.215606689453 378.631042480469 385.361206054688 386.787689208984 391.839263916016 395.876953125 395.700988769531 394.561981201172 395.626953125 398.711120605469 400.272979736328
417.6064453125 419.713073730469 424.973388671875 430.462188720703 436.888610839844 442.289581298828 446.377502441406 450.673797607422 452.533264160156 450.822967529297 440.535888671875 432.729583740234 428.908050537109 423.691192626953 418.864135742188 416.615417480469 412.618621826172 408.024261474609 402.473297119141 396.850952148438 391.423065185547 387.325927734375 384.157867431641 378.390411376953 378.796997070312 377.939239501953 375.691528320312 372.126739501953 369.295318603516 370.661163330078 369.624694824219 370.746978759766 370.854248046875 373.155487060547 372.921813964844 372.031616210938 371.832336425781 372.694854736328 375.476684570312 377.031951904297 377.118621826172 377.795379638672 384.654876708984 385.328277587891 386.473907470703 389.961151123047 388.8564453125 389.131439208984 390.386077880859 395.232452392578 398.997039794922
402.290649414062 409.691345214844 416.143890380859 421.625061035156 425.729949951172 429.567260742188 437.092224121094 442.770233154297 442.898742675781 438.51025390625 431.607818603516 426.550750732422 424.105407714844 420.157836914062 415.475219726562 410.464721679688 404.456634521484 399.821868896484 394.899017333984 392.249603271484 390.331787109375 386.258453369141 381.047302246094 376.703979492188 372.652008056641 372.817565917969 373.273376464844 369.204681396484 364.466949462891 365.46044921875 367.4140625 365.849975585938 367.344329833984 367.577667236328 369.501129150391 371.002838134766 370.138336181641 370.962951660156 371.903717041016 374.127685546875 375.932495117188 376.838317871094 381.899139404297 383.913208007812 382.690551757812 384.438507080078 385.756896972656 385.67431640625 385.97607421875 390.331207275391 393.869079589844
393.392883300781 400.918731689453 406.987091064453 410.241058349609 416.265777587891 418.329956054688 422.673492431641 425.895843505859 433.658660888672 430.798492431641 426.869873046875 423.193908691406 417.721832275391 412.415344238281 407.283264160156 404.026672363281 399.906677246094 396.309020996094 392.751068115234 391.283813476562 386.1748046875 384.619781494141 382.559875488281 377.551910400391 373.648406982422 371.682922363281 371.982055664062 368.501007080078 363.433898925781 361.275848388672 365.180023193359 365.349395751953 363.436859130859 365.843902587891 366.456298828125 366.657501220703 367.439636230469 368.922027587891 369.480377197266 371.887817382812 376.470855712891 378.563171386719 377.669464111328 383.095306396484 380.754302978516 381.378662109375 383.808624267578 383.450744628906 384.923156738281 387.972503662109 391.225006103516
382.490844726562 391.188903808594 398.955322265625 402.015960693359 406.686737060547 409.671966552734 410.476135253906 411.802795410156 417.754302978516 419.212371826172 416.649017333984 412.986358642578 408.340728759766 404.399658203125 402.557769775391 399.685943603516 394.459136962891 389.284088134766 388.960266113281 387.674530029297 379.793792724609 381.993133544922 379.456756591797 374.028259277344 370.970611572266 370.766723632812 368.937866210938 366.163879394531 362.995910644531 359.588684082031 361.122039794922 363.458862304688 361.109619140625 362.431884765625 365.163116455078 363.702758789062 366.652740478516 368.482543945312 369.900329589844 371.699462890625 373.165557861328 377.96923828125 377.779693603516 375.441711425781 380.826324462891 380.282867431641 382.006072998047 382.136688232422 381.486785888672 383.455230712891 384.276947021484
377.519927978516 386.389953613281 390.42333984375 394.972930908203 398.838775634766 398.296813964844 399.7666015625 403.884796142578 406.631256103516 407.360382080078 405.439056396484 403.236511230469 400.624053955078 397.456909179688 395.000915527344 391.805999755859 388.503631591797 385.151641845703 385.013305664062 383.112854003906 376.84814453125 373.722412109375 375.204711914062 372.462585449219 368.080352783203 366.794982910156 366.623901367188 363.867706298828 363.169738769531 359.944763183594 358.342559814453 358.401123046875 359.490875244141 358.840728759766 360.569549560547 361.066467285156 363.229278564453 364.885498046875 366.105346679688 367.925659179688 370.871246337891 373.546447753906 377.207122802734 377.2841796875 381.851043701172 379.318054199219 379.337249755859 378.970367431641 376.810363769531 376.908752441406 377.606750488281
361.451599121094 375.472198486328 382.838653564453 386.673095703125 387.199920654297 388.253814697266 392.322784423828 395.47021484375 396.582763671875 397.811859130859 395.403594970703 393.901611328125 393.364013671875 390.078948974609 388.375091552734 385.716522216797 384.181579589844 381.861877441406 379.956176757812 377.466156005859 375.457916259766 369.106750488281 370.603302001953 366.163208007812 363.848266601562 363.524780273438 364.074371337891 363.585906982422 363.034484863281 359.440826416016 357.072692871094 356.555877685547 355.683074951172 356.403289794922 358.125549316406 357.873352050781 360.917999267578 362.544738769531 362.168243408203 364.34814453125 368.074951171875 370.728820800781 373.924224853516 375.866729736328 381.468536376953 378.835418701172 375.751647949219 374.452880859375 373.0009765625 372.575744628906 373.720520019531
361.711242675781 371.178527832031 376.286590576172 377.191101074219 379.554443359375 383.571411132812 384.814575195312 385.919952392578 387.201812744141 388.064056396484 387.209503173828 387.147247314453 385.977355957031 383.659637451172 383.630920410156 379.209289550781 379.583374023438 379.262664794922 376.043823242188 374.313262939453 373.011627197266 370.542327880859 368.412048339844 364.106231689453 362.448638916016 363.500915527344 364.611297607422 362.576965332031 360.740600585938 359.552429199219 355.584716796875 355.269744873047 354.214599609375 354.784606933594 356.575408935547 356.157928466797 357.553314208984 358.783264160156 360.977416992188 362.876220703125 364.567626953125 368.266418457031 370.517822265625 373.390777587891 374.315704345703 373.819091796875 372.079864501953 370.868774414062 368.291168212891 366.822723388672 368.321594238281
358.691986083984 362.931640625 364.213928222656 366.811065673828 373.484283447266 376.380798339844 374.653015136719 376.298156738281 380.508850097656 381.519317626953 380.677337646484 379.718200683594 378.43701171875 378.780578613281 377.605834960938 376.341613769531 374.724884033203 374.944519042969 373.275115966797 369.760070800781 369.418762207031 369.524291992188 365.754669189453 363.821228027344 363.374389648438 364.362945556641 362.288696289062 360.466430664062 359.265319824219 359.255523681641 358.569152832031 354.864440917969 353.128326416016 351.475494384766 353.772644042969 353.042114257812 353.480438232422 355.837890625 358.338195800781 361.366058349609 363.881927490234 364.793426513672 367.560607910156 370.806762695312 369.462158203125 367.644012451172 368.730865478516 367.931610107422 364.107177734375 363.587951660156 363.811279296875
354.180633544922 356.69580078125 357.045227050781 361.128265380859 364.866271972656 367.08544921875 367.307281494141 369.915496826172 373.763610839844 375.295166015625 375.741455078125 375.265686035156 378.072967529297 376.361358642578 370.825927734375 371.41943359375 371.774261474609 368.507385253906 370.003692626953 367.079437255859 365.604431152344 366.825958251953 364.852783203125 363.797546386719 360.016906738281 358.322021484375 357.923767089844 356.837005615234 355.975952148438 356.141784667969 355.154296875 354.543548583984 354.140808105469 352.692016601562 352.115600585938 354.927459716797 353.353790283203 354.06005859375 354.888366699219 356.393493652344 357.457641601562 360.159423828125 360.068878173828 362.671142578125 363.823638916016 364.114593505859 366.923217773438 360.92724609375 358.396453857422 359.758483886719 359.229339599609
348.870239257812 349.660186767578 351.848022460938 352.408477783203 353.265960693359 358.006439208984 361.709136962891 362.771209716797 365.155395507812 367.557678222656 368.365692138672 369.914184570312 371.101409912109 369.919738769531 369.232604980469 369.544372558594 369.022766113281 366.810424804688 365.232849121094 362.6103515625 362.45654296875 363.445770263672 362.004638671875 360.548645019531 359.806091308594 356.891906738281 357.841339111328 356.795593261719 352.683624267578 352.263488769531 350.102813720703 351.105346679688 351.787536621094 353.525207519531 351.929168701172 350.997009277344 351.770141601562 353.946502685547 353.189270019531 352.044311523438 353.40087890625 355.028472900391 355.43359375 354.833892822266 357.750854492188 356.249420166016 357.25 355.182952880859 353.846069335938 352.084808349609 352.777709960938
340.958038330078 343.388153076172 344.696563720703 348.143463134766 350.587890625 353.416931152344 356.29638671875 358.483215332031 360.276947021484 364.576812744141 368.627014160156 366.275756835938 367.023986816406 362.822479248047 362.967254638672 364.888916015625 364.059448242188 363.282836914062 360.958953857422 360.042175292969 360.877136230469 361.396881103516 357.763549804688 358.251617431641 359.985778808594 359.589447021484 359.152740478516 356.739898681641 352.341766357422 351.047668457031 351.940582275391 350.441955566406 349.2666015625 350.398315429688 349.710021972656 345.601196289062 346.229644775391 349.685333251953 348.932098388672 350.074310302734 352.032592773438 351.107299804688 350.611236572266 351.664184570312 351.020233154297 349.068206787109 349.406829833984 348.527618408203 348.64892578125 346.653686523438 345.364227294922
