rasterData/Mauritania_CLYPPT_M_sl2_250m_ll.asc
NCOLS 147 
NROWS 151 
XLLCORNER -17.077428344 
YLLCORNER 14.734398972 
CELLSIZE 0.0833728927006803 
NODATA_value -9999 
[rows 72 to 95 of 151, columns 54 to 107 of 147]
5.50074334369432 13.4412758480829 6.28375456142739 8 3.82024597918682 13.3368022705726 18.5677794296531 21.6659007974035 19.8178807947012 17.3270712258425 17.9665495337206 11.4239086362998 22.947965941343 21.0819705365588 32.7530071631292 31.1672523313967 15.8791052844978 14.9740505473709 8.36795512907316 6 7 7.00743343695094 5.05007433436794 4.23401811055593 2.70989322881783 1.96263008514549 3 1 2.51898905257384 1.81788079470124 2.18360589268741 4.59940532504532 4.18211920529876 3.92194891201455 3.56750912285429 4 1.40268955264227 3 6.24651979997209 5.74658737666951 2.4422894985826 6 5.2483443708605 4.41356940127003 5.91079875658835 6.82903095012765 2.01689417488924 3.92194891201486 7.9575618326804 3.29213407217384 2.14724962832971 5.06318421408324 4.14441140694587 6.63576158940247
7.27605081767803 6 9.71192052980054 4.52054331666536 24.0060143262584 20.9347209082282 13.5766995539927 27.668401135289 28.4478983646447 17.566630625759 17.6340721719145 19.5956886065676 21.1863765373705 19.7471955669682 21.596026490065 26.6538045681838 19.9823624814162 13 6 8.28807947019946 5.01452899040345 8.04081632653047 6 3.08163265306095 2.71192052980054 3.9887822678708 3 5.40167590214783 4.63265306122574 6.93870793350637 4 2.24489795918305 3.13522097580843 3.20340586565678 2.38775510204172 5.76753615353511 5.14731720502931 3.66204892553068 3.57615894039892 4.97506419786473 6.32686849574434 2.71192052980054 3.8295039870249 6 5.28807947019946 4.51297472631428 5.15873766725271 4.53027436140018 3.1729963508575 4 5.89417488849818 4.19989187728124 3.28807947019946 5.49398567373929
5.37099608055133 3.10454115420962 8 21.871333964049 15.2676713069336 14.0908230842004 31.4693877551017 19.1483984322212 17.3055818353829 16.3727530747408 20.6783349101233 19.4426949587781 21.913434247871 14.3688336261608 18.0185835923774 20.8045681848885 14.5688606568453 6.60596026490088 3.98763346398114 8.39403973509912 7 7.40268955264202 5.47965941343638 2 4.79591836734917 3 3.1556291390735 2.60596026490088 2.46641438032116 1.86849574266725 3.60596026490088 4.37194215434607 3 5.74456007568406 2.72658467360451 4.21192052980175 1.69556696850915 2.49858088930984 5.17732125963034 4.18367346938984 5 4.93816731990725 2.67847006352205 3.79463441005554 1.90275712934214 5 5 6.85714285714237 4.60596026490088 4 3 1.08791728611946 4 3.81450195972434
1.69387755102178 13.8163265306123 21.6734693877531 17.1632653061225 13.6530612244898 19.4999999999996 21.8979591836727 18.7448979591854 18 17.3979591836724 19.4999999999995 17.5816326530607 9 12.5612244897958 10.8979591836729 6.95918367346917 7.46938775510092 7.97959183673437 6 6.49999999999915 9 4.9795918367348 6.49999999999915 3 2.0510204081628 3.50000000000064 2.92857142857155 3.08163265306109 2.09183673469543 4.29591836734796 2 3.1224489795926 3.969387755103 3.71428571428644 6 4.6632653061249 4.17346938775523 6.8163265306124 3.19387755102155 2.20408163265289 2.49999999999915 0 3.20408163265437 4.48979591836825 4.26530612244935 1.76530612244842 4.77551020408116 3.49999999999915 3.90816326530508 4.80612244897829 1.8163265306109 4.65306122448983 6.98979591836583 4.95918367346969
17.1590755507486 13.632653061224 13.0230436545477 13.9876334639827 23.1206244087036 14.4328287606435 17.2894985808886 9.83193674820945 16.469928368699 15 13.6783349101239 6.90106771185263 4.12535477767401 6.62123259900035 6.64616840113632 5.96783349101215 2 4.04081632653133 4 2.60596026490155 4.6140018921481 5.39403973509845 4.43113934315252 1 4 2 6 2.97019867549226 0.57771320448558 3.51770509528212 2.65204757399498 5.90350047303736 5.66441411001127 4.06054872280073 4.12062440870343 3 5.30443303148974 3.67286119745885 3.53007163130141 2.60596026490155 5 5.72793620759563 2 5 5.2967968644416 1.81504257332109 4.38883632923512 4.74030274361377 4 4 2.24929044465416 2.39235031760811 3.81619137721465 5.2119205298031
14.8281524530361 13.6060954183009 15.7820651439388 28.2767941613749 17.1297472631443 6.22280037842892 18.8111231247462 16.3918772807135 16.5114880389225 3.14528990404187 4 3.48209217461648 1.38978240302699 4.53757264495088 3.71192052980224 7.95296661711024 3.3316664414106 3.95918367346867 3 1 5.42972023246541 5 4.33166644140881 3.28807947019776 6 2.37525341262222 3.32923368022587 2.23841059602851 4.21523178808152 0.687863224758356 2.57615894039551 1.82565211515092 3.23496418435148 5.67549668874176 3.50601432625934 3.76753615353456 4.02980132450457 5.45039870252862 3.50054061359739 4.42134072172044 4.83538315988682 3.17042843627477 4.04358697121223 3.4752669279633 5.76665765644241 4.15285849439062 3 4 3 2 2.39390458169895 3 4.13251790782567 2.43586971212355
21 16.8847817272611 20.9442492228684 17.346938775509 12.614610082442 17.2336802270586 19.1338018651162 6.71523178808038 6 4.18211920529706 2 5 5.02601702932824 6.02230031085294 4.09001216380498 2.72847682118824 5.23219353966715 2.16691444790148 5.97587511825832 3 2 3.78449790512334 2.24334369509112 4 2.63576158940588 5.81788079470294 2.72705771050241 2.69522908501288 2.36423841059412 1.47878091633892 3.95911609677019 7.38241654277482 8 6.58420056764555 4 3.81788079470294 3.41519124206119 4.81788079470294 2.88849844573641 3.74050547371255 1.81788079470294 5 3.4608730909558 4.8141640762275 6.63576158940588 3 5.5324368157859 4.92194891201559 3 1.24651979997362 1.4957426679271 3.88106500878559 5 5.05575077713172
16.3877551020412 21.2430058115981 18.4774293823505 5.92384105960351 14.4165427760511 4.26395458845882 4 6.77355047979661 6.9409379645905 8.07615894039649 7.07615894039649 8.76057575348076 6.86802270577048 6.99067441546156 6.10204081632712 6.15157453709935 2.13272063792383 1 4.99844573591022 5.84768211920702 3.92539532369316 5.77226652250495 3.86727936207848 3.00621705635888 3.2129341802924 2.77375320989379 4.43140964995678 1.77300986619937 2 5 7.73354507365973 6.67894310042046 5.73469387755193 7.90208136234742 8.61150155426537 4.57845654818155 2.60332477361892 4.90363562643695 6.71644816867124 3.42215164211276 1.47209082308315 3.58521421813783 4.88809298553984 6 4.03730233815339 3.09109339099728 4.07615894039649 2.60406811731301 0.622922016488541 4.02953101770475 4.36734693877542 4.60332477361865 6.64860116231979 4.12900391944714
31.2540883903211 14.0188538991752 2.34693877551073 5.02007027976709 5.25807541559779 5.51371807001122 8.28720097310418 10 7.89126909041887 7.22780105419682 8 5.99513447763221 9.86565752128602 8.8477496959042 4.00304095147988 5.07919989187789 3.03709960805443 2.04081632653133 4.000608190296 5.97019867549732 3 2 4.91100148669029 2.27226652250163 6 1.11879983781559 6 4 4.95134477632212 5.02980132450268 8 4 4 4.30700094607263 4.02980132450268 8 5.66340045952166 3 6 2.05960264900536 4 3.56440059467533 0.57622651709583 3.52480064873597 3.51020408163262 2.06142721989327 3.08561967833492 1.42857142857119 2 3.34639816191451 4.38620083795059 5.27753750506893 3.04014055953424 3.03892417894227
4.63441005541256 3 3.7825381808358 7.86423841059668 7.73543722124585 6.38268684957444 6.26530612244915 6.96675226381948 7.34045141235355 6.2040816326539 9.11082578726797 10 11.019394512772 4.88086227868705 5.86423841059668 8 0.947087444248627 3.0055412893635 1.27152317880665 2 1.13299094472175 2.82896337342958 2.36903635626021 3.72313826192831 6.67401000135419 2.89417488849873 3.23982970671631 4.83673469387811 6.54676307609286 4.02770644681693 4 6.86423841059667 6.59433707257551 7 6.64123530206843 4.90856872550377 3.40032436815798 4 1.71752939586414 5.05541289363387 2.21333964049102 3 2.79220164887248 3.93350452763918 4 2.93627517232088 3 2.13576158940332 3.19117448303731 3 3.0498716042706 3.9528990404111 4.16407622651842 1.09420191917784
3.78051087984614 5.24172185430573 5.90654142451411 7.48932288147165 10.4738478172734 9.93093661305533 8 9.81429922962523 5.60528449790488 10.0493309906748 6.5241248817398 6.63447763211131 8.10359508041709 8 6 6.9183673469382 3 3 0.0358832274645253 2 2.9387755102068 2 5.22692255710378 6 4.07737532098837 4 7 5.20225706176615 9.95560210839298 8 6 8.51162319232048 7.63819435059193 7.21665089876924 6.84187052304455 8.51067711852943 2.42093526152199 7.62123259899838 4.53574807406437 3.38856602243697 2.46310312204336 3 4.35592647655045 6.12474658737507 3.37140154074824 2.59764833085618 3 3 3.37349641843205 5.77746992837035 4.2785511555611 2.60041897553542 2 3.24172185430573
5 5.90775780510911 4.57399648601197 7.22705771050184 12 8.56527909176893 5.34612785511578 9.42228679551318 5.22448979591864 6.51919178267278 6.28382213812665 6.4541829977026 7.55912961210942 5 7 7 1 2 0.0204081632660892 1.65231788079469 2.63900527098314 4.01419110690629 4.0399378294352 5.68070009460727 5.93343695094004 5.77476686038611 5.14285714285666 9.70908230841985 11 7 9.65231788079469 4.08947155020849 5.30463576158938 6.65231788079469 4.39789160697375 4 2.67894310041832 4.78003784295142 1.74706041356971 2.65231788079469 2.30463576158938 2 2.16319772942294 3.51797540208139 3.82970671712392 3.69380997432079 3 3.37275307473998 3.8197053655899 6.07805108798496 3.87228003784298 2.57399648601161 5.67346938775536 3
6.21185295310189 5 5.55047979456772 6.65306122449098 6.99135018245703 12 10 6.58744424922351 5.64819570212186 6.56514393837069 6 7.07406406271135 5 7 7 7.03703203135587 5.43546425192876 1.87025273685612 2 3 5.52594945262941 6.07041492093489 5.69462089471316 7 8.96303554534379 9 4.76726584673503 7.37957832139522 7.45364238410619 9.88849844573624 6.75469658061994 4.13380186511651 7.18543046357526 5.39025543992455 4.30612244897914 5 3 4 0.880862278686202 2.46303554534275 2.35193945127715 3.30105419651329 2.92303013920833 3 2.50094607379375 2.46938775510215 2.75003378834973 3.37559129612109 2.86180564941212 5.61224489795932 4.16664414110019 5.45364238410619 5.36795512907149 6.6938775510206
6 5.63265306122404 5.92215164211329 6.15279091769091 5.7465197999726 11.6854304635768 11.4111366400867 6.24489795918454 5.56602243546407 4.70104068117169 4 7 6 5.50892012434146 5.39545884578932 5 7.5253412623328 3.63089606703213 4.98857953777493 6.44039735099294 4.54818218678293 6 10.9387755102059 5.44039735099294 10.4403973509929 10.9460737937562 10 8.4682389512103 5 6 5.56602243546348 9.14846600892129 4 5 2.26909041762368 3.85619678334961 5.07784835788682 3.20556832004289 2.65738613326072 2 2.55960264900706 3 2.26794161373122 3 3 3.03426138667379 4.24266792809807 6.44039735099294 6 3.55960264900706 4 3 5.26300851466477 2.8286930666306
6.07710501418832 6.79051223138122 7 8.21732666576644 7 7.28571428571502 4 11.0819029598594 9.48384916880583 11 7 6 9 6 6.06791458305228 4.30713609947158 5.37518583592305 7.37194215434835 8 4.66556291390851 7.66556291390851 3.32078659278168 7 7.69286390052813 8.40235166914264 8.38011893499311 5.90491958372768 5.55176375185679 7.30591971888011 5 0.483849168805136 4 7 2.09555345316875 5.5664954723592 4.44823624814302 3.44715502095069 3 3.14812812542468 4.39390458170165 0.143330179753292 0 3.51013650493314 3 3 3.68603865387323 2.63326125151992 4.57379375591001 4 5 4.75550750101326 4.78159210704228 2.67346938775536 4
19.9641167725403 3.71658332206974 3 3.92539532369267 3.91140694688523 6.16319772942183 4.7819299905397 11.4944587106375 14.3738343019332 8.6384646573844 9.14170833896525 8 7.43282876064529 6.90552777402237 4.20516285984466 4 9.49020137856266 11.1783349101209 7 4 7.21273145019538 4 4.2617245573705 8.06298148398421 8.20516285984505 6 7 7.87403703203158 6.95803486957734 7 4.59832409785263 2.86700905527746 2.26530612244807 5 2.22847682119079 4.05115556156075 3.65380456818618 4.06061629950003 2.08859305311469 3.86477902419296 3 2.44897959183606 3.63785646708948 4 3 2.33572104338241 5.22847682119079 5 5 5.77152317880921 5.08393026084558 3.18840383835739 3.7480740640625 1.77152317880921
13.1702257061787 16 3.57305041221812 4 3.96249493174786 4.25070955534627 5.9674956075148 14.6023111231312 10.6804973645093 8.02500337883486 6.34484389782495 11.1025138532225 13.1253547776732 10 5.88998513312714 6 11.7700364914176 8.03581565076429 4.00500067576714 8 2.99749966211664 7.9691850250034 6 5.16340045951967 8.11001486687307 7.66252196242957 7.83964049195908 6.14326260305416 9 5.02500337883469 6 4 5.232801729963 0.495742667925599 2.12251655629031 4.55095283146563 3.87748344370969 4.92248952561214 4.87748344370969 3.87748344370969 2.92999053926261 0.461481281253601 2.87748344370969 3 2.44769563454573 3 3.94499256656352 4 4.43066630625726 4.34024868225466 2.60014866873937 7.30443303149109 5.87498310582612 6.21773212596481
9.69232328693209 11.6806325179084 5.64603324773489 4 5.98851196107556 7.70245979186278 3.01216380591999 11.2283416677934 12.9797269901333 8.98682254358668 6.80585214218077 9 10.4285714285729 8.99797269901331 5.89964860116178 9.01655629139111 10.8630220300025 11.9426273820776 7.98411947560447 8.04966887417332 7.0545343965399 6.02493580213492 9.93877551020594 6 7.88309230977235 8.01452899040445 5.98580889309333 5.00540613596443 6.01655629139111 7.00337883497777 8.97060413569333 4.01250168941778 0.277469928368086 4.28571428571355 5.97837545614223 2.34308690363517 4.98918772807111 5.62217867279431 5.34822273280037 1 3.5619678334914 1.98344370860889 2.46060278415993 3.00810920394667 5.49824300581182 3.99121502905778 2.99087714556001 5.57852412488214 3 2.98344370860889 5.37782132720653 5 5 6.00506825246666
4 1.84781727260479 4.68407892958448 5.26631977294317 9.63184214083002 5.06385998107821 1.97628057845662 3.9324908771459 5 9 8 9 7.79328287606418 12 6.08379510744751 9.82119205298082 7.79909447222511 11.9591836734687 8.01858359237807 12.9105960264904 5.82119205298082 7.82119205298082 5.86031896202373 5.07433436950917 5.81767806460465 6.08940397350959 8 8 6.06568455196601 8 7 4 2.04743884308656 4.6504257332081 5.91059602649041 3 3.14779024192404 3.05656169752656 4 3 1.08940397350959 2.08028111906971 4 3.95621029868918 3.09122854439753 5 4.82119205298082 3.94891201513736 4.83761319097241 4.85585889985187 4.57609136369809 4 6 5.6938775510206
7 5 5 7.2791593458567 6.39072847682057 8.94418164616835 19.570482497635 13.6851601567794 10.8193674820919 5.59481010947447 11.8997837545604 11 5.19536423841029 8.80463576158972 4.08210568995861 7.24510068928243 11 11.154547911879 7.80463576158972 8 9.9591836734712 6.34822273280286 6 6.06568455196628 5.98006487363182 7.85362886876659 7 6 8.14779024192414 6.35957561832613 6.47249628328247 3.19536423841028 3.26530612244807 4.80463576158971 3 3 4 3.17542911204244 5.88038924178953 2 2 2.80463576158971 2.42694958778221 4.90431139343169 5.39410731179907 3.57305041221779 6.91228544397902 2.45979186376575 6.40816326530593 5.80463576158971 3.70441951615079 3.52547641573209 5 6.37180700094637
8.69867549668851 7.3013245033115 20.1045411542103 17.7262467901079 12.3013245033115 6.28571428571502 7 14.9249222867943 10.3081497499657 7.47965941343412 13.5703473442352 9.86194080281125 14.4971617786186 7 9.32605757534716 6.27672658467365 9.32565211515116 7.68245708879528 7 9.30132450331149 8.30943370725761 4 4.60264900662299 5.05703473442336 6.27057710501474 6 6.49905392620676 5.02520610893229 5 4 4 2.77246925260134 1.81463711312409 4.49905392620658 5.09224219489114 3 3 2.88930936613075 1 4.59183673469492 4.39924314096529 4.21894850655495 1.15988647114484 4 4 4.14143803216665 4 4.82970671712424 5 5.18448438978259 5.412015137181 3 1.62785511555613 3
8 4 5 10.2907149614817 5.9804703338283 5 16.8145695364247 5.60994729017307 8.77551020408135 9.61136640086627 7.59271523178763 7.75598053791037 8 7.52013785646593 6.40728476821237 12.5040546019743 10 4.1632653061253 5.02040816326609 5.81456953642474 10.1854304635753 8.97580754155977 6.38234896607768 9.40728476821237 7.89795918367458 5.40728476821237 5 4 4.25766995540017 5.55487228003767 4.2244897959176 2.69759426949537 1 5.83585619678526 3.59271523178763 3.73381538045644 4 3.40728476821237 4 4.40728476821237 3.40728476821237 2 4.68549804027601 4.70969049871624 4.19948641708363 5.12332747668548 3.26611704284353 2.53453169347138 3.81456953642474 4 5 6 5 5
9 11.8973509933794 13.5132450331133 10.6721854304643 7.31423165292655 12.5473036896927 4.13616704960156 5 10 4.20948776861851 6.06777942965164 6.6500202730095 6.56007568590318 7 8 11.5286525206106 7.54797945668331 7.50770374374888 7 11.5132450331133 8.51270441951681 8.98013245033122 7.55453439653533 8 8.05237194215384 5.93715366941492 4.42857142856997 2.93837005000806 2.2353020678485 4.60717664549265 1.62846330585257 2.7316529260698 2.73469387755193 3.51324503311325 2.66225165562938 3.65434518178044 3.49594539802655 3.30794701986759 3.29801324503293 3 5 2 5 4.51324503311325 4 5 4 4.21996215704841 4 4.8009866198133 5 3.80463576158832 5 4.51324503311325
13.7755102040824 11.6082578726848 11.1321124476277 9.24868225435815 7.69387755102034 7.83680227057832 4.27976753615234 8.38079470198523 10 9.2040816326539 15.0420327071238 7.06217056358954 8 8.38079470198522 8.10204081632712 7.38079470198523 6 5 10 12 9.23841059602955 11.9183673469391 5.39539126908863 4.74854710095309 4.03885660224297 7 3.53074739829868 2.4818894445179 5.93005811596214 3.76158940397045 2.59062035410012 2 4.10102716583247 4 3 3.12434112717853 2.24868225435782 3.77253682930128 3 1.63353155831714 1.21759697256322 3 3.20205433166559 5 2 5.53061224489786 5.61920529801478 4.92526017029455 3.36646844168233 4.62089471550107 6.37829436410572 5.21482632788265 5.87565887282125 6
