rasterData/Mauritania_CLYPPT_M_sl2_250m_ll.asc
NCOLS 147 
NROWS 151 
XLLCORNER -17.077428344 
YLLCORNER 14.734398972 
CELLSIZE 0.0833728927006803 
NODATA_value -9999 
[rows 24 to 47 of 151, columns 54 to 107 of 147]
-9999 -9999 -9999 -9999 -9999 -9999 -9999 13.7990268955224 17.9784430328421 20.815515610217 21.8163265306119 18.1991485335851 13.8571428571424 17.5169617515839 15.1784700635232 20.0222327341536 14.9534396540069 18.1250844708757 7 5 6 8.95918367346953 7 9.75638599810766 9.09602649006706 8.87755102040858 18.2251655629142 17.1475875118253 10.8163265306129 15.1528584943926 7.90397350993295 9.24489795918305 9.31037978105115 11 8.40214893904619 22.6087984862821 15.7565887282064 9.09602649006705 9.05879172861253 8.53500473036942 8.5165562913908 7.09602649006706 6 5 7 7.53061224489785 7 7.51655629139047 8 7.96276523854544 8 7.34693877551017 7 8
-9999 -9999 -9999 -9999 -9999 -9999 -9999 10.3974185700774 17.820854169482 19.7980132450336 18.3668739018776 15.3354507365864 11.3159886471144 27.0300716312993 13.979389106636 20.2671306933369 17.4280983916739 16.8714015407506 5 5 7.0121638059192 8.99175564265446 8 10.3001081227184 11.8773482903109 15 16.0288552507094 8.33227463170613 11.0370996080549 16.1216380591971 9.84335721043407 9 8 8.28571428571355 10.247601027167 7 9.52763887011655 8.07419921610991 8.20198675496639 8.20198675496639 8.11542100283806 5.0906879308011 4 7.10305446681958 8 8.20198675496639 8.55102040816309 7 9 8 7 12.8272739559404 8 7.55372347614592
-9999 -9999 -9999 -9999 -9999 -9999 -9999 10.4774293823494 18.9308690363562 22.3057169887824 16.8701175834573 14.1446817137445 9.83491012299036 12.6450195972426 16.3471415056089 14.3079470198673 9.57818624138304 7.04081632653133 11.0549398567395 8 6.71874577645537 7.01256926611699 7 11.5225706176518 14.3785646709004 10.2609136369778 12.1428571428567 13 10 17.5508176780652 11 9 6.49155291255492 9.80227057710544 9.61406946884641 9 6.75989998648479 8.74577645627842 9.38410596026547 7.71752939586491 6 3.79889174212687 12.7961886741449 7.15083119340439 7.48979591836738 16 8 7.30794701986727 7.50979862143572 13.5762940937962 7.88687660494675 9.45438572780037 6.77402351669153 8
-9999 -9999 -9999 -9999 -9999 -9999 -9999 16.211177186106 16.6383970806878 19.6705635896739 14.6292066495483 16.9324233004457 15.7980132450323 13.1224489795931 15 12.9235031761073 8.41390728476914 8.02392215164249 10.7547641573157 15.5860927152309 9.56568455196646 8.98310582511152 15.0506825246641 8.76023786998437 13.0962967968579 9.12244897959142 10.8571428571433 10.8559264765523 17.4784430328419 17.2942965265591 9 8.85646709014791 7.73469387755193 8.11825922421945 9.87329368833616 8.39471550209474 8.14360048655242 7.7381402892273 7.8395053385591 8 6.58609271523086 6 8 8.30747398297017 8.21117718610669 12.4139072847691 13.7368563319371 8 8 13.6411677253688 7.36734693877542 7.58609271523086 7 7
-9999 -9999 -9999 -9999 -9999 -9999 -9999 17.6471820516303 22.4031625895397 18 18.088187592918 10.0332477361822 13.5198675496698 8.06365725098065 16.378091634003 15.8818759291773 9.96817137450968 9.48175429111956 16.0097986214357 14.4801324503302 8.03020678469928 8.54216786052056 15.4189079605361 17.3957967292891 10.5688606568459 10.5198675496698 8.37133396405039 8.92161102851779 9.09548587646965 9.1060954182997 10 9.11758345722341 8 8.62866603594973 9.51986754966984 7 7.51986754966984 7 9 6 7 6 17.257196918502 7.48979591836738 8 4.22536829301217 13 8.2228003784298 16.5036491417761 7.13211244762916 7.60345992701584 19.24516826598 7.50689282335485 6.66684687119939
-9999 -9999 -9999 -9999 -9999 -9999 -9999 19.9016083254493 17.859508041627 20 15.6796188674137 12 9.53642384105961 8 9.03818083524819 17.3432896337356 9.91579943235723 18.600283822138 13.2669279632396 8.3741721854301 14.6334639816192 14.0408163265305 15.0612244897941 13.5918367346953 18.0937288822842 8.92336802270599 8 9.52365184484455 8.11494796594102 10 8 9.5102040816339 7.26530612244808 8.26726584673606 7.4342478713345 7 8 6.85572374645213 5.77091498851201 7.62961210974369 9.85619678334854 6 9.53061224489786 9.32693607244235 9 7.90478443032796 8.44897959183691 8 14.5571023111234 8 7 7.78287606433291 8.32653061224464 6.3061224489794
-9999 -9999 -9999 -9999 -9999 -9999 -9999 17 17.5364238410575 18.2196242735509 16.5973780240579 10.0611569130951 8.12535477767114 9.64218137586157 7.05473712663884 7 4.79301256926779 16.9402621975931 7.26273820786471 11 9.71685362887044 15.7128666035961 17.0612244897941 17.2244222192181 10 11.4964184349255 8.07663197729367 9.83673469387811 11.1338018651161 10.1399513447763 8.06021083930217 9.44742532774575 7.80585214218176 7.6863765373684 9.26821192052877 8.76104879037735 8 6 9.10400054061307 7 8.84673604541197 10.6512366535986 9.48580889309365 9.35842681443491 14.7317880794712 12.5730504122196 14.5510204081631 20.0383159886471 12.5918367346941 5 9 12.7317880794712 7.26821192052877 8.6938775510206
-9999 -9999 -9999 -9999 -9999 -9999 -9999 17.2448979591845 16.0364238410598 17.9581700229759 17.0298013245035 15.3255169617525 11.7880794702017 15.9801324503308 14.0165562913909 7 7.78645762940824 10.4922962562486 7.17934856061758 7 9.99668874172199 8.19644546560396 9.83774834437022 18.8764697932159 11.0689282335442 10.1423841059609 9.02317880794703 10.5387214488437 10.9701986754967 10.7959183673475 10.1258278145702 10.755102040817 8.67549668874044 9.5212866603611 9.88741721854253 7 7.83774834437022 6 9 9.1796864441123 9.06953642384124 9 8 8.16225165562978 7.42742262467866 6.53061224489786 7.29936477902306 6.93046357615871 9.3121367752393 15.937086092715 7.94039735099316 14 7.72644952020586 8
-9999 -9999 -9999 -9999 -9999 -9999 -9999 12.0562913907275 17 18.7511150155427 9 9 10.8571428571424 12 7.10204081632712 10.8564670901519 7.93877551020344 9.04081632653133 8 8 13.7794296526595 11.8943100418994 9.94370860927253 14.0562913907275 9.95425057440205 10.9506014326269 10.1348155156099 10.0091904311391 11.7807136099485 10.73962697662 8.95634545208886 8.95749425598126 8 8.04020813623395 9 9.03791052844916 7.05629139072747 8.0206784700631 10.4222192188123 10.4185025003368 10.4285714285708 13.9689822949052 7.49925665630447 7.0083119340447 8 9.53061224489786 7.72888228138753 8.02412488174033 7.40816326530593 14.1470468982269 7.36734693877542 7.05629139072747 7.03791052844913 7
-9999 -9999 -9999 -9999 -9999 -9999 -9999 16.2824030274378 16.4763481551573 15 13.9526963103113 8.84484389782393 6.99290444654664 8.71759697256056 9.75131774563913 9.82308420056492 14.9503311258267 8.0020273009867 16 6.95033112582668 9.0204081632644 15.7490201378572 11.0581835383142 10.9183673469391 9.99493174753339 6.84004595215522 8.97871333964008 7.6317069874325 10 9.80605487228076 9.2630085146643 9.96249493174665 8 8.74976348155314 9.29091769157916 8 8.98276794161335 8.63265306122543 8 7.62123259900163 8.59271523178914 14.5236518448439 8 7.6318421408326 8.97567238816 9 8.57332071901643 5.0709555345333 14 14.7674010001347 8.01317745641334 7.62062440870317 7 6.03446411677333
-9999 -9999 -9999 -9999 -9999 -9999 -9999 11.4799297202327 16.2244897959186 14.5002703067995 7.68928233545063 19.6887417218548 8.84437086092742 6 7.92972023246338 8 9.84437086092742 9.11481281254125 10.2417894310073 16 11.7863224760131 8 10.7831463711334 7.78814704689865 10.6025814299244 9.13657250979845 9.39687795647959 9.20644681713692 9.87295580483862 9.87613190971766 9 9 9.1143397756453 10.7587511825928 8 9.27571293417968 8 9.84437086092742 11 10.3446411677246 11.911069063387 10.2417894310051 9 8.23503176104838 8.4929720232464 8.36545479118822 7 16.2095553453173 8.43674820921728 12.894445195298 8 8.70705500743337 6.67346938775536 8
-9999 -9999 -9999 -9999 -9999 -9999 -9999 15.4424246519806 10.797134747939 10 14.048047033383 16.1615083119333 12.2857142857153 7.96796864441108 7.05338559264795 9.46756318421547 7.0452088120021 10 15.9849303959989 8.26158940397345 8.72334099202667 8.75976483308553 10.9387755102059 5.67813218002459 6.36363022029887 7 10 10 8.18367346938713 10.4122854439785 9.16576564400539 9.24489795918305 9.80409514799362 5.92526017029349 3.81848898499789 6.73841059602655 3.82916610352745 8.63265306122543 6 6.53554534396468 9.14947965941356 10.7651033923507 10.1227868630896 10 10.7513853223408 8.92242194891186 8.92465197999755 18.6835383159888 8.69860791998931 8.45208812001636 7.38072712528736 8 6.50270306798193 7
-9999 -9999 -9999 -9999 -9999 -9999 -9999 11 19.7784160021633 11.3675496688737 7.58379510744715 7.6324503311263 8 9.20002703067985 8 12.5298013245052 8.59372888228142 8.0258142992301 8.63995134477707 8 8.99249898634985 10.3933639681033 8.34504662792294 8.96999594539817 7 7 10 3.73570752804452 4.6324503311263 5.44931747533515 4.28503851871866 6.6324503311263 5.26530612244808 5 5.25503446411661 5 6 8 7.61224489795965 8.88383565346528 7.84247871334007 6.83497769968961 13.4693877551021 15.6827273955938 10.3226787403705 7.29686444114098 9 7.15752128666007 12.9606703608584 15.1627246925261 7 7.12751723205821 7.20651439383699 7.16367076632149
-9999 -9999 -9999 -9999 -9999 -9999 -9999 11 12.1473847817257 12.2148939045821 11.5264900662239 15.396202189486 8.07521286660367 7 5.52723340992171 8.03865387214526 7.6167049601295 9.47350993377611 6.52540883903104 8 9.47459116096887 9.03149074198975 6.44451952966824 12.9126909041786 6 3 6 5.31889444519668 4 4.20408163265254 2.05298013244779 6.11596161643467 6 6.72942289498577 6.16117042843565 6.19995945397983 9.18265981889383 8 6.28990404108763 7.59183673469492 5.96972563860123 8 13.2512501689424 11.2349641843511 7 9.47350993377611 10.502703067982 9 8.56048114610251 7 7.36734693877542 8.16427895661618 7.15461548857983 6
-9999 -9999 -9999 -9999 -9999 -9999 -9999 10.205973780241 9.64501959724256 18.1100148668743 9.57947019867608 9.13731585349377 9.85714285714237 8 8.37761859710694 8 5.6309636437367 9 8 6 6.56764427625465 8.59663468036272 5.02574672252925 13.7421273145027 5.04291120421626 3.63096364373598 5 3.93134207325347 6.57947019867608 8.08582240843323 3.09440464927648 6.4594539802672 6 5.41390728476906 5 5.71678605216926 8.34693877550987 7 6.38775510204035 6 12.3178807947043 5.38984997972547 7.19739153939698 8 7.78544397891639 8 10.1603595080407 8.33112582781505 6.23651844843911 7.06162994999368 7 6 8 5.57947019867608
-9999 -9999 -9999 -9999 -9999 -9999 -9999 11.2448979591845 11.6216380591968 8.31456953642421 8.55953507230651 8 6.2696310312206 9.68543046357579 7.13413974861549 8 9 11.974320854169 13.6162994999326 5.68543046357579 3.67144208676874 6.32970671712422 5.98074064062768 7 4 6.33234220840589 5.55534531693421 2 5 3.60974456007566 6.76395458846048 4.24489795918305 13.7275307473985 6.08987701040669 7 6.77618597107786 7 7.88444384376283 8 7.59183673469492 4.29375591296064 4.24462765238493 4 7 9.31456953642421 8.48864711447499 7.37768617380695 10 7 7 7.31456953642421 6.76219759426965 8 6
-9999 -9999 -9999 -9999 -9999 -9999 -9999 10.0873766725241 8.95316934720895 10.4638464657376 8.20860927152351 8.96594134342467 9 9.02554399243172 10.3999864846584 6.06460332477405 6.74293823489579 9.40870387890306 5.22050277064546 7 8.0204081632644 4.16779294499304 4.19583727530817 4.93539667522663 5.94884443843496 1 0 3.87079335045326 2.03831598864704 3.62988241654292 7.53513988377071 5 6 6.79139072847649 6 7 8.34693877550987 8 6.91911069063384 6 6 7.20860927152351 5.20860927152351 5.20860927152351 7.28118664684387 10.4061359643187 7.44897959183691 7.08940397351003 7.53162589539131 4 6 6.03872144884493 6 5
-9999 -9999 -9999 -9999 -9999 -9999 -9999 11.0775104743887 8.57406406271076 10.366265711584 8.9162048925527 8.30977159075599 7.85714285714237 5.81260981213558 6.90782538180799 8.16752263819521 5 7.04081632653133 6.96337342884035 8 4.03662657115662 4.99581024462765 4.26023786998168 2.9916204892553 2 0.787471279902648 3.75449385052035 3.75084470874453 4 3.06075145289943 6.20144614136966 4.10264900662299 5.65927828084923 7 5 6 5.37836194080269 5.89735099337701 6 6.89735099337701 6.38457899716103 6 3.15711582646375 5 6.99790512231382 11.9455331801592 6.94343830247306 12 5.57156372482826 4 10.3296391404241 14.5912285443973 6.96648195702109 5.27469928368667
-9999 -9999 -9999 -9999 -9999 -9999 -9999 10 9.00331125827958 8.00331125827958 8 9.67069874307159 8.85430463575987 7.24489795918625 9.89464792539329 9.0816326530618 6.06413028787864 8.99020137856041 6 2 5 5.03750506825089 4.99979726990126 8 3 3.874239762129 1.85761589404043 1.67455061494955 2.81362346262953 7.58061900256407 3.77294228949823 3.24989863495222 7.72894985808734 5.71523178808061 6.99668874172041 3 5.34578997161696 5.99668874172041 6 3.41208271388092 4.42857142857082 5 7.53372077307869 5.02365184484524 4.48817407757738 14.5321665089883 8.00331125827958 7.42715231787993 6 6 6.26044060007915 13.3544397891639 6 5.38518718745703
-9999 -9999 -9999 -9999 -9999 -9999 -9999 8 8 8 8.02007027976757 7.85457494255953 8 7.01338018651183 8.09089066090065 8 5.51527233409768 6 7.99553993782927 6.10927152317876 6.01817813217922 7.10927152317876 6.02007027976692 5 3.89072847682124 5.87755102040858 5.22090823084159 2.58203811325964 0.979929720232541 3.50486552236891 1.91525881875924 2.16502230031092 4.91971888092979 6.2544938505197 4.69387755102086 5.56419786457718 6.92863900527098 6.36734693877457 5.09068793080235 4 5 3.49080956886129 6.99675631842158 5.56372482767936 5 8.98107852412455 8.30179754020832 13.3684957426681 10.4276253547783 15.1092715231788 6.95985944046495 13.8499121502907 5.59987836194107 5.81490741992167
-9999 -9999 -9999 -9999 -9999 -9999 -9999 7.78476821192036 7.82382754426256 7.21523178807964 7.63265306122372 7.34335721043422 8 7.87795648060626 7 7.06406271117762 4.93877551020344 2.24726314366879 5.63251790782537 5.21523178807964 9.11582646303591 4.75273685633188 4 4.08163265306095 5 4 5.18448438978265 0.308217326665563 2 2.16015677794252 2 2.21523178807964 4.19617515880442 6.78476821192036 2.75976483308596 4.78476821192036 5.86829301256977 7.28828220029654 4 3.8726179213404 5 2.9210028382229 9.63163941073118 7.1462359778348 5.76875253412612 7.10102716583332 9.2503040951484 6 5.87261792134058 12.9963508582236 5.63265306122458 6.48749831058259 11.4334369509385 8.78476821192036
-9999 -9999 -9999 -9999 -9999 -9999 -9999 5 6.0528449790511 6 7 7.21631301527203 7.58183538315969 5.36498175429146 7 7.8689012028644 8.27963238275382 5 5.32990944722185 6 4.68394377618381 4 3 6.0554128936341 6 3.24253277469943 2.41816461683964 2.1108257872682 2 4 3.92789566157617 7.00473036896737 2 3.7809839167455 3.98493039599917 4 3.65306122449013 5 3 4.67880794702003 3.2909176915796 4.17698337613204 5.46938775510215 14.7745641302873 8.48506554939831 4.6398161913772 7.6751588052435 5 8 15.3736315718337 14.7506419786458 10.1070414920941 14.2097580754153 15.2910528449788
-9999 -9999 -9999 -9999 -9999 6.57284768211592 3.73739694554071 6 5.44424922286525 5.3399783754584 7 7.06973915394038 3 4.05230436545574 5.75226381944103 5.57284768211593 6 6.01743478848537 4.4388430869073 5.42715231788408 4 5.57284768211592 6.50560886606448 6.57284768211593 4.42715231788408 3.0701446141364 1.63386944181344 2.52067847006595 1.07845654818252 3 6.28145695365223 2.567441546157 4.96134612785699 3.59082308420249 3.39748614677457 3.38579537775202 8.62589539127104 3.63265306122543 4.26152182727617 5 3.75591296120884 4 6.12319232329201 17.5815650763584 3.79078253817921 6 13 7.30652790917605 14.0594674956048 15.0892012434073 15.5728476821159 18.2284092444969 24.4209352615326 12.5728476821159
-9999 -9999 -9999 5 6 6.66650898770196 5.62589539126903 5.86944181646102 6.63792404379046 5.90471685362864 5.38113258548368 7 7 5.40971752939455 5.10204081632712 3.0816326530618 2 6 6 4 5 6 5 4 5 4.05716988782238 2 1 13.0979186376536 3 3.41343424787237 4.238207865928 3.48445735910214 3.86660359508099 3 3.50060819029497 9.69509393161276 3 2 6 8 6.20962292201581 8.69103932963983 14.9770914988503 5.25158805243998 5.61575888633313 8.19103932963698 13.1617786187324 10 14.8546425192584 14.1715096634677 15.5331125827823 17.9258683605915 23.163197729423
