rasterData/Mauritania_SNDPPT_M_sl2_250m_ll.asc
NCOLS 147 
NROWS 151 
XLLCORNER -17.077428344 
YLLCORNER 14.734398972 
CELLSIZE 0.0833728927006803 
NODATA_value -9999 
[rows 69 to 91 of 151, columns 52 to 103 of 147]
88.4479659413435 93.8642384105964 88.8642384105964 92.367346938776 86.177321259629 93 91.9584403297744 87.7336802270573 92.0935261521834 92.1357615894036 89.4350587917282 89.3121367752403 87.1108257872681 90.0914312744962 82.8642384105964 86.8808622786868 85.6679956750916 50.6717799702644 71.0644681713728 67 54.5485876469778 78.1357615894036 69.0204081632644 75.9052574672256 77.9637113123405 90.548384916879 91.8642384105964 93.5623732936866 96.742667928102 99.7231382619281 96.2734829030941 96.7127990268965 97.088728206514 98.244897959183 98.6349506690104 97 97.4003243681572 97 98.7229355318296 97.5467630760924 96.5539937829428 97.5114880389253 93 93.2715231788071 96.8725503446415 96.3920800108126 96.2715231788071 93.1357615894036 95.7621975942703 96.1234626300856 92.9980402757138 94.0831193404512
92 92.0176375185832 93.3877551020412 90.0188538991752 85.3669414785759 91.8607244222222 90 91.2261116367097 89 86.6902959859476 85.0596026490054 79.527706446822 53 71.2180024327603 65.9403973509946 61.0298013245027 76.0237194215429 70.2400324368176 87.0596026490054 80.8897824030266 77.0298013245027 79.9403973509946 81.9789836464397 92.0395999459385 92 93.0273685633188 92.0267603730228 96.151844843899 94.9744560075691 99.816664414111 99.2080010812261 97.9695904852014 99 94.8320043249049 96.9860116231926 94.2194891201469 98.9726314366812 98.9403973509946 97.0194620894711 98.7316529260694 96.910596026492 97.4081632653051 93.3174077578026 96.5376402216526 96.0593999189078 99.9854034328966 96 95.5010136504928 96.0298013245027 95.3070009460726 94.3363968103811 92.3944451952964
92 93.3770779835123 90.8050412217872 87.5362886876612 93.0528449790507 89.3778213272064 91.5710906879321 90.9564806054876 87.1005541289334 65.8274766860408 60.3597107717247 61.0812947695655 67.5223003108534 80.441546154885 86.6192052980175 73.7069198540326 73.8979591836729 82 79.0462900391966 78.6992161102864 79.9253953236933 93.0761589403965 94.0950128395712 93.1869171509646 92.9285038518725 93.0754155967021 96.9238410596035 97.1892823354496 98 98.0637248276787 96.8650493309937 96.7508447087454 98.9829030950131 96.755102040817 95.6061629949994 94.9456007568596 94.9238410596035 100 95.8741046087323 95.6787403703192 98 98.5467630760928 96.7606433301823 93 95.0404108663328 94.8680902824723 96.5086498175429 94.4948641708342 95.0600756859037 96.0231788079488 94.654007298283 93.3964049195807
91.5714285714283 91.3233545073668 91.6813758616045 79.156507636173 91.2837545614274 88 91.1797540208132 77.8453169347262 65.3839032301656 58.578997161781 61.9576294093801 75 71.5174347884838 81.5760913637002 61.8959318826867 61.6357615894025 49.9628328152449 50.0667657791598 77.1208947155022 82.234018110557 88.8308555210161 92 93 92.9925665630491 94.949925665632 94.933234220841 96.2901067711822 95.1779970266243 96.2989593188271 99 95.4810109474262 98.1821192052988 97.8163941073126 95.4005946749547 95.8178807947012 96.0780510879854 96.4324908771457 96 98.5973104473577 97 93.7534802000279 94.2534126233305 97.4796594134323 94 94.7516556291395 95.58643059873 94.0892012434117 93.1709690498724 97.9831058251108 96.0780510879851 91.6008244357342 96.5963643735616
92.2880794701994 90.4355994053245 89.723949182322 92.105825111502 88.2880794701995 90.9059332342204 62.211920529803 66.556764427629 71.3696445465617 53.925192593595 55.2640221651559 70.7214488444404 70.7634139748608 67.0470333828898 62.2445600756866 68.2528044330318 65.4333693742412 59.3226787403712 62.6683335585878 81.0117583457226 93.3026084606041 90.1357615894016 94.703270712258 91.247263143669 93 95.9183673469391 97.2880794701994 94.6745506149524 96.1428571428567 94.3572780105423 95.3673469387743 93.0612920664936 94.7765914312737 97.7551020408169 96.8647790241916 96.7965941343432 97.6122448979583 94.2324638464649 94.8526827949707 96.3379510744693 96.4238410596011 94.8544397891598 93.5085146641415 97.2880794701995 96.1704960129751 94 94.7119205298005 95.4870252736857 94.8412623327473 95.4697256385998 96.8270036491425 96
93 84.7667928098395 89.6290039194487 94.8954588457904 86.5795377753743 62.3940397350991 70.9178267333422 71.7620624408715 50.1607649682391 67.7032031355577 71.0884578997162 77.8313285579131 67.0389241789433 67.5573050412219 61.5368968779567 78.5785241248904 72.0696715772398 68.3413974861491 75.4682389512102 90.7880794701983 95.0204081632661 89.6059602649009 92 90.6220435193947 93.5203405865636 97 95.1020408163254 95.8775510204086 96.5066225165557 93.4929720232459 95.6448844438439 97.1315042573328 96.3940397350991 95.6280578456539 97 94.2554399243159 97.2734153263955 95.7880794701982 97.6513718070007 97.5014191106902 94.8226787403697 95.8163265306101 95 95.0618326800927 97.321529936478 96.2053655899445 98.0972428706579 95 94.2789566157585 91.1428571428576 94.8022030004051 94.6290039194484
97.7857142857138 93.4795918367335 94.4999999999991 77.8673469387751 63.3265306122469 70.6734693877545 69.0408163265306 71.0714285714281 62.1020408163273 70.0102040816301 69.5000000000005 70.8061224489802 75.5000000000005 75.9183673469399 87.5714285714281 81.4999999999991 81.0510204081635 88 90.0306122448982 91 92 92.0000000000017 90 94.0204081632652 92.0000000000016 96.4591836734687 97.5000000000007 95.4999999999994 95.4999999999994 95.9183673469389 97.9081632653046 95.3061224489776 98 96.8775510204074 96.030612244897 96.2857142857135 94 95.3367346938751 95.8265306122448 93.1836734693876 96.8061224489785 97.7959183673471 97.5000000000009 100 96.7959183673456 95.5102040816318 95.7346938775507 98.2346938775516 93.2244897959188 95.5000000000009 95.0918367346949 94.3061224489808
79.0993377483468 75.7526692796316 73.4699283686996 79.3940397350985 78.9562778753923 71.5962292201643 60.2734153263948 77.4545884578995 75.6059602649016 83.5613596431964 72.1433977564549 81.1236653601845 79.8887011758342 84.3940397350985 95.874645222326 91.5906879308027 89.2517907825366 93.0321665089879 97 95.540410866333 95 97.3940397350984 94.4064062711163 93.6059602649016 95.5688606568475 98.9505338559266 95.3538315988644 97.5317610487914 92.1428571428567 96.6357615894093 99.028247060416 96 97.347952426005 94.0964995269626 93.6250844708778 95.9394512771993 95.8793755912966 97 94.6955669685103 96.3271388025411 96.4699283686986 97.3940397350984 95 94.2720637924044 98 95 94.7032031355584 98.1849574266789 95.6111636707649 94.0345316934727 94.2473307203678 95.2412488174073
68 71.1150831193385 73.9770239221484 77.2116502230027 69.7417218543059 52.6291390728461 75.1583322070535 87.7771996215711 74.9539126909031 75.1025138532254 76.0962292201665 93.8547100959581 95 95.595688606569 96.5690633869446 93.4624273550491 95.2880794701978 91.3697121232596 95.6683335585894 94.3579537775378 96.9854710095953 98.7119205298022 93.5702797675346 94 95 96.3657250979882 94 96.6247465873778 95.6707663197741 96.8086227868608 94.8626165698048 99.1945533180184 97.1357615894067 98.1743478848491 96.7650358156485 94.3245033112582 96.4939856737406 96.2324638464654 95.9701986754955 94.5496012974714 96.4994593864026 95.5786592782796 95.1646168401132 96.8295715637252 95.9564130287878 96.1760373023376 94.2333423435576 95.8471415056094 97 96 97 98
79.1944181646182 65.8817407757782 67.7237464522222 65.4311393431523 60.4250574401929 74.8983646438705 81.5800108122741 75 74.2653061224491 87.9023516691436 93 93.8330855521008 97 93 94.8311258278141 91.9776996891471 94.909987836195 96.1750236518481 93.5467630760922 96.8330855520985 93.0278416002173 97 97.1950939316109 95.2155020948767 97.5244627652438 95.2488849844563 97.2807811866457 93.1821192052971 97.2729422894976 97.3047709149871 97.6357615894059 97.8702527368563 96.0408839032298 92.6175834572252 92 93.4157994323544 96 96.1821192052971 96.5848087579388 95.1821192052971 97.1115015542636 96.2594945262875 98.1821192052971 95 96.5391269090442 95.1858359237725 93.3642384105941 97 94.4675631842141 95.0780510879844 97 98.7534802000264
78.8803216650913 62.5156777942967 62.9704689822952 64.4658061900225 73.5489931071749 91 80.1723881605624 94.7578051087974 94.7548993107173 91.4526963103112 91.0590620354095 90 86.3981619137701 90.6221786727937 92.1877956480625 92.0093255845384 91.8979591836729 91.8484254629007 95.8672793620762 98.9238410596035 94.9827003649135 94.152317880793 95.0746046763068 93.2277334774951 95.1327206379215 96.918367346939 94.7948371401561 97.2262467901062 95.5685903500432 98.2269901338006 96 95 92.2664549263403 93.3210568995795 94.2653061224481 92.0979186376526 91.3884984457346 95.4215434518185 97.3966752263811 95.096364373563 93.2835518313288 96.5778483578873 98.5279091769169 96.4147857818622 95.1119070144602 94 95.9626976618466 96.9089066090027 95.9238410596035 97.395931882687 99.3770779835115 95.9704689822952
54.6073793755877 53.6636031896181 50.546154885797 77.9403973509946 94.6530612244893 92.9799297202329 92.7419245844022 91.3859981078519 88.7207055007435 85 88.5741316394097 84.6338018651144 84.9756723881611 90.8166644141102 89 90.1522503040958 92.9969590485201 92.8909987836194 94.9629003919456 97.9591836734687 95.999391809704 93.0596026490054 97 97.9714150560893 93.1781997567186 96.6461008244374 93 96.8812001621844 93 94.1882011082568 94.0541289363416 94.7721989458045 92 96 96 95.6929990539274 95.9701986754973 92 94.3365995404784 97 94 97.9403973509946 96 96.4355994053247 99.4237734829042 96.475199351264 95.9351939451287 97.9385727801067 96.9143803216651 98.5714285714288 98 96.6536018380855
81.3632923368026 79.9196513042308 92.7007027976763 95 94.2174618191642 88.4622922016488 87.4003243681575 90.8642384105967 86.770712258413 85.788349776996 87.1464387079336 90.7959183673461 85.9520881200152 86.7231382619276 85.980605487228 93.1191377213129 91.1219083659947 90 97.0529125557514 96.9536423841052 98.7284768211934 98 98.8670090552782 96.0408163265305 96.4952020543365 94.2768617380717 91.3259899986458 95.1058251115013 96.6367076631989 95.1632653061219 92.8642384105967 95.9722935531831 95.3297742938223 92.3474118124061 93.4056629274245 92.0387890255437 93.3587646979316 95.0914312744962 96.599675631842 96 98.2824706041359 94.9445871063661 97.786660359509 95.074807406406 97.2077983511275 96.0664954723608 96 97 97 97.7284768211934 96.8088255169627 96.0526422489523
88.4333017975394 92.6634004595216 94.2194891201539 94 92.0934585754859 89.8372077307738 87.2819299905381 83.5023651844854 86.3787674010007 82.3308555210138 88.3947155020951 82.8945803486958 85.4758751182602 91.3655223678887 89.8964049195829 89.907149614812 91 91.3233545073675 96 96 98.9641167725355 97 95.3029463440989 96 93.4849303959984 92 93.9226246790116 93.6654277605075 92 94.7977429382339 90.044397891607 91 93 90.7300986619852 91.3618056494081 92.7833491012308 93.1581294769554 90.4893228814706 97.579064738478 92.3787674010016 95.4642519259356 96.611433977563 97.5368968779567 96.340451412352 95.6440735234495 93.8752534126249 96.6285984592518 97.4023516691438 97 97 96.626503581568 93.6102851736703
94.279564806055 94.4499256656296 94.0917691579944 89.9743208541707 88 89.1206244087035 83.2412488174078 86.8386944181651 90.6538721448842 79.5777132044868 84.921948912015 87.2040816326539 87.7161778618733 89.7090823084202 90.4408703878906 93.4451952966591 91 92.2376672523306 97.3476821192053 96 97.9795918367339 97.3476821192053 97.3609947290169 95.9858088930937 95.6336667117183 94.2660494661444 92.06656304906 93.2252331396139 94.1551561021766 89.8934991215033 88.1198134883088 93 90 95.9105284497915 94.6953642384106 93.3476821192053 95.1494796594133 96 97.3210568995817 95.0922421948919 98.2529395864303 97.3476821192053 97.4966887417217 98 97.8368022705771 96.4820245979186 96.1702932828761 96.3061900256792 97 96.62724692526 96.1802946344101 92.921948912015
81 94.1302878767408 92.9107987565882 93 90.9031625895385 88.978983646438 89.008649817543 82.3902554399238 82.4102581429925 86.8661981348827 87.2499662116501 87.4348560616293 90.0833220705503 89.5463576158938 91 88.5205433166653 90 90 93.02385457494 97.1112312474658 96 96 94.4740505473706 92.9295850790651 94.2441546154928 92 90.4906068387624 89.5463576158938 95.232734153265 92.6204216786048 92.0927152317876 90.1115015542637 93.2453034193801 95.8661981348835 92.8145695364248 94.6097445600754 95.6938775510209 95 97 96 99.1191377213138 97.5369644546573 97.6480605487228 96.6989458034867 97.0769698607917 97 97.4990539262063 97.5306122448979 97.2499662116503 96.6244087038789 97.1381943505879 94.3877551020407
87.0917691579934 93 92 91.367346938776 89.730909582376 90.584200567644 90.1702257061759 83.4810785241241 82.9683741046085 85.7551020408155 89.4339775645359 91.2989593188283 90.662386809029 89.9280983916745 90.5596026490071 91.4910798756586 91.6616434653342 93.40444654683 91.4746587376672 94.3691039329679 93.0114204622251 90.5596026490071 93.4403973509929 93 87.061224489794 93.5596026490071 88.5596026490071 88 90 90.5317610487897 93.9191106906342 91.2696310312195 94.4339775645365 90.4111366400858 96 95 97.5596026490071 95.9610758210567 94.9221516421132 96.7944316799571 97.3426138667393 98 97.4403973509929 97 97.7320583862688 97 97 96.9657386133262 95.7573320719019 93.5596026490071 94 96.440397350993
95.1428571428567 93.5304095147993 91.7181375861639 91.2094877686188 89 91.7826733342336 88.7962562508443 88.2388836329223 93 81.7551020408155 87.4062035410213 81.8696445465624 89.8163265306119 91.0546019732395 89 92 91.9320854169477 94.3584268144369 93.624814164077 90.6552236788729 90.3411947560472 89.3344370860915 90.3344370860915 90.3855926476573 91 91.3071360994719 88 91.2854439789154 94.0950804162723 93.8913366671173 91.877753750507 94 99.5161508311949 96 92 97.9044465468312 94.4335045276408 95.551763751857 96.5528449790493 97 96.8518718745753 95.6060954182984 99.8566698202467 100 96.4898634950669 97 97 96.3139613461268 97.3667387484801 95.42620624409 96 95
90.7999053926191 92.3149074199226 68.7352344911383 91.1388701175852 94 91.7668603865404 90.7015812947712 91.6736045411564 89.2180700094603 84.5614947965931 84.4529666171094 88.4723611298851 86.1417083389653 88 89.763008514661 90.0944722259776 93.1020408163271 94 89.4485741316408 88.552371942157 90.2284768211908 93 87.7919313420736 89.7400324368171 92.7382754426295 86.2284768211908 89.0233139613457 90.9720232463849 92 91.4804027571276 92.0419651304227 92.2284768211908 94.626165698065 97.1329909447225 97.7346938775519 95 97.7715231788092 95.9488444384393 96.3461954318138 95.9393837005 97.9114069468853 96.135220975807 97 97.551020408164 95.8315312880127 96 97 97.6642789566176 94.7715231788092 95 95 94.2284768211908
92.7374645222351 90.6418434923628 82.6322476010267 77 94.2619272874724 92.5705500743364 91.8774834437097 91.7492904446537 90.162521962426 77.6750912285382 85.768482227328 88.9749966211651 88.200027030678 84.8974861467775 82.5042573320729 86 90.1100148668728 91 83.3449790512222 88.9691850250028 93.9770914988504 88.1225165562903 94.0050006757667 87.9082984187063 90 90.9591160967706 87 92.1225165562903 90.2828760643312 93.7342208406556 90.1611704284359 94.0725097986209 94 95 94.767198270037 99.5042573320744 97.8774834437097 95.4490471685344 96.1225165562903 95.0775104743879 95.1225165562903 96.1225165562903 97.0700094607374 99.5385187187464 97.1225165562903 97 97.5523043654543 97 96.0550074334365 96 95.5693336937427 95.6597513177453
72.0236518448445 89.9902013785645 83.3140964995257 82.9310717664534 91.6658332207059 94 88.3125422354374 89.2809839167461 92 86.4852007027954 84.0422354372222 88.4345181781344 86.0104743884311 87.9834437086089 83.7166508987692 87.8630220300025 91.1003513988382 88.0802811190707 83.0798080821744 82.0242600351402 89.9795918367339 86 86.9091769158001 89.0975131774565 85 90 86.2355047979442 90.9834437086089 93.0283822138134 93.9945938640356 93.167117177996 91 91.0293958643067 95.9874983105822 99.7225300716319 95.7142857142864 94.0216245438578 97.6569130963648 95.0108122719289 94.3778213272057 94.6517772671996 99 96.4380321665086 98.0165562913911 97.5393972158401 96.9918907960533 94.5017569941882 96.0087849709422 97.00912285444 94.4214758751178 97 97.0165562913911
91.5203405865657 92.5553453169341 92.3877551020412 93.1521827273952 91.3159210704155 90.8230842005664 89.36815785917 90.1579943235586 95.0237194215434 90.3799162048928 93.3466008920115 88 88.1836734693881 86 85.2067171239358 86.9890525746722 92.573320719016 88.1715096634673 86.223611298824 82.0408163265313 87.8938370050003 85 90.1788079470192 87.1751588052433 87.1396810379763 86.9256656304908 92.4449249898606 92.788147046899 91.7805108798494 89.1642113799156 93.934315448034 91.8141640762269 92.7955804838498 96 97.9525611569134 95.3495742667919 94.0894039735096 97 96.852209758076 96.9434383024734 96 97 98.9105960264904 97.9197188809303 96 96.0437897013108 96.9087714556025 95 95.1788079470192 96.0510879848626 95.1623868090276 95.1441411001481
79.0298013245029 80.9231652926108 85.8656575212867 90.4909447222599 92.1953642384103 90.7208406541433 88.3031490741998 85.7701040681166 68.7346938775508 80.0699418840361 88.6240032436816 89.7560481146091 83.0885254764175 84.8686308960667 91.8046357615897 86.1697526692766 90.8357886200828 89.2769968914721 85.9387755102034 82.845452088121 91.1873901878626 80.8046357615897 83.0204081632644 90.6029868901193 86.8778213272045 87.8686308960674 86.7624003243688 91.0968374104609 91.0279091769157 93.3267333423429 91.6685362886887 93.6404243816739 93.5275037167175 96.8046357615897 96.7346938775519 95.1953642384103 97 97 96 96.8245708879575 94.1196107582105 98 98 97.1953642384103 97.5730504122178 95.0956886065683 94.6058926882009 96.4269495877822 93.087714556021 97.5402081362342 93.5918367346941 94.1953642384103
