rasterData/Mauritania_SNDPPT_M_sl2_250m_ll.asc
NCOLS 147 
NROWS 151 
XLLCORNER -17.077428344 
YLLCORNER 14.734398972 
CELLSIZE 0.0833728927006803 
NODATA_value -9999 
[rows 92 to 114 of 151, columns 0 to 51 of 147]
-9999 -9999 -9999 -9999 -9999 -9999 -9999 -9999 83.2676037302334 84.8165292607114 82.1017029328287 84.6731990809568 87.2448979591843 89.2921340721732 88.4439113393705 85.8947155020941 90.8367346938764 86.996215704824 88.0842681443431 88.6581294769563 94.5281794837132 89.2828760643331 88.9714826327883 91.2585484524939 82.3013245033107 72.0774428976886 87.6293418029478 82.8855250709563 77.4645898094335 75.4143803216657 68.3868766049466 74.5402081362328 68.1380591971895 57.2815245303424 61.2390187863252 89.4581700229763 88.3013245033115 90.0360183808626 89.6986754966885 86.7957156372476 87.4453304500613 85.89545884579 84.181984051898 82.6122448979593 82.4135018245711 83.6986754966885 87.270577105014 83.5733882957165 67.8728206514402 57.3013245033115 64.9013380186509 75.7626706311672
-9999 -9999 -9999 -9999 -9999 -9999 -9999 -9999 -9999 78.5084470874451 85.1163670766323 85.3274091093385 89.040275712933 87.908568725503 83.6936072442231 84.632653061224 89.681375861601 83.423368022705 92 85.8197053655885 88.2670631166363 89.5927152317877 88.0241924584402 88.9674956075146 84.9999999999983 73.4352615218276 76.6425868360573 77.5429787809184 66.6180564941222 79.1656304906044 67 64.7724692526039 70.8446411677239 68.816326530612 69.8328828220047 91 90.4526963103121 87.067847006353 87.8784295175018 85.9724962832828 88.2099608055149 84.5283822138126 79.7059062035383 88.4791863765375 90.7589539126904 85.1958372753057 87.5927152317876 83.2161102851741 82.3330855521032 55.0037842951751 82.2102311123091 63.8172726044061
-9999 -9999 -9999 -9999 -9999 -9999 -9999 73.0055412893648 -9999 83.64387079335 88.8609271523178 88.3576158940392 81.8743073388291 82.7284768211888 86.4867549668867 90.1145425057427 87 86.7800378429522 91.8211920529785 89.9972969320177 88.8632247601045 90.031423165293 87.533112582782 86.0104743884309 88.9735099337731 85 75.1600216245459 67.8428165968394 74.0662251655641 67.9503311258276 80.7914583051756 77.0037842951706 87.2427355047972 90.0677794296516 91.6857683470743 88.7695634545205 88.6059602648991 88 85.1315042573314 88 87.6543451817807 87.831125827815 79.3679551290743 76.3185565616982 88.8163265306112 87.0733207190173 89.781456953643 84.2582781456952 80.5331125827828 90.987025273685 91.4991890796053 85.2828084876335
-9999 -9999 -9999 -9999 -9999 -9999 -9999 80.0338559264751 81.7978105149338 84.8834301932698 87.9862819299888 87.909852682797 88.3807947019852 88.1848898499819 89.6691444789795 88.3807947019852 92.6734693877528 88 85.4299229625558 86.9368157859171 88.0273685633198 88.0612244897966 85.7460467630731 88.6318421408314 85.9999999999995 85 85 74.0957561832638 65.0310852817946 70.901000135156 84.9067441546161 89.8571428571442 86.3005811596188 90.816326530612 88.5071631301512 85.676104879035 86.9067441546164 88 88.4895931882667 88 84.4170158129489 90.15738613326 87.6082578726843 88 83.3938370050029 88.4285714285703 86.5510204081639 87.2906473847822 85.3807947019852 67.2420597378061 85.9244492499011 79.7219894580338
-9999 -9999 -9999 -9999 -9999 -9999 -9999 78.25158805244 77.3645762940918 78.8621435329089 89.996688741724 86.1004189755416 92.0429787809176 83.349236383297 84.8666711717781 90.1738748479513 86.4148533585603 87.6215704824987 86.3299770239215 86.450331125831 86.3115961616421 88.9387755102034 88.3044330314892 83.9795918367348 87.4503311258297 79.7547641573201 85.970401405596 66.9112042167862 71.0646033247776 85.6511690769033 86.0214893904587 84.8964049195845 86.7700364914189 89.9495202054334 88 87 87.3178132180018 88.6448844438486 88.5179754020826 87.1065684551961 87.2748344370845 86.9046492769299 89 82.8372077307739 82.5918367346944 82.0359508041642 81.3242330044565 82.8943776185958 85.9140424381651 83.7456413028866 86.3403838356543 85.7978105149328
-9999 -9999 -9999 -9999 -9999 -9999 -9999 -9999 -9999 83.8828220029743 86.7847682119193 84.1240708203801 82.6274496553562 85.2352344911454 88.4926341397508 82.8015272334082 82.1632653061236 84.8812677388832 84.8518042978795 82.0848087579401 81.9862143532911 84.1688741721841 82.0068928233544 88 84.8311258278145 85 82.7632788214652 85.0508852547641 85.7632788214637 63.1365049330995 83.7707122584143 83.8812677388845 86.1356940127043 81.5968374104629 89.8655899445881 86.2067847006336 85.6933369374201 89.7346938775511 84.4545884578983 84.0654818218674 85.6734693877554 88.2274631706969 84 82.4054601973257 84 82 84.3821462359798 85.5202730098665 84.0169617515887 84.5420327071237 84.2481416407604 83.7553047709168
-9999 -9999 -9999 -9999 -9999 -9999 -9999 -9999 -9999 -9999 80.7771996215701 79.3769428301117 82.770509528314 83.1474523584276 77.0500743343696 81 79 68.1428571428575 76.948168671441 78.8979591836738 83.8605892688202 83.0595350723084 82 81.0212866603592 86.937086092716 86.0616299499933 84.9617515880534 79.1147452358423 82.0867684822271 84.0956210298693 84.1224489795915 81.9290444654696 85.2159075550747 88.1721178537642 86 90.2732801729965 85.0154074874982 91.2653061224489 88 88.9807406406271 91 87.3526152182744 81.6724557372623 84.852547641573 84.5339910798753 82.2596972563882 82.9672928774147 90.942627382078 90.3960670360855 87.5089201243407 82.3807947019867 83.5291931342067
-9999 -9999 -9999 -9999 -9999 -9999 -9999 -9999 -9999 -9999 78 86.7118529531016 81.7551020408157 50.904243816732 65.7842951750227 68.4772942289517 53.8507906473837 47.8940397351015 68.978916069739 79.8636977969999 79 80.8983646438702 82.1646844168129 87.0634545208811 88.043046357615 85.9795918367348 87.0448033518042 87.0612244897957 83.9964860116232 86 83.8775510204085 88.0368968779565 84.2713204487088 90.3594404649281 81.4081632653051 90.7421273145019 89.4126909041791 94.2222597648331 88 88.8576834707394 86.3555210163533 88.6679956750915 87.6756994188408 82.6025814299231 82.9569536423841 88.6480605487209 85.4252601702926 88 78.5330450060823 82.512636842817 81.0202054331666 82.4252601702939
-9999 -9999 -9999 -9999 -9999 -9999 -9999 -9999 -9999 -9999 -9999 76.0395323692392 60.641843492365 43.1575888633605 43.416610352751 52.590552777403 52.0589944587049 73 73.0182457088798 76.2980132450336 80.9305311528587 88.5886606298131 86.1898229490473 81.0234491147452 86.9999999999986 86.8366671171778 86.8570752804429 86.7988917421273 86 82 82.2615218272745 85 83.1875929179614 87.0273685633194 86.0304095147992 88.1910393296392 89.3611974591188 84.9604676307609 86 90 88.6731990809572 90.3469387755099 91.2578726854976 85.6685362886871 86.1490066225168 86.5804162724669 82.1642113799167 89.8509933774832 87.0729828355184 81.854034328963 82.2189485065553 83.1490066225168
-9999 -9999 -9999 -9999 -9999 -9999 -9999 -9999 -9999 -9999 -9999 77.1769833761295 45.9375591296122 41.1942154345111 41.8479524260031 58.8549128260544 48.6318421408275 50.893566698202 73.5775780510832 80.6429922962578 83.8575483173404 80.9843897824029 86.6129882416557 86.215096634684 83.2549668874158 88 87.2853764022146 84.030004054602 79.5291255575055 85.642992296257 86 81.2185430463569 83.673199080954 83.8631571834028 87 86.197729422894 90 87 91.103595080417 88 90 89.010406811731 84.9155291255665 84.4561427219903 84.931004189759 84.0028382213786 82.8210568995834 91.1196783349095 84.765170969049 78.3953236923905 82.3953236923914 77.0384511420465
-9999 -9999 -9999 -9999 -9999 -9999 -9999 -9999 -9999 -9999 -9999 61.1696850925776 45.0883903230176 42.4373563995125 40.351804297873 51.6738072712377 69.3609271523207 71.9087038789027 78.7615218272724 79.2220570347375 79.413096364376 81.3223408568677 85.2520610893309 82.2520610893309 85.6390728476799 84.3331531288041 85 84.3388295715665 85.4418840383978 84.610690633867 86.3167319908122 84 82.836734693878 86.7053655899423 88.574537099613 88.2728747128046 82.169549939183 70.265170969052 88.2578051088006 87.9174888498493 88.2651033923442 87.5285849439074 83.3070009460896 82.1941478578234 83.1963103122104 82.5714285714296 82.3521421813747 83.7000270306814 83.8362616569798 86.8232193539652 76.6781997567207 84.667455061491
-9999 -9999 -9999 -9999 -9999 -9999 -9999 -9999 -9999 -9999 -9999 61.8736315718349 44.7117853764038 45 45.1087984862818 62.5331125827806 68.9237734829024 72.8013245033166 76.4678334910108 78.4310717664544 84.0589268820125 83.0612244897966 83.4668874172194 82.0312880118934 85.9337748344385 82.4587106365734 86.507703743749 86.5340586565729 86.9737802405718 81.886133261253 83.5812271928647 90.0477767265892 84.836734693878 85.4668874172195 84.3716042708484 83.2758480875781 80.6888768752567 83.4668874172194 85.1523178807944 87.6760373023374 89.0446006217044 89.5331125827806 85.7046222462487 84.2937559129604 88.2763211244771 90.3046357615895 85.9337748344389 84.0326395458849 80.4369509393159 83.0095283146367 80.5020273009866 78.4668874172194
-9999 -9999 -9999 -9999 -9999 -9999 -9999 -9999 -9999 -9999 -9999 -9999 51.4271523178807 41.0958913366675 44 49.5306122448961 52.9064738478166 64.1996215704819 79 81.6164346533315 79 75.7357751047444 84.2057710501417 83.0029733747804 85.4271523178814 86.5641302878769 82.0233815380451 83.4099202594945 83.1338018651172 80.3784970942033 83.5184484389781 84.0818353831591 84.4509393161237 83.5728476821193 81.0297337478037 78.8714015407487 81.6774564130283 80.1294769563451 82.6712393566695 88.2117177997018 84.4271523178807 89.8692390863628 92.3624138397084 86.0199351263681 84.2605757534802 89.3273415326402 84.2571969185022 83.7471955669681 84.8965400729816 81.4358697121228 83.2688876875254 78.6094742532763
-9999 -9999 -9999 -9999 -9999 -9999 -9999 -9999 -9999 -9999 -9999 -9999 76.2700364914203 48.5264224895264 55 49.6295445330439 52.5952831463715 75.8571428571425 77.3605216921189 84 82.2949722935515 84.7400324368184 79.3211920529783 84.3146371131216 79.6423841059577 79.3073388295697 79.6977969995896 83.0364238410652 84.1370455466953 82.7444924989781 84.3138261927321 81.6934720908194 81.8891742127314 81.816326530612 79.6712393566686 81.4707392890921 85.6788079470217 83.7640221651588 82.458845789969 83.7367887552362 83.8951209622929 90.2077983511296 91 85.7367887552366 82.5541289363435 85.3878902554417 84.0327746992839 82.7880118934994 82.0277064468182 80.013853223408 81.318624138398 84
-9999 -9999 -9999 -9999 -9999 -9999 -9999 -9999 -9999 -9999 -9999 -9999 78.622246249496 53.0092580078414 45.7847682119221 52.8243005811609 69.2562508447111 77.8571428571425 85.1888768752518 83.4774293823469 83.5406135964347 83.9420867684857 81.0087849709419 80.4304635761559 80.8609271523112 83.0131774564129 73.5265576429195 81.6886741451564 81.9195161508263 86.171306933368 74.755102040817 82.9493850520339 86.0812271928694 80.7452358426832 83 81.0483173401808 83.7023922151664 82.6896202189436 83.2857142857142 85.7597648330852 84.6734693877554 80.5125016894188 85.424449249898 88.7847682119221 86.6401540748748 88.6002838221414 85 87.0480470333835 85.3206514393813 82.1054196513036 83.5835923773476 84.7628057845674
-9999 -9999 -9999 -9999 -9999 -9999 -9999 -9999 -9999 -9999 -9999 -9999 75.5990674415472 51.0849439113346 59.482565211515 62.6431950263558 85.5820381132566 81.4238410596023 86.5633193674802 82.8221381267743 80.3630896067027 81.795242600349 83.104811461008 81.8543722124614 79.8907284768207 85.8725503446415 80.0452763887001 80.7816596837416 78.3635626435996 83.2113123395056 88.1961751588072 79.0335856196772 78.365252061091 80.416407622652 81.0906879307989 83.4365454791195 83.781862413841 83.6331936748206 79.4129612109747 80.6180564941212 83.6734693877554 86.4389782403034 89.8328152453025 87.0669009325583 90.0505473712651 91.3817407757796 88.39991890796 85.9900662251647 90.5433166644136 81.9246519799969 83 84.4908095688603
-9999 -9999 -9999 -9999 -9999 -9999 -9999 -9999 -9999 -9999 -9999 -9999 68.0170969049848 71.0091904311386 81.7952426003513 78.185768347074 79.1654953372087 76.4403973509935 82.4856737397 87.7992296256255 73.0810920394646 78.1774564130314 85.9902013785655 79.0473036896872 79.0033112582804 81.0406135964318 82.1319772942252 86.0612244897957 81.9186376537372 80.7962562508437 77.0033112582779 79.0028382213811 87.5085822408447 82.1896877956478 82.4062035410182 80.1260981213679 80.760913636979 81.2644276253548 79.8642384105951 78.3061224489794 89 89.3524124881733 85.7355723746443 86.3910663603186 88.4062035410187 91.2762535477818 89.9966887417221 90.4678334910121 87.4947965941336 92.9966211650226 88.4678334910125 83.5513582916604
-9999 -9999 -9999 -9999 -9999 -9999 -9999 -9999 -9999 -9999 -9999 -9999 -9999 76.8096364373596 79.7142181375856 82.8351804297877 82.249155291257 82.8349101229885 83.4899986484691 77.9895256115691 83.1110285173677 82.2250979862162 81.8523449114741 79.3691715096647 85.692052980132 87.1848898499807 82.1813082849079 78.9811461008244 81.8805919718876 89.600486552235 80.1801594810118 82.5383159886487 81.6804297878091 84.4922962562497 83.735166914448 85.897350993377 84.025138532234 80.0754155967026 83.897350993377 82.6206244087036 83.5318286254906 90 89.5566292742247 91 89.2067171239367 86.7105014191079 89.4133666711712 87.5243276118397 91.5421678605216 88.102649006623 86.5783213947837 87.0915664278946
-9999 -9999 -9999 -9999 -9999 -9999 -9999 -9999 -9999 -9999 -9999 -9999 -9999 65.2584132990926 79.5021624543869 76.1952290850094 84.3037572644952 79.9465468306522 80.0255439924316 84.4594539802702 85.0929179618862 82.8398432220587 80.8084200567653 81.0170293282875 83.1655629139123 81.2247601027155 87.8061900256836 86.3512636842846 83 92.0212866603595 88.5369644546578 87.9403973509942 86.2924719556691 84.2718610623033 88.0644681713764 82.395931882685 85.9852007027978 89.9446546830656 86.7738883632921 87.2422624679012 85.1404919583721 85.725435869712 88.1319772942284 91.6122448979593 89.7913907284779 74.1594134342542 88.3424111366418 86.9515475064192 88.2086092715222 88.6123800513574 87.2213812677378 87.2298959318813
-9999 -9999 -9999 -9999 -9999 -9999 -9999 -9999 -9999 -9999 -9999 -9999 -9999 77.0511555615637 77.9243140964996 78.4932423300451 83.2469928368665 85.1750236518437 81.9545884578993 86.1077848357882 82.6734693877559 77.0923097715934 81 84.9195161508314 82.6854304635758 86.3693742397623 88.3145695364242 84.2626706311645 85.9743208541695 89.6669820245988 88.2760508176785 90 84.2469928368707 85.9318826868496 84.4544533045005 88.070617651034 87.6157588863338 90.4129612109746 86.9389782403032 87.3145695364242 84.3588998513311 85.3469387755099 86.8009866198131 88.1925935937291 85.4056629274228 84.849101229899 90.3077442897683 87.6363022030004 87.8459251250168 89.5230436545469 87.1896202189485 82.3858629544548
-9999 -9999 -9999 -9999 -9999 -9999 -9999 -9999 -9999 -9999 -9999 -9999 -9999 76.9055953507224 82.0530477091486 80.0240573050409 86.193539667527 87.676915799431 86.3690363562648 87.4796594134351 85.9526963103124 87.0354777672662 86.0064873631571 87.0118259224219 85.84105960265 88.9710095958914 89.9591836734704 89.8253818083489 90.163265306122 91.7221921881303 90.6994864170807 92.0827814569527 93.0686579267469 87.3432896337351 91 92.4864846600916 85.6824570887943 88.1988782267895 89.2549668874187 87.6938775510206 86.6097445600763 87.5794701986744 84.36660359508 91.2246925260165 85.0693336937378 84.0681173131493 90.739829706718 90.8055818353851 88.794026219759 85.4897959183678 81.7671306933366 86.3906609001198
-9999 -9999 -9999 -9999 -9999 -9999 -9999 -9999 -9999 -9999 -9999 -9999 66 77.6327882146244 82.71975942695 87.3962697661843 85.5178402486825 88.8192999053917 87.9820245979186 86.9041086633323 84.6911069063395 82.5379781051497 81.5673063927561 86.4627652385453 91.9999999999996 90.9806730639277 91.0214893904577 83.4942559805384 92.9613461278553 95.0054061359645 94.3395729152597 87.0974456007547 90.3805243951896 91.9902689552641 86.0529801324512 90.0122313826177 91.3208541694793 88.9859440464925 88.6617786187325 85.8388295715637 87.9719556696844 88 83.9127584808758 86 87.5264900662256 83.6991485335848 88.7636167049603 87.3124746587383 84.7680767671311 82.4897959183678 83.8597107717268 76.1027841600191
-9999 -9999 -9999 -9999 -9999 -9999 -9999 -9999 -9999 -9999 -9999 -9999 60.8199756723887 77.0001351534153 83.4560075685862 83.183673469388 84.0669009325483 86.8192999053915 92.1223138261938 91.5242600351319 87.6240708203838 87.7513177456374 88.7309095823719 90.7480064873588 83.2649006622566 82.7092850385144 85.6216380591994 87.6549533720793 91.8667387484797 93.6975942694916 95.4774293823473 92.5946073793775 92.2216515745408 92.3514664143806 91.5716313015245 89.367549668872 88.8451142046226 90.3943776185976 87.3467360454138 83.632450331128 88 84.3220705500684 85.3673469387751 86.7121232599052 81.1500202730088 85.4578997161774 81.9815515610177 82.9076226517042 83.4199216110231 85.6902284092431 83.2486822543628 79.9809433707288
