rasterData/Mauritania_CLYPPT_M_sl2_250m_ll.asc
NCOLS 147 
NROWS 151 
XLLCORNER -17.077428344 
YLLCORNER 14.734398972 
CELLSIZE 0.0833728927006803 
NODATA_value -9999 
[rows 72 to 95 of 151, columns 0 to 53 of 147]
-9999 10.9534396540074 12.3642384105975 11.1168401135291 9.89221516421093 9.11001486687508 11.5174347884843 9.06318421408324 8.38971482632834 9.1240032436809 7.05203405865688 12.2653061224492 11.6175834572228 9.18211920529876 10 9.03345046627941 6.86646844168049 8.79186376537277 10.8401811055544 9.1635356129214 8.08163265306102 10.1709690498722 9.95918367346949 10 8.18211920529946 8 9.81788079470124 8.94992566563071 7.24888498445788 7.18211920529876 6 6 6.31565076361699 4.14866873901936 7 10 9 13 8.18211920529876 10.7496283281528 7 9 6.81788079470124 6.81639410731174 8.44161373158514 12.4673604541159 11.3672117853755 12.5548722800378 18.9230301392046 5.91079875658828 6 8.24530341938231 5.53263954588521 6.75097986214299
-9999 10.8647790241922 25.6825246654943 12.3051087984858 9.5704824976334 8.56413028787712 8.15948101094682 11.5648736315716 9 9.78206514393856 5.82544938505499 7.28807947019946 7.71192052980054 9.57615894039892 5.85471009595896 8.13076091363699 6.1632653061236 8.0411542100286 9.62805784565674 8.92735504797978 8.05811596161622 9.01763751858384 10.0235166914448 9.0058791728612 8 8.71192052980054 7.27632112447732 6.75550750101267 7.34619543181568 6 6.87755102040848 9 5 5.07284768212138 5.77071225841252 9.44789836464454 8.28807947019946 9.42384105960108 11.2880794701995 10.4759426949593 10.2324638464653 8.65306122449013 5.10582511150173 8.64724962832711 7.11758345722411 6.24692526017033 6.71192052980054 8 3.98824165427713 3.85889985133075 5.53061224489786 6.71192052980054 5.71192052980054 5.852480064875
-9999 -9999 19.1769157994322 12 9.40816326530609 9.85349371536701 8.77740235166898 9 6.45519664819607 8 8 6.05622381402907 8.19299905392662 7.0884578997165 7.39403973509912 8.49466144073527 8 7.94370860927141 6.60596026490088 8.95979186376553 9.60596026490088 10.0612244897966 6.97526692796329 6.98763346398165 7 6.38599810785223 6 7 6.63812677388848 8 8.46823895120924 7.33774834437121 7.67029328287608 6.78287606433287 10.6290039194494 8 9.60596026490088 9 11.2857142857142 9 10.0691985403434 7 8.91147452358479 8.15279091769144 7.6413704554665 6 6 7.18495742667904 7 7.5102040816322 6.2090823084199 9.60596026490088 7 11.2332071901604
12.2551020408157 -9999 -9999 22.2142857142843 8.50000000000085 7.30612244897952 9.08163265306056 9.49999999999974 7.49999999999915 7.34693877550958 8 3.09183673469577 10.877551020408 9 8.89795918367322 7.90816326530617 8.58163265306251 7.42857142857052 9.06122448979646 7.10204081632618 6.95918367346942 7.96938775510174 9 10.9795918367381 6.50000000000171 7.98979591836736 6 5.06122448979731 8.37755102040926 7.9489795918364 7 7 5 7 8.39795918367441 7.72448979591931 12 8 8 7.84693877551056 7.50000000000085 9.65306122448672 8 6.88775510204049 7 6.50000000000085 5.22448979591841 16.4999999999991 3.50000000000085 3.25510204081653 6.23469387755147 5.27551020408088 2 2.40816326530678
17.9810785241229 -9999 -9999 -9999 9.64137045546641 9 9 12 8.39403973509845 7.72658467360518 7 8.10454115420986 10.4575618326804 9.55838626841494 8.71550209487765 6.81632653061202 6.49297202324634 7.05629139072849 9.06352209758075 12.1683335585887 8.55649412082808 8.56886065684593 6.98391674550623 8.60596026490155 6 4.60163535613007 7.1871874577669 7 6.96783349101245 8.41566427895602 7 7 6 6.3216650898762 6.39403973509845 7.55838626841512 10.1483984322199 6.71050141911132 9 8.72658467360508 7.59190431139268 8.67779429652632 9.85525070955583 5 5 10.6059602649015 13.7698337613223 17.3940397350985 4.89620218948428 8 4 2.27206379240511 14.0562913907282 15.23320719016
19.3772131369071 -9999 -9999 -9999 11.8824165427764 9.1598188944456 8.10960940667556 12.2469928368701 10.1529260710908 8 8.08230842005664 12.5230436545485 10 8.71192052980224 9.14528990404139 6 8 9 9.62474658737657 6.9567509122854 8.97648330855534 8.33166644141063 8 11.0058791728612 6 7 7.01175834572207 6 8.71192052980224 8 7 7 6.16326530612203 6.76483308555292 8 8 10 6.4997296932002 8.00236518448359 8.49398567374047 9.23246384646585 8 10.3673469387751 7 9.30125692661225 7.71192052980224 8.39228274091192 2.62224624949244 6.34869576969879 4.34869576969938 20.7119205298022 14.7392215164229 17 17.461075821057
-9999 -9999 -9999 -9999 -9999 12.1759021489401 7.48256521151458 11.0557507771318 11.8773482903102 10.567509122855 8.86991485335933 9.60089201243467 8.77328017299742 7.81639410731082 8.79591836734678 7 7.18367346938201 9.31220435193768 9.76233274766863 8 5.79970266252224 6.06122448979661 6.99256656304912 7.16171104203181 8.18211920529845 7 7 7.0500743343694 7.8327476686047 6.91654277605031 6.18211920529706 6 6.36869847276887 6.18211920529706 7.96283281524559 7 11.0446006217051 9 9.23368022705789 8.74962832815232 9 8.83518042978719 9.48256521151414 5 2.10778483578815 4 5.44897959183606 17.3130828490361 18.0725097986203 9.84585754832062 4 17.83646438708 13.2989593188257 19.5583862684144
-9999 -9999 -9999 -9999 -9999 9.04662792269174 35.6964454656036 14.0528449790506 14.0264224895253 11.3061224489797 10 8 7.01865116907674 8.96580619002592 8.81146100824404 9.06217056358896 8 8 7 6.91350182457101 6 6.94343830247261 6.95918367346949 7 6 6.98114610082448 7 7.13272063792305 10.0761589403965 8 7.92384105960351 6 6.98756588728224 6 6.0917015812937 8.07615894039649 8.07615894039649 8.67874037032099 11.6598864711455 9.56487363157347 8.10258142992185 7.02642248952529 3.5196648195681 11.847344235712 7 5.94418164616539 18.4831734018099 7.04041086633286 19.35788620084 15 17.0357480740637 14.1543451817798 13.152317880793 19.0310852817945
-9999 -9999 -9999 -9999 -9999 -9999 31.4302608460618 26.9189079605346 10.0200702797671 12 10.7270577105006 6.97019867549732 7.73259899986468 7.24760102716626 8.00608190295974 8.18367346938798 6 6.14285714285751 15.9734423570797 7.0565616975255 7 7.08737667252341 5.04081632653051 10 4.00000000000003 2.02919313420671 8.97019867549732 9 7.07919989187713 6.00304095147988 5.11879983781569 7.02980132450268 7.83673469387797 8 8.16819840519015 7 8.02250304095105 8 8.6631977294241 7 8 5 5.84139748614914 5.98844438437652 8.58636302203063 13.5245979186397 21.5376402216526 4.46938775510169 6.5050006757663 6.49499932423289 30.4849979726999 19.5345992701715 29.4224219489149 25.9282335450752
-9999 -9999 -9999 -9999 -9999 -9999 -9999 -9999 -9999 12.5124341127172 9.59082308420125 7 7.13576158940332 1.13576158940332 6.86423841059668 6.26956345452064 6.97783484254624 7.01939451277195 12 5.01385322340846 6 6.05291255575142 4.04081632653051 4.86700905527837 0.135761589403945 7 7 8.81132585484604 9.87532098932345 6 7.43992431409561 9.87653736991592 6.72313826192819 5.97506419786467 7.79591836734746 9.04703338288819 6.13576158940332 9.0360183808621 7 7.40032436815724 8.71779970266254 4.74726314366785 8.31747533450456 9.58176780646058 7.76091363697723 15.9224219489122 17.3880254088387 19 20.5794701986756 26.6175158805219 28.1249493174748 4.53716718475436 13.4938505203407 13.0554128936341
-9999 -9999 -9999 -9999 -9999 -9999 -9999 -9999 -9999 10.3258548452495 11.2417218543057 9 6.66914447898606 7 7.79591836734678 5.94195161508226 6.24172185430573 10.2071901608334 8.02959859440509 6.78294364103151 7.93809974320879 8 1.62616569807308 7.02040816326525 1.75827814569448 8 8.7054331666478 7 6.77801054196408 7 6.21212325990102 7.96546830652808 6.87619948641758 8.1973239626985 6 6 7.94080281119079 9.23719421543032 7.45837275307543 12.8966752263799 12.1627922692264 8.75827814569428 9.03682930125513 7.05230436545317 9 12.9654683065272 18.5510204081639 16.4016083254514 22.6131233950537 24.7251655629172 17.8401135288549 18.0740640627102 5.32497634815487 4.6461008244358
-9999 -9999 -9999 -9999 -9999 -9999 -9999 -9999 -9999 11.3578862008378 9 10.7346938775508 9.73746452223295 7 5.40816326530644 6.06385998107861 7.05676442762576 7.4408703878905 7.92012434112634 11.3122043519396 8.02838221381261 8.61238005135783 6.63988376807679 9.63190971752944 13.3046357615894 8.00709555345315 7.36011623192294 7.63366671171785 6.34768211920531 6.65231788079469 8 7.65231788079469 7.10650087849682 8.65231788079469 7 7.77551020408155 7.84024868225533 11.5207460467631 12.3666035950805 10.5458845789972 8.53953236923865 8.57399648601142 7.36734693877511 11 10.8801865116901 13.9877010406786 19.1915799432358 21.7140154074877 24.1156913096358 10.9718205162863 17.8383565346669 6.16786052169194 3.91911069063364 3
-9999 -9999 -9999 -9999 -9999 -9999 -9999 -9999 -9999 -9999 11.0383159886466 8.26530612244915 11.1338018651172 7 7.6389376942829 6 7.54284362751805 9 8.46499526963132 8 9.46121097445618 11.5406811731312 7.43512636842843 8.53520746046744 7.00000000000039 8 6.54635761589381 7 7.45364238410619 7.45364238410619 6.52054331666444 5.36660359507797 6.91079875658899 7 6.56514393836995 7 8 10.8028111907012 12.5700094607382 7.6938775510206 7.07642924719544 9.4858088930937 7.65434518178125 6.93411271793449 13.4442492228692 16.5066225165564 7.79632382754447 18.3233545073663 7.12427355048052 13.3149074199215 18.2072577375323 18.7546965806188 14 4.05487228003751
-9999 -9999 -9999 -9999 -9999 -9999 -9999 -9999 -9999 -9999 10.8282876064324 11.3209217461814 11.6674550614954 8.34153263954513 7.64447898364616 10 9.90863630220229 7.47965941343442 8.42255710231002 8.44039735099294 8 11.4298553858619 11.0408163265305 8.55960264900706 8.44039735099256 8 5 9.47465873766672 6 7.44039735099294 9.66745506149485 6.44039735099294 7.46823895121023 7 8 9.22448979591845 13.3325449385055 10.9414110014866 6.88079470198588 12 7 7.80585214218141 6.64596567103612 5.44147857818661 5 4.55960264900706 18.9386403568059 4.44039735099294 15.4403973509929 16.5102040816322 15.9947290174354 15.9257332071887 7.09697256386079 5.55960264900706
-9999 -9999 -9999 -9999 -9999 -9999 -9999 -9999 -9999 -9999 9.00047303689749 8.51101500202652 11.7542911204219 7.48384916880627 7.66556291390851 7.18367346938798 7.33443708609149 8 9.54311393431539 9.82970671712477 7.63853223408678 8.37518583592309 10 8.01358291661034 8 8.02040816326524 7.98634950669048 11.203743749155 9.02730098661964 7.96587376672519 5.75550750101383 6.57048249763676 7.33443708609149 11.1118394377654 11.2040816326525 13.2916610352758 10.4155291255564 10.0195972428715 8.33443708609149 7.33112582781702 7.21732666576587 6.7690904176238 10.3344370860915 18.9269495877801 19.3939045817013 17.4744560075701 4.51689417488885 4 18.1690093255858 14.7115826463044 8.70982565211241 5.63326125152017 2.85714285714334 5.1979321529927
-9999 -9999 -9999 -9999 -9999 -9999 -9999 -9999 -9999 -9999 17.910122989592 8.20468982294951 7.17252331396024 6.99601297472851 9 9.44330314907613 8 10 7.44539802676155 8.69279632382894 8.87403703203147 8 10.2191512366524 11.9591836734695 12 8 11.9591836734704 6.2284768211908 6 7.79483714015532 10.6770509528328 5.77152317880921 8.0373023381535 7.62981483984408 11.2040816326525 11 7 9.93938370050041 8.71428571428584 8.77152317880921 7.15387214488366 12 20.8316664414139 17.0706852277351 14.8582916610342 15.8855250709519 23.7880118934946 18.8787674010007 19.510204081633 6.90383835653451 6 11.0316258953811 7.20009460738088 5.91356940126816
-9999 -9999 -9999 -9999 -9999 -9999 -9999 -9999 -9999 -9999 10.4607379375579 8.12251655629031 7.63258548452536 7.31950263549127 6 6.86133261251464 9.12251655629031 4.98249763481563 8 8.01250168941734 9 7.88498445736021 11.1533315312869 14.1200162184068 8.87748344370895 8.0075010136504 6.96418434923721 8.44141100148932 1.70496012974264 6.7879443168001 7.90748749831132 5.87464522232836 7 6.100013515339 16.8368698472755 7.70800108122773 10.0300040546015 8.76719827003625 10 7.0850114880382 28.8774834437097 17 18.8001756994177 23.979456683338 7.75496688741939 3.50141911069222 4 3.1800243276102 5 16.1225165562903 7.06500878497035 4.31254223543439 5.12251655629031 5
-9999 -9999 -9999 -9999 -9999 -9999 -9999 -9999 -9999 -9999 11.3022705771059 12.7468576834708 5 6 10 8 6.01655629139111 8.98344370860889 7.01655629139111 7 8 9 13.9439789160695 9.96337342884141 6.98344370860889 4 4.73780240573394 9.93978916069762 7 10.1003513988381 13.091363697796 22.2786187322583 16.3542370590618 13.1671171779969 19.2894310041943 11.0037167184756 9.75510204081781 10.9790512231378 10.7308420056769 8.28449790512163 17.0165562913911 8.35200702797655 7.62217867279378 7 17.9902013785644 12.3424787133453 18.8979591836721 15.0865657521299 8.02817948371494 6.49013380186556 6 20.4300581159583 19.3978240302739 6
-9999 -9999 -9999 -9999 -9999 -9999 -9999 -9999 27.1983376131884 -9999 12.1277199621565 12.0656845519662 6.40181105554804 9 3.65393972158519 6.10582511150117 1.98540343289629 10.7805108798486 9.08940397350959 8.08028111906987 7.07433436950923 7.91606973915432 10 8.01858359237731 6 9.13245033112906 9.08575483173378 10.9105960264904 8.16373834301882 8.98736315718255 13.2228003784288 19.7317880794712 13 17.4567509122856 21.5069604000525 11.0693336937421 30.3580213542355 8.28902554399228 9 6.63184214083026 8 8.62569266117081 12.1788079470192 9.52642248952489 4.96350858224103 19.7573320719022 19.1696850925793 21.6619813488307 17.4645898094342 5.93580213542474 17.0474388430867 13.6938775510237 4.56906338694386 3.49756723881637
-9999 -9999 -9999 -9999 -9999 -9999 -9999 34.1275848087577 -9999 9.94904716853583 11.7142857142852 10.1036626571157 7.14920935261577 7.77551020408069 6.81436680632626 5.81632653061202 5.77273955940006 11.8604541154214 7.97607784835767 8.82457088795804 7.08163265306101 6.04926341397544 6.77179348560654 6.80862278686338 6 8.19935126368395 12.7406406271115 9.755372347615 13.2504392485482 11.7025949452627 11.6075821056907 14.6896877956494 9.22726044059964 19.3431544803351 16.9289768887689 13 13 7.51250168941703 12.8046357615897 12.949047168536 9.21536694147926 8 11.3854574942566 7.92424651980012 16.5237869982424 20.3448438978233 9.63873496418476 18.9507365860246 9.41052844979098 19.9043113934316 28.6767130693334 17.5310852817945 12.8897824030278 11.1418434923621
-9999 -9999 -9999 -9999 -9999 -9999 -9999 -9999 8.73239626976663 10.2757129341799 14.6986754966885 11.4067441546157 8.75510204081566 6.77551020408069 7.69867549668851 11.2459791863767 7.4153939721594 9.3013245033115 7.03818083525004 9.6431950263552 2.83017975402166 6.34410055412965 7.0285173672117 6.71293418029436 10 15.5618326800925 5.32984187052258 6.06122448979571 11.6416407622651 13.4588457899715 19.9631031220436 14.258278145696 19.4957426679274 26.0766995539941 23.2298283551816 7 7.22753074739892 8.07994323557242 8.91390728476818 9.41816461684056 11.0983916745506 9 9.37599675631919 9.84315448033504 10.0500067576695 9.72989593188183 7.332071901609 7.95722394918185 18.9795918367339 25.5449385052032 19.7707122584136 14.7170563589668 17.1035950804162 7.12832815245207
-9999 -9999 -9999 -9999 -9999 -9999 -9999 -9999 -9999 11.5927152317876 12 12.6725908906615 8.55243951885463 8.09143127449704 12.3895120962285 12.183673469388 7.09676983376193 12.576631977295 6 11.3657250979868 7.9516150831195 8 6.93499121502924 6.02040816326525 8.00000000000085 14.5685227733474 13.9667522638202 12.864305987294 19.3003108528168 12.3061224489811 19.8871469117455 21.2436140018908 14.7480740640637 19.5161508311939 18.0275037167168 7 7.54730368968784 10.4015407487491 9.83065279091789 12.0275037167172 10.2578726854975 9.33031490741998 11.2617921340744 7.36288687660475 7.24104608730958 10.978713339642 8.40728476821237 11.5927152317876 10.1854304635753 29.2040140559534 9.7897688876909 19.7338829571562 7.83585619678405 8.81456953642474
-9999 -9999 -9999 -9999 -9999 -9999 -9999 16.3413974861454 -9999 12 8 7.64238410596084 14.3675496688733 12.6490066225189 8.61258278145756 6.79118799837929 9 7.73320719016103 6.05960264900717 4.48945803486904 5.1346127855097 3.96857683470699 6.48675496688675 7 6.02649006622691 7 13.8609271523154 18.1836734693871 13.918367346939 16 11.6356940127048 13.5752128666078 5.91620489255315 4.51324503311325 6.31423165292568 8 8.88079470198764 10 12.8684957426686 10 10 8.65562913907179 10.9735099337735 15.4927017164478 8.18367346938883 10.6953642384091 8.21854304635699 10.7417218543048 12.748614677659 4 3.98756588728144 11 10.3046357615902 15.288079470198
-9999 -9999 -9999 -9999 -9999 -9999 -9999 14.2148263278827 13.4586430598725 10.1165698067302 9.90491958372955 8.63522097580449 7.90674415461561 8.38079470198522 4.90100013515483 8 3.26436004865733 5.38079470198523 8.33166644141467 6.44397891606815 4.97263143668015 4.34288417353491 6.63474793891209 5.36038653871997 7.99999999999947 7.61920529801478 7.02527368563264 14.2850385187215 20 15.8202459791858 6.16907690228347 4.57805108798127 11 7.18367346938798 8 9.61920529801478 9.71246114339835 11.8989728341672 9.61920529801478 10.1165698067301 11.2564535748065 8 11.3917421273157 8.61224489795932 13.1554264089734 7.35383159886626 11 9.32855791323254 10.6192052980148 16.551020408161 9.69475604811369 9.89795918367458 9.8093661305569 11.747263143667
