rasterData/Mauritania_SNDPPT_M_sl2_250m_ll.asc
NCOLS 147 
NROWS 151 
XLLCORNER -17.077428344 
YLLCORNER 14.734398972 
CELLSIZE 0.0833728927006803 
NODATA_value -9999 
[rows 115 to 137 of 151, columns 52 to 103 of 147]
86.292336802269 84.9220840654147 81.10143262603 71.8345046627935 66.8042978780948 83.2668603865375 68.4984457359044 76.8438978240345 68.2238140289243 66.7384105960283 76.2584808758027 79.5918367346922 66.8905257467198 83.2967292877408 84.1428571428576 75.2118529530926 75.1017029328218 85 80.7711177186081 81.1010947425347 77.9849303959988 79 85.4974320854146 83.5125016894141 82.9679686444126 84 87.7651033923516 85.4744560075663 87.2615894039718 89.8367346938781 88 88.2288147046929 88.4273550479775 85.7384105960282 85.4537775375022 89.0241248817418 91.5370996080598 86.4324233004427 85.7492228679526 86.7784835788682 85.1174483038245 83.1067711852943 85.9933774834458 81.3315312880122 84.7922016488696 85.1183943776177 86.2465197999712 84.1388025408829 83.8570077037484 85.7956480605473 86.6010947425271 86
81.4824976348156 60.2757805108781 72.5849439113409 68.3213947830794 66.9166779294487 80.8768752534133 60.8970806865795 62.2190160832557 65.7346938775508 69.0589944587136 78.8962021894843 82.2805784565476 68.3494391133949 69.2934856061628 85.2984862819299 80.1473847817331 82.3648466008898 81.905662927422 79.5336531963772 80.9528314637105 74.037640221653 76.6887417218554 80.4464792539525 80.1148128125418 85.1556291390723 85.4641843492382 86.8602513853227 88 89.409649952695 89 88.09845925125 87.1556291390723 88.0349371536692 85.2318556561687 84.6663062576034 87.6475875118266 87.0476415731853 87.1383970806839 84.1079875658868 83.6326530612254 83.0850114880413 85.0963643735664 85.120624408705 85.9305311528602 85 90.5864305987293 87.7822002973382 82.8657250979867 83.8280848763352 85.5491958372756 84.7474658737664 88
81.4640491958371 61.9706041356944 65.521016353562 68.5698067306396 67.064873631571 83.3103122043527 73.3725503446412 64.9290444654692 78.5190566292733 78.2702392215169 64.3015272334093 73.7462494931745 65.5418975537247 70.1967157724016 86.093188268686 71.8312609812002 69.8063927557801 82.0496688741716 79.9387755102034 76.0040546019733 76.881267738884 79.9503311258284 80.0010136504933 82.1748884984444 80.9503311258284 82.1449520205417 81.2932828760612 90.0352750371677 88.0922421948902 88.8864035680497 85.1431274496552 88.7207055007406 88.3599810785259 87.4848628193014 84.9766860386541 80.3708609271506 78.0496688741716 83.3405865657486 84.7351669144473 81.6326530612254 83.9614812812547 78.3990404108653 85.1499526963115 84.4763481551551 82.4460737937563 88.0253412623325 87.0496688741716 87 86.3547100959602 84.078051087984 83.0496688741716 84.4181646168396
55.203405865655 78.6481281254224 62.0218272739562 76.6474523584307 67.6375861602923 65.9804703338287 70.3061224489797 70.2937559129619 75.0685227733456 79.2586836058938 79.7474658737659 77.8407217191509 80.7037437491535 68.2195566968519 77.0463576158932 85.8913366671162 84.1363022030007 79.1850250033806 74.8281524530324 77.9483038248406 76.0192593593736 77.9437086092708 80.0215569671568 82.941411001486 80.8878902554435 86.7850385187187 86.9379645898087 80.2281389376952 68.9678334910118 88.4622246249474 93 87.9770239221514 85.2681443438301 85.8251790782553 83.3330855521017 84.7303689687805 87.2670631166364 87.8690363562628 85.3469387755099 86.6682659818909 88.2096904987135 84.8496418434908 81.6054872280055 84.536288687661 85.0562913907292 84 83 84.6431950263562 84 85.024124881741 82 82.8444384376273
68.9498580889309 70.1498851196128 59.487092850385 62.7350993377497 56.8495066900933 70.5112177321262 78.6442086768484 69.3784295175029 79.1022435464233 78.5725773753221 75.5748074064062 72.6667792944992 72.0812271928621 86.2396945533197 81.8921475875109 81.8774834437096 78.7191512366538 77.108122719287 76.2135423705904 76.9591836734687 82.8239626976621 78 78.006622516556 79.1214353290979 83.10258142992 79.4735099337726 84.085484524935 80 84.1622516556284 86.7019867549682 87.846127855116 88.8290309501287 88.7589539126913 85.8774834437091 86.2653061224481 85.5638599810765 84.0496688741719 89.2017840248728 83.9620894715483 82.7181375861589 84.0629139072844 86.7540883903233 86.0695364238406 84.6112312474644 86.0860927152313 84.9172185430468 87.5725773753206 86 85.5091904311391 88.4285714285712 87.5918367346941 86.3248411947562
64.2753074739829 79.9022165157442 72 58.7282740910917 57.082105689958 73.4781051493459 53.530139208001 77.7000946073831 83.2723340992018 67.4390458170011 81.7317880794695 62.722394918232 70.1446817137363 78.6734693877545 81.3240302743626 76.4235031761073 75.860048655222 82.2084741181244 77.5881200162181 75.7835518313288 81.2478037572644 80.7317880794695 75 79.0868360589254 81.0283822138117 85.2682119205305 86.2682119205305 84.9343154480336 85.2473982970662 88.0611569130976 88.646641438032 90.1493445060138 88.2243546425205 88.7825381808327 87.8535612920662 91 89.5077713204486 84.9416813082864 81.0143262603066 82.3679551290689 87.074874983103 89.0498716042737 84.6168401135281 85.6151506960386 84.424584403298 87.8070685227718 84.5007433436951 85.9024868225431 85.2682119205305 89.1532639545889 86.4330990674413 85
80.2313150425734 78.5154074874967 59.6258278145699 55.2680767671316 60.0345316934724 57.346938775509 72.4001216380592 65.9271523178806 63.1796864441137 67.7346938775536 56.0931882686841 70.7361805649438 79 83.8567373969451 86.8921475875099 83.2208406541428 79.6463035545331 75.1121773212604 77.3895796729286 77.3077442897706 77.9923638329501 74 81.9744560075697 76.0152723340992 86.2745641302879 81.4558048384911 82.5782538180809 86.5491958372759 87.7327341532638 85.6869171509665 88.5578456548172 86.8896472496293 89.8048384916873 78.1842816596811 84.9578997161773 92.9659413434262 87.8084200567646 87.6530612244881 85.3469387755099 86.518448438978 86.7573320719018 85.0725097986209 86.5714285714292 85.5803486957694 86.095215569672 84.6258278145699 89.0127719962157 87.3320719016085 84.9618191647522 88.0534531693473 85.7785511555617 85.6122448979593
79.8628192999057 79.4849303959923 74.2696310312216 61.356804973646 72.5468982294918 71.8861332612499 84.4922962562511 82.5312204351953 78.7746317069872 73.1573861332591 83.5996756318398 82.350520340588 72.7605757534783 74.0267603730224 76.07426679281 79.5389241789446 79.417826733341 73.5623057169883 75.9093796458971 77.0016218407893 81.4801324503319 79 80.5190566292736 83.4817542911211 83.0293958643051 83.5225706176516 87.7959183673492 85.8775510204086 65.263481551565 87.2813893769407 84.1836734693871 84.2444249222892 91.1167049601292 89.117651033925 91.7346938775519 91.371333964049 87.5623057169887 88.1697526692789 85.5060819029596 88.7213812677371 86.1861738072713 83.4874307338835 86.9602649006637 82.5198675496681 83.5306122448979 86.2255034464128 85.5198675496681 85.7348966076508 82.6040681173127 81.5028382213812 80.4924314096505 82.7060413569396
84.9063386944192 80.1689417488843 82.7727395593987 74.1917150966293 75.8563995134484 59.6244762805733 61.2988917421315 82.3003784295192 74.29754020814 74.4847276659035 66.7176645492666 80.4547911879929 84.1836734693881 87 81.6452223273438 74.9610082443657 76.3118664684386 77.9183673469382 82.4139072847657 79.9760778483574 81.3970131098767 71.4139072847657 78.3117313150354 67.3899851331236 88.4244492498961 84.46175158805 63.9649952696256 66.1148803892371 86.5860927152343 88.2308420056752 80.4318826868532 87.964860116231 88.4002567914625 85.0676442762526 91.5791998918781 87.8325449385049 89.0667657791614 84.8086227868628 84.5166914447873 84.5262873361304 85.8395053385604 84.6847546965798 84.1627246925228 85.6419786457594 88.6774564130339 87.0084470874442 85.8278145695315 82.2555075010123 83.0909582375959 81.9115421002795 81.2359778348374 81.1604946614397
79.7029328287629 81.3572780105436 86.3841059602689 79.3505879172946 65.2401000135164 63.8417353696503 68 83.3188268684929 82 82.7427355047944 75.5610893363913 66.1398161913799 86.3135558859336 84.4209352615204 86.4068117313137 78.0847411812418 75.5097986214392 80.0816326530618 83.9387755102034 79.7046222462516 76.2003649141686 70.3079470198656 71.5813623462605 67.3841059602689 78.5102040816475 69.440600081096 83.5977834842583 77.3993782943599 83.9011352885549 85.6417759156668 82.3079470198656 71.4237059062037 84.3064603324724 90 92 89.7142857142864 86.6957021219073 81.4333693742388 74.664684416796 81 83.7316529260707 87.8743073388307 87.8245033112559 83.5872415191224 82.7721313691055 85 83.1508311934035 79.3079470198656 82.4489795918369 83.9120151371815 79.182254358696 79.6588728206552
72.9437086092717 75.7426003513996 79.798013245034 81.201986754966 74.9576969860789 60.4128936342736 64.0095958913395 81.771996215704 82 69.092377348292 73.2244897959186 78.1607649682381 62.3485606162991 81.798013245034 86.0288552507095 77.9752669279631 83.8371401540738 81.201986754966 66.644884443846 66.969522908505 79.0162859845932 72.3940397351019 83.8388295715628 76.0281119070105 74.7268549804097 81.716380591973 81.6372482767952 79.8474793891071 79.9176915799401 77.3908636302194 87.1465738613323 87.7959183673475 89.0678470063519 90.0989322881464 89.3307203676198 84.8514664143836 86.0618326800915 85.798013245034 86.3061224489802 83.7346938775491 85.8991755642641 88.8351128530894 85.5122989593215 87.909312069199 84.5765644005943 85.3908636302207 79.3949858088935 84.7520610893375 76.5352074604694 73.8297067171225 83.8250439248565 84.977159075552
82.475402081363 82.1092039464788 70.8787674009974 82.0254764157315 80.0666306257597 75.147384781731 57.6122448979593 67.6835383159855 75.2572644952088 69.5591971888069 81.1284633058533 78.3505203405846 81.8432220570362 83.9797945668318 82.8103122043501 88.0029057980829 71.9596567103759 83 84.4880389241827 83.8526827949748 66.4493850520376 70.1920529801307 69.0408163265288 79.5789971617822 71.3262603054407 69.9843222057037 84.8117313150443 82.413434247869 74.0960264900654 71.0083795107402 87.8339640491962 85.3765373699128 87.4694553317987 88.0960264900653 88.2398297067165 85.8675496688669 86.6344100554158 86.6530612244881 87.1179889174236 85.7096904987222 88.0925800783908 86.3905257467214 84.5714285714292 84.3196377888911 82.0960264900653 83.4141775915673 82.1716448168655 83.0058791728611 86.372550344642 85.0080416272451 87.26206244087 85.6494796594132
73.4441816461684 79.3379510744642 78.3932288147056 75.320313555882 78.009528314638 82.0003378834942 63.386944181646 58.0113528855261 74.2653061224492 71.2527368563282 69.2421273145039 84.3962021894856 85.1980673063944 83.0016218407894 81.1428571428576 69.1112988241657 87.1119745911625 88 80.9300581159602 83.9283011217727 68.0097310447367 75.9900662251646 66.9503987025255 77.2326665765664 68.8495742667939 83.1708338964662 82.8691715096619 66.8688336261653 81.0212866603615 66.6866468441705 85.2017164481697 86.8017975402092 86.0198675496707 66.9900662251646 67.7691579943277 88.7071901608326 84.313826192729 87.3332207055005 83.0064873631578 87.6326530612254 82.6183268009201 67.8357886200836 84.4285714285708 82.8934991215012 81.6891471820485 87.5045952155711 77.9895256115701 84.5147992972008 80 84.4385052034065 79.9841870523029 83.4037707798365
73.8736991485339 80.6058251115037 81.4963508582243 74.5029057980829 65.0360859575633 68.0023651844842 77.0388566022449 52.2360454115432 60.5041897553714 71.1180564941162 66.5697391539405 71.5232463846454 77.1274496553517 83.1821867819978 84.1158940397345 81.2926071090648 70.483714015408 88.0969725638594 81.2711852953114 54.1640086498283 82.2341532639535 82 85.7344911474549 82.2992296256238 76.7064468171375 84.8841059602655 74.5147992972057 74.7709825652162 71.519394512769 72.749290444656 69.2838221381256 87.7959183673475 73.5131774564145 67.9716177861875 86.7654412758487 68.0454115420997 84.0354777672656 85.4045817002286 88.8793755912968 88.9574266792813 88.6547506419794 86.4333693742411 88.5052034058665 84.8841059602655 82.2317880794691 87.5669685092577 86.6828625489922 83.0614947965938 82.3705906203544 85.2630085146647 85.7690228409243 86.5152723340998
70.825922421947 79.1313015272338 81.3939045817021 76.1403568049742 66.2218543046367 72.9037707798396 74.4764157318552 76.6665089877026 72.9411406946882 74.2883497769942 73.7406406271141 80.1232598999866 66.8926882011091 86 86.0316934720911 88.8775510204069 86.2040816326542 91.3034869576985 88.0340586565755 85 83.9364779024169 85.2218543046367 85 84.574401946207 82.2559129612108 82.9545884579 79.8801865116887 79.6886065684563 82.1428571428567 75.8005135829171 83.5304770915008 83.2218543046367 87.1746857683463 39.8791728611981 86.1452223273442 92.3973509933765 89.6982700364911 74.895458845804 88.7781456953633 91.492296256251 89.6921205568308 84.9094472225975 88.1116367076613 85.4061359643191 80.9402621975964 88.6029868901208 84.9841194756049 83.5306122448979 81.2218543046368 87.9049195837272 87.2334774969595 86.6122448979593
72.7119205298011 78.7894310041896 80.9328287606438 78.6721854304637 64.7884849303965 61.0933234220854 65.9834437086089 62.57142857143 69.5362886876599 72.1033247736136 71.1934720908231 83.2606433301781 85.0602108393027 82.1110285173667 86.7142857142847 88.1224489795931 88.7742262467908 89.3162589539128 87.3077442897686 80.5803486957684 85.3074064062702 86.6887417218549 75.2366536018409 80.3418705230435 83.5698067306425 84.6454250574404 84.3278145695363 81.3699824300579 81.4025543992433 82.9464792539534 82.5145289904034 69.0671712393554 91.0297337478047 90.9197188809301 95.6188674145177 74.5269631031233 52.5501419110691 73.1083254493854 80.9410731179891 90.4068793080129 86.1097445600748 89.0534531693477 91.7119205298017 83.4841194756046 88 82.5102040816326 84 84 84.9665495337209 85.8126773888363 85.4781727260442 86.9834437086089
81.3803216650907 75.6702257061766 81.4833761319119 80.5488579537763 67.6761724557377 78.8059197188817 78.9594539802672 73.285714285715 59.3538315988645 69.9701986754954 66.1027165833231 58.5298013245086 81.7919989187721 84.6678605216918 84.3046357615906 84.3835653466727 87.1463035545352 91.815718340319 87.4356669820238 78.571631301528 80.6755642654423 70.4337748344364 83.8702527368549 74.7405054737101 86.4072171915126 80.310514934452 82.1189349912163 78.8144343830237 79.5042573320729 89.6370455466958 84.032571969188 87 90.512096229222 87.4897959183661 89.8315312880117 81.9432355723739 91.6071090687924 89.9567509122851 90.2832815245301 88 89.0357480740623 88.4081632653051 75.4839167455031 65.1259629679643 85.2036085957559 79.5102040816326 66.6462359778339 86.7607784835784 87.2542235437225 85.2426679280985 81.9216110285166 85.5662251655636
81.2767265846754 66.8020002703129 81.6122448979588 81.0637248276771 66.1353561292059 62.7961886741438 64.8172050277044 79.1745506149462 61.8621435329061 68.5397350993388 74.2244897959186 70.5379781051479 77.5790647384758 83.5267603730241 83.3604541154207 89.5068928233535 90.0306798215962 87.7073253142357 85.1406946884742 79.1116367076665 71.8907284768179 84.0794701986776 84.49891877281 83.9049871604251 84.7980808217342 81.3272739559352 89.4051898905252 89.5397350993388 85.2880794702 83.9118799837817 91 89.7652385457522 85.7954453304549 89.9899310717671 91.9789160697387 76.693945127721 79.4602649006612 92.5766995539969 90.8403162589544 83.2485471009609 88.8215299364785 88.6388701175859 89.5397350993388 84.0081092039468 87.0330450060819 93 88.2659818894451 88.4693877551021 83.5316258953922 87.1111636707676 85.0887282065135 87.4602649006612
79.9347209082304 -9999 68.5175699418847 77.9458034869572 65.3803892417926 64.6808352480066 67.6893499121497 61.4612109744559 75.3080821732673 71.3294364103249 67.6456953642389 72.486079199892 81.6977294228943 81 80.2204351939461 81.8852547641559 80.3543046357611 91.0289228274093 75.3543046357611 81.3661981348828 72.0276388701186 83.2913907284778 87.6325179078265 79 89.0829166103502 88.8367346938781 89.226584673611 86.9566157588865 80.4881740775773 78.3543046357611 92.2487498310573 89.7959183673475 91 68.4897959183661 74.6852277334757 81.1248817407766 87.2458440329772 87.2108393026081 89.1229220164884 85.861805649416 87.1039329639136 85.5806190025678 92.7975402081363 83.8032842275971 86.3264630355442 88.1867144208674 86.8396404919586 82.9387755102043 87.0752804433042 84.5208136234628 87.4732396269765 89.6456953642389
80.5714285714283 -9999 79.5133801865099 70.1148128125409 73.8253818083514 68.3309906744191 70.0056088660631 67.288552507097 69.6471820516283 75.1216380591971 80.9761454250589 74.2978780916345 78.9087714556023 86.8367346938773 79.3949858088899 85.4628328152465 83.6496148128131 89.1869847276642 90.0460197323968 86.7108393026089 88.4829030950143 80.5033112582804 78.5514258683511 76.4318151101525 87 80.2483443708598 85.0513582916607 84.7820651439393 85.1073793755911 88.8367346938781 93.2939586430584 92.6932017840252 89.609676983374 72.6352885525069 88.4477632112432 76.1773888363286 87.6360994729015 83.2658467360477 76.2549668874207 70.5564265441299 88.5590620354125 93.4966887417196 88.2540208136284 90.4141775915676 92.5735234491124 79.119813488311 82.491620489253 84.7516556291402 84.0766995539936 87.7516556291402 89 89.7085416948233
77.0198675496663 72.5656845519665 82.4197188809295 81.2627382078682 71.3061224489786 75.2847682119152 69.3399783754498 67.0416272469306 68.9112717934788 73 69.527436140018 67.5437897013193 68.9958778213199 87 80.2455061494844 81.4624273550421 87.8576158940424 89.0116231923232 84.0462900391915 73.0233815380464 71.6802270577143 78.1423841059576 79.8197053655942 72.964995269631 76.7963914042483 70.1167725368298 71.7884173536668 80.9124205973777 85.9796594134347 89.1423841059576 82.1162319232308 87.3034869577 84.9498580889284 94.1423841059576 88.8576158940424 88.7559129612154 87.3390998783663 89.1423841059576 81.4399243140945 79.8576158940424 78.7755102040807 89.6499526963101 87.1627246925232 88.3722800378391 89.4781051493444 87.9824976348155 87.5624408703866 67.5784565481891 77.3559940532524 83.794701986748 88.3483578862093 87.3877551020407
81.5870387890248 82.4230301392082 79.3513312609828 79 65.4761454250595 73.568320043253 71 55.2682119205137 72.1167049601259 71.7454385727796 70.2417894310061 53.0661575888613 77.8958643059843 73.9635761589416 73.1371807001055 86.186376537369 68.8652520610898 77.7521286660343 70.2250304095127 83.8543722124639 82.0524395188507 70 73.0524395188524 80.0393972158387 84.0248006487356 75.0481821867828 69.9598594404663 86.086025138533 90.6518448439008 89.8367346938781 89.9635761589416 91.5412893634301 89.0282470604127 85 81.2920664954706 87.7142857142864 84.6827273955948 86.4120151371771 78.2221246114374 84.596229220167 85.2304365454798 84.0148668739014 88.5402081362363 88.0418299770272 65.4451277199648 70.1092715231753 85.942830112178 80.6250168941717 80.8615353426154 86.5193945127739 86.4810109474228 85.6122448979593
78.6409649952707 73.354574942557 82.0964995269649 83.1773212596272 77.9545884578989 69.9962832815224 75.9581700229736 80.7615894039691 63.8411271793504 71.5967698337613 73.0695364238424 65.6084606028027 83.2404378970145 83.9418164616829 88.2857142857152 90.0358832274626 85.8609271523153 75.1333964049221 73.9997972699017 75.9971617786186 74.1798891742169 72.0695364238424 73.0315583186947 82.148330855522 75.9347209082295 59.8545073658593 72.1020408163254 82.8250439248541 81.7937559129636 88.0695364238424 88.7155696715758 88.8751182592218 79.6107582105707 90.6855656169746 87.9304635761576 87.2658467360444 74.7364508717406 76.5381132585447 67.4164751993522 84.3673469387746 73.4147182051629 70.6202189485081 66.9701986754962 86.3411271793458 63.9374239762018 63.998918772808 65.5948101094763 60.8539667522711 80.3224084335654 84.5813623462635 84.9460737937549 80.3721448844434
