rasterData/Mauritania_CLYPPT_M_sl2_250m_ll.asc
NCOLS 147 
NROWS 151 
XLLCORNER -17.077428344 
YLLCORNER 14.734398972 
CELLSIZE 0.0833728927006803 
NODATA_value -9999 
[rows 120 to 143 of 151, columns 54 to 107 of 147]
14.7317880794695 24.0029057980824 25.3027436140008 10.7901067711845 27.7385457494268 11.5227057710491 9.19414785781857 19.6033247736199 11.1204216786057 21.0641302878766 14.0859575618395 10.387687525342 8.62724692525924 9.3739694553296 8.20408163265424 6.73178807946953 7.85423705906265 8.25726449520251 6.75219624273562 7 9.99452628733636 7.05973780240547 7 8.65015542640858 8.25010136504686 9.30105419651368 7.85714285714335 6.77557778078048 7.5481146100824 5.21347479389174 4.59676983376057 6.39667522638382 7 5 7.41012298959324 7.73178807946953 8.98567373969341 9.996486011626 9.1486687390206 5.49270171644571 10.306527909178 8.95425057440275 11.2624003243674 7.90978510609639 10.1258953912694 9.73759967563262 9 6 8.56690093255871 9.26821192053047 10 11.1717799702658 10 10.4922286795516
23.5192593593725 26.891133937018 22.808420056765 22.3265306122455 12.3107176645489 16.3235572374656 17.7346938775508 18.7551020408155 22.140491958373 17.2978105149339 10.6258278145699 6.20435193945177 6.53736991485506 8.95418299770196 8.2516556291398 9.57473982970669 9.29747263143784 8.35889985133065 9 9 7.01277199621515 9 7 10 12.047573996489 7.67164481686731 6.80368968779637 8.31308284903356 5.51087984862888 5.70597378023944 4.41965130423029 12.4656710366274 6.73469387755193 4.19536423841059 7.1915799432354 7.12981483984372 7.89741857007726 6.09244492498989 6.38315988647166 7.55710231112277 7.26821192052958 7.6258278145699 8.90478443032796 10 8.30652790917712 8 8.41235302067794 7.58893093661257 6.2214488444383 9 10.6040681173129 11 10.6258278145699 11.9468847141477
13.1861738072717 22.137924043789 14.4864846600882 11.3233545073661 8.51986754966813 10.4574266792801 7.87261792134044 12 6.07696986079346 8.61785376402198 11.1512366536034 13.9151236653602 11.8571428571424 11.4610758210555 9 10.9178267333436 12.0318286254902 9.96188674145299 7.51986754966813 9 8.50135153399085 9.47742938234843 8.96817137451108 10.9575618326803 7.10204081632542 8.51986754966813 20.7710501419082 6.40174347884938 7.4243816731988 9.20408163265254 4 5.75503446411579 3.26530612244807 4.28571428571355 7.58467360454126 6.83024733072104 6.83342343559931 8.60751452899224 8 7.3003784295178 6.74266792809702 10 10 8.01946208947083 8.48013245033187 8.26510339234924 10.4489795918369 11.4971617786188 12.307676713069 9 11.4562778753884 11.8334234355992 12.1697526692793 8
9.22726044060127 11.2187457764583 11.1436004865516 21.2319232328758 23.1077848357861 8.69962157048075 11.6469793215241 12.1013650493307 16.506825246652 10.5452088120071 6.89235031760981 7.93242330044629 8.94087038789041 11.0717664549274 10.4737126638716 10.5382484119495 6.61143397756713 8.16515745371459 9 16.5860927152343 13.6270441951714 17.2538180835295 6.96411677253777 8 21.5685227733499 18.9789160697386 7.64522232734346 6 10.8923503176104 7.91552912555823 6.18583592377174 7.07588863360036 2.83470739288767 6.87180700094782 4.35883227463269 8.86484660089317 7.7894310041929 8.8445060143245 6.49317475334769 7.48418705230373 7.01466414380509 6.77192863900636 5.63353155831486 8 8 9.27510474388553 9 9.76348155156234 11.9387079335063 11.519326936073 11.6326530612246 10.2560481146125 8.41390728476573 9.28720097310283
7.11940802811125 10.0872415191166 18.6530612244893 18.7497634815482 19.1175834572252 10.0657521286684 9 9.39572915258862 10.7468576834743 16.73449114745 6.74300581159282 9.62934180294757 8.59318826868632 11.8775510204069 9.93938370049541 7.9748614677659 5.06122448979656 9.59075550749676 10.0887282065208 18 18.0282470604124 21.0125692661169 13.0782538180736 17.9435058791729 8.96080551425871 13.2456413028846 11.2965941343423 8.05027706446768 11.9434383024739 17.7175293958642 9.53669414785989 4.83051763751853 3 6 7.51797540208121 10.2073928909301 15.8551155561724 8.05939991890901 8.06913096364358 4.53527503716795 5.26395458845582 8.72347614542726 9.10217596972476 9.51020408163262 9 9.85545343965491 9.55102040816309 8.82403027436246 10.9745235842708 11.7648330855496 12.5732531423147 11.749155291253 15.3157859170142 8.3626165698071
10.0783213947828 6.2931477226659 12.5211515069605 19.7890931206925 18.4822949047148 11.714285714285 9.26530612244915 17.1525206108926 9.86586025138715 10 20 9.50128395729029 6.88315988647252 9 7 6.73286930666338 16.201986754966 17.8857953777517 11 17.4039735099321 10.1611704284372 15.3841059602672 13.6183268009161 9.185498040275 10.1813758616024 10.2997026625209 13.254020813626 16.3741721854325 7.83511285308882 7.20408163265254 6.17914583051722 3.95053385592681 4.05358832274591 7.65799432355571 6.79801324503395 8 8.55372347614548 9 6.48857953777627 4.28443032842136 7.85714285714164 5.6509663468021 7.82740910933778 9.20198675496605 11.7080686579259 8.57656440059431 10.5760913636956 13.1414380321679 8.61015002027198 9.24733072036664 9.03662657115667 8.85504797945588 10.0700770374373 10.2442897688878
14.9627652385461 6.1790782538181 8.61974591160941 10.5241248817367 20.9333693742404 16.975875118262 13.2223949182262 17.4897959183691 8.26652250303849 8 8.24442492228655 7.75638599810832 8.91769157994403 6.10778483578776 14.1544127584748 9 7.56730639275264 9.00391944857416 17.7263143668049 17.9039735099346 17 11.1959724287048 17.6796188674202 16.1698202459781 8.07642924719508 7.79328287606548 16 17.2691579943273 8 7.90397350993465 5.90397350993465 5.6590755507516 5 7.58278145695879 6.30679821597288 6.67346938775594 5.60170293282614 5.97073928909159 6.40208136234592 8.18367346938984 6.48344370860822 8.04311393431499 8.95492634139789 9.53878902554358 10.320110825789 10.6207595621021 7.99020137856479 7.57142857142881 6.36896877956499 9.55345316934787 8.49864846600763 8.31362346263036 10.15488579538 7.98499797269785
9.99229625625012 10.6661035275064 8.00344641167758 4.99006622516464 18.6160967698343 16.9985808893093 16.7419921611034 19.0075010136512 18.5455466954983 9 7.00182457088813 8.83673469387726 10.8486281929978 17.7563184214059 6 6.91917826733293 11.1411001486718 9.09116096770065 17.9698607919972 13 18.0700094607389 11.8680227057706 17.2017164481648 10.4553993782974 8.00993377483536 19 12.828760643328 19.1616434653324 8.9819570212174 6.79003919448571 5.99229625625012 19.0099337748354 19.2553723476127 6.00709555345384 7.30916340045935 5.00324368157889 8.00648736315779 5.73469387754914 8.76942830112026 17.5900121638068 6.57142857142918 9.09109339099911 11.7755777807839 6.98033518042795 10.5002703067973 7.0052709825657 10.9945262873356 8.55581835383039 10.9959453980264 9.6061629949989 5.99371536694089 4.36335991350332 4.66353561292 6.30693336937413
8.57460467630704 11.7485471009586 17.6175834572237 12.3643735639956 9.57460467630657 24.5340586565745 24.761386673875 16.5648060548745 20.8841059602655 15.4122178672791 11.8315988647161 7.83673469387726 9.89451277199785 9.58494391134202 15.6321800243265 6.70550074334429 10.782943641032 26.9584403297657 9.88410596026547 9.88410596026546 8.13393701851466 9.11589403973453 13.9535072307111 8.92782808487654 12.4713474793852 13.316529260706 16.2445600756895 17.0473712663874 17.9731720502774 5.79591836734746 15.7755102040824 19.6959724287073 5.58501148803706 18.7185430463588 6.96452223273438 7.63326125152131 5.08041627246878 4.0851466414374 6.49878361940849 8.56663062575891 5.60454115421027 7.71894850655472 9.88410596026547 6.51020408163262 6.88410596026547 7.46911744830403 10.0902148939043 5.19252601702955 7.75422354372276 9.02601702932819 9 6.7280037842965 6.92194891201549 9
8.3017299635085 10.7192863900517 16.01635356129 9.5240573050401 10.2218543046367 10.2701040681153 15.7935531828627 16.8248411947589 15.8305852142167 10.6371131233938 15.326598188945 8.96377888903883 8.80983916745433 6.12244897959313 8.79591836734575 3.4927692931454 5.01358291661056 9.25361535342763 11.0272334099212 9 8.00452763886994 9 9.95235842681594 9.73273415326329 12.3190295985976 8.85038518718785 8.03169347209086 14.1270441951609 7.72955804838554 8.77814569536326 6.17468576834626 38.610623057168 6.57406406270749 2.22185430463674 5.53993782943608 14.9919583727429 6.92303013920774 3.50770374374904 4.17205027706502 9 6.88836329233867 6.47161778618704 10.438572780103 6 8.01588052439512 9.66042708473971 10 4.66650898770165 6.90944722259729 6.38775510204068 5.08149749966246 6.07696986079233 5.72212461143658 20.0962292201624
9.41154210028365 9.32781456953629 17.2115150696035 19.9066765779146 15.5450736586027 19.0586565752124 16.4392485471012 16.1619813488328 17.7032031355592 8.40816326530779 9.611974591161 8.72570617651055 5.28571428571526 6.46742803081294 5.58872820651376 4.30105419651273 7.32328693066634 11.7232058386277 6.6925935937298 6.98344370860887 13.7496283281503 11.6855656169754 9.06122448979406 7.02676037302328 7.70563589674256 8.04014055953492 10.2530747398293 7.27300986619723 8.87653736991525 18.3309230977169 2.37538856602119 5 2.29416137315662 16.3793755912951 31.0216921205571 14.5473036896871 11.497905122314 3.08088930936658 8.27801054196559 6.08034869576879 3.67218543046371 8.36126503581595 6.32781456953629 9 9.32923368022715 9 5.85281794837141 7.18732261116367 7.52182727395579 5.60501419110714 8.45431815110143 24.8862684146507 20.1904987160418 9.43323422084054
10.6550885254739 9.72557102311185 18.3697796999596 10.5754155967016 11.1324503311271 14.714285714285 20.0973104473587 17.7849033653201 18.3363968103791 25.6026490066185 10.1040005406139 7.56622516556358 7.77625354777587 9.23577510474083 4.95573726179194 3.1488714691145 5.99810785241262 11.5377077983512 9.89951344776313 16.5662251655636 7.15015542640948 14.2594945262899 7 12.1278551155558 9.49155291255452 10.6131233950554 11.9810785241248 3.36295445330419 8.46222462495021 5 2.92701716448076 6.75510204081695 6.16846871198835 9.65231788079458 4 5.04324908771488 5.71671847546995 7.72557102311124 6.7446952290868 5.69049871604211 14.4403973509956 20.7125287200999 6.56622516556358 7.78753885660255 17.7875388566026 6 6.68799837815895 6.61447492904383 8.72428706582122 6.34666846871247 6 5.32382754426274 6.70786592782842 7
10.8215299364781 10.3965400729841 19 19.2038113258562 18.0418975537258 10.2109744560098 16.7930801459671 17.5202730098667 15.5218948506561 17.6498851196125 9.5900121638083 9.08812001621875 9.78240302743697 5.48337613191034 5 8.33673469387392 6.86417083389385 11.409312069196 14.9983781592106 9 7.49168806595241 9.53649141776016 8.57278010541979 10.635153399113 4.53973509933883 3.52635491282489 8.25165562913886 7.47323962697585 3.91546154885844 4 8.49067441545769 4.19218813353316 4.53973509933883 14.6915799432357 10.8591025814305 3.78679551290524 3.69941884038439 7.83092309771674 5 4.68056494120707 6.46026490066117 7.70259494526191 5.42721989457932 2 7 5.53061224489786 8.74638464657454 6.03405865657612 5.1315718340329 4 3 5.65306122448983 18.7867955129058 9
19.2579402621977 10.6456953642389 19.6122448979571 16.8843086903635 15.108460602784 20.2530747398291 8.09399918907953 17.2675361535336 19 15.7180024327619 11.4078253818081 8.94215434518176 8.65468306527941 9.48756588728079 13.5798080821733 4.59298553858639 12.6061629949994 10.6193404514124 15.9795918367339 8.70860927152216 5 11.6865116907694 4.93877551020594 3.57027976753495 4.99891877280237 7 10.1069063386959 8.05784565481794 2.46202189485179 4 4 16.3294364103268 13.8403838356543 11.2530747398296 6.66042708474022 6 3.75415596702316 6.61258278145224 4.50831193404601 7.20969049871611 0.202459791863691 7.16056223814105 4.34261386673895 3.31625895391296 4.30902824706072 7.22753074739789 5.31666441410901 7.27672658467367 4.76429247195652 3.74962832815235 4.85680497364488 7.13028787673944 8.12292201648873 16
11.195161508313 14.9341127179354 11.1044060008099 14.9955399378264 13.6122448979593 16.425733207188 14.6181240708208 14.8818083524782 10.0238545749411 15 9.04439789160601 6.87728071360954 9.07095553453502 6.65961616434657 8.24834437085978 4.30970401405533 5.47249628328335 7.05095283146456 6.48134883092019 8.24834437085978 9.47263143668424 12.2891606973903 4.24834437085978 10.9386403568051 6.70029733747951 9.12589539126836 7.64427625354913 2.12271928638982 1.13805919718855 2.90505473712763 3.80740640627182 16.743208541693 4 16 6.96148128125514 9.73415326395234 11.6588728206485 16.0103392350302 4.88444384375991 2.34349236383514 5.14096499526741 4.97465873766703 2.70563589674404 13.3699824300564 8.63508582241009 6.6011623192318 6.92330044600636 6.24834437085978 5 4.75165562914022 6.87065819705586 5.06358967427846 4 2.52155696715866
10.6674550614934 8.4574266792797 16.0058115961618 12.9487768617455 14.9012028652539 17 15.2979456683365 15.6475875118272 16.8074739829698 15.1714420867654 13.8989052574729 6 6.2644276253498 11.4126233274851 5.01452899040392 4.86923908636553 9.02615218272719 15.0116231923233 16.1598864711428 9 9.87511825922614 15.1307609136346 13.0612244897941 16.9299905392621 14.9706717124108 10.860116231924 5.28524124881428 2.85761589404238 6.8837680767692 4.32389512096266 8.85761589404238 3 4.14238410595762 2.67218543045578 5.92343559940139 5.57757805109048 9.14238410595762 12.0523043654537 11.6994188403828 4.35004730368987 3.91863765373841 3.6277199621609 4.14238410595762 5.14238410595762 5.51020408163262 18.0612244897957 13.0145289904038 8.34768211920966 3.47729422894467 4.94478983646543 6.18015948100763 5 3.28476821191525 3.90120286525387
11.6122448979588 11 21.200702797672 12.7098932288129 14.0252736856324 27.1007568590491 11.6640762265192 14.2634815515612 17.2891606973897 22.9487092850401 9.14724962832972 14.18779564806 13.657521286651 5 16.0364238410584 13.0816326530618 17.8703878902571 8 8.92789566157826 17 17.8710636572554 11.0363562643601 7.94100554129109 14.9183673469391 19.0364238410584 7.75956210298756 3.27530747398237 3.96952290850212 5.02973374780281 2.43715366941282 3.97175293958732 5.23597783484223 6.97323962697745 4.31173131504102 9.26969860792072 7.87809163400849 11.0728476821168 7 8.76956345452018 8.82301662386586 6.44418164616726 4.46904987160297 19.085484524933 15.4905392620625 5.01784024868168 10.3943100419001 8.11839437761772 4.03642384105842 3.96357615894158 7 5.97695634545283 4.55642654413076 7.67346938775536 6.67975402081426
10 9.75314231653045 12 16.6303554534404 13.1875929179614 9.38505203406116 20.912015137179 15.7025949452611 15.2244897959186 20.8962021894699 7 9 3.85714285714237 4.90309501283904 5.20151371807376 11.9361400189203 12.8736991485313 14.96202189485 14.8609271523153 17.0695364238424 15.1060954182994 12.8924854710085 13.0695364238424 24.1511690769033 15 8.99148533585607 8.82119205297667 5.05818353831712 4.29720232464006 6 8.93046357615763 4 4.31639410731192 6 15.3543722124616 15.0885254764193 17.9758751182588 6 16 17.4081632653051 18.4981078524132 8.03122043519449 23.8539667522711 21.0175699418839 20.9645222327335 21.7544938505157 9.63346398162274 4.42857142857119 7.46208947155107 10.9730368968775 6.0184484389786 13.9517502365175 8 13.3395053385587
9.06804973645117 10.2187457764554 16.2860521692123 9.26922557102341 14.549668874173 11.1778618732241 15.8065279091751 16.0856872550382 15.696715772401 10.6517096905008 23.3701851601556 5.13461278551171 4.61163670766516 9.86748209217463 13.0913636977971 16.0816326530618 14.6779294499289 15.1754966887423 14.007163130153 18 8.01682659818819 20.8990404108667 14.1224489795881 7.85315583186859 17.8424111366394 7.87755102040858 15.5562913907278 11.1632653061219 15 12.8245033112577 5 11.6655629139074 4.26530612244807 11.7743614001886 7.40471685363012 9.73077442897777 32.5224354642522 20.2325989998709 4.64089741857039 11.7495607514563 5.5264900662269 11 7.69536423841107 16.5426408974172 30.4897959183674 18.9068793080143 16.1450195972428 7.54635761589411 7 4 11.0644681713747 14 6.42025949452504 16.3068657926712
13.9478307879454 12.2814569536431 16.9385052034042 17.5611569130972 14.2199621570481 17.5132450331116 18.3796458980929 20.032369239087 15.1201513718077 9.7959183673461 7 7.63954588457599 12.2814569536431 5.03446411677299 11.3637653736974 16.8750506825207 14.2642248952566 16 12.8883632923406 15.5629139072862 17.2757129341812 17 10.1857683470775 13.8231517772662 6.33484254628646 7.96553588322749 11.0496688741734 9.24841194756006 10.8966076496825 14 13.541424516823 18.6360318962063 14.0585214218121 6.79470198675569 4.41242059737777 5.40728476821544 11.6244087038808 4.8966076496824 20.8789701310954 6.84437086092926 24 18.1348155156091 10.4693877551021 6.3842411136652 17.1378564670905 7.14934450601467 4.28145695364309 4.10264900662277 9.83342343559893 11.7616569806713 15.7360454115424 18.2199621570481 3.43884308690431 16.7185430463569
18.7628057845651 15.7547641573198 15 22.6734693877545 12.8814028922825 15.9498580889328 10.8568049736456 13.9051223138257 9.58649817542965 9.65853493715269 6.88734964184523 12.4860791998906 9.99621570482654 -9999 10.0395323692394 11.4690498716057 20.4111366400876 12 15.3841059602656 25.6125827814561 20.9591836734712 15.9499932423303 14.9762805784572 9.43742397621359 8.24584403297972 9 19.3874172185439 12 6.49993242330074 8.60846060278078 7.18536288686864 16.4825652115143 7.71070414921487 21.3642384105981 12.7628057845653 15.7245573726213 13.8251115015529 9.20448709284242 -9999 8.04216786051943 24.889309366131 12.848628193004 5.77483443708775 3.30004054601935 6.10237869982351 7.81815110149977 5.66245438572836 3.73746452223324 7.79970266252482 8 13.3875523719417 19.6562373293702 9.72658467360342 5.3061224489794
8.10562238140346 11.1812407082044 13.1625219624292 7.16684687119917 18.114812812542 21.500946073791 18.8558588998529 23 7.77551020408135 7.50662251655534 -9999 -9999 -9999 -9999 -9999 11.4531017705101 19.0657521286708 16.0487903770809 15.5166914447893 16.5066225165553 14 14.4605352074633 15.9263413974898 6.86484660089425 10.9496553588327 16.9263413974881 15.5960264900642 16.8234896607674 6.58399783754643 6.91255575077529 5.30409514798766 16.6274496553578 5.13441005541218 5.64758751182488 26.3515339910794 9.65448033518128 4 13.4465468306546 -9999 8.38707933504725 11.7885525070954 6.22746317069797 4.75516961751729 10.9162724692603 5.24814164076182 6.05500743343763 6.72084065414306 6.50094607379362 3.70800108122654 13.302067847007 14.2413163941062 15.6691444789843 14.1668468712 9.49337748344466
13.2453034193797 14.2534802000256 11.7476010271644 11.2161102851729 16.5385187187465 14.6868495742632 16.4403297742951 14.9358021354343 7.22448979591865 7 -9999 -9999 -9999 -9999 -9999 23.6320448709305 16.8870793350422 19.4495877821318 21.6075145289926 21 20.5993377483463 15.5340586565773 15.4373563995105 9.38113258549198 28.2040816326508 21.220570347343 15.9157994323509 16.9345857548323 14 17.9182321935403 14 24.942357075281 16.7882822002965 6.54257332071999 9.29652655763566 5.5963643735622 4.39140424381819 10.3673469387746 -9999 -9999 -9999 -9999 -9999 -9999 -9999 -9999 -9999 -9999 -9999 -9999 -9999 -9999 -9999 -9999
13.497972699013 14.1082578726855 13.5008109203949 15.0818353831612 9.07879443167945 13.5037842951748 16 11.5549398567384 12.4105960264908 -9999 -9999 -9999 -9999 -9999 -9999 -9999 -9999 18.6765103392349 10.7544938505226 13.8841059602639 22.5833896472492 14.6765103392355 -9999 -9999 -9999 -9999 -9999 -9999 -9999 -9999 -9999 -9999 -9999 -9999 -9999 -9999 -9999 -9999 -9999 -9999 -9999 -9999 -9999 -9999 -9999 -9999 -9999 -9999 -9999 -9999 -9999 -9999 -9999 -9999
