rasterData/Mauritania_SNDPPT_M_sl2_250m_ll.asc
NCOLS 147 
NROWS 151 
XLLCORNER -17.077428344 
YLLCORNER 14.734398972 
CELLSIZE 0.0833728927006803 
NODATA_value -9999 
[rows 92 to 114 of 151, columns 52 to 103 of 147]
72.3405865657519 84.7094877686183 84.5722394918236 88.4420191917822 65.6986754966885 73.8151101500175 81.2138802540884 89.4990539262056 90.221381267739 74.0763616704982 84.6918502500343 90.1379240437894 81.4296526557648 87.0888633599133 80.602649006623 87.9631031220431 84.7046898229501 88.1770509528295 84.6743478848489 86.3175429112047 91.3155831869179 88 85.39539126909 89.863157183404 90.397350993377 85.9675631842142 85.4439113393688 92.2644276253551 91.9020813623456 94.7226652250314 93.9376942830102 96 96 97.2275307473987 98.1853628868759 95.5009460737934 94.9077578051089 97 97 97.1106906338693 99 95.4081632653051 95.6007568590347 95.7810514934451 98.8401135288552 96 96 95.8585619678334 96 95.1702932828758 95 94.8155156102174
84.5028382213802 86.9251925935942 88 93 93.205635896743 84.3706581970537 93.1206919854044 91.8675496688749 74.4636437356386 90.5352074604693 88.631774564131 84.8603865387193 88.2966617110436 87.1775239897283 90 87.4798621435341 90.1249493174741 86.1370455466943 86.6176510339234 93.8201108257841 90.3989728341669 89.1854304635753 84.8145695364247 86.00756859035 89.581362346263 87.5927152317876 90.1020408163254 92.5927152317876 93.6508987701035 95.4959453980267 95.7423300445998 94.1209622922012 95.7755102040824 97.3024057305046 99 94.1641438032147 94.4072847682124 96.2661846195436 96 96.5927152317876 96 95.5927152317876 96.5927152317877 98 95.314501959724 95.2903095012838 95.8005135829164 94.8766725233145 96.7338829571565 97.4654683065286 96.1854304635752 96
86.6953642384098 79.1050817678065 87.6122448979588 82.6061629949975 80.4867549668867 87.3278145695357 91.3480200027031 81.7384105960223 91.8638329503984 92.2448979591846 88 92.7905122313815 87.9022165157479 90.7794296526565 91.2970671712392 90.1885389917579 90 87.4713474793894 87.4520205433167 86.4735099337749 87.4310041897523 84.9735099337735 87.4872955804832 84.9989187728071 90.4454656034647 89.0573050412203 87.0496688741716 89.6356940127047 94.2970671712407 97.061629949992 97.675293958642 95.3928233545073 98.3715366941475 97.2683470739302 97.2653061224481 96.4867549668867 97.3377483443706 96.3456548182196 96.5040546019735 96.6920529801324 96.7019867549671 97 95 98 95 95.4867549668867 96 95 96 95.7800378429516 96 95.1990133801867
81 85.3521421813784 82.993039599944 84.3917421273152 86.5209487768615 87.0542640897397 90.3061224489797 90.8774834437067 91.1751588052462 86.8641032571993 88 87.7959183673461 76.888025408838 90.9378294364105 89.6736045411557 88.8017299635063 89.4539802676042 91.5881200162198 92.5812947695645 93 88 86 88.1346127855073 86.081632653061 92.6046087309114 95.2514528990469 95.3030814974993 93 95.9385052034026 97.5181105554821 94.0699418840379 96.2384105960295 97.4093796458999 98 95.8989728341675 96 97 96.8756588728214 97.7513177456422 96.2274631706987 97 98.3664684416829 98.7824030274368 97 96.7979456683344 95 98 94.4693877551021 94.3807947019852 95.0747398297054 96.6335315583177 95.3791052844989
84.4243140964936 72.5623732936881 82.8820786592785 86.1009595891332 87.923908636306 87.2367887552381 87.3814028922805 86.5605487227996 84.3382213812675 88.4150560886578 87.360589268824 86.2187457764548 82.1315718340263 89.8151101500189 90.2748344370845 91.8775510204069 88 92 91.7419921611045 94.9887822678739 96 94 92.0147992972017 91.6955669685109 92.3192323286902 93.6659683741063 91.8979591836746 93.9663468036224 96 95.6734693877562 95.7980808217345 95.8520070279768 93.6744154615493 95 95.5961616434671 99.2322611163694 96.3437626706346 97 97 97.4587782132737 98.1065684551959 97 98 97 97 98 94.7251655629155 96.6596161643457 95 96.2606433301795 95.8373428841744 94.893431544804
84.9035004730377 71.1393431544832 79.0654818218674 66.0620354101902 87.9914177591617 88.8041627246895 90.3377483443682 87.285714285715 87 87.2862548993114 66.4110690633877 80.7789566157545 85.3097040140595 89.2240167590199 92 93.5412893634273 94.1861062305703 92 93 92.3183538316003 93.9830382484113 92 94 93 94.2197594269468 93.0678470063521 93 91.9602649006618 95.8311258278159 94.2769968914706 93.3009190431083 97 97.7553047709171 95.6275848087595 98.6106230571716 96 95.7794296526576 96.1688741721841 97.3469387755099 97 94.3877551020404 97.6607649682393 98.1688741721841 98.5337883497776 98.0792674685762 96.4274902013792 97.983038248412 95 95 96.0723746452217 96 96
88.8301797540213 79.8163265306136 83.3877551020412 63.9139748614676 85.1450871739425 89.4318151101507 88.6746181916474 85.2677388836336 89.2653061224491 88.7551020408155 88 85.0629139072848 86.9884443843762 93 91.2677388836338 94.1070414920947 93.7913907284762 92.0629139072849 92.8797134747932 91.0382484119482 95.8988376807661 94.9370860927151 94.0395323692373 93.9617515880526 95.8814028922864 95 96 96.0629139072848 95.9460737937558 92.7840924449254 94.0115556156237 91.0256791458305 94.2103662657108 93.0154074874983 93.6436004865504 96.9550614947965 92.9807406406271 98.3059872955797 97.6530612244901 97.7785511555641 98.975604811461 96 95.4375591296116 96.9370860927152 96.0295310177052 96.8741721854303 94.9691850250034 96.6230571698878 97.0629139072848 97.9730368968779 96.8525476415738 94.4262738207865
85.596026490066 83.2267198270023 81.1035275037179 80.0158129476956 84.4760778483583 83.8249763481568 84.6938775510203 86 88.4061359643192 85.7656440059459 87.5254088390328 88.991215029058 92 92.8367346938773 87.9508041627247 89 95.9569536423841 90 91.0404108663332 88 90.0217596972555 92 94.0204081632644 94.0781186646842 92.1016353561274 91.0781186646842 94.8979591836746 93.8933639681042 93.8202459791869 92.1702932828755 89.9885795377753 95.7871333964055 94.4489795918352 93.9569536423841 96.2969320178394 94.6958372753082 92.9701310987971 97.6585349371544 95.0711582646303 96 96.4044465468301 97.9393837005002 98.5468306527915 98.9806730639276 97.5534531693471 96.0210839302608 93 94.0430463576159 96.4726990133803 96.9247871333959 98.3905933234219 96
85.4375591296111 83.5310177050944 88.1581294769563 83 80.2952426003518 84.5731179889168 82.42120556832 85.1064333017976 87.5089201243409 85.1323827544271 91.8775510204068 89 93.9927017164481 92.9899310717664 94 91.8957967292867 92.0152047573998 89.2184754696588 91 90.1837410460881 90 90.1490066225168 93.1490066225168 93.0347344235706 92.6590079740514 91.8509933774832 94.2358426814427 93.1490066225168 94.1215704824972 95.8610623057175 92.6106230571692 95 87.3820786592769 94.6425868360593 95.1862413839701 92.8145695364217 95.590485200703 94.1490066225168 93.5443303149084 94.2730774428964 96.4632382754429 94.8972158399751 96.9148533585617 95.5310852817944 94.0699418840385 98 95.0933909987837 93.6005541289364 94.0621705635902 92.6352885525074 96.1490066225168 93.4789836464387
81.3893093661314 80.5918367346932 85.2123259900009 81.7263143668055 74.2749695904848 82.7485471009616 82.2280713609952 87.927152317881 90.1976618461959 87.8799837815911 92.2282065143913 88.5409514799301 90.1919178267363 90.0800108122725 92.2185430463564 89 90.745033112584 87.9599945938636 93 88.4691174483006 91 87.254966887416 90.0204081632644 90.254966887416 92 92.254966887416 94 93.9087714556023 95.8935666982027 93 92.7918637653745 93 94 94 93 94.4678334910109 93.7719286390052 93.4947290174304 96 94.4246519799934 94.2888903905935 94.0491282605767 95.3192999053927 94.5894715502083 94.745033112584 95.494999324233 95.3649141775922 94 96 95.574266792809 92.5941343424806 94
85.9011352885474 81.3609271523207 81.9731720502795 75.8912690904253 80.8911339370091 82.5138532234051 85 66.6627246925257 76.8387619948842 82.4494526287318 88.0898094337128 89.7391539397217 89.7053655899424 90.3609271523207 88.4522232734181 89.6832680091884 86.7870658197112 91.0816326530618 86.6220435193918 93 94.9926341397483 94.6390728476792 92.0204081632644 94.9705365589943 92.9608730909596 93 94 96 96.5723746452085 94.0454115420992 93.9337072577372 93.0827814569622 91.856534666848 89.8288282200207 94.7348290309477 92.3609271523207 93.0277064468093 94 93 90.3609271523207 93.1131233950576 97 95 95.8379510744685 95.1694147857832 94.3130152723327 95 94.8084876334625 93.5738613326102 94.3651844843883 94.9527638870148 93.2209758075434
76.1717123935679 84.6379240437899 80.1810379781057 84.2015812947714 78.6300851466415 82.3806595485862 86.142924719557 89.8188268684956 90 87.6474523584265 89.4817542911209 91 91.4351939451268 90.9445871063672 90.5231788079442 91 86 90.4479659413378 93 92.9809433707254 92.5235842681431 92.4668874172194 92 93.0408163265305 90.5616975266911 91.081632653061 75.9641843492357 92.4749966211657 95.923841059603 92.6093390998774 94.5331125827806 91.7270577105027 88.7755102040824 89.4897959183661 89.5907555075017 92.5331125827806 93.1429247195568 93.4668874172194 93.915934585757 94.2953777537515 97.4668874172194 92.7236788755227 92.73320719016 91.5875118259222 95 96.4668874172194 91.4680362211111 95 93.5331125827806 89.5614947965925 93.7236788755231 91.285849439114
85.998580889309 83.8928909312075 86.3706581970534 76.0971077172598 84.4246519799973 75.221110960941 90 83.6906338694411 87.1519799972971 86.8953912690901 90.4271523178807 87.3390323016615 87.1513042303008 88.0697391539398 89.8543046357613 89.4271523178807 90.1020408163271 84.4620218948507 87.7007027976755 91.1456953642387 92 94 90.5524395188549 89.6310987971347 90.0232463846505 95.4390458170022 95.9415461548864 92 89.9820245979194 92.1632653061219 90.1238680902807 93.2825381808356 91 94.3225435869714 93.5728476821193 87.2440870387883 88.4368833626159 90.7123259899984 91 94 92 91.9810109474244 95.32734153264 93.551020408164 94 93.2805784565483 95 95.5728476821193 92.2571969185027 92.4881740775781 94 93
82.5047303689658 84.8773482903123 86.0721043384234 82.0461548857977 90.4433031490751 88.7836869847291 76.4910122989693 70.0354777672632 75.8907284768044 86.4897959183691 86.4297202324672 88.9344506014327 90 90.0524395188537 89 89.2700364914197 89.9672253007163 89.0554128936348 90 87.9183673469373 75.3211920529783 76.6423841059565 88.6715096634701 96.2395593999173 93.0415596702245 96 89.2884173536951 75.8843762670645 59.9895931882648 88.9588457899738 91.5608190296015 69.6572509798733 90.1688065954841 88.4200567644284 89.4987160427105 92.5151371806983 91.2077983511288 90.0191917826761 87.580483849171 91.6326530612254 92.2910528449814 90.6788079470217 93 92.6788079470217 93.1481957021239 94.1751588052458 95.6675226381934 94.681375861602 93.6259629679677 94.6788079470217 92.6423841059565 85.0721043384238
83.8770104068127 82.7847682119221 81.1725233139633 86.0159481010978 63.2471955669717 70.4481010947376 86.3645762940912 87 83.7917961886736 83 80.9516826598192 85.4193134207318 83.7978105149321 90.9648601162321 87.4465468306571 81.0464927692814 88.1821192052992 86.3023381538003 88.2501013650484 89 91.2152317880779 91.7847682119221 93.2268549804008 94.4624949317444 89.7057034734469 81.6215029058002 83.6638059197217 79.4474929044442 88.4701986754945 89 87.9604676307613 89.8738343019376 86.6788755237212 90.6452899040422 91.2082038113256 94.8462630085156 92.9341127179354 92.2152317880779 80.5125016894188 73.3332207054978 88.7235437221238 72.2664549263469 91.0922421948904 90.0966346803614 91.5835923773476 90.4941884038384 89.0937964589802 92.2152317880779 93.5256115691345 92.9077578051095 91 93.0834572239486
85.6963103122038 79.4468171374492 87.2728071360984 89.098121367752 62.5113528855255 84.4001216380596 80.4153939721582 78.9460737937564 86.2363157183405 87.8907284768214 87.6060278416004 90.5127044195161 89.1636031896206 87.8545749425595 89.015610217597 89.9732396269764 87.2185430463572 84.3001756994189 85.6257602378675 88.9636437356393 84.7157724016738 83.5629139072857 78 72.081632653061 55.9523584268189 55.8171374510072 77.913028787674 82.0996756318445 67.1740775780504 88.0914312744964 89.1984727665897 86.3557237464515 86.6244087038769 88.2181375861598 93 90.6963103122029 94.0334504662791 94.6173807271238 91.3803892417891 92 89.018583592376 91.0646709014731 87 93 88.5819029598592 84.8004460062164 73.4920259494527 92 90.6000810920392 85.8836329233675 88.8907284768214 91.0423705906202
88.0023651844842 84.4087714556027 83 65.5285173672101 -9999 72.0066900932553 65.606906338695 70.2913907284771 65.0075010136499 71.9991890796054 69.2211785376408 75.5925125016877 70.3547100959607 72.994458710637 84.7147587511816 77.0033112582779 72.1030544668204 82.91809704014 69.9937829436415 70.0437221246119 61.0203405865665 63.0099337748336 61.1083930260796 82.0473036896871 80.009731044735 53.1075821056876 78.3120691985365 82.9974996621167 85.8604541154212 87.0005406135964 86.186984727665 85.2067171239349 83.8982970671682 86.9924989863501 87.2626706311657 87.7199621570485 91.6925935937294 92.3347749695931 93 92.6314366806336 92.0033112582779 93 93.5709555345323 90.1017029328301 91.9982430058117 89 87.5118259224218 85.0035139883765 91 90.0037842951747 91.5898770104072 90
87 86.5108122719298 79.102649006623 81 48.7557102311123 82.1135964319451 65.8575483173395 80.9777672658461 73.8373428841738 69.9041762400353 66.4752669279631 72.4898634950689 79.8134883092316 81.3887011758333 75.9375591296117 73.2953777537518 71 69.82409785106 70.1089336396816 81.1140694688491 82 87.794701986754 83.8769428301126 84.9015407487494 85.2539532369233 80.0942694958783 81.0314231652924 80.9927692931486 86.2455061494796 83.8199756723887 85.0998783619397 87 86.2810514934447 86.6592782808467 89.9455331801594 87.1390728476806 88.9685768347073 90.205298013246 90.3427490201376 90.3296391404234 86.6122448979597 90.0607514528994 85.718070009462 90.3008514664122 90 89.0493309906723 87.4897959183674 91.897350993377 92.8967428030802 91.0695364238411 89.2444249222875 83.3877551020407
84.0122989593167 87.9148533585623 78.3363292336785 80.581429922964 84.5827814569557 68.1860386538736 67.7577375320986 70.0709555345321 67.943303149073 75.3118664684479 80.1375861602983 73.7913907284778 66.6077172590897 87.1745506149471 81.8088930936644 80.0255439924316 73.1020408163271 68.4841194756062 61.0404108663285 84.1592782808469 82.652520610898 85 83.7752398972851 83.2732125962957 82.1298824165478 81.9273550479749 81.1020408163254 82.9030950128398 83.0298013245031 86 86.0632517907818 88.8384916880662 88.327341532643 91 87.6381267738899 87.6248817407766 84.0808893093659 91.9318826868501 87.0723746452219 90.4213407217156 84.5654142451688 88.5535207460476 92.1192052980128 88.3424111366418 89.5060819029597 90.4763481551587 88.3269360724407 86.9616164346508 88.7725368292998 89.1542100283845 92 85.0808893093657
87.7303689687791 81.9089066090022 73.7729422894992 75.9507365860239 74.1330585214208 68.6594810109481 78.6291390728484 82.2455061494812 82.9314772266518 81.5045276388736 81.7755102040813 84.3787674010008 74.0612244897949 83.7973374780373 87.2166508987702 83 74.384511420463 82.7157048249761 84.4597242870677 85 81.6571158264648 84.9437086092726 82.3221381267739 87.698270036491 83.5546019732439 81.6900256791454 83.9863495066898 85.3599810785242 88.4895931882691 86.4264765508852 85.7432085416943 81.8447087444249 85.9174212731432 87.7273280172989 86 88.1348155156108 87.7670631166384 87.8928909312092 89.2378024057302 88.0799432355729 90.1050817678062 83.8496418434897 88 92.8195702121923 88.8330855521015 85.3005811596166 86.1816461684008 89.9807406406271 89.3845114204623 88.9375591296112 90.7202324638467 90.9268144343835
83.8197729422889 87.5918367346932 86 82.0007433436965 81.1602243546409 90.0130423030118 87.0814299229631 70.1442762535407 78.3111907014426 79.7299635085799 85.094810109473 86.5387890255454 86.5794701986744 85 83.3604541154218 80.5583186917175 78.8388295715629 81.5794701986744 80.6567103662656 79.8582240843383 83 78.8410596026512 84.9710095958926 84.4205298013256 81.5182457088803 84.3345722394915 85.6223814028908 85.9485065549399 88.2937559129611 83.8794431679966 88.5561562373294 82.9141775915664 82.775104743884 86.4460062170532 86.2164481686699 87.5860927152322 85.6452223273427 87.3253142316568 87.4205298013256 84.3134207325292 88.163062576024 90.905933234222 91.5179754020822 94 87.3918097040122 85.7096904987167 90.0692661170418 90.7537505068257 91.5225706176518 91.4124881740801 90.9059332342221 90.3875523719428
87.7970671712394 85.623057169889 80.8818083524804 76.2995675091224 75.2777402351664 66.4984457359113 65.422084065417 69.9929044465464 61.0343289633701 82.115961616435 81.934788484931 86.1074469522914 85.3962697661843 84.5508176780642 69.2185430463576 84.0579808082179 81.9516826598186 84.1689417488866 83.0322340856876 76.9398567373959 83.473847817271 83 82.4638464657386 82.4928368698468 82.8485606163041 83.937018516017 79.2048249763445 77.7763887011743 80.4058656575212 84.0686579267464 79.2995675091232 86.5156777942968 87.4078929585057 87.3705230436547 88 86.4886471144747 87.3509933774837 83.8377483443723 81.9622922016491 82.5648736315739 91.6776591431269 83.4977699689141 85.4508041627239 84.8065279091775 82.4527638870104 81.77882146236 91.0366941478582 90.4942559805384 86.3952561156916 83.2705771050141 81.2586160291926 88.2369239086352
90.1513718070034 62.4837140154049 81.1223814028973 77.4001216380603 72.5199351263716 72.367549668872 66.3670090552771 72.1050141911065 63.9641167725339 72.7753750506893 70.7160427084728 70.1898905257512 83.8838356534661 81.3075415596683 79.7814569536404 84.1224489795931 72.2925395323671 82.1632653061236 82.9387755102034 80.0816326530627 81.2669955399421 80.102649006616 83.6270441951638 80.4233680227033 80.6900932558427 85.081632653061 84 85.4775645357502 84.367549668872 87.0410190566282 87.2164481686742 86.2858494391163 88.5920394647896 87.264900662256 85.735099337744 89.6092715231804 86.3061224489791 88.4669549939187 83.7913907284762 86.3673469387746 86.7749695904864 85.2837545614306 83.5104068117303 84.1020408163279 84.9612785511556 80 83.102649006616 85.1094066765747 89.367549668872 83.8424787133407 88.2175293958631 88.2048249763448
