rasterData/Morocco_CLYPPT_M_sl2_250m_ll.asc
NCOLS 192 
NROWS 174 
XLLCORNER -17.013743324 
YLLCORNER 21.41997106 
CELLSIZE 0.083238249234375 
NODATA_value -9999 
[rows 60 to 89 of 174, columns 66 to 131 of 192]
-9999 -9999 -9999 -9999 -9999 -9999 -9999 -9999 -9999 -9999 -9999 -9999 -9999 -9999 -9999 -9999 -9999 -9999 -9999 -9999 25 29.6870510057511 26.1996228448334 22.5764188218358 22.1450251436763 24.1285021551733 24.5092492816132 21.5607040229923 21.0137392241378 21.1954022988481 24.0045797413791 27.9862607758623 23.3610811781591 23.9007722701159 21.5293642241519 24.3908045976962 25.6189834770122 25.5657327586222 23.3128591954013 21.5546874999999 22.7001616379286 22.3556034482769 19.8617097701149 21.0519037356315 22.4845545976999 24.1954022988481 23.0442708333327 24.1954022988481 21.697737068968 21.8045977011519 20.2344647988479 23.6029094827635 23.9893139367818 24.7030352011521 26.1373922413778 23.3143857758603 27.1726831896571 25.1129669540213 23.5891702586178 23.5793821839049 24.0936602011505 23 20.0931214080448 23.3474317528764 27.1126077586242 24.2702945402302
-9999 -9999 -9999 -9999 -9999 -9999 -9999 -9999 -9999 -9999 -9999 -9999 -9999 -9999 -9999 -9999 -9999 -9999 -9999 -9999 24.3251616379279 22.4579741379216 22.7931034482733 25.8561422413776 19.6182650862113 26.2516163793068 22.5439116379359 20.9725215517253 26 24.7793642241354 24.7559267241366 22.5253232758662 21.5067349137977 22.0288254310451 24.0040409482729 21.3580280172421 23.4137931034533 23.3801185344796 21.5191271551712 21.5546874999999 19.4059806034471 22.6815732758581 23.5503771551718 20.4981142241395 20.9808728448233 23.0099676724107 22.2265624999994 20.2168642241388 23.6877693965498 22.0681573275864 20.9461206896557 22.788523706894 20.0433728448271 21.7545797413776 23.8822737068975 23.6786099137918 21.9498922413787 27.4218750000012 25.7335668103459 24.6963900862085 29.8952047413839 26.5234375000001 24.8076508620672 26.34078663793 26.1759159482734 25.0695043103455
-9999 -9999 -9999 -9999 -9999 -9999 -9999 -9999 -9999 -9999 -9999 -9999 -9999 -9999 -9999 -9999 -9999 -9999 -9999 -9999 27.4335488505745 25.4701867816092 22.506824712644 22 26.0581896551718 25.3521012931031 24.7250359195403 25 26.9450431034479 23.0132004310346 24.958243534484 22.9068785919537 21.5068247126442 25 21.0460668103447 21.7984913793109 22.6749281609194 30.1535560344825 27.1740301724136 21.2269216954027 23.2894216954026 23.2354525862067 20.8720366379313 20.0686063218394 22.3668283045973 20.5562140804591 21.7816091954026 21.9612966954029 23.4367816091949 23 25.2403915229882 21.0078125 21.7696659482763 23 24 27.3710488505742 26.3785919540227 22.0921336206898 25.0733656609194 22.1644216954018 27 25.5132004310346 26.8856860632185 27.5235272988505 26.7816091954026 22.4809626436774
-9999 -9999 -9999 -9999 -9999 -9999 -9999 -9999 -9999 -9999 -9999 -9999 -9999 -9999 -9999 -9999 -9999 -9999 -9999 -9999 25.5402298850549 22.6785201149407 23.7418283045982 24 26 22.4893139367828 24.8078304597691 26 25.1317349137883 23.2850215517202 23.7881645114924 23.246048850576 25.0269396551725 23.4234913793067 24.0295438218375 26.1985452586197 27.5402298850549 25.4484554597742 26.4900323275869 23.018139367817 18.3910739942523 20.4139727011518 20.9443247126432 20.2827765804593 21.3593750000004 20.8742816091946 19.5085308908055 21.9586925287353 19.6643318965534 21.2298850574726 24.7790948275849 23.2376975574726 23.7952586206883 24.4096623563227 26.2774784482747 27.7701149425274 23.0556752873566 26.3767959770079 27.0772270114946 26.4753053160918 26.0228089080463 25.5234375000001 24.643767959771 23.1311063218398 27.0880028735637 22.5402298850549
-9999 -9999 -9999 -9999 -9999 -9999 -9999 -9999 -9999 -9999 -9999 -9999 -9999 -9999 -9999 -9999 -9999 -9999 -9999 -9999 -9999 -9999 24.93130387931 27.7586206896554 24.2413793103447 24 29.3946659482765 25.6697198275858 25.4614762931034 24.7306034482754 26.2357219827586 27.5172413793107 29.4474676724134 24.6341594827592 22.5032327586199 21.8208512931034 26.3887392241386 22.8434806034484 21.5172413793107 23.3752693965514 19.3733836206897 19.2413793103447 19.2685883620683 19.3671874999999 19.3203124999998 19.5148168103448 21.4132543103443 19.8453663793106 19 23.3968211206888 25.0094288793103 25.2413793103446 27 24.9862607758619 26.1338900862073 25.7575431034488 26.4827586206893 24.8195043103435 24.5848599137933 27.0635775862055 28.3289331896558 26.3857758620691 28.2413793103447 26.1066810344828 26.8510237068967 26.2623922413801
-9999 -9999 -9999 -9999 -9999 -9999 -9999 -9999 -9999 -9999 -9999 -9999 -9999 -9999 -9999 -9999 -9999 -9999 -9999 -9999 -9999 -9999 30 31.5575610632175 29.7605962643667 25 26.2528735632172 27.446479885055 27.2528735632172 28.7824173850589 28.282596982761 26.9296875000004 26.3010057471241 25.4131645114966 25.0419360632176 23.5495689655183 19.2666127873581 19.9110991379315 20.4942528735656 21.8075610632171 19.1284123563212 20.3641343390809 19.6906429597694 19.4471084770125 20.8281250000008 20.2734375000002 22.5778556034497 23 23.1200610632175 18.3170797413786 23.2627514367803 24.5135596264344 25.3075610632167 29.2276400862069 28 24.8046875000004 26.6760057471251 27.604256465518 24.5810883620695 24.8107938218385 27.433279454021 23.5234375000001 26.7471264367828 28.1442169540223 26.5720186781619 21.1679238505741
-9999 -9999 -9999 -9999 -9999 -9999 -9999 -9999 -9999 -9999 -9999 -9999 -9999 -9999 -9999 -9999 -9999 -9999 -9999 -9999 -9999 -9999 -9999 30.3679956896547 28.7356321839078 31.475305316092 24.2413793103451 24.1136853448303 26.9814116379309 29 28.5459770114943 25.3864044540226 26 24.7701149425284 23.7356321839077 20.0681573275861 19.9194504310343 19.258620689655 19.1053340517243 19.5919540229887 22.4963182471264 23.396551724138 20.074443247127 20.7298850574714 19.3490481321842 21.7356321839078 19.5977011494246 20.5559446839074 20.6391882183898 18.8968211206911 26 25.2659841954026 23.7903196839073 27.1858836206889 25.2576329022976 27.9825790229878 26.6855244252873 28.7873563218396 27.1583153735629 24.7356321839078 28.6940553160918 24.9876077586206 29.4319324712647 27.5804597701151 25.9080459770111 25.0715696839071
-9999 -9999 -9999 -9999 -9999 -9999 -9999 -9999 -9999 -9999 -9999 -9999 -9999 -9999 -9999 -9999 -9999 -9999 -9999 -9999 -9999 -9999 -9999 29.5875538793106 31.6530172413808 33.6462823275842 31.2306034482748 27.6689116379294 22.2564655172402 27.3098060344819 23.5686961206868 22 24.9353448275866 23.9547413793107 20 20.866379310345 21.6953124999996 19.2545797413796 19.7675107758612 20 19.2758620689643 20.8149245689646 21.575700431034 23.3747306034506 23.492187500001 19 18.314924568965 19.9504310344829 19.6478987068941 22.0859375000005 27.2758620689643 27.434806034485 22.5517241379287 27.780172413794 26.2758620689643 27.0538793103445 26.7909482758629 27.4851831896539 29.71848060345 27.7241379310357 25 25.8402478448307 26 29.6888469827581 24.5538793103467 22.1635237068923
-9999 -9999 -9999 -9999 -9999 -9999 -9999 -9999 -9999 -9999 -9999 -9999 -9999 -9999 -9999 -9999 -9999 -9999 -9999 -9999 -9999 -9999 -9999 29.9140625000011 28.7126436781585 28.8147449712674 28.1169181034481 28.3210308908076 29.3172593390828 25.9765624999998 23.006734913793 22.8795797413801 22.5456178160903 20.4316630747116 22.3064834770094 22.4710847701162 23.8877514367809 22.3515624999998 22.7744252873576 23.0299928160885 24.1414331896564 25.1549030172428 22.2379669540252 20.9162176724153 22.1032686781619 20.6749281609191 22.1023706896522 24.3488685344785 23.8870330459786 25.0859375000005 28.3139367816051 26.5646551724187 30.1936961206931 28.1857938218417 29.1057830459762 25.0830639367805 25 27.0364583333372 28.6640625000003 25.2873563218415 25.6937859195416 28.2873563218415 26.5234375000002 23.2873563218415 20.6171875 12.3359374999993
-9999 -9999 -9999 -9999 -9999 -9999 -9999 -9999 -9999 -9999 -9999 -9999 -9999 -9999 -9999 -9999 -9999 -9999 -9999 -9999 -9999 -9999 29 30.3899066091924 30.0314295977047 27.6825610632145 26.4431573275873 27.1816630747095 27.098599137932 23.392869971269 23.0070043103446 24.9296875000004 21.4631824712623 19.7992097701162 23.7890625000004 23.0770474137922 22.2136314655182 25.1414331896568 22.6015624999998 21.6877693965506 21.5603448275899 22.8622485632196 22.4225933908013 21.3671875 25.7480244252862 26.5123024425349 27.1568785919568 24.5819863505799 25.9499820402231 26.6152119252893 24.2988505747102 27.4022988505795 30.2441630747107 25.1972880747104 26.6991738505781 28.4357938218369 26.7071659482844 22.9902119252892 27.2355423850581 25.885596264369 22.4272629310309 21 21 20.3012751436792 25.8959231321834 20.6695402298843
-9999 -9999 -9999 -9999 -9999 -9999 -9999 -9999 -9999 -9999 -9999 -9999 -9999 -9999 -9999 -9999 -9999 -9999 -9999 -9999 -9999 -9999 27.8399784482756 29.215786637931 29 30.9684806034487 29.7850215517238 28.572467672413 25.8084590517248 26.3793103448275 23.6807650862071 24.6896551724137 21.3103448275863 20.6274245689657 22.7661637931032 19.6896551724137 20.9733297413797 21 22.6732219827589 23.5207435344827 22.6605603448277 26.8569504310345 24.103717672414 25.3795797413794 26.3203124999998 26.7354525862073 26.1562499999996 26.1239224137934 29.1328124999996 26.0266702586209 25.9757543103449 23.3240840517243 23.0482219827586 26.9299568965518 19.9412715517242 25.5549568965519 24.9929956896556 24.4000538793102 20.7505387931032 26.4256465517247 26.5126616379308 23.3609913793104 21 22.0363685344828 21.6896551724137 27.1452047413803
-9999 -9999 -9999 -9999 -9999 -9999 -9999 -9999 -9999 -9999 -9999 -9999 -9999 -9999 -9999 -9999 -9999 -9999 -9999 -9999 -9999 26 29.2968750000003 26.3046875000004 28.9170258620695 31.3490481321866 25.4859015804581 24.4807830459765 25.6436781609157 22.7015984195423 20.0309806034473 19.7616738505703 22.1596623563257 19.6253591954047 21.0702227011531 22.9170258620697 22.6953124999996 21.2384159482764 19.9251077586203 25.8214798850586 25.1703484195421 27.3655711206909 22 27.3798491379331 25.4468390804628 25.9119971264373 25.0223599137924 21.9704561781659 23.1328124999996 26.6781609195422 23.7562859195419 22.005298132184 20.3218390804578 17.7452406609155 18.8993354885059 20.2238685344865 24.3580280172441 23.0930316091947 25.8918821839088 24.3218390804578 23.4946120689684 20 20.4765624999998 21.9350754310314 24.6039870689632 22.6781609195422
-9999 -9999 -9999 -9999 -9999 -9999 -9999 -9999 -9999 -9999 -9999 -9999 -9999 -9999 -9999 -9999 -9999 -9999 -9999 -9999 -9999 26 27.1979166666669 28.3333333333333 28.7526041666667 25.385416666667 26.3932291666662 26.2161458333326 24.3567708333335 23.9765624999998 22.0156249999995 20.9062500000005 21 22.0546874999998 22.2109374999996 25.6666666666667 23.6953124999996 22.1171875 23.6015624999998 27.5182291666666 23.3333333333333 21.5130208333334 21.3906249999998 23.3333333333333 23.7734374999999 28.1822916666668 24.710937499999 24.9401041666665 22.7994791666663 28.0286458333335 29 21.6692708333333 31.3333333333333 21.7005208333333 23.9505208333336 20.8046875000004 22.0807291666666 25.4296874999998 21.6640625000003 20.4114583333339 16.6666666666667 16.5234375000001 15.8411458333334 19.8567708333333 21.6171875 15
-9999 -9999 -9999 -9999 -9999 -9999 -9999 -9999 -9999 -9999 -9999 -9999 -9999 -9999 -9999 -9999 -9999 -9999 -9999 -9999 23.2443426724138 24 26.696390086207 32.3992456896555 29.4593211206905 30 27.1519396551718 22.802801724139 24.5072737068977 26.279633620689 24.9582435344823 24.9515086206899 20.462015086207 22.0288254310351 23.0498383620673 23.6551724137929 20.520474137931 24.9587823275859 22.9119073275856 23.2168642241388 22 23.4878771551724 23.6161099137934 20.2182112068967 26.4207974137926 25.6182650862073 26.7332974137927 23.7583512931029 24.2532327586211 21.7936422413776 22.9865301724138 23.3499461206899 29.1839978448283 22.309806034483 19.2475754310352 25.1279633620687 23.8221982758618 24.3235452586208 19.3448275862071 12.9652478448262 15.6263469827584 17.0288254310344 16.5234375000002 16.810614224138 13.3448275862071 14.6551724137929
-9999 -9999 -9999 -9999 -9999 -9999 -9999 -9999 -9999 -9999 -9999 -9999 -9999 -9999 -9999 -9999 -9999 -9999 -9999 31.9705459770134 24.6436781609208 28.8159123563209 19.9552801724162 21.9483656609211 23.3858656609207 28.5527119252867 23.6436781609208 22.7544001436758 22.6186242816104 21.4031968390795 23.993265086207 24.9547413793105 21.610003591955 25.4796156609214 22.4920977011482 22.8340517241381 22.8608117816099 25.4173850574722 23.058369252874 20.2483836206923 22.6436781609208 28.451598419542 26.8489583333357 28.5019755747132 23.6796875000002 26.9406429597782 23.2873563218416 15.5280172413801 20.8671875000004 24 25.0026939655171 17.0078125 23.3368354885048 26.3925107758607 21.0368175287385 23.2306034482746 21.6263469827565 20.1877693965486 20.7633800287364 26.2769396551718 13.2264727011495 15.150413074714 17.646372126436 18.6392780172377 18.5762392241359 17.8802981321846
-9999 -9999 -9999 -9999 -9999 -9999 -9999 -9999 -9999 -9999 -9999 -9999 -9999 -9999 -9999 -9999 -9999 -9999 29.2913972701152 29.9433369252879 23.1868714080459 21.7481142241377 21.5900682471261 25.1751975574705 26.0484015804598 27.055765086207 24.8793103448275 23.2506285919529 22.4195402298849 25 20.8989762931045 19.9555495689657 22.0440912356311 23.1037176724135 23.6321839080464 22.204831178161 21.5604346264368 23.7413793103452 24.52972341954 25.1466415229889 29.8600035919536 22.6609195402304 23.5261314655183 23.9993714080463 23.202496408046 22.8271372126435 23 25.9628232758619 23.3678160919536 24.9456716954019 26.3781429597697 23.9971264367816 22.0144576149424 17.8610811781612 21.3735632183909 20.1953124999996 22.5431034482764 16.6597521551722 22.3628771551725 23.1558010057463 13.4296874999995 17.1087464080462 14.7356321839073 14.948275862069 16.3901760057473 16.8764367816096
-9999 -9999 -9999 -9999 -9999 -9999 -9999 -9999 -9999 -9999 -9999 -9999 -9999 -9999 -9999 -9999 -9999 27.6015624999988 26.7766702586211 27 22.7567349137933 20.7718211206902 23.7879849137933 26.0409482758631 25.5393318965512 23.0204741379295 23.3793103448268 25.2904094827575 23.0169719827588 20.3793103448268 22.6206896551732 21.7852909482741 25.789331896554 23.6829202586211 23.3793103448268 27.3556034482746 17.9067887931013 23.3353987068947 25.7335668103435 23.5132004310345 24.389008620689 22.9067887931044 23.1066810344826 25 23.4749461206903 21.8302801724135 25.0816271551747 23.5773168103452 24.6769935344814 25.8607219827577 28.2615840517255 22.6333512931043 23.0886314655165 24.975484913793 21.0921336206893 24.4253771551735 18.9089439655157 18.0193965517239 21.0105064655153 15.5317887931038 -9999 -9999 -9999 -9999 -9999 -9999
-9999 -9999 -9999 -9999 -9999 -9999 -9999 -9999 -9999 -9999 -9999 -9999 -9999 -9999 -9999 -9999 -9999 27.3569504310348 30.2106681034479 29.8015445402301 26.1740301724137 26.7968750000003 22.5110452586211 23.4235811781611 22.4148706896554 23.1723239942538 21.545079022989 21.4920079022987 20.461117097701 22.5949173850579 21.4234015804583 21.5663613505754 24.0255926724139 29.1343390804605 27.5246048850567 23.523796695402 25.0327765804604 20.7423670977005 26.3025323275866 26.6091954022994 25.2998383620692 22.8822737068959 24.1047054597699 22.2473060344824 23.9295079022992 22.7160560344832 26.3331537356332 28.4997306034485 21.0809087643677 23.4095725574709 21.8037895114959 -9999 -9999 -9999 -9999 -9999 19.6869612068957 -9999 -9999 -9999 -9999 -9999 -9999 -9999 -9999 -9999
-9999 -9999 -9999 -9999 -9999 -9999 -9999 -9999 -9999 -9999 -9999 -9999 -9999 -9999 -9999 -9999 27.1828304597678 28.1665768678155 25.2168642241371 30 21.5323275862086 25.757992097702 20.1921695402282 25 22.37059985632 21.9718929597681 17.8366558908025 18.4965876436771 16.0282866379311 22.6540050287373 22.8213900862099 22.8036099137939 21.5194863505732 24 22.5283764367803 26.0413074712671 21.4139727011475 28.4562679597719 23.4022988505734 21.4453125000001 23.3035201149432 25.1681932471281 22.6380208333311 22.3782327586216 23.1288613505742 22.4342672413802 22.0442708333338 -9999 -9999 -9999 -9999 -9999 -9999 -9999 -9999 -9999 -9999 -9999 -9999 -9999 -9999 -9999 -9999 -9999 -9999 -9999
-9999 -9999 -9999 -9999 -9999 -9999 -9999 -9999 -9999 -9999 -9999 -9999 -9999 -9999 -9999 23.1250000000024 30.3046875000016 24.999461206898 31.8092672413789 26 24.4453125000005 24.6015624999998 21.2952586206887 22.4369612068986 21.4582435344831 22.5781250000005 22.5778556034492 23.2764008620689 23.6031788793099 23.4744073275873 24.7093211206893 23.3725754310354 25.2481142241387 27.2403017241365 23.4094827586203 24.4843750000016 26.3448275862043 19.2346443965512 21.2685883620685 24.4453125000001 24 20.8747306034487 19.242456896552 22.8480603448274 23.9846443965508 -9999 -9999 -9999 -9999 -9999 -9999 -9999 -9999 -9999 -9999 -9999 -9999 -9999 -9999 -9999 -9999 -9999 -9999 -9999 -9999 -9999
-9999 -9999 -9999 -9999 -9999 -9999 -9999 -9999 -9999 -9999 -9999 -9999 -9999 -9999 31.1927083333336 28.5747126436773 28.6295797413779 32.8239044540227 26.2741558908047 28.0023347701149 25.5518139367838 28.2558369252878 22.9556393678166 27.7536817528724 25 21.3970905172437 24.1395474137936 26.2491020114933 23.9313936781631 24.4252873563227 22.4387571839085 23.0404094827583 22.9179238505763 23.8897270114969 25.9102909482759 21.4784482758653 22.5458872126451 24.5221803160917 23.654274425288 23.661188936783 19.2762212643673 26.0822557471274 21.673491379309 22.363685344827 -9999 -9999 -9999 -9999 -9999 -9999 -9999 -9999 -9999 -9999 -9999 -9999 -9999 -9999 -9999 -9999 -9999 -9999 -9999 -9999 -9999 -9999
-9999 -9999 -9999 -9999 -9999 -9999 -9999 -9999 -9999 -9999 -9999 -9999 -9999 29.0977909482754 25.2388649425291 29.3203124999996 30.3671875000008 27.8735632183916 21.9758441091956 24.2791846264365 19.2625718390821 27.6015624999998 23.8464439655172 27.6106321839067 22.5632183908042 20.5555854885059 26.3518318965528 26 27.1571479885051 22.9897629310344 25.3928699712661 25.4840158045978 22.3855962643682 26.3651221264374 18.6934267241379 25.1602011494262 25.2641882183909 26.4948814655173 21.4488146551723 26.8585668103448 19.2237787356324 22.1331716954028 -9999 -9999 -9999 -9999 -9999 -9999 -9999 -9999 -9999 -9999 -9999 -9999 -9999 -9999 -9999 -9999 -9999 -9999 -9999 -9999 -9999 -9999 -9999 -9999
-9999 -9999 -9999 -9999 -9999 -9999 -9999 -9999 -9999 -9999 -9999 -9999 27 29.4482758620696 25.4994612068957 25.2685883620683 26.0835129310352 22.2890624999989 19.7456896551726 22.2629310344824 20.4022090517253 26.5517241379304 30.0061961206895 24.75296336207 22.0748922413797 21.8876616379336 24.1470905172418 21.5654633620703 24.031519396552 24.5622306034477 26.4846443965513 28.3836206896569 22.5921336206892 23.160021551723 22.8442887931014 26.2793642241396 21.8248922413794 24.1637931034483 23.7801724137933 21.3389008620698 -9999 -9999 -9999 -9999 -9999 -9999 -9999 -9999 -9999 -9999 -9999 -9999 -9999 -9999 -9999 -9999 -9999 -9999 -9999 -9999 -9999 -9999 -9999 -9999 -9999 -9999
-9999 -9999 -9999 -9999 -9999 -9999 -9999 -9999 -9999 -9999 -9999 28.67501795977 21.9339978448276 26.2332076149435 25.7332076149426 27.4988326149436 27.4597701149425 27.9071479885056 27.4609375000002 24.8145653735633 32.4453125000005 23.8367456896547 24.5402298850575 24.1795977011491 23.2824173850575 23.9030172413794 21.7686781609192 25 24.6206896551725 23.5364583333333 21.4616558908045 20.2812499999985 23.5924030172415 25.2957076149431 24.1309267241377 28.6206896551725 24.4165768678165 24.3503053160921 24.5081716954023 -9999 -9999 -9999 -9999 -9999 -9999 -9999 -9999 -9999 -9999 -9999 -9999 -9999 -9999 -9999 -9999 -9999 -9999 -9999 -9999 -9999 -9999 -9999 -9999 -9999 -9999 -9999
-9999 -9999 -9999 -9999 -9999 -9999 -9999 -9999 -9999 23.5655531609204 20.98796695402 27.8544360632213 27.2371587643712 25.6796875000024 26.2734375000002 25.0206537356333 24.6806752873565 27.0572018678147 19.227550287354 15.2475754310338 26.2869971264371 22.9196300287363 26.6686422413805 23.6898347701171 26.3924209770126 26.0615122126433 21.7993893678151 27.9447737068964 26.0994073275865 27.4947018678148 20 23.7356321839064 23.9335488505775 24.8088182471242 21.3056752873577 26.784841954026 25.2702047413751 25.9797952586197 -9999 -9999 -9999 -9999 -9999 -9999 -9999 -9999 -9999 -9999 -9999 -9999 -9999 -9999 -9999 -9999 -9999 -9999 -9999 -9999 -9999 -9999 -9999 -9999 -9999 -9999 -9999 -9999
-9999 -9999 -9999 -9999 -9999 -9999 -9999 23.4280711206915 23.5129310344811 19 23.1274245689653 26.6454741379294 25 26.6985452586173 28.5172413793082 25.6594827586206 22.3054956896562 23.2887931034489 20.7397629310334 20.7629310344816 27.8071120689679 24.496497844828 30.1635237069012 26.8219288793085 28.392780172411 26.6872306034482 23.9711745689692 29.6910021551715 24.0660021551687 21.493803879308 21.8962823275959 22.106681034482 22.4525862068952 21.4035560344849 24.7890625000004 27.1260775862065 -9999 -9999 -9999 -9999 -9999 -9999 -9999 -9999 -9999 -9999 -9999 -9999 -9999 -9999 -9999 -9999 -9999 -9999 -9999 -9999 -9999 -9999 -9999 -9999 -9999 -9999 -9999 -9999 -9999 -9999
-9999 -9999 -9999 -9999 -9999 20.0017061781615 21.0011673850578 22.9067887930993 23.9961386494257 23.0308010057504 24.0309806034443 28.7244073275832 26.23724856322 22.8468929597708 26.7411997126482 23.8651221264393 19.9842852011444 22.0422952586227 21.0439116379324 26.7625718390832 28.5057471264386 21.4230423850638 27.1467313218387 27.8379130747094 21.7677801724219 27.9138829023051 28 30.0707614942571 17.9652478448275 22.5291846264388 23.0119432471221 22.9403735632222 24.8828125000001 26.0906968390829 -9999 -9999 -9999 -9999 -9999 -9999 -9999 -9999 -9999 -9999 -9999 -9999 -9999 -9999 -9999 -9999 -9999 -9999 -9999 -9999 -9999 -9999 -9999 -9999 -9999 -9999 -9999 -9999 -9999 -9999 -9999 -9999
-9999 -9999 -9999 -9999 26.3104346264374 23.1484375000002 26.2639188218398 19.6151221264376 27.0114942528738 24.4749461206898 30 28.1729525862071 19.9185524425287 27.2728987068975 27.6408943965519 31.6640624999999 23.835937500004 26.220905172414 26.3174389367815 28.9922772988505 26.0604346264364 26.1003951149424 28 26.96551724138 20.8725754310345 18.9276221264364 23.1544540229886 23.1171875000007 22.4239403735627 20.5170617816094 23 23.4595007183909 23.9305854885056 21.1659482758615 -9999 -9999 -9999 -9999 -9999 -9999 -9999 -9999 -9999 -9999 -9999 -9999 -9999 -9999 -9999 -9999 -9999 -9999 -9999 -9999 -9999 -9999 -9999 -9999 -9999 -9999 -9999 -9999 -9999 -9999 -9999 -9999
-9999 -9999 -9999 26.4911099137934 27.2596982758638 27.7079741379317 22.5172413793099 29.4827586206901 31.4323814655203 25.4377693965525 26.0730064655163 29.8671875000001 31.8203124999996 30.8828125000006 28.132004310345 28.6796875000004 27.8100754310342 24.5657327586213 22.5172413793099 29.2376077586209 28.2524245689659 25.3526400862054 24.8181573275865 24 27.4916487068968 22.0072737068963 23.3410560344806 24.4566271551716 24.4148706896552 26.45932112069 23.0121228448272 22.0678879310342 29.8001077586201 25.4827586206901 -9999 -9999 -9999 -9999 -9999 -9999 -9999 -9999 -9999 -9999 -9999 -9999 -9999 -9999 -9999 -9999 -9999 -9999 -9999 -9999 -9999 -9999 -9999 -9999 -9999 -9999 -9999 -9999 -9999 -9999 -9999 -9999
-9999 -9999 25.0408584770123 23.1280531609201 26.275951867816 24.18292025862 25.8447377873565 29.0292744252869 25.0078124999992 20.4115481321842 29.0454382183907 22.7368893678154 29 24.1197916666663 30.9842852011491 28.1693606321839 27.9885057471261 23.8858656609198 27.4712643678155 26.8255208333348 21.816091954022 23.4712643678155 26.942528735631 23.4482758620693 26.8440193965535 23.8884698275862 23.4712643678155 29.3100754310324 22.5287356321845 20.0123922413794 22.95492097701 31.4915589080467 25.4160380747122 27.5005387931015 -9999 -9999 -9999 -9999 -9999 -9999 -9999 -9999 -9999 -9999 -9999 -9999 -9999 -9999 -9999 -9999 -9999 -9999 -9999 -9999 -9999 -9999 -9999 -9999 -9999 -9999 -9999 -9999 -9999 -9999 -9999 -9999
