rasterData/Morocco_CLYPPT_M_sl2_250m_ll.asc
NCOLS 192 
NROWS 174 
XLLCORNER -17.013743324 
YLLCORNER 21.41997106 
CELLSIZE 0.083238249234375 
NODATA_value -9999 
[rows 30 to 59 of 174, columns 66 to 131 of 192]
-9999 -9999 -9999 -9999 -9999 -9999 -9999 -9999 -9999 -9999 -9999 -9999 -9999 -9999 -9999 -9999 -9999 -9999 -9999 -9999 -9999 -9999 -9999 -9999 -9999 -9999 -9999 -9999 -9999 -9999 -9999 -9999 -9999 -9999 -9999 -9999 -9999 -9999 -9999 26 24.0023347701149 23.2207255747085 29.675466954027 25.6345186781565 32.4560883620728 32.1917205459781 38.2434446839149 30.2090517241333 35.3522808908018 38.1494252873545 42.9941630747127 40.5450790229939 34.1175466954012 33.7793642241395 22.3200431034454 32.3322557471265 30.4951508620724 27.0630387931029 21.5648347701164 32.7243175287392 28 29.5304418103449 28.8889188218396 22.298850574709 31.3256106321846 34.8265984195355
-9999 -9999 -9999 -9999 -9999 -9999 -9999 -9999 -9999 -9999 -9999 -9999 -9999 -9999 -9999 -9999 -9999 -9999 -9999 -9999 -9999 -9999 -9999 -9999 -9999 -9999 -9999 -9999 -9999 -9999 -9999 -9999 -9999 -9999 -9999 -9999 -9999 -9999 22.4356142241382 23.4781788793105 29.5862068965528 26.5352909482754 30.2392241379303 27.898706896552 34.0937499999998 34.1980064655176 36.3647629310359 33.2214439655183 32.41891163793 40.1142241379306 37.9717133620691 40 36.593750000001 29.2254849137926 32.1478987068964 34.2526939655168 25.4779094827591 26.0183189655174 27.13119612069 32.1379310344824 33.0786637931033 29.7834051724143 26.3415948275853 27.1379310344824 21.9676724137932 31.3674568965509
-9999 -9999 -9999 -9999 -9999 -9999 -9999 -9999 -9999 -9999 -9999 -9999 -9999 -9999 -9999 -9999 -9999 -9999 -9999 -9999 -9999 -9999 -9999 -9999 -9999 -9999 -9999 -9999 -9999 -9999 -9999 -9999 -9999 -9999 -9999 26.8672772988491 23.0879130747134 24.7471264367794 27.9746767241397 28.5408584770113 32.3813757183898 33.9417205459765 37.2311422413814 33.6328125 35.8735632183897 39.0572916666671 37.8307291666676 37.635596264366 39.7071659482749 38.9140624999995 39.0631285919555 38.0009877873563 40.7062679597684 25.8984375000002 32.336117097703 26.3288433908027 25.9255567528776 25.8996946839075 33.7896012931016 27.7104885057527 27.2347341954004 30.1264367816103 35.9397449712639 25.8192349137915 30.9034662356292 30.6294001436765
-9999 -9999 -9999 -9999 -9999 -9999 -9999 -9999 -9999 -9999 -9999 -9999 -9999 -9999 -9999 -9999 -9999 -9999 -9999 -9999 -9999 -9999 -9999 -9999 -9999 -9999 -9999 -9999 -9999 -9999 -9999 -9999 -9999 -9999 -9999 31.6012033045993 22.1598419540217 28.8379130747114 27.2298850574695 30.4090337643695 33.8850574712652 34.5228987068958 32.8478807471268 31.3448275862043 34.3984374999992 38.1463721264357 35.4471982758636 40.8850574712652 33.9694683908049 37.2008800287353 38.6438577586162 37.7580818965533 38.8850574712652 35.9101113505748 31.7536817528749 31.3102550287344 29.2143498563218 32.3707794540219 33.9622844827588 33.4917385057477 30.8261494252868 29.9813218390812 33.1149425287348 31.0912356321843 33.0044899425304 34.8850574712652
-9999 -9999 -9999 -9999 -9999 -9999 -9999 -9999 -9999 -9999 -9999 -9999 -9999 -9999 -9999 -9999 -9999 -9999 -9999 -9999 -9999 -9999 -9999 -9999 -9999 -9999 -9999 -9999 -9999 -9999 -9999 -9999 -9999 -9999 28.9781788793103 27.9512392241348 33.0315193965518 27.5633081896545 27.5121228448279 31.8135775862069 32.3133081896548 29.0891702586206 43.0856681034485 34.7343749999999 34.390625 36.8300107758621 40.4865301724137 31.8779633620686 38.0137392241379 38.9229525862065 34.0040409482759 32.3173491379318 34.8965517241377 30.1821120689652 32.5269396551733 35.0094288793112 33.1034482758623 30.2804418103455 29.9652478448275 29.6293103448273 32.8149245689645 38 31.6883081896555 31 30.5929418103447 22.4385775862067
-9999 -9999 -9999 -9999 -9999 -9999 -9999 -9999 -9999 -9999 -9999 -9999 -9999 -9999 -9999 -9999 -9999 -9999 -9999 -9999 -9999 -9999 -9999 -9999 -9999 -9999 -9999 -9999 -9999 -9999 -9999 -9999 -9999 23.1640624999994 25.6169181034485 27.8160919540257 26.8800287356339 37.8533584770133 29.4537535919533 35.4043642241386 32.7822377873523 27.7367995689611 35.9080459770129 37.7247665229872 32.1484374999966 41.6848958333338 38.8653915229877 40.1673850574687 39.1308369252838 34.1620869252866 37.8725754310359 34.9307650862084 35.0050287356321 30.1841774425274 30.7086027298877 32.177352729885 30.9777298850578 30.0919540229871 29.4889547413768 31.6523886494255 29.6098239942527 33.9080459770129 30.6153915229873 27.9642600574697 27.0352011494248 27.572826867818
-9999 -9999 -9999 -9999 -9999 -9999 -9999 -9999 -9999 -9999 -9999 -9999 -9999 -9999 -9999 -9999 -9999 -9999 -9999 -9999 -9999 -9999 -9999 -9999 -9999 -9999 -9999 -9999 -9999 -9999 -9999 -9999 25.0710308908047 24.8258800287355 36 35.1566091954015 35.8635955459769 29.8898168103452 29.6336206896551 27.0446300287357 31.9747665229886 35.4956896551726 32.5859374999997 39.7428160919542 39.6796875000002 42.6681034482757 40.1244612068968 36 36.7664331896559 33.8474317528731 39.919540229885 34.000628591954 27.2828663793102 26.0722880747127 29.0119432471264 27.7399425287359 27.080459770115 32.0572018678162 31.0192169540238 31.6171875000008 30.7759518678143 29.0383441091954 32.9205280172415 30.9654274425287 28.6171875 26.6910919540236
-9999 -9999 -9999 -9999 -9999 -9999 -9999 -9999 -9999 -9999 -9999 -9999 -9999 -9999 -9999 -9999 -9999 -9999 -9999 -9999 -9999 -9999 -9999 -9999 -9999 -9999 -9999 -9999 -9999 -9999 -9999 24.9380387931059 28.7529633620662 28.27936422414 30.1524784482792 32.549030172413 33.2147090517225 27.5137392241414 28.5740840517234 26.9057112068971 23.033943965518 32.6382004310357 34.9595905172405 34.9746767241374 39.7238685344839 40.2338362068914 40.022090517242 38 33.9453125000021 38.0630387931048 30 34 31.1123383620699 37.5573814655147 29.2658943965537 29.9445043103436 30.9832974137928 29.5107758620721 29 28.6699892241398 28.9606681034474 26.6866918103494 28.6689116379337 27.3607219827571 27.1115301724163 25.6640625000007
-9999 -9999 -9999 -9999 -9999 -9999 -9999 -9999 -9999 -9999 -9999 -9999 -9999 -9999 -9999 -9999 -9999 -9999 -9999 -9999 -9999 -9999 -9999 -9999 -9999 -9999 -9999 -9999 -9999 26.1697198275849 22.1383800287341 27.872216235633 29.8985272988513 29.0480423850571 34.4874281609211 29.2856501436772 25.6153915229888 28.8850574712652 29.5324173850579 34.1349676724134 34.1432291666656 33.654005028735 29.5522629310345 29 27.4536637931032 32 34.1149425287348 32.8984374999991 34.9577945402301 35 28.1311063218384 28.0648347701146 29.1664870689642 31.8850574712652 26.8430316091962 29.1840876436779 27.7995689655171 30.7517959770118 28.6452047413797 27.0574712643674 27.6197018678161 30.4632722701155 26.9425287356326 23.4624640804595 25 22.9425287356326
-9999 -9999 -9999 -9999 -9999 -9999 -9999 -9999 -9999 -9999 -9999 -9999 -9999 -9999 -9999 -9999 -9999 -9999 -9999 -9999 -9999 -9999 -9999 -9999 -9999 -9999 -9999 -9999 22.9393857758619 23.9776400862068 24.0032327586207 24.2228807471273 36.0504669540192 30.7329382183931 36.9637212643671 29.2919360632183 28.0779454023003 27.7006106321836 24 32.5241558908039 34.5155352011498 34.0497485632184 29.5938397988504 29.3212104885048 26.0312500000006 29.6931573275854 31.2057291666657 32.7908584770106 28.0061063218392 29.8680854885044 29.0087104885068 28.9921875 31.0025143678161 28.142869971265 30 25.4735991379319 27.5080818965517 28.9867097701147 30.0154454022991 25.3828124999992 30.0262212643683 30 31.0438218390813 33.0657327586219 26.0567528735643 21.4584231321855
-9999 -9999 -9999 -9999 -9999 -9999 -9999 -9999 -9999 -9999 -9999 -9999 -9999 -9999 -9999 -9999 -9999 -9999 -9999 -9999 -9999 -9999 -9999 -9999 -9999 -9999 -9999 21.0121228448273 23.1023706896547 26.0336745689646 36.0242456896544 39.9000538793115 37.030441810344 27.4808728448262 29.6945043103418 34.1080280172362 35.2702047413806 26.7174030172397 33.0207435344822 32.5509159482759 39.4913793103453 36.5641163793126 35.5598060344832 32.9655172413803 33.9889547413796 27.0344827586197 26.3892780172413 30.1390086206911 32.1627155172402 27.0689655172395 26.0404094827584 26.0840517241361 29.0509159482755 28.9345366379328 32.8566810344833 29.8391702586201 30.79229525862 31.0344827586197 30.362877155172 29.2607758620698 28.4493534482749 26 24.9310344827605 24.941002155174 25.4253771551713 24.3930495689634
-9999 -9999 -9999 -9999 -9999 -9999 -9999 -9999 -9999 -9999 -9999 -9999 -9999 -9999 -9999 -9999 -9999 -9999 -9999 -9999 -9999 -9999 -9999 -9999 -9999 -9999 -9999 26.8801185344824 26 30.0464260057444 32.9775502873591 35.0868354885033 40.8395294540286 40.7707435344916 44.2290768678134 41.9770114942558 37.9140625000011 31.7031249999997 35.5968929597705 33.0736350574756 32.9847341954021 31.5496587643667 28.8090876436811 32.3116020114886 29.6944145114926 25.7621228448229 32.9770114942558 -9999 29.7374281609199 28.955998563224 30.0381645114942 31.9770114942558 29.02550287356 31.0483117816031 30.0459770114885 30.0044899425282 30.0229885057442 24 24.3436602011482 23.3970007183882 26 24.4885955459754 23.4654274425362 24.5703125 25.6029992816109 24.9847341954042
-9999 -9999 -9999 -9999 -9999 -9999 -9999 -9999 -9999 -9999 -9999 -9999 -9999 -9999 -9999 -9999 -9999 -9999 -9999 -9999 -9999 -9999 -9999 -9999 -9999 -9999 -9999 24.8943067528748 29.9411817528751 30.9653376436761 36.0468749999986 37.1176364942483 40.9756645114902 43 36.3744612068991 35.0308908045945 39.2931932471249 29.6409841954012 32.9954202586199 26.1157507183917 30.4633620689606 27.4618354885056 33.590696839081 35.9927262931022 35.977011494249 28.9885057471245 28.5379849137928 28.7920258620639 23.8671875000004 26.0859375000005 23.9839260057511 25.0192169540249 24.0546874999995 30.0114942528755 29.8647629310374 27.9977550287353 33.9885057471245 27.5862966954025 23.6794181034511 27.3899066091958 23.8708692528745 26.9885057471245 26.5289152298861 24.1324533045963 23.9841056034456 24.0114942528755
-9999 -9999 -9999 -9999 -9999 -9999 -9999 -9999 -9999 -9999 -9999 -9999 -9999 -9999 -9999 -9999 -9999 -9999 -9999 -9999 -9999 -9999 -9999 -9999 -9999 -9999 -9999 26.2343750000014 29 37.0703125000005 41 44.9296875000004 44 33.6718750000012 31.2109374999996 35.0312499999968 33 31.3515624999998 27 28.5546874999999 29 28.5390625000003 31.8281250000005 33 26.6796875000002 32.4531249999997 24 29.1796875000004 28.1328124999996 27.9140624999995 27.9218750000003 27.9921875 30 28.8984375000002 25.8515625000007 26.6093750000007 27 26 29.3281250000005 29.3828124999992 26.5703125000005 27.9531249999997 22 24 21 24.6718749999986
-9999 -9999 -9999 -9999 -9999 -9999 -9999 -9999 -9999 -9999 -9999 -9999 -9999 -9999 -9999 -9999 -9999 -9999 -9999 -9999 -9999 -9999 -9999 -9999 -9999 -9999 -9999 27.9770114942558 31.0114942528721 33.9887751436796 36 33.9419899425276 33.9797054597727 34.0133800287339 31.8029813218378 37 30.9875179597717 31.6450251436788 27.9930854885066 26.9885057471279 32.4637212643714 33.0489403735674 29.0047593390799 29.3629669540235 24.3515625000014 24.2734375000002 27.7734375000006 25.0061961206889 28.0184087643655 26.0964439655164 28.9876077586223 23.0079022988506 29 30.8984375000002 28.1450251436779 23.2045617816077 24.9857219827604 26.9966774425292 28.6679238505745 28.3784123563216 25 25.0109554597687 23 27.565373563219 26.3554238505782 23.0152658045958
-9999 -9999 -9999 -9999 -9999 -9999 -9999 -9999 -9999 -9999 -9999 -9999 -9999 -9999 -9999 -9999 -9999 -9999 -9999 -9999 -9999 -9999 -9999 -9999 -9999 -9999 -9999 30.1401760057483 35.2277298850602 36.9998204022981 35.0228987068959 34.0884518678161 30.1374820402302 33.1602909482752 31.4678520114944 28.2348239942516 32.9770114942524 30.0229885057476 24.6015624999998 28 27.5308010057477 24.4503412356317 21.4505208333344 26.0084410919542 27.0229885057476 23.2671515804598 22.2139906609187 25.8014547413785 25.3054956896553 27.9789870689651 24 22.0078125 26.0459770114953 30 27.9735991379305 26.3676364942516 29.2477550287355 29.3958333333339 31.6487966954022 23.4111889367815 27.5473239942528 21.9879669540227 24.033943965518 27.5604346264366 24.3916127873566 25.0077227011496
-9999 -9999 -9999 -9999 -9999 -9999 -9999 -9999 -9999 -9999 -9999 -9999 -9999 -9999 -9999 -9999 -9999 -9999 -9999 -9999 -9999 -9999 -9999 -9999 -9999 -9999 23.0401400862096 31.9213362068985 34.9975754310343 35.0899784482805 32.9991918103448 37.9975754310343 30.900592672407 32.4695581896519 34.7001616379254 30.0255926724156 30.6713362068946 30.6565193965482 28.9170258620633 32.8620689655078 25.5247844827598 24.5390625000003 26 30.320043103445 23.3327047413799 27.043911637934 28.6796874999982 26.2424568965564 31.0299030172434 23.0859375000005 26 27.9997306034483 31.8925107758631 26.2031249999997 28.9948814655169 25.6438577586238 23.5021551724145 24.2990301724139 27.6411637931021 25.5959051724131 22.8938577586221 23.9507004310311 24.9819504310332 23.5703125 25.9523168103416 24.9771012931019
-9999 -9999 -9999 -9999 -9999 -9999 -9999 -9999 -9999 -9999 -9999 -9999 -9999 -9999 -9999 -9999 -9999 -9999 -9999 -9999 -9999 -9999 -9999 -9999 -9999 20.0556752873555 26.3741020114941 29.9946120689656 35.8869432471267 35.1581357758602 31.0010775862068 34.0427442528729 25.0352011494248 33 30.2931932471248 31.7540409482764 29.3726652298846 23.3217492816095 27.3524604885066 28.0459770114936 27.4002334770128 23.4645294540227 31.7689475574703 34 30 27.0919540229871 28.9497126436788 31.744881465518 28.0398706896546 26.92196479885 27.9149604885066 26.0230783045978 24.9553699712646 32.9540229885064 28.8975395114943 32.6847162356343 28.8843390804615 25 24.030531609195 26.5888110632196 22.4361530172408 23.4305854885063 22.4753053160928 22.8658405172413 20.0283764367812 22.3819145114929
-9999 -9999 -9999 -9999 -9999 -9999 -9999 -9999 -9999 -9999 -9999 -9999 -9999 -9999 -9999 -9999 -9999 -9999 -9999 -9999 -9999 -9999 -9999 -9999 22.0148168103447 29.5753412356319 32.9822198275881 33.1769037356341 27.8099856321836 26.0782147988502 25.0261314655164 29.9506106321843 25.993265086207 25.0094288793102 27.6023706896558 26.3283045976998 22.1324533045965 26.3515624999998 26.9771012931037 25.9862607758614 24.0147270114944 25.4609374999997 28.713182471266 30.3671875 23.3984374999981 26.684806034483 25.3989762931013 29.4991918103455 26.9923670977012 29.8664691091954 23 22.9503412356328 24.9397449712649 32 25.2883441091941 27.8046875000004 28.7717313218392 24.0574712643673 25.9806932471266 26.0220007183906 28.1980962643682 22.1008441091938 23.5066451149421 23.3475215517249 25.4097521551722 25.6258979885068
-9999 -9999 -9999 -9999 -9999 -9999 -9999 -9999 -9999 -9999 -9999 -9999 -9999 -9999 -9999 -9999 -9999 -9999 -9999 -9999 -9999 -9999 -9999 25.9789870689656 29.1021012931042 30.1233836206892 34.2941810344834 32.8701508620696 26.0654633620694 16.9781788793102 22.9997306034465 21.7359913793115 23.1780711206892 21 22.9380387931014 26.2400323275855 25.9251077586211 21.0037715517241 23.6290409482756 24.5218211206894 25.035021551724 26.4873383620685 22.9714439655173 21.658405172414 25.3345905172419 26.4903017241385 22.1953124999996 26.6947737068967 26.1236530172411 24.8679956896558 24.8556034482765 26 28.0075431034482 28.7745150862076 24.9310344827589 25.3063038793095 28.2254849137929 28 24.9542025862071 25.1910021551699 27.4097521551721 25.0765086206898 27.4765624999998 26.9606681034484 23.8081896551723 23.6640625000007
-9999 -9999 -9999 -9999 -9999 -9999 -9999 -9999 -9999 -9999 -9999 -9999 -9999 -9999 -9999 -9999 -9999 -9999 -9999 -9999 -9999 -9999 23.5124820402265 28.3606321839073 25.9792564655177 31.5023347701128 33.0672593390791 34.0640265804646 26.8503951149456 19.2021372126408 20.8662895114966 17.0056573275861 21.8485093390835 18.8390804597734 22.7890625000004 19.5812679597742 17.0245150862064 20.484195402296 21.7140804597677 21.6062320402267 21.9591415229893 21.9218749999995 24.9333692528749 22.9490840517252 22.0804597701133 21.9314834770072 23.916127873561 23.4913793103428 30.0213721264363 27.1401760057442 29.1163793103431 30.9195402298867 30.7730783046003 25.2590696839066 25 26.9195402298867 25.2032147988511 24.942798132185 24.9465696839091 25.1414331896593 23.9886853448277 27.8764367816105 29.0814475574708 28.4410021551722 21.2526939655199 23.9729705459776
-9999 -9999 -9999 -9999 -9999 -9999 -9999 -9999 -9999 -9999 -9999 -9999 -9999 -9999 -9999 -9999 -9999 -9999 -9999 -9999 -9999 -9999 21 24.6593929597697 32.0237068965518 27.0919540229888 36.0768678160922 28.8828124999993 24.1428699712649 26.7991199712636 22.9102011494249 18.3051364942528 18 20.8510237068971 25.5975215517251 21.3260596264363 22.6593929597697 20.5788433908038 21.147270114943 21.4553699712645 23.4002334770111 21.021372126437 19.9619252873562 21.5077227011504 20.3203124999998 25.0919540229888 22.6873204022986 30.9834770114942 25.9713541666674 26.9920977011494 30.9537535919542 24.1895653735639 22.0496587643674 23.1932471264375 21.4261853448269 24.4466594827581 25.4038254310348 25.7375179597707 24 25.3828124999992 25.0919540229888 26.9561781609194 24.0876436781612 28.8951149425284 26 23.4889547413792
-9999 -9999 -9999 -9999 -9999 -9999 -9999 -9999 -9999 -9999 -9999 -9999 -9999 -9999 -9999 -9999 -9999 -9999 -9999 -9999 -9999 26.5603448275872 21.3151939655181 31 30.9224137930985 32.9603987069032 33.6888469827576 31.1171875000007 22.0331357758588 27.0775862068936 26.8965517241408 20.1664870689626 22.8949353448274 18.1204202586173 17.37419181034 16.8698814655209 16.519935344832 19.3822737068956 22.8591056034469 22.6007543103435 23.7147090517185 21.9776400862049 24.957165948277 23.3036099137922 24.7949892241452 26 24.3868534482813 26.4442349137915 25.8515624999975 25.8106142241402 25.3103448275777 25.7922952586263 23.092403017241 25.1158405172356 26.7941810344848 26.0832435344805 23.5226293103514 16.8879310344786 24.9652478448286 25.1276939655139 23.7704741379326 24.8965517241408 16.8965517241408 19.9636314655221 21 22.2068965517185
-9999 -9999 -9999 -9999 -9999 -9999 -9999 -9999 -9999 -9999 -9999 -9999 -9999 -9999 -9999 -9999 -9999 -9999 -9999 -9999 -9999 30.0915948275868 27.9254669540226 32.5704920977002 32.9146910919536 29.325880028736 31.1149425287363 26.232130028737 26.1771731321849 18.8850574712637 18.7520653735625 19.8850574712637 15.3336027298861 15.0188577586207 18.3680854885063 23.313487787356 19.8850574712637 19.688846982759 20 23.3941271551722 24.6071300287362 23.4079561781604 23.1997126436779 24.0620510057496 23.716505028736 23.3448275862088 29.0260416666667 27.8660201149447 20.9973958333344 24.7329382183894 25.9241199712636 25.2359015804611 24.1149425287363 24.8984375000002 22.9191810344821 24.8971803160929 25.087104885058 25 23.374551005747 23.0215517241381 21.7346443965531 24.0601652298854 24.0601652298854 23.1738505747128 23.2508081896545 22.5272090517246
-9999 -9999 -9999 -9999 -9999 -9999 -9999 -9999 -9999 -9999 -9999 -9999 -9999 -9999 -9999 -9999 -9999 -9999 -9999 -9999 25.5546874999995 19.9551903735656 24.7239583333358 30.7471264367799 33.2640984195386 32.6626257183902 29.7095007183897 31.8008261494243 20.8210308908035 20.1673850574724 21.9795258620696 17.1317349137923 19.2528735632202 20.8566810344834 26.2376077586204 23.8409662356312 24.2167744252872 25.0819863505753 24.6525682471249 20.523796695401 22.5058369252874 23.4027478448268 30.0871048850555 28.6792385057475 29.8807471264387 24.3512931034472 24.802083333334 24.0759698275859 22.2424568965522 23.8626975574702 24.1556214080467 22.9931752873563 20.1264367816101 19.9743175287355 21.6329920977018 24.5765086206884 25.0719288793127 22.1626257183893 24.4111889367801 25.4127155172407 24.9314834770111 25.4824892241379 25.1634339080437 21.072108477012 22.8920617816102 19.7152478448295
-9999 -9999 -9999 -9999 -9999 -9999 -9999 -9999 -9999 -9999 -9999 -9999 -9999 -9999 -9999 -9999 -9999 -9999 -9999 -9999 -9999 27.5363685344826 23.4348060344827 27.2828663793101 24.1161099137924 31.2839439655171 30.7241379310352 25.8782327586211 26.2564655172406 23.437769396553 18.1379310344824 20 20.7772090517245 21.1414331896547 24.7093211206902 30.1554418103442 27.2626616379315 25.2136314655174 22 27 27 28.7984913793109 27.2998383620695 25 23.182112068965 22.0624999999998 22.4714439655184 24.2432650862069 21.7658943965523 25 22.867456896552 24.1457435344825 23.1379310344824 26.0140086206896 24.0969827586206 22.1953124999996 24.1753771551724 25.039870689655 26.0452586206896 22.9471982758623 24.8001077586199 22.1443965517238 24.4765624999998 17.9213362068968 23.223060344827 24.1912715517256
-9999 -9999 -9999 -9999 -9999 -9999 -9999 -9999 -9999 -9999 -9999 -9999 -9999 -9999 -9999 -9999 -9999 -9999 -9999 -9999 25.4616558908049 28.3027119252874 24.2990301724137 29.2988505747124 23.6312859195403 26.1794181034481 26.1640625000003 28.7011494252876 25.5080818965518 23.8306393678161 21 20.0598060344824 24.1171874999999 22.9853627873568 25 23.5203843390812 25.1244612068962 23.5517241379313 21.8700610632181 23.9171156609196 26.2692169540231 24.4585129310348 21.938128591954 24.9136135057473 22.2509877873562 22.9591415229885 22.725574712644 24.5483117816091 25.8307291666668 25.19683908046 21.9345366379308 21.3031609195401 25.141253591954 23.7466774425288 22.4251077586199 27.580908764368 21.9072377873565 26.2724497126449 24.4351652298848 25.4750359195395 24.4296874999995 25.3740122126439 22.9217852011495 23.0343929597702 21.6171875 20.3292923850585
-9999 -9999 -9999 -9999 -9999 -9999 -9999 -9999 -9999 -9999 -9999 -9999 -9999 -9999 -9999 -9999 -9999 -9999 -9999 -9999 27.6263469827575 26.4079561781627 28.247216235633 23.1927981321854 24.95689655172 26.3879310344826 24.6235632183884 25.0188577586206 20.2789152298844 25.1843570402285 19.9765625000007 27.8503951149439 24.7091415229866 25.1345186781597 21.2902298850611 26 21.626526580457 24.8283943965535 22.4952406609187 24.002514367817 24.0686063218382 22.5351113505737 23 22.3080998563224 17.9124461206838 20 27.8390804597717 27.8492277298845 27.706267959772 24.0721084770121 26.2702047413765 23.6675646551754 21.4048132183872 24 22.2729885057461 25.3248024425272 23.6063218390788 22.1144037356312 25.3281250000005 24.482130028734 29.1609195402283 25.037356321838 28.0842313218383 22.6394576149419 21.3828125000001 22.281878591954
-9999 -9999 -9999 -9999 -9999 -9999 -9999 -9999 -9999 -9999 -9999 -9999 -9999 -9999 -9999 -9999 -9999 -9999 -9999 -9999 27.846443965517 24.811961206897 25.4566271551728 26.319504310345 23 25.1724137931036 26.0115840517245 22.9797952586206 19.2306034482763 21.9765624999998 22.1724137931036 25.0703124999996 22.8984375000005 25.0083512931042 25 25.1279633620692 23.3504849137925 18.6484375000002 22.7632004310347 21.9811422413793 22 24.5538793103447 23.928609913793 18.7120150862071 24 24.9461206896552 23.8125000000005 27.7966056034481 26.8275862068964 24.8429418103439 22.2438038793102 24.1659482758621 20 23.0840517241378 21.7047413793108 23.0228987068961 22.9582435344828 23.2890624999994 23.8364762931038 22.9339978448277 24 21.9097521551723 24.0468750000003 25.4296875 23.5107758620689 21
-9999 -9999 -9999 -9999 -9999 -9999 -9999 -9999 -9999 -9999 -9999 -9999 -9999 -9999 -9999 -9999 -9999 -9999 -9999 -9999 24.8362068965528 28.6260775862047 25.5938397988511 25.9439655172417 23.3829920976964 19.7238685344788 23 21.8612607758614 23.1839080459757 21.8586566091971 22.562230603444 24.8160919540243 22.7503591953997 25.7694863505712 23.3325251436793 20.3204022988484 22.8721264367826 22.8807471264376 24.0732758620685 24.1020114942521 22.414421695403 26.4255567528745 22.0778556034509 23.8649425287366 22.5546875000011 23.7768498563213 25.8160919540243 24.5558548850576 23.4006824712628 21.7775682471272 23.0390624999998 24.1775323275848 24.2184806034468 23.8534482758631 20.6949533045994 22.1593929597701 21.3507543103454 25.5781249999988 23.2456896551706 21.496318247125 21.5087104885046 22.8160919540243 22.9123563218398 23.8160919540243 20.68758979885 21.3060344827565
