rasterData/Morocco_SNDPPT_M_sl2_250m_ll.asc
NCOLS 192 
NROWS 174 
XLLCORNER -17.013743324 
YLLCORNER 21.41997106 
CELLSIZE 0.083238249234375 
NODATA_value -9999 
[rows 58 to 86 of 174, columns 66 to 131 of 192]
-9999 -9999 -9999 -9999 -9999 -9999 -9999 -9999 -9999 -9999 -9999 -9999 -9999 -9999 -9999 -9999 -9999 -9999 -9999 -9999 47.3496767241384 46.4641702586204 44.4315732758616 42.613146551724 49.2728987068963 49.5169719827586 46.8642241379308 49.1724137931036 56.3981681034465 53.1918103448278 52.8235452586207 45.8472521551732 43.9097521551719 42.8558728448274 44.8275862068964 46.2578124999992 45.4498922413797 47.2976831896546 41.8962823275862 43.0188577586207 49.5051185344828 45.1807650862068 42.8989762931034 47.7642780172412 46.1724137931036 46.7966056034482 49.1484374999996 43.6969288793111 50 55.9135237068969 54.9542025862071 50.6473599137928 57.1724137931036 57.9334590517243 59.3208512931029 54.6322737068968 54 55.1724137931036 54.1056034482755 50.1724137931036 53.471982758621 55.4331896551725 52.7392241379311 47.4113685344829 50.6831896551724 49.7130926724135
-9999 -9999 -9999 -9999 -9999 -9999 -9999 -9999 -9999 -9999 -9999 -9999 -9999 -9999 -9999 -9999 -9999 -9999 -9999 -9999 50.2456896551709 42.6311063218394 45.8970007183891 45.5674389367823 49.1326329023037 53.3031609195453 52.9698275862071 52.8376436781622 48.0444504310349 51.1370330459754 47.6408045977035 46.9870689655174 44.6248204023001 46.9161278735624 46.3384518678173 47.8425826149449 47.0158045977008 43.4161278735627 46.4727909482779 46.4124461206907 44.7822377873543 43.6592133620673 48.3362068965493 45.8025323275829 50.5114044540215 48.8663793103458 49.2265624999994 50.4441451149425 49.7832255747129 54.1681034482745 52.9681214080461 50.8224676724152 52.8362068965528 53.8984375000002 58.3596443965494 59 58.2814295977032 47.2890624999994 53.7543103448294 56.8160919540243 54.5703125000005 54.6110811781604 55.6110811781604 50.4296875 53.8160919540243 53.8160919540243
-9999 -9999 -9999 -9999 -9999 -9999 -9999 -9999 -9999 -9999 -9999 -9999 -9999 -9999 -9999 -9999 -9999 -9999 -9999 -9999 47.4453125000005 41.2350933908015 49.5615122126369 47 48.5025143678191 49.8458153735651 49.3274066091935 53.3125897988488 50.8183369252897 54.0234375000002 46.9765625000007 44.8183369252896 47 45.8038793103459 53.8844288793038 46.8549748563235 42.6261673850578 43.082704741378 45.9680316091981 48.0666307471269 48.1044360632233 46.1053340517228 50.8051364942516 50.1434985632165 51.3981681034473 46.6091954023038 49.2446120689703 47.4646192528778 52.1328124999996 54 53.9609375000002 50.5955459770041 54.0106860632182 54.2152478448248 50.7141702586229 51.647449712646 47.7043821839088 49.3521910919562 50.0656429597692 51.233207614944 50.7931932471243 54.8045977011519 54.2903196839103 54.1954022988481 48.6240122126406 54
-9999 -9999 -9999 -9999 -9999 -9999 -9999 -9999 -9999 -9999 -9999 -9999 -9999 -9999 -9999 -9999 -9999 -9999 -9999 -9999 50.6694504310353 48.8542564655229 49.8553340517268 44.5924030172451 52.2578125000001 49.5414870689666 47.7931034482733 51.8828124999993 49.9296874999996 49.2206357758646 45.2440732758634 46.4746767241338 44.4003232758578 53.2365301723912 48.6654094827604 51 50.488415948273 50.6484375000002 50.8946659482821 50 52.6990840517266 48.2068965517267 45.8636853448284 50.0759698275871 52.0191271551767 46.4803340517268 41.9062499999991 52.8203124999996 52.4916487069007 51.0824353448381 53.2769396551746 51.4216056034534 57.7723599137912 55.1438577586226 50.2939116379324 53.1664870689676 52.615840517243 48.7252155172421 52.006196120689 52.479525862064 43.8089978448195 49.7931034482733 51.0840517241384 52.7772090517267 49.8415948275842 54.2664331896538
-9999 -9999 -9999 -9999 -9999 -9999 -9999 -9999 -9999 -9999 -9999 -9999 -9999 -9999 -9999 -9999 -9999 -9999 -9999 -9999 49.2779274425287 46.5298132183908 49.2747844827586 48.1518498563216 44.2165050287359 47.9925466954023 46.4748563218393 47.7816091954026 45.0153556034483 50.1949533045973 46.0234374999993 49.9450431034485 50.528376436781 45.6892061781614 52.9539331896553 53.8379130747127 52.2585308908048 42.7252155172414 47.1161099137929 56 53.0364583333326 47.1842672413788 50.9322916666659 50.9894037356318 50 47.7769396551732 46.0413074712645 48.898796695402 53.2410201149436 52.1996228448272 50.7681393678164 55.9860811781608 54.2303340517237 54.2977729885054 53.8191451149434 51 52.6214080459773 54.9924568965518 51.6365840517245 54.1859734195405 56.227370689656 51.268408764368 50.2652658045977 48 55.2992097701151 59.3006465517251
-9999 -9999 -9999 -9999 -9999 -9999 -9999 -9999 -9999 -9999 -9999 -9999 -9999 -9999 -9999 -9999 -9999 -9999 -9999 -9999 51.9748563218392 51.3828125000043 46.2581716954018 44.9299568965512 43.6029094827592 51.0698635057449 46.6209590517242 47.2568247126453 47.2298850574726 50.2298850574726 49.9873383620694 48.9838362068965 50.2568247126451 52.2202765804628 50.9854525862042 47.1985452586197 48.2298850574726 49.3229166666627 47.5099676724131 50.7952586206885 56.8868534482752 52.7521551724123 49.6416127873566 50.9155890804593 53.8873024425277 48.8203125000005 52.5402298850549 52.7701149425274 56.2333872126425 54.0464260057472 50.0211027298849 52.9861709770114 50.9578843390809 51.3371048850552 51.8368354885062 51.6101831896572 55.1238326149391 50.3268678160941 50.2587104885051 51.4753053160918 54.5379849137932 52.4765624999999 50.843570402298 56.2757722701133 44.3828125000001 56.3555136494294
-9999 -9999 -9999 -9999 -9999 -9999 -9999 -9999 -9999 -9999 -9999 -9999 -9999 -9999 -9999 -9999 -9999 -9999 -9999 -9999 -9999 -9999 50.8658405172419 42.1864224137933 42.8044181034482 45.6772629310347 46.4884159482756 49.0282866379312 48.9490840517239 49.3162715517249 49.2459590517255 47.4657866379308 43.7656250000003 48 50.197198275863 43.937769396552 48.5479525862057 56.2252155172417 54.3375538793101 51.7586206896553 56.6398168103451 56.5910560344825 51.8151939655185 56.1128771551726 53 53.2413793103446 50 49.619073275862 53.9313038793105 52.3173491379318 52.7882543103449 53.7508081896553 49.8001077586205 52.6953125000005 51.7731681034474 50.5309806034475 50.5172413793107 51.0786637931046 52.9865301724138 53.0924030172411 50.2074353448272 54.3728448275862 49.3615301724138 56.7556573275863 57.1489762931033 56.6565193965511
-9999 -9999 -9999 -9999 -9999 -9999 -9999 -9999 -9999 -9999 -9999 -9999 -9999 -9999 -9999 -9999 -9999 -9999 -9999 -9999 -9999 -9999 49.7471264367828 46.67007902299 41.3180675287341 52.7776580459767 50.0473239942515 45.5350215517293 42.4942528735656 41.9765624999998 44.4588721264357 46 48.3983477011485 49.2587104885046 51.8538074712648 49.6848958333338 55.7333872126419 52.6720545977026 51.8030711206886 50.0212823275887 53.7471264367828 54.6358656609191 54.0197557471258 53.8529094827579 52 51.0691451149422 52.9190014367816 52.1342492816097 52.0992277298849 59.8547952586224 53.4843750000025 52.2375179597737 49.9723419540234 49.4041846264345 45.7781968390811 54.398796695401 48.9387571839084 50.6848060344814 53.5038613505737 53.1560704022983 52.2812500000019 53.8794899425293 54 50 55.4279813218381 60.5057471264343
-9999 -9999 -9999 -9999 -9999 -9999 -9999 -9999 -9999 -9999 -9999 -9999 -9999 -9999 -9999 -9999 -9999 -9999 -9999 -9999 -9999 -9999 -9999 46.4885057471269 48.1280531609196 43.3695222701152 48.4603089080455 49.1506824712619 46.2643678160923 41.2643678160922 43.4540229885057 50.4729705459781 53.1161997126441 49.8359375000006 51.8448275862073 53.9318426724139 56.0805495689657 54.4827586206901 57.0478627873553 54.7385955459774 54.1301185344829 53.7459590517243 52.6611889367808 55.0057471264363 54.9999999999999 54.7356321839078 58.0378053160928 52.3965517241384 54.2177622126443 57.1891163793094 51.7459590517238 51.532866379311 55.2354525862074 48.6034482758625 52.7816091954034 49.0690553160926 54.493444683908 53.923581178161 49.8416846264371 54.4275323275869 49.4567169540235 53.7604166666665 50.183010057471 51.7254849137926 57.0127514367824 56.8396192528746
-9999 -9999 -9999 -9999 -9999 -9999 -9999 -9999 -9999 -9999 -9999 -9999 -9999 -9999 -9999 -9999 -9999 -9999 -9999 -9999 -9999 -9999 -9999 46.7960668103427 42.5336745689644 43.571390086208 44.1640625000003 49.0202047413798 51.0387931034483 45.7071659482769 52.435344827589 58 49.9797952586203 51.254579741378 53.941810344828 52.6853448275837 53.2206357758627 55.1179956896562 53.7906788793132 52.2758620689643 55.9361530172437 54.9873383620716 52.575700431034 47.349407327585 51 55 56.346713362071 56.5021551724115 57.591325431036 53.9762931034482 52.971713362069 49.0099676724138 52.6694504310361 49.9719827586209 51.8925107758624 53.5021551724158 53.7578125000003 52.9202586206902 51.0765086206858 51.7233297413775 54.118534482758 55.1468211206865 51.6209590517234 52 55.2758620689643 62.0196659482795
-9999 -9999 -9999 -9999 -9999 -9999 -9999 -9999 -9999 -9999 -9999 -9999 -9999 -9999 -9999 -9999 -9999 -9999 -9999 -9999 -9999 -9999 -9999 45.3732938218404 46.139188218392 47.5332255747125 48.7887931034475 49.966325431034 45.3778735632216 50.3274964080487 54.6824712643662 56.6827406609176 52.0161637931025 55.3816451149455 52.9393857758617 50.3156429597668 47.1751077586224 52.1105423850561 49.3457255747155 48.9499820402283 50.8585668103436 47.7126436781585 48.2908584770121 53.9857219827541 51.3203124999998 55.8428520114928 54.0963541666653 46.3077406609197 54.9716235632199 53.6514008620663 50.7139008620729 53.7204561781585 48.728358477009 51.7126436781585 49.3931393678177 61.2873563218416 59.5400502873546 54.4684806034461 55.0485811781582 55.0424748563177 51.3062140804584 56.0134698275864 59.1369432471276 63.3062140804587 66.2054597701135 80.6640625000007
-9999 -9999 -9999 -9999 -9999 -9999 -9999 -9999 -9999 -9999 -9999 -9999 -9999 -9999 -9999 -9999 -9999 -9999 -9999 -9999 -9999 -9999 47.8969109195384 43.6042564655175 43.9685704022953 48.2109374999997 46.7209051724129 48.0471443965526 49.901400862068 52.6917205459793 51.0328663793095 49.0703124999996 50.6189834770137 52.5486709770072 50 49.7011494252898 53.9750359195431 46.1050646551715 47.8575790229882 51.1657686781596 55.6329920976998 53.9766522988506 55.9882363505793 56.6328125000001 50 51.0254130747101 46.7799928160888 54.789152298844 50.7011494252898 55.1116199712648 59.3865840517288 54.6031788793056 51.4569863505791 54.7011494252898 54.6434087643688 55.4272629310365 55.5977011494205 63.3950251436731 59.5289152298838 55.3487787356326 63.705998563227 65.5624102011411 65.8575790229897 64.3012751436792 55.681034482763 65.0949173850579
-9999 -9999 -9999 -9999 -9999 -9999 -9999 -9999 -9999 -9999 -9999 -9999 -9999 -9999 -9999 -9999 -9999 -9999 -9999 -9999 -9999 -9999 48.013469827586 44.3935883620698 45.0525323275862 46.0544181034482 47.2149784482762 45.1899245689667 47.2400323275858 48.3265086206898 50.016163793103 50.2885237068967 50.6088362068966 53.1904633620694 49.6096443965519 53.0800107758618 55.5894396551725 50.3103448275863 51.0164331896549 53.0595366379312 58.5369073275861 52.5390625000003 57.3636853448275 57.2532327586206 49.9900323275865 50.4531249999997 54.5433728448296 56.6214978448274 49.7755926724144 54.3696120689659 57.0633081896549 59.6021012931035 58.8046875000013 59.2788254310346 63.5301724137925 60.4450431034481 62.0070043103444 57.4903017241383 66.6896551724137 56.3828124999992 57 59.6390086206896 62.1947737068968 66 66.5743534482759 55.9590517241367
-9999 -9999 -9999 -9999 -9999 -9999 -9999 -9999 -9999 -9999 -9999 -9999 -9999 -9999 -9999 -9999 -9999 -9999 -9999 -9999 -9999 54.279723419542 43.9952406609155 52.9019396551729 48.5033225574727 44.4400143678137 48.455639367817 46.1251795976978 45.9641702586261 47.9841056034481 52.6622665229909 56.525682471261 52.4390265804577 54.2105783045958 53.9321120689661 58.2388649425276 53.0809087643697 52.7615840517236 56.7951688218377 49.8566810344836 57.5078125000001 49.5814475574695 57.9036458333368 46.6035380747111 54.976562499996 52.5556752873529 52.9776400862076 60.7279992816032 60.6781609195422 55.3218390804578 57.9609375000002 60.3165409482739 64.7152478448293 71.3563218390844 72.523168103446 70.4542923850557 64.8340517241388 65.7109375000006 53.2021372126405 57.8013649425297 62.3670977011475 58.3549748563229 64.7250359195425 66.7883441092001 61.0344827586265 61
-9999 -9999 -9999 -9999 -9999 -9999 -9999 -9999 -9999 -9999 -9999 -9999 -9999 -9999 -9999 -9999 -9999 -9999 -9999 -9999 -9999 53.8697916666664 52.1171875 49.5937499999995 52.1614583333333 52.4739583333332 48.4973958333336 46.3723958333336 50.9296874999996 51.6588541666666 54.9843750000005 55.8072916666659 55.5885416666668 50.2786458333335 54.8593750000003 49.5052083333328 57.4791666666677 56.963541666667 57.9973958333336 54 58.0052083333334 56.1536458333333 55.9427083333335 57.9661458333334 55.7734374999999 51.6666666666667 54.3645833333341 59 60.778645833334 49.9713541666665 50.3072916666668 61.9973958333333 52.5755208333341 59.5703124999996 55 66.8619791666663 61 60.8593749999996 66.3359374999997 65.0781250000005 64.286458333333 70.4765624999999 71.3177083333332 70.5703125 67.0494791666667 73.3333333333333
-9999 -9999 -9999 -9999 -9999 -9999 -9999 -9999 -9999 -9999 -9999 -9999 -9999 -9999 -9999 -9999 -9999 -9999 -9999 -9999 54.7742456896545 55.8763469827588 53.8496767241378 44.3849676724139 48.4331896551713 48.2109374999997 46.6107219827591 49.2376077586199 46.3205818965518 42.3601831896555 45.3213900862078 44.3370150862063 55.9595905172414 55.1519396551726 54.4375000000006 55.9199892241383 57.3448275862071 53.5751616379311 57.0837823275864 57.6923491379299 56 51.5280172413797 57.5959051724137 60.5853987068967 52.0245150862073 55.7494612068964 56.0401400862079 60.2844827586223 53.3685344827569 63.7192887931041 61.6821120689652 65.6419719827583 51.3448275862071 62.0350215517241 68.8036099137922 60.3992456896555 60.2613146551727 63.4313038793099 65.1945043103444 75.3663793103462 68.943965517242 67.1497844827586 72.3141163793104 72.5630387931032 71.6551724137929 70.5738146551731
-9999 -9999 -9999 -9999 -9999 -9999 -9999 -9999 -9999 -9999 -9999 -9999 -9999 -9999 -9999 -9999 -9999 -9999 -9999 45.5510955459732 52.1586745689651 46.256465517242 61.5873742816072 53.1032686781577 51.5222701149417 47.7346443965549 49.3458153735656 49.3627873563249 51.95474137931 52.2488326149447 50.7177622126412 50.6687320402309 52.7608656609206 51.2217133620653 59.5079022988518 53.2644576149419 54.0479525862043 52.1252693965512 55.727280890805 61.8720366379299 56.1809446839074 54.9047234195372 48.77388649425 51.4980244252868 59.4704561781592 54.1379310344754 59.2912176724122 66.7126436781585 68.5272988505733 60.0859375000005 62.9721623563221 70.6358656609207 60.6279633620702 57.1857938218417 64.5113146551711 61.9663254310373 61.2873563218415 63.6426903735713 66.0203843390795 58.9429777298852 78.201508620693 73.1563397988497 65.9099317528728 61.7403017241418 64.7111170977056 67.8599137931047
-9999 -9999 -9999 -9999 -9999 -9999 -9999 -9999 -9999 -9999 -9999 -9999 -9999 -9999 -9999 -9999 -9999 -9999 47.8631465517228 44.8600035919536 54.0862966954015 58.8840696839087 53.2222521551724 51.2643678160927 47.5772270114939 44.2902298850573 46.6525682471264 47.7493714080471 51.9482758620687 50.0061961206897 55.7183908045975 56 53.1902837643686 55 54.0799209770101 57.6170079022984 58.4395653735632 55.8908045977011 58.1465517241378 54.9396551724128 52.7721803160928 58.8781429597698 59.5663613505749 53.401311063218 62.5475035919542 63.1728627873565 58.6302083333342 59.2168642241384 62.2838541666665 62.3905352011492 59.6218570402303 61.2701149425295 63.5630387931044 64.1657686781607 57.6264367816091 58.3362068965523 56.7188397988504 64.3402478448277 62.4247485632183 62.0862068965522 77.7283584770116 70.0665409482754 75.7878053160929 74.044450431035 73.242007902299 72.1235632183904
-9999 -9999 -9999 -9999 -9999 -9999 -9999 -9999 -9999 -9999 -9999 -9999 -9999 -9999 -9999 -9999 -9999 48.9967672413829 50.2233297413788 44.7004310344824 52.3572198275872 56.7526939655168 46.5064655172399 47.8221982758616 49.3984375000001 49.2279094827594 47.2413793103464 47.8176185344849 50.9733297413792 53.0468750000003 50 54.2413793103464 50.948545258619 58.1134159482759 56.9625538793105 49.4843750000016 63.5471443965519 54.6414331896557 58.0191271551733 56.2103987068961 55.2023168103445 60.3793103448268 59.9652478448266 62.3658405172393 56.9043642241365 67.1697198275865 58.8871228448259 61.2429956896544 62.8671875000004 56.5719288793109 55.3106142241375 59 61.5320581896567 59.4668642241373 62.205549568967 60.3793103448268 60.8488685344845 67.050377155173 61.7809806034501 69.9964978448276 -9999 -9999 -9999 -9999 -9999 -9999
-9999 -9999 -9999 -9999 -9999 -9999 -9999 -9999 -9999 -9999 -9999 -9999 -9999 -9999 -9999 -9999 -9999 48.2522449712645 45.5310704022998 47.6906429597698 46.4335488505738 46.2031249999997 52.5281968390797 48.7292564655168 54.8429418103447 50.3083692528732 51.9815014367811 54.8274066091946 53.2776580459758 55.6091954022994 57.3673670977013 58.7816091954012 54.3450071839076 47.0938397988489 54.4753951149433 58.5156249999984 55.0861170977003 61.6526580459781 60.2913972701137 58.5546874999999 58.5770474137923 62.8369252873569 60.2628412356311 67 61.6802262931031 60.8334231321837 58.6173670977 54.8910739942521 67 60.1866918103458 58.6108117816069 -9999 -9999 -9999 -9999 -9999 65.4605783045985 -9999 -9999 -9999 -9999 -9999 -9999 -9999 -9999 -9999
-9999 -9999 -9999 -9999 -9999 -9999 -9999 -9999 -9999 -9999 -9999 -9999 -9999 -9999 -9999 -9999 48.3320761494282 43.9479166666688 47.751706178162 44 53.2445222701141 49.4022988505734 56.3008261494263 46.5844109195395 53.3308189655201 53.3736530172445 60.7931034482798 58.3908045977064 64.4716235632187 55.3600035919525 55.3554238505748 55.6124281609176 58.3161817528754 58.4996408045992 57.6825610632193 55.4022988505734 60.8774245689658 53.7391343390812 61.4374102011512 61.3969109195409 63.4022988505734 56.187410201146 64.4258261494271 62.2545797413785 64.2734374999992 62.5845905172393 56.6757363505718 -9999 -9999 -9999 -9999 -9999 -9999 -9999 -9999 -9999 -9999 -9999 -9999 -9999 -9999 -9999 -9999 -9999 -9999 -9999
-9999 -9999 -9999 -9999 -9999 -9999 -9999 -9999 -9999 -9999 -9999 -9999 -9999 -9999 -9999 56.3440193965495 46.5433728448254 48.8289331896542 44.0929418103441 46.4137931034489 49.5546874999995 50.3526400862064 53.8485991379309 53.5630387931014 55.307112068966 54.4137931034489 54.5862068965511 57.3582974137928 59.5158943965507 59.9393857758617 54.8591056034486 56.0824353448271 56.7518857758613 53.7596982758635 58.4749461206889 60 53.9366918103464 64.2623922413798 61.1298491379317 59.4905711206897 64.7114762931038 60.1907327586209 66.2720905172413 60.4137931034489 60.3203124999998 -9999 -9999 -9999 -9999 -9999 -9999 -9999 -9999 -9999 -9999 -9999 -9999 -9999 -9999 -9999 -9999 -9999 -9999 -9999 -9999 -9999
-9999 -9999 -9999 -9999 -9999 -9999 -9999 -9999 -9999 -9999 -9999 -9999 -9999 -9999 48.5616918103432 45 42.2758620689682 42.1760955459773 45.6901939655178 46.629938936783 48.9400143678141 46.5678879310351 59.9685704022992 48.0218211206916 50.109644396552 55.4815912356298 55.0245150862066 52.8007363505761 54.5642061781601 57.7341056034457 58.14242097701 59.3848778735644 55.3339619252852 58.8980783045928 54.4219647988506 60.4107399425321 58.8537176724115 57.8819145114937 63.2661637931013 60.1029094827568 67.9397449712654 57.387931034483 62.2604166666677 58.9486350574724 -9999 -9999 -9999 -9999 -9999 -9999 -9999 -9999 -9999 -9999 -9999 -9999 -9999 -9999 -9999 -9999 -9999 -9999 -9999 -9999 -9999 -9999
-9999 -9999 -9999 -9999 -9999 -9999 -9999 -9999 -9999 -9999 -9999 -9999 -9999 49.226562499999 53.6529274425297 46.2024066091957 46.3228268678158 47.5315193965509 53.8228268678156 60.4990122126437 64.368714080459 51.174030172414 55.5871048850569 50.6940553160937 53.4367816091958 58.544181034482 56.11898347701 56.3855962643679 50.3984375000016 57.4367816091958 54.1337104885047 59.523617097701 57.7315912356316 58.0716594827584 67.3065732758621 58.3704202586196 56.2957974137942 56.9419001436785 61.8735632183916 57.7046515804594 66.7139906609197 64.160560344827 -9999 -9999 -9999 -9999 -9999 -9999 -9999 -9999 -9999 -9999 -9999 -9999 -9999 -9999 -9999 -9999 -9999 -9999 -9999 -9999 -9999 -9999 -9999 -9999
-9999 -9999 -9999 -9999 -9999 -9999 -9999 -9999 -9999 -9999 -9999 -9999 54.0991379310346 50.9032866379287 50.4531249999997 54.3389008620693 51.6328124999992 58.6845366379336 64.1034482758608 55.4568965517248 61.7974137931028 51.2696659482762 48.7998383620695 51.1751077586206 61.1931573275887 61.0088900862056 53.9434267241375 59.4991918103438 54.968480603448 57.8755387931046 52.9919181034485 48.4426185344827 64.3165409482775 63.6759159482776 61.8019935344841 52.8095366379296 62.0070043103447 60.6724137931035 62.1034482758608 62.2098599137911 -9999 -9999 -9999 -9999 -9999 -9999 -9999 -9999 -9999 -9999 -9999 -9999 -9999 -9999 -9999 -9999 -9999 -9999 -9999 -9999 -9999 -9999 -9999 -9999 -9999 -9999
-9999 -9999 -9999 -9999 -9999 -9999 -9999 -9999 -9999 -9999 -9999 50.8545258620691 57.1796875000004 52.5402298850575 54.472970545977 53.7667923850559 50.8353987068951 50.0286458333336 50.0781249999996 58.6848060344827 41.8543462643671 55.655082614943 49.269845545977 59.9045438218396 52.2569145114942 59.7341954022986 56.395384339081 51.523078304598 58.4172952586208 58.0126616379311 63.5022449712655 70.1461925287373 64.4247485632184 61.7929238505739 57.5062859195403 56.2607758620692 63.4338182471252 66.6496946839079 60.2473060344829 -9999 -9999 -9999 -9999 -9999 -9999 -9999 -9999 -9999 -9999 -9999 -9999 -9999 -9999 -9999 -9999 -9999 -9999 -9999 -9999 -9999 -9999 -9999 -9999 -9999 -9999 -9999
-9999 -9999 -9999 -9999 -9999 -9999 -9999 -9999 -9999 59.4137931034477 59.0574712643708 50.6040768678145 52.3762571839061 56.9116379310364 56.3424030172402 56.9793462643662 55.7017780172427 49.0807291666688 58.4609375000002 64.2236889367808 50.8969109195415 58.1378412356345 51.1284123563193 52.5167025862049 51.7438936781603 54.6328124999992 56.2006106321849 53.7653556034459 52.0243354885086 57.4942528735645 67.5052981321861 62.2684087643697 62.4802442528756 58.8066630747163 63.2277298850553 59.215158045974 57.5057471264399 53.0404094827607 -9999 -9999 -9999 -9999 -9999 -9999 -9999 -9999 -9999 -9999 -9999 -9999 -9999 -9999 -9999 -9999 -9999 -9999 -9999 -9999 -9999 -9999 -9999 -9999 -9999 -9999 -9999 -9999
-9999 -9999 -9999 -9999 -9999 -9999 -9999 60.4361530172385 58.9924568965525 62.4970366379292 54.4283405172398 50.3844288793082 54.0929418103446 53.3092672413816 48.1414331896547 51.8545258620704 54.0218211206869 56.8001077586198 57.2602370689666 63.73733836207 52.4232219827555 58.4827586206918 48.5010775862036 50.4827586206918 52.9744073275894 53.4218749999995 56.0288254310308 51 60.4488146551742 62.5406788793083 59.1850754310191 64.3057650862102 64.3089978448297 65.4035560344849 63 57.6161099137943 -9999 -9999 -9999 -9999 -9999 -9999 -9999 -9999 -9999 -9999 -9999 -9999 -9999 -9999 -9999 -9999 -9999 -9999 -9999 -9999 -9999 -9999 -9999 -9999 -9999 -9999 -9999 -9999 -9999 -9999
-9999 -9999 -9999 -9999 -9999 66.5676185344807 64.4041846264388 59.0385237069003 57.9999102011494 56.5135596264346 54.3773347701173 47.2199173850639 48.6645114942484 58.8854166666668 52.6064116379215 52.9843750000007 56.2159662356429 58.160380747123 59.7615840517215 58.2451508620662 52.7194683908038 61.4696479884978 51.8573096264385 48.9575251436789 55.7350035919468 51.4761135057395 54.6698096264389 52.4827586206842 68.5049389367832 61.0003591953988 65.9409123563275 63.0240660919503 64.563667385059 56.4961386494241 -9999 -9999 -9999 -9999 -9999 -9999 -9999 -9999 -9999 -9999 -9999 -9999 -9999 -9999 -9999 -9999 -9999 -9999 -9999 -9999 -9999 -9999 -9999 -9999 -9999 -9999 -9999 -9999 -9999 -9999 -9999 -9999
