rasterData/Morocco_SNDPPT_M_sl2_250m_ll.asc
NCOLS 192 
NROWS 174 
XLLCORNER -17.013743324 
YLLCORNER 21.41997106 
CELLSIZE 0.083238249234375 
NODATA_value -9999 
[rows 29 to 57 of 174, columns 66 to 131 of 192]
-9999 -9999 -9999 -9999 -9999 -9999 -9999 -9999 -9999 -9999 -9999 -9999 -9999 -9999 -9999 -9999 -9999 -9999 -9999 -9999 -9999 -9999 -9999 -9999 -9999 -9999 -9999 -9999 -9999 -9999 -9999 -9999 -9999 -9999 -9999 -9999 -9999 -9999 -9999 -9999 -9999 -9999 49.678160919541 48.514637212644 49.6734015804599 41.4682112068963 35.4531249999988 54.1796875000004 34.2509877873558 35.1804956896521 34.6453843390814 33.8403376436786 30.0088002873562 30.1867816091951 33.827676005748 38.0373563218393 35.3658405172406 31.2425466954019 33.2278196839081 30.1867816091929 38.818785919542 38.8826329022977 38.6706178160927 35.4070581896552 44.2225215517236 44.1068606321838
-9999 -9999 -9999 -9999 -9999 -9999 -9999 -9999 -9999 -9999 -9999 -9999 -9999 -9999 -9999 -9999 -9999 -9999 -9999 -9999 -9999 -9999 -9999 -9999 -9999 -9999 -9999 -9999 -9999 -9999 -9999 -9999 -9999 -9999 -9999 -9999 -9999 -9999 -9999 49 49.7746946839108 51.5342133620722 40.324533045973 47.685973419544 38.6874999999944 37.4228627873547 33.9228627873551 40.0966235632243 32.554597701152 29.8634159482776 28.8505747126455 30.150592672412 35.8359375000014 37.7490122126456 47.299209770121 36.518318965519 38.8602729885008 40.980154454023 50.9007722701161 32.4750359195384 37.6345186781606 38.4625538793103 37.1892959770101 44.2504489942567 33.0654633620635 27.1298491379347
-9999 -9999 -9999 -9999 -9999 -9999 -9999 -9999 -9999 -9999 -9999 -9999 -9999 -9999 -9999 -9999 -9999 -9999 -9999 -9999 -9999 -9999 -9999 -9999 -9999 -9999 -9999 -9999 -9999 -9999 -9999 -9999 -9999 -9999 -9999 -9999 -9999 -9999 51.0738146551719 50.6926185344823 42.9216056034473 47.2524245689664 42.8415948275866 42.6064116379303 38.9062500000002 37.9022090517236 36.4086745689647 32.4191810344809 33.6955818965525 29.212015086207 32.7524245689661 31 33.1303879310342 37.7605064655178 35 34.6936961206903 43.5554956896545 45.4003232758614 40.8755387931024 34.0528017241377 35.4916487068972 36.3545258620681 42.2136314655178 40.1538254310352 45.0851293103446 34.2966056034498
-9999 -9999 -9999 -9999 -9999 -9999 -9999 -9999 -9999 -9999 -9999 -9999 -9999 -9999 -9999 -9999 -9999 -9999 -9999 -9999 -9999 -9999 -9999 -9999 -9999 -9999 -9999 -9999 -9999 -9999 -9999 -9999 -9999 -9999 -9999 45.5782147988531 47.5194863505729 49.4779992816101 42.1013829022977 41.0138290229886 38.1108117816102 39.5290948275866 33.3330639367791 38.3207614942524 35.9595007183905 30.2734375000002 32.2693965517215 30.2606860632194 28.0231681034469 32.2015086206911 29.2189295977017 35 32.9453125000005 42.3167205459777 35.530980603449 42.2528735632206 45.8628771551689 49.053340517242 31.3774245689657 41.5426544540189 41.2812500000019 36.3910739942518 26.542744252874 41.1985452586224 32.8885596264412 34.4545617816117
-9999 -9999 -9999 -9999 -9999 -9999 -9999 -9999 -9999 -9999 -9999 -9999 -9999 -9999 -9999 -9999 -9999 -9999 -9999 -9999 -9999 -9999 -9999 -9999 -9999 -9999 -9999 -9999 -9999 -9999 -9999 -9999 -9999 -9999 -9999 42.3134877873553 49.5354705459779 44.8509339080471 46.4866199712651 43.9850933908034 36.7648168103425 37.0529813218387 38.1521192528732 38.7701149425305 33.3616199712639 30.8221982758634 30.6048850574692 27.7260237068969 36.1149425287348 34.1811242816089 30.5860272988534 35.0069145114943 33.9094827586213 32.20483117816 37.3441989942509 37.9075071839087 36.0157147988477 34.8518318965529 35.3281250000005 33.983566810346 36.554148706897 37.8983477011496 31.4632722701155 36.4040050287348 32.198455459767 29.7790050287355
-9999 -9999 -9999 -9999 -9999 -9999 -9999 -9999 -9999 -9999 -9999 -9999 -9999 -9999 -9999 -9999 -9999 -9999 -9999 -9999 -9999 -9999 -9999 -9999 -9999 -9999 -9999 -9999 -9999 -9999 -9999 -9999 -9999 -9999 43.3362068965515 46.1764547413814 39.9684806034482 44.4059806034488 46.571120689655 40.3933189655177 41.7376077586211 40.7850215517236 26.060614224138 35.4762931034483 34.5390624999999 35.443426724138 30.386584051724 38.5352909482751 31.8828124999998 30 34.0309806034481 35.8973599137929 35.2012392241384 39.8407866379318 35.6061422413778 33.3609913793088 35 37.2535021551718 39.0347521551725 38.1947737068981 34.8965517241377 30.9458512931033 34.6220366379314 37.0444504310346 37.0396012931035 44.8626077586202
-9999 -9999 -9999 -9999 -9999 -9999 -9999 -9999 -9999 -9999 -9999 -9999 -9999 -9999 -9999 -9999 -9999 -9999 -9999 -9999 -9999 -9999 -9999 -9999 -9999 -9999 -9999 -9999 -9999 -9999 -9999 -9999 -9999 49.0967133620657 45.4024784482753 48.3943067528709 47.1199712643661 36.1193426724123 44.4909303160935 37.5647449712641 40.8613505747147 39.6100035919549 34.7921156609163 31.0340337643687 36.4357040229935 28.9331896551734 26.1346084770123 26.6694504310364 29.7363505747165 32.2480244252872 32.2548491379281 31.2666127873522 29.081896551723 36.8987068965533 36.9162176724136 34.9820402298854 35.6407147988525 38.9734195402303 36.5181393678179 35.0567528735624 35 32 37.9067887931058 38.6098239942523 38.4611170977 39.7560165229878
-9999 -9999 -9999 -9999 -9999 -9999 -9999 -9999 -9999 -9999 -9999 -9999 -9999 -9999 -9999 -9999 -9999 -9999 -9999 -9999 -9999 -9999 -9999 -9999 -9999 -9999 -9999 -9999 -9999 -9999 -9999 -9999 48 48.3953843390794 37.6120689655181 40.7836745689662 41.080459770115 46.5139188218386 47.55316091954 42.4899425287358 40.6135057471265 36.080459770115 39 31.0129310344825 30.2656249999997 26.3318965517243 29.8755387931032 33.8203124999996 35.0697737068966 35.3994252873575 31.080459770115 30.087643678161 39.9453125000005 43.6311961206901 39.0679777298843 44.9038254310344 40.3936781609199 37.919540229885 36.1551724137919 36.1420617816092 36.4308548850595 38.3961027298848 37.0421156609196 38.3980783045975 38.5983297413793 41.3359374999993
-9999 -9999 -9999 -9999 -9999 -9999 -9999 -9999 -9999 -9999 -9999 -9999 -9999 -9999 -9999 -9999 -9999 -9999 -9999 -9999 -9999 -9999 -9999 -9999 -9999 -9999 -9999 -9999 -9999 -9999 -9999 48.2667025862052 44.2389547413819 42.9310344827571 40.2653556034491 43.450969827587 39.0689655172429 41.85829741379 48.2306034482762 46.5778556034487 47.6117995689679 39.4663254310344 33.0975215517263 35.6581357758627 30 27.8014547413794 28.0312500000006 30.8768857758629 37.856950431028 33.8620689655142 40.1053340517255 38.0005387931035 40.9019396551735 31.6317349137951 42.9897629310343 42.7357219827575 39.7788254310349 38.2890624999994 42.6182650862061 40.9574353448266 38.6689116379337 41.3822737068935 40.440463362068 41.4690193965526 39.1918103448265 41.3591056034481
-9999 -9999 -9999 -9999 -9999 -9999 -9999 -9999 -9999 -9999 -9999 -9999 -9999 -9999 -9999 -9999 -9999 -9999 -9999 -9999 -9999 -9999 -9999 -9999 -9999 -9999 -9999 -9999 -9999 49.8850574712652 53.0340337643681 46.1940553160908 44.8760775862071 46.9039152298857 38.1866918103446 45.9573455459773 47.2871767241384 41 44.4675826149421 41.3815553160926 38.8850574712652 40.376975574713 42.8617995689658 43.9788972701151 44.4888649425295 39.3151939655171 32.9555495689658 36.3724856321862 34.5095186781627 35.7755926724132 41.9654274425288 42.8781429597709 40.9456716954027 38.8143857758622 45.2059087643667 41.8621587643678 39.3885596264355 39.9591415229888 40.3359374999997 42.9645294540232 42.4952406609186 40.451867816092 40.5066451149422 44.9097521551731 46 48.3474317528748
-9999 -9999 -9999 -9999 -9999 -9999 -9999 -9999 -9999 -9999 -9999 -9999 -9999 -9999 -9999 -9999 -9999 -9999 -9999 -9999 -9999 -9999 -9999 -9999 -9999 -9999 -9999 -9999 49.1065912356332 50 47.111081178162 47.0524425287366 35.7710129310349 43.6980064655152 38.0096982758622 47.988146551724 45.6453843390792 39.2968750000003 47.7512571839075 44.4708153735638 37.4235811781596 38.4645294540228 40.8281250000005 43.6159303160917 40 40.3528196839097 39.8758081896576 37.2091415229894 45.9938936781608 42.0819863505751 41.9912895114932 44 41.9515086206888 42.7968750000003 43.8515625000007 47.7676903735629 45.7926544540239 40.2890624999994 41.9540229885049 45.9892241379308 42 41.0459770114951 38.9540229885049 36.3441989942513 39.400413074713 43.3050466954011
-9999 -9999 -9999 -9999 -9999 -9999 -9999 -9999 -9999 -9999 -9999 -9999 -9999 -9999 -9999 -9999 -9999 -9999 -9999 -9999 -9999 -9999 -9999 -9999 -9999 -9999 -9999 52.809806034484 52.7976831896561 48.0234375000001 38.9428879310361 36 35.1476293103439 44.712015086207 42.3744612068977 39.9399245689671 37.3631465517229 44.2947198275876 40.5945581896552 40.3588362068962 31.9994612068966 33.1034482758593 34.4830280172398 34.0563038793088 35.3704202586208 43.2389547413804 44.7605064655189 40.0689655172395 37.6400862068998 44.9280711206916 44.9986530172414 47.9234913793122 46.0344827586198 44.1635237068947 39.3211206896532 43.1953124999996 41.9822198275867 37.5581896551718 40.2667025862085 42.3828124999992 46.5358297413807 43.4601293103451 44.0344827586198 42.058997844826 40.3270474137947 43.2710129310373
-9999 -9999 -9999 -9999 -9999 -9999 -9999 -9999 -9999 -9999 -9999 -9999 -9999 -9999 -9999 -9999 -9999 -9999 -9999 -9999 -9999 -9999 -9999 -9999 -9999 -9999 -9999 47.3082794540306 49.954292385054 45 44.9541127873598 40.9786278735659 32.1068606321704 34.065193965509 30.5648347701175 29.0571120689583 35.0319683908005 45.2347341954105 36.3801185344852 36.5142780172328 36.0116738505732 40.9894037356335 42.1813936781592 37.3066630747202 40.3129489942536 44.2378771551771 37.8016343390775 -9999 38.6426903735641 35.0689655172327 40.0381645114942 35.0614224137874 41.9223239942563 41.8547952586263 42.9540229885116 41.9725215517276 38.4807830459819 43.694594109198 44.3051364942563 45.2289870689678 42.990122126438 44.4426185344869 45.5006285919508 41.859375 43.3510237069006 43.3664691091909
-9999 -9999 -9999 -9999 -9999 -9999 -9999 -9999 -9999 -9999 -9999 -9999 -9999 -9999 -9999 -9999 -9999 -9999 -9999 -9999 -9999 -9999 -9999 -9999 -9999 -9999 -9999 51.9898527298834 45.0580100574696 44.0114942528755 41.9065193965545 39.9296875000004 38.1259877873576 29.0096084770131 40.4170258620673 39.9546515804606 34.996497844827 45.7065373563221 42.3777837643645 50.8829920977001 44.5366379310394 46.9938038793093 35.409303160919 34.0187679597732 34.3322557471282 41.2640086206882 41.6885775862066 41.5862068965607 45.2870869252902 46.904543821837 49.9650682471206 47.0077227011495 48.9993714080459 41.9007722701155 35.1484374999993 41.0114942528755 37.749102011493 41.1394576149454 43.3435704022999 37.9955998563211 46.124191810343 38.4825790229894 38.4825790229894 44.0049389367824 42.0158943965544 43.9731501436737
-9999 -9999 -9999 -9999 -9999 -9999 -9999 -9999 -9999 -9999 -9999 -9999 -9999 -9999 -9999 -9999 -9999 -9999 -9999 -9999 -9999 -9999 -9999 -9999 -9999 -9999 -9999 47.5312499999972 46.9296874999996 37.9296874999995 32.0234374999993 31.1406249999993 32.8828125000002 44.3281249999988 42.7890625000004 39.2265625000024 42 43.3515624999998 45 44.4453125000001 43.4921874999999 44.4609374999997 40.5859374999997 36.3671875 44.6796875000002 36 46 42 42.8671875000004 42 45 39.0078125 42.9453125000005 44.7968750000003 41.2968749999986 38.3906249999993 39 39.7109375000006 39 38.3828124999992 41 35.5234375000001 45.4765624999998 41.5703125 45.8515624999998 43.6640625000007
-9999 -9999 -9999 -9999 -9999 -9999 -9999 -9999 -9999 -9999 -9999 -9999 -9999 -9999 -9999 -9999 -9999 -9999 -9999 -9999 -9999 -9999 -9999 -9999 -9999 -9999 -9999 47.0128412356306 44.9288793103445 43.0231681034485 41.9768318965524 41.9770114942558 38.1476293103408 33.9981142241382 37.9564475574767 32.2548491379306 38.6998024425278 39.3434806034491 42.4007722701148 46.0114942528721 39.0054777298844 34.4892241379272 42.4160380747127 42.3671874999999 44.6599317528707 45 41.4594109195383 43.8046875000016 44.9501616379373 48.0114942528721 45.1011135057439 46.9922772988505 40.9459410919544 40.0114942528721 38.9902119252886 42.7976831896564 42.7748742816073 39.2824173850577 36.9885057471279 37.6374820402281 43.5637571839093 42.4825790229876 41.5354705459757 40.009877873562 41.6374820402273 41.6525682471286
-9999 -9999 -9999 -9999 -9999 -9999 -9999 -9999 -9999 -9999 -9999 -9999 -9999 -9999 -9999 -9999 -9999 -9999 -9999 -9999 -9999 -9999 -9999 -9999 -9999 -9999 -9999 44.9716235632177 40.9556393678151 41.0685165229904 36.0687859195394 35.0489403735624 41.9973060344827 36.9615660919531 39.1151221264376 45.7362607758628 42.4276221264369 45.6105423850568 53.3892780172413 47.5649245689657 47.0113146551727 48.0123922413796 48.4005926724138 46.6558010057477 44.9770114942524 46.0229885057476 48.058548850576 50.1755567528738 42.0868354885044 42.0229885057476 45.9609375000002 47.0229885057476 45.9552801724128 40.0229885057476 42.0264008620695 43.4140625000011 44.0423850574725 38.328394396552 34.3204920977006 45.5516343390798 43.4165768678153 47.5692349137935 41.4546515804591 40.4296875 41.6313757183911 43.3128591954033
-9999 -9999 -9999 -9999 -9999 -9999 -9999 -9999 -9999 -9999 -9999 -9999 -9999 -9999 -9999 -9999 -9999 -9999 -9999 -9999 -9999 -9999 -9999 -9999 -9999 -9999 50.3399784482772 45.1091056034484 43.0703125000004 37.9326508620644 39.0008081896552 32.0369073275887 43.0264008620708 35.5479525862114 36.027209051726 43.2578124999992 43.3181573275875 41.9127155172396 43.9240301724086 41.034482758623 48.965517241377 49.4609374999997 46.0202047413807 38.0471443965549 45.7031250000018 44.0156250000011 43.8001077586231 42.7575431034436 40.9746767241362 47.9110991379303 45.0363685344824 41 38.1419719827599 45.034482758623 39.1829202586223 42.5514547413758 45 44.7354525862092 40.6947737068976 43.7605064655154 46.5161637931002 42.5891702586253 44.5414870689669 43.5703125 44.6435883620707 41.9884159482751
-9999 -9999 -9999 -9999 -9999 -9999 -9999 -9999 -9999 -9999 -9999 -9999 -9999 -9999 -9999 -9999 -9999 -9999 -9999 -9999 -9999 -9999 -9999 -9999 -9999 53.6342492816117 48.7439834770126 46.9594109195409 37 36.8171695402326 39.0448994252867 40.8409662356339 49 38.9924568965519 39.6705280172436 42.2265625000024 42.5953663793113 50.3590158045971 45.0553160919532 41.8751795977016 46.6231142241363 46.9752155172417 37.7710129310358 35.9540229885064 41.6631645114947 43.1229346264392 40.7526041666676 34.255118534482 41.0868354885061 43.0721982758609 43.9645294540231 39.9847341954022 45.9949712643679 37.1841774425274 41.1197916666679 36.2693067528721 39.2262931034464 44.0592672413784 44.7024066091944 41.0283764367812 42.4494432471256 45.0021551724138 45.0700431034472 41.9802442528739 47.8796695402317 42.0076329023007
-9999 -9999 -9999 -9999 -9999 -9999 -9999 -9999 -9999 -9999 -9999 -9999 -9999 -9999 -9999 -9999 -9999 -9999 -9999 -9999 -9999 -9999 -9999 -9999 52.9703663793106 46.1683728448285 41.9028376436773 42.9268139367804 45.0493893678156 46.9673132183915 49.0286458333337 38.0534303160915 46 49.0866558908039 46.1988146551721 44.9295079022994 49.4419001436804 43.4090337643671 42.0803699712637 42.9362428160925 46.0418462643672 44 40.3106142241361 39.4035560344824 43.8644037356344 43 43.9295079022995 41.2739762931029 42.8900862068967 42.1434087643678 46.926364942529 42.9503412356328 43.0606142241373 39.0898886494253 46.8600933908052 40.931303879311 40.3292923850564 44.7441630747129 42.0574712643673 41.1989044540249 41.4296874999995 43.4933548850579 42.5782147988502 42.1149425287346 42.6037176724139 42.0574712643673
-9999 -9999 -9999 -9999 -9999 -9999 -9999 -9999 -9999 -9999 -9999 -9999 -9999 -9999 -9999 -9999 -9999 -9999 -9999 -9999 -9999 -9999 -9999 47.2777478448281 46.5021551724136 44.0185883620695 41.2623922413787 34.3367456896537 42.9345366379306 57.0907866379309 49.9768318965541 53.2785560344814 49.6438577586215 53.8846982758625 47.5237068965528 50.4843750000016 47.2448814655155 52.3720366379308 47.9725215517242 48.5471443965517 44.0678879310342 46.9773706896562 50 48.0067349137928 41 42.0188577586206 46.084590517241 40.9388469827578 44.9361530172415 45.4299568965515 47.176993534482 44.0078125 44.9310344827589 40.0619612068963 46.2068965517233 42.944504310345 39.2068965517233 37.7799030172417 43.3127693965516 42.149245689657 40.9903017241379 39.3747306034486 36.4797952586205 38.5703125 43.1654094827588 40.4049030172404
-9999 -9999 -9999 -9999 -9999 -9999 -9999 -9999 -9999 -9999 -9999 -9999 -9999 -9999 -9999 -9999 -9999 -9999 -9999 -9999 -9999 -9999 51.4070581896602 44.534392959773 47 39.9025682471284 40.7146192528758 38.9632722701126 45.1654094827534 55.6705280172455 53.1318247126414 63.0691451149412 52.1241918103401 62.7523347701145 50.5988685344822 54.1012033045956 54.3046875000004 52.2711027298865 46.2859195402323 43.1769037356377 45.0156250000001 45.6715158045932 46.6082974137895 46.1609195402266 49.2945402298854 45.5028735632196 43.2265624999994 44.6883081896575 40 44.0914152298877 44.0359195402298 38.0732758620673 37.100574712643 40.7538613505778 45.8635057471268 38.0804597701133 40.7772988505746 42.8962823275884 44.7445222701136 45.9082255747076 43.1150323275838 36.0804597701133 37.9568965517238 36.4529454022984 46.1301185344801 41.7253053160895
-9999 -9999 -9999 -9999 -9999 -9999 -9999 -9999 -9999 -9999 -9999 -9999 -9999 -9999 -9999 -9999 -9999 -9999 -9999 -9999 -9999 -9999 53.0596264367818 46.3125897988509 39.4843749999999 40.9080459770112 34.9080459770112 44.1875897988514 48.1470905172423 45.3375538793117 52.1370330459791 54.8506645114943 57.7908584770113 52.1489762931029 46.666576867815 46.2796336206903 52.2486530172415 47.0162535919555 47.7054597701139 47.5546874999999 44.5545079022991 49.0633979885058 50.4140625000003 46.5842313218384 48.7716415229891 45.1814834770113 47.291846264368 36.3635955459781 46.1328124999996 44.2480244252886 36.2265625000005 48.9929058908046 41.8583872126438 42.9083153735624 41.1192528735635 43.5353807471269 44.8160919540223 41.4983836206884 47.0919540229888 44.2128232758634 41.8160919540223 37.1851652298856 42.205010775861 40.0919540229888 46.4395653735635 51.0529813218393
-9999 -9999 -9999 -9999 -9999 -9999 -9999 -9999 -9999 -9999 -9999 -9999 -9999 -9999 -9999 -9999 -9999 -9999 -9999 -9999 -9999 49.2949892241409 52.5813577586227 42.2731681034495 42.0775862069015 37.3321659482668 38.97413793104 39.7793642241401 50.9741379310376 44.6920797413877 48.9765625000007 53.8480603448301 48.3014547413772 54.3030711206855 55.5878232758678 58.6457435344775 58.1928879310279 55.6904633620679 46.6015624999998 45.3531788793129 44.2852909482815 48.0781250000005 45.042834051723 46.6963900862078 46.7812499999958 43.5479525862116 46.4100215517186 44.6320043103496 45.0293642241404 45.0770474137938 43.5821659482873 43.1050646551696 45.4991918103542 42.6896551724223 41.9989224137967 41.5549568965588 46.5024245689582 51.1120689655214 43.0695043103429 36.3981681034468 45.8442887931011 37.3644935344728 48.5654633620696 45.836745689652 47.4466594827569 48.7583512931101
-9999 -9999 -9999 -9999 -9999 -9999 -9999 -9999 -9999 -9999 -9999 -9999 -9999 -9999 -9999 -9999 -9999 -9999 -9999 -9999 -9999 40.1962104885061 45.8042385057461 38.3098060344845 38 41.674119971264 41.049119971264 46.9753053160917 48.7605962643665 57.9585129310342 59.2010596264389 61 64.6798670977001 64.1640624999994 55.7468570402299 48.3732938218404 56.6953124999996 56.5739044540227 53.5324173850569 53.6058728448278 46.566181752874 48.9380387931031 48.299119971264 45.2100395114933 49.0368175287358 46.4131645114924 38.7734375000006 40.4079561781596 44.739583333332 43.1910021551735 42.0044899425287 42.7640984195389 41.175915948276 43.2147988505745 44.8850574712637 43.815014367815 40.2020474137943 43.6883979885039 45.1526580459779 43.6836386494263 46.5211925287328 42.3616199712636 48.7153376436766 51.2558369252872 54.6611889367818 56.4727909482754
-9999 -9999 -9999 -9999 -9999 -9999 -9999 -9999 -9999 -9999 -9999 -9999 -9999 -9999 -9999 -9999 -9999 -9999 -9999 -9999 51.4453125000005 53.9183728448244 47.9244791666643 39.2933728448314 38.6094647988513 35.9321120689669 40.1433189655173 38.985183189655 56.108656609196 56.8590158045968 57.2703843390817 63.694594109194 56.62993893678 52.307381465516 43.2573635057472 47.7421875000008 47.4419899425299 50.6109015804596 51.1192528735632 54.2796336206895 51 51.4026580459764 41.8388110632199 44.3671875 41.1533764367802 48.1223958333325 43.5205639367804 44.5369073275848 44.1264367816101 44.2015086206909 44.0049389367816 41.8823635057463 44.7540409482741 39.7465876436825 42.2593390804583 44.467672413793 46.5701329022979 44.4949712643694 42.3359374999997 44.5872844827594 44.4296874999995 46.5175107758621 47.675107758622 58.1768139367798 49.1859734195398 57.8301005747118
-9999 -9999 -9999 -9999 -9999 -9999 -9999 -9999 -9999 -9999 -9999 -9999 -9999 -9999 -9999 -9999 -9999 -9999 -9999 -9999 -9999 46.2860991379305 47.4894935344822 41.1597521551727 45.5331357758625 41.1088362068963 38.5325969827579 47.1217672413789 45.8814655172418 50.2491918103439 60.7039331896565 54.1309267241373 52.4571659482752 52.9773706896553 48.1818426724135 42.7066271551734 43.6093750000007 49.3453663793105 51.7944504310339 48.2308728448282 42.2976831896557 38.2758620689648 44.6430495689651 44.5088900862072 44.044450431035 42.9727909482769 45.755118534481 40.3424030172414 46 41.8739224137935 44 44.8631465517245 52.6694504310357 43.1379310344824 46.9030172413794 52.636314655173 48.0670797413787 47.2093211206894 45.7103987068967 49.127424568965 52.1998922413801 52.8620689655176 49.5638469827591 59.1379310344824 50.5630387931041 54.8550646551707
-9999 -9999 -9999 -9999 -9999 -9999 -9999 -9999 -9999 -9999 -9999 -9999 -9999 -9999 -9999 -9999 -9999 -9999 -9999 -9999 50.428969109196 46.3155531609199 45 39.4419899425286 46.5880028735633 46.4782686781605 45.960847701149 42.5479525862072 45.7011494252875 47.3551544540232 53.2719109195408 59.8698814655179 49.8505747126438 51.2790948275852 46.5217313218396 44.5494791666654 44.6035380747128 44.0525323275861 44.1299389367819 45.9334590517242 41.5680675287355 47.0140984195398 44.061871408046 42.3671874999999 45.7490122126438 47.2734375000002 44.1155711206897 42.4248383620691 42.5446300287348 49.6408943965515 49.8115122126439 52.7179418103451 47.0628591954017 55.9159482758624 52.8727550287356 48.419091235632 51.2421874999997 51.5781249999988 54.1865122126435 41.823814655173 52.8207614942539 53.0782147988505 54.1494252873562 56.8161817528736 49.6161997126439 55.284572557471
-9999 -9999 -9999 -9999 -9999 -9999 -9999 -9999 -9999 -9999 -9999 -9999 -9999 -9999 -9999 -9999 -9999 -9999 -9999 -9999 46.7498204023013 49.2577227011469 42.0180495689622 49.9509698275866 45.5812679597716 47.7890625000003 47.1112607758628 47.6424209770115 50.7210847701156 48.7922054597713 51.3808369252826 42.9410021551726 42.5252334770131 45.2419181034534 51.1746587643615 45.3649425287383 49.2925646551725 41.7722701149413 46.9031968390814 46.4427981321831 47.013110632184 46.229795258624 42.9057112068975 45.8981681034492 49.0360093390869 45.3463541666661 40.7385057471226 44 44.1609195402283 47.2359015804562 54.0125718390803 56.9974856321839 61.4430675287406 53.0852191091954 59 55.0314295977008 56.1998922413773 59.3890984195439 50.5650143678165 53 48.8390804597717 53.1160201149421 46.3998742816098 53.8390804597717 54.9741379310369 53.3293821839091
