rasterData/Niger_bio12.asc
NCOLS 190 
NROWS 142 
XLLCORNER 0.152941121 
YLLCORNER 11.695773031 
CELLSIZE 0.0832493725157895 
NODATA_value -3.4e+38 
[rows 0 to 36 of 142, columns 84 to 167 of 190]
-3.4e+38 -3.4e+38 -3.4e+38 -3.4e+38 -3.4e+38 -3.4e+38 -3.4e+38 -3.4e+38 -3.4e+38 -3.4e+38 -3.4e+38 -3.4e+38 -3.4e+38 -3.4e+38 -3.4e+38 -3.4e+38 -3.4e+38 -3.4e+38 -3.4e+38 -3.4e+38 -3.4e+38 -3.4e+38 -3.4e+38 -3.4e+38 -3.4e+38 -3.4e+38 -3.4e+38 -3.4e+38 -3.4e+38 -3.4e+38 -3.4e+38 -3.4e+38 -3.4e+38 -3.4e+38 -3.4e+38 -3.4e+38 -3.4e+38 -3.4e+38 -3.4e+38 -3.4e+38 -3.4e+38 -3.4e+38 -3.4e+38 -3.4e+38 -3.4e+38 -3.4e+38 -3.4e+38 -3.4e+38 -3.4e+38 -3.4e+38 -3.4e+38 -3.4e+38 -3.4e+38 -3.4e+38 -3.4e+38 -3.4e+38 14 14 24 21 20 -3.4e+38 -3.4e+38 -3.4e+38 -3.4e+38 -3.4e+38 -3.4e+38 -3.4e+38 -3.4e+38 -3.4e+38 -3.4e+38 -3.4e+38 -3.4e+38 -3.4e+38 -3.4e+38 -3.4e+38 -3.4e+38 -3.4e+38 -3.4e+38 -3.4e+38 -3.4e+38 -3.4e+38 -3.4e+38 -3.4e+38
-3.4e+38 -3.4e+38 -3.4e+38 -3.4e+38 -3.4e+38 -3.4e+38 -3.4e+38 -3.4e+38 -3.4e+38 -3.4e+38 -3.4e+38 -3.4e+38 -3.4e+38 -3.4e+38 -3.4e+38 -3.4e+38 -3.4e+38 -3.4e+38 -3.4e+38 -3.4e+38 -3.4e+38 -3.4e+38 -3.4e+38 -3.4e+38 -3.4e+38 -3.4e+38 -3.4e+38 -3.4e+38 -3.4e+38 -3.4e+38 -3.4e+38 -3.4e+38 -3.4e+38 -3.4e+38 -3.4e+38 -3.4e+38 -3.4e+38 -3.4e+38 -3.4e+38 -3.4e+38 -3.4e+38 -3.4e+38 -3.4e+38 -3.4e+38 -3.4e+38 -3.4e+38 -3.4e+38 -3.4e+38 -3.4e+38 -3.4e+38 -3.4e+38 -3.4e+38 -3.4e+38 -3.4e+38 -3.4e+38 16 16 14 14 21 19 17 17 16 17 -3.4e+38 -3.4e+38 -3.4e+38 -3.4e+38 -3.4e+38 -3.4e+38 -3.4e+38 -3.4e+38 -3.4e+38 -3.4e+38 -3.4e+38 -3.4e+38 -3.4e+38 -3.4e+38 -3.4e+38 -3.4e+38 -3.4e+38 -3.4e+38 -3.4e+38
-3.4e+38 -3.4e+38 -3.4e+38 -3.4e+38 -3.4e+38 -3.4e+38 -3.4e+38 -3.4e+38 -3.4e+38 -3.4e+38 -3.4e+38 -3.4e+38 -3.4e+38 -3.4e+38 -3.4e+38 -3.4e+38 -3.4e+38 -3.4e+38 -3.4e+38 -3.4e+38 -3.4e+38 -3.4e+38 -3.4e+38 -3.4e+38 -3.4e+38 -3.4e+38 -3.4e+38 -3.4e+38 -3.4e+38 -3.4e+38 -3.4e+38 -3.4e+38 -3.4e+38 -3.4e+38 -3.4e+38 -3.4e+38 -3.4e+38 -3.4e+38 -3.4e+38 -3.4e+38 -3.4e+38 -3.4e+38 -3.4e+38 -3.4e+38 -3.4e+38 -3.4e+38 -3.4e+38 -3.4e+38 -3.4e+38 -3.4e+38 -3.4e+38 -3.4e+38 -3.4e+38 17 17 16 15 15 14 15 19 21 20 20 20 19 16 16 17 15 -3.4e+38 -3.4e+38 -3.4e+38 -3.4e+38 -3.4e+38 -3.4e+38 -3.4e+38 -3.4e+38 -3.4e+38 -3.4e+38 -3.4e+38 -3.4e+38 -3.4e+38 -3.4e+38
-3.4e+38 -3.4e+38 -3.4e+38 -3.4e+38 -3.4e+38 -3.4e+38 -3.4e+38 -3.4e+38 -3.4e+38 -3.4e+38 -3.4e+38 -3.4e+38 -3.4e+38 -3.4e+38 -3.4e+38 -3.4e+38 -3.4e+38 -3.4e+38 -3.4e+38 -3.4e+38 -3.4e+38 -3.4e+38 -3.4e+38 -3.4e+38 -3.4e+38 -3.4e+38 -3.4e+38 -3.4e+38 -3.4e+38 -3.4e+38 -3.4e+38 -3.4e+38 -3.4e+38 -3.4e+38 -3.4e+38 -3.4e+38 -3.4e+38 -3.4e+38 -3.4e+38 -3.4e+38 -3.4e+38 -3.4e+38 -3.4e+38 -3.4e+38 -3.4e+38 -3.4e+38 -3.4e+38 -3.4e+38 -3.4e+38 -3.4e+38 -3.4e+38 24 24 21 17 17 16 17 15 15 21 21 21 20 20 20 19 19 17 17 17 16 15 14 -3.4e+38 -3.4e+38 -3.4e+38 -3.4e+38 -3.4e+38 -3.4e+38 -3.4e+38 -3.4e+38 -3.4e+38 -3.4e+38
-3.4e+38 -3.4e+38 -3.4e+38 -3.4e+38 -3.4e+38 -3.4e+38 -3.4e+38 -3.4e+38 -3.4e+38 -3.4e+38 -3.4e+38 -3.4e+38 -3.4e+38 -3.4e+38 -3.4e+38 -3.4e+38 -3.4e+38 -3.4e+38 -3.4e+38 -3.4e+38 -3.4e+38 -3.4e+38 -3.4e+38 -3.4e+38 -3.4e+38 -3.4e+38 -3.4e+38 -3.4e+38 -3.4e+38 -3.4e+38 -3.4e+38 -3.4e+38 -3.4e+38 -3.4e+38 -3.4e+38 -3.4e+38 -3.4e+38 -3.4e+38 -3.4e+38 -3.4e+38 -3.4e+38 -3.4e+38 -3.4e+38 -3.4e+38 -3.4e+38 -3.4e+38 -3.4e+38 -3.4e+38 -3.4e+38 -3.4e+38 17 21 25 24 22 18 18 18 16 15 21 21 20 19 20 19 19 19 17 17 16 16 16 16 16 16 15 -3.4e+38 -3.4e+38 -3.4e+38 -3.4e+38 -3.4e+38 -3.4e+38 -3.4e+38
-3.4e+38 -3.4e+38 -3.4e+38 -3.4e+38 -3.4e+38 -3.4e+38 -3.4e+38 -3.4e+38 -3.4e+38 -3.4e+38 -3.4e+38 -3.4e+38 -3.4e+38 -3.4e+38 -3.4e+38 -3.4e+38 -3.4e+38 -3.4e+38 -3.4e+38 -3.4e+38 -3.4e+38 -3.4e+38 -3.4e+38 -3.4e+38 -3.4e+38 -3.4e+38 -3.4e+38 -3.4e+38 -3.4e+38 -3.4e+38 -3.4e+38 -3.4e+38 -3.4e+38 -3.4e+38 -3.4e+38 -3.4e+38 -3.4e+38 -3.4e+38 -3.4e+38 -3.4e+38 -3.4e+38 -3.4e+38 -3.4e+38 -3.4e+38 -3.4e+38 -3.4e+38 -3.4e+38 -3.4e+38 17 18 17 18 25 22 21 21 18 17 17 17 19 21 20 20 20 20 19 20 18 18 18 18 18 18 19 18 20 20 -3.4e+38 -3.4e+38 -3.4e+38 -3.4e+38 -3.4e+38 -3.4e+38
-3.4e+38 -3.4e+38 -3.4e+38 -3.4e+38 -3.4e+38 -3.4e+38 -3.4e+38 -3.4e+38 -3.4e+38 -3.4e+38 -3.4e+38 -3.4e+38 -3.4e+38 -3.4e+38 -3.4e+38 -3.4e+38 -3.4e+38 -3.4e+38 -3.4e+38 -3.4e+38 -3.4e+38 -3.4e+38 -3.4e+38 -3.4e+38 -3.4e+38 -3.4e+38 -3.4e+38 -3.4e+38 -3.4e+38 -3.4e+38 -3.4e+38 -3.4e+38 -3.4e+38 -3.4e+38 -3.4e+38 -3.4e+38 -3.4e+38 -3.4e+38 -3.4e+38 -3.4e+38 -3.4e+38 -3.4e+38 -3.4e+38 -3.4e+38 -3.4e+38 -3.4e+38 17 16 16 17 17 20 20 21 21 21 21 19 18 19 22 21 20 20 20 20 20 20 19 19 18 20 19 20 20 20 20 23 23 20 -3.4e+38 -3.4e+38 -3.4e+38 -3.4e+38
-3.4e+38 -3.4e+38 -3.4e+38 -3.4e+38 -3.4e+38 -3.4e+38 -3.4e+38 -3.4e+38 -3.4e+38 -3.4e+38 -3.4e+38 -3.4e+38 -3.4e+38 -3.4e+38 -3.4e+38 -3.4e+38 -3.4e+38 -3.4e+38 -3.4e+38 -3.4e+38 -3.4e+38 -3.4e+38 -3.4e+38 -3.4e+38 -3.4e+38 -3.4e+38 -3.4e+38 -3.4e+38 -3.4e+38 -3.4e+38 -3.4e+38 -3.4e+38 -3.4e+38 -3.4e+38 -3.4e+38 -3.4e+38 -3.4e+38 -3.4e+38 -3.4e+38 -3.4e+38 -3.4e+38 -3.4e+38 -3.4e+38 -3.4e+38 -3.4e+38 13 18 16 13 13 16 19 21 21 21 23 21 19 19 19 22 22 21 21 21 21 21 21 20 21 20 20 21 20 23 23 24 24 22 23 21 -3.4e+38 -3.4e+38 -3.4e+38
-3.4e+38 -3.4e+38 -3.4e+38 -3.4e+38 -3.4e+38 -3.4e+38 -3.4e+38 -3.4e+38 -3.4e+38 -3.4e+38 -3.4e+38 -3.4e+38 -3.4e+38 -3.4e+38 -3.4e+38 -3.4e+38 -3.4e+38 -3.4e+38 -3.4e+38 -3.4e+38 -3.4e+38 -3.4e+38 -3.4e+38 -3.4e+38 -3.4e+38 -3.4e+38 -3.4e+38 -3.4e+38 -3.4e+38 -3.4e+38 -3.4e+38 -3.4e+38 -3.4e+38 -3.4e+38 -3.4e+38 -3.4e+38 -3.4e+38 -3.4e+38 -3.4e+38 -3.4e+38 -3.4e+38 -3.4e+38 -3.4e+38 13 13 13 13 14 13 13 13 18 21 21 21 24 21 19 19 20 23 22 23 22 21 21 21 21 21 21 22 23 23 24 24 24 24 22 21 21 21 21 -3.4e+38 -3.4e+38
-3.4e+38 -3.4e+38 -3.4e+38 -3.4e+38 -3.4e+38 -3.4e+38 -3.4e+38 -3.4e+38 -3.4e+38 -3.4e+38 -3.4e+38 -3.4e+38 -3.4e+38 -3.4e+38 -3.4e+38 -3.4e+38 -3.4e+38 -3.4e+38 -3.4e+38 -3.4e+38 -3.4e+38 -3.4e+38 -3.4e+38 -3.4e+38 -3.4e+38 -3.4e+38 -3.4e+38 -3.4e+38 -3.4e+38 -3.4e+38 -3.4e+38 -3.4e+38 -3.4e+38 -3.4e+38 -3.4e+38 -3.4e+38 -3.4e+38 -3.4e+38 -3.4e+38 -3.4e+38 -3.4e+38 12 12 12 13 13 12 13 13 13 15 16 19 19 20 23 20 20 20 21 24 25 23 22 21 21 21 22 22 23 23 24 24 24 24 24 24 23 22 21 21 20 20 -3.4e+38
-3.4e+38 -3.4e+38 -3.4e+38 -3.4e+38 -3.4e+38 -3.4e+38 -3.4e+38 -3.4e+38 -3.4e+38 -3.4e+38 -3.4e+38 -3.4e+38 -3.4e+38 -3.4e+38 -3.4e+38 -3.4e+38 -3.4e+38 -3.4e+38 -3.4e+38 -3.4e+38 -3.4e+38 -3.4e+38 -3.4e+38 -3.4e+38 -3.4e+38 -3.4e+38 -3.4e+38 -3.4e+38 -3.4e+38 -3.4e+38 -3.4e+38 -3.4e+38 -3.4e+38 -3.4e+38 -3.4e+38 -3.4e+38 -3.4e+38 -3.4e+38 -3.4e+38 12 12 12 12 12 12 12 12 13 13 12 13 16 17 17 19 20 21 21 21 18 25 22 23 22 21 21 23 23 24 24 24 24 24 25 26 25 23 21 22 22 21 20 20 20
-3.4e+38 -3.4e+38 -3.4e+38 -3.4e+38 -3.4e+38 -3.4e+38 -3.4e+38 -3.4e+38 -3.4e+38 -3.4e+38 -3.4e+38 -3.4e+38 -3.4e+38 -3.4e+38 -3.4e+38 -3.4e+38 -3.4e+38 -3.4e+38 -3.4e+38 -3.4e+38 -3.4e+38 -3.4e+38 -3.4e+38 -3.4e+38 -3.4e+38 -3.4e+38 -3.4e+38 -3.4e+38 -3.4e+38 -3.4e+38 -3.4e+38 -3.4e+38 -3.4e+38 -3.4e+38 -3.4e+38 -3.4e+38 -3.4e+38 -3.4e+38 11 11 11 12 12 12 12 12 12 12 13 14 12 14 15 15 16 19 21 23 21 18 18 22 22 23 23 24 24 24 24 24 24 24 24 24 23 23 23 21 22 22 23 21 20 21
-3.4e+38 -3.4e+38 -3.4e+38 -3.4e+38 -3.4e+38 -3.4e+38 -3.4e+38 -3.4e+38 -3.4e+38 -3.4e+38 -3.4e+38 -3.4e+38 -3.4e+38 -3.4e+38 -3.4e+38 -3.4e+38 -3.4e+38 -3.4e+38 -3.4e+38 -3.4e+38 -3.4e+38 -3.4e+38 -3.4e+38 -3.4e+38 -3.4e+38 -3.4e+38 -3.4e+38 -3.4e+38 -3.4e+38 -3.4e+38 -3.4e+38 -3.4e+38 -3.4e+38 -3.4e+38 -3.4e+38 -3.4e+38 11 11 11 11 11 12 12 12 12 12 12 12 14 13 12 12 14 14 16 16 21 21 21 18 17 17 17 18 20 24 24 24 24 25 25 26 26 27 27 25 21 24 24 29 29 22 23 22
-3.4e+38 -3.4e+38 -3.4e+38 -3.4e+38 -3.4e+38 -3.4e+38 -3.4e+38 -3.4e+38 -3.4e+38 -3.4e+38 -3.4e+38 -3.4e+38 -3.4e+38 -3.4e+38 -3.4e+38 -3.4e+38 -3.4e+38 -3.4e+38 -3.4e+38 -3.4e+38 -3.4e+38 -3.4e+38 -3.4e+38 -3.4e+38 -3.4e+38 -3.4e+38 -3.4e+38 -3.4e+38 -3.4e+38 -3.4e+38 -3.4e+38 -3.4e+38 -3.4e+38 -3.4e+38 11 11 11 11 11 11 11 11 11 12 12 12 12 12 14 13 12 13 13 16 16 16 18 21 22 21 19 19 20 19 18 21 23 24 25 25 26 27 27 28 28 28 28 28 28 30 25 23 25 22
-3.4e+38 -3.4e+38 -3.4e+38 -3.4e+38 -3.4e+38 -3.4e+38 -3.4e+38 -3.4e+38 -3.4e+38 -3.4e+38 -3.4e+38 -3.4e+38 -3.4e+38 -3.4e+38 -3.4e+38 -3.4e+38 -3.4e+38 -3.4e+38 -3.4e+38 -3.4e+38 -3.4e+38 -3.4e+38 -3.4e+38 -3.4e+38 -3.4e+38 -3.4e+38 -3.4e+38 -3.4e+38 -3.4e+38 -3.4e+38 -3.4e+38 -3.4e+38 -3.4e+38 12 11 11 11 11 11 11 11 11 11 11 12 12 12 12 13 13 13 13 15 16 16 16 19 24 22 22 20 20 19 19 18 18 19 22 25 22 27 27 28 28 28 30 29 26 24 24 24 23 23 23
-3.4e+38 -3.4e+38 -3.4e+38 -3.4e+38 -3.4e+38 -3.4e+38 -3.4e+38 -3.4e+38 -3.4e+38 -3.4e+38 -3.4e+38 -3.4e+38 -3.4e+38 -3.4e+38 -3.4e+38 -3.4e+38 -3.4e+38 -3.4e+38 -3.4e+38 -3.4e+38 -3.4e+38 -3.4e+38 -3.4e+38 -3.4e+38 -3.4e+38 -3.4e+38 -3.4e+38 -3.4e+38 -3.4e+38 -3.4e+38 -3.4e+38 11 11 11 11 11 11 11 11 11 11 11 11 11 12 12 11 12 13 13 13 13 14 16 16 16 19 21 19 22 20 19 22 24 24 22 17 17 17 17 21 23 22 22 22 30 24 24 22 22 23 23 23 23
-3.4e+38 -3.4e+38 -3.4e+38 -3.4e+38 -3.4e+38 -3.4e+38 -3.4e+38 -3.4e+38 -3.4e+38 -3.4e+38 -3.4e+38 -3.4e+38 -3.4e+38 -3.4e+38 -3.4e+38 -3.4e+38 -3.4e+38 -3.4e+38 -3.4e+38 -3.4e+38 -3.4e+38 -3.4e+38 -3.4e+38 -3.4e+38 -3.4e+38 -3.4e+38 -3.4e+38 -3.4e+38 -3.4e+38 11 11 11 11 12 12 11 11 11 11 11 11 11 11 11 11 11 12 11 13 13 13 13 13 17 15 15 15 19 20 19 21 19 18 24 25 25 25 19 16 16 16 18 18 19 19 20 21 22 22 23 23 23 23 23
-3.4e+38 -3.4e+38 -3.4e+38 -3.4e+38 -3.4e+38 -3.4e+38 -3.4e+38 -3.4e+38 -3.4e+38 -3.4e+38 -3.4e+38 -3.4e+38 -3.4e+38 -3.4e+38 -3.4e+38 -3.4e+38 -3.4e+38 -3.4e+38 -3.4e+38 -3.4e+38 -3.4e+38 -3.4e+38 -3.4e+38 -3.4e+38 -3.4e+38 -3.4e+38 -3.4e+38 -3.4e+38 12 12 12 12 12 12 12 12 11 11 11 11 11 11 11 11 11 10 13 10 12 13 12 12 12 18 15 15 15 17 19 19 22 18 16 17 21 25 27 27 21 18 18 18 18 18 18 18 18 21 22 23 22 22 24 25
-3.4e+38 -3.4e+38 -3.4e+38 -3.4e+38 -3.4e+38 -3.4e+38 -3.4e+38 -3.4e+38 -3.4e+38 -3.4e+38 -3.4e+38 -3.4e+38 -3.4e+38 -3.4e+38 -3.4e+38 -3.4e+38 -3.4e+38 -3.4e+38 -3.4e+38 -3.4e+38 -3.4e+38 -3.4e+38 -3.4e+38 -3.4e+38 -3.4e+38 -3.4e+38 13 13 13 12 12 12 12 12 12 12 12 12 12 12 11 12 12 12 11 11 11 11 11 11 12 12 12 12 17 14 13 16 17 19 22 18 16 16 16 18 24 27 21 18 19 18 18 18 18 19 19 21 22 22 22 23 25 25
-3.4e+38 -3.4e+38 -3.4e+38 -3.4e+38 -3.4e+38 -3.4e+38 -3.4e+38 -3.4e+38 -3.4e+38 -3.4e+38 -3.4e+38 -3.4e+38 -3.4e+38 -3.4e+38 -3.4e+38 -3.4e+38 -3.4e+38 -3.4e+38 -3.4e+38 -3.4e+38 -3.4e+38 -3.4e+38 -3.4e+38 -3.4e+38 16 15 14 14 13 13 12 12 12 12 12 12 12 12 12 12 11 11 11 11 11 11 11 11 12 11 12 12 12 12 13 13 13 13 17 21 20 22 19 16 16 16 22 27 27 27 25 19 18 18 18 19 20 21 22 22 22 24 25 25
-3.4e+38 -3.4e+38 -3.4e+38 -3.4e+38 -3.4e+38 -3.4e+38 -3.4e+38 -3.4e+38 -3.4e+38 -3.4e+38 -3.4e+38 -3.4e+38 -3.4e+38 -3.4e+38 -3.4e+38 -3.4e+38 -3.4e+38 -3.4e+38 -3.4e+38 -3.4e+38 -3.4e+38 -3.4e+38 -3.4e+38 17 17 15 15 14 14 14 13 12 12 12 12 12 12 12 12 11 11 11 11 11 11 11 11 11 12 12 12 12 12 12 13 13 13 13 16 16 22 19 21 19 18 17 18 18 19 27 24 20 20 19 20 20 21 22 22 23 24 24 25 27
-3.4e+38 -3.4e+38 -3.4e+38 -3.4e+38 -3.4e+38 -3.4e+38 -3.4e+38 -3.4e+38 -3.4e+38 -3.4e+38 -3.4e+38 -3.4e+38 -3.4e+38 -3.4e+38 -3.4e+38 -3.4e+38 -3.4e+38 -3.4e+38 -3.4e+38 -3.4e+38 -3.4e+38 17 17 17 17 16 15 14 14 14 13 12 12 12 12 12 11 11 11 11 11 11 11 11 11 11 11 11 11 12 12 12 12 13 13 13 13 14 16 16 19 21 18 20 19 19 18 18 18 25 28 23 21 21 21 23 22 22 23 24 24 25 26 28
-3.4e+38 -3.4e+38 -3.4e+38 -3.4e+38 -3.4e+38 -3.4e+38 -3.4e+38 -3.4e+38 -3.4e+38 -3.4e+38 -3.4e+38 -3.4e+38 -3.4e+38 -3.4e+38 -3.4e+38 -3.4e+38 -3.4e+38 -3.4e+38 -3.4e+38 17 17 17 17 17 17 16 16 14 14 14 14 13 12 12 11 11 11 11 11 11 11 11 11 11 11 11 11 11 11 11 12 12 12 13 13 13 14 15 16 16 18 21 19 18 18 19 26 18 18 20 28 28 24 22 22 25 25 25 24 24 25 27 28 29
-3.4e+38 -3.4e+38 -3.4e+38 -3.4e+38 -3.4e+38 -3.4e+38 -3.4e+38 -3.4e+38 -3.4e+38 -3.4e+38 -3.4e+38 -3.4e+38 -3.4e+38 -3.4e+38 -3.4e+38 -3.4e+38 -3.4e+38 17 17 17 17 17 17 17 17 16 16 16 15 15 14 14 12 12 12 12 11 11 11 11 10 11 11 11 11 11 11 10 10 10 11 12 12 12 13 13 15 16 16 17 19 20 19 18 18 18 22 18 18 20 28 26 24 23 24 25 25 25 25 25 27 28 29 29
-3.4e+38 -3.4e+38 -3.4e+38 -3.4e+38 -3.4e+38 -3.4e+38 -3.4e+38 -3.4e+38 -3.4e+38 -3.4e+38 -3.4e+38 -3.4e+38 -3.4e+38 -3.4e+38 -3.4e+38 -3.4e+38 18 18 17 19 18 18 17 17 17 16 16 16 16 15 14 13 13 12 12 12 12 12 11 11 10 9 9 9 10 9 10 10 10 10 12 12 12 12 12 13 16 16 16 16 18 18 18 18 18 18 23 18 20 21 27 26 26 26 25 25 25 25 26 27 27 28 29 30
-3.4e+38 -3.4e+38 -3.4e+38 -3.4e+38 -3.4e+38 -3.4e+38 -3.4e+38 -3.4e+38 -3.4e+38 -3.4e+38 -3.4e+38 -3.4e+38 -3.4e+38 -3.4e+38 17 17 17 17 19 19 19 18 18 18 18 16 16 16 16 16 14 14 13 13 12 11 11 11 11 11 10 9 9 9 9 9 9 9 9 11 11 12 12 12 12 13 15 16 15 16 18 19 22 23 21 20 18 18 20 28 29 29 31 32 28 25 25 25 27 29 29 29 30 31
-3.4e+38 -3.4e+38 -3.4e+38 -3.4e+38 -3.4e+38 -3.4e+38 -3.4e+38 -3.4e+38 -3.4e+38 -3.4e+38 -3.4e+38 -3.4e+38 20 17 17 17 17 17 19 19 19 18 18 18 18 18 18 16 16 15 14 13 13 13 12 12 12 11 10 10 10 10 10 10 9 9 9 9 9 10 10 10 12 13 13 13 13 15 14 14 17 17 22 25 25 25 20 19 25 26 27 26 31 32 29 26 25 26 27 28 30 30 31 31
-3.4e+38 -3.4e+38 -3.4e+38 -3.4e+38 -3.4e+38 -3.4e+38 -3.4e+38 -3.4e+38 -3.4e+38 -3.4e+38 -3.4e+38 20 20 19 17 17 18 18 18 19 18 19 18 19 19 19 19 17 15 15 14 14 13 13 13 12 12 11 11 10 11 10 10 9 9 9 9 9 9 9 9 10 12 12 13 13 13 14 14 14 14 18 18 20 24 20 19 19 25 25 24 28 30 31 29 27 26 26 27 28 30 31 32 33
-3.4e+38 -3.4e+38 -3.4e+38 -3.4e+38 -3.4e+38 -3.4e+38 -3.4e+38 -3.4e+38 -3.4e+38 20 20 20 20 20 18 18 18 18 18 18 18 18 18 19 19 19 19 16 15 14 14 13 13 13 12 12 11 11 11 11 11 11 10 10 9 9 9 9 9 9 11 11 12 12 12 12 12 13 16 15 13 17 18 18 18 20 19 21 25 26 27 27 30 31 31 30 27 27 28 28 29 31 32 34
-3.4e+38 -3.4e+38 -3.4e+38 -3.4e+38 -3.4e+38 -3.4e+38 -3.4e+38 20 20 20 20 20 20 19 19 19 19 19 19 18 18 18 18 19 19 19 18 17 16 14 14 14 13 12 12 12 11 11 11 11 11 11 11 11 10 10 9 9 10 10 10 10 11 12 12 12 12 13 13 16 15 13 18 18 18 18 19 23 25 25 24 26 29 31 30 27 27 28 28 29 30 32 32 34
-3.4e+38 -3.4e+38 -3.4e+38 -3.4e+38 -3.4e+38 -3.4e+38 21 21 20 21 21 20 20 19 19 18 19 19 18 18 19 19 19 21 19 18 18 17 15 15 15 14 12 12 12 12 11 11 11 11 11 11 11 11 10 10 10 10 10 10 10 10 11 11 11 12 12 13 13 15 15 14 15 18 17 19 19 19 24 24 24 24 28 30 30 30 34 29 29 29 29 29 30 34
-3.4e+38 -3.4e+38 -3.4e+38 -3.4e+38 21 21 21 21 21 21 21 21 20 21 21 21 21 19 18 18 19 19 20 20 19 18 17 17 16 16 15 15 13 12 12 12 12 11 11 11 11 11 11 10 10 10 10 10 10 10 10 10 11 11 11 11 11 12 13 13 15 15 14 16 17 17 18 18 23 23 23 23 24 30 30 30 31 29 29 28 29 29 30 34
-3.4e+38 -3.4e+38 -3.4e+38 22 23 24 23 23 22 22 22 22 22 22 22 22 22 22 20 20 20 20 21 20 20 18 16 16 16 16 16 15 15 13 12 12 12 11 11 11 11 11 10 10 10 10 10 10 10 10 10 10 11 11 11 11 11 13 13 14 14 15 14 15 16 17 18 18 18 19 23 23 25 26 30 29 29 29 29 30 29 30 30 36
-3.4e+38 22 23 24 24 24 24 23 23 23 22 22 22 23 23 23 23 23 23 22 21 21 22 21 20 18 17 17 17 16 16 16 14 13 13 13 12 12 11 11 11 10 10 10 10 10 10 10 10 10 10 10 11 11 11 11 11 12 12 14 14 15 16 15 16 18 18 18 18 18 21 23 25 25 26 29 29 29 31 31 31 30 34 36
23 25 25 24 24 25 25 25 24 24 24 24 24 24 24 24 24 25 23 23 22 23 22 22 20 19 17 17 17 17 16 15 15 15 13 13 13 13 11 11 11 10 10 10 10 10 10 10 10 10 10 11 11 11 11 11 11 12 13 14 14 14 15 16 16 17 17 17 18 19 22 22 22 24 26 27 28 30 33 36 36 36 36 35
24 25 26 26 26 26 26 26 25 24 24 24 24 24 24 24 24 24 24 24 25 26 23 22 21 21 20 17 17 17 17 16 15 15 15 13 13 13 12 12 11 10 10 10 10 10 10 10 10 10 10 11 11 11 11 11 12 12 13 14 14 14 15 16 16 17 17 17 17 20 22 22 23 23 24 24 25 27 33 35 33 33 35 37
26 27 27 26 26 26 26 26 26 26 26 25 26 25 26 26 26 30 26 28 27 27 25 24 22 21 21 20 17 17 17 16 16 15 15 14 14 13 12 12 11 11 11 10 10 10 10 10 10 10 10 11 11 11 11 12 12 12 13 13 13 14 14 16 17 17 17 17 17 19 22 23 23 23 24 25 27 27 30 30 30 32 34 36
