rasterData/Niger_bio12.asc
NCOLS 190 
NROWS 142 
XLLCORNER 0.152941121 
YLLCORNER 11.695773031 
CELLSIZE 0.0832493725157895 
NODATA_value -3.4e+38 
[rows 37 to 73 of 142, columns 84 to 167 of 190]
28 28 27 27 27 27 27 28 28 27 27 27 26 27 27 27 30 31 30 30 30 28 28 27 25 21 21 21 19 17 17 16 16 16 16 14 14 14 12 11 11 11 11 11 11 11 10 11 11 11 11 12 12 12 12 12 12 12 12 13 13 14 14 16 17 17 17 17 17 19 21 22 23 23 24 26 27 28 30 30 30 32 35 35
29 28 27 27 28 28 28 28 29 29 29 29 29 29 30 30 33 33 33 33 30 30 30 28 26 25 22 21 21 19 19 16 16 16 16 16 14 14 14 12 11 11 11 11 11 11 11 11 11 11 11 12 12 12 12 12 12 12 13 13 13 13 14 15 17 17 17 17 17 18 22 23 23 24 26 26 27 28 30 30 31 33 35 38
30 30 30 29 29 28 28 28 29 29 29 29 30 32 31 33 40 47 39 34 33 32 30 27 27 26 22 22 21 19 19 18 16 16 16 16 15 15 14 14 12 11 11 11 11 11 11 11 11 11 11 11 12 12 12 12 12 12 12 13 13 13 13 16 17 17 17 17 17 18 23 23 23 23 23 23 27 28 30 31 32 34 35 37
31 31 30 29 29 30 29 30 30 31 31 31 32 35 34 34 42 51 43 39 34 32 32 28 27 26 23 22 22 20 18 18 18 18 16 16 16 15 15 14 13 12 11 11 11 11 11 11 11 11 11 11 11 12 12 12 12 12 13 13 13 13 14 15 16 17 17 17 18 18 21 22 22 23 23 24 25 27 29 31 32 35 36 37
31 31 31 32 31 31 30 30 31 31 31 32 32 37 38 39 49 56 44 39 36 33 31 30 27 26 26 23 23 21 20 18 18 18 18 16 16 16 15 15 15 12 12 12 11 11 11 11 11 11 11 11 11 12 12 12 12 13 13 13 13 14 14 14 15 17 17 17 18 19 21 23 22 22 23 25 26 28 28 30 32 35 36 38
32 31 32 32 31 31 32 32 34 33 31 33 35 39 37 42 45 56 49 41 37 35 32 31 30 28 26 25 23 23 20 19 18 18 18 18 16 16 16 16 15 14 13 13 12 12 11 11 11 11 11 11 11 12 12 12 12 13 13 13 14 14 14 14 15 15 15 17 18 20 21 22 22 22 22 25 27 28 29 30 32 34 36 38
33 33 32 32 33 32 32 32 34 32 33 34 35 35 36 36 39 45 45 40 37 36 33 32 30 29 28 25 24 23 21 20 19 18 18 18 18 17 16 16 15 14 13 13 13 13 13 12 11 11 11 11 12 12 12 12 12 12 13 14 14 14 14 14 14 15 15 16 17 20 20 22 22 22 22 23 26 28 29 30 33 34 36 39
35 34 34 34 34 34 34 33 35 32 35 36 35 35 35 36 36 38 45 40 39 36 33 33 32 29 29 27 24 24 22 21 19 19 18 18 18 18 17 16 16 14 14 13 13 13 13 13 13 12 11 11 12 12 12 12 12 12 14 14 14 14 14 14 14 15 15 17 18 18 19 22 22 22 22 23 25 28 29 30 31 34 36 38
35 35 34 34 34 34 34 35 36 35 36 36 36 36 35 38 38 38 42 40 38 38 34 33 32 31 29 27 27 24 22 22 21 19 19 18 18 18 18 17 16 14 14 13 13 13 13 13 13 12 12 12 12 13 13 13 13 13 13 14 14 14 14 14 14 14 15 15 17 18 19 22 22 22 22 23 25 27 29 30 30 34 36 37
36 35 35 35 36 34 35 36 35 37 36 36 37 37 38 39 39 39 42 41 38 38 34 33 31 31 31 27 27 26 23 22 22 20 19 19 19 18 18 18 17 16 15 14 13 13 13 13 13 13 13 12 13 13 13 13 13 13 13 14 14 14 14 14 14 14 14 15 16 18 19 22 22 22 22 23 25 27 27 30 31 33 35 37
36 36 36 36 36 36 36 37 37 39 38 38 38 38 40 40 40 40 41 44 40 38 37 33 31 32 31 30 28 27 25 22 22 22 20 19 19 19 19 18 17 16 15 15 14 14 13 13 13 13 13 13 13 13 13 13 13 13 13 14 14 14 14 14 14 14 14 15 15 17 20 21 22 21 22 23 24 26 27 30 31 33 34 37
38 38 37 37 36 36 36 38 40 39 38 41 40 40 41 40 40 41 45 45 42 40 38 35 32 31 32 30 29 28 25 24 22 22 21 21 19 19 19 19 18 17 17 16 14 14 14 14 13 13 13 13 14 14 14 13 13 13 14 14 14 14 14 14 14 14 14 14 15 17 17 21 22 22 23 23 24 26 27 29 31 33 34 36
39 39 38 37 38 39 39 39 40 40 41 41 41 40 41 40 41 44 46 46 41 40 40 35 35 31 31 31 29 29 26 24 24 23 21 21 21 20 19 19 18 18 18 17 15 14 14 14 14 14 13 13 14 14 14 14 14 13 13 13 14 14 14 14 14 14 14 14 15 17 17 20 22 22 23 23 23 26 27 29 31 33 34 36
40 40 40 39 40 39 39 42 41 42 42 41 42 43 44 45 47 53 62 58 48 41 39 40 37 35 32 31 30 29 27 25 24 24 22 21 21 21 21 19 18 18 18 18 18 15 14 14 14 14 14 14 15 14 14 14 14 13 13 14 14 14 14 14 14 14 14 14 14 16 18 20 20 22 23 23 23 26 27 29 30 33 34 36
41 42 41 41 40 41 42 41 42 42 43 43 44 44 45 48 53 67 78 77 78 48 41 40 40 37 34 33 29 29 28 26 25 24 23 22 21 21 21 21 20 18 18 18 18 18 15 15 14 14 14 14 15 15 15 14 14 13 13 13 14 14 14 14 14 14 14 14 14 16 17 19 20 21 23 23 24 26 27 29 30 34 34 36
43 42 42 42 42 42 43 44 43 44 44 44 46 46 46 46 66 78 82 80 72 48 44 43 41 40 36 33 32 29 29 26 25 25 24 23 22 22 21 21 21 19 19 18 18 18 17 17 15 14 14 14 15 15 15 15 15 14 13 13 13 14 14 14 14 14 14 14 14 16 17 19 20 21 22 23 24 26 27 30 30 34 34 36
44 44 44 43 43 43 44 44 44 46 46 46 46 47 48 49 57 93 93 80 68 50 52 64 47 42 35 37 34 31 29 27 26 25 25 23 23 22 22 22 21 20 19 19 19 18 17 17 15 15 14 14 15 15 15 15 15 15 15 15 14 14 14 14 14 14 14 14 14 16 16 19 20 21 22 22 24 26 27 29 30 33 35 36
45 45 44 45 45 45 45 45 47 47 48 48 48 48 49 52 56 70 68 68 81 63 72 74 58 41 39 44 37 33 31 27 27 27 25 24 24 24 22 22 22 20 20 20 19 19 17 17 17 15 15 15 15 15 15 15 15 15 15 16 16 14 14 14 14 14 14 14 14 16 18 17 19 20 22 23 24 27 27 29 31 33 35 37
48 46 46 46 45 46 47 46 48 48 48 49 49 50 52 53 53 57 72 66 65 58 66 68 53 44 48 52 43 36 32 30 28 27 27 25 24 24 24 23 22 21 21 20 20 19 18 18 17 17 15 15 16 15 15 16 16 16 16 16 16 16 15 15 15 15 14 14 13 17 18 18 18 20 22 23 25 27 28 29 31 34 35 37
48 48 47 48 47 47 47 49 50 51 52 51 51 51 58 58 58 59 70 60 59 56 57 51 46 46 55 54 47 39 33 31 30 28 27 26 25 24 24 24 23 21 21 21 21 20 18 18 18 17 17 17 16 16 17 17 17 17 16 16 16 16 16 15 15 15 15 13 13 17 18 18 17 20 22 23 26 27 29 30 31 34 34 37
50 50 49 48 48 49 51 51 52 52 52 51 62 68 60 58 59 59 57 61 57 57 56 52 48 54 56 56 48 43 36 32 31 29 28 26 26 25 24 25 24 23 21 21 21 21 20 18 18 18 18 17 17 17 17 17 17 17 17 17 17 17 16 16 15 15 14 14 13 14 16 17 19 20 22 22 25 28 29 30 32 34 35 37
52 51 50 51 52 52 53 52 53 54 54 55 55 53 54 55 57 58 68 62 57 58 57 57 56 58 56 56 56 50 40 34 31 31 29 28 27 26 25 25 24 23 23 22 21 21 21 20 18 18 18 18 18 19 18 18 17 17 17 17 17 17 17 17 17 15 14 14 14 14 17 17 19 21 22 25 26 28 30 30 34 35 36 37
54 53 53 53 55 55 55 55 55 56 56 55 58 58 58 59 59 59 60 61 59 59 59 65 57 49 53 54 55 50 42 35 33 31 30 29 27 27 26 26 25 24 23 23 22 21 21 20 20 19 18 18 18 19 19 19 19 19 18 18 17 17 17 17 17 16 15 16 16 16 17 18 20 22 23 24 26 28 30 31 34 35 36 37
57 56 55 56 58 58 59 57 57 59 60 61 60 60 60 60 60 61 62 65 76 65 61 62 55 49 49 49 53 51 43 36 35 32 30 30 30 27 27 27 26 24 24 24 23 22 22 21 20 20 20 19 18 18 19 19 19 19 19 19 19 18 18 17 18 17 17 17 17 16 18 20 21 22 24 25 26 29 31 32 35 35 37 37
59 59 59 60 60 60 61 61 59 60 61 61 62 62 63 63 66 67 67 69 81 71 66 64 55 51 48 44 49 51 46 37 34 33 31 30 29 29 27 27 27 26 24 24 24 23 23 22 22 20 20 20 20 19 20 20 20 20 20 19 19 19 18 18 18 18 18 18 17 18 18 21 22 23 25 25 28 29 30 32 34 36 37 38
63 62 62 62 63 64 63 64 62 65 65 65 66 71 67 70 72 72 70 72 74 72 68 65 60 54 51 44 45 45 40 37 36 34 33 32 30 29 29 28 26 26 26 25 24 24 24 24 23 21 21 21 20 21 20 21 20 20 20 20 20 20 20 20 19 19 19 20 20 20 20 22 23 25 25 27 29 30 31 32 34 36 37 38
68 67 67 66 67 69 67 68 67 68 69 69 68 69 69 71 74 75 98 80 80 70 65 64 58 55 52 46 44 43 41 39 36 36 34 34 32 30 29 29 28 26 26 26 26 24 24 24 24 24 22 21 21 21 21 22 22 22 21 20 20 20 20 20 20 20 20 20 20 20 22 23 25 25 26 28 30 32 32 32 36 36 37 39
71 70 70 71 70 71 72 70 70 71 70 70 70 70 70 73 73 73 102 87 88 72 67 63 57 55 54 50 45 44 42 40 39 36 36 34 34 32 30 30 29 28 27 27 26 26 25 25 24 24 24 23 21 21 22 21 21 22 22 22 22 21 21 21 21 21 21 21 21 23 25 25 25 27 29 29 30 32 32 34 36 37 38 39
75 76 75 74 74 75 74 72 72 74 74 73 73 74 79 75 78 78 79 92 96 81 72 65 60 57 54 51 49 44 43 40 38 38 36 36 35 33 32 31 30 29 28 27 27 27 26 26 25 25 24 24 23 23 23 22 22 22 23 23 23 23 23 22 22 23 23 24 24 25 25 26 27 28 29 30 32 33 33 36 37 39 39 39
80 79 78 78 78 77 78 76 74 76 76 76 77 81 94 81 80 83 89 89 88 81 77 68 62 58 53 52 48 46 43 42 41 38 38 37 36 36 33 33 32 29 29 29 29 27 27 27 26 26 25 25 25 25 24 24 24 23 23 23 23 23 23 23 23 24 25 26 26 26 27 28 28 29 31 31 33 33 36 37 39 39 40 41
85 83 83 80 79 80 80 79 78 80 80 80 80 90 93 91 93 92 113 118 87 82 76 71 68 60 58 53 50 48 46 43 42 40 39 38 37 36 35 34 33 32 31 29 29 29 29 27 27 27 27 27 26 26 25 25 25 24 25 25 25 25 25 25 25 26 27 27 28 28 28 28 30 31 32 32 34 35 36 39 39 40 41 43
88 87 86 85 85 85 85 84 81 82 82 83 85 89 100 101 108 109 137 132 93 79 76 72 70 65 61 58 52 51 48 45 44 41 40 39 39 38 36 35 35 33 32 32 30 29 29 29 29 28 28 27 27 27 27 26 27 27 26 28 28 28 28 28 28 28 28 28 28 29 30 30 32 32 32 35 36 37 39 39 40 41 42 43
92 91 90 89 87 88 89 89 86 84 85 85 89 91 99 107 113 116 133 124 84 78 74 72 71 65 63 63 60 54 50 48 45 43 41 41 40 39 39 36 36 35 33 33 32 32 30 30 30 29 29 28 28 28 28 29 29 29 29 29 29 29 29 29 29 29 29 30 30 31 31 32 32 34 34 35 37 38 40 40 42 42 42 45
99 97 95 94 94 92 92 92 88 87 89 91 94 95 95 99 103 101 123 106 83 78 75 73 70 65 63 59 58 55 52 48 47 44 43 42 41 41 39 39 36 36 35 34 33 33 33 32 31 31 31 31 31 31 30 30 30 29 29 29 30 31 31 30 31 31 31 31 31 31 34 34 34 35 36 38 39 40 42 42 42 43 45 45
102 101 99 97 96 96 97 96 94 92 93 92 95 98 98 98 96 92 90 85 82 78 75 72 70 66 63 60 58 55 54 51 48 46 44 43 43 41 41 39 39 38 35 35 35 35 33 33 33 33 32 32 32 32 31 31 31 31 31 30 31 30 31 31 31 32 32 33 33 34 35 35 35 36 39 39 41 42 42 43 44 46 46 46
106 104 103 103 101 99 100 99 96 96 96 97 99 100 99 98 97 91 88 82 81 79 75 72 71 67 65 61 58 57 53 52 50 48 47 45 45 43 42 41 41 40 37 37 36 35 35 35 34 33 33 33 33 33 32 32 32 32 32 32 32 32 32 32 32 33 33 34 35 35 36 37 37 37 40 42 42 43 44 45 46 46 48 48
111 109 107 106 105 105 103 102 101 102 101 101 103 101 100 99 97 92 86 83 81 78 75 73 70 67 63 62 60 58 55 53 52 50 49 47 46 45 43 42 42 41 40 38 38 37 36 36 35 35 34 34 34 34 34 34 34 34 34 34 33 33 33 33 33 34 35 37 37 37 38 38 39 43 43 43 44 45 46 47 47 48 49 49
