rasterData/Niger_bio10.asc
NCOLS 190 
NROWS 142 
XLLCORNER 0.152941121 
YLLCORNER 11.695773031 
CELLSIZE 0.0832493725157895 
NODATA_value -3.4e+38 
[rows 66 to 87 of 142, columns 49 to 97 of 190]
34.0904998779297 33.9931678771973 33.8283348083496 33.9983329772949 34.0774993896484 34.0256652832031 34.2188339233398 34.1233329772949 34.0426635742188 33.9871673583984 34.0779991149902 34.1718330383301 34.099666595459 34.0051651000977 34.136833190918 34.3139991760254 34.2275009155273 34.1291656494141 34.0973358154297 34.0708351135254 33.988166809082 34.105167388916 34.1266670227051 34.0480003356934 33.9833335876465 34.0633316040039 34.1348342895508 34.2019996643066 34.2378311157227 34.2959976196289 34.306999206543 34.264331817627 34.2718315124512 34.2425003051758 34.2223358154297 34.2361679077148 34.259334564209 34.3059997558594 34.3650016784668 34.353832244873 34.2678337097168 34.017333984375 34.0718307495117 33.9948348999023 33.6418342590332 33.4996681213379 33.377498626709 33.2044982910156 32.6645011901855
34.0773315429688 34.0875015258789 33.9848327636719 33.9129981994629 33.935001373291 33.9571685791016 34.064998626709 34.0406684875488 34.0741653442383 34.1571655273438 34.2039985656738 34.1136665344238 34.0736656188965 34.0439987182617 34.196834564209 34.0561676025391 34.110668182373 34.0536651611328 34.0538330078125 34.0631675720215 34.0016670227051 34.0008316040039 34.1746673583984 34.0326652526855 33.9726676940918 33.9860000610352 34.0976676940918 34.173168182373 34.2193336486816 34.2268333435059 34.2423324584961 34.2664985656738 34.2285003662109 34.2493324279785 34.2573318481445 34.2733345031738 34.408332824707 34.3773345947266 34.3436660766602 34.3228340148926 34.2818336486816 34.1095008850098 33.9886665344238 33.9514999389648 33.519832611084 33.4736671447754 33.3644981384277 33.0216674804688 32.0750007629395
34.0984992980957 34.167667388916 34.0406646728516 33.929500579834 33.9038352966309 33.923168182373 33.9680023193359 34.0558319091797 34.0896682739258 34.1248321533203 34.0866661071777 34.0703315734863 33.9780006408691 33.9443321228027 33.9899978637695 33.8953323364258 34.0676651000977 34.0351676940918 33.9785003662109 34.0453338623047 34.0146675109863 33.9561653137207 34.1006660461426 34.0811653137207 34.063835144043 33.9831657409668 33.9473342895508 34.019832611084 34.1108322143555 34.119499206543 34.1064987182617 34.1129989624023 34.1350021362305 34.1848335266113 34.197998046875 34.1613349914551 34.2478332519531 34.3686676025391 34.3686676025391 34.2081680297852 34.2138328552246 34.0353317260742 33.8756675720215 33.9088325500488 33.5526657104492 33.4679985046387 33.3253326416016 32.9903335571289 32.5315017700195
34.0834999084473 34.0854988098145 33.9723320007324 33.9265022277832 33.9850006103516 34.0588340759277 34.093334197998 34.0716667175293 34.0063323974609 33.9700012207031 34.0041656494141 34.0120010375977 33.9166679382324 33.8460006713867 33.8294982910156 33.7508316040039 33.8925018310547 33.9814987182617 33.9291687011719 33.9593315124512 33.9656677246094 33.8714981079102 34.0094985961914 34.0485000610352 34.0661659240723 34.0900001525879 34.0519981384277 33.9833335876465 34.0400009155273 34.0768356323242 34.0654983520508 34.0825004577637 34.1023330688477 34.0866661071777 34.0984992980957 34.1191673278809 34.2118339538574 34.2691650390625 34.2456665039062 34.1640014648438 34.1536674499512 34.0373344421387 33.8906669616699 33.8371658325195 33.6496658325195 33.4348335266113 33.2903327941895 32.9513320922852 32.5558319091797
34.0678329467773 34.0048332214355 34.0161666870117 34.1175003051758 34.1303329467773 34.0660018920898 34.0021667480469 33.953498840332 34.0125007629395 34.0233345031738 34.0071678161621 33.9606666564941 33.871166229248 33.7959976196289 33.876335144043 33.7691650390625 33.7803344726562 33.8271675109863 33.8754997253418 33.9404983520508 33.9974975585938 33.8426666259766 33.9420013427734 34.0053329467773 34.0138320922852 34.1338348388672 34.0951652526855 34.0746650695801 34.0311660766602 34.0966644287109 34.0948333740234 34.060001373291 34.0909996032715 34.0854988098145 34.2056655883789 34.1816673278809 34.1619987487793 34.0703353881836 34.1085014343262 34.1261672973633 34.1043319702148 34.0421676635742 33.9331665039062 33.7768325805664 33.6923332214355 33.3640022277832 33.0391654968262 32.7205009460449 32.2881660461426
33.9911651611328 34.0706672668457 34.1463317871094 34.1829986572266 34.0415000915527 34.0081672668457 34.0668334960938 34.0431671142578 33.857666015625 33.8258323669434 33.7983322143555 33.7528343200684 33.8036651611328 33.8035011291504 33.8181648254395 33.828498840332 33.8636665344238 33.9016647338867 33.8988342285156 33.9394989013672 33.9196662902832 33.8303337097168 33.8206672668457 33.9581680297852 34.0393333435059 34.0711669921875 34.048999786377 33.9943313598633 34.0428352355957 34.1033325195312 34.0776672363281 34.1016654968262 34.1631660461426 34.1214981079102 34.2041664123535 34.2661666870117 34.1876678466797 34.1916656494141 34.3091659545898 34.2651672363281 34.2396659851074 34.0168342590332 33.8593330383301 33.7719993591309 33.6763343811035 33.3194999694824 33.1376647949219 32.6973342895508 32.2131652832031
34.0813331604004 34.1688346862793 34.1464996337891 33.961498260498 33.8486671447754 33.8358345031738 33.8904991149902 33.8818321228027 33.7649993896484 33.7798347473145 33.775333404541 33.7036666870117 33.8095016479492 33.8730010986328 33.7726669311523 33.7443313598633 33.781665802002 33.925666809082 33.8790016174316 33.8530006408691 33.9613342285156 33.8708343505859 33.771167755127 33.8683319091797 33.9631652832031 34.0501670837402 34.0125007629395 34.0293350219727 34.1121673583984 34.048168182373 33.9723358154297 34.056999206543 34.0555000305176 34.0568351745605 34.1083335876465 34.2121658325195 34.2843322753906 34.3235015869141 34.4044990539551 34.3598327636719 34.3050003051758 34.0234985351562 33.8819999694824 33.7723350524902 33.5436668395996 33.2506675720215 33.0716667175293 32.4873352050781 32.0363349914551
34.1321678161621 34.0928344726562 33.9611663818359 33.9071655273438 33.8786659240723 33.8651657104492 33.8653335571289 33.8098335266113 33.6916656494141 33.7308311462402 33.7671661376953 33.815502166748 33.8061676025391 33.748664855957 33.7256660461426 33.7113342285156 33.7193336486816 33.8136672973633 33.7729988098145 33.7173309326172 33.8676681518555 33.7526664733887 33.71533203125 33.7835006713867 33.8056678771973 33.8898315429688 33.9440002441406 34.021167755127 34.0774993896484 34.0904998779297 33.9993324279785 33.9763336181641 34.058666229248 34.0851669311523 34.1839981079102 34.2709999084473 34.3406677246094 34.3486671447754 34.3998336791992 34.4500007629395 34.3199996948242 33.953498840332 33.8206672668457 33.6351661682129 33.2905006408691 33.0789985656738 32.8110008239746 32.4053344726562 32.1941680908203
34.1273345947266 34.03466796875 34.0188331604004 33.9948348999023 33.9609985351562 33.897834777832 33.8488349914551 33.7693328857422 33.7770004272461 33.7869987487793 33.78466796875 33.8246688842773 33.7939987182617 33.7428321838379 33.7656669616699 33.7154998779297 33.6643333435059 33.7136688232422 33.7046661376953 33.6803321838379 33.6973342895508 33.7126655578613 33.6750030517578 33.7323341369629 33.7514991760254 33.8223342895508 33.9819984436035 34.0543327331543 33.9238357543945 33.8768310546875 33.9993324279785 34.0318336486816 34.1151657104492 34.0965003967285 34.1668319702148 34.2980003356934 34.280834197998 34.2853317260742 34.3971672058105 34.4051666259766 34.1590003967285 33.8090019226074 33.7741661071777 33.5716667175293 33.1725006103516 32.8566665649414 32.6910018920898 32.4981651306152 32.3274993896484
34.052001953125 33.9853324890137 33.9971656799316 34.0026664733887 33.9113349914551 33.8963317871094 33.857666015625 33.7863349914551 33.7939987182617 33.7648315429688 33.7536659240723 33.781665802002 33.7318344116211 33.7273330688477 33.7080001831055 33.6588325500488 33.647834777832 33.7078323364258 33.6903343200684 33.6938323974609 33.6943321228027 33.6554985046387 33.6275024414062 33.675666809082 33.816333770752 33.8686676025391 33.9098320007324 33.9529991149902 33.9366683959961 33.8269996643066 33.9505004882812 34.017333984375 34.1163330078125 34.0670013427734 34.0621681213379 34.1949996948242 34.2571678161621 34.3301658630371 34.2838325500488 34.1998329162598 34.0429992675781 33.7393341064453 33.6896667480469 33.5415000915527 33.1516647338867 32.9686660766602 32.8033332824707 32.7495002746582 32.6139984130859
34.0158348083496 34.015998840332 34.0086669921875 33.981502532959 33.9130020141602 33.8913345336914 33.7976684570312 33.7101669311523 33.7294998168945 33.7145004272461 33.7345008850098 33.7708320617676 33.7011642456055 33.7023315429688 33.6823348999023 33.6761665344238 33.617000579834 33.636833190918 33.6873321533203 33.6311683654785 33.5876655578613 33.6068344116211 33.5711669921875 33.6788330078125 33.7379989624023 33.6698341369629 33.8258323669434 33.9308319091797 33.878833770752 33.808666229248 33.8543319702148 33.9331665039062 33.9883346557617 33.988166809082 34.0629997253418 34.2014999389648 34.2641677856445 34.2873344421387 34.1749992370605 34.22216796875 34.1261672973633 33.8106651306152 33.7878341674805 33.673168182373 33.283332824707 33.1683349609375 33.1655006408691 32.9781684875488 32.8596649169922
34.0706672668457 34.0830001831055 33.9946670532227 33.933666229248 33.8861656188965 33.849666595459 33.8359985351562 33.7583312988281 33.7468338012695 33.7471656799316 33.7556648254395 33.7480010986328 33.7188339233398 33.6876678466797 33.6609992980957 33.6358337402344 33.627498626709 33.5659980773926 33.5656661987305 33.59716796875 33.6303329467773 33.6381683349609 33.6085014343262 33.6908340454102 33.6481666564941 33.6375007629395 33.7856674194336 33.7751655578613 33.7734985351562 33.7589988708496 33.7493324279785 33.7943344116211 33.8376655578613 33.9553337097168 34.0584983825684 34.1160011291504 34.1706657409668 34.2948341369629 34.0881652832031 34.0041656494141 34.013500213623 33.8221664428711 33.7291679382324 33.6766662597656 33.5205001831055 33.4093322753906 33.3351669311523 33.2379989624023 33.2485008239746
34.1471672058105 34.0099983215332 34.045166015625 33.9063339233398 33.8591651916504 33.8618316650391 33.884334564209 33.8269996643066 33.7656669616699 33.7818336486816 33.7578353881836 33.7438354492188 33.6920013427734 33.6669998168945 33.6641654968262 33.6418342590332 33.6515007019043 33.6080017089844 33.6085014343262 33.6053314208984 33.5871658325195 33.613166809082 33.6455001831055 33.5628318786621 33.5516662597656 33.6336669921875 33.666332244873 33.6938323974609 33.7140007019043 33.6208343505859 33.5950012207031 33.7036666870117 33.7813339233398 33.8785018920898 33.9093322753906 33.9943313598633 34.0561676025391 34.1459999084473 34.1071662902832 33.9596672058105 33.9831657409668 33.7234992980957 33.683666229248 33.6323318481445 33.579833984375 33.4604988098145 33.4358329772949 33.433666229248 33.3570022583008
33.9656677246094 33.9476661682129 33.978832244873 33.8878326416016 33.9396667480469 33.922664642334 33.9264984130859 33.853832244873 33.7869987487793 33.7526664733887 33.7143325805664 33.6839981079102 33.6576652526855 33.6781692504883 33.6684989929199 33.6826667785645 33.6998329162598 33.6346664428711 33.595832824707 33.614501953125 33.5068321228027 33.5675010681152 33.6171646118164 33.5163345336914 33.412166595459 33.4365005493164 33.4778327941895 33.5745010375977 33.5188331604004 33.3516654968262 33.3064994812012 33.4819984436035 33.6691665649414 33.7849998474121 33.8554992675781 33.9370002746582 33.9921646118164 34.1116676330566 34.117000579834 33.9124984741211 33.9179992675781 33.8068313598633 33.7229995727539 33.5998344421387 33.5475006103516 33.5326652526855 33.5568313598633 33.4783325195312 33.3998336791992
34.0040016174316 33.9651679992676 33.9361686706543 33.9654998779297 33.9663314819336 33.9085006713867 33.8665008544922 33.8108329772949 33.7958335876465 33.7565002441406 33.7388343811035 33.7118339538574 33.6493339538574 33.6693344116211 33.6749992370605 33.6716690063477 33.7130012512207 33.6351661682129 33.5373344421387 33.5551681518555 33.4616661071777 33.5224990844727 33.5601654052734 33.3810005187988 33.2999992370605 33.2389984130859 33.2498321533203 33.287166595459 33.2150001525879 33.1609992980957 33.1188354492188 33.1808319091797 33.3256683349609 33.5089988708496 33.6816673278809 33.7976684570312 33.8559989929199 33.9473342895508 34.0591659545898 33.9211654663086 33.8790016174316 33.7374992370605 33.6623344421387 33.640998840332 33.5585021972656 33.5890007019043 33.5731658935547 33.4421653747559 33.4133338928223
34.0584983825684 33.9971656799316 33.9609985351562 33.9794998168945 33.9505004882812 33.9331665039062 33.8828315734863 33.8074989318848 33.8183326721191 33.7856674194336 33.7343330383301 33.6821670532227 33.6510009765625 33.6948318481445 33.7038345336914 33.7066650390625 33.718334197998 33.6136665344238 33.5180015563965 33.4591674804688 33.3996658325195 33.458667755127 33.4915008544922 33.3610000610352 33.3291664123535 33.2591667175293 33.1711654663086 33.0368347167969 32.9550018310547 32.9203338623047 32.820499420166 32.8823356628418 33.0136680603027 33.1813316345215 33.4329986572266 33.6293334960938 33.7148323059082 33.8421669006348 33.9731674194336 33.9463348388672 33.8188323974609 33.6976661682129 33.6871681213379 33.6948318481445 33.6204986572266 33.4959983825684 33.3958320617676 33.3636665344238 33.1030006408691
34.0523338317871 34.0115013122559 33.9869995117188 34.0588340759277 33.9736633300781 33.9560012817383 33.8735008239746 33.8134994506836 33.7581672668457 33.7328338623047 33.7118339538574 33.6668319702148 33.6926651000977 33.7164993286133 33.7101669311523 33.6883316040039 33.6660003662109 33.6453323364258 33.5265007019043 33.4518356323242 33.3846664428711 33.4351654052734 33.4606666564941 33.3461685180664 33.2633323669434 33.2919998168945 33.2023315429688 33.0626678466797 32.9790000915527 32.8745002746582 32.7701683044434 32.8981666564941 33.0125007629395 33.140998840332 33.1738319396973 33.468334197998 33.6226654052734 33.759334564209 33.8563346862793 33.7828330993652 33.8520011901855 33.7600021362305 33.5808334350586 33.5530014038086 33.4819984436035 33.4230003356934 33.4023323059082 33.2840003967285 32.8860015869141
34.0480003356934 34.0411682128906 34.0374984741211 34.0794982910156 33.8908348083496 33.84033203125 33.8406677246094 33.7775001525879 33.644832611084 33.6573333740234 33.636833190918 33.621166229248 33.6476669311523 33.6471672058105 33.6313323974609 33.6501655578613 33.6378326416016 33.6146659851074 33.4896659851074 33.4973335266113 33.4276657104492 33.4861640930176 33.5060005187988 33.3891677856445 33.3026657104492 33.3168334960938 33.2125015258789 33.0818328857422 32.9874992370605 32.8976669311523 32.8408355712891 33.0219993591309 32.9473342895508 33.0683326721191 33.197998046875 33.3466682434082 33.5468330383301 33.636833190918 33.7060012817383 33.6585006713867 33.664665222168 33.6493339538574 33.5984992980957 33.586498260498 33.5463333129883 33.2873344421387 33.1345024108887 32.8836669921875 32.7826652526855
34.0270004272461 33.9991645812988 33.9871673583984 33.9415016174316 33.8668327331543 33.8206672668457 33.8079986572266 33.7393341064453 33.6505012512207 33.654167175293 33.6326675415039 33.570499420166 33.5553321838379 33.546501159668 33.5470008850098 33.6061668395996 33.5960006713867 33.5711669921875 33.5193328857422 33.5046653747559 33.4755020141602 33.4611663818359 33.4763336181641 33.3745002746582 33.3328323364258 33.2371673583984 33.1245002746582 33.076000213623 33.0535011291504 33.0214996337891 32.9711685180664 32.9646682739258 33.0033340454102 33.1121673583984 33.1463317871094 33.1059989929199 33.34716796875 33.5065002441406 33.5844993591309 33.5620002746582 33.5061683654785 33.4410018920898 33.4426651000977 33.4130020141602 33.1483345031738 32.9341659545898 32.7898330688477 32.7836647033691 32.8581657409668
33.9044990539551 33.927001953125 33.9426689147949 33.9545021057129 33.9086685180664 33.8483352661133 33.7908325195312 33.7421646118164 33.6853332519531 33.6546669006348 33.5715026855469 33.4968338012695 33.4891662597656 33.4514999389648 33.4345016479492 33.4796676635742 33.482666015625 33.4576644897461 33.4343338012695 33.4724998474121 33.3453330993652 33.218334197998 33.3105010986328 33.3554992675781 33.310001373291 33.2001647949219 33.130500793457 33.0940017700195 32.973331451416 32.9238319396973 32.9329986572266 32.8668327331543 32.8358345031738 32.889331817627 32.9744987487793 32.980167388916 32.9425010681152 32.9726676940918 33.0651664733887 32.9966659545898 32.9501647949219 32.8573341369629 32.8253326416016 32.8623352050781 32.7603340148926 32.6699981689453 32.7049980163574 32.7299995422363 32.7514991760254
33.8826675415039 33.8610000610352 33.8684997558594 33.8913345336914 33.860668182373 33.7906646728516 33.739501953125 33.6948318481445 33.6776657104492 33.6296653747559 33.5390014648438 33.4668312072754 33.4318351745605 33.3953323364258 33.3639984130859 33.3653335571289 33.396167755127 33.3673324584961 33.3746681213379 33.3483352661133 33.2168350219727 33.1923332214355 33.1881675720215 33.2601661682129 33.2671661376953 33.1419982910156 33.0881652832031 32.9703330993652 32.9538345336914 32.8801651000977 32.8303337097168 32.6958312988281 32.6308326721191 32.611499786377 32.6866683959961 32.7611656188965 32.7145004272461 32.6488342285156 32.6668319702148 32.6258316040039 32.6668319702148 32.6944999694824 32.7845001220703 32.8506660461426 32.7391662597656 32.628833770752 32.5336685180664 32.5601654052734 32.4635009765625
33.9478340148926 33.9081687927246 33.8998336791992 33.9114990234375 33.8419990539551 33.7378349304199 33.6754989624023 33.6020011901855 33.6124992370605 33.6226654052734 33.5639991760254 33.4851684570312 33.4305000305176 33.380500793457 33.3226661682129 33.3165016174316 33.3904991149902 33.3790016174316 33.3198318481445 33.2140007019043 33.1991691589355 33.1990013122559 33.1495018005371 33.0989990234375 33.0946655273438 32.9910011291504 32.9264984130859 32.9248313903809 32.788501739502 32.7701683044434 32.6978340148926 32.5948333740234 32.5326652526855 32.5685005187988 32.6396675109863 32.5924987792969 32.5411682128906 32.5981674194336 32.6129989624023 32.6981658935547 32.6563339233398 32.6809997558594 32.7324981689453 32.7216682434082 32.6525001525879 32.5296669006348 32.4696655273438 32.3216667175293 32.2101669311523
