rasterData/Niger_bio4.asc
NCOLS 190 
NROWS 142 
XLLCORNER 0.152941121 
YLLCORNER 11.695773031 
CELLSIZE 0.0832493725157895 
NODATA_value -3.4e+38 
[rows 88 to 109 of 142, columns 98 to 146 of 190]
450.765106201172 454.305206298828 452.520721435547 450.234985351562 448.468475341797 448.726928710938 450.436981201172 450.228881835938 451.342468261719 451.509796142578 451.35986328125 454.0556640625 456.062438964844 459.981597900391 462.457550048828 464.554992675781 467.513214111328 468.145721435547 469.299346923828 470.708190917969 472.417785644531 472.998046875 474.546356201172 478.588775634766 479.931762695312 480.600769042969 480.695709228516 482.780181884766 484.268829345703 484.128387451172 487.078338623047 488.373321533203 489.079864501953 489.108703613281 487.035858154297 483.630493164062 485.093414306641 492.856964111328 497.658386230469 499.930389404297 501.552825927734 503.225006103516 505.044464111328 505.311218261719 506.042602539062 506.0849609375 505.359649658203 504.810394287109 504.592590332031
443.515411376953 439.817932128906 437.531311035156 438.711700439453 442.413635253906 441.156799316406 440.707977294922 442.034118652344 443.174255371094 444.492065429688 445.694976806641 446.892333984375 449.342834472656 454.573883056641 457.047332763672 460.256683349609 461.246032714844 462.583343505859 464.066070556641 466.489685058594 468.100158691406 468.412933349609 468.728088378906 470.369689941406 471.720611572266 472.654205322266 474.534149169922 477.190490722656 478.648651123047 480.907073974609 483.079864501953 482.306274414062 482.389465332031 481.162933349609 478.366424560547 475.346435546875 477.691741943359 485.658020019531 494.571838378906 498.331329345703 499.275268554688 499.220916748047 500.721862792969 501.924987792969 502.006927490234 501.124572753906 500.656677246094 499.956024169922 499.585845947266
432.321594238281 430.466369628906 431.254364013672 432.715301513672 430.989227294922 429.534576416016 430.703369140625 434.097717285156 437.092407226562 436.806976318359 437.513397216797 440.416442871094 442.996948242188 448.360717773438 451.844848632812 453.251953125 453.5029296875 456.107208251953 458.181457519531 459.072784423828 459.005157470703 460.364013671875 462.581756591797 464.605651855469 465.067535400391 467.500946044922 469.500610351562 472.871368408203 473.67919921875 474.975372314453 475.985046386719 475.453338623047 475.403778076172 476.184753417969 474.234130859375 468.408020019531 475.066772460938 485.825714111328 491.79443359375 491.713928222656 491.393768310547 493.107391357422 496.994262695312 497.005340576172 496.311676025391 495.645629882812 495.72802734375 495.268615722656 496.356292724609
424.280853271484 423.636047363281 422.770385742188 419.790771484375 420.100616455078 422.232238769531 423.399597167969 426.023773193359 426.332489013672 428.02783203125 430.477661132812 434.4052734375 436.5908203125 442.368469238281 444.642211914062 442.8681640625 442.054992675781 446.487213134766 449.194610595703 449.264892578125 452.027496337891 452.976318359375 454.407287597656 458.027130126953 459.753204345703 462.464263916016 465.236755371094 466.743255615234 467.418395996094 467.928131103516 468.747528076172 469.001190185547 470.212066650391 472.394958496094 471.203063964844 465.22216796875 466.363891601562 474.334075927734 481.617736816406 483.218414306641 484.836639404297 487.113128662109 489.909515380859 489.834838867188 489.865997314453 490.642303466797 491.675415039062 492.206207275391 493.503112792969
415.523376464844 414.872283935547 413.608612060547 414.426483154297 414.304595947266 414.343444824219 415.431091308594 416.309204101562 414.442565917969 417.766632080078 423.032928466797 427.195465087891 430.070007324219 432.100524902344 433.460784912109 433.139312744141 433.165313720703 435.364532470703 438.451934814453 439.781402587891 443.588348388672 444.791015625 447.750854492188 450.987274169922 453.519500732422 455.434906005859 456.709045410156 458.099945068359 460.394439697266 459.454833984375 461.211303710938 463.559448242188 466.198425292969 468.111419677734 470.094543457031 467.887725830078 465.455810546875 469.608947753906 476.549926757812 477.603790283203 478.547424316406 482.224060058594 485.708435058594 486.100738525391 486.800201416016 487.014953613281 487.878295898438 489.537139892578 490.245788574219
405.043243408203 406.607482910156 407.209442138672 407.937683105469 409.403076171875 411.859375 412.840789794922 410.437774658203 410.894195556641 416.392181396484 419.303619384766 420.818664550781 421.914947509766 423.401214599609 425.054962158203 427.016448974609 426.691558837891 426.691223144531 428.889556884766 433.114929199219 436.971038818359 438.607086181641 441.429962158203 444.57373046875 447.557525634766 449.244293212891 450.695220947266 451.854309082031 452.885894775391 454.605560302734 456.929260253906 459.297943115234 460.15234375 462.899078369141 463.147155761719 462.540222167969 463.612060546875 465.862945556641 472.066040039062 474.162445068359 475.179595947266 478.014404296875 479.973083496094 481.349334716797 483.299133300781 484.363800048828 484.649536132812 485.98583984375 486.198883056641
398.909240722656 400.647735595703 401.673278808594 403.764099121094 404.678802490234 406.183349609375 405.466674804688 404.590148925781 407.599700927734 408.974243164062 413.970703125 417.672332763672 417.945892333984 416.884429931641 417.510284423828 418.596252441406 419.387023925781 421.181671142578 424.055450439453 427.378845214844 431.609832763672 434.595153808594 437.872253417969 437.92041015625 438.598266601562 442.199310302734 444.366180419922 444.826599121094 447.678741455078 448.925262451172 450.735961914062 452.198699951172 453.088409423828 454.726043701172 455.421722412109 457.618408203125 460.328033447266 460.71533203125 464.139373779297 470.368194580078 472.346984863281 473.079742431641 476.168243408203 477.84765625 478.124359130859 479.242370605469 480.388916015625 481.559753417969 482.186004638672
392.633850097656 395.280303955078 395.042999267578 394.499389648438 396.670654296875 399.293609619141 397.652709960938 397.728302001953 401.366271972656 401.014007568359 404.800689697266 407.953399658203 408.930114746094 409.572998046875 410.666595458984 410.980041503906 414.085601806641 415.604095458984 419.083953857422 423.046813964844 426.925323486328 429.157928466797 429.537445068359 430.316314697266 434.339019775391 435.674835205078 437.33984375 440.000366210938 441.460906982422 441.561553955078 443.072692871094 445.972290039062 447.226623535156 449.686981201172 453.006988525391 455.556823730469 456.09765625 458.295074462891 461.424163818359 466.743713378906 467.920776367188 467.558502197266 469.594848632812 472.119537353516 473.561401367188 474.560577392578 476.127593994141 478.030151367188 479.201721191406
387.091644287109 386.772521972656 384.658416748047 387.680755615234 391.848999023438 391.024658203125 388.000213623047 391.260467529297 392.638244628906 394.068634033203 396.522430419922 398.528900146484 401.10400390625 403.672943115234 403.596343994141 403.216979980469 405.246612548828 409.230346679688 412.970672607422 417.663909912109 419.30810546875 420.627990722656 422.508605957031 423.886077880859 426.986389160156 429.068298339844 431.011688232422 432.170806884766 433.751617431641 436.377563476562 438.15771484375 439.978851318359 443.116973876953 447.320861816406 449.85302734375 451.744262695312 452.601531982422 455.346954345703 458.443786621094 460.328491210938 462.563934326172 464.027679443359 463.8642578125 466.771881103516 469.910552978516 471.659271240234 473.264282226562 474.592071533203 476.061492919922
380.147979736328 378.804412841797 381.415740966797 384.701080322266 385.591949462891 382.999603271484 381.816253662109 384.110382080078 384.783477783203 386.060241699219 387.789276123047 392.014373779297 393.325134277344 394.844177246094 396.835845947266 400.464874267578 402.281372070312 405.569396972656 410.243988037109 413.720733642578 413.084777832031 415.62890625 417.713500976562 418.944610595703 421.589447021484 423.866241455078 423.706939697266 425.418518066406 428.749053955078 431.233337402344 432.547027587891 435.085388183594 439.238128662109 441.790161132812 443.806945800781 445.434783935547 448.338531494141 452.343109130859 455.439300537109 456.141845703125 458.486999511719 460.704772949219 461.152923583984 463.574737548828 466.465209960938 468.234710693359 470.100311279297 471.132080078125 472.454162597656
375.294342041016 376.204315185547 376.494476318359 377.418914794922 375.725555419922 375.068420410156 377.107788085938 377.249450683594 377.815979003906 380.080902099609 382.630920410156 384.910247802734 386.585845947266 389.147155761719 393.20361328125 396.544189453125 399.32177734375 402.135955810547 403.238189697266 403.411407470703 406.067565917969 409.383056640625 412.351501464844 413.422637939453 414.254180908203 416.786041259766 418.173400878906 420.274658203125 423.030975341797 425.847534179688 427.424774169922 429.481689453125 432.498901367188 434.644348144531 437.120941162109 440.931549072266 444.248016357422 446.606109619141 448.69921875 450.509887695312 453.948120117188 456.882080078125 460.047760009766 462.330780029297 464.702087402344 465.761627197266 465.587310791016 466.932800292969 467.749542236328
371.939300537109 371.450775146484 370.835327148438 368.339233398438 366.995941162109 368.970581054688 370.0009765625 370.300872802734 372.330871582031 373.865356445312 375.602142333984 380.915130615234 383.295440673828 386.539398193359 389.136505126953 391.775146484375 394.568756103516 394.486724853516 394.658935546875 396.245819091797 398.728607177734 402.304656982422 403.287200927734 404.133148193359 405.447204589844 409.736236572266 412.780090332031 414.537231445312 416.569152832031 418.845794677734 420.95263671875 423.528381347656 425.492919921875 428.853332519531 432.445007324219 434.802673339844 436.220153808594 438.311767578125 441.506896972656 445.123107910156 447.694458007812 450.559600830078 453.441253662109 455.150756835938 459.003448486328 459.895294189453 460.550933837891 463.299530029297 464.533752441406
370.227905273438 368.751068115234 366.424591064453 365.814331054688 364.618591308594 364.773193359375 365.155456542969 366.299041748047 366.329772949219 368.300720214844 373.188720703125 376.613220214844 378.676696777344 382.312866210938 382.70703125 385.555786132812 387.559906005859 387.54443359375 389.701141357422 391.578826904297 393.532958984375 396.065490722656 397.000091552734 398.356201171875 401.504058837891 405.568786621094 406.894775390625 408.617126464844 410.726623535156 412.520355224609 416.979705810547 418.49951171875 419.370300292969 422.41455078125 426.359558105469 429.544677734375 431.581756591797 434.141845703125 436.524597167969 439.783782958984 443.029998779297 446.351135253906 448.77294921875 450.262542724609 452.363220214844 456.076538085938 458.780181884766 459.96142578125 461.434265136719
365.651275634766 363.5458984375 361.050567626953 359.873046875 359.063537597656 358.941192626953 357.970062255859 359.345336914062 362.082824707031 366.270477294922 370.140411376953 373.796417236328 375.030700683594 376.774230957031 378.063781738281 380.223052978516 380.351531982422 381.352172851562 385.614410400391 386.424407958984 388.663513183594 391.103515625 393.296020507812 393.811767578125 397.531768798828 399.194519042969 400.674224853516 403.420867919922 405.816955566406 407.894195556641 410.816162109375 413.418762207031 414.548950195312 417.400512695312 421.625640869141 425.659973144531 428.897979736328 430.252807617188 431.722045898438 434.901947021484 438.230346679688 440.229370117188 444.148895263672 446.226226806641 447.613464355469 451.096771240234 454.578857421875 457.159790039062 459.204254150391
361.207824707031 359.075988769531 357.2919921875 355.945159912109 354.420928955078 353.85693359375 353.349426269531 355.903472900391 357.581604003906 360.685485839844 365.458679199219 368.167938232422 370.477111816406 371.118835449219 372.865936279297 373.594848632812 376.514862060547 378.766906738281 382.434753417969 384.197723388672 385.527099609375 387.507507324219 388.990112304688 390.905822753906 392.200775146484 394.723510742188 396.543365478516 398.981597900391 400.757232666016 402.973999023438 405.604461669922 408.474395751953 410.750244140625 414.093627929688 418.958435058594 422.577087402344 425.427032470703 427.312927246094 429.265350341797 431.172790527344 432.581420898438 434.722991943359 438.95849609375 439.787078857422 442.316864013672 445.862579345703 448.397338867188 449.689971923828 452.620697021484
357.406799316406 356.476043701172 354.164794921875 351.760620117188 348.507110595703 347.604309082031 348.294006347656 350.224243164062 353.596038818359 357.689514160156 359.601989746094 363.149993896484 364.821014404297 366.448211669922 369.036163330078 370.691558837891 373.006225585938 376.838836669922 379.500091552734 381.41796875 383.009979248047 384.246429443359 384.788696289062 386.478698730469 388.063171386719 390.129577636719 392.579193115234 394.5869140625 395.614166259766 399.2568359375 401.935607910156 405.065246582031 408.202789306641 412.736724853516 416.120208740234 417.249664306641 420.790710449219 421.851043701172 424.786804199219 427.719970703125 429.0791015625 431.987854003906 435.497009277344 438.567565917969 441.417999267578 442.318969726562 442.635925292969 443.355743408203 445.872650146484
356.872344970703 353.914428710938 351.250335693359 349.255279541016 348.598663330078 348.010375976562 348.662475585938 350.360931396484 354.19873046875 355.262145996094 357.194458007812 359.988891601562 362.645538330078 364.754577636719 365.740631103516 368.55322265625 372.044616699219 375.040924072266 377.488098144531 377.906036376953 379.009307861328 379.901702880859 382.082580566406 383.528533935547 383.538543701172 385.244995117188 388.434509277344 390.460266113281 392.991455078125 396.294311523438 398.251129150391 400.263580322266 404.2822265625 407.607299804688 410.985473632812 412.943481445312 414.976715087891 417.686676025391 420.826995849609 424.452239990234 427.006011962891 430.969268798828 435.447784423828 436.697692871094 437.003509521484 438.29541015625 439.407653808594 441.148284912109 442.037353515625
354.325592041016 353.726013183594 351.271392822266 349.761199951172 348.649566650391 347.585418701172 348.787322998047 351.497039794922 354.319885253906 354.664031982422 356.619689941406 359.082672119141 361.76611328125 363.296783447266 365.357452392578 368.531066894531 370.423278808594 371.867584228516 372.726196289062 373.831787109375 374.071044921875 375.345520019531 377.248809814453 379.157775878906 381.162078857422 383.602294921875 385.795989990234 388.130554199219 391.060150146484 392.703308105469 394.604064941406 397.278747558594 399.937774658203 402.684997558594 405.977447509766 409.389312744141 411.071746826172 414.122436523438 416.82958984375 420.637908935547 424.448272705078 428.000457763672 430.693145751953 432.191864013672 432.970550537109 434.683685302734 433.98388671875 436.539489746094 437.715759277344
351.228637695312 350.707733154297 348.791137695312 347.004302978516 346.992431640625 347.786315917969 348.411773681641 352.016510009766 353.568603515625 353.154418945312 354.983825683594 356.695281982422 357.9580078125 359.843200683594 362.277984619141 364.574859619141 364.353790283203 366.836242675781 368.177154541016 369.259033203125 368.309173583984 368.385192871094 370.894226074219 371.742218017578 376.67529296875 379.923614501953 381.204986572266 384.147552490234 387.546234130859 389.342956542969 390.940704345703 392.992218017578 396.028503417969 398.883575439453 401.405120849609 404.291564941406 408.295867919922 410.672149658203 413.084747314453 416.022064208984 418.259796142578 420.359832763672 422.256866455078 424.115997314453 426.587188720703 427.747436523438 430.506103515625 432.344604492188 433.451965332031
346.153106689453 346.989318847656 347.398315429688 347.766357421875 348.611846923828 348.631317138672 351.196960449219 353.754791259766 353.586456298828 353.189147949219 354.833557128906 355.683349609375 356.7060546875 358.202819824219 360.240875244141 360.448608398438 361.631408691406 363.65576171875 365.04296875 365.474609375 363.761993408203 365.216979980469 365.968872070312 368.495574951172 370.821990966797 372.511291503906 376.004760742188 378.967315673828 383.259338378906 384.243591308594 385.296417236328 388.296081542969 391.039337158203 393.814758300781 396.881866455078 402.180603027344 405.893829345703 408.228271484375 410.548431396484 414.053619384766 416.306121826172 417.631042480469 420.114929199219 421.135131835938 423.558197021484 426.442047119141 428.957489013672 430.186431884766 430.929382324219
347.12060546875 348.793762207031 348.544281005859 349.882110595703 351.211730957031 351.9697265625 353.608947753906 354.451263427734 355.007934570312 354.955322265625 355.471099853516 355.136413574219 356.716583251953 357.453674316406 359.032043457031 358.741638183594 357.853179931641 359.196411132812 359.900848388672 360.951049804688 360.394897460938 361.087036132812 362.712219238281 366.586029052734 367.489471435547 367.383331298828 372.299835205078 374.754913330078 378.230529785156 380.813995361328 382.808227539062 385.176391601562 387.418395996094 389.332885742188 393.874481201172 399.101165771484 401.188323974609 404.658508300781 407.860321044922 410.101928710938 412.033416748047 415.141265869141 417.811492919922 421.878875732422 423.097564697266 424.583312988281 425.721496582031 427.573974609375 429.617462158203
349.370666503906 350.212890625 351.738830566406 352.990173339844 353.835144042969 354.221893310547 353.730072021484 355.549896240234 355.429779052734 353.807250976562 354.896545410156 355.981811523438 356.198547363281 354.880493164062 356.221466064453 356.784545898438 355.327392578125 352.094757080078 353.594879150391 355.058349609375 356.758056640625 358.080108642578 359.943572998047 360.657348632812 363.58154296875 362.869232177734 366.792694091797 368.558837890625 371.522155761719 376.545623779297 378.810455322266 381.199188232422 383.460083007812 386.880432128906 390.927520751953 394.960418701172 397.845855712891 401.579650878906 403.705352783203 405.855133056641 409.347137451172 413.178924560547 413.44970703125 417.034484863281 419.332550048828 420.236175537109 422.724670410156 424.865142822266 426.235137939453
