rasterData/Niger_bio12.asc
NCOLS 190 
NROWS 142 
XLLCORNER 0.152941121 
YLLCORNER 11.695773031 
CELLSIZE 0.0832493725157895 
NODATA_value -3.4e+38 
[rows 74 to 110 of 142, columns 84 to 167 of 190]
115 114 111 109 109 109 109 106 104 104 105 105 103 102 100 101 103 93 88 83 81 78 75 74 71 67 63 63 61 58 55 55 52 52 50 49 47 47 45 45 45 42 42 40 38 38 38 38 36 36 36 36 36 36 36 35 35 35 35 35 35 35 35 35 35 36 36 38 38 38 40 40 43 44 45 45 46 46 49 49 49 49 50 51
120 118 116 115 114 112 112 111 107 109 106 106 104 103 99 107 106 95 89 85 83 79 76 73 72 68 65 63 62 59 58 57 57 55 51 50 49 48 47 47 45 45 44 42 40 40 39 38 38 38 38 37 37 37 37 37 37 37 37 37 37 37 37 37 38 38 39 39 40 40 42 43 45 46 46 46 48 48 50 50 50 51 52 52
127 123 121 120 117 117 116 113 110 110 109 106 106 104 100 99 96 91 88 87 85 80 78 74 72 71 68 64 64 61 61 59 59 58 53 52 51 50 49 48 47 47 45 45 43 41 40 40 40 39 39 39 39 40 39 39 38 38 38 38 38 39 39 39 39 39 41 41 42 42 44 46 47 48 48 49 50 50 51 52 52 52 52 54
132 130 125 125 124 120 119 117 115 112 111 109 105 102 98 97 92 91 89 89 87 82 79 76 74 73 70 68 67 63 63 62 61 59 56 54 52 52 50 50 49 48 47 45 45 45 43 43 41 43 41 42 42 41 41 41 41 41 41 41 41 41 41 41 41 41 43 43 44 46 46 47 48 49 49 51 52 52 53 53 53 54 54 56
137 135 131 129 127 126 124 121 119 116 112 111 108 104 101 98 95 93 91 90 88 83 81 79 76 75 71 69 68 65 65 63 63 61 58 55 55 54 53 52 50 50 48 48 47 45 45 45 44 45 43 44 43 43 43 43 43 43 43 43 42 43 43 44 45 45 45 46 46 47 48 50 50 50 52 53 53 54 55 55 55 55 56 58
142 140 136 137 132 129 127 123 122 120 117 113 110 106 105 105 103 100 96 91 89 86 84 81 79 75 73 72 70 68 68 65 63 63 60 58 57 55 55 53 52 50 50 50 48 47 47 47 46 46 46 46 46 46 45 45 45 45 45 45 45 45 45 46 47 48 49 49 49 50 51 51 51 52 54 54 54 55 55 55 57 57 58 59
150 146 142 137 135 133 132 128 126 124 120 118 113 111 109 110 105 101 97 94 91 88 86 83 80 77 77 75 72 70 70 68 67 64 62 60 59 57 57 55 55 52 52 51 49 49 48 48 47 47 48 48 47 47 47 47 47 47 47 47 47 48 49 49 50 50 51 51 52 53 53 53 53 54 55 56 57 57 57 58 58 59 61 61
155 150 146 142 139 136 134 132 129 126 123 121 118 116 112 110 107 103 100 97 94 90 88 86 81 79 80 78 77 74 72 70 69 66 64 62 61 60 57 57 56 55 54 52 51 50 50 49 48 49 49 49 49 49 49 49 49 49 49 50 51 51 51 51 52 52 52 53 54 54 55 56 57 57 58 59 59 61 61 62 61 62 62 63
162 155 151 148 144 140 136 135 134 130 126 124 121 118 113 112 110 106 103 101 97 95 91 86 85 85 85 81 79 77 75 73 71 69 66 65 63 61 60 59 58 57 56 55 53 52 52 51 50 51 51 52 52 52 52 52 52 53 53 53 53 53 53 54 54 54 54 56 56 58 58 59 60 60 61 62 62 64 64 64 65 65 65 65
167 160 156 152 151 146 143 140 138 134 131 129 126 123 117 115 113 111 106 103 101 97 95 91 93 90 86 84 82 79 78 75 72 69 68 66 65 64 64 61 61 58 58 56 56 55 54 54 54 53 54 54 54 54 54 54 53 54 54 54 54 54 56 56 56 58 59 59 61 61 61 62 63 63 64 64 65 65 65 67 66 67 67 67
173 167 162 158 156 152 149 145 143 141 138 134 130 124 121 122 117 114 110 106 104 102 100 98 96 93 89 86 86 83 79 77 74 72 71 68 67 66 66 64 62 61 59 58 58 57 56 55 55 56 56 56 56 56 56 56 56 56 56 56 57 57 58 57 59 62 62 63 63 64 64 64 65 66 67 67 67 68 68 68 68 69 68 71
178 175 170 166 163 159 157 155 150 146 143 138 134 130 126 127 121 118 116 112 109 106 104 102 100 96 92 91 88 85 82 81 79 76 73 71 70 68 68 66 65 64 64 61 61 60 58 58 57 58 59 62 60 60 58 58 58 58 58 60 60 61 62 62 64 63 65 65 66 66 67 67 68 68 69 70 71 71 71 71 71 71 72 73
184 180 177 172 169 165 161 157 152 151 149 146 140 137 133 128 126 122 120 117 114 112 109 106 103 100 97 94 91 87 86 84 82 81 77 75 73 71 69 68 66 66 65 64 64 63 62 61 61 62 63 64 64 63 62 62 62 63 63 63 63 64 64 65 66 67 66 68 69 69 70 70 70 71 71 73 73 73 73 74 74 75 76 76
192 186 181 177 174 169 165 162 159 156 153 148 148 144 138 134 130 127 124 122 119 115 112 109 107 103 100 98 94 91 89 86 85 82 80 79 76 73 72 71 69 68 66 66 66 65 65 65 63 65 66 66 66 65 64 65 65 65 65 65 65 66 66 68 68 68 69 70 71 72 72 73 74 74 75 76 76 76 77 77 78 78 80 79
198 191 187 183 179 175 170 168 165 162 158 154 150 147 144 139 136 131 128 126 122 119 117 115 109 107 103 100 98 95 91 90 88 85 83 81 79 77 75 73 72 70 69 68 67 67 67 67 65 68 68 69 69 69 68 67 67 67 67 68 69 69 70 70 71 72 72 73 75 75 75 77 78 79 80 80 80 81 81 82 82 83 83 83
203 197 192 190 185 182 178 174 171 166 161 158 155 152 148 143 141 137 133 129 126 123 120 116 114 110 107 104 101 98 96 93 90 89 86 83 82 80 77 76 74 73 72 71 69 69 69 68 67 69 70 72 72 71 70 70 70 70 70 70 71 73 73 74 74 75 75 77 79 80 80 80 81 81 83 83 84 85 85 85 86 86 86 86
208 203 199 196 193 188 183 178 174 170 165 161 159 156 152 148 144 141 137 134 131 127 124 121 117 113 111 108 105 102 100 98 96 93 91 86 84 82 80 79 77 76 75 74 72 72 73 71 71 71 75 75 76 73 73 74 73 72 72 73 75 76 76 78 79 79 81 82 83 83 84 85 84 86 87 87 90 90 89 90 90 91 91 91
213 211 208 203 198 193 187 181 178 174 169 166 164 162 156 152 147 145 141 137 135 132 130 124 121 117 115 113 110 107 103 100 98 95 93 90 87 84 83 81 80 78 77 76 75 75 74 74 73 75 73 77 76 76 76 77 76 75 75 78 79 80 80 81 83 83 85 85 86 86 88 89 90 90 91 92 93 93 93 94 94 94 94 95
222 219 213 208 203 197 191 187 183 177 174 171 168 164 161 155 153 150 146 143 138 136 131 129 126 121 117 115 113 111 108 105 101 99 96 94 91 88 85 84 82 80 80 80 77 77 77 77 77 77 77 79 78 78 79 79 80 80 80 81 82 82 84 85 87 87 88 88 89 92 93 94 94 96 96 96 96 98 98 98 98 99 100 100
229 225 220 215 209 205 198 193 187 184 180 176 173 168 166 162 158 155 151 148 142 138 136 133 130 125 123 120 116 115 111 108 106 101 100 97 94 91 90 88 85 84 82 82 80 81 81 81 81 81 81 82 83 82 82 82 82 82 84 86 86 87 88 89 89 90 92 93 94 96 96 97 99 99 99 100 101 101 101 102 103 103 104 104
237 232 225 222 216 210 204 199 193 190 185 182 179 175 173 167 164 160 156 153 149 146 143 138 135 131 126 124 121 117 115 111 110 106 104 101 98 95 92 90 88 87 85 84 83 83 83 83 83 83 84 85 85 84 84 84 85 86 88 89 89 90 91 93 94 95 96 98 98 100 100 102 102 104 105 105 105 106 106 106 106 107 107 106
243 239 236 231 224 218 214 206 201 197 192 188 184 180 178 173 169 166 162 157 152 150 147 143 140 137 133 128 126 123 119 116 113 111 108 105 103 97 95 94 90 90 88 88 87 87 87 87 85 86 86 87 87 88 88 88 88 90 91 93 94 95 96 96 97 99 100 102 103 103 106 107 108 109 108 110 110 110 109 110 111 111 111 112
251 248 244 240 234 227 222 215 209 204 197 194 190 187 182 178 173 169 165 162 159 156 153 150 146 143 139 135 131 126 124 121 119 116 113 110 105 103 100 96 94 92 90 90 89 89 89 90 90 90 91 91 92 92 92 93 93 95 95 96 97 98 99 100 102 103 104 106 108 110 111 112 113 113 115 115 116 116 117 117 118 117 117 118
262 258 254 250 243 238 231 221 215 212 207 201 197 192 187 184 179 175 171 169 165 162 158 155 152 149 146 142 137 132 130 127 124 122 117 114 110 108 103 101 97 94 93 92 91 91 91 93 93 94 95 96 94 95 95 96 97 98 99 101 102 102 104 105 106 108 109 112 113 114 116 116 118 118 118 120 121 121 122 121 122 122 121 -3.4e+38
270 268 264 258 253 247 240 233 224 219 213 208 203 198 195 188 184 181 177 174 170 168 165 161 158 154 150 147 144 141 137 135 130 127 123 118 116 112 108 105 101 98 96 95 95 95 95 96 97 97 98 98 99 99 99 101 102 102 103 104 106 106 108 110 111 113 114 116 118 119 122 123 125 125 126 126 127 127 127 127 127 126 -3.4e+38 -3.4e+38
281 278 275 270 264 256 248 241 234 227 220 214 207 202 197 195 191 188 183 180 178 176 171 169 163 161 158 154 149 147 145 141 138 132 129 125 120 116 112 109 105 103 101 99 99 99 99 99 102 102 102 103 103 104 103 104 106 106 108 109 110 112 113 114 115 117 121 122 123 126 127 129 130 132 133 133 131 132 132 132 132 131 -3.4e+38 -3.4e+38
293 289 286 280 275 266 257 250 241 232 226 219 214 210 206 203 199 195 191 189 185 183 180 176 171 167 164 161 157 153 151 146 144 140 137 130 126 122 119 114 111 108 104 103 103 103 103 105 106 106 107 106 107 107 108 109 110 110 112 113 115 116 117 118 119 122 125 127 130 131 133 136 138 138 139 139 139 139 139 138 137 -3.4e+38 -3.4e+38 -3.4e+38
305 303 298 293 285 275 264 256 245 238 234 228 222 217 213 209 207 203 200 198 196 192 188 184 179 176 169 167 163 162 159 154 151 148 142 140 134 128 125 122 116 114 111 111 111 110 110 111 111 111 111 110 110 112 112 113 114 115 115 116 119 121 122 123 124 128 130 132 135 137 138 142 143 144 145 145 145 145 145 145 -3.4e+38 -3.4e+38 -3.4e+38 -3.4e+38
320 319 313 304 296 285 272 264 253 248 242 236 230 224 219 216 212 208 206 207 203 201 193 190 185 182 176 174 172 169 166 163 157 154 150 146 142 140 134 130 125 122 119 117 116 116 117 117 118 117 117 117 117 118 117 119 119 120 121 122 123 123 126 128 129 132 133 137 138 142 143 146 150 150 152 152 152 150 149 150 -3.4e+38 -3.4e+38 -3.4e+38 -3.4e+38
335 334 325 314 303 293 283 272 263 257 249 243 238 231 227 222 218 217 214 211 207 205 201 196 194 188 184 182 178 176 172 169 166 163 159 153 151 147 142 139 134 130 128 126 125 124 123 124 125 123 123 123 122 123 122 122 123 123 125 126 127 128 129 131 132 136 138 141 142 145 151 152 156 157 158 159 158 156 157 -3.4e+38 -3.4e+38 -3.4e+38 -3.4e+38 -3.4e+38
353 348 337 326 314 301 290 281 270 264 256 250 243 239 234 228 225 223 219 218 214 210 207 204 202 196 193 188 186 183 181 177 174 171 168 163 159 155 152 149 145 141 138 136 133 132 131 132 131 131 131 130 130 127 127 128 129 129 130 131 132 131 134 135 137 139 142 145 149 151 156 157 161 166 165 164 162 161 161 -3.4e+38 -3.4e+38 -3.4e+38 -3.4e+38 -3.4e+38
362 358 342 330 318 308 299 290 277 269 261 254 252 248 244 240 234 230 227 224 221 220 215 213 210 206 203 200 196 194 190 186 183 179 175 173 170 167 162 159 155 152 149 146 143 142 140 139 139 137 137 137 135 135 134 135 135 134 134 134 135 136 136 138 140 143 147 149 153 156 160 164 166 169 170 169 169 166 166 -3.4e+38 -3.4e+38 -3.4e+38 -3.4e+38 -3.4e+38
352 348 341 332 320 312 302 290 284 276 269 263 259 255 252 249 243 237 234 231 231 227 226 223 220 214 213 208 206 204 200 195 193 190 187 185 184 179 176 172 166 163 159 157 154 152 150 147 146 145 144 143 141 140 140 139 137 138 139 138 140 141 141 142 144 147 151 154 158 159 163 167 169 171 175 173 174 172 -3.4e+38 -3.4e+38 -3.4e+38 -3.4e+38 -3.4e+38 -3.4e+38
336 336 334 330 322 315 306 299 291 285 278 273 269 264 261 258 252 249 246 240 238 235 233 233 228 224 222 219 217 215 211 207 204 204 203 198 197 193 186 185 179 174 169 166 164 161 158 155 154 152 150 149 147 147 145 144 145 144 145 144 145 145 146 147 150 153 155 158 162 165 168 170 171 174 175 176 176 176 -3.4e+38 -3.4e+38 -3.4e+38 -3.4e+38 -3.4e+38 -3.4e+38
321 326 328 326 322 317 313 305 300 294 288 284 279 274 269 265 264 259 258 255 252 249 244 241 237 234 230 229 226 224 221 220 220 219 216 212 209 203 197 193 191 186 180 177 173 170 168 166 163 161 158 157 154 152 150 151 150 150 150 149 149 149 152 153 157 159 160 162 165 168 170 172 174 177 177 179 -3.4e+38 -3.4e+38 -3.4e+38 -3.4e+38 -3.4e+38 -3.4e+38 -3.4e+38 -3.4e+38
309 315 320 321 321 321 320 315 310 303 298 294 290 287 281 278 276 274 272 268 264 261 257 253 248 244 241 239 235 235 232 230 230 227 227 227 220 215 209 205 203 198 193 186 183 181 177 175 173 171 166 165 161 159 158 157 155 153 154 153 153 154 156 158 159 162 164 166 169 172 174 175 176 178 180 -3.4e+38 -3.4e+38 -3.4e+38 -3.4e+38 -3.4e+38 -3.4e+38 -3.4e+38 -3.4e+38 -3.4e+38
302 310 316 321 324 326 323 323 320 314 308 306 301 294 293 290 286 286 284 283 277 272 269 263 260 255 250 248 245 244 241 240 239 236 235 233 228 224 220 217 211 206 202 197 194 190 188 185 181 178 174 172 170 166 164 162 161 159 159 160 159 161 162 165 163 167 169 170 173 178 177 178 179 180 182 184 -3.4e+38 -3.4e+38 -3.4e+38 -3.4e+38 -3.4e+38 -3.4e+38 -3.4e+38 -3.4e+38
