rasterData/Niger_bio10.asc
NCOLS 190 
NROWS 142 
XLLCORNER 0.152941121 
YLLCORNER 11.695773031 
CELLSIZE 0.0832493725157895 
NODATA_value -3.4e+38 
[rows 110 to 131 of 142, columns 98 to 146 of 190]
31.7701663970947 31.7730007171631 31.841833114624 31.8316669464111 31.8535003662109 31.9151668548584 31.9244995117188 31.7798328399658 31.7756652832031 31.6811656951904 31.6569995880127 31.6224994659424 31.6158332824707 31.5944995880127 31.5483322143555 31.5553340911865 31.7141666412354 31.7266674041748 31.7148323059082 31.7065010070801 31.5953330993652 31.4298343658447 31.386833190918 31.5101661682129 31.8578338623047 31.7581653594971 31.8120002746582 31.9836673736572 32.095832824707 32.15283203125 32.155834197998 32.2675018310547 32.3241653442383 32.4825019836426 32.4923324584961 32.5629997253418 32.6518325805664 32.6609992980957 32.6498336791992 32.6040000915527 32.6176681518555 32.5769996643066 32.6235008239746 32.6319999694824 32.6281661987305 32.7323341369629 32.8156661987305 32.8299980163574 32.7943344116211
31.7081680297852 31.7526664733887 31.7703323364258 31.8603343963623 31.958667755127 31.9703330993652 31.9173336029053 31.8688335418701 31.844165802002 31.7941665649414 31.611499786377 31.6158332824707 31.7803344726562 31.8474998474121 31.8245010375977 31.824333190918 31.8933334350586 31.792667388916 31.6616668701172 31.7294998168945 31.7454986572266 31.5588340759277 31.3675003051758 31.4049987792969 31.7498321533203 32.0533332824707 32.1544990539551 32.1381683349609 32.0143356323242 32.0895004272461 32.2231674194336 32.380500793457 32.4254989624023 32.4723320007324 32.5361671447754 32.5261650085449 32.5698318481445 32.6580009460449 32.6790008544922 32.628833770752 32.5856666564941 32.5613327026367 32.5986671447754 32.6296653747559 32.6436653137207 32.6661682128906 32.7294998168945 32.7393341064453 32.8064994812012
31.7603340148926 31.7358322143555 31.7431659698486 31.8468341827393 31.8988342285156 31.9325008392334 31.96266746521 31.9323329925537 31.8478317260742 31.8471660614014 31.6704998016357 31.658166885376 31.9069995880127 32.0859985351562 32.0904998779297 31.8966674804688 31.9368324279785 31.8986663818359 31.7805004119873 31.7059993743896 31.6786670684814 31.7883338928223 31.6653327941895 31.5853328704834 31.7018337249756 31.9699993133545 32.0354995727539 32.0206680297852 32.037166595459 32.1436653137207 32.2400016784668 32.2830009460449 32.357666015625 32.4661674499512 32.4718322753906 32.4106674194336 32.477165222168 32.5748329162598 32.6091651916504 32.5968322753906 32.5900001525879 32.568000793457 32.6749992370605 32.7254981994629 32.7043342590332 32.7083320617676 32.7126655578613 32.7449989318848 32.8126678466797
31.7131671905518 31.6766681671143 31.7151679992676 31.8304996490479 31.8938331604004 31.9189987182617 31.8865013122559 31.8798332214355 31.9500007629395 32.0659980773926 31.9063339233398 31.9883327484131 32.0940017700195 32.0733337402344 32.0083312988281 31.9565010070801 31.9463329315186 31.9948329925537 31.9783325195312 31.9303340911865 31.7840003967285 31.7156677246094 31.5141658782959 31.5661659240723 31.7314987182617 31.8161678314209 31.9093341827393 31.9656658172607 31.9901676177979 32.0940017700195 32.1568336486816 32.1698341369629 32.2583312988281 32.3896675109863 32.3686676025391 32.3085021972656 32.4365005493164 32.498664855957 32.5443344116211 32.5803337097168 32.6428337097168 32.6171646118164 32.6959991455078 32.7545013427734 32.724666595459 32.8021659851074 32.8019981384277 32.8349990844727 32.8643341064453
31.7299995422363 31.6808338165283 31.7213325500488 31.7708339691162 31.804666519165 31.7814998626709 31.8316669464111 31.9233341217041 32.1868324279785 32.2884979248047 32.1941680908203 32.1753311157227 32.0713348388672 31.9679985046387 31.9288330078125 31.996000289917 31.9955005645752 32.0766677856445 32.0723342895508 32.02783203125 31.8873329162598 31.7269992828369 31.6245002746582 31.4095001220703 31.7140007019043 31.8528327941895 31.8858337402344 31.9456672668457 31.9863338470459 32.0761680603027 32.1078338623047 32.1353340148926 32.2403335571289 32.3339996337891 32.3886680603027 32.382999420166 32.4576683044434 32.5063323974609 32.5438346862793 32.5880012512207 32.5895004272461 32.59033203125 32.6565017700195 32.7393341064453 32.7761650085449 32.865665435791 32.8398323059082 32.8256683349609 32.8808326721191
31.6056671142578 31.6546669006348 31.7318325042725 31.6649990081787 31.6825008392334 31.7586669921875 31.882999420166 32.1276664733887 32.3440017700195 32.5083351135254 32.2008323669434 32.1669998168945 32.0536651611328 31.8593330383301 31.96533203125 32.0154991149902 31.980167388916 32.0321655273438 32.0163345336914 32.0408325195312 32.0284996032715 31.8558330535889 31.5993328094482 31.6156673431396 31.7231674194336 31.8115005493164 31.8753337860107 31.8826675415039 31.8380012512207 31.9763336181641 31.9610004425049 32.022834777832 32.1049995422363 32.2351684570312 32.2948341369629 32.2661666870117 32.3183326721191 32.4020004272461 32.4514999389648 32.4993324279785 32.4583320617676 32.5086669921875 32.6333351135254 32.6856651306152 32.6681671142578 32.8573341369629 32.9031677246094 32.9020004272461 32.9796676635742
31.5501670837402 31.5983333587646 31.65283203125 31.6875 31.7345008850098 31.9261665344238 32.1166687011719 32.3306655883789 32.3776664733887 32.4438323974609 32.3759994506836 32.3115005493164 32.1673316955566 31.9218330383301 31.9611663818359 32.019832611084 32.0504989624023 32.0681648254395 31.9869995117188 32.093334197998 32.014331817627 31.8730010986328 31.6175003051758 31.6461658477783 31.6948337554932 31.6849994659424 31.6975002288818 31.779167175293 31.875 31.9866676330566 31.9463329315186 31.9958324432373 32.0408325195312 32.0558319091797 32.148998260498 32.234001159668 32.3660011291504 32.3136672973633 32.3445014953613 32.4179992675781 32.4396667480469 32.5321655273438 32.5859985351562 32.6446685791016 32.656665802002 32.7996673583984 32.8914985656738 32.9511680603027 33.014835357666
31.533166885376 31.5785007476807 31.6523342132568 31.7268333435059 31.878999710083 32.0540008544922 32.2088356018066 32.2784996032715 32.2108345031738 32.27783203125 32.3431663513184 32.2029991149902 32.0876655578613 31.8451671600342 31.988166809082 32.0418319702148 32.0325012207031 32.014835357666 32.0196685791016 32.045166015625 31.9906673431396 31.6876659393311 31.6826667785645 31.6544990539551 31.644998550415 31.6391658782959 31.5856666564941 31.6568336486816 31.8040008544922 31.9498329162598 31.9811668395996 31.9869995117188 32.0265007019043 32.0813331604004 32.1674995422363 32.1846656799316 32.2464981079102 32.2793350219727 32.3531646728516 32.4453315734863 32.5216674804688 32.5293312072754 32.5504989624023 32.6118316650391 32.6560020446777 32.8463325500488 32.9495010375977 32.9988327026367 33.077335357666
31.5226669311523 31.6123332977295 31.6870002746582 31.7151660919189 31.8663330078125 31.9876670837402 32.1161651611328 32.1336669921875 32.1713333129883 32.2229995727539 32.3190002441406 32.218334197998 32.1556663513184 31.9808330535889 31.9916667938232 32.0214996337891 32.033332824707 32.0084991455078 31.9423332214355 31.9648342132568 32.046501159668 31.8691673278809 31.7616672515869 31.6841659545898 31.7058334350586 31.6730003356934 31.636833190918 31.6459999084473 31.8236656188965 31.9530010223389 31.9663333892822 32.0108337402344 32.005500793457 32.035831451416 32.125 32.1868324279785 32.2918319702148 32.3859977722168 32.4313354492188 32.5031661987305 32.5459976196289 32.5944976806641 32.6221656799316 32.6633338928223 32.7716674804688 32.8431663513184 32.9194984436035 33.0026664733887 33.1479988098145
31.4101657867432 31.609167098999 31.628833770752 31.6998329162598 31.7776679992676 31.8541660308838 32.0496673583984 32.0745010375977 32.164665222168 32.2541656494141 32.2756652832031 32.117000579834 32.1865005493164 32.1015014648438 31.9631671905518 31.9876670837402 32.0188331604004 31.974666595459 31.9213333129883 31.900333404541 31.8938331604004 31.8646659851074 31.8871669769287 31.8663330078125 31.8278331756592 31.7036666870117 31.6619987487793 31.666166305542 31.773832321167 31.8666667938232 31.9273338317871 32.0130004882812 31.929500579834 32.0166664123535 32.1220016479492 32.2148323059082 32.3346672058105 32.405834197998 32.4291687011719 32.5236663818359 32.5924987792969 32.6521682739258 32.6614990234375 32.7099990844727 32.7828330993652 32.9029998779297 32.9830017089844 33.1015014648438 33.2756652832031
31.1678333282471 31.3393325805664 31.5566673278809 31.6513328552246 31.7140007019043 31.8581657409668 31.9701671600342 32.0045013427734 32.1383323669434 32.2521667480469 32.2511672973633 32.134334564209 32.0105018615723 32.0793342590332 32.1915016174316 32.0698356628418 32.0033340454102 31.9144992828369 31.8503341674805 31.8453330993652 31.8158321380615 31.8143329620361 31.8420009613037 31.7216663360596 31.7800006866455 31.6991672515869 31.6389999389648 31.6711673736572 31.7498321533203 31.8080005645752 31.8570003509521 31.9151668548584 31.951831817627 32.1093330383301 32.2141647338867 32.2948341369629 32.3546676635742 32.4018325805664 32.4080009460449 32.4619979858398 32.5303344726562 32.5828323364258 32.6108322143555 32.6888313293457 32.8110008239746 32.9046669006348 33.0818328857422 33.1995010375977 33.3079986572266
31.1163330078125 31.2141666412354 31.3530006408691 31.5638332366943 31.69700050354 31.8043327331543 31.8848323822021 31.9656677246094 32.0116653442383 32.0820007324219 32.0806655883789 32.0418319702148 32.0398330688477 32.0411682128906 32.0260009765625 32.0011672973633 31.9373340606689 31.8815002441406 31.8093338012695 31.8254985809326 31.8106670379639 31.8443336486816 31.9775009155273 31.875 31.7406673431396 31.6790008544922 31.6903343200684 31.7078342437744 -3.4e+38 -3.4e+38 31.742166519165 31.8565006256104 31.9623336791992 32.1011657714844 32.1464996337891 32.2108345031738 32.3083343505859 32.4141693115234 32.3933334350586 32.4275016784668 32.4596672058105 32.5740013122559 32.6070022583008 32.678165435791 32.772834777832 32.958667755127 33.1408309936523 33.1686668395996 33.2818336486816
31.0728340148926 31.1283340454102 31.2796669006348 31.4610004425049 31.6451663970947 31.7259998321533 31.763500213623 31.8489990234375 31.8628330230713 31.9263324737549 32.0126647949219 32.0188331604004 31.9908332824707 31.9491653442383 31.9496669769287 31.9283332824707 31.9278335571289 31.8821659088135 31.8373336791992 31.8093338012695 31.8116664886475 31.9565010070801 32.1279983520508 32.111499786377 -3.4e+38 -3.4e+38 -3.4e+38 -3.4e+38 -3.4e+38 -3.4e+38 -3.4e+38 -3.4e+38 -3.4e+38 -3.4e+38 -3.4e+38 -3.4e+38 -3.4e+38 -3.4e+38 -3.4e+38 -3.4e+38 -3.4e+38 32.5411643981934 32.6520004272461 32.7021675109863 32.8175010681152 32.9635009765625 33.0951652526855 33.1173324584961 33.1240005493164
31.0234985351562 31.1011657714844 31.2038326263428 31.3806667327881 31.5383338928223 31.6618328094482 31.7255001068115 31.8388328552246 31.8963317871094 31.916332244873 31.9720001220703 31.9689998626709 31.9704990386963 31.9268341064453 31.9218330383301 31.9090003967285 31.8658332824707 31.8441677093506 31.837833404541 31.8498344421387 31.8781661987305 -3.4e+38 -3.4e+38 -3.4e+38 -3.4e+38 -3.4e+38 -3.4e+38 -3.4e+38 -3.4e+38 -3.4e+38 -3.4e+38 -3.4e+38 -3.4e+38 -3.4e+38 -3.4e+38 -3.4e+38 -3.4e+38 -3.4e+38 -3.4e+38 -3.4e+38 -3.4e+38 -3.4e+38 -3.4e+38 32.7615013122559 32.7973327636719 32.84716796875 32.9560012817383 32.9271659851074 32.9650001525879
30.84983253479 30.9868335723877 31.0853328704834 31.2590007781982 31.4284992218018 31.5763320922852 31.6916656494141 31.8145008087158 31.8696670532227 31.9389991760254 31.9619998931885 31.9618339538574 31.9298324584961 31.9291667938232 31.886833190918 31.877498626709 31.867166519165 31.8520011901855 31.8543319702148 -3.4e+38 -3.4e+38 -3.4e+38 -3.4e+38 -3.4e+38 -3.4e+38 -3.4e+38 -3.4e+38 -3.4e+38 -3.4e+38 -3.4e+38 -3.4e+38 -3.4e+38 -3.4e+38 -3.4e+38 -3.4e+38 -3.4e+38 -3.4e+38 -3.4e+38 -3.4e+38 -3.4e+38 -3.4e+38 -3.4e+38 -3.4e+38 -3.4e+38 -3.4e+38 32.6778335571289 32.8056678771973 32.8684997558594 32.8914985656738
-3.4e+38 -3.4e+38 -3.4e+38 31.1924991607666 31.3648338317871 31.533332824707 31.6426677703857 31.7556667327881 31.8508338928223 31.9053325653076 31.9448337554932 31.9686660766602 31.9833335876465 31.945499420166 31.9265003204346 31.9074993133545 31.890832901001 31.8783340454102 -3.4e+38 -3.4e+38 -3.4e+38 -3.4e+38 -3.4e+38 -3.4e+38 -3.4e+38 -3.4e+38 -3.4e+38 -3.4e+38 -3.4e+38 -3.4e+38 -3.4e+38 -3.4e+38 -3.4e+38 -3.4e+38 -3.4e+38 -3.4e+38 -3.4e+38 -3.4e+38 -3.4e+38 -3.4e+38 -3.4e+38 -3.4e+38 -3.4e+38 -3.4e+38 -3.4e+38 -3.4e+38 -3.4e+38 -3.4e+38 -3.4e+38
-3.4e+38 -3.4e+38 -3.4e+38 -3.4e+38 31.380500793457 31.515832901001 31.6485004425049 31.7576675415039 31.8288326263428 31.8846664428711 31.938835144043 31.9363327026367 31.9166679382324 31.9015007019043 31.916332244873 31.9226665496826 31.9166660308838 -3.4e+38 -3.4e+38 -3.4e+38 -3.4e+38 -3.4e+38 -3.4e+38 -3.4e+38 -3.4e+38 -3.4e+38 -3.4e+38 -3.4e+38 -3.4e+38 -3.4e+38 -3.4e+38 -3.4e+38 -3.4e+38 -3.4e+38 -3.4e+38 -3.4e+38 -3.4e+38 -3.4e+38 -3.4e+38 -3.4e+38 -3.4e+38 -3.4e+38 -3.4e+38 -3.4e+38 -3.4e+38 -3.4e+38 -3.4e+38 -3.4e+38 -3.4e+38
-3.4e+38 -3.4e+38 -3.4e+38 -3.4e+38 -3.4e+38 -3.4e+38 31.6451663970947 31.7068328857422 31.7691669464111 31.8264999389648 31.8543338775635 31.8431663513184 31.8286666870117 31.8199996948242 31.8483333587646 31.8489990234375 -3.4e+38 -3.4e+38 -3.4e+38 -3.4e+38 -3.4e+38 -3.4e+38 -3.4e+38 -3.4e+38 -3.4e+38 -3.4e+38 -3.4e+38 -3.4e+38 -3.4e+38 -3.4e+38 -3.4e+38 -3.4e+38 -3.4e+38 -3.4e+38 -3.4e+38 -3.4e+38 -3.4e+38 -3.4e+38 -3.4e+38 -3.4e+38 -3.4e+38 -3.4e+38 -3.4e+38 -3.4e+38 -3.4e+38 -3.4e+38 -3.4e+38 -3.4e+38 -3.4e+38
-3.4e+38 -3.4e+38 -3.4e+38 -3.4e+38 -3.4e+38 -3.4e+38 -3.4e+38 -3.4e+38 -3.4e+38 -3.4e+38 -3.4e+38 -3.4e+38 -3.4e+38 -3.4e+38 -3.4e+38 -3.4e+38 -3.4e+38 -3.4e+38 -3.4e+38 -3.4e+38 -3.4e+38 -3.4e+38 -3.4e+38 -3.4e+38 -3.4e+38 -3.4e+38 -3.4e+38 -3.4e+38 -3.4e+38 -3.4e+38 -3.4e+38 -3.4e+38 -3.4e+38 -3.4e+38 -3.4e+38 -3.4e+38 -3.4e+38 -3.4e+38 -3.4e+38 -3.4e+38 -3.4e+38 -3.4e+38 -3.4e+38 -3.4e+38 -3.4e+38 -3.4e+38 -3.4e+38 -3.4e+38 -3.4e+38
-3.4e+38 -3.4e+38 -3.4e+38 -3.4e+38 -3.4e+38 -3.4e+38 -3.4e+38 -3.4e+38 -3.4e+38 -3.4e+38 -3.4e+38 -3.4e+38 -3.4e+38 -3.4e+38 -3.4e+38 -3.4e+38 -3.4e+38 -3.4e+38 -3.4e+38 -3.4e+38 -3.4e+38 -3.4e+38 -3.4e+38 -3.4e+38 -3.4e+38 -3.4e+38 -3.4e+38 -3.4e+38 -3.4e+38 -3.4e+38 -3.4e+38 -3.4e+38 -3.4e+38 -3.4e+38 -3.4e+38 -3.4e+38 -3.4e+38 -3.4e+38 -3.4e+38 -3.4e+38 -3.4e+38 -3.4e+38 -3.4e+38 -3.4e+38 -3.4e+38 -3.4e+38 -3.4e+38 -3.4e+38 -3.4e+38
-3.4e+38 -3.4e+38 -3.4e+38 -3.4e+38 -3.4e+38 -3.4e+38 -3.4e+38 -3.4e+38 -3.4e+38 -3.4e+38 -3.4e+38 -3.4e+38 -3.4e+38 -3.4e+38 -3.4e+38 -3.4e+38 -3.4e+38 -3.4e+38 -3.4e+38 -3.4e+38 -3.4e+38 -3.4e+38 -3.4e+38 -3.4e+38 -3.4e+38 -3.4e+38 -3.4e+38 -3.4e+38 -3.4e+38 -3.4e+38 -3.4e+38 -3.4e+38 -3.4e+38 -3.4e+38 -3.4e+38 -3.4e+38 -3.4e+38 -3.4e+38 -3.4e+38 -3.4e+38 -3.4e+38 -3.4e+38 -3.4e+38 -3.4e+38 -3.4e+38 -3.4e+38 -3.4e+38 -3.4e+38 -3.4e+38
-3.4e+38 -3.4e+38 -3.4e+38 -3.4e+38 -3.4e+38 -3.4e+38 -3.4e+38 -3.4e+38 -3.4e+38 -3.4e+38 -3.4e+38 -3.4e+38 -3.4e+38 -3.4e+38 -3.4e+38 -3.4e+38 -3.4e+38 -3.4e+38 -3.4e+38 -3.4e+38 -3.4e+38 -3.4e+38 -3.4e+38 -3.4e+38 -3.4e+38 -3.4e+38 -3.4e+38 -3.4e+38 -3.4e+38 -3.4e+38 -3.4e+38 -3.4e+38 -3.4e+38 -3.4e+38 -3.4e+38 -3.4e+38 -3.4e+38 -3.4e+38 -3.4e+38 -3.4e+38 -3.4e+38 -3.4e+38 -3.4e+38 -3.4e+38 -3.4e+38 -3.4e+38 -3.4e+38 -3.4e+38 -3.4e+38
