rasterData/Niger_bio4.asc
NCOLS 190 
NROWS 142 
XLLCORNER 0.152941121 
YLLCORNER 11.695773031 
CELLSIZE 0.0832493725157895 
NODATA_value -3.4e+38 
[rows 44 to 65 of 142, columns 98 to 146 of 190]
617.914733886719 621.257263183594 621.25634765625 620.512329101562 628.6904296875 633.353088378906 636.196166992188 639.81201171875 642.610473632812 642.746887207031 644.000122070312 646.288513183594 648.32861328125 649.459167480469 650.758850097656 651.324279785156 651.1748046875 651.789245605469 653.082336425781 653.806762695312 655.170043945312 655.402221679688 655.687744140625 655.462890625 655.877075195312 656.668212890625 656.951904296875 657.941528320312 658.687683105469 660.545471191406 660.870361328125 661.638977050781 662.329528808594 663.669555664062 664.798400878906 666.126037597656 667.163024902344 669.091857910156 669.4013671875 669.213073730469 668.963134765625 669.620727539062 669.726318359375 669.384643554688 670.318298339844 670.628601074219 672.42822265625 673.070373535156 676.015808105469
617.668762207031 621.990539550781 623.214416503906 622.028930664062 626.197143554688 630.738830566406 633.126892089844 635.667907714844 640.444946289062 642.247619628906 641.748291015625 642.961181640625 645.550476074219 646.960571289062 648.386169433594 649.300048828125 649.90673828125 650.376770019531 651.451843261719 652.549499511719 653.012145996094 652.479858398438 652.718383789062 653.306762695312 652.867248535156 653.110900878906 653.86376953125 655.478210449219 656.475769042969 658.14111328125 659.109252929688 660.154235839844 661.264770507812 661.849853515625 662.756591796875 664.434387207031 666.144470214844 667.014770507812 667.777648925781 667.968444824219 667.565795898438 667.331176757812 667.231750488281 667.865051269531 669.478942871094 669.76953125 671.339599609375 674.570007324219 674.159606933594
619.205810546875 622.368957519531 622.213195800781 622.553527832031 625.464782714844 629.495361328125 631.828857421875 634.604370117188 637.623718261719 639.933044433594 640.481384277344 641.076232910156 642.780639648438 644.493957519531 645.183532714844 646.617431640625 647.359558105469 648.130065917969 649.592041015625 650.123474121094 650.047668457031 650.424194335938 650.441284179688 651.096862792969 650.972290039062 651.209411621094 652.457336425781 653.521728515625 655.060485839844 656.3076171875 657.745544433594 659.268981933594 660.541076660156 661.004577636719 661.13720703125 662.511352539062 663.834594726562 664.940734863281 666.073181152344 665.960083007812 665.784545898438 665.044128417969 664.892456054688 664.900756835938 666.986145019531 668.781188964844 670.69873046875 671.878723144531 671.161743164062
614.907531738281 617.441223144531 619.509521484375 620.416564941406 622.10791015625 627.385986328125 632.361083984375 636.7373046875 638.220397949219 638.413940429688 638.339477539062 637.603271484375 640.146789550781 642.326904296875 642.710693359375 643.68603515625 644.607421875 645.552124023438 646.542114257812 646.656311035156 646.943969726562 647.371276855469 648.607849121094 648.627624511719 648.703979492188 649.346435546875 650.157409667969 652.025512695312 653.817626953125 654.898803710938 656.243408203125 658.007080078125 659.350708007812 659.88916015625 659.763488769531 660.729797363281 662.343017578125 663.354309082031 663.893310546875 663.486145019531 663.437377929688 664.1171875 663.432373046875 664.057006835938 666.30712890625 667.573852539062 668.944763183594 669.572387695312 668.151062011719
610.991088867188 612.546020507812 613.889038085938 616.337219238281 619.752258300781 624.026123046875 628.079467773438 635.326843261719 637.140563964844 637.123779296875 637.796081542969 638.182556152344 639.372192382812 639.714416503906 640.613037109375 641.353088378906 642.297546386719 643.181030273438 644.043273925781 644.1181640625 644.269165039062 645.412048339844 645.570556640625 646.104797363281 646.360717773438 647.0830078125 648.952209472656 650.294250488281 651.691040039062 653.834899902344 654.785827636719 655.302856445312 656.562866210938 657.849243164062 657.597106933594 658.479675292969 660.099426269531 661.573181152344 661.881225585938 663.251159667969 662.220703125 663.339599609375 662.457397460938 662.791564941406 664.273498535156 666.334350585938 667.695434570312 668.174011230469 667.766906738281
605.230773925781 606.250183105469 608.516662597656 611.582763671875 615.483642578125 620.337158203125 625.622253417969 632.869201660156 635.425354003906 635.180603027344 636.90771484375 636.901977539062 636.7900390625 636.430114746094 638.426330566406 639.070617675781 639.062133789062 639.965637207031 640.943908691406 641.365844726562 641.308044433594 642.195068359375 642.362670898438 643.271484375 643.541748046875 645.373657226562 646.447875976562 647.60107421875 650.113220214844 651.453369140625 652.2451171875 653.369934082031 654.379455566406 654.893371582031 655.516540527344 656.421875 657.767028808594 659.640686035156 660.434204101562 660.61474609375 659.002014160156 661.13037109375 661.603149414062 661.789428710938 663.3583984375 664.731994628906 666.74169921875 666.374816894531 666.525573730469
597.955017089844 597.912658691406 595.32666015625 596.1640625 600.842468261719 605.353759765625 613.717163085938 623.304809570312 625.380554199219 623.046569824219 627.003234863281 632.149780273438 632.777404785156 633.581420898438 634.829467773438 635.568542480469 635.840209960938 636.661682128906 637.494140625 637.556274414062 638.560363769531 639.460632324219 640.608642578125 640.940551757812 642.320617675781 643.461303710938 644.473205566406 645.832763671875 647.886596679688 649.151000976562 650.685180664062 651.783264160156 652.804382324219 653.579162597656 654.021057128906 654.930725097656 656.223815917969 656.707641601562 657.2099609375 658.301086425781 658.517517089844 659.35791015625 658.400024414062 659.461059570312 661.270385742188 662.761962890625 663.408752441406 664.459106445312 664.947204589844
589.033081054688 584.568603515625 583.807800292969 586.747009277344 590.492980957031 594.579711914062 600.729919433594 612.770812988281 620.224548339844 620.146301269531 626.171630859375 627.945922851562 627.465209960938 629.086059570312 632.1103515625 632.344299316406 633.50830078125 634.208251953125 634.456970214844 635.1689453125 635.686218261719 637.651550292969 638.477478027344 639.305114746094 640.389770507812 641.434204101562 642.917358398438 643.794738769531 644.870178222656 647.060119628906 647.839538574219 649.472778320312 650.274841308594 651.296020507812 651.7451171875 653.339294433594 653.781311035156 654.032836914062 654.257507324219 654.363830566406 654.075256347656 656.278686523438 655.878845214844 657.188659667969 659.056274414062 659.110534667969 660.348083496094 661.330444335938 663.255126953125
585.913940429688 579.070190429688 574.488220214844 579.879333496094 586.407653808594 593.346557617188 596.266052246094 610.624084472656 619.499572753906 620.970947265625 622.520690917969 622.627685546875 623.240966796875 626.544799804688 628.314697265625 628.633911132812 630.906127929688 632.043151855469 632.209167480469 633.283813476562 633.567321777344 634.937866210938 635.765075683594 637.099731445312 638.440490722656 639.525695800781 640.3759765625 640.996215820312 642.39111328125 643.570617675781 645.189331054688 646.095336914062 647.427429199219 648.344970703125 649.466247558594 650.520202636719 651.384216308594 651.504272460938 651.72314453125 651.065185546875 649.484436035156 651.750915527344 654.253845214844 655.348693847656 656.430114746094 656.624694824219 658.08349609375 659.029235839844 660.424499511719
581.672302246094 578.582946777344 568.931518554688 573.353088378906 578.228576660156 588.321533203125 598.554992675781 606.779113769531 608.287536621094 611.243530273438 612.918701171875 614.670288085938 617.759643554688 619.738403320312 623.295532226562 624.719116210938 626.787170410156 629.442993164062 630.253662109375 631.191711425781 631.426696777344 632.417541503906 633.481323242188 634.578491210938 636.010131835938 637.592712402344 637.664428710938 637.968444824219 639.333374023438 640.255065917969 641.678527832031 642.767456054688 644.849243164062 645.42138671875 646.39697265625 647.047119140625 647.726440429688 648.361022949219 648.464294433594 649.101501464844 647.549133300781 649.180541992188 651.683166503906 652.764343261719 654.372192382812 655.551696777344 656.229125976562 655.678161621094 657.032104492188
577.364501953125 576.664367675781 571.376403808594 568.615295410156 575.337768554688 583.626708984375 588.999389648438 599.066284179688 598.640319824219 600.786376953125 604.590454101562 607.762023925781 611.676025390625 611.530944824219 615.432067871094 620.169006347656 623.306579589844 626.641662597656 628.182434082031 628.772766113281 629.308044433594 630.73974609375 631.427368164062 632.533142089844 632.950622558594 634.221618652344 634.406982421875 635.79296875 637.184997558594 637.3671875 638.306396484375 639.962219238281 641.941955566406 642.279113769531 642.57177734375 643.073547363281 644.556945800781 646.03564453125 647.133666992188 647.25537109375 646.656982421875 647.347473144531 650.258483886719 650.709167480469 651.282470703125 652.77587890625 653.939758300781 655.075317382812 655.966918945312
575.334289550781 575.462646484375 574.599548339844 573.886962890625 579.414611816406 582.619140625 585.368896484375 591.2578125 591.661926269531 594.6962890625 599.350158691406 604.970825195312 604.575988769531 605.005859375 608.32177734375 614.157287597656 619.112121582031 622.16650390625 625.114624023438 626.399963378906 627.166809082031 627.788696289062 628.769836425781 629.214782714844 630.81396484375 631.662658691406 631.735290527344 632.715515136719 634.399780273438 635.148010253906 635.464172363281 637.005615234375 637.887390136719 638.134765625 638.586853027344 639.912292480469 642.052124023438 643.756469726562 644.900573730469 644.780456542969 644.629211425781 645.089904785156 647.386352539062 647.765747070312 648.51611328125 649.807495117188 651.286926269531 652.480529785156 653.849243164062
573.918640136719 574.540466308594 573.6572265625 573.132568359375 577.216430664062 582.115966796875 585.459838867188 589.76123046875 593.922607421875 594.693237304688 598.952697753906 600.346618652344 598.565124511719 600.535278320312 604.442565917969 609.325439453125 615.619323730469 619.095825195312 621.521240234375 623.014282226562 623.939819335938 624.552734375 626.202392578125 627.059692382812 628.858581542969 628.411926269531 628.239196777344 630.069641113281 631.604187011719 631.863464355469 632.643249511719 633.322448730469 634.070007324219 634.3349609375 635.069091796875 637.190795898438 639.508605957031 640.062805175781 641.096984863281 641.166809082031 640.455078125 640.545043945312 643.568481445312 645.033996582031 645.611206054688 646.408386230469 648.197387695312 649.424011230469 651.073486328125
570.396057128906 573.885925292969 573.772399902344 576.057800292969 579.092956542969 583.750427246094 585.235778808594 589.472839355469 593.515747070312 594.139282226562 592.138061523438 592.484558105469 593.771362304688 596.932495117188 600.553833007812 603.948120117188 608.989562988281 614.864135742188 617.585754394531 619.579650878906 621.22705078125 622.643493652344 623.68212890625 624.092834472656 621.635070800781 620.135681152344 622.822448730469 625.932678222656 628.631530761719 629.807434082031 630.239318847656 630.603271484375 630.767333984375 631.679016113281 633.207763671875 635.097473144531 635.773559570312 636.60986328125 637.3671875 637.777282714844 637.85107421875 638.774169921875 640.554992675781 641.387939453125 642.681823730469 644.096008300781 645.478820800781 646.864501953125 648.640197753906
569.999389648438 574.03125 575.121826171875 575.243469238281 577.477111816406 579.24658203125 584.491943359375 586.894348144531 587.42822265625 586.924072265625 586.1220703125 585.676818847656 588.786926269531 592.422180175781 597.361267089844 599.935791015625 601.1298828125 608.460876464844 614.16845703125 616.260192871094 618.343078613281 619.901916503906 620.770202636719 620.330017089844 618.075378417969 616.145751953125 619.456665039062 622.309020996094 624.518432617188 625.588684082031 626.498229980469 627.987243652344 629.406982421875 629.509582519531 630.026062011719 631.859741210938 633.0048828125 633.762878417969 634.523559570312 635.024475097656 635.555847167969 636.543029785156 637.626953125 638.731262207031 639.867980957031 641.071960449219 642.140869140625 643.466491699219 645.408874511719
567.642333984375 571.993408203125 575.020629882812 575.610534667969 577.351989746094 579.733215332031 581.738830566406 581.361022949219 580.136108398438 581.776306152344 581.640197753906 583.553771972656 586.111938476562 587.796020507812 592.933715820312 596.5703125 597.5009765625 604.817993164062 610.804565429688 613.070373535156 615.167114257812 616.778381347656 616.698486328125 616.803771972656 617.1611328125 617.2392578125 618.101989746094 619.576354980469 620.527099609375 621.17919921875 622.462768554688 624.578979492188 626.078002929688 626.869262695312 627.589904785156 628.4365234375 629.463928222656 630.477478027344 631.030944824219 631.628356933594 632.707214355469 633.243530273438 633.976928710938 635.445495605469 636.386779785156 637.787292480469 639.575744628906 640.499694824219 641.056884765625
563.173828125 567.641662597656 569.640930175781 569.799194335938 570.537414550781 570.294921875 573.415588378906 577.377319335938 578.519226074219 579.516723632812 581.133483886719 583.30517578125 582.731689453125 583.868530273438 588.338684082031 593.055419921875 595.298828125 601.629028320312 605.674133300781 608.239807128906 611.731079101562 612.70458984375 612.75244140625 613.349365234375 613.911010742188 614.373046875 615.422546386719 616.824584960938 617.210998535156 617.778198242188 619.24755859375 621.510864257812 623.185852050781 623.846374511719 623.800903320312 624.835876464844 625.894104003906 626.58984375 627.442016601562 627.977294921875 628.680908203125 629.720458984375 629.992126464844 631.773315429688 633.291809082031 634.3125 635.296752929688 635.935546875 636.677612304688
559.408020019531 561.691650390625 564.318969726562 564.993408203125 564.667846679688 564.405517578125 563.415588378906 572.3916015625 575.738342285156 576.260559082031 578.040954589844 580.58544921875 581.435607910156 581.702270507812 584.213134765625 589.559448242188 592.293579101562 596.060241699219 600.884460449219 603.000915527344 607.7529296875 609.668884277344 609.59130859375 610.19482421875 611.714050292969 613.473388671875 613.678405761719 613.266296386719 613.635314941406 615.051574707031 616.577758789062 618.809387207031 619.277038574219 620.100952148438 619.393188476562 620.628967285156 621.739624023438 622.398620605469 623.011657714844 624.199157714844 624.66162109375 625.691528320312 626.838623046875 628.222229003906 629.433410644531 630.282897949219 630.735961914062 631.578857421875 632.329223632812
549.187194824219 553.234313964844 556.954467773438 560.263610839844 562.82177734375 564.014587402344 565.354064941406 568.203918457031 570.454284667969 572.481140136719 575.938720703125 578.20751953125 579.315002441406 580.808715820312 580.791442871094 583.241149902344 587.579650878906 593.503173828125 597.153503417969 600.132446289062 604.367309570312 606.386901855469 605.638488769531 607.301147460938 608.869201660156 609.570678710938 610.725341796875 611.507751464844 611.573059082031 612.081726074219 614.019226074219 615.027404785156 615.562683105469 616.06982421875 616.450073242188 616.560852050781 616.832275390625 618.038146972656 616.869018554688 618.446166992188 620.711120605469 621.95654296875 623.014587402344 624.248779296875 625.176025390625 625.619323730469 626.292785644531 627.404174804688 628.390258789062
541.329528808594 542.535766601562 545.435302734375 548.470947265625 557.08349609375 559.321838378906 562.948181152344 565.575378417969 567.705139160156 569.728088378906 572.347229003906 574.970397949219 577.301879882812 579.422912597656 582.154907226562 585.271911621094 587.479614257812 591.428771972656 593.770935058594 597.074890136719 600.1806640625 601.191467285156 602.555603027344 604.003784179688 604.194885253906 604.821350097656 606.717834472656 608.913513183594 609.252746582031 608.871948242188 609.89892578125 610.701110839844 611.60595703125 612.820068359375 613.189514160156 612.810913085938 613.197082519531 613.858764648438 613.343811035156 612.624450683594 617.281005859375 618.360961914062 618.981140136719 619.620727539062 620.607055664062 621.245971679688 622.643005371094 623.622192382812 623.581909179688
537.580322265625 538.426208496094 540.935363769531 542.473815917969 540.956665039062 547.320922851562 554.611083984375 563.016662597656 567.487915039062 569.151611328125 571.09228515625 575.298889160156 576.121398925781 578.876892089844 583.735107421875 586.721008300781 588.12841796875 590.119934082031 592.457763671875 594.992492675781 596.710510253906 597.556457519531 598.92138671875 599.865173339844 599.710693359375 600.751770019531 603.245300292969 604.458740234375 604.312744140625 604.834350585938 605.138488769531 606.477783203125 607.702697753906 607.817749023438 608.643859863281 608.549987792969 608.669921875 609.635986328125 608.836669921875 607.48193359375 611.074096679688 613.297973632812 614.204467773438 615.180541992188 616.446044921875 617.011779785156 617.267333984375 617.795166015625 618.437561035156
533.632934570312 536.5908203125 539.305541992188 542.658386230469 544.333923339844 546.282470703125 550.408325195312 558.304748535156 564.517272949219 567.703552246094 571.109680175781 574.150268554688 574.6279296875 576.767639160156 581.457214355469 586.225646972656 587.657531738281 588.246398925781 589.840209960938 591.549072265625 593.409118652344 595.207153320312 596.203552246094 596.637634277344 597.429077148438 598.486694335938 600.267639160156 601.01611328125 600.85107421875 600.882873535156 602.466918945312 603.858703613281 603.5634765625 603.682189941406 603.854125976562 603.646362304688 604.594543457031 605.736877441406 606.1669921875 606.217224121094 607.727966308594 609.164733886719 610.312622070312 610.593383789062 611.361633300781 611.9453125 612.640197753906 613.059265136719 613.811218261719
