rasterData/Niger_bio4.asc
NCOLS 190 
NROWS 142 
XLLCORNER 0.152941121 
YLLCORNER 11.695773031 
CELLSIZE 0.0832493725157895 
NODATA_value -3.4e+38 
[rows 44 to 65 of 142, columns 49 to 97 of 190]
-3.4e+38 -3.4e+38 -3.4e+38 -3.4e+38 -3.4e+38 -3.4e+38 -3.4e+38 -3.4e+38 -3.4e+38 -3.4e+38 -3.4e+38 -3.4e+38 -3.4e+38 -3.4e+38 -3.4e+38 -3.4e+38 -3.4e+38 -3.4e+38 -3.4e+38 -3.4e+38 -3.4e+38 -3.4e+38 -3.4e+38 604.711608886719 604.560546875 602.795471191406 602.874755859375 602.353881835938 601.301391601562 599.53173828125 598.834899902344 598.015319824219 598.035217285156 598.000671386719 598.90673828125 598.708618164062 599.384826660156 599.269958496094 597.96533203125 597.9423828125 600.119140625 601.772521972656 603.543579101562 605.959045410156 606.6943359375 607.376953125 610.061645507812 613.948791503906 616.12158203125
-3.4e+38 -3.4e+38 -3.4e+38 -3.4e+38 -3.4e+38 -3.4e+38 -3.4e+38 -3.4e+38 -3.4e+38 -3.4e+38 -3.4e+38 -3.4e+38 -3.4e+38 -3.4e+38 -3.4e+38 -3.4e+38 -3.4e+38 -3.4e+38 -3.4e+38 -3.4e+38 -3.4e+38 -3.4e+38 601.047180175781 601.660400390625 599.589782714844 599.138977050781 599.465942382812 598.945617675781 598.490417480469 597.23779296875 597.615661621094 597.561462402344 595.866455078125 595.041931152344 594.046569824219 593.18017578125 593.084899902344 593.79345703125 595.740539550781 596.790710449219 596.670654296875 599.296020507812 602.426086425781 604.464233398438 606.052795410156 610.108337402344 611.14501953125 613.950012207031 614.857543945312
-3.4e+38 -3.4e+38 -3.4e+38 -3.4e+38 -3.4e+38 -3.4e+38 -3.4e+38 -3.4e+38 -3.4e+38 -3.4e+38 -3.4e+38 -3.4e+38 -3.4e+38 -3.4e+38 -3.4e+38 -3.4e+38 -3.4e+38 -3.4e+38 -3.4e+38 -3.4e+38 -3.4e+38 598.023315429688 597.226989746094 598.122314453125 596.352844238281 596.320617675781 596.47802734375 594.173461914062 594.114685058594 593.950256347656 594.270568847656 594.4951171875 592.992553710938 591.113037109375 590.179992675781 589.126892089844 588.265625 588.519592285156 591.013305664062 593.999450683594 594.297668457031 596.24072265625 600.472106933594 602.726379394531 605.047546386719 606.613037109375 607.480529785156 610.913452148438 613.947082519531
-3.4e+38 -3.4e+38 -3.4e+38 -3.4e+38 -3.4e+38 -3.4e+38 -3.4e+38 -3.4e+38 -3.4e+38 -3.4e+38 -3.4e+38 -3.4e+38 -3.4e+38 -3.4e+38 -3.4e+38 -3.4e+38 -3.4e+38 -3.4e+38 -3.4e+38 -3.4e+38 594.610717773438 594.272827148438 593.912536621094 594.279174804688 593.12060546875 592.713073730469 593.196533203125 591.960205078125 591.514099121094 590.895935058594 590.746643066406 591.355712890625 591.288513183594 588.947631835938 588.079467773438 586.328063964844 585.112854003906 585.087829589844 586.27783203125 588.599853515625 591.305541992188 593.900390625 597.763854980469 600.0380859375 602.276550292969 602.74951171875 605.924194335938 608.09423828125 610.725341796875
-3.4e+38 -3.4e+38 -3.4e+38 -3.4e+38 -3.4e+38 -3.4e+38 -3.4e+38 -3.4e+38 -3.4e+38 -3.4e+38 -3.4e+38 -3.4e+38 -3.4e+38 -3.4e+38 -3.4e+38 -3.4e+38 -3.4e+38 -3.4e+38 -3.4e+38 590.727172851562 590.533386230469 590.377685546875 590.667724609375 590.797912597656 589.624572753906 589.21923828125 590.977722167969 589.622741699219 589.157531738281 589.827453613281 588.023010253906 587.992858886719 588.083923339844 587.653015136719 585.292114257812 583.7314453125 583.491149902344 583.456481933594 583.894958496094 585.544860839844 588.712036132812 591.267639160156 593.990173339844 596.426147460938 596.537475585938 597.799255371094 602.168334960938 604.850463867188 607.99609375
-3.4e+38 -3.4e+38 -3.4e+38 -3.4e+38 -3.4e+38 -3.4e+38 -3.4e+38 -3.4e+38 -3.4e+38 -3.4e+38 -3.4e+38 -3.4e+38 -3.4e+38 -3.4e+38 587.414794921875 585.456726074219 584.659729003906 585.091857910156 587.01123046875 587.916564941406 588.317932128906 587.344299316406 587.380798339844 588.496215820312 586.877136230469 587.499694824219 587.3046875 585.985778808594 586.040405273438 586.199096679688 585.239501953125 585.509704589844 585.064575195312 585.073059082031 584.537414550781 581.390808105469 580.270751953125 580.993530273438 580.566345214844 581.840148925781 583.712585449219 586.373229980469 588.393188476562 590.286682128906 591.762390136719 594.011962890625 595.513671875 598.838439941406 602.278930664062
-3.4e+38 -3.4e+38 -3.4e+38 -3.4e+38 -3.4e+38 -3.4e+38 -3.4e+38 -3.4e+38 -3.4e+38 584.725646972656 586.1357421875 584.402954101562 583.588684082031 585.072326660156 585.299133300781 582.548034667969 581.8623046875 582.691589355469 583.966613769531 584.068603515625 583.426513671875 582.595275878906 583.084533691406 584.635864257812 583.600769042969 583.416259765625 583.204223632812 582.951904296875 582.907531738281 583.690734863281 583.486877441406 583.346435546875 584.346862792969 583.488708496094 583.103515625 581.722473144531 581.252563476562 579.752197265625 577.456970214844 577.045532226562 578.251892089844 582.012084960938 583.974304199219 584.125671386719 587.588256835938 588.97607421875 590.098449707031 593.230529785156 596.225463867188
-3.4e+38 -3.4e+38 -3.4e+38 -3.4e+38 582.906127929688 581.0458984375 580.62841796875 580.284912109375 579.685729980469 581.232849121094 580.652282714844 578.757568359375 580.784057617188 582.122619628906 581.200500488281 578.454406738281 577.4677734375 577.984008789062 580.384094238281 579.919494628906 579.731140136719 579.228271484375 579.111755371094 580.465942382812 581.018371582031 580.564086914062 580.078918457031 580.87646484375 580.283935546875 580.813720703125 579.104675292969 580.268371582031 580.811157226562 579.619506835938 579.652954101562 579.754333496094 579.86865234375 579.120910644531 577.238586425781 574.576110839844 575.36572265625 577.843139648438 580.225769042969 580.877868652344 583.077392578125 584.736572265625 585.447143554688 587.648742675781 589.260131835938
580.780395507812 579.655944824219 579.520935058594 580.979675292969 578.809020996094 578.654602050781 579.044677734375 578.242431640625 576.467529296875 578.329650878906 576.379577636719 577.459167480469 577.000427246094 576.797790527344 576.9404296875 574.730590820312 573.315612792969 573.760559082031 576.565673828125 576.30810546875 576.21142578125 576.21533203125 576.433654785156 577.613586425781 578.143188476562 577.103698730469 576.285583496094 575.917114257812 577.164184570312 577.818359375 576.616455078125 577.164428710938 577.505432128906 576.716613769531 577.430053710938 577.759338378906 576.400817871094 573.698547363281 571.902282714844 570.160583496094 570.660034179688 573.489135742188 575.788513183594 574.158874511719 577.831420898438 581.204467773438 581.933044433594 584.078369140625 584.7158203125
578.314697265625 577.706970214844 579.027709960938 578.605651855469 575.704772949219 576.213073730469 576.181457519531 576.160522460938 574.211303710938 574.657287597656 574.396301269531 574.362365722656 573.803771972656 573.23095703125 573.333557128906 571.085144042969 569.292602539062 569.479431152344 573.015625 574.223876953125 572.832153320312 573.082153320312 572.876586914062 573.268188476562 574.794677734375 573.259399414062 572.321960449219 572.905700683594 573.734375 574.126831054688 573.88623046875 574.712158203125 574.688049316406 573.912353515625 574.588989257812 574.157531738281 571.475341796875 569.704284667969 568.798767089844 566.648742675781 565.730529785156 567.440734863281 571.015075683594 570.367431640625 574.934143066406 576.757934570312 576.9267578125 577.659057617188 579.033142089844
575.526245117188 576.539367675781 576.750244140625 575.250610351562 573.273864746094 573.010009765625 572.608642578125 571.973083496094 572.044921875 571.706115722656 570.723327636719 568.693725585938 570.412475585938 569.637084960938 570.248046875 568.4736328125 565.847351074219 568.042785644531 570.173217773438 569.170593261719 568.904968261719 569.250427246094 566.705200195312 568.043884277344 570.870727539062 568.872924804688 567.086791992188 570.103332519531 570.345642089844 571.649108886719 570.635192871094 571.675842285156 571.590576171875 572.183166503906 572.929504394531 570.263732910156 568.11669921875 568.145385742188 567.288635253906 562.800964355469 561.45849609375 562.348510742188 565.178344726562 566.333129882812 570.409729003906 571.464050292969 572.968322753906 574.272094726562 575.931640625
571.514404296875 573.828674316406 572.6884765625 570.869018554688 569.349792480469 568.98486328125 567.670349121094 567.771789550781 568.660461425781 567.106262207031 566.075256347656 566.07177734375 566.372192382812 566.837341308594 566.620483398438 564.703308105469 564.27685546875 565.204345703125 565.108642578125 564.307922363281 564.551452636719 564.182495117188 561.950012207031 563.500732421875 565.076721191406 562.567199707031 561.484436035156 565.378356933594 567.21533203125 567.756591796875 567.742431640625 568.578735351562 568.540771484375 568.919555664062 568.790100097656 566.899047851562 566.066223144531 565.4248046875 563.914428710938 560.651245117188 557.48681640625 556.56689453125 558.088684082031 562.821228027344 565.764343261719 567.389038085938 567.994506835938 572.094604492188 575.030944824219
567.1181640625 568.952270507812 566.593505859375 565.607788085938 565.591125488281 563.9169921875 563.643676757812 563.886291503906 563.8740234375 563.1796875 564.279174804688 562.749450683594 560.682067871094 562.931213378906 562.000122070312 560.18359375 559.57470703125 559.013732910156 559.796997070312 560.960815429688 560.072326660156 558.353759765625 557.109069824219 558.903991699219 558.479370117188 557.29638671875 558.524719238281 561.481872558594 563.798461914062 564.302490234375 565.056640625 565.094116210938 565.624267578125 565.454162597656 565.196472167969 563.926696777344 561.503784179688 561.654907226562 562.066589355469 559.949279785156 554.553466796875 554.52978515625 556.065979003906 559.536499023438 560.431945800781 562.386779785156 564.372802734375 566.60107421875 569.834838867188
561.577880859375 561.940612792969 559.890686035156 558.605590820312 559.085144042969 558.301818847656 558.291320800781 557.915649414062 557.155456542969 556.128601074219 557.987182617188 557.698547363281 557.886779785156 558.750305175781 557.09130859375 555.1591796875 555.423095703125 554.327209472656 554.947326660156 554.501220703125 552.714965820312 552.206481933594 553.824523925781 553.491088867188 552.224304199219 553.505554199219 554.648254394531 557.611694335938 559.55859375 559.232543945312 558.376770019531 558.415466308594 558.166076660156 557.347961425781 558.001342773438 557.169982910156 556.753173828125 560.371704101562 560.908142089844 560.057556152344 556.284057617188 554.987731933594 554.843505859375 557.934448242188 559.920715332031 560.626403808594 562.304077148438 562.859924316406 565.471008300781
555.39599609375 557.551574707031 556.713500976562 553.628601074219 553.724914550781 552.620178222656 553.346801757812 553.871948242188 552.9775390625 551.193420410156 553.700500488281 553.592102050781 551.8125 554.413208007812 553.175476074219 550.660461425781 551.782836914062 550.635437011719 549.088073730469 548.615356445312 547.784912109375 548.014221191406 550.036376953125 549.464538574219 549.289428710938 550.050842285156 551.474914550781 554.313842773438 554.83203125 554.744201660156 555.21826171875 554.853515625 554.846313476562 554.906799316406 556.228881835938 555.951110839844 556.741455078125 559.456848144531 557.486938476562 556.938232421875 555.361083984375 552.152038574219 552.270874023438 556.852416992188 559.961181640625 563.041259765625 565.315551757812 565.249755859375 565.392700195312
549.2197265625 550.4794921875 550.578979492188 548.538879394531 548.43603515625 546.849731445312 544.373474121094 547.126220703125 547.538024902344 548.714050292969 549.691772460938 548.26513671875 548.518127441406 550.935852050781 548.4619140625 546.788940429688 547.754333496094 546.688842773438 543.910766601562 544.040832519531 544.346313476562 543.71875 543.448486328125 543.241455078125 546.712951660156 546.046875 547.941101074219 550.261901855469 549.918151855469 550.633728027344 552.588562011719 552.437561035156 551.968322753906 552.811706542969 553.477661132812 552.550415039062 549.193664550781 550.753662109375 552.742065429688 553.336059570312 552.753784179688 549.615600585938 547.924011230469 554.668640136719 558.940246582031 561.288452148438 562.485717773438 563.73583984375 565.318054199219
545.242736816406 542.69873046875 543.138488769531 542.740844726562 542.154235839844 538.464111328125 539.0888671875 541.194091796875 542.815185546875 543.6982421875 544.380981445312 543.501098632812 543.759826660156 545.845947265625 542.343139648438 541.28271484375 544.101745605469 543.018798828125 539.37451171875 540.440734863281 540.070739746094 539.316955566406 538.201721191406 538.649169921875 541.763000488281 542.874328613281 544.199035644531 544.483032226562 544.328002929688 544.71044921875 545.6904296875 547.290649414062 548.250732421875 548.332153320312 548.541259765625 546.638549804688 543.153015136719 544.443237304688 546.427490234375 548.252868652344 550.650085449219 547.816589355469 543.421875 549.301574707031 553.716491699219 557.436584472656 559.543579101562 560.162963867188 560.317321777344
540.498168945312 537.276733398438 535.626220703125 534.838439941406 533.070678710938 531.370361328125 532.862487792969 535.169128417969 537.918334960938 538.284362792969 538.329162597656 538.749755859375 539.801147460938 540.978271484375 537.368530273438 537.419921875 539.7119140625 537.029541015625 535.475891113281 536.108642578125 534.23486328125 535.059204101562 534.922058105469 533.604675292969 535.284362792969 538.2021484375 538.148193359375 539.286499023438 540.223449707031 540.397277832031 541.656799316406 542.575744628906 543.147766113281 544.386474609375 544.918212890625 544.498168945312 538.737487792969 536.5986328125 538.065124511719 540.98291015625 546.008605957031 545.282470703125 540.033874511719 543.673706054688 547.111083984375 550.134887695312 553.181274414062 555.957397460938 556.995666503906
534.424255371094 533.389038085938 530.80517578125 528.502197265625 527.356079101562 526.073303222656 526.415771484375 529.329223632812 531.639282226562 534.147521972656 532.47705078125 532.331420898438 535.572326660156 536.421569824219 534.13330078125 533.439453125 534.829406738281 533.668395996094 532.983215332031 530.988525390625 529.92822265625 530.354125976562 527.852416992188 527.836364746094 530.582275390625 531.93359375 531.797058105469 534.672241210938 535.317138671875 535.04296875 536.547180175781 537.721496582031 538.515625 538.646118164062 539.266845703125 541.17822265625 536.077087402344 530.826599121094 531.953979492188 534.229736328125 538.226318359375 538.6923828125 536.660034179688 539.281311035156 542.849426269531 544.470336914062 545.443725585938 546.956909179688 547.081848144531
529.757507324219 529 528.162048339844 526.990539550781 525.236267089844 523.689636230469 523.207885742188 524.019897460938 524.541015625 526.7333984375 526.932556152344 526.213195800781 529.055847167969 530.479064941406 528.380676269531 528.92138671875 530.867858886719 530.611999511719 529.978088378906 527.527160644531 526.006164550781 525.400817871094 522.820556640625 524.733032226562 527.0947265625 525.769897460938 524.919311523438 528.1806640625 530.30322265625 529.513061523438 530.71875 531.036071777344 529.485290527344 529.341918945312 531.230285644531 533.157409667969 531.605224609375 529.506042480469 529.297241210938 529.555603027344 531.706420898438 534.112731933594 532.420837402344 534.144470214844 537.922058105469 538.735290527344 540.061462402344 541.114929199219 539.861083984375
521.576538085938 519.564453125 520.124206542969 519.902221679688 520.345458984375 522.370483398438 522.600769042969 519.720092773438 520.241821289062 521.81787109375 521.264953613281 519.535400390625 520.440246582031 524.036865234375 523.771545410156 524.236328125 524.287231445312 523.536376953125 523.581848144531 522.743347167969 522.533020019531 520.851318359375 518.93994140625 519.0107421875 518.891845703125 517.173706054688 516.134216308594 516.877197265625 518.312133789062 519.7998046875 518.513366699219 520.119873046875 519.269592285156 519.491943359375 523.436096191406 524.747741699219 525.338012695312 526.754028320312 527.232177734375 525.433410644531 526.3388671875 529.429443359375 527.856201171875 527.58447265625 530.258911132812 533.431823730469 534.265502929688 535.102722167969 536.191101074219
516.218200683594 514.443969726562 514.617797851562 515.047424316406 513.07958984375 514.989440917969 517.650939941406 516.23681640625 516.207763671875 515.768920898438 515.518981933594 515.89404296875 517.625366210938 519.981994628906 521.751220703125 520.259704589844 519.931030273438 520.106872558594 520.043090820312 518.799926757812 518.47412109375 515.709411621094 512.221557617188 512.208312988281 511.3837890625 509.738647460938 509.934661865234 511.514190673828 511.610107421875 511.907775878906 512.490051269531 512.551635742188 513.554565429688 515.369445800781 517.843933105469 520.111145019531 521.365600585938 522.100646972656 524.225524902344 523.305480957031 521.765014648438 523.064025878906 523.454833984375 523.712951660156 526.210815429688 528.471130371094 528.095458984375 529.272094726562 529.088928222656
