rasterData/Niger_bio10.asc
NCOLS 190 
NROWS 142 
XLLCORNER 0.152941121 
YLLCORNER 11.695773031 
CELLSIZE 0.0832493725157895 
NODATA_value -3.4e+38 
[rows 44 to 65 of 142, columns 98 to 146 of 190]
32.9996681213379 32.8120002746582 32.5725021362305 32.1443328857422 30.8730010986328 30.9538326263428 31.2071666717529 31.4621677398682 31.6748332977295 31.7794990539551 31.8516654968262 31.97483253479 32.1308326721191 32.2719993591309 32.4505004882812 32.5914993286133 32.6813354492188 32.7070007324219 32.769832611084 32.8334999084473 32.9124984741211 33.0011672973633 33.0786666870117 33.1318321228027 33.162166595459 33.1915016174316 33.2318344116211 33.2761650085449 33.4008331298828 33.5039978027344 33.5205001831055 33.4926681518555 33.497501373291 33.5470008850098 33.6126670837402 33.6771659851074 33.7294998168945 33.783332824707 33.7963333129883 33.8118324279785 33.833667755127 33.8401679992676 33.7724990844727 33.6863327026367 33.6483306884766 33.6375007629395 33.8013343811035 33.7480010986328 33.8068313598633
33.0411682128906 32.683666229248 32.2631683349609 31.9500007629395 31.441333770752 31.4001655578613 31.4926662445068 31.6263332366943 31.7379989624023 32.005500793457 32.0369987487793 32.0288314819336 32.1718330383301 32.3153343200684 32.4466667175293 32.5683326721191 32.6298332214355 32.6889991760254 32.776668548584 32.8468322753906 32.9403343200684 33.0250015258789 33.056999206543 33.1043319702148 33.1206665039062 33.1468315124512 33.1865005493164 33.21533203125 33.2843322753906 33.4283332824707 33.4883346557617 33.496997833252 33.5398330688477 33.5665016174316 33.6136665344238 33.6846656799316 33.7470016479492 33.7665023803711 33.7851676940918 33.7933349609375 33.7840003967285 33.7586669921875 33.7338333129883 33.6774978637695 33.6221656799316 33.5984992980957 33.6754989624023 33.7664985656738 33.6411666870117
32.6966667175293 32.4645004272461 32.1378326416016 32.0791664123535 31.6868324279785 31.511999130249 31.6176662445068 31.8610000610352 31.9609985351562 32.1776657104492 32.1578330993652 32.1453323364258 32.2148323059082 32.3343353271484 32.4166679382324 32.5136680603027 32.6040000915527 32.6918334960938 32.7815017700195 32.8898315429688 32.9606666564941 33.0301666259766 33.0485000610352 33.0876655578613 33.1009979248047 33.107666015625 33.1455001831055 33.1835021972656 33.2668342590332 33.3779983520508 33.4830017089844 33.5566673278809 33.5800018310547 33.5839996337891 33.6215019226074 33.6748352050781 33.720832824707 33.7488327026367 33.7560005187988 33.7458343505859 33.7433319091797 33.716667175293 33.6774978637695 33.6333351135254 33.6151657104492 33.6245002746582 33.577335357666 33.603832244873 33.5281677246094
32.7679977416992 32.5644989013672 32.173999786377 32.1401672363281 31.7329998016357 31.4601669311523 31.5621662139893 31.7999992370605 32.0376663208008 32.3255004882812 32.4211654663086 32.375 32.2466659545898 32.3241653442383 32.4529991149902 32.5596656799316 32.6523323059082 32.7454986572266 32.8288345336914 32.9081649780273 32.9651679992676 33.0156669616699 33.0538330078125 33.1013336181641 33.09716796875 33.1431655883789 33.2019996643066 33.2799987792969 33.3671646118164 33.4495010375977 33.5273323059082 33.5716667175293 33.5978355407715 33.6151657104492 33.6383323669434 33.6568336486816 33.7036666870117 33.7188339233398 33.7201652526855 33.7080001831055 33.6769981384277 33.6878318786621 33.6616668701172 33.6570014953613 33.6416664123535 33.5498352050781 33.5238342285156 33.5694999694824 33.4710006713867
32.7713317871094 32.6533317565918 32.364501953125 32.1455001831055 31.72483253479 31.5378341674805 31.4891662597656 31.6428337097168 31.871166229248 32.1399993896484 32.343334197998 32.4133338928223 32.2744979858398 32.3196678161621 32.4646682739258 32.5629997253418 32.6588325500488 32.75 32.8306655883789 32.9034996032715 32.9531669616699 33.037166595459 33.0696678161621 33.0900001525879 33.1230010986328 33.1976661682129 33.2866668701172 33.3413352966309 33.4285011291504 33.5231666564941 33.5564994812012 33.5584983825684 33.5805015563965 33.6030006408691 33.6218338012695 33.6206665039062 33.6533355712891 33.6778335571289 33.6860008239746 33.6931686401367 33.683666229248 33.695499420166 33.6738319396973 33.5966644287109 33.5516662597656 33.5325012207031 33.5069999694824 33.3990020751953 33.3465003967285
32.8556671142578 32.7258338928223 32.5923347473145 32.3968315124512 31.9388332366943 31.5653343200684 31.7094993591309 31.7583332061768 31.9681663513184 32.1426658630371 32.2789993286133 32.3851661682129 32.3398323059082 32.3316688537598 32.4363327026367 32.5431671142578 32.6293334960938 32.7083358764648 32.8129997253418 32.9020004272461 32.945499420166 32.9953346252441 33.0323333740234 33.1016654968262 33.1618347167969 33.248664855957 33.3219985961914 33.3761672973633 33.4796676635742 33.5336685180664 33.5654983520508 33.5686645507812 33.5898323059082 33.5685005187988 33.576831817627 33.5794982910156 33.6028327941895 33.6418342590332 33.6549987792969 33.6613349914551 33.6268348693848 33.628833770752 33.5548324584961 33.507999420166 33.482666015625 33.4821662902832 33.4566650390625 33.4128341674805 33.3413314819336
33.0643348693848 32.9638328552246 32.52783203125 31.4448337554932 30.1141662597656 30.4244995117188 31.4941673278809 32.2663345336914 32.5423316955566 32.238166809082 32.3030014038086 32.3235015869141 32.376335144043 32.4508323669434 32.4423332214355 32.5186653137207 32.6516647338867 32.7280006408691 32.8325004577637 32.921501159668 32.9679985046387 33.0473327636719 33.1110000610352 33.1561660766602 33.2256660461426 33.2801666259766 33.3274993896484 33.3781661987305 33.4536666870117 33.498664855957 33.5628318786621 33.5789985656738 33.5676651000977 33.5676651000977 33.5813331604004 33.5961685180664 33.6023330688477 33.5961647033691 33.610164642334 33.5970001220703 33.5644989013672 33.5246658325195 33.466667175293 33.4340019226074 33.4379997253418 33.4071655273438 33.412166595459 33.3745002746582 33.2868347167969
33.3281669616699 32.9271659851074 31.7641658782959 29.7334995269775 28.8530006408691 28.7770004272461 28.6303329467773 31.7954998016357 32.365665435791 32.1791687011719 32.1054992675781 32.1616668701172 32.3313331604004 32.6025009155273 32.7016677856445 32.7138328552246 32.7121658325195 32.7796669006348 32.8663330078125 32.9498329162598 32.9949989318848 33.0686645507812 33.1235008239746 33.1726684570312 33.2151679992676 33.2638320922852 33.308666229248 33.3474998474121 33.40283203125 33.4626655578613 33.503833770752 33.5626678466797 33.5833320617676 33.5653343200684 33.5528335571289 33.5698318481445 33.5821647644043 33.5401649475098 33.5186653137207 33.4938316345215 33.4401664733887 33.4643325805664 33.3671646118164 33.3310012817383 33.3281669616699 33.3929977416992 33.4406661987305 33.2893333435059 33.2281646728516
33.5488357543945 33.0911674499512 30.3776664733887 28.9276657104492 28.325834274292 28.636833190918 29.3666667938232 31.6556663513184 32.0629997253418 32.0708351135254 32.1136665344238 32.1358337402344 32.4521675109863 32.7350006103516 32.7226676940918 32.6933326721191 32.8091659545898 32.8566665649414 32.9218330383301 32.9688339233398 33.0074996948242 33.0616683959961 33.1046676635742 33.1643333435059 33.2019996643066 33.2425003051758 33.2869987487793 33.3156661987305 33.3498344421387 33.3935012817383 33.4778327941895 33.5509986877441 33.5488319396973 33.5283317565918 33.510498046875 33.5056686401367 33.507999420166 33.4814987182617 33.4728317260742 33.4636650085449 33.3741683959961 33.3448333740234 33.3001670837402 33.2801666259766 33.2886657714844 33.3720016479492 33.3969993591309 33.3003311157227 33.2179985046387
33.4508323669434 33.310001373291 31.7035007476807 27.855167388916 27.7080001831055 28.5725002288818 29.9804992675781 31.9626655578613 31.4910011291504 30.3255004882812 31.8813323974609 32.2531661987305 32.688835144043 32.5390014648438 32.4980010986328 32.6686668395996 32.8231658935547 32.9118347167969 32.954833984375 32.9748344421387 33.0196685791016 33.0826683044434 33.1411666870117 33.1599998474121 33.1894989013672 33.2345008850098 33.2678337097168 33.2761650085449 33.3128318786621 33.3451652526855 33.4169998168945 33.4778327941895 33.5221672058105 33.4896659851074 33.441333770752 33.4264984130859 33.4471664428711 33.4463348388672 33.4268341064453 33.4049987792969 33.3559989929199 33.2919998168945 33.2804985046387 33.2493324279785 33.2044982910156 33.2273330688477 33.2620010375977 33.2941665649414 33.2714996337891
33.2975006103516 33.0810012817383 32.3074989318848 30.174165725708 30.175500869751 30.1371669769287 28.904333114624 30.6035003662109 29.7588329315186 29.4738330841064 31.082332611084 32.701000213623 32.8738327026367 32.4425010681152 32.6093330383301 32.8925018310547 32.9406661987305 33.0081672668457 32.9943313598633 33.0113334655762 33.057502746582 33.1066665649414 33.1256675720215 33.1370010375977 33.1559982299805 33.1796684265137 33.1846656799316 33.2425003051758 33.3021659851074 33.316333770752 33.3675003051758 33.4511680603027 33.453498840332 33.4218330383301 33.3766670227051 33.3848342895508 33.4116668701172 33.4043350219727 33.3583335876465 33.3503341674805 33.3334999084473 33.2723350524902 33.2066650390625 33.1441688537598 33.1251678466797 33.1404991149902 33.1510009765625 33.1640014648438 33.1901664733887
33.1995010375977 32.8666687011719 32.8836669921875 32.235164642334 30.1138343811035 30.4838333129883 30.6201667785645 31.1903343200684 30.2808322906494 30.0651664733887 31.5249996185303 32.5390014648438 31.8193321228027 31.4756660461426 32.3386688232422 32.9523315429688 32.925666809082 33.0088348388672 33.0585021972656 33.0543327331543 33.0678329467773 33.0748329162598 33.0888328552246 33.1216659545898 33.1671676635742 33.1496658325195 33.1865005493164 33.2304992675781 33.2903327941895 33.3224983215332 33.3478317260742 33.4184989929199 33.3846664428711 33.3703346252441 33.3575019836426 33.3658332824707 33.3721656799316 33.3738327026367 33.3466682434082 33.3320007324219 33.3354988098145 33.2063331604004 33.1426658630371 33.122501373291 33.1036682128906 33.066333770752 33.0403327941895 33.0349998474121 33.0661659240723
32.6726684570312 32.6189994812012 32.5521659851074 32.1053314208984 30.6018333435059 31.4306659698486 31.4836673736572 31.5096664428711 31.3968334197998 32.0999984741211 32.4593353271484 32.3779983520508 31.2543334960938 31.1639995574951 31.9151668548584 32.6180000305176 32.8844985961914 32.9761657714844 33.0436668395996 33.0540008544922 33.0541687011719 33.0491676330566 33.0555000305176 33.1338348388672 33.1548347473145 33.0536651611328 33.1341667175293 33.2355003356934 33.2996673583984 33.3530006408691 33.3778343200684 33.3781661987305 33.3940010070801 33.3735008239746 33.3491668701172 33.3395004272461 33.3535003662109 33.3504981994629 33.3233337402344 33.2464981079102 33.2980003356934 33.1551666259766 33.1025009155273 33.0733337402344 33.0486679077148 33.0133323669434 32.9791679382324 32.9768333435059 32.9934997558594
32.3969993591309 32.7353324890137 32.6284980773926 32.3504981994629 32.1198348999023 31.3781661987305 31.8043327331543 31.5729999542236 31.5336666107178 32.1165008544922 32.2031669616699 31.5531673431396 31.0178337097168 31.0891666412354 31.8315010070801 32.3289985656738 32.9184989929199 33.0366668701172 33.0601654052734 33.0898323059082 33.0865020751953 33.0641670227051 33.0693359375 33.257999420166 33.3721656799316 33.1636657714844 33.158332824707 33.2211685180664 33.2976684570312 33.3463325500488 33.3586654663086 33.3483352661133 33.3561668395996 33.3373336791992 33.3079986572266 33.3219985961914 33.3058319091797 33.264835357666 33.2104988098145 33.1686668395996 33.1515007019043 33.1096649169922 33.0473327636719 33.0013313293457 32.9705009460449 32.9668350219727 32.956169128418 32.956169128418 32.9668350219727
33.2258338928223 33.037166595459 32.8516654968262 32.6254997253418 31.3929996490479 31.5793323516846 31.9031677246094 31.5603332519531 31.5921669006348 31.7478332519531 31.6806659698486 31.13450050354 31.2479991912842 31.220832824707 31.0903339385986 31.6284999847412 32.7111663818359 33.0801658630371 33.0960006713867 33.1326675415039 33.0841674804688 33.037166595459 33.0761680603027 33.2773323059082 33.4993324279785 33.3751678466797 33.2180023193359 33.1725006103516 33.2060012817383 33.2531661987305 33.2826652526855 33.3073348999023 33.3283348083496 33.321834564209 33.2973327636719 33.2761688232422 33.2331657409668 33.1669998168945 33.117000579834 33.1020011901855 33.0528335571289 33.014331817627 32.9951667785645 32.9783325195312 32.957332611084 32.9576683044434 32.9486656188965 32.9379997253418 32.9529991149902
33.0936660766602 32.9179992675781 32.7900009155273 32.6311683654785 32.3344993591309 32.0493316650391 31.896333694458 31.707332611084 31.5424995422363 31.0949993133545 31.8883323669434 32.367000579834 32.0046653747559 31.8523330688477 31.3465003967285 31.6451663970947 32.701000213623 33.1590003967285 33.0841674804688 33.1636657714844 33.1273345947266 33.046501159668 33.0171661376953 33.077335357666 33.3346672058105 33.2911682128906 33.1365013122559 33.1100006103516 33.1258316040039 33.1661682128906 33.2346687316895 33.2688331604004 33.2668342590332 33.2569999694824 33.2350006103516 33.160831451416 33.1141662597656 33.1086654663086 33.0909996032715 33.0596656799316 33.0023345947266 32.9780006408691 32.9668350219727 32.9486656188965 32.9333343505859 32.9216690063477 32.9216690063477 32.8926658630371 32.8716659545898
33.1386680603027 32.9866676330566 32.800666809082 32.6450004577637 32.3038330078125 31.7954998016357 30.3766670227051 31.3793334960938 31.5578327178955 31.4831657409668 32.2376670837402 32.7719993591309 32.630500793457 32.5206680297852 31.9181671142578 31.7863330841064 32.5706672668457 33.0833320617676 33.0166664123535 33.1943359375 33.1778335571289 33.0659980773926 32.9953308105469 32.9988327026367 33.1085014343262 33.117000579834 33.0766677856445 33.082332611084 33.0914993286133 33.1149978637695 33.1903343200684 33.2068328857422 33.2043342590332 33.1565017700195 33.091667175293 33.0546684265137 33.0774993896484 33.0725021362305 33.0581665039062 33.0151672363281 32.9635009765625 32.9346656799316 32.9143333435059 32.8943328857422 32.8756675720215 32.8473320007324 32.8381652832031 32.841667175293 32.8660011291504
33.0478324890137 32.8931655883789 32.6751670837402 32.4448318481445 32.1878318786621 31.4946670532227 30.0846672058105 30.9446659088135 31.3341674804688 31.4213333129883 32.2601661682129 32.5768356323242 32.9373321533203 33.0081672668457 32.3791656494141 32.0063323974609 32.3815002441406 33.029167175293 33.0381660461426 33.1416664123535 33.173999786377 33.1049995422363 33.0583343505859 33.0438346862793 33.1011657714844 33.1148338317871 33.0821685791016 33.0501670837402 33.0388336181641 33.1078338623047 33.1459999084473 33.138500213623 33.1063346862793 33.0535011291504 33.0139999389648 33.015998840332 33.0099983215332 33.014331817627 33.0153350830078 32.9716682434082 32.8986663818359 32.8569984436035 32.8494987487793 32.8360023498535 32.8084983825684 32.8118324279785 32.8105010986328 32.8190002441406 32.8385009765625
32.8704986572266 32.3443336486816 31.9918327331543 31.8391666412354 31.7693328857422 31.353666305542 30.9153327941895 31.0011653900146 31.30299949646 31.5114994049072 31.9770011901855 32.4421653747559 32.695499420166 33.0480003356934 33.0131683349609 32.8673324584961 33.1133346557617 33.1580009460449 33.1111679077148 33.1593322753906 33.1456680297852 33.087833404541 33.0841674804688 33.1196670532227 33.1151657104492 33.1209983825684 33.1269989013672 33.0973320007324 33.0820007324219 33.0973358154297 33.0995025634766 33.0661659240723 33.045166015625 33.0193328857422 32.994499206543 32.9630012512207 32.9551658630371 32.9723358154297 33.0631675720215 32.8939971923828 32.7986679077148 32.7859992980957 32.8023338317871 32.7916679382324 32.7849998474121 32.796501159668 32.7955017089844 32.7830009460449 32.7775001525879
32.9505004882812 32.4306678771973 31.9814987182617 31.6614990234375 29.3526668548584 30.6228332519531 30.4916667938232 31.2019996643066 31.7173328399658 31.9619998931885 32.4388313293457 32.6371650695801 32.7181663513184 32.9966659545898 33.0221672058105 33.0696678161621 33.1061668395996 33.1389999389648 33.1316680908203 33.0634994506836 33.079833984375 33.0511665344238 33.0740013122559 33.0993347167969 33.0880012512207 33.0946655273438 33.0924987792969 33.1198348999023 33.0803337097168 33.0735015869141 33.0531692504883 33.03466796875 33.0078315734863 32.9946670532227 32.9673347473145 32.9471664428711 32.9386672973633 32.9389991760254 33.019832611084 33.0209999084473 32.7750015258789 32.7641677856445 32.7686653137207 32.7825012207031 32.78466796875 32.7911682128906 32.7854995727539 32.7755012512207 32.772834777832
33.1311645507812 32.4485015869141 32.3506660461426 32.0496673583984 29.2693328857422 29.9966659545898 29.7956657409668 31.1598339080811 31.7598323822021 32.0764999389648 32.3841667175293 32.5186653137207 32.6458358764648 32.7471656799316 32.9946670532227 33.0270004272461 32.9968338012695 33.0121650695801 33.0491676330566 33.0745010375977 33.0698318481445 33.0229988098145 33.0171661376953 33.0084991455078 32.9970016479492 33.0146675109863 33.0091667175293 33.039665222168 33.038501739502 33.0200004577637 32.9794998168945 32.977165222168 32.951831817627 32.9393310546875 32.935001373291 32.9355010986328 32.9193344116211 32.9124984741211 32.9519996643066 33.0699996948242 32.7718315124512 32.7458343505859 32.7695007324219 32.7750015258789 32.7683334350586 32.764331817627 32.7418327331543 32.7433319091797 32.7275009155273
32.2569999694824 32.4783325195312 32.1873321533203 31.9908332824707 31.3546657562256 29.871000289917 29.308666229248 30.7105007171631 31.3906669616699 31.925666809082 32.1801681518555 32.372501373291 32.5421676635742 32.6906661987305 32.734001159668 33.0805015563965 33.0636672973633 33.0368347167969 33.0383338928223 33.0616683959961 33.0203323364258 32.9640007019043 32.9591674804688 32.9566650390625 32.9498329162598 32.9954986572266 32.9988327026367 33.0328330993652 32.9785003662109 32.9421653747559 32.9398345947266 32.9408340454102 32.9138336181641 32.9038352966309 32.8981666564941 32.8930015563965 32.8746681213379 32.8506660461426 32.8453330993652 32.8908348083496 32.7615013122559 32.7486686706543 32.7656669616699 32.7360000610352 32.7088317871094 32.7148323059082 32.7068328857422 32.6686668395996 32.6193351745605
