rasterData/Niger_bio4.asc
NCOLS 190 
NROWS 142 
XLLCORNER 0.152941121 
YLLCORNER 11.695773031 
CELLSIZE 0.0832493725157895 
NODATA_value -3.4e+38 
[rows 110 to 131 of 142, columns 98 to 146 of 190]
348.216339111328 349.297210693359 350.116607666016 351.383178710938 351.252593994141 354.202667236328 355.860778808594 355.427185058594 354.778411865234 355.90673828125 357.001953125 355.212677001953 354.215484619141 356.843658447266 356.294738769531 355.6962890625 353.350830078125 348.2490234375 348.003479003906 349.390014648438 349.877746582031 350.693084716797 354.317718505859 356.705932617188 360.37451171875 359.961853027344 361.647491455078 365.450073242188 369.475830078125 371.947540283203 374.975463867188 378.444641113281 380.849945068359 384.478515625 387.593872070312 390.703582763672 394.533721923828 397.217895507812 399.925262451172 403.902038574219 406.589447021484 409.583435058594 411.108673095703 413.982269287109 415.528533935547 417.38037109375 419.680603027344 421.644317626953 424.257873535156
347.790863037109 349.640899658203 351.585723876953 351.378326416016 352.281311035156 354.306671142578 356.198852539062 356.097137451172 355.529907226562 358.030456542969 358.633209228516 357.309631347656 358.442413330078 360.09765625 359.433471679688 359.08447265625 357.239044189453 354.384765625 353.131713867188 353.262664794922 352.314880371094 351.601898193359 350.996826171875 351.185699462891 354.834655761719 357.511627197266 360.059356689453 363.718963623047 366.9482421875 369.552551269531 372.041809082031 375.367828369141 378.623199462891 382.552398681641 385.686737060547 388.304107666016 392.332305908203 395.885528564453 397.780426025391 400.486633300781 404.043792724609 406.954681396484 409.744598388672 412.384826660156 413.541717529297 416.749816894531 418.527862548828 420.239044189453 422.048675537109
347.151794433594 348.930206298828 351.265869140625 352.294616699219 354.961212158203 356.738861083984 357.594696044922 355.949951171875 356.59521484375 357.739013671875 359.442779541016 360.055480957031 361.907684326172 362.296356201172 361.484313964844 358.963714599609 359.537139892578 357.768463134766 356.954132080078 355.196929931641 354.379333496094 352.725799560547 348.375122070312 347.320007324219 352.004180908203 353.847442626953 355.822174072266 358.568237304688 363.352447509766 366.092071533203 368.33154296875 371.580535888672 375.006927490234 379.635101318359 382.757385253906 386.463043212891 389.413238525391 392.820037841797 395.675537109375 398.774078369141 401.580902099609 404.459655761719 405.885559082031 408.174926757812 410.414215087891 413.666473388672 415.635345458984 416.289886474609 416.720672607422
343.923675537109 345.734039306641 349.558288574219 353.050231933594 355.710174560547 358.936065673828 359.314086914062 357.982055664062 358.710662841797 357.074005126953 356.680725097656 359.617553710938 364.127410888672 362.995147705078 360.93896484375 357.127593994141 361.77001953125 359.210388183594 356.166625976562 355.1181640625 352.842956542969 348.222412109375 345.500152587891 345.673553466797 346.693939208984 347.995361328125 351.185302734375 355.846374511719 359.810333251953 361.518829345703 364.628173828125 369.078552246094 372.670318603516 376.094757080078 380.050598144531 384.515625 385.773620605469 387.918426513672 392.160919189453 393.908599853516 396.033050537109 399.452972412109 401.160278320312 402.815673828125 405.753631591797 408.298889160156 410.489837646484 411.261810302734 411.869873046875
343.736022949219 344.085662841797 347.639526367188 352.709533691406 355.929901123047 358.575408935547 361.433013916016 361.997161865234 361.877838134766 360.185150146484 361.761871337891 363.663208007812 366.182556152344 364.723175048828 364.231414794922 360.718017578125 358.666320800781 357.640411376953 354.85498046875 352.297973632812 345.559143066406 343.754028320312 341.934722900391 340.868804931641 344.508148193359 347.433898925781 349.634185791016 353.532196044922 356.283050537109 358.724151611328 362.913024902344 367.787109375 370.367340087891 372.807403564453 376.759887695312 381.360290527344 383.582366943359 386.299011230469 388.466613769531 391.552764892578 394.681091308594 397.109588623047 399.365020751953 400.662658691406 401.464660644531 403.382385253906 405.928649902344 407.124572753906 406.975799560547
340.76513671875 344.513488769531 347.091705322266 350.5029296875 354.751678466797 357.483001708984 361.669464111328 365.63671875 366.346466064453 364.390258789062 363.126007080078 364.363555908203 365.361663818359 364.467010498047 366.531311035156 362.234069824219 359.004333496094 356.438140869141 354.134490966797 351.119934082031 346.227294921875 342.736267089844 338.846710205078 339.207458496094 342.891815185547 346.067779541016 349.156036376953 352.372039794922 355.458526611328 358.151397705078 362.860229492188 365.606048583984 368.865020751953 371.550903320312 374.424407958984 380.137878417969 382.364715576172 384.997589111328 387.771179199219 391.860321044922 395.077941894531 397.436126708984 398.651184082031 398.681976318359 401.109710693359 401.4482421875 402.488189697266 403.487121582031 403.001007080078
340.821350097656 344.452087402344 346.963256835938 349.293304443359 351.737426757812 357.159881591797 364.801483154297 368.688751220703 369.772766113281 368.464172363281 365.986450195312 365.807250976562 361.353729248047 361.573394775391 365.811920166016 362.909698486328 358.915679931641 356.233184814453 354.058288574219 350.882873535156 345.065277099609 339.505706787109 337.385528564453 340.317565917969 342.3046875 346.146636962891 348.573150634766 351.131439208984 355.001190185547 357.011291503906 361.347778320312 364.117156982422 367.402160644531 372.244140625 375.691650390625 377.784912109375 378.680084228516 383.743835449219 386.610565185547 391.694610595703 395.992065429688 396.683685302734 395.583526611328 397.206787109375 400.868957519531 402.382537841797 401.661651611328 401.541534423828 400.334381103516
339.067291259766 340.676177978516 345.02099609375 349.363220214844 354.600402832031 359.8671875 365.329162597656 368.872344970703 370.380310058594 370.615447998047 369.126220703125 364.64111328125 359.669677734375 362.802703857422 362.637115478516 362.243774414062 359.713409423828 356.692321777344 352.730316162109 347.038757324219 340.897552490234 338.762481689453 339.433624267578 340.931884765625 342.987487792969 345.271606445312 349.023345947266 352.379516601562 353.170684814453 356.279144287109 359.297454833984 362.309631347656 367.412658691406 370.830169677734 372.172546386719 374.805633544922 378.741638183594 383.334686279297 387.189270019531 390.306182861328 393.164978027344 396.592254638672 398.213409423828 398.961578369141 398.180816650391 397.836975097656 398.135101318359 398.724761962891 397.33349609375
337.1513671875 340.416595458984 345.959869384766 350.122894287109 355.779327392578 361.896545410156 367.352813720703 368.960815429688 369.859832763672 371.026275634766 370.050567626953 364.277313232422 359.629730224609 358.884124755859 361.472290039062 361.015899658203 358.308410644531 355.896209716797 352.923858642578 348.856262207031 342.185791015625 339.099670410156 340.859405517578 343.695587158203 343.983154296875 345.589904785156 348.967132568359 351.375030517578 351.417114257812 352.892486572266 356.528625488281 360.307281494141 364.964233398438 367.519958496094 370.346527099609 375.661499023438 378.059692382812 381.423950195312 386.977416992188 387.798400878906 390.188140869141 394.290832519531 396.557250976562 396.463043212891 396.728546142578 397.970855712891 396.598388671875 394.907806396484 392.884368896484
336.682373046875 340.48876953125 345.234130859375 350.351989746094 356.4287109375 363.524200439453 367.896942138672 366.830108642578 369.733612060547 370.664215087891 370.207702636719 365.031982421875 360.759429931641 357.200561523438 360.063507080078 359.574127197266 356.116302490234 355.599151611328 353.381683349609 350.402130126953 344.535705566406 342.113403320312 339.626281738281 340.838500976562 342.068725585938 343.865417480469 347.341522216797 349.047393798828 350.085479736328 351.980316162109 355.529510498047 358.459289550781 362.845855712891 364.851715087891 369.330474853516 371.79443359375 373.150146484375 376.699249267578 382.662963867188 385.661834716797 387.058288574219 389.489593505859 392.58544921875 394.793884277344 395.180358886719 393.952239990234 391.517639160156 388.619506835938 390.176727294922
334.889526367188 341.908752441406 349.123657226562 352.647521972656 355.523071289062 362.390411376953 365.691741943359 365.409057617188 370.304901123047 369.748077392578 366.138336181641 362.289764404297 360.4873046875 362.403747558594 356.898498535156 358.352142333984 352.896301269531 354.027770996094 352.826171875 350.873382568359 347.696685791016 343.999359130859 341.174743652344 342.691162109375 341.754547119141 340.514923095703 343.705902099609 347.435424804688 348.847900390625 350.100555419922 352.284027099609 354.699249267578 358.319152832031 360.610015869141 364.067474365234 366.646728515625 370.327209472656 374.381134033203 379.537261962891 382.042236328125 384.606475830078 387.817199707031 389.331726074219 390.767730712891 390.377655029297 386.906036376953 386.343566894531 387.947021484375 390.412445068359
333.422943115234 340.194091796875 347.300201416016 353.887847900391 359.196258544922 364.18408203125 365.699188232422 366.879547119141 371.339660644531 371.995544433594 368.100555419922 362.731323242188 361.715698242188 363.624938964844 359.854705810547 359.026550292969 356.140899658203 355.0537109375 352.914428710938 351.589141845703 347.949584960938 343.601623535156 340.687896728516 342.227020263672 340.142669677734 341.593383789062 343.731628417969 345.66650390625 -3.4e+38 -3.4e+38 351.842102050781 352.705902099609 354.521667480469 355.905426025391 360.390045166016 364.365936279297 367.456146240234 370.904754638672 375.107696533203 377.958862304688 380.960906982422 383.417022705078 387.671539306641 388.754577636719 386.268127441406 383.401214599609 384.580871582031 386.814666748047 386.399566650391
330.601531982422 337.277435302734 345.845550537109 352.799163818359 358.779693603516 363.888610839844 368.283599853516 370.929962158203 373.588043212891 372.576507568359 369.696105957031 366.821075439453 366.494384765625 364.806304931641 361.578887939453 359.608215332031 357.662628173828 356.195556640625 353.778869628906 351.632843017578 346.925231933594 342.5302734375 340.824645996094 341.184600830078 -3.4e+38 -3.4e+38 -3.4e+38 -3.4e+38 -3.4e+38 -3.4e+38 -3.4e+38 -3.4e+38 -3.4e+38 -3.4e+38 -3.4e+38 -3.4e+38 -3.4e+38 -3.4e+38 -3.4e+38 -3.4e+38 -3.4e+38 378.850708007812 381.480407714844 384.649536132812 383.381378173828 381.088439941406 381.020538330078 383.302185058594 382.108306884766
326.616027832031 333.878662109375 343.86279296875 352.512786865234 359.842163085938 364.981079101562 369.088165283203 372.399719238281 373.802154541016 373.056030273438 371.623687744141 370.052307128906 367.926971435547 365.029327392578 362.749633789062 360.391448974609 358.230163574219 355.118377685547 352.749267578125 349.702819824219 345.512145996094 -3.4e+38 -3.4e+38 -3.4e+38 -3.4e+38 -3.4e+38 -3.4e+38 -3.4e+38 -3.4e+38 -3.4e+38 -3.4e+38 -3.4e+38 -3.4e+38 -3.4e+38 -3.4e+38 -3.4e+38 -3.4e+38 -3.4e+38 -3.4e+38 -3.4e+38 -3.4e+38 -3.4e+38 -3.4e+38 379.408782958984 381.145812988281 380.028472900391 378.731597900391 379.363006591797 379.726531982422
328.554656982422 333.794311523438 342.912628173828 351.17578125 357.230285644531 363.103515625 367.382904052734 370.325775146484 372.434692382812 372.621856689453 371.352691650391 370.228302001953 368.240478515625 365.586120605469 363.028717041016 360.540557861328 357.888092041016 354.809387207031 351.843994140625 -3.4e+38 -3.4e+38 -3.4e+38 -3.4e+38 -3.4e+38 -3.4e+38 -3.4e+38 -3.4e+38 -3.4e+38 -3.4e+38 -3.4e+38 -3.4e+38 -3.4e+38 -3.4e+38 -3.4e+38 -3.4e+38 -3.4e+38 -3.4e+38 -3.4e+38 -3.4e+38 -3.4e+38 -3.4e+38 -3.4e+38 -3.4e+38 -3.4e+38 -3.4e+38 376.113983154297 375.257019042969 374.247253417969 373.168212890625
-3.4e+38 -3.4e+38 -3.4e+38 346.708892822266 354.764587402344 362.830261230469 368.608093261719 371.534362792969 372.333831787109 371.763366699219 370.112640380859 368.105163574219 366.258422851562 364.537567138672 362.477386474609 359.267517089844 356.456512451172 353.264892578125 -3.4e+38 -3.4e+38 -3.4e+38 -3.4e+38 -3.4e+38 -3.4e+38 -3.4e+38 -3.4e+38 -3.4e+38 -3.4e+38 -3.4e+38 -3.4e+38 -3.4e+38 -3.4e+38 -3.4e+38 -3.4e+38 -3.4e+38 -3.4e+38 -3.4e+38 -3.4e+38 -3.4e+38 -3.4e+38 -3.4e+38 -3.4e+38 -3.4e+38 -3.4e+38 -3.4e+38 -3.4e+38 -3.4e+38 -3.4e+38 -3.4e+38
-3.4e+38 -3.4e+38 -3.4e+38 -3.4e+38 353.582061767578 361.545043945312 368.458618164062 371.927215576172 371.376983642578 369.886291503906 369.117736816406 366.453796386719 362.363250732422 359.881622314453 357.990875244141 355.827545166016 353.858032226562 -3.4e+38 -3.4e+38 -3.4e+38 -3.4e+38 -3.4e+38 -3.4e+38 -3.4e+38 -3.4e+38 -3.4e+38 -3.4e+38 -3.4e+38 -3.4e+38 -3.4e+38 -3.4e+38 -3.4e+38 -3.4e+38 -3.4e+38 -3.4e+38 -3.4e+38 -3.4e+38 -3.4e+38 -3.4e+38 -3.4e+38 -3.4e+38 -3.4e+38 -3.4e+38 -3.4e+38 -3.4e+38 -3.4e+38 -3.4e+38 -3.4e+38 -3.4e+38
-3.4e+38 -3.4e+38 -3.4e+38 -3.4e+38 -3.4e+38 -3.4e+38 364.656341552734 366.820922851562 367.656097412109 366.251068115234 364.421752929688 362.245910644531 359.776916503906 356.857208251953 355.785034179688 353.878234863281 -3.4e+38 -3.4e+38 -3.4e+38 -3.4e+38 -3.4e+38 -3.4e+38 -3.4e+38 -3.4e+38 -3.4e+38 -3.4e+38 -3.4e+38 -3.4e+38 -3.4e+38 -3.4e+38 -3.4e+38 -3.4e+38 -3.4e+38 -3.4e+38 -3.4e+38 -3.4e+38 -3.4e+38 -3.4e+38 -3.4e+38 -3.4e+38 -3.4e+38 -3.4e+38 -3.4e+38 -3.4e+38 -3.4e+38 -3.4e+38 -3.4e+38 -3.4e+38 -3.4e+38
-3.4e+38 -3.4e+38 -3.4e+38 -3.4e+38 -3.4e+38 -3.4e+38 -3.4e+38 -3.4e+38 -3.4e+38 -3.4e+38 -3.4e+38 -3.4e+38 -3.4e+38 -3.4e+38 -3.4e+38 -3.4e+38 -3.4e+38 -3.4e+38 -3.4e+38 -3.4e+38 -3.4e+38 -3.4e+38 -3.4e+38 -3.4e+38 -3.4e+38 -3.4e+38 -3.4e+38 -3.4e+38 -3.4e+38 -3.4e+38 -3.4e+38 -3.4e+38 -3.4e+38 -3.4e+38 -3.4e+38 -3.4e+38 -3.4e+38 -3.4e+38 -3.4e+38 -3.4e+38 -3.4e+38 -3.4e+38 -3.4e+38 -3.4e+38 -3.4e+38 -3.4e+38 -3.4e+38 -3.4e+38 -3.4e+38
-3.4e+38 -3.4e+38 -3.4e+38 -3.4e+38 -3.4e+38 -3.4e+38 -3.4e+38 -3.4e+38 -3.4e+38 -3.4e+38 -3.4e+38 -3.4e+38 -3.4e+38 -3.4e+38 -3.4e+38 -3.4e+38 -3.4e+38 -3.4e+38 -3.4e+38 -3.4e+38 -3.4e+38 -3.4e+38 -3.4e+38 -3.4e+38 -3.4e+38 -3.4e+38 -3.4e+38 -3.4e+38 -3.4e+38 -3.4e+38 -3.4e+38 -3.4e+38 -3.4e+38 -3.4e+38 -3.4e+38 -3.4e+38 -3.4e+38 -3.4e+38 -3.4e+38 -3.4e+38 -3.4e+38 -3.4e+38 -3.4e+38 -3.4e+38 -3.4e+38 -3.4e+38 -3.4e+38 -3.4e+38 -3.4e+38
-3.4e+38 -3.4e+38 -3.4e+38 -3.4e+38 -3.4e+38 -3.4e+38 -3.4e+38 -3.4e+38 -3.4e+38 -3.4e+38 -3.4e+38 -3.4e+38 -3.4e+38 -3.4e+38 -3.4e+38 -3.4e+38 -3.4e+38 -3.4e+38 -3.4e+38 -3.4e+38 -3.4e+38 -3.4e+38 -3.4e+38 -3.4e+38 -3.4e+38 -3.4e+38 -3.4e+38 -3.4e+38 -3.4e+38 -3.4e+38 -3.4e+38 -3.4e+38 -3.4e+38 -3.4e+38 -3.4e+38 -3.4e+38 -3.4e+38 -3.4e+38 -3.4e+38 -3.4e+38 -3.4e+38 -3.4e+38 -3.4e+38 -3.4e+38 -3.4e+38 -3.4e+38 -3.4e+38 -3.4e+38 -3.4e+38
-3.4e+38 -3.4e+38 -3.4e+38 -3.4e+38 -3.4e+38 -3.4e+38 -3.4e+38 -3.4e+38 -3.4e+38 -3.4e+38 -3.4e+38 -3.4e+38 -3.4e+38 -3.4e+38 -3.4e+38 -3.4e+38 -3.4e+38 -3.4e+38 -3.4e+38 -3.4e+38 -3.4e+38 -3.4e+38 -3.4e+38 -3.4e+38 -3.4e+38 -3.4e+38 -3.4e+38 -3.4e+38 -3.4e+38 -3.4e+38 -3.4e+38 -3.4e+38 -3.4e+38 -3.4e+38 -3.4e+38 -3.4e+38 -3.4e+38 -3.4e+38 -3.4e+38 -3.4e+38 -3.4e+38 -3.4e+38 -3.4e+38 -3.4e+38 -3.4e+38 -3.4e+38 -3.4e+38 -3.4e+38 -3.4e+38
