rasterData/Niger_bio10.asc
NCOLS 190 
NROWS 142 
XLLCORNER 0.152941121 
YLLCORNER 11.695773031 
CELLSIZE 0.0832493725157895 
NODATA_value -3.4e+38 
[rows 88 to 109 of 142, columns 98 to 146 of 190]
32.1853332519531 32.1608352661133 32.0868339538574 32.0463333129883 31.9090003967285 31.8626670837402 31.8274993896484 31.7285003662109 31.7161674499512 31.6851673126221 31.7439994812012 31.7913341522217 31.7691669464111 31.6568336486816 31.6151657104492 31.6068325042725 31.642333984375 31.5790004730225 31.5319995880127 31.5358333587646 31.5764999389648 31.6491661071777 31.681999206543 31.7406673431396 31.8121662139893 31.8129997253418 31.8041667938232 31.8751659393311 32.0076675415039 32.0508346557617 32.0633316040039 32.0766677856445 32.042667388916 32.0900001525879 32.2985000610352 32.3283348083496 32.0483322143555 31.7255001068115 31.6536655426025 31.700834274292 31.8033332824707 31.8353328704834 31.8951663970947 31.9226665496826 31.9855003356934 32.0541648864746 32.0745010375977 32.0810012817383 32.1096649169922
32.1601676940918 32.173999786377 32.1124992370605 32.0089988708496 31.9798336029053 31.9536666870117 31.8629989624023 31.7706661224365 31.7876663208008 31.7908325195312 31.7509994506836 31.7226676940918 31.7038326263428 31.6261672973633 31.5986652374268 31.5603332519531 31.5763339996338 31.5576667785645 31.5393333435059 31.5431671142578 31.5723342895508 31.6306667327881 31.7089996337891 31.7950019836426 31.8339996337891 31.8371658325195 31.843334197998 31.8894996643066 31.9816665649414 32.001335144043 32.0066680908203 32.0094985961914 32.0466651916504 32.1593322753906 32.6884994506836 32.5250015258789 32.3414993286133 32.0273323059082 31.7723331451416 31.7245006561279 31.8138332366943 31.8945007324219 31.9329986572266 31.9790000915527 32.0073356628418 32.0270004272461 32.052001953125 32.0438346862793 32.0844993591309
32.2036666870117 32.2546653747559 32.2014999389648 32.1616668701172 32.0486679077148 31.9866676330566 31.921501159668 31.8073329925537 31.7173328399658 31.7665004730225 31.7518329620361 31.7478332519531 31.693000793457 31.6338329315186 31.603666305542 31.566499710083 31.5536670684814 31.53466796875 31.5001678466797 31.6180000305176 31.675666809082 31.6564998626709 31.7264995574951 31.8393325805664 31.9033336639404 31.8188323974609 31.8381652832031 31.8848323822021 31.9853324890137 31.978666305542 31.9773330688477 32.0148315429688 32.0998344421387 32.1404991149902 32.3710021972656 32.6575012207031 32.0801658630371 31.646333694458 31.6189994812012 31.7473335266113 31.8738327026367 31.9538345336914 31.9849987030029 32.0296669006348 32.0668334960938 32.0504989624023 32.0758323669434 32.0805015563965 32.0858345031738
32.2046661376953 32.3003349304199 32.2578315734863 32.0891647338867 32.0648345947266 32.0366668701172 31.9246673583984 31.7708339691162 31.77516746521 31.798999786377 31.8226661682129 31.821834564209 31.7331657409668 31.5943336486816 31.6203327178955 31.6511669158936 31.6031665802002 31.5979995727539 31.6521663665771 31.6879997253418 31.6941661834717 31.7413330078125 31.7678337097168 31.8008346557617 31.8481674194336 31.8183326721191 31.8381671905518 31.8498344421387 31.9116668701172 31.9425010681152 31.9798336029053 32.093334197998 32.0963325500488 32.1011657714844 32.2013359069824 32.5786666870117 32.6911659240723 31.9858341217041 31.7534999847412 31.8455009460449 31.9023323059082 31.992166519165 32.0608329772949 32.0458335876465 32.0443344116211 32.0326690673828 32.0771675109863 32.1058311462402 32.121997833252
32.1893310546875 32.3188323974609 32.1708335876465 32.017333984375 31.9025001525879 32.0248336791992 31.9938335418701 31.9886665344238 31.9703330993652 31.9166660308838 31.9051666259766 31.8929996490479 31.8026676177979 31.7096672058105 31.7251663208008 31.7383327484131 31.6946678161621 31.7261657714844 31.7936668395996 31.7643337249756 31.7338333129883 31.7751655578613 31.791166305542 31.8848323822021 31.8493328094482 31.7988338470459 31.8295001983643 31.8659992218018 31.8701667785645 31.9835014343262 32.0841674804688 32.0458335876465 32.0413360595703 31.9978332519531 32.0250015258789 32.0821685791016 32.2853355407715 32.0356674194336 31.8148326873779 31.8938331604004 31.9553337097168 32.0294990539551 32.0634994506836 32.1181678771973 32.0955009460449 32.1028327941895 32.1098327636719 32.1230010986328 32.139331817627
32.1148338317871 32.0955009460449 32.0011672973633 31.8999996185303 31.9021663665771 31.951000213623 31.9459991455078 31.9611663818359 31.8854999542236 31.9048328399658 31.8684997558594 31.9010009765625 31.9323329925537 31.849666595459 31.7935009002686 31.8068332672119 31.8296661376953 31.8588333129883 31.8519992828369 31.8703327178955 31.8025016784668 31.8115005493164 31.8326663970947 31.8313331604004 31.8213329315186 31.8451671600342 31.9080009460449 31.9183330535889 31.9400005340576 31.9926662445068 32.0031661987305 31.935001373291 31.9571666717529 31.9506664276123 31.9856662750244 32.0865020751953 32.1446685791016 32.1436653137207 31.8854999542236 31.8980007171631 32.0063323974609 32.095832824707 32.1108322143555 32.1251678466797 32.125 32.1408348083496 32.1319999694824 32.1586685180664 32.1726684570312
32.0616645812988 32.0766677856445 31.9118328094482 31.9109992980957 31.9298324584961 31.9524993896484 31.9773330688477 31.8800010681152 31.8444995880127 31.828332901001 31.8355007171631 31.8518333435059 31.8903331756592 31.8931674957275 31.8904991149902 31.9444999694824 31.9703330993652 31.9438323974609 31.8658332824707 31.8956680297852 31.8293342590332 31.816499710083 31.8430004119873 31.9023323059082 31.9438323974609 31.9978332519531 31.9821662902832 31.9971656799316 31.9741668701172 31.9633331298828 31.9185009002686 31.8586673736572 31.8981666564941 31.9221687316895 31.9969997406006 32.1166648864746 32.103832244873 32.1759986877441 32.0764999389648 32.003002166748 32.0446662902832 32.1323318481445 32.1151657104492 32.1393356323242 32.1865005493164 32.1604995727539 32.1623344421387 32.1911659240723 32.223331451416
32.1100006103516 32.1143341064453 31.9793319702148 31.9471664428711 31.9823341369629 32.0004997253418 31.9676666259766 31.8563327789307 31.8696670532227 31.8926677703857 31.8610000610352 31.8398323059082 31.8945007324219 31.9163341522217 31.9949989318848 32.0176658630371 31.9500007629395 31.969165802002 31.9713325500488 31.9731674194336 31.8573341369629 31.8226661682129 31.9241676330566 32.0125007629395 31.9529991149902 32.0231666564941 32.0190010070801 32.0061645507812 32.0200004577637 31.9530010223389 31.9298343658447 31.8950004577637 31.9513320922852 32.0074996948242 32.0359992980957 32.076000213623 32.0694999694824 32.0455017089844 31.9986667633057 32.0214996337891 32.0984992980957 32.1674995422363 32.1408348083496 32.1718330383301 32.2038345336914 32.1923332214355 32.1943359375 32.2039985656738 32.2568321228027
32.1520004272461 32.1173324584961 32.0719985961914 32.0706672668457 32.0553321838379 32.0143356323242 31.9156665802002 31.8848342895508 31.8784999847412 31.890832901001 31.9116668701172 31.896333694458 31.9619998931885 31.9420013427734 31.9869995117188 32.0319976806641 32.0571670532227 31.9985008239746 31.9063339233398 31.9238338470459 31.8966674804688 31.8438339233398 31.9223327636719 31.9998340606689 32.0323333740234 32.0359992980957 32.0019989013672 32.0503349304199 32.02783203125 32.0153350830078 32.0448341369629 32.1091651916504 32.1183319091797 32.0455017089844 32.0266647338867 32.0258331298828 32.0256652832031 32.0270004272461 32.0299987792969 32.042667388916 32.0583343505859 32.1308326721191 32.1814994812012 32.2108345031738 32.2125015258789 32.204833984375 32.2136650085449 32.2434997558594 32.2809982299805
32.1698341369629 32.1424980163574 32.1084976196289 32.061164855957 32.009334564209 31.9715003967285 31.9220008850098 31.8904991149902 31.8304996490479 31.8066673278809 31.8810005187988 31.958667755127 31.9936676025391 32.0321655273438 32.0999984741211 32.0240020751953 32.0503349304199 31.9583320617676 31.8481674194336 31.7638339996338 31.8463325500488 31.9225006103516 31.9559993743896 31.9759998321533 32.0483322143555 32.107666015625 32.136833190918 32.171501159668 32.1426658630371 32.1809997558594 32.206169128418 32.22216796875 32.1759986877441 32.0625 32.0471649169922 32.1494979858398 32.123664855957 32.0918350219727 32.0979995727539 32.0974998474121 32.1126670837402 32.1326675415039 32.1983337402344 32.2226638793945 32.2311668395996 32.2391662597656 32.2216682434082 32.2491683959961 32.2615013122559
32.1580009460449 32.1160011291504 32.1129989624023 32.0480003356934 31.9173336029053 31.8901672363281 31.9600009918213 31.8791656494141 31.828498840332 31.8874988555908 31.9098339080811 31.9605007171631 31.9971656799316 32.0478324890137 32.0364990234375 31.9479999542236 31.9306659698486 31.8928337097168 31.8428344726562 31.8076667785645 31.8488330841064 32.0031661987305 31.9844989776611 31.9435005187988 32.0483322143555 32.1146659851074 32.1344985961914 32.1948318481445 32.1985015869141 32.2150001525879 32.2133331298828 32.2163314819336 32.2526664733887 32.2565002441406 32.3206672668457 32.3646659851074 32.3026657104492 32.2705001831055 32.2576675415039 32.2631683349609 32.2680015563965 32.2173347473145 32.1916656494141 32.2468338012695 32.267333984375 32.2639999389648 32.2789993286133 32.2845001220703 32.2949981689453
32.1533317565918 32.0325012207031 31.9365005493164 31.841667175293 31.736665725708 31.6786670684814 31.7068328857422 31.7146663665771 31.6698341369629 31.6618347167969 31.8183326721191 31.992000579834 31.9090003967285 31.9128341674805 31.88450050354 31.8233337402344 31.8198318481445 31.8508338928223 31.7566661834717 31.7563343048096 31.9193344116211 32.0880012512207 32.0213317871094 32.0234985351562 32.0690002441406 32.1573333740234 32.2254981994629 32.1920013427734 32.2393341064453 32.2568321228027 32.2038345336914 32.2313346862793 32.3113327026367 32.3904991149902 32.4398345947266 32.3385009765625 32.3548355102539 32.4145011901855 32.3863334655762 32.3650016784668 32.3853340148926 32.4011688232422 32.3901672363281 32.400333404541 32.4013328552246 32.4046669006348 32.3833351135254 32.3558349609375 32.328498840332
32.1086654663086 31.9736671447754 31.7633323669434 31.6818332672119 31.6595001220703 31.6911659240723 31.5978336334229 31.6213340759277 31.5681667327881 31.5650005340576 31.7889995574951 31.9776649475098 31.8216667175293 31.8048324584961 31.8150005340576 31.8624992370605 31.8850002288818 31.8250007629395 31.7836666107178 31.833833694458 31.9466667175293 32.0208320617676 32.0523338317871 32.0306663513184 32.0736656188965 32.2093353271484 32.201000213623 32.1838340759277 32.1790008544922 32.2278327941895 32.3016662597656 32.3126678466797 32.2810020446777 32.3974990844727 32.4211654663086 32.3964996337891 32.4415016174316 32.4563331604004 32.4814987182617 32.4846649169922 32.4958343505859 32.4444999694824 32.4128341674805 32.4790000915527 32.5383338928223 32.4803352355957 32.4168319702148 32.369499206543 32.3483352661133
32.0673332214355 31.9243335723877 31.7723331451416 31.7373332977295 31.6614990234375 31.6035003662109 31.4451675415039 31.5141677856445 31.46533203125 31.5548324584961 31.7399997711182 31.9034996032715 31.8103332519531 31.8246669769287 31.7714996337891 31.7735004425049 31.7526664733887 31.8108329772949 31.8001670837402 31.8623332977295 31.961332321167 31.9061660766602 31.8015003204346 31.859167098999 31.9554996490479 32.0973320007324 32.1381683349609 32.2294998168945 32.1928329467773 32.2303314208984 32.2838325500488 32.3871688842773 32.3494987487793 32.4396667480469 32.4641647338867 32.4770011901855 32.5226669311523 32.4888343811035 32.5178337097168 32.477668762207 32.490665435791 32.5 32.47216796875 32.4971656799316 32.5805015563965 32.505500793457 32.3930015563965 32.3636665344238 32.3733329772949
31.9928321838379 31.904333114624 31.8583335876465 31.8145008087158 31.8481674194336 31.6883335113525 31.5163326263428 31.4701671600342 31.5278339385986 31.6151657104492 31.65016746521 31.6620006561279 31.628833770752 31.6813335418701 31.755500793457 31.7245006561279 31.8024997711182 31.8911666870117 31.8408336639404 31.8723335266113 31.8839988708496 31.8471660614014 31.7556667327881 31.8584995269775 31.9305000305176 32.0039978027344 32.0566673278809 32.185001373291 32.247501373291 32.3178329467773 32.3358345031738 32.3930015563965 32.4076652526855 32.4690017700195 32.4883346557617 32.4446678161621 32.4301681518555 32.4568328857422 32.4848327636719 32.4210014343262 32.4941673278809 32.5993309020996 32.5330009460449 32.5618324279785 32.5491676330566 32.4739990234375 32.4448318481445 32.4580001831055 32.4524993896484
32.0273323059082 31.9276657104492 31.9300003051758 31.8010005950928 31.7868347167969 31.7233333587646 31.6688327789307 31.5855007171631 31.5834999084473 31.6118335723877 31.5865001678467 31.6319999694824 31.617000579834 31.6001663208008 31.7081661224365 31.7821655273438 31.7803344726562 31.8319988250732 31.837833404541 31.8313331604004 31.9160003662109 31.8543319702148 31.7466659545898 31.7213325500488 31.7218322753906 31.7585010528564 31.8754997253418 32.0138320922852 32.1936645507812 32.3976669311523 32.3876686096191 32.3338317871094 32.4069976806641 32.5069999694824 32.5261650085449 32.4428329467773 32.4301681518555 32.4958343505859 32.4860000610352 32.4141654968262 32.4236679077148 32.4578323364258 32.4575004577637 32.4886665344238 32.4353332519531 32.4438323974609 32.5196685791016 32.5690002441406 32.5216674804688
31.9228324890137 31.8651676177979 31.9098339080811 31.8263320922852 31.6448345184326 31.5648326873779 31.636833190918 31.5401668548584 31.5363330841064 31.529333114624 31.5641670227051 31.6116676330566 31.6770000457764 31.74049949646 31.8131656646729 31.7778339385986 31.7798328399658 31.8239994049072 31.7985000610352 31.8506660461426 31.9481658935547 31.8473320007324 31.8568344116211 31.7830009460449 31.736499786377 31.8269996643066 31.9598331451416 31.9996662139893 32.078498840332 32.2750015258789 32.3581657409668 32.2798347473145 32.3593330383301 32.4419975280762 32.4995002746582 32.497501373291 32.4738311767578 32.4761657714844 32.4618339538574 32.4153327941895 32.447998046875 32.3886680603027 32.4143333435059 32.4556655883789 32.4906692504883 32.5048332214355 32.5226669311523 32.5128326416016 32.5313339233398
31.8904991149902 31.8153324127197 31.7275009155273 31.6398334503174 31.5093326568604 31.5633335113525 31.6406669616699 31.5678329467773 31.5510005950928 31.5825004577637 31.4631671905518 31.4991664886475 31.5791664123535 31.6483325958252 31.6949996948242 31.7653331756592 31.7589988708496 31.7945003509521 31.7784996032715 31.8123321533203 31.7423343658447 31.75 31.7198333740234 31.7789993286133 31.8278331756592 31.9663333892822 31.9833335876465 32.0218353271484 32.0756645202637 32.2588348388672 32.2946662902832 32.2521667480469 32.252498626709 32.3945007324219 32.5146675109863 32.522834777832 32.4938316345215 32.4761657714844 32.5538330078125 32.5246658325195 32.4674987792969 32.4011650085449 32.4633331298828 32.505500793457 32.5286674499512 32.5393333435059 32.6300010681152 32.5406646728516 32.609001159668
32.0368347167969 31.923999786377 31.667667388916 31.6135005950928 31.6564998626709 31.6843338012695 31.6356658935547 31.6095008850098 31.6219997406006 31.5516662597656 31.474666595459 31.5111656188965 31.5163326263428 31.5270004272461 31.6480007171631 31.7205009460449 31.6751670837402 31.7096672058105 31.6833343505859 31.6389999389648 31.4893341064453 31.5848331451416 31.4536666870117 31.4406661987305 31.603832244873 31.7486667633057 31.8893337249756 32.005500793457 32.0391654968262 32.138500213623 32.2029991149902 32.2803344726562 32.3198318481445 32.3591690063477 32.3541679382324 32.4751663208008 32.6208343505859 32.5265007019043 32.5519981384277 32.5596656799316 32.5224990844727 32.5450019836426 32.6278343200684 32.6486663818359 32.601001739502 32.7516670227051 32.6781692504883 32.654167175293 32.7496681213379
31.8678321838379 31.8699989318848 31.6870002746582 31.6853332519531 31.6699981689453 31.6846675872803 31.6601657867432 31.7146663665771 31.6743335723877 31.5734996795654 31.5146675109863 31.5839996337891 31.5796661376953 31.4911670684814 31.4978332519531 31.5583343505859 31.6461658477783 31.6119995117188 31.4686660766602 31.4270000457764 31.333667755127 31.4713325500488 31.1784992218018 31.41233253479 31.7231674194336 31.4561672210693 31.710334777832 31.8994998931885 32.1433334350586 32.2366676330566 32.3023338317871 32.3408317565918 32.3146667480469 32.3489990234375 32.404167175293 32.5305023193359 32.583667755127 32.5180015563965 32.5233345031738 32.4539985656738 32.4806671142578 32.5636672973633 32.5888328552246 32.6373329162598 32.6590003967285 32.6716651916504 32.6826667785645 32.8040008544922 32.7789993286133
31.7983322143555 31.7789993286133 31.7266674041748 31.695333480835 31.6658325195312 31.6596660614014 31.6768321990967 31.6571655273438 31.6324996948242 31.6093330383301 31.5275001525879 31.5475006103516 31.5686664581299 31.4313316345215 31.4168338775635 31.4753341674805 31.498664855957 31.4461669921875 31.329833984375 31.2889995574951 31.3131656646729 31.2419986724854 31.1958332061768 31.6123332977295 31.8298320770264 31.5673332214355 31.6446666717529 31.8660011291504 32.0848350524902 32.2425003051758 32.3558349609375 32.2845001220703 32.287166595459 32.3134994506836 32.4889984130859 32.5311660766602 32.5444984436035 32.4905014038086 32.5195007324219 32.5511665344238 32.6840019226074 32.6711654663086 32.6363334655762 32.5378341674805 32.5973320007324 32.6829986572266 32.7646675109863 32.8016662597656 32.7173347473145
31.7903327941895 31.8048324584961 31.7598342895508 31.7274990081787 31.6886672973633 31.7773323059082 31.7805004119873 31.6776657104492 31.6341667175293 31.6456661224365 31.6426658630371 31.6891670227051 31.6126670837402 31.4871673583984 31.405834197998 31.3586654663086 31.4874992370605 31.4823341369629 31.3854999542236 31.4743328094482 31.3428325653076 31.1410007476807 31.1758346557617 31.4556674957275 31.8570003509521 31.670166015625 31.4878330230713 31.7011661529541 32.0318336486816 32.2353324890137 32.3040008544922 32.246166229248 32.2094993591309 32.3601684570312 32.489501953125 32.5724983215332 32.6184997558594 32.5314979553223 32.5321655273438 32.6953315734863 32.6686668395996 32.6003341674805 32.6625022888184 32.6863327026367 32.6666679382324 32.7760009765625 32.7498321533203 32.746166229248 32.7581672668457
