rasterData/S.Sudan_bio4.asc
NCOLS 142 
NROWS 105 
XLLCORNER 24.121555621 
YLLCORNER 3.490201537 
CELLSIZE 0.0830935196478873 
NODATA_value -3.4e+38 
[rows 44 to 65 of 105, columns 49 to 97 of 142]
158.83625793457 157.379608154297 154.15608215332 152.196884155273 148.73323059082 147.546875 144.081665039062 140.641220092773 136.172012329102 133.453506469727 133.391342163086 125.67017364502 107.239372253418 100.697151184082 101.655166625977 108.681587219238 115.501762390137 124.140602111816 125.020881652832 128.439208984375 129.184020996094 131.35693359375 130.119247436523 132.019134521484 125.592018127441 111.303100585938 109.699111938477 109.181800842285 111.025184631348 117.808372497559 119.379364013672 118.771713256836 124.975303649902 133.817276000977 145.490798950195 152.66911315918 155.656616210938 157.241668701172 158.610717773438 160.266189575195 162.979446411133 162.677749633789 161.853988647461 160.133911132812 159.792129516602 158.363739013672 160.207489013672 159.468383789062 156.46923828125
162.403686523438 159.835708618164 152.948486328125 150.259384155273 148.094909667969 146.343078613281 143.179916381836 142.416000366211 137.569641113281 133.416000366211 134.876312255859 136.130111694336 125.094123840332 109.584747314453 102.038482666016 104.672294616699 116.135848999023 117.963439941406 115.996520996094 123.611366271973 127.859405517578 130.78776550293 131.109970092773 129.186538696289 127.142333984375 117.329956054688 112.133735656738 112.301254272461 113.09895324707 116.363250732422 116.271774291992 118.949729919434 128.637573242188 141.132614135742 147.707733154297 150.694137573242 154.036727905273 154.821411132812 158.473220825195 162.629196166992 163.241302490234 164.224365234375 163.897109985352 159.809600830078 157.73681640625 158.937759399414 160.692794799805 160.949920654297 159.841842651367
156.514862060547 154.869827270508 149.491271972656 146.371002197266 145.452117919922 143.880004882812 141.781723022461 142.204940795898 138.712432861328 135.740814208984 135.138778686523 134.969696044922 133.499313354492 124.030807495117 115.561050415039 115.307975769043 117.504272460938 114.394096374512 108.174308776855 113.153793334961 116.848472595215 120.017272949219 128.478576660156 129.343734741211 126.356086730957 120.382682800293 111.743103027344 110.698936462402 113.008697509766 115.563743591309 115.895805358887 118.879722595215 128.200302124023 140.37370300293 146.843215942383 151.167907714844 154.566482543945 155.696228027344 158.373596191406 158.251342773438 161.452896118164 163.536880493164 162.919631958008 161.1015625 161.542526245117 161.669998168945 162.526229858398 162.477279663086 163.502136230469
151.357208251953 148.729598999023 144.332366943359 142.876174926758 142.240081787109 142.741256713867 143.082321166992 141.60986328125 139.385391235352 138.728469848633 136.685562133789 135.276107788086 131.861206054688 130.782806396484 130.035034179688 124.680099487305 119.742683410645 115.268966674805 107.37247467041 110.126510620117 113.894691467285 111.35977935791 118.094192504883 128.022735595703 127.200065612793 118.987251281738 112.501007080078 111.759727478027 114.635734558105 117.774841308594 116.791465759277 119.229347229004 125.622978210449 135.214279174805 145.471633911133 152.550430297852 155.073150634766 156.642501831055 158.187881469727 158.739349365234 161.797546386719 163.846664428711 164.984649658203 163.698318481445 161.88151550293 160.511535644531 160.337783813477 161.7099609375 162.222412109375
150.505020141602 147.078536987305 142.801651000977 142.621047973633 143.277679443359 142.67985534668 143.235610961914 140.843353271484 137.838424682617 137.246887207031 137.602340698242 137.783111572266 135.34326171875 134.333465576172 133.801528930664 133.247863769531 131.497940063477 128.263214111328 112.96817779541 110.882698059082 117.522285461426 115.90064239502 120.191604614258 123.843734741211 120.881950378418 116.648025512695 112.845001220703 112.634918212891 114.30793762207 117.661582946777 116.922637939453 119.332855224609 121.859092712402 130.460494995117 147.012939453125 153.125778198242 154.349411010742 156.005187988281 158.250305175781 158.866149902344 161.487670898438 163.110702514648 164.346435546875 162.307312011719 160.715896606445 160.148895263672 161.417526245117 162.609619140625 161.808731079102
147.135177612305 146.812438964844 144.067291259766 141.698196411133 141.740280151367 142.553344726562 142.226425170898 141.481170654297 138.888656616211 135.179840087891 137.564453125 136.404632568359 134.088363647461 132.62272644043 131.979049682617 132.299865722656 134.23567199707 136.187225341797 127.552124023438 117.07844543457 117.513404846191 122.413909912109 120.368377685547 115.004508972168 113.886764526367 113.908935546875 114.283935546875 114.643211364746 114.907562255859 116.136199951172 118.697280883789 120.16975402832 121.677810668945 134.504745483398 147.148101806641 152.119415283203 154.078872680664 154.925979614258 158.257720947266 158.339920043945 160.488708496094 161.882934570312 165.088165283203 162.595001220703 158.117752075195 157.82502746582 161.203628540039 166.143035888672 166.18635559082
148.449554443359 149.271209716797 147.281143188477 142.630477905273 142.348922729492 143.117889404297 144.829635620117 143.196823120117 139.467239379883 135.636566162109 135.901962280273 134.126174926758 130.665573120117 129.063385009766 129.592727661133 131.16194152832 133.609741210938 136.701843261719 135.554779052734 125.84455871582 121.301414489746 121.119903564453 119.784484863281 117.407722473145 114.346412658691 112.426078796387 114.469863891602 115.308891296387 114.844123840332 116.743431091309 118.444290161133 118.397994995117 122.169563293457 138.786193847656 148.150253295898 150.409790039062 152.444198608398 154.252777099609 157.147705078125 160.076782226562 161.32160949707 159.422805786133 159.680648803711 160.823303222656 157.708053588867 158.143585205078 162.30549621582 167.923782348633 167.279968261719
155.173751831055 150.441909790039 146.950912475586 140.741256713867 141.510772705078 142.494934082031 142.130111694336 137.755935668945 135.830474853516 136.956680297852 135.616607666016 133.915145874023 129.691482543945 128.412628173828 130.465286254883 130.878173828125 133.47053527832 135.390213012695 135.535034179688 133.68310546875 131.558853149414 125.635948181152 121.970077514648 122.140151977539 120.317024230957 112.963226318359 114.206649780273 116.327751159668 114.72647857666 117.324226379395 117.833946228027 117.848297119141 122.292175292969 139.492431640625 149.051055908203 152.067398071289 153.628875732422 154.306427001953 156.682403564453 161.04035949707 159.136947631836 155.690811157227 156.291564941406 158.985824584961 158.159896850586 162.241058349609 165.706344604492 166.815093994141 169.510269165039
152.757415771484 148.514129638672 145.151458740234 139.048492431641 136.188095092773 140.389877319336 137.930572509766 135.501449584961 134.683532714844 134.360702514648 133.104019165039 131.983032226562 129.3701171875 128.708480834961 128.752960205078 128.328735351562 129.333251953125 133.891998291016 136.288833618164 137.231048583984 137.657516479492 131.626495361328 125.823760986328 120.443290710449 117.790092468262 113.666564941406 113.470291137695 116.020874023438 115.431304931641 116.280082702637 117.817474365234 117.865058898926 121.914772033691 138.192413330078 149.415420532227 151.305969238281 152.301452636719 153.439254760742 156.450546264648 161.078460693359 160.441253662109 157.478210449219 157.979995727539 159.488189697266 160.859008789062 164.826904296875 167.366058349609 169.97868347168 172.67236328125
149.939437866211 147.252639770508 145.146438598633 141.381225585938 141.815643310547 141.844055175781 136.950424194336 134.716293334961 133.794357299805 132.609939575195 132.199493408203 130.516296386719 127.976669311523 126.996673583984 127.229263305664 125.293815612793 127.362442016602 134.647521972656 136.826187133789 138.919204711914 140.491073608398 135.7490234375 131.852981567383 126.537063598633 117.52921295166 113.253036499023 112.473472595215 115.796516418457 116.499397277832 115.86897277832 115.974029541016 116.583488464355 122.665161132812 135.117233276367 145.459320068359 147.92985534668 151.970123291016 153.169311523438 155.991134643555 160.206329345703 160.461486816406 157.323577880859 157.754364013672 160.147491455078 162.915954589844 165.868896484375 168.423431396484 170.421508789062 172.295745849609
149.379592895508 147.805236816406 144.846237182617 144.492919921875 142.025085449219 140.05729675293 134.637664794922 134.010131835938 132.000686645508 133.308319091797 133.484252929688 130.5263671875 129.84326171875 130.494430541992 127.527206420898 125.693374633789 132.586059570312 133.654693603516 135.504760742188 139.612091064453 140.758605957031 139.8974609375 137.161376953125 136.509750366211 129.390533447266 115.011032104492 112.107940673828 114.418357849121 115.226554870605 115.340805053711 116.307914733887 116.415184020996 123.682884216309 139.960815429688 144.23713684082 143.10205078125 149.72314453125 153.248123168945 154.899200439453 157.898803710938 159.685806274414 157.251174926758 160.39990234375 162.325408935547 163.532104492188 164.848861694336 166.123107910156 168.522048950195 169.982299804688
147.605880737305 146.753723144531 143.61735534668 141.260818481445 139.795928955078 137.134155273438 131.395965576172 129.893295288086 132.178451538086 132.904235839844 131.341323852539 128.987411499023 127.877342224121 129.664169311523 132.315292358398 133.855712890625 128.853973388672 129.910797119141 134.916397094727 139.774490356445 139.560104370117 139.347610473633 134.545379638672 133.538131713867 132.885055541992 119.763336181641 112.68327331543 112.858200073242 114.594413757324 113.811126708984 115.217346191406 114.868171691895 123.153053283691 139.8046875 143.624145507812 139.299468994141 142.019607543945 147.168899536133 150.03044128418 156.586837768555 159.607360839844 159.300994873047 162.756774902344 162.885803222656 164.807235717773 164.903701782227 165.662612915039 168.628677368164 166.064590454102
145.487823486328 143.474212646484 139.400894165039 138.164825439453 137.848587036133 134.86491394043 130.484130859375 128.930389404297 131.069671630859 126.856498718262 127.339752197266 127.697425842285 124.269317626953 129.950637817383 133.763916015625 131.002288818359 122.550758361816 130.5 136.31657409668 139.491271972656 139.212097167969 139.1279296875 135.014419555664 132.225845336914 135.626495361328 131.194183349609 119.728828430176 112.73649597168 113.317497253418 113.080612182617 114.294853210449 114.880027770996 121.578491210938 137.754318237305 139.993118286133 134.559173583984 137.365173339844 145.409317016602 148.863876342773 154.640823364258 158.148742675781 159.179397583008 162.331130981445 163.835739135742 163.821472167969 164.957626342773 166.482788085938 169.104156494141 166.189788818359
142.957672119141 140.79280090332 137.754837036133 135.876770019531 135.515518188477 133.315368652344 129.237808227539 129.528350830078 128.78141784668 124.30216217041 127.717742919922 124.558815002441 123.8056640625 130.136459350586 133.121002197266 129.659225463867 133.233474731445 137.266616821289 135.807586669922 139.748153686523 139.721405029297 138.061904907227 135.304382324219 131.029388427734 134.45556640625 135.816452026367 132.227020263672 124.032287597656 115.265327453613 113.604545593262 113.010375976562 114.042274475098 119.82006072998 132.309204101562 130.36100769043 128.574859619141 132.929733276367 142.209732055664 147.791366577148 152.147598266602 157.716323852539 155.951416015625 159.764450073242 162.485229492188 161.419723510742 161.755432128906 167.435440063477 168.880981445312 165.617538452148
140.547653198242 138.608627319336 136.229629516602 135.022567749023 133.843826293945 132.563354492188 128.039978027344 128.650451660156 128.69548034668 129.377990722656 129.763107299805 130.398513793945 129.366424560547 130.378814697266 133.100692749023 130.144226074219 136.365707397461 137.690048217773 136.777618408203 137.234298706055 134.035308837891 134.382537841797 135.271682739258 133.995147705078 133.545944213867 136.4482421875 136.254867553711 128.848403930664 117.154457092285 113.951736450195 113.377967834473 113.069183349609 118.381278991699 127.37036895752 125.433067321777 123.174995422363 127.781188964844 136.790466308594 143.475677490234 151.317352294922 156.548736572266 154.345062255859 157.350173950195 161.830352783203 164.068267822266 163.628265380859 167.050064086914 169.056167602539 165.877731323242
138.100738525391 136.075119018555 135.257827758789 133.532485961914 132.643783569336 131.233520507812 130.247100830078 131.701507568359 130.548233032227 130.881256103516 130.705596923828 130.443725585938 131.353652954102 131.880096435547 133.777145385742 132.736511230469 136.290939331055 137.466278076172 136.413146972656 134.939361572266 131.841659545898 134.412414550781 134.700592041016 134.436233520508 136.143905639648 134.1904296875 135.811584472656 129.862884521484 119.602104187012 114.067611694336 114.617080688477 113.620628356934 116.111434936523 120.934867858887 122.261688232422 121.025840759277 124.098876953125 133.106155395508 139.929122924805 149.419296264648 155.426910400391 155.134521484375 157.299911499023 162.269485473633 164.35466003418 163.083724975586 164.555740356445 166.396636962891 163.950454711914
135.812881469727 133.923294067383 133.9326171875 133.137969970703 131.999816894531 130.760177612305 130.718551635742 130.00358581543 130.245727539062 130.98371887207 130.532623291016 130.290756225586 130.554534912109 131.315277099609 133.637969970703 133.191665649414 134.388931274414 136.149917602539 135.149078369141 137.119598388672 134.663223266602 136.378982543945 138.26091003418 131.822830200195 126.792961120605 124.992454528809 125.043586730957 125.292541503906 123.002174377441 119.079643249512 114.558242797852 113.79914855957 112.944488525391 116.868865966797 119.440063476562 121.46898651123 121.647407531738 126.360763549805 136.831436157227 149.275787353516 155.262451171875 154.390731811523 156.201065063477 159.271072387695 161.68489074707 161.038299560547 161.225662231445 163.681671142578 160.830047607422
134.600250244141 133.947616577148 132.685363769531 131.970352172852 131.037536621094 130.796859741211 129.120086669922 128.719161987305 128.827026367188 128.281005859375 128.474746704102 129.794677734375 129.030044555664 130.320953369141 131.148178100586 130.849639892578 130.930053710938 133.012908935547 133.62483215332 136.112777709961 135.495635986328 138.239624023438 137.373916625977 131.460647583008 114.49454498291 112.80445098877 113.930137634277 116.934432983398 122.266700744629 131.756698608398 128.112823486328 117.246467590332 112.584571838379 112.873397827148 116.151924133301 117.850723266602 118.414283752441 120.743217468262 133.981201171875 147.920822143555 153.644897460938 153.98616027832 154.98307800293 158.6005859375 160.719360351562 160.113189697266 159.153961181641 159.763259887695 154.921997070312
133.306777954102 132.460037231445 132.438262939453 131.460678100586 131.025894165039 129.077484130859 126.502700805664 127.797660827637 127.637046813965 128.235427856445 128.395599365234 128.031173706055 127.969383239746 127.964302062988 129.023300170898 129.743621826172 131.610015869141 132.57844543457 132.628158569336 132.576904296875 134.298049926758 135.444839477539 138.124114990234 135.071914672852 115.62516784668 110.937805175781 113.32105255127 118.336067199707 128.591354370117 141.400817871094 139.974411010742 122.641716003418 113.870040893555 113.063980102539 113.829612731934 115.90803527832 117.736869812012 119.504081726074 134.045562744141 146.580947875977 151.576156616211 153.327499389648 155.016159057617 157.670608520508 160.15901184082 159.194305419922 155.11198425293 157.675842285156 153.536773681641
131.427841186523 130.960174560547 130.910537719727 129.989547729492 129.184326171875 126.815811157227 126.110977172852 126.948715209961 126.452255249023 127.165542602539 127.326881408691 127.751655578613 127.369117736816 126.166122436523 127.157615661621 129.415267944336 131.239181518555 130.679702758789 130.702865600586 130.890808105469 127.658866882324 132.043212890625 139.578018188477 137.226425170898 120.974510192871 114.478187561035 115.747718811035 120.651298522949 135.256164550781 141.649108886719 140.547058105469 127.033599853516 113.88028717041 114.335418701172 115.016067504883 116.335357666016 117.36124420166 118.227836608887 132.445678710938 145.138214111328 150.296478271484 154.259918212891 153.910552978516 156.209228515625 156.784530639648 155.312210083008 151.540222167969 155.249954223633 151.752334594727
131.566909790039 131.390670776367 130.048233032227 129.622207641602 129.787780761719 128.126968383789 124.826057434082 123.531806945801 123.387390136719 123.798713684082 125.786308288574 128.066909790039 128.601303100586 129.266738891602 128.958084106445 129.994659423828 131.338973999023 130.253204345703 129.379364013672 130.194076538086 131.323425292969 135.026336669922 140.381332397461 138.489730834961 125.461791992188 111.94945526123 115.355094909668 128.299774169922 138.052017211914 143.109558105469 142.412887573242 135.389785766602 119.528160095215 117.240936279297 116.342811584473 115.642837524414 116.111061096191 116.781303405762 127.862380981445 144.840744018555 151.194305419922 153.169647216797 152.473785400391 154.576904296875 155.398986816406 153.018096923828 149.341003417969 151.212295532227 150.77392578125
131.464584350586 129.914703369141 129.074081420898 129.482711791992 128.486862182617 125.89128112793 124.497772216797 123.346076965332 121.509651184082 123.716407775879 125.803245544434 128.574615478516 129.104156494141 129.561752319336 130.072463989258 131.534759521484 131.882446289062 130.491409301758 129.304306030273 129.236679077148 134.73176574707 139.04133605957 138.789093017578 137.50617980957 132.588043212891 115.191963195801 122.533653259277 132.41015625 140.794799804688 144.60888671875 143.675903320312 142.7919921875 139.011856079102 135.395645141602 125.648887634277 119.520530700684 116.525573730469 116.12003326416 122.129020690918 140.734375 151.086486816406 152.824890136719 151.759628295898 151.964385986328 155.200012207031 153.104507446289 145.769119262695 145.279327392578 147.957611083984
