rasterData/S.Sudan_CLYPPT_M_sl2_250m_ll.asc
NCOLS 142 
NROWS 105 
XLLCORNER 24.121555621 
YLLCORNER 3.490201537 
CELLSIZE 0.0830935196478873 
NODATA_value -9999 
[rows 23 to 45 of 105, columns 0 to 51 of 142]
-9999 -9999 -9999 -9999 -9999 -9999 -9999 -9999 -9999 -9999 -9999 20.7393360160985 22.6455734406433 20.1395372233418 28.0248490945673 27.8600603621728 30.6408450704248 29.672132796782 31.8142857142855 31.7351106639846 32.6594567404423 -9999 -9999 -9999 -9999 -9999 -9999 -9999 -9999 -9999 -9999 -9999 -9999 -9999 -9999 -9999 -9999 -9999 -9999 -9999 -9999 -9999 -9999 -9999 -9999 -9999 -9999 -9999 -9999 -9999 -9999 -9999
-9999 -9999 -9999 -9999 -9999 -9999 -9999 -9999 -9999 -9999 -9999 28.3873239436645 24.3274647887318 25.9084507042241 24.8408450704208 30.4535211267615 29.8514084507021 28.458450704225 30.5936619718299 29.7000000000003 28.0528169014079 34 -9999 -9999 -9999 -9999 -9999 -9999 -9999 -9999 -9999 -9999 -9999 -9999 -9999 -9999 -9999 -9999 -9999 -9999 -9999 -9999 -9999 -9999 -9999 -9999 -9999 -9999 -9999 -9999 -9999 -9999
-9999 -9999 -9999 -9999 -9999 -9999 -9999 -9999 -9999 -9999 -9999 25.4310865191153 26.4784708249508 30.4142857142857 28.6787726358153 28.5586519114685 27 27.3812877263576 28.9287726358148 26 31.1113682092557 28.9867203219316 36.0206237424547 -9999 -9999 -9999 -9999 -9999 -9999 -9999 -9999 -9999 -9999 -9999 -9999 -9999 -9999 -9999 -9999 -9999 -9999 -9999 -9999 -9999 -9999 -9999 -9999 -9999 -9999 -9999 -9999 -9999
-9999 -9999 -9999 -9999 -9999 -9999 -9999 -9999 -9999 -9999 -9999 27 29.437022132798 31.472635814889 35.2745472837029 33.9569416498989 33.7184104627759 31.7208249496978 33 33.6713279678072 29.6290744466805 28.5285714285717 31.9634808853113 30 -9999 -9999 -9999 -9999 -9999 -9999 -9999 -9999 -9999 -9999 -9999 -9999 -9999 -9999 -9999 -9999 -9999 -9999 -9999 -9999 -9999 -9999 -9999 -9999 -9999 -9999 -9999 -9999
-9999 -9999 -9999 -9999 -9999 -9999 -9999 -9999 -9999 -9999 31.2042253521132 28.7655935613659 31.448692152916 35.2796780684119 31.9522132796784 32.1584507042251 34.8717303822948 34.3033199195171 32.9396378269621 29.3571428571422 26.5337022132796 36.9778672032192 29.6202213279685 30.1056338028167 28.7359154929582 -9999 -9999 -9999 -9999 -9999 -9999 -9999 -9999 -9999 -9999 -9999 -9999 -9999 -9999 -9999 -9999 -9999 -9999 -9999 -9999 -9999 -9999 -9999 -9999 -9999 -9999 -9999
-9999 -9999 -9999 -9999 -9999 -9999 -9999 -9999 -9999 32.9176056338035 29.4798792756545 31 32.2206237424551 31.7622736418508 34.2351106639837 29.7535211267612 32.0684104627778 31.8992957746486 30.0702213279677 34.9957746478865 31.5769617706243 30.9601609657947 29.7571428571427 30.0590543259559 28.6374245472839 26.6379275653927 -9999 -9999 -9999 -9999 -9999 -9999 -9999 -9999 -9999 -9999 -9999 -9999 -9999 -9999 -9999 -9999 -9999 -9999 -9999 -9999 -9999 -9999 -9999 -9999 -9999 -9999
-9999 -9999 -9999 -9999 -9999 -9999 -9999 -9999 31.4468812877271 28 26.0878269617709 26.3327967806837 27.9202213279686 29.7482897384295 31.1405432595589 31 32.6408450704248 34.471830985915 31.5093561368203 30.1235412474846 30.1041247484913 32.9324949698188 32.0045271629779 30.0905432595577 31.8714285714281 34.2890342052301 27.0660965794771 -9999 -9999 -9999 -9999 -9999 -9999 -9999 -9999 -9999 -9999 -9999 -9999 -9999 -9999 -9999 -9999 -9999 -9999 -9999 -9999 -9999 -9999 -9999 -9999 -9999
-9999 -9999 -9999 -9999 -9999 -9999 -9999 -9999 23.923239436621 26.9857142857141 26.9902414486921 24.4055331991935 26.0902414486913 27.9648893360167 27.0161971830987 29.2676056338046 28.3631790744446 27.4650905432591 27.5928571428569 31.9539235412488 30.8241448692152 28 30.9637826961771 25 32 32.249899396378 32.9857142857141 27.0171026156944 -9999 -9999 -9999 -9999 -9999 -9999 -9999 -9999 -9999 -9999 -9999 -9999 -9999 -9999 -9999 -9999 -9999 -9999 -9999 -9999 -9999 -9999 -9999 -9999
-9999 -9999 -9999 -9999 -9999 -9999 -9999 -9999 26.5119718309866 27.3457746478854 30.5338028169021 27.9204225352111 30.8176056338035 24 24.9528169014093 23.1753521126764 27.3232394366177 22.994366197183 26.8478873239444 30.8999999999998 27.8288732394364 27.1549295774651 29 28.218309859155 35.5084507042258 32.8091549295778 29.8971830985914 29.5788732394368 22 -9999 -9999 -9999 -9999 -9999 -9999 35.4500000000007 33.612676056339 35 33.5464788732377 30.6049295774642 37.9302816901395 32.3246478873248 32.8999999999998 -9999 -9999 -9999 -9999 -9999 -9999 -9999 -9999 -9999
-9999 -9999 -9999 -9999 -9999 -9999 -9999 -9999 24.36217303823 24.9813883299786 28.5020120724339 22.829476861167 24.6941649899407 24.2188128772632 28.8430583501005 28.7535211267612 27.5110663983898 28.3586519114684 32.1780684104628 27.1996981891342 27.3636820925554 26.0925553319915 29.9647887323945 28.603118712274 29.845573440644 28.3722334004029 32.4919517102617 31.829979879275 29.3631790744462 -9999 -9999 -9999 33.0176056338019 30.8430583501004 29.6126760563372 37.1785714285697 29.7439637826972 28.4144869215293 30.6760563380269 33.9904426559338 32.4989939637816 39.2147887323945 43.5588531187127 37.3249496981903 40.2424547283696 40.4627766599618 -9999 -9999 -9999 -9999 -9999 -9999
-9999 -9999 -9999 -9999 -9999 -9999 -9999 26.7848088531189 28.0567404426551 26.8527162977869 27.0259557344061 22.5900402414489 24.5355130784719 22.9930583501008 30 26.4095573440641 26.4922535211319 25.826458752515 25.78490945674 22.4938631790739 27.3401408450705 24.6194164989939 31.0379275653924 28.2313883299799 30.3215291750502 31.7190140845069 30.7042253521119 26.598591549296 29.0550301810861 28.6228370221321 29.8615694164976 29.3266599597585 32.5048289738438 27.9460764587528 36.2308853118697 35.9999999999989 29.7801810865173 25.5233400402417 27.9444668008046 31.9669014084503 29.5312877263557 35.437525150906 35.423440643863 37.1971830985921 40.6760563380278 46 -9999 -9999 -9999 -9999 -9999 -9999
-9999 -9999 -9999 -9999 -9999 -9999 -9999 22.2316901408452 25.5571428571426 22.809758551308 22.3169014084511 20.1476861167016 20.9489939637832 23 24.9651911468816 27.3556338028161 23.1611670020079 26.2089537223339 26.2314889336017 24.1687122736419 25.1901408450707 29 26.5727364185108 28.344567404426 28.5273641851105 27.9358148893368 27.3997987927569 30.2650905432598 22.8857142857148 33.3648893360165 31.3514084507052 27.9781690140842 31.9338028169003 33.5958752515094 38.2713279678067 37.7214285714263 25.0555331991964 24.7954728370224 29.1961770623727 29.387927565392 30.5062374245488 33.9220321931591 35.2684104627767 31.2920523138827 42.7723340040241 37.8401408450756 40.2679074446684 -9999 -9999 -9999 -9999 -9999
-9999 -9999 -9999 -9999 -9999 -9999 -9999 25.0394366197182 23.2401408450703 23.7473843058346 23.0766599597596 22.7952716297795 23.4023138833004 24.9906438631794 22.6316901408444 22.7483903420532 23.72665995976 24.471830985915 23.5845070422532 30.9940643863182 25.4512072434604 26.4708249496978 23.0155935613682 22.540241448692 23.8177062374243 28.7734406438638 27.2276659959759 31.3109657947686 24.2684104627767 25.9220321931591 27.9366197183104 26.5022132796772 26.0185110663984 28.0211267605631 31.0161971831002 24.9428571428556 29.9299798792759 27.4041247484906 28.0717303822941 27.1204225352127 28.929376257544 33.3036217303842 30.4225352112683 32.0458752515088 33.6580482897389 41.7920523138824 37.5571428571426 32.4916498993961 31.5219315895353 29.9631790744474 33.7472837022132 35.8312877263581
-9999 -9999 -9999 -9999 -9999 -9999 22.3684104627767 22.8701207243453 25.1569416498997 24.7034205231392 26.6830985915489 23.7385311871225 21.390040241448 22.6853118712269 21.8491951710253 22.0809859154928 21.5482897384314 21.0193158953725 23.5289738430582 22.4023138833002 27 28.5674044265592 27.9411468812879 23.2435613682094 23.7570422535212 24.5130784708249 25.1573440643866 27.4156941649898 28.0948692152916 28.8843058350104 20.4562374245463 24.6733400402415 32.3960764587528 28.3285714285714 28.9467806841039 29.3357142857137 26.8344064386304 24.0583501006042 28.0898390342068 25.6876257545274 25.2577464788717 25.6253521126764 28.3244466800804 25.5338028169015 32.6829979879273 31.1279678068417 37.1925553319921 32.9514084507042 31.9884305835005 26.0587525150914 26.5302816901411 26.8961770623741
-9999 -9999 -9999 -9999 -9999 -9999 26.4386317907445 25.1031187122731 24.0025150905433 23.2454728370219 26.5367203219314 23.9562374245475 22.6941649899407 21.7781690140849 24.575452716299 23.2464788732388 19.5035211267624 22.5970824949696 23.0890342052314 26.0648893360161 27.7449698189136 26.060865191147 26.4486921529171 24.4119718309859 23.8883299798793 23.3732394366199 28.0633802816906 28.5276659959764 21.5774647887317 28 26.4014084507041 27.5538229376259 21.1272635814895 32.4904426559361 27.3083501006022 24.464285714286 23.605633802818 24.2157947686119 23.1966800804836 22.9330985915485 26.0497987927575 21.3908450704223 26.9758551307847 28.4854124748496 27 27.8797786720367 35.9346076458756 34.6695171026159 24.2696177062398 26.7188128772626 28.9019114688124 31.8878269617697
-9999 -9999 -9999 -9999 -9999 22.8999999999998 28.7908450704222 27.3450704225358 26.0542253521127 24.6274647887332 22.421830985916 22.0408450704224 22.8084507042261 24.885211267606 23.2000000000003 26.3000000000005 22.9640845070424 20.6281690140851 27.0936619718302 23.7971830985914 21.9190140845069 22.0922535211269 24.1000000000002 24.1000000000002 27.6211267605637 19.3359154929578 27.4654929577462 24.3788732394365 30.611267605634 27.0760563380276 26.1063380281691 30.1507042253519 29.7598591549284 22.7669014084515 28.2485915492962 29.9999999999997 28.2028169014101 33.5816901408438 27.2753521126771 26.1443661971838 26.535211267602 24.7063380281693 25.0288732394366 25.8999999999998 37.1345070422531 30.7626760563374 33.0260563380282 35.9147887323942 29.3352112676078 29.6359154929571 24.2521126760566 32.3852112676051
-9999 -9999 -9999 -9999 -9999 26.0894366197184 22 26.674144869215 26.4654929577472 24.8611670020107 27.6876257545268 23.9970824949698 25.0889336016088 25.0003018108652 26.8538229376263 23.9892354124747 20.6602615694189 22.5206237424551 24.3439637826948 23.0958752515082 23.9884305835009 22.8187122736413 26.06277665996 22 26.7394366197182 36.8248490945664 24.514084507042 25.2029175050308 24.0184104627768 22.1853118712271 26.0615694164985 23.0285714285717 26.8283702213273 31.7992957746484 22.9801810865189 23.4714285714291 28.9944668008048 33.718913480885 27.8380281690134 30.0350100603626 37.9910462776665 29.6621730382304 24.6402414486919 30.6243460764593 26.5487927565387 33.7501006036254 30.7040241448688 36.3058350100604 32.1265593561406 33.9104627766597 29 34.3084507042257
-9999 -9999 -9999 -9999 26.9990945674044 28.7824949698183 23.9701207243459 25.0842052313886 23.9302816901407 23.429577464788 24.513782696176 23.5911468812876 20.6630784708249 23.4171026156944 23.0172032193159 19.9137826961782 20.3591549295752 21.1285714285719 21.5093561368203 22.6174044265599 18.9384305835012 25.0099597585514 25.8669014084502 27.7425553319916 23.4507042253528 21.7464788732397 21.10402414487 20.0516096579478 22.0914486921533 26.8714285714281 24.2571428571438 32.3857142857157 26.9206237424544 30.4351106639814 22.4841046277654 21.4357142857148 22.6236418511069 29.667404426559 31.2488933601618 30.6632796780666 29.630583501005 27.3652917505034 31.5458752515096 26.9156941649915 35 33.0282696176979 32.9719315895371 34 27.8714285714281 24.7200201207239 20.5088531187132 24.4722334004022
-9999 -9999 26.7286720321934 28 28.9929577464785 26.0581488933604 26.5916498993956 26.0670020120712 28.868309859155 30.1043259557343 25.3909456740449 22.503319919518 23.2206237424551 22.7251509054336 20 20.8170020120722 22.873943661968 22.3572434607642 22.0717303822939 20.129275653923 19.2428571428573 21.7759557344064 23.450503018109 25.3907444668009 22.1795774647888 25.7571428571427 22.3677062374247 23.3039235412472 25.8163983903407 23.2428571428573 26.0153923541246 24.2189134808852 30.3215291750508 30.4856136820921 21.2932595573446 23.8642857142866 21.7614688128785 28.1412474849095 35.0022132796772 29.9507042253516 37.7571428571427 28.6238430583503 27.1657947686115 34.598591549296 30.6178068410463 25.4745472837007 32.3591549295776 22.4382293762573 22.7904426559389 24.8450704225349 21.001106639839 27
-9999 29.0261569416494 22.9220321931592 27.4250503018102 29.2811871227374 26.0427565392355 25.6846076458748 24.5030181086524 25.8993963782684 27.9190140845075 26.592555331991 20.7510060362155 22.9084507042263 23.0774647887304 23.4431589537214 25 24.2837022132825 24.1685110663979 23.167002012073 23.659959758551 27.6428571428578 26.9446680080483 22.3219315895367 29.7147887323941 27 22.3571428571422 22 25.0990945674037 22.9652917505031 25.6428571428578 22.0407444668005 21.5935613682093 24.266096579478 19.3571428571423 31.2831991951702 19.6785714285706 22 20.5643863179077 25.0196177062375 29.728370221327 33.9592555331984 32.4703219315888 33.1378269617703 26.401408450704 34 27.7303822937638 25.6649899396374 22.7142857142845 23.0125754527169 22.1272635814892 22.1901408450706 22.1081488933601
-9999 23.9773641851109 27 29.4216297786727 23.9966800804827 23.1700201207237 23.2895372233394 22 26.197283702214 26.420321931587 21.4844064386322 26 23.6061368209248 26.5174044265592 26.1414486921521 25.2680080482901 23.6408450704248 20.7510060362168 21.6910462776665 23.6971830985912 25.3817907444671 22.410160965794 22.4734406438637 22.5285714285709 23.2605633802818 21.7045271629776 22.0277665995971 26 23.6075452716303 23.388028169014 19.5049295774651 19.500301810866 30.4481891348095 21.7460764587533 21.7111670020121 22.47142857143 19.8174044265596 20.9119718309848 19.3146881287741 26.0985915492969 25.1366197183146 27.0930583501003 24.7112676056342 27.3901408450703 32.7431589537225 27.802716297786 25.5285714285709 18 22.9834004024137 25.0365191146882 23.6615694164998 29.6627766599592
-9999 22.8599597585512 28.9095573440645 25 26.8285714285714 23.3441649899394 24.9646881287729 26 27.5072434607645 24.0824949698197 25.6972837022131 28.1196177062369 26.1557344064388 26.3844064386328 24.3034205231394 21.9306841046275 22.6246478873226 22.6906438631788 24.2723340040243 28.8745472837021 21.5069416498993 22.9679074446679 22.0352112676055 25.9133802816901 25.0645875251508 20.5857142857143 23 22.3506036217306 22.0494969818913 22.5174044265591 24.3542253521117 23.0492957746485 22.0948692152921 20.3263581488929 21.5857142857143 19.9142857142865 18.7731388329985 23.3110663983901 25.0948692152921 19.0084507042255 20.1976861167008 37.2791750503011 32.4578470824944 27.0636820925551 29.8586519114691 30.1546277666003 22.9988933601611 29.0612676056338 24.061871227367 33.2428571428571 34 30.7690140845074
26.4098591549296 24.567605633803 28 29.1683098591537 26.9929577464786 29.0838028169017 29.3950704225361 27.1584507042255 23.9612676056356 25.429577464788 26 26.3204225352111 25.6359154929587 24.6915492957753 20.2999999999997 23.9795774647892 26.3408450704251 24 23.0507042253518 18.7880281690138 25.2429577464785 22.2767605633799 21.9859154929578 22.5556338028163 19.899999999999 19.185211267606 18.2802816901408 22.7014084507036 21.509154929578 24.7232394366188 22.7000000000003 22.5999999999993 21.186619718309 20.2999999999997 19.0288732394356 19.9499999999989 22.467605633804 20 23 19 22.2809859154923 20.5999999999993 22.21338028169 23.5809859154926 35.2802816901408 36.9507042253521 31.1471830985913 32.0591549295776 31.9669014084528 32.5915492957747 27.7570422535215 24.2999999999997
