rasterData/S.Sudan_CLYPPT_M_sl2_250m_ll.asc
NCOLS 142 
NROWS 105 
XLLCORNER 24.121555621 
YLLCORNER 3.490201537 
CELLSIZE 0.0830935196478873 
NODATA_value -9999 
[rows 23 to 45 of 105, columns 52 to 103 of 142]
-9999 -9999 -9999 -9999 -9999 -9999 -9999 -9999 -9999 -9999 -9999 -9999 -9999 -9999 -9999 -9999 -9999 -9999 -9999 -9999 -9999 -9999 -9999 -9999 -9999 -9999 -9999 -9999 -9999 -9999 -9999 -9999 -9999 -9999 -9999 -9999 -9999 -9999 -9999 51.4340040241449 47.765593561368 46.6064386317893 46.9070422535212 45.9516096579475 40.2346076458759 35.5532193159033 44.8888329979876 47.1857142857145 47.7363179074446 45.9483903420514 42.3129778672069 45.5267605633787
-9999 -9999 -9999 -9999 -9999 -9999 -9999 -9999 -9999 -9999 -9999 -9999 -9999 -9999 -9999 -9999 -9999 42.871126760559 39.1809859154926 40.3338028169 45.8985915492958 -9999 -9999 -9999 -9999 -9999 -9999 -9999 -9999 -9999 -9999 -9999 -9999 -9999 -9999 -9999 -9999 -9999 37.7211267605617 44.433098591549 43.123943661972 44.9295774647855 40.5556338028163 43.2697183098591 43.0654929577447 35.3401408450725 35.4781690140859 41.7908450704238 44.5999999999993 46.3443661971836 45.7147887323939 40.610563380285
-9999 -9999 -9999 -9999 -9999 -9999 -9999 -9999 -9999 -9999 -9999 -9999 -9999 -9999 -9999 47.061871227365 43.4517102615691 44.8853118712276 36.1838028169014 35.7470824949676 43.3889336016096 38.6700201207241 -9999 -9999 -9999 -9999 -9999 -9999 -9999 -9999 -9999 -9999 -9999 -9999 -9999 -9999 -9999 43.8997987927566 43.1972837022052 44.138832997988 43.0806841046276 33.7304828973831 36.1496981891347 36.350804828974 31.472132796779 36 35 41.8249496981899 43.1271629778672 42.3246478873224 45.5075452716342 42.6528169014093
-9999 -9999 -9999 -9999 -9999 -9999 -9999 -9999 -9999 -9999 -9999 -9999 -9999 -9999 44.0066398390345 44.3159959758527 41.929275653925 44.6846076458762 43.6476861167006 42.5008048289761 43.3536217303825 40.6314889336018 39.0497987927564 43.0033199195173 -9999 -9999 -9999 -9999 -9999 -9999 -9999 -9999 -9999 -9999 -9999 -9999 44.7506036217305 47 45 43.3817907444666 37.4393360160963 39.9594567404428 29.6974849094565 31.2605633802822 31.1759557344069 34.5008048289737 40 41.3293762575465 41.176056338028 37.5955734406454 42.0442655935551 42.2954728370257
-9999 -9999 -9999 -9999 -9999 -9999 -9999 -9999 -9999 -9999 -9999 -9999 -9999 -9999 46.6478873239445 43.9622736418507 40.4260563380283 45.8863179074412 35.8963782696194 40.7696177062391 39.6383299798797 32.853118712272 41.7444668008037 36.6428571428577 39.5110663983926 -9999 -9999 -9999 -9999 -9999 -9999 -9999 -9999 -9999 -9999 40.228873239436 44.2047283702215 45.6242454728369 45.8596579476904 44 39.8229376257541 36.3697183098591 30.4336016096592 31.3571428571423 31.1227364185137 33.2676056338076 35 35.2540241448685 43 45.3978873239438 46.0492957746451 43.1041247484924
-9999 -9999 -9999 -9999 -9999 -9999 -9999 -9999 -9999 -9999 -9999 -9999 -9999 -9999 47.2535211267612 41.782897384307 41.9754527162958 38.194668008045 44.6220321931587 42.649396378269 42.3380281690143 42.0592555331991 37.8400402414491 36.2323943661968 42.7862173038233 37.7811871227367 -9999 -9999 -9999 -9999 -9999 -9999 -9999 -9999 42.1197183098598 40.3689134808843 34.3572434607642 44.1419517102616 47.1693158953731 43 35.7759557344064 28.9562374245453 29.6506036217305 31.5142857142854 31.7862173038237 39.2428571428573 34.388229376258 42.2887323943671 41.9331991951708 44.0479879275662 44.2428571428573 41.676056338024
-9999 -9999 -9999 -9999 -9999 -9999 -9999 -9999 -9999 -9999 -9999 -9999 -9999 40.9449698189131 43.737625754526 42.0920523138845 42.781690140847 43.0425553319923 39.0874245472844 40.0425553319927 40.7914486921532 41.2445674044267 42.8484909456729 42.9929577464785 44.6693158953702 43.7974849094568 40.6549295774659 -9999 -9999 -9999 -9999 -9999 44.9788732394391 41.2399396378279 46.8397384305828 35.609356136821 42.5469818913481 41.1285714285719 42.9610663983906 39 35.0774647887325 32.9156941649915 34.5563380281691 37.3221327967813 31.8513078470824 42.5140845070395 36.5553319919516 41.8714285714281 40.1285714285719 40.073340040241 41.0856136820954 44.8506036217296
-9999 -9999 -9999 -9999 -9999 -9999 -9999 -9999 -9999 36.3050301810948 35.0142857142859 37.325855130785 33.9966800804829 42.2645875251519 44.0281690140853 33.1041247484924 38.9919517102614 41.6784708249482 41.1174044265595 38.4373239436636 43.9667002012069 40.2344064386318 45.9586519114684 34 44.9874245472836 44.0033199195171 42.0142857142859 33.9845070422534 41.9857142857141 40.6876257545251 39.0172032193161 48.9097585513071 44.9996981891348 45.0104627766601 46.0035211267606 43.7314889336029 46.0630784708259 44.0142857142859 40.6984909456773 38.7894366197182 28.9868209255532 39.0489939637844 40.9857142857141 36.0037223340041 37.4874245472787 38.4859154929605 41.0200201207245 36.0203219315897 44.1642857142855 41.0481891348098 42.9378269617732 41.9857142857141
-9999 -9999 -9999 -9999 -9999 -9999 -9999 36.0204225352112 35.2485915492961 35.2295774647911 37.6422535211272 38.5549295774641 39.9232394366194 34.2352112676065 36.9992957746478 34.6105633802812 29.4528169014075 35.799295774648 34.6894366197186 42.0112676056335 43.6690140845072 38.9436619718309 39.9154929577467 40.8922535211262 33.7922535211247 35.1767605633806 39.7894366197196 39.7119718309884 41.4295774647898 42.4338028169053 43.6366197183102 42.735211267604 42.8619718309901 45.6999999999995 38.5563380281671 42.0640845070423 42.6739436619711 39.3570422535214 32.2422535211242 36.0190140845071 40.1000000000002 40.0929577464787 41.8669014084507 38.5654929577457 36.846478873242 34.0485915492961 40.0802816901408 36.8401408450699 38 42.9429577464779 41.8556338028192 40.676056338024
-9999 -9999 -9999 -9999 -9999 -9999 33.6433601609656 32.5814889336026 31.2877263581483 31.8475855130804 33.7193158953719 35.2711267605639 33.8903420523131 30.7600603621732 32.6443661971826 34.5140845070387 32.9124748491023 32.7590543259582 39.7706237424546 36.8163983903444 37.3309859154929 35.6976861166996 33.169014084507 29.9748490945662 30.8802816901387 32.8274647887329 30.5518108651906 33.001006036213 31.9079476861166 34.8973843058327 42.3309859154924 43.194668008048 38.2097585513082 38.2042253521136 38.9471830985914 38.7947686116696 40.528169014085 43.3264587525155 31.3028169014053 39.5789738430586 36.1976861167 41.2142857142855 37.2987927565391 39.4788732394356 36.8807847082515 36.8898390342059 37.3003018108647 39.7173038229381 39.0377263581488 40.9502012072426 41.0492957746451 38.6830985915522
-9999 -9999 -9999 -9999 -9999 30.6853118712269 35.5355130784717 28.5343058350107 30.0116700201203 35.6170020120742 35.3853118712277 31.6714285714286 32.7676056338045 34.5910462776658 32.6714285714286 30.5760563380315 31.5468812877244 33.5508048289749 31.8991951710263 31.9155935613653 31.2198189134809 33.3285714285714 27.1754527162979 24.9927565392356 32.9606639839027 32.4846076458753 32.6571428571428 33.4500000000023 35.858853118712 32.7774647887309 27.4084507042237 30.7930583501017 29.9647887323948 34.3895372233408 38.7405432595592 37.7588531187119 38.1289738430578 30.1365191146882 37.3028169014053 33 37.0520120724347 38.7066398390359 40.7200201207244 37.7251509054319 38 40.4859154929605 39.2695171026151 38.3285714285714 36.2128772635815 37.0633802816912 38.3616700201188 35.161971830988
-9999 -9999 -9999 -9999 -9999 35.9906438631794 29.4551307847089 32 33.7193158953717 38.4428571428574 35.8121730382288 36.732897384306 33.7524144869236 32.3231388329979 32.117404426559 30.8857142857148 28.7173038229394 30.853420523138 33.4436619718309 35.0523138833026 38.7801810865185 34.3149899396376 31.996579476861 27.5571428571426 32.5095573440658 33.4276659959756 25.0583501006054 25.7502012072449 25.4428571428574 26.2402414486898 27.8867203219321 28 35.5547283702213 34.0989939637823 38.0230382293773 35.5571428571426 35.9436619718301 28.5721327967814 35.7456740442627 32.4512072434606 35.7400402414481 36.9844064386311 36.2949698189138 31.1822937625752 37.1363179074457 39.2707243460779 36.6206237424547 37 39.6478873239439 39.5218309859146 40.0056338028166 37.8565392354106
27.7929577464775 23.1775653923536 26.6429577464803 28.9358148893351 30.9010060362177 30.9671026156953 30.4655935613687 38.556639839034 40.0984909456746 37.141146881289 37.3957746478873 33.0592555331981 32.5305835010061 30.1197183098595 32.8653923541243 25.062273641854 21.492756539235 27.7832997987906 36.16338028169 35.5571428571426 37.9652917505034 30.9688128772631 29.6974849094562 31.4342052313882 34.5095573440658 35.6714285714278 24.0944668008027 26.7972837022121 26.760663983903 26.9781690140873 34.0228370221326 27.9877263581503 33.5876257545234 27.059255533199 30.7535211267594 26.4428571428574 38.8200201207237 29.3256539235409 31.6541247484788 33.8098591549297 26.9225352112675 28.0155935613689 30.130985915493 28.5273641851105 34.3305835010073 36.4553319919495 37.9126760563371 39.0465794768621 40.586116700201 37.4075452716295 40.4977867203191 36
22.7210261569414 23.8382293762577 29.5128772635869 30.9190140845072 28.0458752515088 25.3497987927564 32.9699195171029 24.1928571428562 39.6454728370225 30.2738430583455 33.1426559356135 30.4397384305832 32.5774647887328 29 25.6995975855145 25.5179074446705 27.6571428571428 29.7801810865197 34.1827967806841 26.1008048289754 29.9834004024142 32.4751509054324 33.7408450704224 28.0070422535215 34.080382293764 34.3395372233401 30.9053319919497 26 26.1472837022137 29.6500000000021 31.2057344064393 27 26.9788732394391 30.1947686116704 28.9870221327997 31.7091549295785 34.4903420523137 29.0726358148896 28.3028169014053 28.9375251509055 29.5796780684102 27.0352112676073 30.8642857142858 31 30.9553319919505 37.6571428571428 31.5390342052301 35.4674044265587 34.5071428571427 38.5095573440617 32.2766599597624 35.161971830988
25 26.043259557344 29.5568410462783 28.7535211267612 20.453219315894 24.0045271629777 30.2862173038222 33.4647887323958 34.4632796780686 27.6820925553281 32.7359154929585 29.1202213279666 27.7178068410483 30.4522132796771 36.222837022133 32.1836016096562 28.8752515090553 36.0251509054314 27.4436619718309 36.0950704225355 34.7132796780686 31.0040241448692 29.7857142857145 31.998490945674 33.503018108651 35.3888329979882 33.6378269617714 25.4577464788756 32.3073440643877 26.8988933601621 27.0337022132788 26.2862173038234 28.7525150905473 28.8908450704224 27.2142857142855 28.6483903420527 25.7867203219326 27.5845070422532 33.3028169014053 27.1493963782696 27.8023138833 29.5513078470819 29.3571428571434 30.2047283702218 30.1343058350097 29.5875251509026 38.2555331991971 36.9839034205246 36 33.8490945674057 35.7962776659956 35.8727364185094
31.484507042253 30.471830985915 30.035915492958 30.4218309859153 31.07323943662 28.8809859154935 20.8359154929581 27.9816901408447 28.646478873239 35.9570422535208 29.2000000000003 25.9964788732393 27.7676056338045 35.8922535211264 28.6936619718302 22.6943661971813 28.1000000000002 26.3640845070441 27.9570422535209 33.4007042253503 34.3373239436622 27.8035211267608 27.2000000000003 31 34 33 34.9345070422533 32.4577464788756 33.9140845070419 33.1000000000002 24.1042253521117 27.1823943661981 26.1000000000002 25.866197183099 28.7535211267594 32.5971830985907 29.528169014085 33.3739436619721 32.4422535211245 32.7288732394366 30 30.9387323943678 27.8999999999998 28.7394366197178 26 23.0739436619672 35.8999999999998 28.7112676056329 29 34.2000000000003 33.9950704225355 32
31.4179074446684 29.465090543259 34.6357142857119 31.0178068410465 30.2514084507028 32.0770623742434 32.0902414486914 30.1756539235401 29.0045271629779 30.4152917505056 31.8958752515082 30.3401408450709 26.7709255533216 27.7371227364175 24.085211267607 23.8830985915478 28.2861167002062 29.323742454725 32.8699195171024 27.5341046277647 30.3262575452715 26.5696177062378 31.9857142857141 35.964688128772 35.8534205231365 36.5132796780681 36.6950704225329 30.9791750503016 34.0081488933602 31.9811871227362 30.7814889336023 30.9097585513071 25.9509054325977 27.1318913480881 27.5002012072457 28.2816901408439 30.9301810865181 32.0142857142859 29.5926559356075 32.974144869215 35.1274647887324 26.9994969818913 26 29.0074446680081 26.3482897384315 27.5067404426531 30.3956740442646 29.7011066398381 30.1592555331989 30.050000000001 33.8763581488984 32.0142857142859
25.5845070422532 30.6792756539216 32.4415492957769 30.4402414486924 34.0224346076447 26.8768611670014 28.0680080482891 29.2046277666005 31.8714285714281 29.8094567404415 32.3439637826957 29 33.2944668008007 26.7075452716321 26.1285714285719 20.9215291750493 27.6531187122751 27.7115694164978 35.5563380281691 28.7152917505052 35.3309859154929 26.8152917505024 32.8943661971834 33.8723340040237 35 33.2025150905432 33.4691146881285 29.0588531187128 32.1285714285719 34 32.8980885311884 25.5317907444701 25.9815895372255 26.2279678068411 26.3433601609671 30.907645875251 30.0679074446683 29.0534205231391 32.3028169014053 32.6441649899399 28.9900402414486 30.8407444667989 29.1478873239437 27.0335010060364 30.4329979879263 30.4516096579443 29.6755533199209 26.1853118712252 30.176056338028 28.3123742454747 28.0429577464764 33.838028169012
26.4836016096574 26.1570422535213 31.2428571428573 34.1410462776667 28.4129778672035 29.7622736418508 29.0693158953717 31.8336016096579 32.00291750503 33.4880281690095 33.2993963782698 31.6549295774642 29.4616700201228 25.2428571428573 26.0036217303825 26.677162977866 26.6203219315884 30.2435613682152 26.3281690140847 27.5563380281673 32.5869215291751 28.2082494969823 35.8143863179079 33.0283702213274 31.3369215291727 34.5811871227363 32.9161971830988 33.5857142857096 33.4295774647898 33.4522132796743 34.7075452716298 25.8613682092543 27.0211267605609 30.3441649899394 27.3027162977872 36.8255533199191 28.6001006036215 25.3416498993959 34.4320925553327 25.2363179074446 27.6796780684102 27.1990945674025 30.5976861167004 26.5598591549291 27.5142857142854 30.1180080482905 33.2582494969829 25.461468812878 27.8426559356135 30.7571428571427 27.0239436619705 29.3061368209257
35.3153923541252 -9999 32.2308853118729 32.4844064386326 30.6428571428578 29 31.5578470824961 32.4884305835 32.0729376257555 29.8591549295829 29.4225352112672 30.8893360160972 29.1493963782687 29.7625754527173 31.0759557344048 30.7862173038255 29.6363179074443 27.0045271629748 26.1986921529172 32.285211267607 30.3571428571422 27.6428571428577 31.1800804828989 30.0065392354128 32.7826961770626 34.6428571428577 31.1232394366191 33.8063380281702 30.786720321932 34.1634808853161 31 31.3506036217299 26.3420523138845 30.5568410462785 25.8239436619713 34.7162977867203 30 32.7012072434624 29.2535211267648 31.4793762575447 26.6926559356144 30.2630784708251 33.7484909456745 30.0216297786739 33.6267605633791 31.8163983903434 29.1267605633816 24.8143863179067 25.7057344064391 28.9366197183088 29.6111670020144 25.7605633802813
27.1958752515095 19.5285714285709 25.8306841046265 27.1369215291784 26.070724346076 25.5496981891335 32.1003018108638 29.6248490945666 32.3610663983897 32.9581488933623 30.5684104627764 29.8373239436615 30.1161971831018 31.0571428571417 32.4784708249506 34.9004024144854 29.6538229376291 30.1560362173048 22.7908450704223 30.1749496981916 33.156036217304 33.2655935613687 26.8943661971834 26.0534205231375 28.5354124748485 33.2456740442654 30.9065392354157 33.568410462774 31.202515090544 29.6156941649944 33 33.8600603621719 26.5062374245493 28.2533199195176 34.151810865189 33.4715291750493 34 33.1399396378272 33.9428571428583 31.8532193158964 32.3939637826966 34.9834004024137 26.4017102615699 27.375955734406 25.1972837022137 33.5285714285709 31.2821931589545 28.4060362173024 31.4355130784704 27 28.0050301810884 25.7524144869185
30.5857142857143 30.8519114688132 28.3044265593565 26.5434607645876 23.2804828973849 23.3720321931604 25.3606639839038 33.4434607645857 34.2286720321929 34.4295774647915 32.7052313883309 31.5295774647888 31.8684104627763 33.515593561368 33.9958752515089 28.5676056338026 33.8721327967818 27.7004024144867 24.7328973843058 26.0760563380285 30.7228370221328 35.5633802816905 25.4142857142857 32.2469818913482 29.8101609657914 34.1315895372234 30.6403420523165 32.224647887323 31.1779678068415 34.8828973843062 35.3792756539236 30.0915492957755 27.5645875251534 31.2268611670019 33.4413480885306 30.1390342052332 29.528169014085 33.7578470824951 32.2888329979892 29.1113682092555 35.6178068410464 31.6355130784731 24.4737424547284 23.4589537223341 26.4806841046288 31.0832997987933 28 29.5857142857143 29.3173038229376 26.7760563380272 26.9507042253549 25.932897384305
26.5816901408459 26.5999999999993 26.9408450704199 29.9260563380284 27.9133802816892 30.3429577464815 35.3612676056369 27.6471830985899 31.4345070422534 31.7000000000003 28.0591549295779 33 30.2323943661955 27.3838028169014 30.7021126760568 31.2683098591542 34.4654929577465 35.4697183098562 33.100000000001 25.856338028167 28.6330985915489 34.5309859154934 30.1478873239434 27.0091549295779 31.0119718309862 33 31 34.1626760563371 30.2697183098573 37 36.5042253521115 28.7000000000003 29.9704225352147 33.7000000000003 35.2464788732405 31.8922535211267 25.7415492957737 35.7000000000003 28.157746478876 35.4000000000007 30.2225352112671 27.2401408450673 29 26.8176056338024 26.8225352112692 32.5739436619676 30.7415492957737 32.4978873239433 31.370422535211 31.2809859154923 25.3345070422513 23.8866197183084
