rasterData/S.Sudan_CLYPPT_M_sl2_250m_ll.asc
NCOLS 142 
NROWS 105 
XLLCORNER 24.121555621 
YLLCORNER 3.490201537 
CELLSIZE 0.0830935196478873 
NODATA_value -9999 
[rows 69 to 91 of 105, columns 52 to 103 of 142]
20.373138832998 22.528169014085 21.8409456740433 24.6893360160958 21.9602615694158 24.5547283702216 26.0282696177048 26.2391348088545 24.3805835010059 26.4919517102619 24.9851106639841 26.3648893360159 25.3399396378276 23.0475855130785 27.1064386317907 27.1610663983913 25.435513078472 26.3309859154946 27.1320925553316 19.1328973843065 24.0347082494969 28.6861167002009 30.349295774648 35 30.442857142857 25.442857142857 24.9449698189151 29.2401408450693 24.557142857143 24.9507042253585 26.9439637826981 27 23.032897384302 26.482595573441 31.8036217303836 31.1569416498988 31.7660965794767 23 25.8658953722348 32.5270623742452 36.0520120724347 38 36.9345070422535 37.1822937625748 36.0696177062361 32.7135814889351 34.6664989939632 34.6850100603627 35.557142857143 30.8451710261543 31.3224346076525 34.9282696177054
23.9101609657945 18.5531187122744 24.2838028169 23.8626760563382 25.7306841046292 24.5689134808855 27.0510060362169 26.1137826961767 24 29.7112676056256 24.9476861166997 22.3294768611668 25.2277665995932 26.1809859154944 22.323138832996 23.4307847082486 22.8710261569447 28.0795774647872 22.0490945674038 20.8043259557362 24.8534205231391 24.1216297786721 32.1524144869211 35.9968812877262 31.8190140845046 26.5457746478866 28 28.7300804828929 31.8857142857131 29.4442655935577 29.6819919517114 22.3107645875235 23.9092555331953 28.4080482897393 37.5059356136827 33 32.2403420523139 26.9331991951704 28.908450704216 30 33.6003018108659 33.5571428571434 34.2452716297797 35.4428571428566 34.002012072437 30.4428571428566 31.9585513078467 32.3615694164977 37.9220321931591 31.5852112676067 35.9943661971834 35.9097585513066
23.7500000000004 21.9924547283701 26.4088531187085 27.343963782697 28.0771629778686 26.007142857142 26.2144869215274 24.8756539235405 22 22.4775653923487 26.1134808853127 26.0187122736429 26.7676056338045 25.3285714285714 25.6667002012071 27.2679074446717 25.4254527162939 21.8865191146875 21.2978873239437 23.5113682092549 22.7801810865191 27.2680080482899 24.6005030181089 26.3404426559356 34.919617706236 32.5153923541247 28.2316901408443 32.6714285714286 27.3829979879269 25.3285714285714 25.7513078470809 23.5355130784697 32.3285714285714 35.7134808853118 30.9154929577461 32.3285714285714 32 23.3055331991945 25.796680080485 30.291146881288 29.632796780684 34.7396378269655 34.7707243460765 27.2429577464787 31.1702213279662 30.6548289738449 30.8038229376271 31.4386317907468 30 29.0633802816912 31.6214285714314 30
26.2142857142853 23.8868209255534 22.0679074446703 22.2464788732388 24.6805835010069 24.5095573440672 23.5120724346077 24.6126760563355 26.1705231388337 25.5402414486907 25.4894366197172 25.8692152917496 21 20.7173038229377 21.4356136820922 23.8083501006043 26.0467806841041 26 25.095070422535 23.4044265593562 23.0457746478877 24.1715291750502 23.0829979879274 26.5699195171033 27.597082494971 27.2142857142853 29.5145875251521 27.3943661971775 30.2152917505044 29.7615694164958 32.5789738430566 34.1750503018102 33.7736418511084 33.4532193158943 35.7535211267594 35.4260563380262 37.8204225352136 31.4285714285707 24.14939637827 26.4190140845072 29.060865191147 33.4285714285707 31.1478873239437 27.9069416498989 28.9617706237432 33.3817907444692 30.0860160965791 26 30.4708249496989 29.2640845070428 30.1544265593591 27.1272635814906
25.7063380281694 23.4697183098594 21.7126760563363 21.1464788732387 25.7929577464793 29 27.5352112676065 24 23.7464788732392 22.6133802816878 25.8999999999998 23.5894366197177 23 22.8239436619716 22.9070422535213 21.3795774647915 25.5852112676093 23.9661971830989 22.6563380281692 22.0887323943667 24.2309859154927 25.4852112676058 24.1950704225351 24.1049295774652 24.1197183098613 23 22.1345070422536 22.0542253521125 31.8429577464787 31.7197183098567 32.8161971830994 35.0908450704226 24.8619718309901 26.220422535211 33.7288732394353 32.8999999999998 24.4246478873235 29 25.1000000000002 25.2711267605634 28.9225352112674 27.9591549295711 31.9373239436621 29.7394366197178 28.2281690140823 32 30.538732394367 28.6690140845063 26.9823943661972 27.1873239436621 27.9049295774644 28.0161971830988
23.1690140845063 24 22.058048289745 23.7319919517106 23.8661971830993 24.0702213279666 27.792253521128 20.7873239436627 26.3123742454732 23.4357142857171 26 22.7039235412487 22.4724346076427 24.0125754527164 25.9787726358144 24.7729376257514 23.2151911468794 24.0048289738431 24.5690140845072 24.1190140845038 23.0142857142859 33.5205231388329 25.9601609657944 22 22.8694164989918 23.9857142857141 24.3494969818903 24.4577464788756 21.9795774647885 28.0142857142859 31.7986921529183 28.8039235412458 33.0003018108652 28.9266599597578 23.7535211267594 25.359154929578 28.5138832997991 29.9940643863178 19.9140845070331 26.2105633802818 27.8615694164989 30.0413480885315 29.8685110663986 29.0285714285717 27.4054325955749 33.4785714285742 29.4042253521118 29.004124748491 30.0168008048291 31.0481891348098 29.0142857142859 29.6663983903379
23.5627766599595 24.5209255533202 25.3591549295797 25.3098591549289 21.8886317907443 23.1626760563369 22.257142857143 23.7381287726328 21.5952716297782 23.9266599597588 24.4686116700199 20.5661971830978 22.7636820925541 22.3857142857146 24.1276659959759 23.0229376257532 24.7989939637821 22.5768611670047 25.5151911468813 24.3150905432611 22.9139839034204 26.0107645875255 22.1976861166997 25.1285714285715 20.8868209255535 23.1285714285715 22.654929577466 26.5422535211244 29.2399396378258 20.1263581488993 23.8667002012043 22.7371227364162 27.8925553319894 23.2848088531178 24.882092555331 24.5946680080476 24.4111670020116 30.5875251509057 30.3047283702271 27.0615694164988 30.7264587525147 29.1592555332007 30.8521126760563 29.8010060362167 28 28.5104627766579 29.0516096579476 30.4173038229386 27.7632796780684 28.1838028169025 30.7491951710256 26.431690140849
23.2136820925556 24.471830985915 27.485211267604 23.0598591549294 25 24.0159959758546 23.1983903420526 24.8067404426558 24.8370221327965 24.1867203219344 20.653420523139 24.2346076458745 23.5947686116675 22.5729376257556 26.0017102615695 22.3228370221338 21 24.6690140845054 25.4436619718309 22.5563380281673 24.3380281690143 27.3551307847081 25.7571428571429 22.996579476861 22.2428571428571 23.3487927565392 23.4203219315889 22.7838028169067 25.6747484909449 22.7600603621714 23.2428571428571 24.7100603621727 23.9680080482934 27.6805835010056 28.5106639839024 22 28.5862173038223 22.8273641851102 27.2985915493005 32.9472837022133 29.2428571428571 29.9752515090522 28.4382293762577 27.5211267605644 29.1633802816905 27.8819919517096 31.0610663983897 30.7813883299792 29.7384305835012 27.9366197183088 28.7691146881282 26.20352112676
25.5241448692152 25.053822937626 25.7671026156904 25.3822937625737 24.8661971830992 24.629275653924 22.6428571428572 26.1312877263576 25.1217303822942 27.5201207243453 25.9456740442652 25.7022132796786 25.917002012073 23.3712273641854 25.6428571428572 21.0679074446689 23.6413480885343 25.1207243460753 23.2852112676056 25.5970824949659 22.7635814889337 27.1453722334006 25 22.0025150905434 24.0427565392362 26.7258551307848 29 21.8148893360184 26.0181086519091 21.4476861167008 23.7157947686114 23.7344064386326 23.7127766599599 25.844567404425 27.1046277666005 26.2308853118716 26.4919517102614 27.5845070422531 27.908953722332 33.5437625754526 27.9225352112674 28.0452716297808 36.1564386317907 27.4502012072436 30.3571428571428 27.193661971828 26.6151911468807 28.5427565392359 28.9320925553318 29.6654929577469 30.5618712273688 29.2660965794803
27.6082494969811 25.2489939637832 24.8101609657938 26.0872233400406 23.5285714285709 23.4403420523155 21.480181086519 26 25.5104627766597 25.9010060362206 26.0398390342056 22.6538229376264 27.1095573440637 23.9367203219314 23.9966800804827 25.5272635814902 22.781690140847 24.7712273641833 24 26.7059356136833 25.5096579476859 26.3560362173046 25.4727364185107 25.5853118712257 24.9435613682082 25.5809859154937 23.5285714285709 23.6996981891381 23.4959758551309 26.0051307847055 21.4206237424547 19.5198189134818 22.5161971830995 24.5226358148878 28 26.5080482897382 24.5583501006035 23.4154929577469 27.8313883299762 24.1005030181085 28.6307847082503 31.0551307847071 30.5285714285709 29.3908450704219 29.6625754527143 29.5285714285709 28.8728370221324 28.3924547283691 32 28.976358148895 28.0232394366184 29
25.4855130784708 28 26.4920523138802 27.0270623742463 27.1338028169007 26.4477867203205 26 27.4660965794776 22.848289738431 23.3164989939637 24.7753521126761 24.7978873239433 26 23.9893360160967 23.2481891348083 24 22.7604627766568 22.8285714285709 23.7695171026158 23.7401408450693 24.4142857142854 25.8285714285709 25.0618712273641 25.4125754527159 25 23.6819919517105 24.7978873239442 21.7753521126772 25.073641851107 24.6287726358122 24.478470824948 20.3763581488928 24.9649899396419 24.4519114688136 25 23.8512072434606 22.7469818913486 26.5857142857146 27.0059356136798 23.8886317907445 33.0132796780685 30.3644869215266 33.1225352112675 31.6748490945676 27.5918511066418 29.312776659956 31.6294768611704 28.7030181086525 31.1031187122736 27.5857142857146 27.9915492957751 27.4908450704216
25.9936619718303 28.2281690140849 27.4436619718319 24.4725352112673 28.0936619718305 27.6936619718311 27.6359154929582 25.7345070422546 25.6316901408452 22.3992957746459 22.4577464788729 23.8035211267607 24.3000000000001 26.5035211267613 24.9880281690135 23.6260563380271 24.3873239436613 23.6669014084505 26.1436619718309 24.1669014084503 21.0992957746479 21.5471830985916 17.3739436619717 25.6929577464785 25.0359154929584 23.1605633802817 24.3204225352126 20.5422535211244 20.557746478874 25.8098591549283 26.0345070422547 25.2633802816899 26.0408450704291 25.9197183098594 28.3739436619723 21.2563380281687 22.3302816901405 26 26.3028169014053 21.7133802816902 33.0859154929584 28 31.6999999999999 28.9218309859153 26.8612676056348 26.3401408450723 28.5985915492967 27.4154929577469 28.3000000000001 27.3112676056321 26.6654929577483 31.4619718309881
27.398792756539 27.384205231388 25.4781690140863 23.9542253521128 24.9480885311866 27.1473843058362 27 24.8337022132803 25.1268611670018 24.9202213279674 24.3727364185109 25.0640845070423 24.8574446680079 25.8142857142859 23.3701207243457 25.7282696177052 25.7331991951719 25.8072434607695 24.546981891348 21.4436619718327 21 22 21.0451710261565 20.8142857142859 24.8365191146886 22 23.2809859154921 23.3408450704212 23.3497987927574 25.0680080482889 24.1857142857141 24.6141851106624 24.202917505028 26.7323943661981 25.8142857142859 26.8265593561361 20.8119718309862 22.5531187122734 21.190342052312 24.9646881287727 33.7655935613682 28.2013078470831 27.1857142857141 27.7878269617702 30.4896378269626 27.0902414486926 29 31.2845070422552 28.4072434607649 28.7626760563373 25.6285714285717 30.3112676056328
27.4034205231393 26.5095573440639 23 26 24.9381287726359 28.9270623742456 27 28.5201207243479 25 24.0714285714284 25.9673038229377 26.9532193158955 24.7676056338045 25.0628772635814 23.9089537223332 26.8380281690129 19.3148893360068 22.7162977867189 23.9270623742453 25.1378269617646 20.4024144869213 22.9441649899397 19.0417505030179 25.9994969818913 22.2625754527182 21 23.9778672032192 22.43209255533 21.6418511066387 22.6599597585552 23 21.0065392354125 23.9984909456742 22.3913480885302 25.1750503018121 25.5950704225348 22.633299798793 25.2464788732406 20.6554325955674 26.2615694164988 26.0110663983903 32.8948692152937 26.0608651911468 30.0714285714284 33.3018108651925 31.4406438631768 24.9426559356139 28.8033199195161 26.9537223340041 30.8732394366175 30.029175050304 28.838028169012
25.3798792756539 26.5055331991954 25.3866197183123 25 29.1280684104621 26.9782696177051 28.0486921529163 26.034104627767 24.6966800804827 26.4540241448721 26.02323943662 24.971931589537 26.0857142857152 26.7656941649892 25.9932595573437 25.2495975855163 27.7481891348103 24.9858148893358 26.9571428571424 25.4436619718327 27.6403420523137 24.2183098591548 23.1439637826963 24.9507042253514 22.1574446680104 24.9242454728362 22.6901408450681 23.0392354124754 22.3867203219322 25.3461770623766 23.965895372233 24.095472837023 25.936921529177 25.2080482897388 23 23.640845070422 26.9484909456733 27.4583501006044 25.0298792756544 25.0081488933602 30.9225352112675 26.8836016096557 29.0491951710267 30.0111670020122 32 30.0208249496985 27.7099597585535 28.7236418511059 30 30.9366197183088 29.9613682092549 24.640140845066
25.4273641851103 28.4243460764576 27.2578470824946 26.910663983904 26.9766599597579 25.1360160965802 27.714486921529 25.0929577464791 24.7328973843055 27.5482897384287 28.0719315895372 29.6549295774642 27.8882293762594 26.659859154929 29.8369215291748 28.1405432595571 27.4062374245511 26.0520120724348 25.4017102615693 27.2940643863171 24.5471830985917 27.8159959758553 26.1571428571428 23.3061368209251 22.2204225352124 23 25.4966800804822 24.8428571428572 23.8207243460768 23.892655935614 24.125050301811 24.7800804828969 28.3076458752522 24.7300804828978 27.2368209255529 23.45985915493 26.2791750503021 25.5991951710264 26.521931589535 28.2231388329978 24.9324949698191 26.9703219315882 27.3050301810865 30.6641851106637 31.3732394366209 33.6049295774653 31.5045271629787 30.7310865191149 26.9723340040242 31.4651911468803 28.8013078470849 24.323943661976
25.1586519114688 28.9276659959765 26.8260563380286 27.451006036217 26.7648893360157 27.4532193158951 26 25.2042253521118 24.1854124748491 25.4155935613661 28.1471830985918 25.6549295774642 27.8066398390377 29 29.7215291750497 26.3483903420536 26.1982897384325 26.7285714285712 27.474245472837 28.8795774647882 27.5125754527164 24.7224346076461 24.6198189134811 28.7106639839024 24.7285714285712 22.2083501006038 26.6901408450681 23.9613682092577 23.9584507042249 20.7331991951742 25.5797786720326 26.0915492957755 27.5582494969805 29.0363179074446 28.6804828973842 24 23.7285714285712 18.1586519114688 27.2962776659987 33.7285714285712 27.9789738430583 24 29.8922535211268 31.3905432595577 28.3044265593579 29 30.8164989939644 32.5774647887341 25.2385311871234 27.711368209255 27.2939637826951 23.7285714285712
26 29.3244466800806 27.2770623742474 28.2906438631795 27 28.3986921529173 25.1723340040241 23.8278672032202 27.7365191146881 29.5704225352085 28.3330985915493 28.9211267605634 31.0531187122731 29.4130784708252 27.2215291750494 30.7072434607605 26.9157947686123 27.6142857142854 27.9560362173034 29.3417505030169 29.796680080483 26 28.5901408450703 28.6115694164986 25.3583501006035 24.5284708249499 22.2692152917514 28.5096579476856 25 24.4581488933607 26.2829979879265 26.6142857142854 26.5654929577449 22.9178068410466 24.9049295774643 26.0345070422524 24.5677062374248 24.8663983903425 23.5450704225358 27.3123742454731 26.1073440643866 34.021629778673 31.1377263581484 30.7394366197178 31.0853118712274 27.7015090543244 28.7534205231395 28.5630784708257 23.3857142857146 30.6142857142854 28.4159959758537 26.3857142857146
26 26.971830985915 26.6408450704203 25.5 26.5 26.0211267605626 30.5 25.3978873239441 26 28.7147887323957 30 31.1549295774642 25.1514084507067 29.5598591549298 32.0035211267607 30.8415492957725 31.781690140847 29.1690140845054 23.7218309859155 23.834507042251 30 28 27.5 27.9929577464785 25.3802816901387 22.8838028169014 24.827464788733 24.4577464788756 24.5 25.1830985915472 24.8978873239441 27.0457746478877 26.0105633802805 26.5669014084505 24 27.179577464789 23.528169014085 26.5 29.1971830985947 24.5 24.5387323943663 27.9471830985891 29.5 28 29 28.2711267605592 27.2992957746484 30.3556338028165 34.323943661972 27.9366197183088 25.5 29.5
26.9702213279673 26.471830985915 27.2206237424562 25.3028169014078 26 26.0081488933599 24.792354124748 25.8185110663977 27 31.1335010060384 29.7188128772637 32.0572434607638 31.8572434607656 29.7340040241454 31 31.064889336017 32 29.7167002012087 25 29.171126760564 30.2033199195171 28.3857142857141 28 29.9843058350093 29.3395372233391 26.4388329979879 27.2119718309852 25.5948692152906 27.7904426559341 26.3893360160993 24.7941649899378 24.5789738430582 28.3986921529159 24.6376257545273 28.8306841046262 25.2551307847078 24.4074446680082 22 33.3677062374336 24.8533199195172 24.3060362173043 27.9864185110658 25.0908450704225 27.8994969818912 29.9139839034196 28.0893360161017 28.6322937625748 35 31.243963782696 30.150704225351 24.980985915494 23.2862173038215
25.8559356136815 26.7432595573434 27 25.1126760563379 26.9636820925555 26.2560362173041 26.8031187122732 26.839436619718 25.0993963782693 29.6870221327947 29.1471830985915 33.3098591549285 32.7916498993961 31.2826961770622 30.0038229376259 29.9713279678065 31.3712273641841 29.4278672032165 28.6329979879272 31.2330985915463 31.0232394366192 30.2714285714284 29.1944668008048 29.0070422535215 27.8157947686134 26.7121730382291 27.3835010060376 28.5193158953712 25.4155935613676 25.82796780684 26.9184104627778 26.6618712273638 28 25.8050301810871 26.7535211267594 28.8260563380285 21.0710261569417 21.9228370221325 21.8107645875245 22.9483903420524 22.0210261569417 21.9839034205224 26.4571428571433 27 30 26.1318913480892 31.8375251509053 34.4034205231391 27.6478873239439 24.7919517102629 25.0554325955813 26.0287726358207
29.0531187122732 27.6023138833 26.9557344064395 28.922535211268 24.6360160965804 28.6890342052322 29.9856136820927 29.9679074446682 29.2069416498989 29.3399396378304 29.385814889336 27.5329979879291 31.1958752515078 29.4151911468808 30.8428571428576 28.2627766599607 30.5052313883254 31.2091549295771 30.3991951710266 29.4613682092566 29.7210261569416 31 32.8611670020125 29.1712273641853 25.1757545271597 29.1206237424544 26.1029175050301 27.7126760563345 29.8428571428576 26.2013078470797 26.6707243460775 27.105935613683 26.0211267605609 24.8849094567406 29.596378269617 26.0564386317907 21.7687122736426 21.6591549295786 22.5219315895345 24.0643863179068 22.0652917505032 24.7779678068385 26.2678068410455 25.4445674044259 25.4696177062367 27.4903420523158 26.3383299798787 28.223541247484 31.3244466800803 28 25.8998993963755 27.8634808853101
28.5845070422532 28.9773641851106 29.6408450704203 28.9894366197183 27.9628772635814 27.9797786720329 28.0954728370214 31.5661971831002 30.9864185110664 31.4724346076486 31.5582494969822 31.0576458752516 -9999 -9999 -9999 33.9188128772636 34.4535211267641 33.2664989939606 31.5753521126761 29.97615694165 28.3451710261568 30.2183098591547 30.0045271629779 28.0003018108652 29.1574446680101 28.2323943661973 29.0147887323943 28.0428571428572 31.9571428571428 27.9571428571428 26.0428571428572 27.8734406438624 27.0419517102617 25.9942655935614 24.3321931589549 25.5705231388324 23.5483903420527 26.458350100604 26.9870221327969 22.9837022132797 24.1136820925555 26.9249496981876 24.9571428571428 25.7599597585508 26.3015090543237 24.5067404426588 24.060060362173 27.6807847082487 31.3861167002015 25.1035211267616 26.9550301810866 25.0428571428572
