rasterData/S.Sudan_bio4.asc
NCOLS 142 
NROWS 105 
XLLCORNER 24.121555621 
YLLCORNER 3.490201537 
CELLSIZE 0.0830935196478873 
NODATA_value -3.4e+38 
[rows 22 to 43 of 105, columns 49 to 97 of 142]
-3.4e+38 -3.4e+38 -3.4e+38 -3.4e+38 -3.4e+38 -3.4e+38 -3.4e+38 -3.4e+38 -3.4e+38 -3.4e+38 -3.4e+38 -3.4e+38 -3.4e+38 -3.4e+38 -3.4e+38 -3.4e+38 -3.4e+38 -3.4e+38 -3.4e+38 -3.4e+38 -3.4e+38 -3.4e+38 -3.4e+38 -3.4e+38 -3.4e+38 -3.4e+38 -3.4e+38 -3.4e+38 -3.4e+38 -3.4e+38 -3.4e+38 -3.4e+38 -3.4e+38 -3.4e+38 -3.4e+38 -3.4e+38 -3.4e+38 -3.4e+38 -3.4e+38 -3.4e+38 -3.4e+38 -3.4e+38 -3.4e+38 -3.4e+38 158.067489624023 158.747283935547 161.526443481445 160.414749145508 156.124954223633
-3.4e+38 -3.4e+38 -3.4e+38 -3.4e+38 -3.4e+38 -3.4e+38 -3.4e+38 -3.4e+38 -3.4e+38 -3.4e+38 -3.4e+38 -3.4e+38 -3.4e+38 -3.4e+38 -3.4e+38 -3.4e+38 -3.4e+38 -3.4e+38 -3.4e+38 -3.4e+38 -3.4e+38 -3.4e+38 -3.4e+38 -3.4e+38 -3.4e+38 -3.4e+38 -3.4e+38 -3.4e+38 -3.4e+38 -3.4e+38 -3.4e+38 -3.4e+38 -3.4e+38 -3.4e+38 -3.4e+38 -3.4e+38 -3.4e+38 -3.4e+38 -3.4e+38 -3.4e+38 -3.4e+38 -3.4e+38 -3.4e+38 159.674102783203 158.11067199707 156.980987548828 159.06672668457 160.844696044922 157.323806762695
-3.4e+38 -3.4e+38 -3.4e+38 -3.4e+38 -3.4e+38 -3.4e+38 -3.4e+38 -3.4e+38 -3.4e+38 -3.4e+38 -3.4e+38 -3.4e+38 -3.4e+38 -3.4e+38 -3.4e+38 -3.4e+38 -3.4e+38 -3.4e+38 -3.4e+38 -3.4e+38 -3.4e+38 169.647888183594 169.803497314453 -3.4e+38 -3.4e+38 -3.4e+38 -3.4e+38 -3.4e+38 -3.4e+38 -3.4e+38 -3.4e+38 -3.4e+38 -3.4e+38 -3.4e+38 -3.4e+38 -3.4e+38 -3.4e+38 -3.4e+38 -3.4e+38 -3.4e+38 -3.4e+38 -3.4e+38 164.479919433594 161.589111328125 158.665878295898 162.023361206055 162.970367431641 163.077255249023 159.392608642578
-3.4e+38 -3.4e+38 -3.4e+38 -3.4e+38 -3.4e+38 -3.4e+38 -3.4e+38 -3.4e+38 -3.4e+38 -3.4e+38 -3.4e+38 -3.4e+38 -3.4e+38 -3.4e+38 -3.4e+38 -3.4e+38 -3.4e+38 -3.4e+38 -3.4e+38 165.436401367188 162.6123046875 164.804412841797 164.673797607422 163.454528808594 161.477478027344 -3.4e+38 -3.4e+38 -3.4e+38 -3.4e+38 -3.4e+38 -3.4e+38 -3.4e+38 -3.4e+38 -3.4e+38 -3.4e+38 -3.4e+38 -3.4e+38 -3.4e+38 -3.4e+38 -3.4e+38 -3.4e+38 165.872940063477 165.461990356445 164.369689941406 164.271392822266 164.124252319336 163.217880249023 160.892028808594 160.959823608398
-3.4e+38 -3.4e+38 -3.4e+38 -3.4e+38 -3.4e+38 -3.4e+38 -3.4e+38 -3.4e+38 -3.4e+38 -3.4e+38 -3.4e+38 -3.4e+38 -3.4e+38 -3.4e+38 -3.4e+38 -3.4e+38 -3.4e+38 161.71728515625 161.706741333008 156.584182739258 154.283569335938 156.048187255859 156.405517578125 152.79443359375 154.876647949219 158.061431884766 -3.4e+38 -3.4e+38 -3.4e+38 -3.4e+38 -3.4e+38 -3.4e+38 -3.4e+38 -3.4e+38 -3.4e+38 -3.4e+38 -3.4e+38 -3.4e+38 -3.4e+38 -3.4e+38 168.564025878906 168.956848144531 168.643264770508 167.909774780273 166.550643920898 164.42057800293 160.444213867188 157.834976196289 154.808212280273
-3.4e+38 -3.4e+38 -3.4e+38 -3.4e+38 -3.4e+38 -3.4e+38 -3.4e+38 -3.4e+38 -3.4e+38 -3.4e+38 -3.4e+38 -3.4e+38 -3.4e+38 -3.4e+38 -3.4e+38 -3.4e+38 -3.4e+38 155.278427124023 153.038177490234 150.139938354492 149.760070800781 150.543746948242 151.825820922852 148.799026489258 150.143768310547 154.802795410156 156.394973754883 156.37287902832 -3.4e+38 -3.4e+38 -3.4e+38 -3.4e+38 -3.4e+38 -3.4e+38 -3.4e+38 -3.4e+38 -3.4e+38 -3.4e+38 -3.4e+38 171.330444335938 171.186737060547 173.807144165039 170.999114990234 169.841751098633 165.677734375 163.638732910156 159.65283203125 155.670211791992 157.192001342773
-3.4e+38 -3.4e+38 -3.4e+38 -3.4e+38 -3.4e+38 -3.4e+38 -3.4e+38 -3.4e+38 -3.4e+38 -3.4e+38 -3.4e+38 -3.4e+38 -3.4e+38 -3.4e+38 -3.4e+38 -3.4e+38 -3.4e+38 150.613754272461 147.34016418457 145.176818847656 146.413070678711 146.19514465332 146.591079711914 147.598403930664 145.884689331055 147.625244140625 150.65950012207 154.688415527344 155.528350830078 -3.4e+38 -3.4e+38 -3.4e+38 -3.4e+38 -3.4e+38 -3.4e+38 -3.4e+38 -3.4e+38 -3.4e+38 174.1142578125 174.349899291992 175.135345458984 177.789398193359 177.418731689453 174.608779907227 168.958023071289 165.419281005859 157.163162231445 155.329864501953 156.481842041016
-3.4e+38 -3.4e+38 -3.4e+38 -3.4e+38 -3.4e+38 -3.4e+38 -3.4e+38 -3.4e+38 -3.4e+38 -3.4e+38 -3.4e+38 -3.4e+38 -3.4e+38 -3.4e+38 -3.4e+38 -3.4e+38 148.879501342773 146.909683227539 144.801910400391 142.05224609375 142.370300292969 143.203216552734 141.66520690918 142.398513793945 142.487442016602 145.05192565918 147.861450195312 153.984893798828 155.886978149414 156.525634765625 -3.4e+38 -3.4e+38 -3.4e+38 -3.4e+38 -3.4e+38 -3.4e+38 -3.4e+38 174.569549560547 174.585800170898 175.847381591797 178.289962768555 181.185043334961 183.211608886719 178.981063842773 172.448425292969 164.481689453125 165.96955871582 164.591705322266 158.127777099609
-3.4e+38 -3.4e+38 -3.4e+38 -3.4e+38 -3.4e+38 -3.4e+38 -3.4e+38 -3.4e+38 -3.4e+38 -3.4e+38 -3.4e+38 -3.4e+38 -3.4e+38 151.638763427734 148.941070556641 146.166900634766 145.665939331055 144.10417175293 141.633682250977 139.304931640625 138.620513916016 139.665176391602 137.359375 136.774368286133 138.403915405273 142.206985473633 146.472549438477 150.224807739258 153.666458129883 154.900009155273 156.196823120117 158.546630859375 162.839370727539 166.14990234375 166.633071899414 169.459945678711 171.501495361328 175.921661376953 177.775665283203 179.945037841797 184.543502807617 187.573593139648 185.886962890625 178.472930908203 168.889511108398 169.414398193359 172.693298339844 165.451797485352 155.44514465332
-3.4e+38 -3.4e+38 -3.4e+38 -3.4e+38 -3.4e+38 -3.4e+38 -3.4e+38 -3.4e+38 -3.4e+38 -3.4e+38 -3.4e+38 151.498428344727 150.390121459961 147.336791992188 145.119827270508 142.7998046875 140.833099365234 139.082794189453 136.239547729492 135.185470581055 136.236633300781 135.586883544922 135.495971679688 134.056640625 136.152969360352 135.096618652344 137.658340454102 140.553634643555 147.575302124023 152.243865966797 154.765029907227 157.625625610352 161.558166503906 166.507186889648 168.377944946289 170.74577331543 170.453475952148 177.097640991211 182.271331787109 187.642166137695 191.338851928711 189.458053588867 181.150817871094 179.495727539062 178.38818359375 176.634262084961 170.311508178711 162.649688720703 154.909744262695
-3.4e+38 -3.4e+38 -3.4e+38 -3.4e+38 -3.4e+38 -3.4e+38 -3.4e+38 -3.4e+38 -3.4e+38 154.37043762207 151.265167236328 148.112533569336 145.227691650391 142.815704345703 140.03010559082 137.958999633789 136.273345947266 134.104537963867 132.010528564453 129.648712158203 129.579345703125 128.015426635742 127.991149902344 128.172958374023 128.752456665039 123.286834716797 119.486175537109 120.072608947754 125.11784362793 131.890960693359 140.521011352539 147.4892578125 154.668533325195 156.28092956543 159.898422241211 164.086715698242 167.830657958984 175.045349121094 182.041854858398 188.0927734375 189.528106689453 184.851593017578 186.202697753906 185.850784301758 180.375457763672 173.814361572266 166.198532104492 162.281692504883 157.011657714844
-3.4e+38 -3.4e+38 -3.4e+38 -3.4e+38 -3.4e+38 -3.4e+38 -3.4e+38 -3.4e+38 152.23518371582 151.202987670898 147.309341430664 144.668884277344 143.389083862305 140.106491088867 134.814407348633 133.261795043945 130.234069824219 127.508262634277 125.070907592773 124.285125732422 122.510856628418 112.577178955078 108.100929260254 108.858428955078 108.654899597168 104.925682067871 105.60604095459 109.527793884277 115.46012878418 119.005195617676 124.574348449707 130.626235961914 141.44255065918 148.402969360352 152.480178833008 156.083709716797 164.002044677734 168.573013305664 176.037170410156 183.206192016602 181.066055297852 180.181533813477 186.277740478516 183.718643188477 177.789215087891 170.676193237305 169.228912353516 163.974594116211 160.749908447266
-3.4e+38 -3.4e+38 -3.4e+38 -3.4e+38 -3.4e+38 -3.4e+38 -3.4e+38 -3.4e+38 151.893417358398 147.918167114258 145.051483154297 143.156967163086 142.238250732422 139.030548095703 135.099395751953 131.321853637695 126.274383544922 122.721969604492 121.313621520996 118.395362854004 114.566749572754 108.673858642578 109.560386657715 112.779037475586 111.621719360352 107.703010559082 104.939453125 108.910522460938 115.673797607422 128.398788452148 141.869567871094 146.283706665039 151.090438842773 155.66780090332 158.543350219727 161.368927001953 165.748794555664 167.567443847656 168.408981323242 171.511383056641 173.507110595703 179.687637329102 183.186508178711 179.814834594727 173.037872314453 169.358016967773 170.416748046875 167.304092407227 162.272857666016
167.913009643555 170.154998779297 170.682983398438 167.730255126953 163.676223754883 158.648483276367 149.992858886719 144.424606323242 144.626617431641 142.881805419922 142.537567138672 139.995346069336 139.440292358398 137.890914916992 134.331939697266 129.613418579102 124.355056762695 119.154685974121 112.943305969238 106.915367126465 106.444526672363 109.25464630127 112.798187255859 117.996292114258 120.079406738281 114.13045501709 104.866111755371 108.834785461426 116.519882202148 136.74577331543 144.597122192383 149.003570556641 150.257766723633 151.57893371582 155.483901977539 163.755706787109 166.320571899414 168.271224975586 169.900115966797 174.748382568359 177.081695556641 177.432357788086 176.578323364258 172.668563842773 172.001220703125 167.821426391602 161.676681518555 160.991653442383 154.715515136719
165.184005737305 165.118728637695 162.755401611328 158.864944458008 156.641159057617 150.801086425781 132.863815307617 130.771041870117 138.018112182617 140.183181762695 141.195129394531 135.897262573242 133.614471435547 133.177993774414 131.523086547852 128.569595336914 123.098854064941 117.263290405273 110.970573425293 108.23796081543 108.758354187012 112.300148010254 116.271347045898 120.752738952637 123.576385498047 119.481872558594 106.734855651855 107.967407226562 114.807067871094 132.230041503906 142.404769897461 146.588119506836 148.730422973633 152.790237426758 159.553421020508 162.258209228516 164.784469604492 167.933364868164 171.049789428711 174.691299438477 174.938354492188 174.663772583008 173.917541503906 172.771408081055 170.23486328125 168.234252929688 164.103927612305 154.796005249023 153.885894775391
162.078308105469 158.821548461914 156.519866943359 154.372985839844 151.954849243164 146.799560546875 129.407974243164 130.836730957031 140.488235473633 140.175506591797 140.077438354492 133.935470581055 130.436431884766 127.868217468262 125.933822631836 123.724479675293 120.025215148926 115.441291809082 114.483322143555 112.862823486328 112.72664642334 114.314834594727 118.581893920898 122.027229309082 125.191474914551 115.531379699707 103.659820556641 105.832244873047 111.431350708008 125.806938171387 136.347076416016 140.21809387207 145.824920654297 152.333938598633 156.758972167969 160.005950927734 164.061782836914 166.71452331543 168.90510559082 170.728958129883 169.87873840332 169.415298461914 170.176971435547 168.483612060547 165.088272094727 164.966979980469 161.653060913086 154.971908569336 150.708404541016
159.562118530273 156.020568847656 154.31884765625 151.929916381836 136.57243347168 128.720108032227 126.060073852539 130.684967041016 137.672088623047 135.843307495117 131.96614074707 128.971221923828 126.681045532227 121.889343261719 118.072021484375 118.712333679199 118.085311889648 115.150505065918 115.010871887207 113.966781616211 115.357398986816 116.97339630127 119.113037109375 123.418426513672 120.705268859863 102.160507202148 102.505989074707 106.972755432129 118.993515014648 125.213493347168 132.446838378906 136.187393188477 140.333877563477 146.114562988281 152.239593505859 157.414169311523 161.173370361328 165.158004760742 168.007278442383 167.424667358398 167.199935913086 168.199020385742 166.000869750977 166.49267578125 164.942047119141 162.81510925293 159.752349853516 157.874557495117 158.617370605469
164.501113891602 157.504150390625 156.577529907227 153.753921508789 139.181167602539 128.903106689453 127.171188354492 125.356880187988 128.876495361328 126.479782104492 120.79419708252 117.204063415527 118.87703704834 111.768783569336 109.538383483887 116.944023132324 117.775993347168 115.831588745117 115.507278442383 115.972122192383 117.845275878906 119.150001525879 120.375297546387 121.795364379883 112.163497924805 98.8102035522461 102.056716918945 108.599815368652 117.303649902344 120.105651855469 128.50910949707 131.735931396484 132.024475097656 143.322158813477 150.597549438477 155.727661132812 159.817398071289 162.652847290039 164.935943603516 165.535079956055 166.350875854492 167.202346801758 164.740432739258 165.442687988281 167.030746459961 162.119338989258 161.238967895508 159.518112182617 159.419586181641
161.72932434082 157.982803344727 156.025421142578 155.790817260742 149.469863891602 145.283935546875 144.640274047852 144.44514465332 140.436721801758 133.662384033203 126.741340637207 121.607276916504 110.526634216309 102.16236114502 102.132133483887 114.349830627441 116.081535339355 116.178367614746 117.030364990234 118.789710998535 119.494209289551 119.700202941895 118.996726989746 121.191719055176 113.47087097168 100.755928039551 103.778030395508 109.009727478027 112.882339477539 122.330795288086 127.743263244629 125.855079650879 124.519569396973 135.966201782227 146.716888427734 155.309036254883 157.556243896484 159.290557861328 160.393035888672 160.796875 163.92155456543 164.405776977539 163.503463745117 164.485305786133 165.726516723633 163.419174194336 159.620223999023 159.958480834961 157.023864746094
159.804428100586 158.483703613281 157.248931884766 156.059204101562 154.464569091797 156.377685546875 154.986038208008 147.738494873047 133.71955871582 118.072792053223 113.385673522949 114.281684875488 104.00513458252 98.1675872802734 97.1526412963867 108.374229431152 115.335182189941 117.671966552734 120.08878326416 122.231422424316 124.308296203613 122.211776733398 123.795433044434 121.223960876465 116.002906799316 101.044807434082 103.5078125 107.209083557129 110.49488067627 118.17936706543 122.875862121582 122.581077575684 122.836975097656 132.205520629883 148.676879882812 153.848052978516 157.71858215332 157.76725769043 160.045028686523 160.043090820312 161.113143920898 163.613143920898 164.035659790039 164.035354614258 163.640930175781 163.386978149414 159.490020751953 157.98876953125 154.311935424805
157.744979858398 156.609970092773 156.531097412109 154.061004638672 157.564086914062 158.282608032227 156.17626953125 146.124404907227 128.292617797852 115.804885864258 112.992584228516 105.407112121582 98.6740341186523 97.2879486083984 95.8436126708984 100.825828552246 115.855186462402 121.80810546875 123.829360961914 125.611465454102 124.788063049316 124.700942993164 123.013648986816 120.949249267578 115.063888549805 102.600410461426 104.163520812988 108.381454467773 110.683670043945 115.148635864258 119.228446960449 121.081916809082 124.517684936523 135.429260253906 148.474349975586 153.0849609375 157.629592895508 158.799652099609 158.404891967773 158.837707519531 160.085159301758 162.628921508789 160.209289550781 160.833084106445 163.328598022461 163.805633544922 159.000549316406 154.415954589844 155.376846313477
157.665466308594 156.333618164062 154.71711730957 155.409881591797 152.319046020508 150.181396484375 147.09391784668 143.874633789062 137.044799804688 127.869918823242 119.612274169922 108.910232543945 100.201683044434 96.5951080322266 98.9605102539062 104.154357910156 115.745758056641 122.167358398438 124.99340057373 127.740364074707 127.531517028809 126.790199279785 125.028091430664 126.167793273926 119.659507751465 108.595474243164 105.438896179199 108.469833374023 111.398887634277 116.611061096191 123.207656860352 120.933525085449 124.141021728516 133.564178466797 145.131591796875 153.601974487305 158.325546264648 158.347702026367 157.969100952148 159.945755004883 161.262985229492 159.976699829102 156.412261962891 158.676040649414 162.402618408203 159.500534057617 159.003067016602 159.136779785156 156.622283935547
