rasterData/S.Sudan_bio4.asc
NCOLS 142 
NROWS 105 
XLLCORNER 24.121555621 
YLLCORNER 3.490201537 
CELLSIZE 0.0830935196478873 
NODATA_value -3.4e+38 
[rows 22 to 43 of 105, columns 0 to 48 of 142]
-3.4e+38 -3.4e+38 -3.4e+38 -3.4e+38 -3.4e+38 -3.4e+38 -3.4e+38 -3.4e+38 -3.4e+38 -3.4e+38 -3.4e+38 -3.4e+38 -3.4e+38 -3.4e+38 -3.4e+38 -3.4e+38 -3.4e+38 -3.4e+38 218.947692871094 220.893646240234 223.646270751953 220.983627319336 -3.4e+38 -3.4e+38 -3.4e+38 -3.4e+38 -3.4e+38 -3.4e+38 -3.4e+38 -3.4e+38 -3.4e+38 -3.4e+38 -3.4e+38 -3.4e+38 -3.4e+38 -3.4e+38 -3.4e+38 -3.4e+38 -3.4e+38 -3.4e+38 -3.4e+38 -3.4e+38 -3.4e+38 -3.4e+38 -3.4e+38 -3.4e+38 -3.4e+38 -3.4e+38 -3.4e+38
-3.4e+38 -3.4e+38 -3.4e+38 -3.4e+38 -3.4e+38 -3.4e+38 -3.4e+38 -3.4e+38 -3.4e+38 -3.4e+38 -3.4e+38 -3.4e+38 223.220901489258 221.169586181641 218.666900634766 220.310485839844 221.762405395508 219.578002929688 218.227828979492 219.184280395508 221.712188720703 220.115600585938 -3.4e+38 -3.4e+38 -3.4e+38 -3.4e+38 -3.4e+38 -3.4e+38 -3.4e+38 -3.4e+38 -3.4e+38 -3.4e+38 -3.4e+38 -3.4e+38 -3.4e+38 -3.4e+38 -3.4e+38 -3.4e+38 -3.4e+38 -3.4e+38 -3.4e+38 -3.4e+38 -3.4e+38 -3.4e+38 -3.4e+38 -3.4e+38 -3.4e+38 -3.4e+38 -3.4e+38
-3.4e+38 -3.4e+38 -3.4e+38 -3.4e+38 -3.4e+38 -3.4e+38 -3.4e+38 -3.4e+38 -3.4e+38 -3.4e+38 -3.4e+38 218.948638916016 217.489273071289 216.540069580078 219.998168945312 218.366271972656 214.539215087891 215.766723632812 217.540725708008 216.968765258789 217.140884399414 214.706481933594 -3.4e+38 -3.4e+38 -3.4e+38 -3.4e+38 -3.4e+38 -3.4e+38 -3.4e+38 -3.4e+38 -3.4e+38 -3.4e+38 -3.4e+38 -3.4e+38 -3.4e+38 -3.4e+38 -3.4e+38 -3.4e+38 -3.4e+38 -3.4e+38 -3.4e+38 -3.4e+38 -3.4e+38 -3.4e+38 -3.4e+38 -3.4e+38 -3.4e+38 -3.4e+38 -3.4e+38
-3.4e+38 -3.4e+38 -3.4e+38 -3.4e+38 -3.4e+38 -3.4e+38 -3.4e+38 -3.4e+38 -3.4e+38 -3.4e+38 -3.4e+38 217.872100830078 213.199295043945 211.157989501953 212.611053466797 213.759078979492 213.340148925781 215.746917724609 215.747756958008 214.28630065918 215.211517333984 212.013320922852 212.78337097168 -3.4e+38 -3.4e+38 -3.4e+38 -3.4e+38 -3.4e+38 -3.4e+38 -3.4e+38 -3.4e+38 -3.4e+38 -3.4e+38 -3.4e+38 -3.4e+38 -3.4e+38 -3.4e+38 -3.4e+38 -3.4e+38 -3.4e+38 -3.4e+38 -3.4e+38 -3.4e+38 -3.4e+38 -3.4e+38 -3.4e+38 -3.4e+38 -3.4e+38 -3.4e+38
-3.4e+38 -3.4e+38 -3.4e+38 -3.4e+38 -3.4e+38 -3.4e+38 -3.4e+38 -3.4e+38 -3.4e+38 -3.4e+38 -3.4e+38 215.890197753906 211.969146728516 210.884643554688 209.997009277344 208.982864379883 208.217239379883 211.75341796875 213.362884521484 209.917190551758 212.076934814453 210.100799560547 207.635864257812 206.970489501953 -3.4e+38 -3.4e+38 -3.4e+38 -3.4e+38 -3.4e+38 -3.4e+38 -3.4e+38 -3.4e+38 -3.4e+38 -3.4e+38 -3.4e+38 -3.4e+38 -3.4e+38 -3.4e+38 -3.4e+38 -3.4e+38 -3.4e+38 -3.4e+38 -3.4e+38 -3.4e+38 -3.4e+38 -3.4e+38 -3.4e+38 -3.4e+38 -3.4e+38
-3.4e+38 -3.4e+38 -3.4e+38 -3.4e+38 -3.4e+38 -3.4e+38 -3.4e+38 -3.4e+38 -3.4e+38 -3.4e+38 -3.4e+38 215.425354003906 209.880859375 209.378555297852 210.187286376953 209.694976806641 208.811737060547 210.372375488281 209.739288330078 208.535263061523 208.924407958984 206.714126586914 205.135986328125 205.197143554688 207.221908569336 -3.4e+38 -3.4e+38 -3.4e+38 -3.4e+38 -3.4e+38 -3.4e+38 -3.4e+38 -3.4e+38 -3.4e+38 -3.4e+38 -3.4e+38 -3.4e+38 -3.4e+38 -3.4e+38 -3.4e+38 -3.4e+38 -3.4e+38 -3.4e+38 -3.4e+38 -3.4e+38 -3.4e+38 -3.4e+38 -3.4e+38 -3.4e+38
-339999999999999996123846586046231871488.000000000000000 -3.4e+38 -3.4e+38 -3.4e+38 -3.4e+38 -3.4e+38 -3.4e+38 -3.4e+38 -3.4e+38 -3.4e+38 214.854675292969 212.024780273438 209.332489013672 208.795394897461 208.295593261719 208.208099365234 208.451736450195 206.687103271484 206.836364746094 208.267135620117 205.653762817383 204.607925415039 202.924987792969 203.008544921875 205.685150146484 208.457458496094 -3.4e+38 -3.4e+38 -3.4e+38 -3.4e+38 -3.4e+38 -3.4e+38 -3.4e+38 -3.4e+38 -3.4e+38 -3.4e+38 -3.4e+38 -3.4e+38 -3.4e+38 -3.4e+38 -3.4e+38 -3.4e+38 -3.4e+38 -3.4e+38 -3.4e+38 -3.4e+38 -3.4e+38 -3.4e+38 -3.4e+38
-3.4e+38 -3.4e+38 -3.4e+38 -3.4e+38 -3.4e+38 -3.4e+38 -3.4e+38 -3.4e+38 -3.4e+38 214.526840209961 209.411376953125 208.128646850586 208.630142211914 206.361892700195 204.578353881836 205.81608581543 206.777603149414 205.109359741211 206.055755615234 205.600723266602 202.159576416016 202.166580200195 201.807983398438 202.466400146484 203.219787597656 205.067901611328 206.878402709961 -3.4e+38 -3.4e+38 -3.4e+38 -3.4e+38 -3.4e+38 -3.4e+38 -3.4e+38 -3.4e+38 -3.4e+38 -3.4e+38 -3.4e+38 -3.4e+38 -3.4e+38 -3.4e+38 -3.4e+38 -3.4e+38 -3.4e+38 -3.4e+38 -3.4e+38 -3.4e+38 -3.4e+38 -3.4e+38
-3.4e+38 -3.4e+38 -3.4e+38 -3.4e+38 -3.4e+38 -3.4e+38 -3.4e+38 -3.4e+38 -3.4e+38 208.142807006836 205.587448120117 205.575576782227 205.561370849609 202.943344116211 201.441040039062 203.713912963867 204.636779785156 204.152099609375 204.888717651367 204.991333007812 199.849716186523 201.162261962891 202.126434326172 200.75065612793 200.280776977539 201.789306640625 203.176864624023 202.115783691406 -3.4e+38 -3.4e+38 -3.4e+38 -3.4e+38 -3.4e+38 -3.4e+38 -3.4e+38 -3.4e+38 -3.4e+38 -3.4e+38 -3.4e+38 -3.4e+38 -3.4e+38 -3.4e+38 -3.4e+38 -3.4e+38 -3.4e+38 -3.4e+38 -3.4e+38 -3.4e+38 -3.4e+38
-3.4e+38 -3.4e+38 -3.4e+38 -3.4e+38 -3.4e+38 -3.4e+38 -3.4e+38 -3.4e+38 -3.4e+38 203.861129760742 205.634078979492 205.179382324219 201.26806640625 197.797241210938 197.466659545898 199.204971313477 201.194381713867 204.240463256836 199.357070922852 201.128707885742 199.081329345703 200.752746582031 199.543838500977 198.215316772461 197.033645629883 199.400573730469 200.157165527344 200.934677124023 201.695434570312 -3.4e+38 -3.4e+38 -3.4e+38 -3.4e+38 -3.4e+38 -3.4e+38 -3.4e+38 -3.4e+38 -3.4e+38 -3.4e+38 -3.4e+38 -3.4e+38 -3.4e+38 -3.4e+38 -3.4e+38 -3.4e+38 -3.4e+38 -3.4e+38 -3.4e+38 -3.4e+38
-3.4e+38 -3.4e+38 -3.4e+38 -3.4e+38 -3.4e+38 -3.4e+38 -3.4e+38 -3.4e+38 -3.4e+38 201.174865722656 205.038543701172 206.795043945312 199.363037109375 196.104293823242 194.798950195312 191.876647949219 195.844772338867 198.116851806641 195.023635864258 197.52702331543 196.482757568359 198.320693969727 197.805908203125 199.023635864258 196.58528137207 198.067733764648 197.203125 198.01286315918 198.718963623047 -3.4e+38 -3.4e+38 -3.4e+38 -3.4e+38 -3.4e+38 193.83528137207 195.584548950195 196.524078369141 193.353790283203 191.198852539062 191.196899414062 191.312072753906 190.908447265625 191.693466186523 193.25471496582 191.671188354492 190.32975769043 -3.4e+38 -3.4e+38 -3.4e+38
-3.4e+38 -3.4e+38 -3.4e+38 -3.4e+38 -3.4e+38 -3.4e+38 -3.4e+38 -3.4e+38 199.63623046875 197.126724243164 198.818832397461 199.674011230469 196.202728271484 193.97380065918 195.790939331055 196.087173461914 197.457992553711 196.639007568359 195.505798339844 194.277435302734 193.285247802734 193.773559570312 197.245254516602 198.580337524414 196.399749755859 194.469650268555 195.072509765625 195.750564575195 194.147796630859 193.955459594727 194.479888916016 192.834518432617 192.630187988281 193.076477050781 192.309097290039 196.036331176758 192.788955688477 188.30241394043 187.738616943359 189.747222900391 189.346206665039 189.87646484375 190.376083374023 186.947372436523 187.126586914062 189.216659545898 187.966766357422 -3.4e+38 -3.4e+38
-3.4e+38 -3.4e+38 -3.4e+38 -3.4e+38 -3.4e+38 -3.4e+38 -3.4e+38 196.81022644043 195.412567138672 193.493225097656 194.106155395508 195.893814086914 190.25830078125 192.540390014648 194.684768676758 195.744186401367 195.751892089844 195.58642578125 193.721328735352 192.999252319336 193.21142578125 194.141754150391 197.782562255859 195.359146118164 194.308090209961 194.182907104492 194.886184692383 195.628509521484 192.408126831055 192.553146362305 192.031677246094 189.21858215332 190.609436035156 191.423706054688 194.72216796875 195.526672363281 190.883361816406 188.061233520508 188.558883666992 187.584182739258 186.4716796875 186.073135375977 186.571258544922 183.81135559082 182.865783691406 185.921127319336 182.837524414062 -3.4e+38 -3.4e+38
-3.4e+38 -3.4e+38 -3.4e+38 -3.4e+38 -3.4e+38 -3.4e+38 -3.4e+38 190.653442382812 188.741683959961 190.164505004883 189.407257080078 192.79362487793 192.382308959961 193.431640625 195.760238647461 193.936309814453 191.712265014648 190.718978881836 190.925216674805 191.814682006836 191.056625366211 192.23291015625 193.872116088867 191.7158203125 190.171890258789 190.078903198242 191.679733276367 192.401473999023 188.661987304688 187.731353759766 188.636016845703 190.016510009766 188.86686706543 190.072647094727 198.819412231445 194.299118041992 190.774063110352 188.282775878906 186.648513793945 185.741836547852 185.088821411133 184.317489624023 184.304412841797 182.960342407227 181.02214050293 181.217346191406 179.687164306641 175.343307495117 171.296173095703
-3.4e+38 -3.4e+38 -3.4e+38 -3.4e+38 -3.4e+38 -3.4e+38 -3.4e+38 189.788757324219 188.893737792969 190.968490600586 189.799285888672 192.388809204102 191.255004882812 192.797576904297 192.846572875977 191.251129150391 189.65950012207 186.688049316406 186.801864624023 190.237014770508 191.776473999023 191.552749633789 191.649490356445 189.611953735352 186.780471801758 185.544174194336 186.839050292969 186.390548706055 188.928497314453 188.421020507812 187.436294555664 187.434188842773 188.142181396484 188.314468383789 193.293640136719 187.370635986328 187.311492919922 187.357437133789 186.560928344727 185.758071899414 183.51969909668 182.504287719727 181.511978149414 180.518905639648 178.047622680664 175.793228149414 173.943267822266 168.250106811523 167.029739379883
-3.4e+38 -3.4e+38 -3.4e+38 -3.4e+38 -3.4e+38 -3.4e+38 -3.4e+38 191.145935058594 191.230728149414 193.350311279297 190.349166870117 189.838592529297 189.28498840332 191.005706787109 188.140487670898 184.886764526367 183.485397338867 183.284454345703 182.660430908203 186.084869384766 187.27702331543 189.319946289062 189.750885009766 189.566131591797 185.797760009766 184.329833984375 186.877639770508 187.131561279297 186.969284057617 186.033020019531 186.696685791016 188.88623046875 186.908676147461 189.637771606445 188.611801147461 188.540817260742 189.534255981445 187.642303466797 186.24267578125 182.386032104492 180.383071899414 179.22607421875 177.786819458008 175.512939453125 171.715866088867 170.147994995117 170.595932006836 167.977188110352 166.936370849609
-3.4e+38 -3.4e+38 -3.4e+38 -3.4e+38 -3.4e+38 -3.4e+38 184.271896362305 187.209243774414 189.546630859375 192.545120239258 188.17170715332 187.419418334961 188.255126953125 185.270812988281 184.255584716797 182.450241088867 180.801345825195 180.517196655273 181.884628295898 180.991760253906 181.447937011719 183.767608642578 184.669326782227 186.775909423828 187.089630126953 182.297775268555 182.096527099609 183.761489868164 185.892181396484 186.209228515625 188.489807128906 186.676132202148 186.456497192383 192.189849853516 188.709686279297 187.282363891602 189.520645141602 186.39729309082 183.171539306641 181.254730224609 181.184768676758 178.972381591797 176.743087768555 173.642807006836 170.906707763672 173.087295532227 173.992202758789 172.323318481445 166.759155273438
-3.4e+38 -3.4e+38 -3.4e+38 -3.4e+38 -3.4e+38 -3.4e+38 180.136352539062 183.065567016602 186.209442138672 189.470657348633 184.171798706055 178.641784667969 180.10693359375 178.969482421875 180.972091674805 180.292709350586 179.425338745117 178.821502685547 179.596481323242 180.020446777344 178.932434082031 180.351364135742 181.078430175781 181.140899658203 182.669189453125 182.470489501953 180.587295532227 182.779998779297 186.205657958984 183.918594360352 186.78776550293 186.188232421875 186.046249389648 190.41633605957 186.319961547852 185.617401123047 186.512145996094 184.385925292969 183.944259643555 186.10871887207 181.203262329102 177.53874206543 175.78825378418 172.90559387207 175.654922485352 179.14111328125 177.094787597656 175.255554199219 173.441940307617
-3.4e+38 -3.4e+38 -3.4e+38 -3.4e+38 -3.4e+38 177.452987670898 177.966171264648 172.829696655273 176.245040893555 176.772979736328 171.173583984375 167.619384765625 168.865203857422 168.974090576172 175.218734741211 173.053268432617 173.500381469727 173.173568725586 174.164489746094 176.225296020508 177.691543579102 179.946029663086 182.18977355957 180.146453857422 181.841217041016 181.728576660156 178.353942871094 180.749618530273 179.290740966797 180.431304931641 182.669448852539 182.758560180664 186.210571289062 187.733551025391 185.730316162109 182.131271362305 182.317611694336 183.77619934082 186.125549316406 185.841033935547 182.312377929688 182.205322265625 179.673309326172 173.015335083008 173.112197875977 174.010055541992 170.690292358398 168.004196166992 166.359649658203
-3.4e+38 -3.4e+38 167.137451171875 161.954666137695 160.698532104492 171.599990844727 169.901504516602 166.478973388672 168.279739379883 170.211761474609 168.886001586914 165.63020324707 164.526916503906 164.448745727539 169.402053833008 171.976577758789 172.203201293945 172.765365600586 173.470687866211 174.892242431641 172.975219726562 177.814544677734 182.201080322266 184.365615844727 179.237915039062 180.181182861328 176.71467590332 177.939498901367 177.248565673828 180.482864379883 180.123046875 180.978729248047 185.141784667969 187.968673706055 185.023681640625 181.253753662109 181.889236450195 182.545455932617 184.105880737305 186.098220825195 190.678909301758 189.738265991211 180.055068969727 170.280502319336 169.737060546875 171.078536987305 171.740310668945 167.224029541016 161.303939819336
-3.4e+38 162.714019775391 161.136322021484 156.454559326172 156.25634765625 160.785858154297 164.411315917969 162.970809936523 161.418579101562 165.869094848633 169.489044189453 164.930191040039 164.71565246582 168.113662719727 172.891906738281 173.931625366211 174.151138305664 173.445068359375 174.595001220703 176.391250610352 177.508453369141 179.837371826172 181.111541748047 177.92497253418 180.188674926758 178.84147644043 176.045120239258 176.454513549805 178.214462280273 177.197952270508 178.270492553711 179.69255065918 182.926086425781 182.259078979492 183.752883911133 179.532623291016 179.130294799805 180.320037841797 180.887954711914 185.003036499023 188.973403930664 187.606399536133 176.61572265625 172.083908081055 173.130828857422 173.60302734375 173.300857543945 166.194717407227 159.892211914062
-3.4e+38 -3.4e+38 156.678146362305 156.427703857422 155.260025024414 153.082809448242 156.340286254883 157.153442382812 160.381561279297 162.430267333984 164.268447875977 162.761337280273 167.318084716797 172.732299804688 173.597946166992 171.664215087891 171.792831420898 170.305145263672 169.877258300781 172.913314819336 174.772277832031 175.805435180664 175.798065185547 176.338729858398 177.558639526367 176.040237426758 175.162048339844 177.105331420898 177.224502563477 174.759750366211 175.884185791016 175.7177734375 181.381378173828 177.628356933594 178.977401733398 178.097045898438 176.663101196289 176.923034667969 175.47395324707 179.919479370117 181.304077148438 181.229080200195 175.560638427734 176.027587890625 178.496505737305 176.997329711914 170.186416625977 162.986541748047 157.990447998047
