rasterData/S.Sudan_bio4.asc
NCOLS 142 
NROWS 105 
XLLCORNER 24.121555621 
YLLCORNER 3.490201537 
CELLSIZE 0.0830935196478873 
NODATA_value -3.4e+38 
[rows 44 to 65 of 105, columns 0 to 48 of 142]
-3.4e+38 153.729385375977 154.886840820312 158.088745117188 158.836883544922 156.951721191406 156.13215637207 156.592910766602 160.713760375977 160.650863647461 158.381530761719 161.777862548828 167.269256591797 169.756195068359 170.346145629883 167.192672729492 166.393463134766 167.087677001953 168.788864135742 173.743743896484 173.378067016602 170.437133789062 170.891723632812 173.129379272461 174.345367431641 173.136703491211 172.908782958984 174.90461730957 174.199279785156 172.543884277344 173.612823486328 176.750640869141 176.769912719727 173.324096679688 175.473175048828 173.775650024414 173.181869506836 173.200775146484 173.47477722168 174.044540405273 174.168655395508 174.350708007812 177.360137939453 175.839889526367 178.11833190918 178.686187744141 168.196365356445 161.856704711914 159.16423034668
-3.4e+38 152.200408935547 154.670639038086 157.469985961914 159.89469909668 159.186492919922 158.228515625 158.409652709961 159.388946533203 159.217498779297 158.029144287109 159.979827880859 161.806579589844 160.245330810547 165.168899536133 164.37922668457 164.910232543945 164.271499633789 166.124664306641 169.527069091797 168.202133178711 166.814270019531 166.795059204102 170.393447875977 171.064544677734 171.179244995117 169.8076171875 172.54069519043 171.58430480957 169.973999023438 172.807693481445 173.116180419922 170.590377807617 170.075485229492 173.754379272461 170.357971191406 172.049652099609 171.920959472656 170.754333496094 170.161163330078 169.501861572266 172.226089477539 170.246200561523 174.165679931641 176.991973876953 177.582672119141 169.241577148438 162.848327636719 161.71076965332
149.813003540039 152.117553710938 157.859390258789 157.283218383789 157.739151000977 157.694808959961 155.07048034668 154.468704223633 156.211318969727 156.511871337891 155.480514526367 157.095901489258 158.763290405273 159.40071105957 165.051361083984 163.681594848633 161.689971923828 160.966262817383 161.266983032227 160.903823852539 159.822082519531 160.980728149414 164.250198364258 168.487762451172 169.36540222168 167.842651367188 169.365295410156 170.547012329102 168.290573120117 167.28678894043 169.989288330078 167.734130859375 168.398452758789 168.308670043945 171.016494750977 169.055755615234 168.605041503906 168.488327026367 168.56494140625 167.622650146484 166.784469604492 169.534469604492 166.885543823242 167.686813354492 168.63508605957 169.498764038086 165.222290039062 160.701431274414 157.587310791016
-3.4e+38 150.289047241211 157.28303527832 155.083389282227 152.698638916016 151.651260375977 150.288925170898 150.903610229492 152.159927368164 155.889419555664 155.025787353516 156.021514892578 158.99967956543 159.289733886719 162.062637329102 160.152069091797 160.294586181641 157.719116210938 155.937072753906 152.233978271484 150.491744995117 156.962692260742 164.714828491211 165.844039916992 165.880081176758 167.320907592773 169.834228515625 169.416976928711 166.446060180664 168.558700561523 168.43147277832 166.9052734375 165.515197753906 164.686080932617 167.111587524414 166.14323425293 166.65217590332 166.190246582031 166.702224731445 166.312576293945 164.180923461914 167.452911376953 165.9013671875 164.519577026367 164.344329833984 162.265197753906 158.805969238281 158.021118164062 154.418182373047
-3.4e+38 -3.4e+38 -3.4e+38 -3.4e+38 -3.4e+38 -3.4e+38 -3.4e+38 146.072296142578 147.800247192383 151.601547241211 151.814163208008 151.883209228516 155.800720214844 157.377731323242 157.062789916992 159.183227539062 159.265731811523 157.643142700195 154.969863891602 151.174499511719 148.962554931641 153.964996337891 158.462326049805 159.30158996582 160.458694458008 164.16259765625 167.975891113281 167.493377685547 166.390411376953 167.501754760742 166.123016357422 164.875930786133 163.599380493164 164.080047607422 164.914627075195 165.240112304688 167.829299926758 165.410308837891 165.212356567383 164.153350830078 162.68766784668 166.13835144043 163.624404907227 161.386444091797 161.968154907227 160.338821411133 156.095458984375 153.907470703125 152.701431274414
-3.4e+38 -3.4e+38 -3.4e+38 -3.4e+38 -3.4e+38 -3.4e+38 -3.4e+38 -3.4e+38 -3.4e+38 -3.4e+38 146.873428344727 147.464782714844 153.107833862305 154.210647583008 152.821899414062 155.345397949219 156.342468261719 151.318389892578 150.140029907227 148.586181640625 148.816207885742 151.406753540039 152.045028686523 152.230545043945 155.115875244141 158.635238647461 161.333236694336 163.178680419922 163.509475708008 161.195877075195 161.322463989258 159.688369750977 159.989181518555 161.291595458984 161.216079711914 163.223602294922 166.371047973633 166.700332641602 162.94401550293 161.313003540039 163.696884155273 163.949203491211 161.51448059082 159.560485839844 159.998352050781 159.803314208984 155.050399780273 151.962280273438 150.938049316406
-3.4e+38 -3.4e+38 -3.4e+38 -3.4e+38 -3.4e+38 -3.4e+38 -3.4e+38 -3.4e+38 -3.4e+38 -3.4e+38 142.287353515625 146.0869140625 151.125991821289 148.437362670898 149.373153686523 154.775863647461 153.011016845703 148.428527832031 145.697601318359 145.55110168457 146.812789916992 148.695907592773 148.120452880859 147.778045654297 149.682952880859 155.068008422852 158.799743652344 160.825592041016 161.662246704102 159.010665893555 159.121353149414 159.468185424805 157.438598632812 157.921157836914 159.572387695312 160.871078491211 161.819976806641 161.38850402832 159.983642578125 160.299133300781 161.353775024414 159.923126220703 158.048828125 158.261154174805 157.17448425293 156.033584594727 154.683822631836 152.529144287109 152.524230957031
-3.4e+38 -3.4e+38 -3.4e+38 -3.4e+38 -3.4e+38 -3.4e+38 -3.4e+38 -3.4e+38 -3.4e+38 -3.4e+38 -3.4e+38 140.759674072266 146.784027099609 143.7001953125 145.235397338867 144.723495483398 145.262420654297 144.498886108398 142.59521484375 142.55924987793 144.160827636719 144.103134155273 142.727310180664 145.142852783203 147.520034790039 151.392532348633 153.002777099609 158.852401733398 161.228393554688 155.682540893555 154.632583618164 154.456268310547 154.846649169922 155.547409057617 158.699859619141 158.459503173828 157.398208618164 157.980865478516 159.275390625 159.465286254883 159.204299926758 159.339553833008 156.854034423828 156.914291381836 155.392166137695 154.61247253418 154.252914428711 152.760269165039 153.272369384766
-3.4e+38 -3.4e+38 -3.4e+38 -3.4e+38 -3.4e+38 -3.4e+38 -3.4e+38 -3.4e+38 -3.4e+38 -3.4e+38 -3.4e+38 -3.4e+38 -3.4e+38 138.348922729492 140.105453491211 139.909469604492 141.527328491211 140.583953857422 139.819885253906 142.189987182617 144.224212646484 144.510375976562 143.802032470703 144.342346191406 147.223937988281 148.394378662109 148.366470336914 153.957977294922 153.953018188477 150.658996582031 150.531372070312 150.943786621094 150.926712036133 152.218872070312 152.709854125977 154.462036132812 154.479614257812 156.829849243164 157.712326049805 156.463897705078 155.686370849609 157.1640625 155.932922363281 154.955093383789 154.36262512207 154.8134765625 153.489990234375 152.705795288086 152.43049621582
-3.4e+38 -3.4e+38 -3.4e+38 -3.4e+38 -3.4e+38 -3.4e+38 -3.4e+38 -3.4e+38 -3.4e+38 -3.4e+38 -3.4e+38 -3.4e+38 -3.4e+38 -3.4e+38 136.614685058594 138.819122314453 140.917495727539 140.480911254883 141.5478515625 143.421676635742 141.9951171875 141.509948730469 142.615859985352 143.938873291016 145.982162475586 143.592025756836 144.980361938477 147.483047485352 146.906402587891 148.777496337891 146.867172241211 146.877090454102 150.357437133789 150.676223754883 149.01188659668 149.510284423828 150.81721496582 153.04524230957 154.197952270508 153.983474731445 152.518798828125 152.845077514648 152.439117431641 152.202651977539 153.21028137207 154.09684753418 152.179672241211 152.276306152344 150.923385620117
-3.4e+38 -3.4e+38 -3.4e+38 -3.4e+38 -3.4e+38 -3.4e+38 -3.4e+38 -3.4e+38 -3.4e+38 -3.4e+38 -3.4e+38 -3.4e+38 -3.4e+38 -3.4e+38 130.214553833008 133.118469238281 135.50407409668 137.638198852539 138.988739013672 138.522354125977 139.115249633789 138.266738891602 137.91081237793 137.839340209961 137.17724609375 137.283645629883 138.380142211914 142.279449462891 143.572998046875 146.801940917969 144.545013427734 144.926528930664 148.320755004883 149.435745239258 148.72119140625 147.653366088867 148.863677978516 151.245315551758 153.658111572266 151.337356567383 148.532775878906 149.712341308594 149.934936523438 149.82063293457 151.103805541992 152.853149414062 149.387145996094 150.189514160156 150.381698608398
-3.4e+38 -3.4e+38 -3.4e+38 -3.4e+38 -3.4e+38 -3.4e+38 -3.4e+38 -3.4e+38 -3.4e+38 -3.4e+38 -3.4e+38 -3.4e+38 -3.4e+38 -3.4e+38 128.548431396484 132.592224121094 133.336776733398 135.231369018555 137.405960083008 139.860946655273 139.487243652344 137.241500854492 137.663070678711 134.458770751953 133.250518798828 134.5517578125 136.718719482422 140.072372436523 142.108657836914 144.851272583008 144.833648681641 147.096481323242 148.459930419922 149.276794433594 150.265167236328 150.496185302734 150.894622802734 150.272018432617 148.91552734375 147.869812011719 147.91227722168 148.808670043945 148.198104858398 148.31867980957 148.771041870117 149.794372558594 150.910125732422 150.380157470703 149.5458984375
-339999999999999996123846586046231871488.000000000000000 -3.4e+38 -3.4e+38 -3.4e+38 -3.4e+38 -3.4e+38 -3.4e+38 -3.4e+38 -3.4e+38 -3.4e+38 -3.4e+38 -3.4e+38 -3.4e+38 127.283042907715 131.027847290039 133.556884765625 132.753845214844 132.429244995117 135.395538330078 139.434844970703 140.744033813477 140.525115966797 139.492004394531 135.566070556641 133.117141723633 135.753219604492 137.459411621094 140.81623840332 142.443557739258 144.343887329102 145.636428833008 147.615310668945 150.597381591797 151.148178100586 151.612777709961 152.278213500977 149.59147644043 146.943023681641 144.919097900391 145.109497070312 146.038757324219 146.778167724609 147.26725769043 146.61865234375 145.979141235352 147.307754516602 147.946334838867 148.641418457031 147.665023803711
-3.4e+38 -3.4e+38 -3.4e+38 -3.4e+38 -3.4e+38 -3.4e+38 -3.4e+38 -3.4e+38 -3.4e+38 -3.4e+38 -3.4e+38 -3.4e+38 -3.4e+38 -3.4e+38 127.116516113281 128.664581298828 130.89079284668 131.192626953125 131.958450317383 136.858444213867 140.197067260742 142.339340209961 139.615417480469 136.631332397461 134.31135559082 138.018783569336 139.697998046875 141.091873168945 142.885498046875 142.995391845703 143.559753417969 145.852783203125 149.282638549805 151.82958984375 150.018920898438 148.258392333984 146.53108215332 145.04345703125 145.073608398438 145.04426574707 145.397323608398 145.094131469727 144.240325927734 143.482086181641 144.091690063477 146.036987304688 145.260528564453 145.772644042969 144.9833984375
-3.4e+38 -3.4e+38 -3.4e+38 -3.4e+38 -3.4e+38 -3.4e+38 -3.4e+38 -3.4e+38 -3.4e+38 -3.4e+38 -3.4e+38 -3.4e+38 -3.4e+38 -3.4e+38 -3.4e+38 122.913787841797 127.22428894043 128.001449584961 130.363525390625 133.012023925781 135.141128540039 138.739700317383 135.836563110352 135.657333374023 132.988815307617 138.397369384766 140.973068237305 141.161483764648 141.721801757812 140.761474609375 141.450637817383 143.990615844727 146.550430297852 148.41032409668 145.594085693359 143.433578491211 142.515258789062 141.374694824219 142.191314697266 145.195816040039 145.087936401367 144.213150024414 142.91162109375 142.993209838867 143.899566650391 143.873245239258 142.932022094727 142.792495727539 142.496170043945
-3.4e+38 -3.4e+38 -3.4e+38 -3.4e+38 -3.4e+38 -3.4e+38 -3.4e+38 -3.4e+38 -3.4e+38 -3.4e+38 -3.4e+38 -3.4e+38 -3.4e+38 -3.4e+38 -3.4e+38 -3.4e+38 125.875297546387 124.81965637207 127.902770996094 126.686462402344 129.896484375 133.656723022461 133.58171081543 133.637634277344 131.571807861328 139.54035949707 141.716232299805 140.827728271484 139.424743652344 138.8232421875 141.288696289062 144.289093017578 145.276504516602 146.621780395508 143.48258972168 142.364440917969 142.098129272461 141.064254760742 141.748031616211 144.655166625977 144.278121948242 142.8154296875 141.374282836914 143.003112792969 143.641448974609 142.464233398438 141.004760742188 140.753860473633 139.898147583008
-3.4e+38 -3.4e+38 -3.4e+38 -3.4e+38 -3.4e+38 -3.4e+38 -3.4e+38 -3.4e+38 -3.4e+38 -3.4e+38 -3.4e+38 -3.4e+38 -3.4e+38 -3.4e+38 -3.4e+38 -3.4e+38 -3.4e+38 -3.4e+38 124.284103393555 121.084892272949 125.271331787109 127.889801025391 127.67115020752 128.616729736328 128.737976074219 136.398559570312 137.76335144043 139.102416992188 137.990264892578 138.774276733398 140.307159423828 142.728317260742 143.689651489258 143.291366577148 142.045028686523 141.408843994141 142.031829833984 141.914688110352 141.37890625 143.81901550293 141.563125610352 140.611892700195 140.656051635742 140.95915222168 141.774566650391 141.058303833008 140.631896972656 139.679306030273 137.834381103516
-3.4e+38 -3.4e+38 -3.4e+38 -3.4e+38 -3.4e+38 -3.4e+38 -3.4e+38 -3.4e+38 -3.4e+38 -3.4e+38 -3.4e+38 -3.4e+38 -3.4e+38 -3.4e+38 -3.4e+38 -3.4e+38 -3.4e+38 -3.4e+38 -3.4e+38 -3.4e+38 -3.4e+38 122.210311889648 123.76212310791 124.379066467285 125.023788452148 129.976425170898 131.646224975586 133.505950927734 136.158996582031 138.673278808594 140.952194213867 142.164596557617 139.562118530273 139.780090332031 140.858535766602 141.898498535156 142.531921386719 142.435668945312 141.518829345703 142.290252685547 141.059463500977 141.404281616211 141.597015380859 140.704864501953 140.892852783203 139.377990722656 138.430206298828 138.519241333008 136.482727050781
-3.4e+38 -3.4e+38 -3.4e+38 -3.4e+38 -3.4e+38 -3.4e+38 -3.4e+38 -3.4e+38 -3.4e+38 -3.4e+38 -3.4e+38 -3.4e+38 -3.4e+38 -3.4e+38 -3.4e+38 -3.4e+38 -3.4e+38 -3.4e+38 -3.4e+38 -3.4e+38 -3.4e+38 -3.4e+38 118.982551574707 119.851364135742 126.681861877441 127.856834411621 128.24299621582 129.674499511719 132.948043823242 136.267517089844 139.054824829102 138.771484375 138.595077514648 139.864105224609 141.605621337891 141.961898803711 143.372512817383 142.502548217773 141.404602050781 141.153060913086 141.293212890625 139.652252197266 138.01530456543 138.28923034668 139.565765380859 137.20166015625 136.930450439453 136.997909545898 134.277313232422
-3.4e+38 -3.4e+38 -3.4e+38 -3.4e+38 -3.4e+38 -3.4e+38 -3.4e+38 -3.4e+38 -3.4e+38 -3.4e+38 -3.4e+38 -3.4e+38 -3.4e+38 -3.4e+38 -3.4e+38 -3.4e+38 -3.4e+38 -3.4e+38 -3.4e+38 -3.4e+38 -3.4e+38 -3.4e+38 -3.4e+38 118.366485595703 123.962066650391 129.568618774414 129.581100463867 130.704696655273 131.799591064453 138.346740722656 140.136672973633 137.974044799805 139.47233581543 140.418060302734 141.775634765625 142.93359375 143.824310302734 140.894241333008 138.522964477539 140.435562133789 140.749069213867 140.273712158203 138.26383972168 136.754058837891 136.604949951172 135.155944824219 135.178955078125 135.849853515625 133.561935424805
-3.4e+38 -3.4e+38 -3.4e+38 -3.4e+38 -3.4e+38 -3.4e+38 -3.4e+38 -3.4e+38 -3.4e+38 -3.4e+38 -3.4e+38 -3.4e+38 -3.4e+38 -3.4e+38 -3.4e+38 -3.4e+38 -3.4e+38 -3.4e+38 -3.4e+38 -3.4e+38 -3.4e+38 -3.4e+38 -3.4e+38 -3.4e+38 119.316040039062 129.347061157227 129.336212158203 128.176467895508 131.986465454102 138.059860229492 136.542221069336 136.974487304688 138.833343505859 139.515899658203 139.499710083008 141.022308349609 141.949737548828 138.970352172852 138.964538574219 137.921279907227 138.490936279297 138.36833190918 139.663711547852 137.213027954102 134.967132568359 135.033126831055 134.346130371094 133.797958374023 132.640045166016
-3.4e+38 -3.4e+38 -3.4e+38 -3.4e+38 -3.4e+38 -3.4e+38 -3.4e+38 -3.4e+38 -3.4e+38 -3.4e+38 -3.4e+38 -3.4e+38 -3.4e+38 -3.4e+38 -3.4e+38 -3.4e+38 -3.4e+38 -3.4e+38 -3.4e+38 -3.4e+38 -3.4e+38 -3.4e+38 -3.4e+38 -3.4e+38 -3.4e+38 122.768310546875 127.665390014648 127.490036010742 131.131103515625 135.119476318359 134.677597045898 136.446716308594 138.63591003418 138.240341186523 138.849060058594 141.035507202148 142.630752563477 140.197937011719 138.943801879883 137.83708190918 138.23095703125 138.879669189453 138.928314208984 137.406845092773 135.26139831543 134.013473510742 134.681259155273 132.878433227539 132.530639648438
