rasterData/S.Sudan_CLYPPT_M_sl2_250m_ll.asc
NCOLS 142 
NROWS 105 
XLLCORNER 24.121555621 
YLLCORNER 3.490201537 
CELLSIZE 0.0830935196478873 
NODATA_value -9999 
[rows 46 to 68 of 105, columns 52 to 103 of 142]
20.0313883299797 20.7684104627764 24.8373239436658 28.0457746478871 23.789436619719 29.9827967806847 30.2602615694154 24.8716297786724 33.1446680080503 33.4512072434601 30.0850100603619 34.9934607645872 32.9568410462781 26.5886317907443 29.3745472837014 32.8943661971816 30.9594567404431 30.6409456740447 34.0209255533199 25.2890342052303 29.787525150905 30.7675050301799 34.8943661971834 27.2055331991956 30.4466800804833 31.9964788732388 32.0575452716301 32.8992957746486 33.8359154929562 33.8142857142862 33.1662977867197 31.9058350100617 25 26.1608651911465 24.1399396378264 31.6552313883297 31.7138832997987 36.1857142857138 35.3198189134795 35 32.7368209255537 29.0638832998018 34.5081488933611 29.446277665996 35.1371227364166 35.4806841046316 29.6731388329986 32.6821931589547 33.176056338028 32.0117706237426 27.0401408450682 31.8142857142862
19.9285714285716 20.4567404426565 23.2002012072504 27.3541247484903 31.6700201207262 33.9330985915493 34.0447686116706 29.810362173039 28.0714285714285 27.0558350100736 27.4964788732391 27.3204225352118 32.2872233400386 30.2057344064382 33.9351106639843 34.8455734406428 29.4366197183061 33.0477867203217 31.9763581488934 35.0729376257514 30.686116700201 21.3858148893356 30.0638832997987 31.0709255533198 30.9285714285716 28.7842052313882 32.2957746478864 31.3933601609641 27.4703219315904 35.4602615694123 31.3324949698179 30.8883299798775 27.9984909456742 24.8138832997993 26.0538229376256 36 34.8385311871221 31.314386317908 31.647384305838 34.4567404426562 33.2037223340039 30.9044265593517 28.5165995975856 32 30.3465794768623 32.4491951710292 28.4441649899387 32 27.9668008048288 27.0714285714284 31.9964788732396 32.161971830988
16.4834004024155 19.5055331991954 22 25.4964788732405 34.6210261569418 33.041951710262 31.9513078470837 34.034104627767 32.2876257545273 33.981589537223 28.02323943662 32.0224346076449 33.7347082494982 34.1574446680088 31.0991951710277 36.4670020120657 34.0522132796785 35.5974849094545 29.9159959758554 34.5324949698171 32.4025150905439 32.9571428571424 33.0962776659943 31.8288732394349 28.1574446680104 27.2224346076458 28.3154929577451 27.523843058353 29.4111670020129 25.7438631790665 35.7616700201212 26.0039235412476 26.063078470823 25.0794768611661 25.485311871225 27.5118712273662 30.0967806841059 31.4332997987933 33.3326961770597 35.5931589537223 32.1103621730387 25.11026156942 31.2669014084508 26.0111670020122 28.7304828973865 28.5067404426591 33.4014084507033 30.9818913480884 31.620120724346 28.2444668008081 33.8692152917522 32.9930583501004
15.7150905432586 16.1304828973847 23.3801810865282 30.7922535211271 28.0233400402413 26.1148893360167 23.2343058350087 33 28.3744466800805 26.4132796780665 25.3718309859166 27.6604627766596 28.0752515090535 36.899094567404 33.1582494969811 33.0890342052327 37.474849094571 35.72102615694 34.1126760563381 31.2698189134767 32.7908450704236 30.6588531187131 28.5076458752534 24.156036217303 26.4276659959764 30.4282696177066 30.8981891348126 26.9867203219324 24 30 33.2042253521118 25.8940643863171 23.9788732394391 26.1150905432591 27.5963782696174 32.753722334003 26.0741448692148 33.6232394366193 32.9524144869223 36.8397384305834 25.2998993963778 26.2921529175025 28.5703219315903 32.664185110664 34.9413480885313 29.5285714285739 31.0309859154931 25.6658953722326 26.8613682092542 34.9565392354116 29.2219315895327 28.45563380282
16.5741448692157 22.2004024144863 29.9132796780744 32.2045271629782 29.631086519115 22.7457746478865 26 25.3140845070413 23.2714285714288 24.2607645875237 22.1471830985917 26.6164989939645 27.310462776662 37.2714285714288 35.9929577464785 34 35 37.0898390342057 34 31.8448692152915 35.1564386317908 30.6426559356139 29.5883299798787 25.7356136820927 29 28.7916498993962 29.4771629778679 29.6670020120756 28.8800804828961 30.6291750503027 35.4571428571424 30.0915492957755 27.0211267605609 25.0974849094564 32.5489939637817 28.1954728370214 30.471830985915 37.4197183098602 34.3590543259518 32.9483903420523 34 22.7828973843081 29.6262575452723 32.6511066398399 35.5433601609668 35 24.6728370221321 25.9462776659969 32.4474849094568 32.2542253521126 29.0359154929557 28.6608651911488
20.1602615694168 32.5064386317908 24.1571428571437 29.8607645875243 21.3982897384314 23.6013078470827 24.1477867203207 25.0223340040236 24.8438631790749 25.6495975855149 25.8234406438632 22.1737424547284 31.7039235412466 32.3857142857146 36 33.2451710261567 32.0842052313877 35.5681086519111 35.4694164989939 29.6840040241452 34.5638832997983 33.8658953722336 26.836317907445 28.9924547283699 24.6986921529232 28.3287726358147 25.4263581488951 -9999 27.0543259557337 33 37.2042253521118 36.7462776659937 27.2285714285709 26.1486921529185 25.9049295774643 26.779376257545 31.9041247484903 36.8397384305832 33.3857142857146 35.5758551307849 34.4155935613686 34.5438631790709 24.6573440643868 36.3857142857146 32.2417505030178 33.5032193158947 37.7534205231395 29.0291750503039 34.5463782696174 33.5608651911457 33.9697183098609 32.3857142857146
22.5845070422532 32.0563380281699 31 21.5 22.4330985915496 22.4894366197187 26.045774647887 25.6936619718322 23.4753521126767 23.4295774647915 22.7711267605635 22.8274647887321 38 33.5598591549298 35.9859154929571 31.5528169014092 35.3908450704235 32 37.0563380281691 34.0563380281673 31.8345070422536 29.6091549295774 28.0528169014083 33.5 33.3802816901387 26.1161971830986 28.672535211267 27.5422535211244 27.8591549295795 33.4753521126792 36.8978873239441 25.5457746478877 26.0211267605609 27.0669014084505 25.6232394366203 29.0387323943671 33.5 35.2077464788734 34.6971830985947 28.1901408450703 36.3450704225349 33.0352112676073 36.4260563380282 35.6302816901411 34.5598591549314 35.2429577464803 37.5985915492967 33.8556338028165 30.7359154929579 33.5316901408456 31.5246478873226 32.580985915494
17.4242454728366 31.1722334004018 22.8269617706265 22.7714285714283 22.0516096579474 21.4100603621753 30.8522132796793 20.8749496981894 22.931187122737 22.3942655935627 21.5422535211271 24.3616700201212 35.7570422535203 34.3583501006033 28.0070422535215 33.2800804828958 35.6030181086531 28.9452716297804 36.3417505030182 30.828873239436 28.4586519114686 27.2173038229377 25.2044265593565 32.9956740442654 33.5407444667996 22.824547283702 24.6549295774659 24.3005030181091 32.1847082494961 31.0190140845046 40.6930583501004 41.6142857142859 30 26.6142857142859 26.6321931589547 36.7262575452727 33.9782696177059 38.6409456740444 27.090140845072 34.8831991951711 35.1250503018111 36.3937625754529 33.9091549295775 34.8399396378266 34.7707243460757 35.2155935613636 33.5805835010078 32.8226358148888 36.5061368209258 32.5753521126755 33 31.6142857142859
28.4258551307848 22.1996981891355 24.7388329979846 23.3383299798783 18.3039235412459 21.7189134808863 29.820120724346 31.5428571428559 25.0860160965794 30 30.1242454728366 34.5708249496981 34 36.0324949698189 26.740744466802 24.5624748490938 36 30.4227364185116 35.4053319919521 31.5946680080492 27.4278672032193 25.9938631790742 26.0573440643861 29.9961770623741 26.3591549295838 23.7285714285721 27.0736418511061 24.8757545271626 32.5737424547296 32.2668008048261 41.1420523138861 40.0667002012079 31.73430583501 28.9636820925555 27.475955734405 29.4453722333992 36.8566398390344 35.5741448692152 26.5990945674032 36.7285714285721 35.7285714285721 35.7637826961793 36 37.2605633802822 39 36.7004024144931 34.5638832997977 32 32.3192152917497 36.9366197183088 32.0133802816894 31
20.350201207244 28.4451710261576 23.3585513078453 23.3208249496999 22.1127766599593 25.9573440643831 32.6229376257559 34.9070422535211 32.4242454728371 32.7054325955712 32.313883299799 33.9457746478874 35.8041247484922 30.7793762575445 25.8428571428576 30.7512072434547 35.3520120724381 32.7897384305846 28.0697183098589 33.8428571428576 34.5638832997992 27.0686116700199 36.7887323943667 27.0129778672038 27.8802816901387 26.6857142857152 30 25.5429577464806 32.2270623742466 33.8926559356143 36.6707243460775 40.8544265593586 41.0211267605609 36.1361167002009 32.6351106639833 31.359154929578 36.528169014085 34.5698189134822 27.3504024144832 33.5254527162987 36.7897384305838 40.0593561368237 37.1339034205227 37 35.6854124748479 32.5667002012094 33 32.400503018109 33.5649899396387 31.9800804828971 33.9584507042277 31.161971830988
26.4049295774651 27.528169014085 25 22.8286720321938 22.6900402414507 29.0202213279671 33.0915492957739 31.9912474849095 31.3304828973847 33.4111670020147 32.9803822937626 33.682997987927 32.0428571428572 32.1625754527167 23.9151911468813 36.8560362173024 33.0241448692155 33.3596579476877 33.5991951710262 31.4913480885327 30.359657947686 29.8245472837024 35.0965794768609 34.0073440643867 30.2291750503058 26.7974849094567 29.2965794768634 27.0612676056293 29 33.6830985915472 38.2724346076451 38.1304828973851 38.9779678068436 33.1395372233396 28.9571428571428 24.0428571428572 24.4289738430579 33.8560362173046 35.2898390342023 36.2595573440643 35.9571428571428 39.9586519114689 34.1907444668008 37.7189134808848 35.4160965794781 36.4920523138806 37.0172032193159 33.5831991951726 37.4087525150909 35.0428571428572 33.0449698189134 34.1121730382313
23.4572434607654 24.5427565392362 21.3848088531214 21.2464788732388 26.2580482897371 23.8556338028155 31.2997987927565 29.0860160965803 32.9285714285707 31.3988933601632 24.6016096579485 27.0492957746485 30.1428571428586 32.1368209255539 28.9356136820922 33.2037223340068 33.3299798792752 34.6217303822915 35.0316901408454 34.9602615694162 35 34.0155935613684 32.9019114688132 30.0573440643864 29.2308853118752 -9999 27.9753521126759 30.1101609657957 31 34.0487927565396 37.0568410462783 36.9215291750497 38.7494969818934 34.3199195171023 34.645875251507 28.7183098591561 34.4567404426557 37.9703219315892 36.4159959758613 36.9421529175044 36.7127766599588 34.8948692152921 36.8521126760564 37.1242454728383 38.5553319919498 36.0347082494975 34.0286720321934 32.020623742455 36.6016096579474 36 34.7198189134872 34.6876257545233
24.663983903421 29.3401408450718 19 19.7201207243454 26.1608651911472 25.574346076459 26.3683098591547 28.1477867203223 28.4428571428563 23 29.0701207243456 30.3893360160976 31 36.163480885312 32.9986921529174 33.8943661971816 35.781690140847 27.2752515090516 32.97907444668 31.5469818913496 33.1857142857146 32.3308853118717 35.7086519114688 23.815593561368 33.0974849094584 34.2709255533206 29.8496981891373 26.5422535211244 32.9202213279675 35.9856136820889 33.0719315895378 39.0771629778665 34.8182092555325 37.9751509054326 34.6135814889325 32.5074446680071 36.8142857142854 39.7388329979879 36.2086519114748 37.4384305835005 34.1226358148895 35.6703219315909 37.8246478873239 37.4647887323936 37.0693158953726 36.699798792754 37.9254527162979 36.0536217303825 35.7036217303822 35 37.009154929577 35.1318913480902
24.3000000000001 25.6697183098595 18.0640845070419 24.1725352112672 26.2598591549298 23.0422535211253 25.5718309859165 28.0873239436644 29.8197183098589 26.5711267605624 20.8422535211272 24.347887323943 26.3950704225324 31.6119718309861 34.2929577464786 33.437323943664 32.4690140845083 29.8316901408463 32.9457746478873 30.5225352112669 31.7309859154927 30.0654929577464 33.4478873239434 31.690845070422 37 36.5373239436619 34.045070422534 28.2218309859116 30.4718309859159 36.7950704225358 34.8570422535217 34.2197183098611 36.9725352112708 35.6464788732395 35.7739436619721 33.9767605633798 40.2281690140849 37.8753521126759 38.2091549295785 38.1098591549298 37.969014084507 38.7105633802821 39.0887323943662 37.8176056338025 36.8880281690137 38.7661971831054 35.1028169014066 36.0866197183101 35.6999999999999 37.0823943661986 34.2852112676065 33.2753521126796
19.1002012072437 23.8608651911481 27.9838028169048 23.897887323944 26 26.0087525150902 25.0156941649899 31.136418511067 31.2829979879272 21.4879275653928 21.0845070422541 21.2713279678064 22.646680080481 30 28.4026156941642 25.4182092555311 32.6231388329981 31.5857142857146 38.4142857142854 30.7695171026165 32.4142857142854 33.5421529175047 35.6972837022131 32.9929577464786 36.3095573440699 33.5458752515092 33.7978873239442 30.2620724346144 28.0954728370236 30.0543259557349 35 32.4679074446682 36.3931589537245 36.696579476861 34.4565392354125 29.5079476861174 35.4706237424553 36.5857142857146 39.6971830985947 34.0187122736412 35.1260563380286 33.9441649899371 38.9133802816901 36.9811871227362 35.2124748490936 35.5024144869211 35.9871227364178 36.7548289738439 35.341348088531 35.5485915492954 33.3938631790753 32.9816901408431
26.5285714285717 20.0028169014087 23.3387323943652 24.5641851106657 25.5421529175044 29.9788732394374 27 28.2280684104643 29.295975855131 20.7556338028188 26.4577464788729 25.7109657947693 24.043863179075 22.9428571428566 26.9432595573435 21.7351106639867 31.920523138829 31.6846076458762 31.4967806841046 24.2940643863172 31.8821931589543 34.4703219315904 34.6342052313884 35.0037223340042 37.8871227364166 41.7171026156941 32.8164989939623 34.7580482897371 31 34.6728370221373 34 29.0915492957755 32.5397384305825 35 39.1302816901415 27.359154929578 33.528169014085 36.7244466800808 37 34.281287726358 38 37.526559356137 38.0571428571434 36 38.0981891348074 35.7564386317865 37.2463782696177 35.2887323943671 37.3884305835008 37.0236418511066 31.497484909455 30.9143863179063
22.8033199195172 23.5457746478874 26.4119718309845 23.7761569416513 22.4527162977862 23.7127766599598 27.8169014084522 25.5115694164995 20.8692152917508 16.796277665997 20.2178068410466 24.3450704225357 23.2741448692158 23.2515090543259 28.6408450704225 29.7067404426558 32 31 28.1991951710262 29.8737424547268 31.2127766599597 33.1403420523138 34 37.2882293762577 37.5231388329959 30.8340040241448 33.8767605633807 33.6212273641882 30.4295774647898 29.3571428571428 31.7957746478882 35.9411468812872 27 37.1755533199201 37.9773641851122 27.640845070422 33 38.941649899396 36.7837022132819 39.6428571428572 37.6207243460764 36 35.4844064386318 38.1675050301814 38.2399396378277 37.1836016096569 36.6151911468806 35.5427565392359 36.176056338028 33.6916498993959 33.0176056338018 30.4808853118692
22.3848088531185 22.0426559356144 21.0684104627755 21.3027162977865 27.4493963782696 23.9897384305839 23.207947686115 23.8563380281687 22.8834004024134 16.7571428571429 18.8211267605639 16.5225352112685 21.362374245472 18.6049295774643 19.5089537223339 28.1312877263599 32.7041247484915 31.2428571428571 26.3359154929578 26.4162977867228 35.4857142857141 32.1060362173037 38.8943661971834 35.7501006036215 34.1847082494959 27.7676056338027 35.6549295774659 38.5627766599563 32.3571428571449 30.0425553319955 31.1050301810861 -9999 32 34.489537223341 34.3063380281704 34.6887323943666 31.528169014085 38.2428571428571 34.7707243460788 39.1966800804829 37.7173038229376 37.7304828973832 36.6810865191147 37.9367203219315 37.6049295774652 36.7503018108666 36.0974849094565 34.2887323943671 32.5762575452715 30 33.2428571428571 33.041549295772
23.1068410462775 24.4675050301817 24.0823943661967 24.343360160965 23.7944668008051 23.9788732394373 24.0915492957739 23.2540241448686 28.0407444668008 21.4789738430569 24.3400402414488 21.6549295774642 26.9701207243464 20.0153923541248 14 21.0920523138846 27 30.957444668008 32.7419517102611 36.098189134806 34.288430583501 35.145875251509 32.9957746478874 32.8784708249504 29.9911468812902 31.9649899396372 35.8585513078446 32.7428571428578 32.3743460764598 31.5269617706259 34.7957746478882 29.5335010060366 26.1231388329983 29.0941649899395 34 31.5122736418509 34 36.5627766599595 38.3924547283673 37.7301810865194 36.0774647887326 37.7121730382286 37.5949698189142 36.5157947686118 37 35 35.7271629778678 33.2887323943671 34.1285714285711 32.8080482897377 33.6266599597657 32.2036217303848
26.5702213279677 22.9587525150894 26.9948692152918 21.5252515090525 20.1338028169007 22.0208249496975 25 21.0113682092553 34.292857142858 24 25.0142857142854 22.3401408450711 26.2290744466785 22.9982897384306 16 18.1296780684114 21.9968812877264 34.3214285714304 33.0349094567398 27.0238430583496 34 34.5696177062377 36.6447686116715 26.992756539236 32.3762575452617 31.0109657947684 29.6357142857158 26.5773641851077 31.130684104626 35.3947686116652 24.0285714285709 30.1960764587539 36.0699195170973 -9999 -9999 32.6368209255528 30.9512072434597 39.4238430583503 35.7028169014115 37.2044265593558 35 36.9647887323927 36.0142857142854 30.9968812877264 39.0285714285709 39 36.0171026156939 35.5835010060378 35.0142857142854 34.9990945674044 35.0135814889334 30
22.9478873239445 23.5302816901406 23.0640845070421 25.6999999999995 22.0866197183101 24.0957746478876 23.0091549295774 25.3288732394347 26.5830985915487 25.2295774647911 19.9457746478872 21.4450704225359 28.1000000000002 24.6683098591541 23.8943661971827 17.9838028169 18.8781690140845 29.1338028169013 26.2014084507044 32.6443661971827 33.9669014084507 32.043661971831 31.1845070422535 33.9084507042256 24.8802816901387 29.7140845070421 30.4450704225342 21.4964788732368 21.4598591549326 28.1000000000002 26.304225352112 32.0915492957755 31.1169014084489 32.1866197183102 31.0246478873241 31.5767605633796 24.5718309859152 36.1521126760556 37 35.8098591549297 35.0077464788733 34.1598591549325 35.2478873239438 33.7654929577461 34.9746478873241 36.051408450704 35.0401408450704 37.7401408450697 36.8063380281691 33 34.8591549295738 33.2295774647905
23.1252515090543 24.7424547283707 25.2122736418487 20.5598591549306 24 23.7479879275666 25.1750503018112 26.661468812879 25.4300804828979 25.2349094567408 22.2615694164988 24.4577464788724 20.8616700201162 24.4029175050302 23.7872233400403 20.9969818913509 23.7545271629781 18.6886317907458 31.0799798792758 31.4436619718327 27.9542253521128 26.8324949698188 31.7027162977869 34.434104627767 25.9315895372222 20.2323943661973 19.2434607645893 22 25.1046277666022 25.8536217303827 21.8294768611668 23.9476861166997 29.7781690140853 32.7857142857142 30.1614688128771 29 34.0120724346078 33.8747484909457 38 32 34.7857142857142 33.5789738430586 36.0663983903421 32.6237424547292 34.5875251509067 33.8958752515084 34.5296780684097 35.6332997987928 37.0382293762577 30.8128772635819 33.9330985915531 28.9129778672048
20.1365191146884 23 18.539134808853 22.247585513079 21.5835010060362 22.0564386317888 26.0313883299796 25.5455734406416 24.9289738430573 24.2965794768622 21.0277665995978 26.6736418511076 24.2323943661955 24.6801810865181 28.6737424547281 24.9637826961766 24.5633802816939 23.2127766599643 27.4209255533187 26.9629778672043 23.8959758551309 30.869919517103 31.7770623742448 32.011770623743 28.5680080482943 18.6406438631794 20.7683098591558 25.2861167002036 29.3285714285718 30.3661971830944 24.7957746478882 23.9385311871222 30.6994969818877 29.4477867203223 31.751106639837 34.317404426558 30.3168008048285 29.8079476861166 30.6694164989841 33.4812877263579 34.6968812877261 35 32.3771629778676 33.6571428571436 35 33.1855130784677 33.0728370221315 35.0948692152921 33.7175050301817 35.0217303822941 28.3616700201192 28.2753521126757
