rasterData/SaudiArabia_bio12.asc
NCOLS 253 
NROWS 189 
XLLCORNER 34.572764529 
YLLCORNER 16.370957701 
CELLSIZE 0.0832600798498024 
NODATA_value -3.4e+38 
[rows 108 to 143 of 189, columns 80 to 159 of 253]
109 113 111 109 107 107 109 110 111 112 113 114 114 115 117 117 119 120 121 123 126 128 129 132 132 130 132 130 129 129 130 129 129 127 128 129 124 120 120 120 119 117 118 116 116 117 117 117 120 119 116 113 112 111 106 106 106 106 103 103 125 122 120 113 108 106 101 101 101 98 99 96 94 93 90 89 87 87 84 83
108 115 110 107 107 107 109 111 111 112 112 112 113 115 115 118 120 120 123 121 124 126 128 128 130 129 129 130 129 131 130 132 130 130 129 125 124 122 121 119 118 120 122 118 117 116 116 112 116 119 113 112 110 109 106 106 105 104 104 116 127 124 118 115 109 105 100 100 98 97 97 96 93 93 89 89 87 86 83 81
108 109 108 105 107 106 108 109 111 111 112 113 114 116 117 118 119 119 118 120 121 123 124 127 129 130 132 132 131 133 132 132 130 130 128 128 128 126 124 122 123 123 122 126 120 116 115 112 111 112 110 110 107 106 105 105 105 104 111 125 123 118 115 112 107 103 97 97 96 97 96 94 93 91 89 87 87 82 82 80
105 107 106 104 106 107 107 109 111 111 112 113 114 116 118 117 119 118 118 118 121 122 123 124 127 130 130 130 131 133 130 128 130 129 127 128 129 130 129 126 126 127 126 131 121 118 115 113 110 110 109 110 108 106 106 105 104 104 118 123 120 118 115 112 103 100 98 96 96 96 95 93 92 89 88 85 83 82 81 80
105 105 104 105 105 107 108 110 111 111 112 112 113 117 118 117 117 118 118 120 120 120 122 125 126 128 129 130 130 132 129 129 129 127 127 126 125 127 126 127 127 128 128 126 124 119 114 112 112 110 110 108 105 106 106 104 104 105 116 120 118 115 113 107 101 98 96 96 95 95 94 92 90 88 85 85 83 82 80 79
103 103 103 103 105 108 109 111 112 113 114 115 115 117 118 118 116 118 118 119 120 120 122 125 123 126 129 129 131 128 128 128 127 126 128 126 123 122 124 124 124 128 130 124 123 117 114 111 110 109 107 107 106 105 104 103 102 104 115 118 114 112 105 103 98 96 95 95 93 93 92 90 88 86 85 84 83 81 79 77
104 103 104 104 106 107 108 110 110 112 114 114 115 119 118 117 118 118 118 119 118 121 122 122 123 124 126 127 128 129 128 127 127 127 128 127 126 123 120 122 122 124 125 123 119 116 114 109 108 107 107 107 106 104 104 101 101 112 111 113 117 110 105 100 97 95 94 92 93 92 92 89 87 86 85 83 81 80 79 77
105 105 105 106 108 109 110 113 113 114 116 115 117 120 119 118 118 118 118 120 120 121 120 122 122 124 126 126 128 130 130 128 128 129 128 126 125 124 122 120 119 118 117 117 116 114 112 108 108 107 107 107 104 104 104 100 101 109 105 105 109 106 103 98 95 95 93 90 91 91 87 87 86 85 83 82 80 79 78 76
106 107 106 108 109 110 111 113 113 114 115 115 118 119 119 119 120 119 118 119 121 121 121 122 122 123 124 126 128 129 131 130 129 129 130 126 124 124 123 121 121 117 117 115 113 113 112 108 107 107 107 105 104 104 100 102 112 109 107 107 103 101 100 95 95 95 91 89 88 87 86 86 86 83 82 81 79 79 77 75
106 106 106 107 110 110 113 115 114 115 115 117 119 118 118 118 120 120 118 120 120 120 121 120 121 121 122 124 126 129 130 135 130 130 128 127 125 124 123 121 122 121 118 117 116 114 112 109 108 107 106 104 104 101 100 104 112 112 113 109 106 101 99 95 95 92 90 87 87 86 86 86 84 82 81 80 79 78 75 75
107 108 109 110 113 113 115 116 116 118 118 119 119 120 118 118 119 118 119 119 118 119 121 121 122 123 124 124 126 128 133 133 134 130 129 129 128 128 126 125 124 121 120 119 117 115 114 110 108 106 105 103 101 100 99 102 110 111 108 106 102 100 95 93 92 91 89 86 86 86 85 83 82 82 81 80 78 77 76 75
108 109 108 111 113 115 116 117 117 118 118 119 120 120 119 121 120 118 119 120 119 119 120 120 122 122 124 125 124 127 129 133 133 130 129 128 128 129 126 121 119 122 123 120 118 115 111 108 106 104 102 101 100 100 100 101 104 110 109 106 101 95 94 92 91 89 85 86 86 85 83 83 82 81 81 79 78 77 76 75
110 112 111 113 116 117 118 118 118 120 119 121 122 121 121 121 121 122 120 118 120 119 120 120 121 122 124 123 124 127 130 134 135 132 130 128 128 126 124 120 119 118 119 120 118 114 111 105 104 103 102 101 100 100 101 102 102 107 106 101 97 93 94 92 88 87 87 86 85 82 82 82 82 80 79 79 78 76 76 74
112 114 112 115 116 119 120 121 119 121 121 122 123 122 123 122 120 122 122 120 121 119 120 119 121 122 122 123 124 127 132 134 136 134 132 130 128 126 124 121 118 118 117 118 116 115 108 105 105 104 101 100 100 101 105 104 104 101 100 97 94 93 92 89 88 88 87 86 85 82 82 81 80 79 79 79 77 76 74 74
114 116 118 117 119 120 121 121 122 123 123 124 125 125 124 124 121 122 123 121 123 121 119 119 120 121 121 123 127 130 132 135 135 134 132 130 129 127 126 122 119 118 116 116 114 112 108 106 104 102 101 100 99 102 108 109 107 104 101 95 93 94 91 91 89 89 88 86 85 81 81 79 79 79 79 77 75 74 73 73
119 124 127 121 121 121 123 124 124 125 127 126 128 125 125 125 123 123 123 121 123 122 123 121 121 120 121 124 126 130 131 135 132 130 131 127 127 127 126 123 123 118 116 114 112 112 107 105 105 101 101 99 101 109 110 109 105 104 97 93 93 93 92 92 92 93 88 86 85 81 80 79 79 79 75 75 74 74 73 71
122 129 128 127 125 124 124 126 125 128 130 131 132 129 127 126 126 124 123 123 124 122 123 122 121 122 123 124 128 128 130 132 130 130 130 126 125 124 124 123 122 119 116 114 112 111 107 105 105 101 100 99 101 112 110 106 103 100 95 93 93 93 93 93 92 90 87 85 83 81 80 79 78 76 74 74 74 73 73 71
125 135 133 127 128 128 129 128 129 131 133 135 137 135 131 126 126 127 126 124 124 124 123 123 122 123 123 126 124 129 130 131 131 128 128 127 123 122 121 122 122 119 115 113 112 110 107 106 104 101 97 97 104 110 107 105 103 97 94 94 94 93 93 92 91 88 87 84 83 81 78 78 78 77 74 74 74 73 71 69
129 137 135 130 130 130 130 131 131 132 135 139 141 137 134 130 129 128 128 127 125 125 125 126 122 122 122 121 123 134 131 130 128 128 126 124 121 120 119 120 119 117 113 112 112 108 105 104 103 99 97 97 107 109 105 103 98 95 94 94 94 93 92 91 90 88 88 84 83 80 79 78 76 76 74 74 74 72 70 69
130 137 135 134 132 133 133 133 137 138 140 147 147 142 137 134 133 131 130 129 127 127 128 125 124 122 121 122 124 131 130 126 126 128 129 124 121 118 117 117 117 115 111 111 110 107 105 102 101 97 97 99 111 106 105 104 97 94 94 93 91 91 91 90 88 88 88 83 81 80 80 77 76 75 74 74 74 71 70 69
135 148 141 137 136 136 137 137 140 142 146 150 150 143 139 135 135 138 135 130 129 127 129 129 127 125 121 122 126 125 128 121 123 127 128 127 122 118 115 115 115 113 111 110 107 104 102 101 98 97 96 102 108 103 102 98 95 94 93 90 90 89 89 88 88 87 85 84 81 81 79 77 76 75 74 74 72 70 68 68
138 142 144 137 138 136 138 141 143 148 155 155 153 145 142 137 135 136 135 132 130 128 128 129 129 124 123 121 120 121 120 121 119 120 122 124 122 118 116 114 113 112 110 109 105 104 102 99 98 95 95 107 105 104 102 97 94 92 90 92 91 89 88 88 87 86 84 83 82 79 79 77 74 74 73 72 71 69 69 68
144 141 142 140 142 143 144 143 149 152 158 155 154 145 144 139 137 134 135 134 133 133 128 130 129 126 123 123 121 120 120 117 117 119 121 122 121 117 117 113 113 110 109 105 104 101 101 98 96 94 95 108 106 103 101 96 91 91 92 92 91 89 89 88 86 84 84 82 80 79 79 75 74 74 73 72 69 69 68 68
146 145 145 145 145 147 149 151 158 159 164 160 152 145 142 141 138 137 146 140 137 134 135 130 127 127 126 124 123 122 123 121 117 115 119 121 121 117 114 113 111 110 106 104 102 101 101 97 95 94 99 106 105 102 96 94 92 92 92 92 92 89 86 86 84 82 82 80 79 78 76 75 75 73 73 71 69 69 68 67
149 149 151 149 149 152 155 158 161 166 165 158 153 147 144 146 143 141 149 145 138 137 137 133 129 129 126 125 124 123 121 123 117 118 120 120 119 119 115 113 111 108 104 102 102 101 99 96 94 94 101 104 103 99 94 91 92 92 92 92 89 88 86 85 83 82 82 79 78 76 75 75 75 73 72 69 69 69 67 66
155 151 153 154 156 155 157 163 166 165 164 158 153 149 147 148 147 146 145 142 141 140 138 135 133 132 128 127 124 123 121 117 116 119 117 117 117 117 114 112 111 108 104 102 101 100 99 96 94 95 104 103 100 96 91 91 91 91 91 90 89 86 86 83 82 82 80 79 76 75 75 75 74 72 71 69 68 68 67 66
161 159 161 162 163 164 166 169 168 168 166 160 155 152 152 149 149 147 146 145 142 142 139 135 135 135 130 127 127 123 121 117 116 114 115 116 114 115 113 110 109 107 103 101 101 99 98 95 93 104 104 99 96 93 89 89 88 88 88 88 88 86 84 83 82 79 77 76 75 75 75 73 73 72 69 68 68 68 66 66
166 163 166 166 164 166 168 169 170 170 167 166 161 157 154 154 152 147 149 148 146 143 139 138 136 135 131 127 127 127 119 117 116 115 113 113 113 112 110 108 107 104 103 101 99 99 97 94 93 105 101 97 94 91 88 87 87 88 88 87 86 84 82 81 81 78 76 75 75 75 75 73 73 69 68 68 68 67 66 66
168 173 173 175 173 171 174 173 172 170 169 166 165 163 160 156 154 153 152 149 147 145 143 139 139 138 134 130 128 127 123 120 116 116 114 111 110 110 108 107 105 103 102 99 98 96 95 93 93 102 99 92 89 89 87 87 87 87 87 87 85 81 81 80 79 77 75 74 75 75 75 73 71 68 68 68 68 67 66 66
177 180 182 183 180 178 181 176 177 175 173 173 171 165 165 162 157 156 156 151 147 148 145 142 141 138 136 130 129 127 124 121 117 117 114 111 109 110 107 105 104 103 101 100 97 97 94 90 98 99 96 89 88 86 85 85 87 87 84 84 83 81 81 80 77 76 74 74 75 75 75 73 70 69 68 68 68 67 66 66
190 191 193 191 187 188 186 181 181 178 176 180 179 171 169 166 162 160 158 155 152 150 149 145 141 140 138 133 130 128 125 121 121 118 115 113 111 109 106 107 104 102 101 99 98 97 94 92 91 98 91 87 87 86 85 84 84 82 82 80 80 80 80 79 77 77 76 76 76 75 73 71 70 69 69 68 66 66 66 66
203 198 205 196 191 191 191 186 187 182 183 183 182 178 171 168 167 162 162 159 155 151 151 147 143 142 138 134 130 129 126 123 123 119 115 113 110 110 108 107 105 101 101 98 97 96 94 93 89 89 88 86 87 86 86 84 82 81 80 80 80 80 79 78 77 78 78 76 76 74 71 70 69 69 69 69 67 67 66 66
219 212 211 204 200 200 196 193 190 187 188 189 183 183 181 172 169 166 164 159 158 156 152 150 146 145 142 136 133 129 126 123 123 121 118 115 114 111 110 106 105 102 101 98 96 94 96 92 94 91 88 87 84 85 84 81 81 80 80 80 80 79 78 78 79 79 78 76 75 72 71 69 67 68 68 68 67 66 65 65
227 225 222 211 205 204 201 198 196 192 192 190 189 184 183 175 171 171 166 167 164 159 157 151 149 145 142 137 135 128 128 126 124 121 119 114 114 112 111 107 106 104 103 100 96 95 96 99 99 95 92 87 85 84 82 81 81 80 80 80 80 78 80 79 79 79 78 75 74 71 70 69 68 68 67 67 66 66 65 64
231 234 231 219 212 211 205 201 201 201 197 195 192 189 184 181 174 172 169 168 166 163 161 158 152 148 144 138 135 130 129 127 124 122 122 120 117 114 111 108 104 104 103 100 96 95 94 99 99 96 91 86 84 83 83 81 81 81 80 80 81 81 80 80 80 77 77 75 74 71 70 70 68 68 68 68 66 66 66 64
234 244 242 231 226 219 212 209 209 208 203 199 195 193 188 185 178 177 175 171 171 165 163 160 155 151 143 139 136 134 129 127 125 122 122 123 121 114 112 109 107 104 103 100 98 97 98 101 99 93 91 86 85 84 83 83 84 83 83 83 82 81 80 80 78 77 75 74 71 72 69 69 69 68 68 68 67 66 66 65
