rasterData/SaudiArabia_SNDPPT_M_sl2_250m_ll.asc
NCOLS 253 
NROWS 189 
XLLCORNER 34.572764529 
YLLCORNER 16.370957701 
CELLSIZE 0.0832600798498024 
NODATA_value -9999 
[rows 48 to 71 of 189, columns 108 to 161 of 253]
82.844155844156 81.4575569358176 81.5691699604747 78.2534872534859 84.0225024572821 78.6257816257809 85.1038961038963 79.7566137566131 87.2183114791824 86.6798418972328 80.568981742886 85.8722002635037 85.2653867871278 72.1546521111541 76 72.7566137566131 74 72.7652717652715 69.4867724867739 76.4680552941386 77.6854675115533 77.7018424409711 81.7566137566131 80.9344793692608 79.5743145743152 82.2433862433869 83.9307359307361 82.0779220779224 82.6442687747012 78.7301587301608 82.5731225296448 82.3559403559417 79.7453625279703 77.6471129514599 78.0825856912801 80.5424430641824 81.7566137566131 78.4886128364373 84.9233954451372 73.2433862433869 75 76.7566137566131 76.136604136604 72.8893280632385 78.9431792040485 73.0299056820785 76.0050191354542 75.0076960076956 72.2089006002056 76.9749879749874 74 73.8684149988505 75.0339000773778 76.7566137566131
65.9574628270341 82.1097308488612 79.7619047619039 76.3651421042735 82.7619047619039 82.3660831921712 80.1219649915289 78.1325051759842 84.6420101637501 82.4359119141723 83.6128364389238 82.0367024280016 86.3498964803325 82.1533973273096 77.9437229437258 75.2380952380961 75.5450781103038 74 71.2380952380961 73.7890080933564 75.9288537549402 79.9440993788809 75.9041972520229 67.2795031055883 75.4381705251259 81.7619047619039 83 81.9237718802932 85.3557312252988 84 81.776397515529 82.1535855448881 79.7370600414096 80.9488048183725 81.1355166572564 80.6832298136655 79 79.8368153585585 80.4074910596662 75.2983248635432 75.8861283643906 71.2251082251115 75 71.2117447769623 69.2857142857116 75 76.9979296066252 78.9759081498225 77.5273856578224 71.260681347648 79.6894409937878 74.0269151138693 74.3977037455315 74.3301336344767
88.7240521153549 77.7184265010337 77.6577995273655 80.2679172679172 79.3811615115956 82.2145680406512 86.7543760587224 79.1571198527693 85.7385239559163 86 79.3331032896273 86.8476901520435 85.183114791811 86.2614760440785 83.8908338038771 86.559236254886 77.7671957671947 82 69.7671957671947 71.6462764288857 77.0545830980616 75.1012401447164 74.3993558776184 67.0841123449844 73 79.9249011857716 81.7842399146766 81.4784281740814 82.6155969634254 85.608695652173 83.2068929460221 83.7671957671947 82.5343915343893 79.7671957671947 77.5955413346724 78.7472656168303 79.6403162055356 77.2102808624554 74.454169019388 77.8648179517754 75.5194386933506 76.0423280423288 72.1718844762329 71.8492586318591 61.3555430077183 69.2328042328053 77.7602108036876 74.7429366125021 72.9843570278351 80.9211577472431 81.2328042328053 72.2328042328053 76.839283100152 81.0447957839258
85.1349520045129 89.5328439676261 78.7410126105781 78.0694941129742 83.2766171027047 80.5847501934467 82.4882991404725 86.6340004600875 79.3740928958316 86.5674760022595 87.1700441265683 81.3417194721525 86.5449735449743 89.0947361816984 86.947152686284 84.4307463872677 82.8738942217255 76.780580128407 79.2275132275128 79.1369805717581 81 73.6900474726547 81.6949411297238 73.4053788401605 79.0485601355169 79.5555764686198 83.5526486396066 80.8453269757621 82.5206725641488 81.4702093397741 84.3123366166852 79.2275132275128 85.5019762845834 78.8396804483733 79.7636405462488 79.6348997218568 77.5053642010145 78.0965974444211 79.9037789907362 81.2438045046755 78.7540832758266 76.8181818181793 73.0665453708934 70.2023338979851 73.9419871593781 78.2059727711905 71.9991007382311 66.1593575506715 79.7052930965976 78.2275132275128 77.4865006169347 83 78.952339126252 79.7954284041293
87.0623627580137 89.3487044356606 88.3640755379893 87.0663153271869 87.1106719367588 82.4624505928867 77.3320158102763 85.521739130438 81.446640316207 90.6223100570926 85.4435660957387 84.5841018884479 84 84.3605621431729 87.1589811155025 85.1747913921831 87 78.2419850680729 79.4444444444441 80.9644268774685 80 71.4431269213944 76.1273605621428 83.1383399209482 75.2310057092648 82.3350900307424 82.7154150197644 85.5467720685119 78.9978041282423 77.6521739130447 80.4593763724195 79.2389108476057 79.5019762845834 81.8440931049649 82.7913921826967 82.3952569169958 82.3021519543251 81.627580149319 78.1559068950358 79.1660079051383 78.0434782608675 83.777777777778 80.886253842775 79.6671058410165 77.7527448397014 79.8348704435643 84.0021958717612 76.1018884497091 74 80.3249890206432 73.2990777338606 83.4589371980684 80.1629336846738 78.1589811155067
85.7155195850869 88.8159232072279 87.7560909300042 90.0145764058801 89 73.2584436497504 82.5702992659534 82.3022774327167 78 81.7830687830688 86.0617353660829 88.5340569253587 75.7795763013168 86.0390656042801 90 84.45941819855 86.0557124035362 90.0278562017707 85.7830687830688 78.43085095259 70.4547127590598 73.3758495932366 81.0308676830417 80.6442687747046 81.6124390907002 75.8050065876153 81.4456992283055 83.896773114164 81.0771692076045 81.8679549114334 81.9780831085169 78.7544806240445 81.7127172344598 80.7845117845137 79.2138988225941 81.612188133927 81.8582721626163 77.9354622832822 87.6197168371075 85.3601438818826 82.7359098228667 65.991341991336 71.4905786644904 78.1542756760134 67.9411924629313 73.177405525233 71.2138360834011 79 65.0817700817704 66.7270845096966 65.3555430077165 63.5861513687609 81.1789321789308 72.4619905054711
90 88.7720475981349 89.3689273689272 87.7741389045741 86.8937616328919 87 84.6445197314753 82.5767195767191 75.9247129681914 69.5995566430357 75.7808101721117 77.8190183407539 75.8757136583209 79.0893615241488 85.7883597883596 89.9384528514972 89.8164460338395 90.3445636489098 85 73.321977539366 78 74.6426793818064 81 84.8221343873523 79.4518267561722 79.2903360729447 78.4359955664293 83.2428006775825 87.0752870318094 79.1147918104438 79.0903444381705 75.8862329297114 80.7914758349513 78.7909739214103 84.4308300395253 82.9163477424346 85.224167137208 81.6700336700347 83.0895079155945 84.104565321957 79.9539912583394 80.0384800384806 81.1806888763411 78.6235648409569 78.0592048852921 75 76.2116402116404 68.4415166154291 62.4375013070671 63.049605788733 62.1444674488176 76.0763745111601 80.8348495305008 82.5433004998197
81 89.5200451722191 89.0208921513273 90.0962419223294 91.2916745090653 89.3670242800686 82.6354225484654 58.8743961352649 81.9265951439865 76.8119706380576 76.7936507936504 82.4126984126993 78.2996423865974 79.488675575637 87.8870694522865 86.1473743647636 91 90.7371855197909 87 86.7371855197909 70.781228433402 82.502603676514 77.5256289604127 82.141163184641 78.4268774703586 79.9059539494326 78.6566911349537 79.8119706380576 74.8506179810508 81.5976535541766 77.0880858272163 83.4421230942952 81.3983938766532 81.0962419223294 82.0889014367276 82.2063492063496 86 82.4635798983606 82.2885375494082 84.7992345818439 83.9889579020036 81.9870129870103 80.4126984126993 79.5873015873007 77.13125039212 72.6268272789989 74.2063492063497 68.5809021896012 62.0138653616915 71.3418031244098 64.7464709203867 76.5217391304326 86.1662588619119 82.6497270845081
78.7989417989412 81.7905138339916 90.2288725766995 91 88.100131752306 90.1203337725055 88.627935671414 85.1736829997738 74.9284773197816 74.0863082167415 78.7123198862314 79.148880105403 75.1147499843201 87.1778656126511 87.1136834180315 85.8294748729554 86.3858878641417 86.5553464249083 83 81.7240102892357 90 82.7989417989412 80.3426605600503 80.5978835978823 82.0123805341204 80.0021122195044 79.2845849802356 79.4884246188591 75.6442687747012 81.391304347827 79.5731225296448 87 81.6998766129217 82.3726289813256 76.6845055105914 85.0810381245149 80.310517180083 80.1358930924158 80.2885375494082 77.0529518790361 78.7989417989412 77.4526214526183 62.3642010163728 81.7766902984282 76.5827843653916 79.9525273438333 77.5978835978823 68.7989417989412 64.1663425141723 67.5409164104829 81.6127946127927 84.2578789970082 88.2294581424989 84.2010582010588
61.0637011941274 77.5310872702198 90 91.4664031620569 87.0982704895744 87.8947654599836 85.088985088986 88.629399585918 85.9637158332783 86.8756090929991 74.0888177844693 75.9910073823055 88.958215697346 87.0696405044239 86.6619403141146 88.7184055879727 87.6363218102353 88.7895518330301 80.1957671957663 89.0069640504426 87 83.2134387351827 80.8042328042337 80.9651797477887 77.2375514984203 83.6084656084673 81 79.7425183512134 81.5181420833581 77.489533011272 79.2597402597406 85.6582177886531 79.7067360980414 80.3750967229245 78.1505531505552 83.3588890980196 80.0385636907365 79.8027898027909 81.7114624505918 79.146245059288 74.8677248677256 76 78.9605370474914 82.1067611937147 80.7748290356994 72.9682121421262 78.9920948616597 67.2650521781007 70.3170002300434 81.5769496204302 84.1112575025626 86.6643662295849 83 84.6564401781813
64.286843591181 77.6591379634869 83.2725390551468 85.8983625070588 89.3107472237914 88.243365330325 91.0092226613979 87.8240165631428 90 90.3598720120467 90.176171654432 86.8458498023697 90.5960850743452 88 83.1633728590244 83.8095238095244 87.4385469602825 87.0067758328631 86 79.7807265198561 83.5750047054404 87.1067193675914 87.4901185770732 79.143986448334 80.5960850743452 81.6079427818564 79 79.5791454921883 77.0549595332193 81.724637681158 85.1550912855265 84.4208545078108 81.4980237154166 82 75.1846414455117 76.4142668925286 78.6341050254094 82.8095238095245 76.9194428759653 78.0624882364012 76 81.6969696969686 78.8095238095244 70.8795407490979 77.939205721814 75.4831545266328 76.8087709392063 83 83.177677395068 85.5669113495228 85 85.0331262939956 87.430453604365 88
48.9462743375689 65.1892841458087 82.1851851851847 76.8148148148153 73.556287512808 82.4135558483354 85.1581027667978 87.8035426731012 88.3703703703695 89.8741033523646 88.5224710876861 88.3596837944703 89.5330112721438 88.7028253549977 90 81.9802371541505 89.1851851851847 89.6072317376662 89 88.1140389401218 80.6296296296305 85.7278582930741 89.2747767530376 87.1449275362315 86.7865612648207 84.3629044063831 81.5362318840602 82.5612648221341 77.9853608549293 78 80.6792563314307 78.0856389986825 78.0897379593053 78.7312252964401 77.6040111257511 76.8293075684375 74.2371541501978 78.310349875567 80.1033523642235 81.9531547357637 80.9597423510471 78.787878787873 77.8808373590976 74.8353096179192 70.8481920655841 81.7679695505803 77.8123261601526 77.7890499194865 84.3225003659795 84.89855072464 85.7277119016248 86.9677938808376 81.2094861660091 84.2450592885398
56.1371060501392 65.4248489031102 65.0517598343668 82.9040090344442 78.5499090281705 80.0216031955186 72.3500846979104 87.5307108350588 90.0599368425447 90.7625112407724 91.2845849802356 91.1798941798939 89.3549365288505 91.1798941798939 88.8457034109211 81.8201058201061 80.4309346048442 89.2446410272528 88 86.3889620846153 90.0127987954076 88 87.535520839868 88 88.1798941798939 88.5467720685112 80.493966580919 76.3525524395105 79 76.6418219461714 78.2901269423017 76.1934040194902 76.0863500428746 79.0839032143382 79 78 75.690800342977 76.2658050484116 79.5834744965172 77.9544931718847 80.3602484472063 71.2962962962977 77.8800635757152 78.8305205261776 79.1798941798939 79 76.9960474308298 83.0056883535141 79.1343873517792 85.0441265658707 85.6899847334637 82.111341154819 84.8201058201061 86.9559152602627
80.1850806198658 79.0707070707066 65.9785431959358 61.3732354601939 77.5052387226303 78 66.4268774703552 89.3229813664576 86.6428257732596 90.1746031746031 89.8253968253969 89.20553359684 88.0372670807456 91.5317774013379 91.4914988393253 84.7186774578093 72.2333270594116 83.1746031746031 84.777777777778 90.7898237028654 89.2333270594144 90.0186335403731 91.4158981115496 86.2903569860088 91.3135077482913 88.8253968253969 85.2348955392421 81.1746031746032 81.2315076228135 77.8937198067635 77.3523433088646 76.3629462325101 75.8253968253969 84 86.8189974276933 77.7871259175611 75.1069075851783 77.5964615095014 80.7114624505918 78.0783612522736 81.6887508626636 78.8499278499258 77.3492063492063 73.8060731538988 76.3116883116891 79.0326243804493 80.6442687747033 82.968379446642 80.6187966622749 83.915176610827 84.4271284271297 80.8557625948929 84.3764351590434 77.9295438860633
83.8125352907888 63.554279858627 70.4728025597593 75.6125645690851 78 81.5576468619949 64.3298408515792 65.4393834828641 89.0113767070284 91.4352636091771 89.2364012798782 90.9103875190853 91.552063073804 91.8608026434117 94.0240918501789 91.9374071982752 83.2284124892798 80.8306878306877 77.8306878306877 85.1693121693123 88.6883953405681 89.8306878306877 87 89.8005730179642 87.9638622247315 86.6238367107931 89.4057134491906 88.7340485601352 87.5351862308363 82.608695652173 77.4991530208916 77.7195767195751 79.8274044795809 77.3874354309149 80.6277265407709 84.1693121693123 80.1693121693123 78.9549532593032 78.230859317814 81.0408223016911 82 79.1818181818207 76.7108977978542 79.0731957253713 82.044544827153 79 77 78.8360415751715 79 80.1027667984212 82.1693121693123 79.8849781458483 81.3386243386247 81
63.9410042453515 76.4320011711304 79.4308300395253 79.5844364974792 64.0823347345089 81.7224208963313 82.2868435911907 62.4812514377793 87.5780998389687 87.6798418972328 87.4486061442572 89.1640211640215 92.8709873057698 90.2251918773669 90.1189535102582 89.1067193675876 90.553004161704 79.571073049328 86.8359788359784 88.0058347449655 79.6241504067581 88.0748060313262 88.7202459376369 90.9708262751741 88.8565782044035 89.7951356212221 88.3085722650933 87.5956877261235 88.461404939668 87.5435932827224 80.8777422255674 81.1640211640216 78.1607168998504 74.2108873413163 80.8359788359785 78.1640211640215 82 80.8891398456609 81.5947675512881 79.1225296442692 75.4170692431546 78.0476190476216 79.4920634920647 84.5794382750875 78.1517033690949 77.1970638057587 81.1633728590254 82 82.8359788359784 79.8528347658782 84.1836794445464 79 83.6782943304709 84
85.6825396825419 70.3325177238223 71.7728841207119 70.1480644958901 69.3399209486176 63.7763975155337 80.1771754815244 78.2173913043529 84.1404730535192 84.4307673003348 87.7277119016266 87.0395256916997 91 90.7939017504203 90.6989773511519 87.1587301587291 89.0112930547708 77.9700734048544 76.158730158729 81.1943032812605 83.6113934374822 84.841269841271 90.1361440491865 91 84.4084321475593 89.841269841271 88.1587301587291 88.8983625070587 91.7390049563985 85.5120772946859 87.3234205408141 84.9146746972842 82.8406424493397 87.4664031620569 78.9754062362716 79.4579961101693 77.9429073342124 83.5686053077388 79.158730158729 80.0401530836309 80.8171152518991 78.1818181818207 78.9892715979655 73.7379383901157 79 77.3507120898392 79.8379446640325 79.158730158729 82.1587301587291 81.8972332015788 80.8397013614398 83.2774327122141 85.6982872200262 83.4678461634951
59.3694292824769 72.5731852688414 66.7438358742721 63.50080515298 80.4216073781286 68.6972624798663 80.2189388711138 81.0906372210752 79.9068741242675 86 88.9338938034582 87.9426354643735 87.9120605642345 91.3830227743335 90.5807767112142 89 87.5726624422311 83.030114812725 87.15343915344 78.5260053955764 82 82.8629357759789 74.704268356441 84.7586004977308 89.7538114059835 89.0382081686431 86.0224397180927 87.4244724679516 87.945416901938 90.7287784679089 87.4493171884473 87.473973691366 88.4249534684299 91 92.15343915344 86.4513039295642 83.0023840893442 84.9827676349459 79.9557270426832 86 83.3374741200819 79.1255411255414 80.5544889892741 82.2213438735231 81.7161678900796 80.3008135182066 77.1534391534399 81.9732312775806 81.163749294185 81.0664408055703 82.2644247861651 82.84656084656 84.1212957734702 82.6015015580202
74.84175084175 47.3642219294388 71.4415166154293 67.9980969111365 75.1481481481491 81.3143024447376 87.4268774703552 78.7616747181868 82.1548821548799 88.2727272727273 83.2493046406067 85.3233787146853 85.106426584694 92.1515151515174 86 87.8932806324124 84.0500658761506 81.1784511784537 80.7037037037017 76.0105401844538 81.7807056067911 80.8518518518509 84.8729322207575 87.121797687016 86 90.6397306397299 87.8518518518509 88.2727272727273 91.1121358512673 90.4605475040239 91.12457912458 89.1772800468443 90.1285316937474 86.3753476796978 91 83.543405065145 88.1481481481491 86.1001317523068 83.5464792856102 86.3577807056044 83.6666666666674 80.6969696969668 83.8320890060011 77.0163958424833 80 81.9941443419706 82.1481481481492 81.0269360269346 79.1581027667995 80.7490850534297 83.9026496852582 81.8003220611923 87.6726687161446 82.5050505050542
81.7594579333753 81.3721061547136 79.5691699604747 62.1716544325205 55.5719932241652 84.8554488989254 84.8746470920373 85.3043478260844 82.9463579898335 75.9768492377193 82.4517221908563 76.4268774703603 88.3980801806907 88.618859401462 76.9587803500856 89.8571428571434 89.0101637492937 88 82.1428571428567 72.2089215132722 74.9395821569716 62.1389045736791 87.9796725014116 83.4827780914725 92 90.6081309994359 89.7142857142867 90.2230378317343 89.2060982495734 89.7826086956539 90.7752682100515 90.5268210050809 89.5731225296426 91.7995482778123 90.9186900056468 92.2891022021469 90.0914737436476 87.3822699040081 88 89.963862224732 84.2173913043461 87 82.5364201016378 84.254093732353 82.8498023715406 84.1033314511584 80.8577075098819 80.9774138904585 78.8656126482208 80.3591191417285 80.2659514398635 87.88198757764 80.8571428571433 83.2185206098248
53.7778823430969 49.2638601334257 74.2165129556454 82.4207290294253 74.9511679946474 73.9527573875427 80.4686617730113 72.7697262479979 81.5819269297517 78.7229018968135 88.6292113683332 74.9972185624343 88.7865612648207 88.9027333375194 60.3877282138165 83.8932806324124 74.6534077838373 87.9693205345363 82.5873015873024 75.2136060396966 73.9902126858648 80.2604513039287 85.3830018612633 82.3154317502135 81.4355563920756 81.4068009285408 84.979881632055 82.143066273503 84.6932053453771 92.5548654244297 95.7248677248683 92 90.6361335926562 93.0734048560132 89.6466946901722 91.3521550912845 88.4863751385476 90.1375661375659 88.6749482401675 90.6442687747044 87.4626178973985 82.5204425204497 82.4012589664764 85.0152247108772 79.7873350482045 78.9945626032584 81.8590250329382 84.0229207185717 83.6640316205521 79.9113704331076 78.1573708095455 81.4251207729457 82.0576364054627 81.7886525712592
45.5241441328302 62.1568479829347 81.6093439571688 77.9571909571857 48.3657485831399 48.9189618754842 82.6789844615934 61.8964803312637 77.955873434135 82.4100842796498 76.1845787063202 88.75098814229 84.2927829014786 88.954409519624 82.9281427107484 81.8932806324124 84.1140598531856 84.9241483154488 83.5291005291002 85.9952945605117 75.4679716418849 74.7363071710838 83.8765292678332 87.2866135474826 81.9188363970958 79.6308216742998 83.1146663320564 87.2778091473748 79.3444799966504 85.1840349666437 90.4973126712263 91 90 85.4664031620569 86 90.2645502645501 90 89.8939080243447 93.3110400066906 90.4505928853749 90.0556705774164 86.8917748917753 85.019344584562 86.5287450070011 84.8025597590812 87.1270468661774 84.9994771733902 81.995817387122 86.1144990275424 83 77.7659828094606 82.6751782838753 83.2094861660091 83.787355961267
48.9353158918315 51.0030114812725 51.9404605056771 77.1520798042487 78.9905891210233 67.4851621808142 79.2443064182171 70.3968253968377 83.7260806826037 81.1269841269843 65.7346759520732 75.0266641571015 77.1458058849387 89.6133383524664 92.7307233828967 71.0067130936713 79.6957149131134 69.9531965618962 77.2539682539685 84.0045172219088 80.9351276742584 77.0135516657259 85.142292490119 79.7245122027719 77.2456866804716 81.4713595583163 88.7460317460315 81.3809523809528 83.6894409937868 89.1269841269843 87.3184641445505 84.4068636677304 90.3715415019773 91.9407742016435 88.1269841269843 88.5279503105591 88.3596837944643 90.0858272162624 91.6190476190472 85.8730158730157 89.9447895100073 86.7373737373718 83.3816425120781 84.1483781918664 85.6149068322971 85.1219649915305 83.2529644268777 82.9959846916371 82.0085325302717 81.6935817805344 87.8792270531395 82.8260869565225 82.7905138339909 82.9041345128303
70.2879519836051 54.1631637283807 77.7076980990014 59.7334839074073 84.4374176548096 78.9243574461007 85.0519480519474 77.8571428571454 86.3990212685848 82.441851224459 57.6627977497522 72.3005207353093 80.0259740259739 81.3101825710407 90.3716460672981 48.9026496852481 82.8158186419094 78.152937239894 77 78.922538009498 81.0119413597698 82.7586004977297 72.4587071543581 82.8783068783083 84.4966225401025 81.9696969696973 79.8715519585043 82.7637241985015 83.6681724073078 82.6346905912219 84.0697450697444 88.5375494071133 84.9389129389138 82.4096451052993 88.1350147437134 90.6528431311037 92.315912750694 88.324110671934 87.913419913421 86.839387665474 88.9047619047628 86.9778739778739 85.7609009348123 84.8917748917764 83.7566137566165 84.8088755045314 89.8787878787893 84.1216931216918 82.0508396595357 79.0250120250123 85.1215049041144 85.7950310559004 77.9547859547869 86.8783068783082
