rasterData/SaudiArabia_SNDPPT_M_sl2_250m_ll.asc
NCOLS 253 
NROWS 189 
XLLCORNER 34.572764529 
YLLCORNER 16.370957701 
CELLSIZE 0.0832600798498024 
NODATA_value -9999 
[rows 72 to 95 of 189, columns 54 to 107 of 253]
60.0592048852873 64.535499926804 58.0197628458509 61.1688311688334 65.116402116401 61.1435472739805 63.4598573728991 61.6608528347632 60.7555262772638 57.7869586130457 57.2980111675757 55.6565865696324 60.2351464960125 62.116402116401 63.2960453395213 64.996779388084 58.2291235334689 67.038417299286 61.204655248133 64.2310266223323 55.3328941589751 67.8104439843587 68.7414308718681 62.0598113641587 66.2584436497495 65.2516887299501 70.6046176046184 73.7519501432549 69.5663676098459 66.5843946713521 72.0470334818149 63.08300395257 63.2526089047832 65.9543467804306 68.6137147876275 65.116402116401 59.9162640901778 65.6065206934875 69.8437375828639 66.846330802853 71 68.0136353179835 61.8500324152523 66.7282138151748 64.8805654892621 66.6973461321334 85.9336428466858 84.8649852562914 63.1945542380324 75.8181818181793 84.9394985047168 84.0966392705556 78.1721354330073 65.7671957671981
61.6372419850705 67.5713658322343 64.9824330259103 58.040404040405 56.9521299956134 64.0685111989464 65.9613526570041 63 60.8581466842325 56.942468159859 57.8173034694773 58.0144927536256 58.3649538866882 60.6789635485256 60.4936319718958 56.8269653052212 58.8888888888881 63.0434782608685 66.1725955204227 62.4132630654423 68.638559508122 63.24901185771 61.3333333333356 56.2569169960478 59.6750109793571 61.597277119016 62.7878787878804 67.8669301712771 66.2898550724615 61.1115502854667 68.9437856829157 74.9490557751424 78.9358805445757 60.4145805884929 66 64.3390425999133 63.9200702678956 72.9727711901617 84.087834870444 87.1739130434775 82.4738691260503 64.4923144488392 65 59.063241106716 63.7742643829583 61.9868247694338 83.8221343873507 86.0122968818621 79.0162494510322 85.8888888888881 82.6086956521741 76.785682916116 80.4466403162075 45.8858146684228
67.3588472718905 67.0556287512805 60.5098814229254 57.4545454545448 59.6434531651954 64 64.3347135955812 58.3850304285072 54.6467783424298 56.8431520170663 56.0840705188525 53.2398101093741 58.2545538197658 57.7279210322666 59.8941798941806 59.9563753476826 65.887111278416 62.8507016333121 63.8050902398743 60.3317439404468 61.6573603530107 61.1661124704598 64.1058201058194 62.4932973628628 65.1367714411184 69.1511387163571 68.4309764309754 64.7139301921916 70.505406027144 73.5264027437922 78.1687056904443 79.8501788066987 78.1989041554271 77.65363782755 66.7481857916621 66.3551038333673 64.3103289625007 72.868247694335 73.0614844093098 88.1058201058194 64.5973816843294 75.6045757784929 64.7282765543647 66.0425789991034 67.7844072191911 64.2074575987606 81.3083422213874 76.9058912102396 79.763410502541 82.0192400192401 79.3462157809955 79.1802078758657 66.5607629085909 82.7569901917742
64.132316958405 58.8324445280998 58.3718133718107 60.8177008176986 58.549532593013 62.9614572223263 62.6606855302582 58.5915260263035 56.377208942429 60.2326787544141 52.8581466842319 55.7295104251624 56.04052951879 60.1005291005303 64.8052993705145 68.9723320158122 67.8852500156829 60.4715896020272 58.338958947659 68.1005291005303 65.8994708994697 61.2676244850161 61.7786561264811 64.8994708994697 66.0197210197264 62.7236756801977 65.6450216450198 67.1005291005303 66.678858983206 75.4763996068352 82.1501976284602 82.0544367066113 83.6350879394373 66.9984106071101 65.3517786561274 66.4167346341307 67.3247380638676 61.6350461132976 64.1005291005303 67.4483551874853 71.563983520508 68.8173662086709 68.0067549197985 68.0689085471723 61.6952548256859 69.1360813099942 65.0480791350368 66.1899324508043 70.6673986239176 82.1005291005303 73.9618127444255 77.8752326578397 79.6539096973833 84.7764184285929
61.1791831357012 57.9499341238474 47.6051195181632 56.0952380952378 58.0553359683792 60.7101449275355 59.5383022774362 61.5947675512873 60 62.3410502540933 55.7679277244497 55.9838132881613 62.1641257293447 56.9047619047622 62.2657632222843 60.9350649350632 61.1110483719185 64.0910973084884 69.8482966309051 62.0843214756253 63.919066440806 64.5219273480124 59.8836815358557 63.3690946734422 66.9721437982307 62.3111236589504 64.0952380952378 70.9808018068888 68.2857142857167 66.5239977413904 87.903632599285 85.6288349331828 64.8644833427447 67.6126482213432 69.5194805194799 69.7139092791233 65.4443817052491 70.1671372106144 69.0952380952378 64.7474120082825 71.9568981742918 70.1882175795202 63.9047619047622 66.0286090720858 76.8979860718991 67.9604743083018 76.6657255787686 67.316581968754 72.1462450592892 83.9826839826838 76.6397515527961 85.7711274233019 89.2335780161878 88
58.0830666917654 55.5637325637322 59.4901185770746 63.4064454064461 61.9477382520862 58.4733462994336 61.9413388543828 62 59.4565740217926 55.7915804002746 54.2143798230751 54.6501453457987 55.1798941798939 61.1798732668312 60.8986762030242 59.9975113453376 61.097141184098 66.0791350356549 63.9138381747071 63.9203630507981 64.7598552815932 65.9041763389596 66.0199092373006 61.2338080598954 62.4197670284636 64 61.2481962481974 69.690737603781 69.5534851621794 65.6449170796976 71.819039253822 78.458498023715 70.0519062258193 68.6223518832218 61.7065269673954 65.9536357362405 63.4245142940825 67.067904720078 67.5433423259485 63.7517828387401 64.910052910053 67.2549302549289 66.1510968902274 66.061170713346 86.2730827948217 88.9316142794428 78.036451471233 85.7293431206483 80.089947089947 84.3463203463101 78.8201058201061 83 83 88.3849049501228
60.9524855177027 62.1248091682876 54.9802371541491 56.9167869167858 54.9572955225168 64.2987431248305 65.8858983206805 63.026768722418 61.8775330949245 58.0642449338103 51.8805445761966 51.929732103645 58.9267206223725 57.9774766296488 58.9946462555158 59.3775644645187 65.9074387770035 67.0846560846562 74.7829223916163 65.0396720831529 64.0719409415061 66.2389735867991 61 62.2098416881015 66.2353347135931 61.2156346069386 63.030784030784 68.5669950017776 68.795951230737 68.0050191354542 64.6860949034873 69.4126565865691 71.8892444109832 66.9672083150343 66.6780015475659 69.3675889327991 66.0208503251999 69.2243135286666 65.5705502227266 67.1039797561528 61.9270552314028 71.2452684191819 90.274860405296 84.9153439153438 65.9008720747842 68.1174895957494 85.0750988142297 84.7387539996241 77.3630717108985 83 80.0368069933285 82.1060710625928 88.1436518393051 85.4638726812629
61.5167199949819 59.2835184139516 59.9206349206345 57.8297258297242 55.9301712779997 60.7059414015941 63.3595583160727 63.3668360624876 60.5094422485751 54.2985130811215 56.5421921074087 54.8547587678014 60.0686994165261 59.9284773197814 58.9788568919 58.0531400966147 69.0799924712973 61.8806073153905 72.1461823200961 61.1757952192759 64.8498023715401 62.8142292490126 64 67.3551038333646 68.2460631156292 69.2226613965736 64.7272727272715 67.4152079804254 68.4064872325715 69 68.9206349206345 72.4985256289606 75.0457996110173 70.6433904259987 67.1072840203282 66.2368404542349 68.5480895915682 75.118577075077 79.158730158731 71.0793650793655 91.9096555618292 81.4588744588707 91.8587740761647 71.0452349582807 56.9996863040341 73.87452161365 72.1544638935952 84.4418721375241 79.9438484221091 84.9350649350648 87.7826086956539 86.426563774388 87.7908275299573 87.841269841269
57.0506514419564 61.4126774996329 58.416044503 58.5858585858595 60.4309764309773 61.8975259844818 62.8180354267399 63.0509442248577 62 59.2053872053866 56.1176987263951 56.9133362611618 56.8755672668744 60.1728883033252 63.7932952715551 61.0532864880654 62.9903381642507 63.9291465378416 68.9941443419703 62.6886253842743 64.8386766212838 64.0740740740746 66.7045820524065 63.3289415898119 66.6641780120023 69.0740740740746 77.6363636363643 64.9704289269505 65.8792270531435 67.5644854340524 71.8774703557299 63.8433611477119 63.422924901185 68.5959595959589 70.2036305079783 64.3434343434376 68.2598448250605 81 71.7291758161309 74.2222222222219 93.6594934855852 65.9352949787745 91.9950226906748 69.9976577367883 68.0667545015372 65.8922558922566 67.7138047138029 64.4555701946993 82.7796808666362 87.9393939393937 88.4235104669885 86.030742204653 87.7114624505918 87.7259552042157
57.591442374052 58.0652487609 56.9833322876816 62.0471380471398 58.5853566723118 64.285944329421 64.5385323211388 62 63.6735679779152 63.4299726038878 57 59.7846372628996 59 57.0988142292507 63.8624338624359 57.9569818265463 61.8089173306603 62.9312169312179 60.0211431081012 63.8932597193443 64.557165861516 68.9007675094644 65.7711483363673 64.827634523285 61.6336449379946 66.9774348035221 69.4324194324178 65.2978229499955 68.9401886358414 69.8760064412218 75.4371457849732 68.4269611226133 64.5082920300329 66.236443106007 64.4902649685273 59.6359453750822 66.7193675889345 79.6342305037921 75.7073216638433 83.2187715665964 89.0790722964616 89.8355187485646 72.7403224794555 75.9333918899145 64.1415187067343 66.9366543279594 68.0040153083616 77.6715394106728 82.805090239873 89.7744107744093 90 78.2647803082607 68.5572286007093 76.9312169312179
61.0913482652603 58.8550097245767 60.4266265135832 61.9365079365086 62.0163121902252 56.0148064495888 61 62.3122529644258 66.8905828471058 64.0153083631343 61 60.9472990777344 62.2602421732801 60.2069765982811 65.8140410314329 57.1528954137619 59.0168141037715 67.9565217391315 60.9844406800916 63.0072777464083 67 66.5885563711669 64.414580588496 59.3512767425804 64.8466654118846 66 72.1500721500705 68.6389359432834 64.4706694271925 62.5973398582065 72.3977037455305 69.048622874711 64.4131375870498 58.6659137963463 65.4340924775707 65.9365079365086 68.5256289604087 76.0634920634914 66.7403224794523 86.7211870255366 93.6139030052135 77.7028671811333 60.6298387602737 65.9703871008234 70.9957964740571 67.8040027605282 64.131752305664 66.0657506744453 85.1911663216012 88.8181818181793 86.2843340234705 87.0474308300391 80.0818119078981 81.3035322165765
67.1011355793984 59.5019135453928 57.0308258569135 70.3424723424702 63.5109898153403 63.5356881443872 63.0379572118707 65.0582010582022 60.2766798418987 57.3897149549349 58.0891314804338 58.9615827007123 63.8992408557603 60.69747161051 59.9404395926135 56.9109103456939 58.9343538908741 66.9974695192087 62.2417550243657 67.1012819708491 67.066942719118 66.1055900621139 65.2666624840557 60.9459815546807 69.3908651734709 59.5979254240107 71.4006734006735 69.9417989417978 64.7784679089046 62.8585858585813 77.4358700880425 63.9466298596723 73.5057406361762 71.2834975008886 69 63.6722086287382 61.9419662463109 64.8812556204054 83.1512851078069 78.2219921785141 89.3689273689243 88.7499006629499 61.8718656544718 73.9963193006673 60.7099148838224 58.9837505489718 65.0538302277443 84.7786561264838 75.173703912827 85.2294372294405 58.0202438463315 86.9130434782591 84.7114624505918 77.6176882698604
69 68.3990212685873 59.475688562647 65 59.5333667942364 61.023401719053 63.9243156199564 58 58.4061317104799 62.9069368634592 59.8162159901286 62.5887236756769 63.8198130372074 56.1976284585013 58.1486918878213 58.9446640316244 55.9771211075546 59.997699562917 68.7812493464635 59 68 66.1759416107236 63.6845473367209 68.3939393939393 81.6700754961614 71.9668318798747 68.9663299663302 71.9682121421254 65.4347826086974 70.9751134533746 68.4946985381765 69.4842001798531 69.0142208837859 74.4402618315665 58.6139239182711 63.6156806156878 69.3335424639751 72.5959386829059 72.5392015391995 69.208419599723 91.2368404542285 80.7999037999068 77.8127025953112 71.3474078256649 90 74.9625656147408 84.8452433235053 68.1058201058194 75.0980822719946 76.72198172198 79.0230043708301 59.7208942426342 84.9318234100847 86.9828512871992
68.9738377564497 69.1441746659127 65.4577451533992 69.3419913419896 61.676265763221 63.9301712779977 61 57.3122529644258 70.5475249388359 87.6980990024475 56.756634669678 61.161867118388 64.9872012045928 64.9952945605119 63.8921513269341 59.050254093732 58.1189535102588 63.7391304347859 64.750423489553 68.7816676077499 72.102578580841 70.2245435723688 68.720496894409 69.6723131940522 73.3337097684901 66.0796160361375 64.6666666666672 72.1596085074346 70.1511387163526 80.4955768868796 71.4470167513644 72.0694522868433 67.5972143798238 60.4641445511015 68.6482213438726 66.3162055336005 70.5821569734579 72.4424995294676 73.4780726519839 60.0807453416145 77.7841144362933 87.0022586109553 89.8688123470727 73.9512516469088 65.0114812723515 69.0080933559207 78.0715226802187 79.1054018445315 83.8537549407108 82.8181818181793 89 81.9403350272918 82.3562958780358 77.9523809523811
63.4958905828433 71.4542317585799 68.062090888179 70.9129389129377 64.5919024614668 61.0684275466885 61.3607085346254 62.603090950918 80.9576719576719 62.6304034130124 64.4609239391854 65.4765669113522 75.9079406905523 58.8488821967051 69.1184515967125 66.0676537633042 71.8740197001066 66.7920404876924 68.1180333354253 74.1521007173205 70.6572767007522 61.4827990045369 65.159943116465 68.7007549616241 71.9876194658803 82.6415709893965 68.6695526695514 68.6798000711042 72.5412928456389 67.5047158960216 76.334818160904 75.1641466424084 64.0602296254471 67.6126482213432 76.2838948491104 65.6479703871078 60.0423280423281 75.1819854863385 60.4457201413737 70.937428111341 86.2402074575932 84.1027667984174 66.8232846058928 67.1452203191302 75.0418261287827 80.9593450028232 74.768304159608 76.545684589165 89.7752891231145 72.7364117364071 87.250517598342 77.1790158311889 67.0122132296046 74.5628542150254
62.0370370370356 66.5432586736924 72.018152539891 68.5656565656565 63.5224710876898 63.0550431854698 61.6827697262566 59.9860928121802 59.6327038500972 61.6937490850563 58.8609281217949 61.2007026789615 66.6671058410269 62.2236861367317 69.8256477821736 60.9920948616629 68.0279607670894 65.9629629629644 68.1572244180988 76.9629629629644 66.8644415166066 62.5059288537485 65.7498170106866 68.4482506221668 75.9783340652913 78.0248865466248 68.3265993266001 67.3918899136293 69.9259259259287 68.5644854340508 64.0443566095713 72.4445908358953 69.3645147123422 67.9402722881006 77.9869711608847 63.9746742790232 69.9096764748971 70 65.1276533450489 66.5394524959714 78.7291758161198 75.128385302296 70.8957692870748 60.0717318108597 72.0992534035964 69.0740740740713 83.9647196603699 88 72.8275508710295 86.8619528619488 79.8743961352587 86.9535939101174 71.5400380617808 63.6878934270228
60.4093732354692 52.015057406362 68.3972018319833 69.1125541125555 60.5994729907766 63.6166007905134 66.3471359558241 65.2705941401577 63.5270092226638 62.7271472488864 59.2055335968382 61.1963109354408 60.2571679528384 63.8725766986616 64.9367588932806 73.084446954009 71.0475563084272 71.0131124913719 67.941527071961 74.3498337411251 72.9952318213187 72.0317460317465 76.1421042725449 69.2088587740758 78.0224606311566 79.2650730911589 68.6277056277061 80.9873266829787 68.5790200138011 70.4236777715016 64.063492063493 62.0489365706764 75.5636489114756 68.3945040466787 70.9776648472297 67.3061672626924 70.5111362067929 69.7944664031571 61.0317460317465 65 62.8299140473076 77.1424179685072 61.0269151138713 64.0326243804488 76.8296630905297 87.0712717234447 85.9706380575942 73.161365204841 75.7756446452096 78.5411255411192 83.9227053140087 58.8300395256907 69.8247066942746 62.3558567036839
70.0032415249808 71.0125478386351 68.469937469937 66.6219336219351 66.65610556915 64.5676642198365 66.3294225902956 61.6513583035323 65.538720538723 64.4712549929939 61.4320848233902 68.5852102808625 66.7669029842945 70.7573038877344 68.7607127172331 65.974276930798 68.0019030888589 68.0917874396138 63.2816989773541 63.9322207583063 81.1541711106944 72.3881673881664 76.563167910992 77.7166279774965 69.007737833825 87.7046866177316 82.4069264069269 84.6272455402897 82 67.4703557312237 68.5205261727004 70.8662818662798 68.138883660624 71.6228956228952 66.6668339711814 71.629525064303 75.9545140849477 65.2385762385816 68.0098291402641 66.5435932827221 62.4834054833994 78.768345985744 86.114770897381 63.2016646799209 62.0568626220816 87.8968985925576 79.8233473450849 83 86.115921115921 82.801346801344 85 80.7917267917256 79.0814772988639 80.0166677123229
71.5917142438908 70.9868038563656 66.0189263232752 65.5858585858608 68.0634920634947 68.3721061547148 62.2831838049137 59.3479724784077 65.3131522261986 67.5279921366892 66.9620218750638 65.8160695986786 60.8232846058944 64.0755589016465 64.1463077984826 62.1388209214294 70.0209967166497 67.9988497814613 73.9805090239865 72.0934604847664 78.8498023715401 85.7202041115052 93.2378233682599 65.5241232197766 63.9824330259107 84.6719367588936 84.7118807118789 89.6219545349989 83.9880377271677 70.0112094025143 67.0223142397066 69.5282849195891 67.0089507915598 69.7990463642602 66.3306146349625 77.6693226258402 70.0211640211649 76.4723215592657 65.183888575193 71.1877156659764 67.8587322500392 81.2223477006062 88.0451722190872 66.0211640211649 89.0211640211649 72.0590166677118 77.4437752263915 86.3696593261803 85.4929418407721 85 61.9834368530014 62.5310454440919 67.6780851998218 76.9856954639558
65.0501286153517 63.4743083003956 64.9877031181365 66.9927849927853 66.856389986826 64.4188468536285 54.6887508626582 59.9841269841276 63.0114812723504 68.0273542882261 61.2246690507555 65.9973022146936 60.0042662651356 61.9872639437862 62.0027605245021 68.7967250141274 73.0077169207593 72.7418909592883 75.0777965995364 80.2518978605973 84 79.1728464771941 77.7733232950616 72.4979609762232 66.2924901185784 78 78 82.5658447832375 85.8875086266419 70.4978982370315 70.4860405295188 70.0013175230566 72.432084823388 67.7747035573136 71.335905640255 69.0367651671986 69.9771629336855 70.5140849488779 82.0125478386343 79.9682539682552 66.863855950815 78.8829914047326 82.9179998745219 85.968379446642 86.0117322291242 64.2122466905001 82.0170650605426 69.0123596210548 75.8696279565832 83.8023088023069 66.9965493443756 64.0317460317448 80.1700232135053 76.6374929418425
58.5553255118479 68.5095468138923 64.4941129723725 66.0909090909103 65.5793127967029 59.6352970700815 57.6420519898728 58.3609385783302 67.2843340234668 66.2385553255111 65.9915929481137 76.0211640211666 63.0211640211666 63.7822531735518 64.0310768136893 70.9446640316244 66.9448731622594 69.0319760754519 74.9103666060169 62.9507288202881 68.6726268900122 75.1857707509874 74.2107618629356 74.2569169960478 70.9819311123637 72.3332915072038 68 78.399209486166 83.4393834828641 73.5777234038138 71.5005751092704 70.9951481690606 68.1496748018498 74.599682121419 68.6488069096756 78.3234414538807 68.0029696551439 70.0237572411515 72.8116778551575 83.5180584310993 81.5743982265789 87.1122613296522 67.0105820105833 64.9791705878637 82 91.9613108308775 61.9241064893233 70.998828868394 86.3015245623965 77.6142376142301 76.1833448355128 87.0052282660985 89 85.0071522680227
49.1972938494605 62.0052910052908 63.9996863040341 62.4574314574307 61.9960683438946 64.0097873141348 59.9620427881171 60.6649308823241 70.1661333835205 61.2451220277301 60.2055335968382 72.1994060689642 76.8444486270611 72.8974632452878 67.3936466110376 67 66.0026141330495 67.9997699562917 65.078633122112 66.1239935587782 65.004496308844 62.5543635108832 73.7745362527962 66 71.7128008867124 64.0017357843444 65.0033670033669 73.2005144613842 69.5592362548869 71.0024886546625 83.5084802476109 65.9975740845307 71.5793127967048 72 72 76.6379739423287 69.0052910052908 73.5085848129212 77.0041826128781 71.1870255348504 74.1330489156551 74.4894284459578 72.9278708409143 70.9316351925083 71.9947299077736 82.0052910052908 80.0101846623582 84.6685697555286 90.1409540539984 88.2746512746413 89.7784679089046 81.7642470251166 86.0052910052908 78.3241106719374
63.1225296442682 55.9486166007907 64.4901185770746 60.5454545454558 63.4189723320195 64.3833992094883 61.0434782608848 62.6877470355747 64 61.2411067193675 61.0000000000007 63.0000000000028 70.2687747035534 61.8023715415018 70.9367588932807 63.9999999999983 67.0000000000017 66 63.0000000000033 64.0000000000019 66.300395256919 67.9999999999986 61.4426877470374 62.2569169960491 62.2924901185767 65.6719367588953 57.6363636363643 67.9999999999986 68.9999999999993 68.9407114624466 68.0000000000034 63.0830039525717 63.0000000000061 73.3873517786568 68.7035573122571 72.3162055336016 72.2806324110672 61.245059288545 80.9999999999987 79.0000000000011 80.8616600790514 82.1027667984157 74.0000000000032 77 65.9999999999983 70.9209486166053 67.9249011857685 79.9999999999953 87.9999999999997 82.9999999999986 88.782608695654 82.2529644268763 70.2885375494075 73.0000000000046
54.555973816845 49.0002718698371 58.0026977853064 62.9047619047608 60.6895455591141 65.3805759457939 56.2799631929994 65.693038040865 61.0023631762761 62.995984691637 62.7860593512768 60.0105820105816 79.8656126482242 64.8964175920683 64 65.9723320158122 64.994750820838 67.9132735219712 62.2464813769177 66.1193090323547 65.8453060626962 68.9894179894184 66.9988288683941 57.0420352594275 63 65.6736725432379 63.7272727272715 58.8015977581193 64.0029905682078 63.0102683146157 71.4914570131959 66.0801388627485 67.5732061819028 72.7779450822941 71.2948742079159 72.9947089947092 72.1534600665089 72.2463558985355 81.4200807244309 80.8304577869801 86 81.0921847878358 74.2631281761729 75.9839596796125 76.9960474308298 72.0841332580434 67.8550933768314 75.9087353869963 69.4477696216843 74.0052910052908 72.2167011732211 72.2569169960466 71.706171445301 68.6811803333534
