rasterData/SaudiArabia_bio12.asc
NCOLS 253 
NROWS 189 
XLLCORNER 34.572764529 
YLLCORNER 16.370957701 
CELLSIZE 0.0832600798498024 
NODATA_value -3.4e+38 
[rows 72 to 107 of 189, columns 80 to 159 of 253]
128 131 131 132 133 136 137 138 140 140 142 144 153 155 151 151 153 156 156 157 163 163 161 163 164 167 167 169 172 174 174 177 179 180 176 177 177 179 181 178 178 177 181 177 182 184 182 182 180 179 181 175 174 175 174 172 170 169 167 166 163 159 157 156 153 152 150 149 145 143 139 137 135 133 128 125 120 120 118 114
126 129 129 131 133 137 137 138 138 139 140 142 146 150 149 149 150 151 153 156 159 163 159 160 163 165 165 167 168 171 174 175 176 178 179 175 175 176 178 178 177 176 178 177 178 183 181 180 177 176 174 176 175 172 171 171 169 166 166 164 164 161 155 153 152 151 149 147 144 142 138 135 135 130 127 124 123 122 115 114
125 127 129 131 134 136 136 138 136 138 138 138 141 143 145 146 148 149 148 152 162 160 158 157 161 161 162 166 168 170 174 175 175 176 178 174 174 175 176 178 177 174 175 175 175 180 178 177 176 173 172 173 179 169 165 165 168 166 165 164 163 157 156 153 150 149 146 145 142 140 137 133 131 128 126 124 121 120 116 114
126 127 129 130 136 134 135 135 136 136 136 138 138 141 144 144 144 147 148 151 159 157 153 155 160 160 162 166 168 169 172 172 174 173 177 173 174 172 174 174 173 170 174 174 173 172 176 177 176 176 171 171 170 168 163 162 160 161 160 160 156 156 156 153 149 147 145 143 142 140 136 133 131 129 126 123 120 118 117 115
126 127 129 131 131 131 132 132 134 134 135 138 138 141 141 143 144 144 146 149 150 150 151 153 161 162 166 165 164 168 170 170 171 172 173 172 170 168 173 172 170 168 167 171 172 169 169 175 179 176 171 170 166 165 167 162 159 155 151 151 152 155 155 152 148 147 144 141 138 136 135 131 129 125 124 122 119 117 116 114
125 128 129 129 129 130 131 133 134 135 134 137 137 138 140 142 143 144 146 148 150 149 151 153 155 159 161 163 163 166 168 168 170 171 171 171 168 167 168 170 169 168 166 170 171 168 169 169 176 177 171 170 166 162 160 161 155 151 149 148 150 153 153 151 150 145 143 143 138 134 132 129 128 126 123 123 118 116 114 112
126 128 128 128 126 129 130 131 133 134 134 135 136 137 139 143 147 146 157 146 149 149 151 153 155 158 161 162 163 164 165 168 168 167 169 171 169 167 166 167 169 168 165 168 167 168 165 167 166 173 172 169 164 162 159 156 154 149 149 147 146 144 150 151 148 144 142 140 137 134 131 128 127 124 121 120 117 116 113 112
125 125 127 127 129 130 130 130 130 133 134 136 135 136 142 143 146 149 155 146 146 148 149 153 155 159 162 163 162 165 167 165 168 166 166 168 168 165 165 164 165 167 167 166 167 167 166 162 162 165 169 168 165 162 158 155 152 148 149 147 144 144 141 145 148 144 142 139 135 133 130 127 124 123 119 119 117 115 112 112
125 121 123 125 126 125 127 127 129 130 132 133 134 136 141 139 142 144 146 146 146 147 149 152 156 160 162 162 163 165 164 164 164 161 163 166 168 165 164 162 163 165 165 165 167 165 164 160 159 158 160 160 159 156 155 154 154 151 150 146 143 143 140 139 145 144 140 138 134 132 129 128 124 122 119 119 118 113 110 110
121 121 121 122 123 125 126 125 128 129 129 131 133 135 141 138 139 143 144 144 145 146 148 153 156 160 162 161 163 164 163 164 162 161 162 163 170 166 162 161 162 162 163 163 164 164 161 159 158 158 154 153 152 152 153 154 152 152 151 146 142 142 138 138 137 141 137 138 134 134 132 124 123 121 118 117 114 113 111 109
118 118 118 120 122 122 123 125 126 129 129 129 130 134 139 139 141 139 144 144 143 146 148 150 156 157 161 162 162 161 161 160 160 159 158 162 169 166 163 161 160 161 160 161 161 161 160 159 158 156 155 153 150 152 150 152 153 155 153 147 140 139 138 137 130 130 132 135 133 134 132 125 122 120 118 116 114 112 111 108
117 118 117 119 120 120 121 123 125 125 129 129 130 132 135 136 139 140 147 146 143 145 148 149 153 158 159 157 158 158 155 157 157 157 157 159 162 165 164 160 158 156 157 158 161 159 159 157 157 156 154 151 150 149 148 151 157 150 147 148 143 136 138 133 132 129 129 131 130 130 126 124 122 118 118 115 113 111 111 108
116 117 118 119 119 121 122 122 125 124 126 128 129 132 134 135 139 140 142 143 142 144 147 148 151 154 156 156 156 155 156 157 155 154 156 157 160 162 162 159 158 156 156 156 159 159 156 156 155 153 152 149 149 145 146 149 155 152 148 148 141 137 134 131 131 130 128 126 128 128 125 122 119 118 116 114 112 110 110 108
118 118 120 120 120 120 121 122 122 124 125 126 129 131 132 135 139 138 140 142 141 144 147 149 151 153 154 152 154 155 155 156 154 154 155 156 156 158 159 159 157 156 154 156 156 156 153 154 151 151 151 150 146 145 144 142 144 153 151 143 145 138 136 129 127 126 127 125 126 125 122 122 120 118 117 115 113 109 108 107
117 118 120 122 123 121 121 121 123 124 124 125 129 129 131 132 136 138 142 143 143 145 148 151 152 152 153 154 155 155 153 153 152 152 153 153 155 158 158 159 158 156 154 153 154 152 152 151 149 148 146 145 144 141 140 139 141 144 149 142 139 138 132 130 127 126 124 123 125 125 122 120 117 115 115 114 111 110 107 105
118 118 120 119 121 122 122 120 121 122 123 123 128 127 131 132 136 141 142 146 147 144 145 149 153 154 155 153 156 155 153 154 150 151 151 153 154 156 156 156 156 155 154 154 152 150 150 148 146 146 145 144 140 140 139 137 136 139 148 145 144 135 131 129 125 124 122 120 121 118 119 118 115 114 113 112 110 109 106 104
119 120 120 120 121 121 123 121 120 121 122 124 126 127 131 133 138 144 140 148 149 145 146 146 148 153 154 154 156 152 151 149 147 148 151 154 151 153 156 155 154 154 154 153 153 150 146 145 145 143 142 142 140 139 138 135 134 134 134 142 144 135 133 128 123 123 122 117 119 118 116 117 113 112 112 111 110 108 106 104
114 119 120 120 121 120 119 122 120 120 123 123 125 127 128 132 137 140 141 146 149 148 147 148 149 150 149 152 154 153 150 147 147 148 149 150 152 153 152 151 150 152 152 150 150 147 143 143 142 141 140 138 138 139 135 134 133 133 129 128 134 138 130 127 123 125 119 115 118 116 114 110 109 106 105 108 109 107 106 104
111 118 120 119 120 119 118 120 121 121 122 122 124 125 128 132 135 137 143 140 143 147 148 149 152 150 148 147 148 148 147 146 146 147 150 152 153 154 152 151 150 148 151 148 145 144 143 140 139 139 138 137 136 135 135 135 132 131 128 127 125 130 132 129 123 123 115 115 113 114 110 108 106 104 103 104 106 105 102 102
112 116 120 119 119 119 119 120 120 121 121 123 125 127 127 129 130 133 137 138 140 143 146 147 148 150 149 147 146 145 146 145 145 146 149 152 156 156 153 151 149 148 148 148 143 142 141 139 139 137 136 136 134 134 134 133 131 130 129 127 125 122 124 125 124 120 115 111 110 113 110 107 104 103 103 101 98 99 99 101
108 110 115 118 118 119 119 119 118 119 121 123 125 127 126 128 130 132 135 137 141 142 144 146 145 144 144 144 143 144 143 144 144 146 148 152 155 155 154 154 150 148 145 143 144 143 139 137 137 136 135 133 134 134 133 131 131 131 129 128 126 126 125 123 122 119 115 111 111 111 109 107 104 103 104 102 97 96 96 96
106 107 108 112 117 116 119 121 121 119 119 121 123 125 126 127 129 132 132 133 138 141 146 148 145 143 143 143 140 142 141 141 142 145 146 148 152 153 155 153 150 149 149 145 144 143 138 136 135 134 132 131 130 131 129 130 127 128 128 131 129 131 125 123 120 117 115 111 110 109 105 105 103 100 101 101 99 96 97 97
104 105 108 109 113 115 118 118 121 120 119 119 122 126 127 128 131 133 133 133 136 138 141 143 142 143 144 141 141 142 141 141 141 142 148 147 150 152 154 151 150 151 151 148 145 143 139 135 135 131 130 128 128 128 128 126 126 125 131 131 130 129 123 125 119 118 114 111 109 107 104 104 101 101 100 99 95 95 97 96
102 105 105 109 111 113 115 118 120 119 119 120 123 127 128 129 130 132 134 135 136 137 140 140 143 146 146 142 143 143 141 141 141 141 147 148 150 151 153 151 150 149 148 147 144 143 141 136 132 131 130 128 127 126 126 125 124 124 125 125 125 122 129 134 129 121 115 111 107 104 104 101 100 97 98 97 97 99 97 95
103 106 107 107 109 111 114 115 117 119 120 121 122 127 129 128 129 131 133 134 135 135 138 139 143 145 143 141 142 142 142 144 142 142 141 146 146 151 153 150 148 148 146 143 143 142 138 138 136 131 129 126 124 124 122 123 124 124 124 128 126 130 138 134 128 123 115 109 106 104 104 102 101 97 98 98 99 97 97 94
102 106 107 108 109 110 115 115 117 118 120 120 122 123 124 125 128 130 131 134 136 136 136 136 139 141 142 143 142 140 140 140 142 142 141 144 145 147 149 147 146 146 145 142 141 142 139 139 138 131 128 125 123 120 120 120 123 120 122 130 132 135 141 135 126 121 115 108 106 105 103 100 97 96 99 99 99 95 95 93
104 108 109 109 110 110 113 115 119 120 120 119 120 122 125 126 126 127 131 133 135 136 136 134 136 138 137 140 140 140 138 138 140 141 140 141 143 147 147 147 145 143 142 140 141 141 140 139 138 133 127 124 123 120 118 118 119 119 124 137 136 138 144 137 128 122 113 107 104 103 100 98 97 97 98 98 98 96 95 93
104 106 110 110 111 111 112 114 117 119 120 120 121 120 123 125 126 127 128 130 135 134 134 133 132 135 136 139 137 136 138 135 135 138 137 137 140 142 145 145 145 142 141 140 137 136 140 137 134 134 128 124 123 118 117 116 116 118 122 131 128 124 137 133 126 123 112 105 102 101 100 97 97 99 101 98 97 95 93 92
105 108 110 110 111 112 112 111 114 117 119 119 120 122 122 123 125 127 127 130 131 131 133 132 132 133 135 137 137 135 134 132 133 135 135 135 137 139 142 142 143 141 139 136 133 134 138 134 131 131 131 127 122 118 117 114 115 116 118 123 127 122 125 133 128 119 111 105 102 102 99 97 97 100 101 97 97 94 93 91
105 108 109 110 111 111 113 114 114 115 119 120 123 120 121 123 124 125 128 127 128 130 131 129 132 133 133 135 137 137 132 131 131 134 133 134 135 136 137 138 142 141 136 134 133 132 133 131 130 126 126 126 120 117 114 112 112 114 117 128 128 121 114 116 116 111 110 104 100 101 99 98 97 99 99 96 94 94 91 91
105 106 109 110 112 111 112 113 114 115 117 121 121 121 123 124 124 125 127 128 128 129 128 129 129 130 132 131 130 131 130 129 127 129 133 130 133 133 135 137 140 136 135 131 131 131 131 131 128 126 125 124 121 118 113 111 111 112 115 119 122 120 127 128 120 110 108 101 100 102 98 98 97 99 96 95 94 92 91 89
107 107 108 110 110 111 111 112 114 113 117 119 120 121 123 122 122 123 126 128 128 129 130 130 128 129 129 130 128 131 129 128 126 127 127 129 130 132 133 135 134 133 132 131 128 129 130 128 127 128 126 126 123 114 112 111 110 111 110 113 127 129 135 125 115 108 106 102 100 100 100 100 100 99 97 94 94 90 90 87
109 109 111 110 109 110 110 112 112 115 117 118 119 121 121 121 121 122 124 125 127 128 130 134 130 129 128 126 127 128 127 128 126 126 123 126 127 129 133 131 130 132 132 129 126 126 128 127 126 123 122 122 121 115 111 109 107 107 107 108 121 117 118 125 117 110 104 101 101 101 98 99 99 99 96 93 90 90 88 87
112 113 113 112 111 109 111 111 113 115 115 117 119 120 121 122 120 120 122 124 126 128 129 134 133 133 127 127 126 129 128 128 128 125 124 123 124 127 126 128 131 128 127 126 123 123 122 126 126 123 122 118 118 115 112 108 106 105 105 105 110 118 110 111 110 104 103 101 100 100 98 98 99 96 94 92 90 89 88 86
113 116 114 112 109 109 110 112 114 114 114 115 119 119 119 121 122 121 123 124 125 126 127 131 134 132 128 129 126 126 127 126 126 125 124 123 121 122 124 125 126 125 126 123 120 119 120 120 122 123 119 118 118 113 111 105 104 104 104 104 103 106 107 116 109 104 101 102 101 100 97 97 95 94 93 91 89 87 88 85
115 116 112 110 107 109 110 112 111 112 113 115 116 119 119 120 119 121 122 124 126 126 128 131 132 133 131 128 127 126 128 131 130 126 126 125 120 121 121 121 121 121 124 120 118 118 118 118 120 120 118 113 113 113 109 106 104 104 105 102 109 111 121 116 110 104 101 101 100 98 98 96 95 93 91 90 88 87 87 85
