rasterData/SaudiArabia_SNDPPT_M_sl2_250m_ll.asc
NCOLS 253 
NROWS 189 
XLLCORNER 34.572764529 
YLLCORNER 16.370957701 
CELLSIZE 0.0832600798498024 
NODATA_value -9999 
[rows 0 to 23 of 189, columns 54 to 107 of 253]
67.5612648221358 66.784637262899 61.2463558985291 59.4545454545448 42.6758893280671 -9999 -9999 -9999 -9999 -9999 -9999 -9999 -9999 -9999 -9999 -9999 -9999 -9999 -9999 -9999 -9999 -9999 -9999 -9999 -9999 -9999 -9999 -9999 -9999 -9999 -9999 -9999 -9999 -9999 -9999 -9999 -9999 -9999 -9999 -9999 -9999 -9999 -9999 -9999 -9999 -9999 -9999 -9999 -9999 -9999 -9999 -9999 -9999 -9999
59.2850868937836 65.5098186837302 64.2431143735486 60.4545454545448 62.507936507937 62.3833992094866 60.8233264320198 63.9738377564452 68.3674007152265 59 52.5111989459823 57.7510508814839 -9999 -9999 -9999 -9999 -9999 -9999 -9999 -9999 -9999 -9999 -9999 -9999 -9999 -9999 -9999 -9999 -9999 -9999 -9999 -9999 -9999 -9999 -9999 -9999 -9999 -9999 -9999 -9999 -9999 -9999 -9999 -9999 -9999 -9999 -9999 -9999 -9999 -9999 -9999 -9999 -9999 -9999
64.2251709643008 65.5132275132278 71.4963924963927 66.3386243386258 61.9581111320219 70 66.7948010122009 71.1519961519955 71.8388648388636 70.3694083694083 68.0054373967419 65.3742392872791 62.8424409728814 55.848275717838 59.9956709956717 54.5839764100564 53.9920948616596 -9999 -9999 -9999 -9999 -9999 -9999 -9999 -9999 -9999 -9999 -9999 -9999 -9999 -9999 -9999 -9999 -9999 -9999 -9999 -9999 -9999 -9999 -9999 -9999 -9999 -9999 -9999 -9999 -9999 -9999 -9999 -9999 -9999 -9999 -9999 -9999 -9999
75.1168203776866 77.5009515444297 73 70.3703703703713 72.6253842775529 76.2616015224678 77.4589371980628 76.5119309032385 81.9732103645171 84.4718196457376 76 72.39964866052 76.9076269945827 74.0475772214912 66.5817596252363 72.0143463621714 70.4482506221686 70.4460547504071 78.0409896062072 -9999 -9999 -9999 -9999 -9999 -9999 -9999 -9999 -9999 -9999 -9999 -9999 -9999 -9999 -9999 -9999 -9999 -9999 -9999 -9999 -9999 -9999 -9999 -9999 -9999 -9999 -9999 -9999 -9999 -9999 -9999 -9999 -9999 -9999 -9999
74.4285714285717 78.0287972896661 76.2625635234345 73.7792207792226 74.7709392057221 79.5507246376809 81.4327122153085 76.8989271597971 78 79.7649162431765 70.9021268586484 75.1780538302267 76.9360060229639 69.6137775268215 70 74.0304912478836 77.047995482778 79.0227743271216 80.6028609072093 78.1022021456814 -9999 -9999 -9999 -9999 -9999 -9999 -9999 -9999 -9999 -9999 -9999 -9999 -9999 -9999 -9999 -9999 -9999 -9999 -9999 -9999 -9999 -9999 -9999 -9999 -9999 -9999 -9999 -9999 -9999 -9999 -9999 -9999 -9999 -9999
83.5617667356792 80.9723947550037 84.4901185770746 72.4276094276115 77.7783215174516 81.608570173788 74.8796871405671 83 75.3827090783603 72.6426375556806 72.0505468766345 73.8565154652115 77.2654077001951 74.4245352071419 74.2477152477154 73.5001777610456 76 80.3896940418694 73.9882259447486 76.4102515841637 78.4708994708998 72.8933433716031 -9999 -9999 -9999 -9999 -9999 -9999 -9999 -9999 -9999 -9999 -9999 -9999 -9999 -9999 -9999 -9999 -9999 -9999 -9999 -9999 -9999 -9999 -9999 -9999 -9999 -9999 -9999 -9999 -9999 -9999 -9999 -9999
81.2344563648909 82.1882175795204 78.9557270426818 80.799422799423 76.9336846728084 79.5768032289798 81.8596733379273 80.0294455946644 78.1730346947632 75.871154610285 75.6300897170473 74.1699604743073 77.0687830687855 79.0460087416616 77.9705544053371 79.4938411025408 77.5947257251637 75.9565217391315 78.1158583767288 76.9312169312145 76.3853441244724 74.7201622853802 73.5569149047407 69.1578518100267 -9999 -9999 -9999 -9999 -9999 -9999 -9999 -9999 -9999 -9999 -9999 -9999 -9999 -9999 -9999 -9999 -9999 -9999 -9999 -9999 -9999 -9999 -9999 -9999 -9999 -9999 -9999 -9999 -9999 -9999
77.629587803504 85.4603174603182 73.9893343371598 78.3001443001456 74.6118326118343 81.636802810717 76.0793650793637 82.6920760399053 78.6190476190455 73.3904259991218 64.2218457870632 75.4479578392621 77.4603174603182 74.954514084948 79.1325679151754 81 78.0115440115447 82.4837819185646 78.5396825396818 77.5924462011424 74.0691385908785 76.1710270405918 76.1812535290789 73.6634042286202 69.5858585858579 77.7508626639083 -9999 -9999 -9999 -9999 -9999 -9999 -9999 -9999 -9999 -9999 -9999 -9999 -9999 -9999 -9999 -9999 -9999 -9999 -9999 -9999 -9999 -9999 -9999 -9999 -9999 -9999 -9999 -9999
80.7283183804941 75.7607963694935 85.7328983415931 84.7022607022609 79.8454106280165 81.455026455024 79.3478260869607 77.3129430955506 73.6058096492869 71.3453165192279 74 73.8300395256927 72.4948449296113 75.865089821606 78.9388292866502 81.0150783194252 78.0892360457627 77.0710835058647 80.0790513833998 71.9896898592543 79.4631198109473 73.438839743173 74.7464081811932 78.8876550180905 76.3187987535843 78 82.3049543049573 76.1098563272482 -9999 -9999 -9999 -9999 -9999 -9999 -9999 -9999 -9999 -9999 -9999 -9999 -9999 -9999 -9999 -9999 -9999 -9999 -9999 -9999 -9999 -9999 -9999 -9999 -9999 -9999
70.8481084133267 77.8574774661734 76.7194303281254 86.2044252044247 83.8687077817516 79.5943702030668 80.484702093398 80.8595687726129 75.4497354497349 73.8673275195016 73.0924357446096 74.4497354497349 74 71.4052951879026 77.6355898529817 83.965451617628 77.4540853671285 70.9668737060014 77.4141832402694 76.0374552983246 76.5296024426462 77.0968693142616 76 78.1413723152857 77.5138549051612 75.3438735177871 79.9139009139009 74.252106991237 71.9597423510534 76.3844866888303 -9999 -9999 -9999 -9999 -9999 -9999 -9999 -9999 -9999 -9999 -9999 -9999 -9999 -9999 -9999 -9999 -9999 -9999 -9999 -9999 -9999 -9999 -9999 -9999
70.4931927975404 70.2692138779099 71.5643390425974 71.6161616161625 79.0241545893742 73.1963109354394 78.6376811594224 82.1111111111119 75.3122529644311 71.7935880544595 74.4290733421163 74.1989459815558 73.4958278436556 72 78 77.4844093104931 80.4453227931486 78.1256038647313 77 78.1146245059313 79.0667545015377 78.9174352217834 82.3706631532714 78.4404918752761 75.8300395256864 79.0294246815984 87.5151515151517 83.3324549846284 78.6956521739117 85.150197628457 82.6051822573566 77.7316644707929 -9999 -9999 -9999 -9999 -9999 -9999 -9999 -9999 -9999 -9999 -9999 -9999 -9999 -9999 -9999 -9999 -9999 -9999 -9999 -9999 -9999 -9999
56.3152017065082 52.7051676182112 52.7649998954339 56.2948532948536 75.4391534391533 65.7940481418735 70.9461697722758 70.3122529644258 77.7829851308133 73 71.090260785913 77.4391534391533 75 70.5608465608467 76.750569881005 81.9844825062227 79 79.0190936277888 72.9652843131101 78.4462220549154 80.1501976284599 77.1542965890794 77.3209946253443 85 81.1814208335978 79.9265324047915 72.3213083213075 75.5081874647084 80.2482171612597 79.6124600037616 81.4992784992785 83 77.762804023674 77.7861430035331 -9999 -9999 -9999 -9999 -9999 -9999 -9999 -9999 -9999 -9999 -9999 -9999 -9999 -9999 -9999 -9999 -9999 -9999 -9999 -9999
55.3807014241785 53.4966016270365 55.1237007758741 57.4939874939874 54.8801890541024 58.5465211117388 62.1295146077838 72.9554969989758 78.6861785557444 76.4296379948556 76.767279419453 74.4338624338625 75.4338624338625 74.6090093481405 80.406424493381 77.2619152184398 72.5809021895986 77.4338624338625 79.034297425602 67.1638747725948 75.3381851642765 78.9754271493403 86.7874814396564 85.1977539368838 82.0333145115762 82.5069326808449 82.2313612313607 84.7007967877534 80.1886358408105 82.9635067026388 85.7804964761485 81.1989250684901 85 82.3635527113779 79.8713846539941 82.9386410690703 -9999 -9999 -9999 -9999 -9999 -9999 -9999 -9999 -9999 -9999 -9999 -9999 -9999 -9999 -9999 -9999 -9999 -9999
54.9621682665239 52.0971202710361 53.5714285714317 54.9090909090856 55.5810276679832 52.4641445511103 55.3726708074531 76.581027667981 77.1671372106062 79.7588932806329 75.4285714285683 74.0700169395895 76.2941840767925 80.1129305477156 74.4285714285683 77.9723320158122 75.4251835121367 74.9565217391315 81 78 77.657255787695 80.4652738565812 65.7939017504411 50.7312252964418 84.2682100508247 80.3258046301447 87.03896103896 84.3738001129338 84.3291925465896 83.2015810276658 86.5059288537553 79.6070016939615 84.2473178994903 81.8159232072251 85.7221908526281 80.8729531338249 82.7944664031525 81.4901185770865 -9999 -9999 -9999 -9999 -9999 -9999 -9999 -9999 -9999 -9999 -9999 -9999 -9999 -9999 -9999 -9999
63.4023255327577 56.6100550013648 56.3534098751468 58.776334776335 53.5157789070783 56.9769538030402 70.5263400046148 64.8678294330477 78.1656942091723 74.5767195767208 81.3362820754114 79.4493590145754 80.113767070286 78.0418261287832 80 75.9840433318705 78.0012129577348 69.6620657924994 73.7514900558415 77.4232804232792 77.1303929564818 78.1340318296831 75.0079051383512 78.3145324884444 80.9847543760601 82.379634857894 85.1568061568104 76.9232072275571 79.4232804232792 83.5425267164391 77.3424514294053 80.458498023715 82.4232804232792 83.3892548675142 80.8745216136532 85.2894368111735 86.1618462053238 81.3316602881776 78.3346090302597 -9999 -9999 -9999 -9999 -9999 -9999 -9999 -9999 -9999 -9999 -9999 -9999 -9999 -9999 -9999
49.9792542401242 53.9222034004632 52.5883263274514 55.2741702741672 58.2147771713008 66.5436560219171 71.9615827007124 76.2506639897922 81.256958822174 75.4179894179884 77.6572348746259 73.8579166405265 76.0561724909537 76.9173933956531 78.78237865194 76.3948595687732 77.006608528348 75.3128594432957 84.1548403287497 78.5632097371232 73.3769998117863 77.2844385887835 81.4894911851442 84.7009431792031 85.2924901185784 82.2001380262257 76.5699855699839 82.5820105820116 87.0713135495756 84.1868791433991 81.375494071148 83.9247966204479 82.4179894179884 83.6126482213432 86.9513771252898 86.8678294330456 78.6726478030812 83.3369512934684 80.6695735826184 80.652173913045 -9999 -9999 -9999 -9999 -9999 -9999 -9999 -9999 -9999 -9999 -9999 -9999 -9999 -9999
57 50.9371353284429 54.1166948993072 50.2020202020145 69.9222661396544 65.0669427191147 80.408557625952 81.587301587299 79.5268837442789 83.5152142543395 80.3278750235291 75.9001819436612 72.9210740949892 77.0412823891021 78.587301587299 75.8368153585589 77.4206035510414 81.0179434092474 85.573498964801 77.5273229186323 81.2103645147087 73.2593638245834 82 76.6507936508039 82.4160235899341 85 81.4761904761911 82 76.5113871635604 85 80.0911600476795 88 85.5134575569356 80.9429700734151 86.0553359683823 86.9035071208995 81.5970889014308 82.4594391116323 83.4642700294847 81.2387853692235 80.1503858460354 79.8972332015826 -9999 -9999 -9999 -9999 -9999 -9999 -9999 -9999 -9999 -9999 -9999 -9999
55.0499194847032 54.8817157078024 55.8802517932983 55.323232323233 56.7517200995453 66.1561996779388 73.082125603871 80.7571365832238 79.1127214170697 82.5502854633282 77.9415898111557 76.7455716586144 78.3536817449916 78.937783633435 81 76.4238032498885 80.8227199531539 79.1771336553959 76.5925925925932 82 79.3867662128515 78.7826086956547 77 74.3027375201282 77.7075098814216 79.6747181964561 81.5252525252528 78.6357780705609 85.3961352656991 83.2545747328337 80.0985214463485 81.2697994437129 80.0913482652624 78.6843800322061 85.3292343727124 80.3747621138972 78.8856682769735 80.8547796808631 86.5422339335354 81.2061191626403 81.4330259112858 77.9581320450893 72.5527741179919 -9999 -9999 -9999 -9999 -9999 -9999 -9999 -9999 -9999 -9999 -9999
49.0172951042551 62.9121860426202 53.3982474852041 54.7412217412218 67.7896354852911 63.1354539180631 74.6834598573783 80.3122529644258 72.2054081184544 78.3051634355986 78.6576531359153 78.1699604743073 79.2940376853445 79 72.20634920635 77.1849342284127 74.4021164021167 75 70.450362841667 76.4706485141285 78.2519187736568 79.5131856870985 81.0917665265478 81.7430830039522 79.7807474329235 80.3855532551174 81.20634920635 82.5978835978834 86.2599493903851 83.0354476441452 82.1957671957667 81.7038919212828 75.3813079030484 82.7431666562103 77.3083003952594 83.4947403642999 87.9267415354414 84.6084237823278 87.472635255243 81.4939038417302 80.2513959470466 71.4635589852974 72.1205219900876 75.8042328042333 -9999 -9999 -9999 -9999 -9999 -9999 -9999 -9999 -9999 -9999
56.9328063241091 71.8117824204788 58.8055712403507 82.8773448773473 57.5588807327899 60.0730284208524 78.1904761904704 82.3122529644258 85.6135265700468 83.3968253968235 76.9608507434606 79.102515841646 73.7652926783351 79.6556245686621 77.1013865361693 70.3968253968235 69.6125854821531 76.8875086266428 77.8099629838726 70 75.4874207917678 82.1019511889084 82.3968253968235 78.1019511889074 79.2742957525587 82.3438735177871 84.5281385281392 85.4471422297555 77.7377501725309 78.1685802120641 80.3896731288012 78.541501976285 78.6608946608912 79.4241169458515 79.5873015872939 80.5223037831723 79.073906769555 85.3541000062608 89.6209297948395 85.7929606625278 83.4911851433624 84.9380136771449 77.3701612397246 76.0381454294479 70.8103394190409 71.3811405985306 -9999 -9999 -9999 -9999 -9999 -9999 -9999 -9999
54.2963590354898 67.4227994227989 53.1226342095915 55.4545454545448 69.0274379404824 85.2414204153333 81.8638141246821 81.4184704184711 81.1083296735476 82.7588932806329 83.7003367003365 78.3500219587169 78.8364598364634 77 73.4052533617751 77.7939017504227 74.9859045945995 79.6425120772939 78.7692661605704 76.2769098856031 79.0341510341494 75.5851684547329 80.0031369596607 76.1611979003283 75.5661375661375 83 77.683020683021 77.3578852709288 77.4391534391545 80.552857770252 81.8928205449945 76.2169312169312 81.4428759646154 84.1474789300886 82.5412719325772 84.6151996151952 79.8901227596887 77.7441077441008 84.6799255494922 85.1118012422372 88.1157956375519 76.3713323713334 76.7699353786309 69.99314051488 71.9672919672925 76.0240500240492 66.2903988121375 -9999 -9999 -9999 -9999 -9999 -9999 -9999
83.9948344730962 84.0880649141538 64.3951941777999 86.7205387205318 85.9672710542251 81.1245582115095 83 79.928958320262 74.8931342409602 78.1479808436331 79.5669950017784 74.8956856348164 71.0519062258179 82.703557312248 83.3618169270329 81.2329506242456 72.4178639396033 81.3862433862419 75.2275132275163 72.0703515486141 77.570612961918 77.1558441558469 70.9328481502468 80.1576845055112 80 76 77.7229437229396 75.6961540874558 82.7927306188188 74.67300332518 84 80.6108078716821 76.6534077838388 76.9988916075851 80.8525210699106 80.8078298513123 79.1083924127391 83.6137566137581 75.0507560072835 76.4398435702806 84.6918459961994 76.3862433862419 77.3862433862419 74.2591337808743 76.8418972332061 77.410502540935 74.3721061547119 64.4556956730879 -9999 -9999 -9999 -9999 -9999 -9999
91.7861848296633 74.1806888763406 85.3156408808593 86.0432900432876 81.8023715414999 63.2348955392424 83.7846790890239 83.143045360437 71.8968567664277 79.0479954827778 75.065311500093 78.8947863730476 77.0717108978037 77 86.6672313194064 76.7856201769204 81.9969885187275 76.9834368530025 81.5701110483727 74.5413137587103 75.3003952569198 77.1938641069099 77.8462262375281 74.7430830039522 79 79.7850555241894 78.467532467532 78.5032938076405 80.7267080745279 81.5964615095051 78.3103707886323 81.8767174854145 77.7801618671188 83.3873517786568 81.2761151891552 81.3809523809511 84 78.2222849614071 80.0798042537175 80.1325051759824 79.0141163184709 82.3418031244112 70.588932806324 76.2938076416333 78.383399209485 80.0395256916982 74.9070205157154 71.6612083568614 68.805759457933 66.0735930735885 -9999 -9999 -9999 -9999
84.4944475814033 89.3282096325569 80.1717799109098 82.2837902837896 80.2053662923212 83.0876048267351 81.4028065332497 80.4293870380829 76.8574356400427 75.2850868937832 76.3836292531964 75.0703724616736 85.2443064182185 75.384612167222 72.1184515967124 80.2417968504918 75.3677562373216 73.4062571888609 76.970303448564 77.248677248676 77.5305644436066 78.7739297739303 79.1381935294984 77 81.7075098814216 79.375661375662 81.1029341029335 74.6759520672557 80.7609845870697 78.8185791664077 83.3581780538276 82.375661375662 83.1588765501809 83 79.1560323734239 81 79 85.7163979337909 84.1444883618784 82.2824936737967 79.6523412175539 84.7768785160096 78.4762741284489 76.751322751324 78.381098772404 76.5651546521127 71.5961269004739 77 75.9086935608671 66.7965367965384 66.96871405567 -9999 -9999 -9999
