rasterData/SaudiArabia_bio12.asc
NCOLS 253 
NROWS 189 
XLLCORNER 34.572764529 
YLLCORNER 16.370957701 
CELLSIZE 0.0832600798498024 
NODATA_value -3.4e+38 
[rows 36 to 71 of 189, columns 0 to 79 of 253]
-3.4e+38 -3.4e+38 -3.4e+38 10 17 26 29 37 46 37 37 51 45 38 28 22 21 19 19 21 23 24 24 29 29 35 38 43 47 51 51 51 47 47 45 44 44 43 43 46 45 45 46 47 50 53 51 50 52 54 52 54 59 61 62 64 65 67 68 70 70 70 70 72 73 75 76 76 79 80 83 85 85 88 88 90 92 94 96 99
-3.4e+38 -3.4e+38 -3.4e+38 9 19 35 35 27 30 36 37 50 48 41 32 26 21 20 21 24 24 25 28 29 31 36 39 41 43 46 52 51 50 48 47 46 45 45 45 44 44 46 47 47 50 54 52 53 53 53 53 55 55 61 62 64 65 68 68 69 71 72 73 74 75 76 78 78 79 81 84 86 88 89 91 92 95 97 98 101
-3.4e+38 -3.4e+38 -3.4e+38 11 27 34 23 21 34 34 35 40 42 38 32 27 22 21 23 25 28 28 29 31 32 33 38 38 41 46 52 56 50 49 49 50 49 48 47 45 47 49 49 48 50 52 54 55 56 57 55 56 56 59 62 64 66 69 69 70 71 72 74 75 76 78 79 81 82 85 86 88 89 91 93 97 97 99 99 102
-3.4e+38 -3.4e+38 -3.4e+38 20 31 21 17 21 39 50 42 36 42 43 37 33 26 24 26 28 28 31 33 34 36 37 38 39 42 46 51 54 53 52 51 51 48 47 48 48 50 54 51 52 52 52 54 55 55 58 55 55 56 61 63 65 67 68 68 72 73 74 74 77 77 81 82 83 85 86 88 90 93 95 99 99 99 100 103 102
-3.4e+38 -3.4e+38 -3.4e+38 23 21 17 13 20 63 57 42 38 38 42 39 34 28 27 28 28 31 31 35 37 39 39 40 43 44 47 49 52 54 53 52 52 48 47 47 51 53 56 55 55 55 54 55 56 56 55 56 58 59 62 64 65 67 67 69 72 72 74 77 77 79 82 84 85 87 90 91 92 93 93 98 100 101 104 107 106
-3.4e+38 -3.4e+38 7 13 14 11 12 21 49 57 48 41 36 37 37 37 32 28 28 31 32 36 36 38 38 42 44 45 46 49 50 51 54 52 52 51 50 49 51 54 56 60 58 56 55 56 56 60 57 56 57 58 62 63 64 66 68 68 69 71 74 76 77 78 80 84 84 84 86 89 89 93 94 97 99 103 106 106 108 108
-3.4e+38 -3.4e+38 -3.4e+38 10 11 10 12 21 27 55 47 40 35 33 36 34 32 31 33 33 36 36 38 38 41 45 48 48 47 51 54 56 55 54 53 51 50 51 54 53 56 61 61 60 60 59 60 60 60 60 59 62 61 62 64 67 68 69 71 74 74 79 79 80 82 84 85 86 90 90 92 94 96 98 103 106 106 108 110 113
-3.4e+38 -3.4e+38 5 7 8 6 12 14 15 28 35 36 35 30 30 41 40 36 33 34 36 37 38 42 46 47 47 49 49 51 56 59 61 54 53 52 51 53 55 56 57 61 61 61 61 61 62 62 62 61 61 62 62 62 63 67 70 72 74 75 78 79 81 82 85 85 88 90 92 95 96 99 101 104 106 105 108 110 114 115
-3.4e+38 -3.4e+38 7 7 6 5 7 11 20 22 29 35 34 30 30 39 43 41 38 36 36 38 42 43 47 50 49 49 49 50 52 58 60 57 54 54 55 55 55 59 60 61 61 61 61 61 62 62 62 62 61 61 62 62 66 69 71 74 76 76 78 81 82 85 85 88 91 91 92 96 97 99 101 104 105 107 110 114 115 116
-3.4e+38 6 7 5 5 5 5 17 30 13 15 32 34 30 32 36 42 43 40 39 38 41 43 44 47 50 50 49 49 51 52 54 57 58 54 55 56 55 55 62 61 61 61 61 61 61 62 61 62 62 62 63 62 65 68 69 72 74 76 79 79 83 84 88 89 90 92 93 94 96 98 101 103 106 107 108 112 113 116 119
-3.4e+38 5 5 5 5 5 5 6 9 11 13 29 44 34 34 36 41 44 40 42 41 43 43 47 49 50 50 50 50 53 53 54 55 55 56 60 59 58 59 60 60 60 62 62 62 61 62 63 63 63 63 64 65 67 70 73 74 74 77 80 83 84 87 91 91 92 93 96 98 98 100 105 105 106 108 112 114 115 117 120
5 -3.4e+38 5 5 5 5 5 5 7 10 12 27 30 24 35 39 39 41 46 45 45 47 47 50 52 51 51 51 53 56 53 54 55 56 60 60 61 62 61 60 61 60 59 62 62 62 63 64 64 63 63 65 65 69 73 75 74 77 80 82 85 87 90 91 92 95 97 98 100 100 103 105 107 108 111 114 116 116 118 122
5.000000000000000 -3.4e+38 -3.4e+38 -3.4e+38 -3.4e+38 -3.4e+38 -3.4e+38 -3.4e+38 6 10 12 15 18 19 26 38 39 42 46 47 51 49 53 53 54 56 55 55 56 56 55 57 58 59 60 60 62 63 62 62 62 59 59 60 62 61 61 63 63 64 65 66 66 70 73 74 75 80 82 84 88 88 91 92 93 97 98 100 101 102 105 106 108 112 116 116 113 117 119 125
-3.4e+38 -3.4e+38 -3.4e+38 -3.4e+38 -3.4e+38 -3.4e+38 -3.4e+38 -3.4e+38 6 9 10 11 20 30 24 31 40 42 46 50 59 57 57 56 54 55 57 58 59 59 59 59 59 59 60 60 62 63 63 66 60 60 59 60 60 61 62 64 64 64 66 67 68 72 75 76 80 81 83 85 87 91 92 95 96 98 99 101 101 104 106 108 111 112 115 115 117 120 123 127
-3.4e+38 -3.4e+38 -3.4e+38 -3.4e+38 -3.4e+38 -3.4e+38 -3.4e+38 -3.4e+38 -3.4e+38 7 10 11 18 37 30 31 41 43 45 54 62 68 65 59 60 59 60 65 66 61 60 59 59 59 60 60 60 63 65 70 64 61 63 63 62 62 62 64 66 65 65 67 71 73 77 78 80 83 85 87 89 92 95 95 97 97 99 101 103 106 107 109 111 113 114 117 119 123 127 130
-3.4e+38 -3.4e+38 -3.4e+38 -3.4e+38 -3.4e+38 -3.4e+38 -3.4e+38 -3.4e+38 -3.4e+38 7 9 11 12 23 23 31 32 43 48 53 62 66 76 70 65 70 66 71 68 65 65 64 61 60 60 62 61 63 64 65 63 64 63 63 63 63 64 64 65 65 66 69 72 75 77 79 82 84 86 90 90 93 94 97 97 99 101 102 104 107 108 108 110 113 115 120 123 126 129 132
-3.4e+38 -3.4e+38 -3.4e+38 -3.4e+38 -3.4e+38 -3.4e+38 -3.4e+38 -3.4e+38 -3.4e+38 -3.4e+38 9 11 11 19 18 24 24 27 36 52 57 46 48 65 70 78 76 74 72 70 69 67 64 63 60 60 62 64 64 64 65 64 64 63 64 64 65 64 65 67 70 70 73 76 77 80 83 86 87 90 92 93 95 96 101 103 102 103 103 107 108 107 108 111 116 120 122 129 132 135
-3.4e+38 -3.4e+38 -3.4e+38 -3.4e+38 -3.4e+38 -3.4e+38 -3.4e+38 -3.4e+38 -3.4e+38 -3.4e+38 -3.4e+38 10 11 19 26 20 22 24 26 32 33 35 37 47 54 73 80 81 79 76 71 70 68 66 64 63 62 64 64 67 66 66 66 64 66 66 64 65 67 69 70 71 75 77 77 82 85 85 88 90 92 92 96 99 103 107 100 97 99 104 110 108 111 111 116 120 126 131 134 139
-3.4e+38 -3.4e+38 -3.4e+38 -3.4e+38 -3.4e+38 -3.4e+38 -3.4e+38 -3.4e+38 -3.4e+38 -3.4e+38 -3.4e+38 10 11 11 14 19 20 22 25 28 25 31 36 37 49 67 85 85 80 80 77 75 70 69 69 67 65 65 66 67 68 68 68 66 68 68 68 68 69 69 70 72 75 77 80 83 85 85 87 88 90 92 93 99 103 112 108 99 103 104 108 108 111 115 121 125 127 132 135 142
-3.4e+38 -3.4e+38 -3.4e+38 -3.4e+38 -3.4e+38 -3.4e+38 -3.4e+38 -3.4e+38 -3.4e+38 -3.4e+38 -3.4e+38 -3.4e+38 11 12 14 16 25 25 27 23 25 25 32 37 43 61 82 79 84 82 80 76 75 77 73 70 67 67 69 69 68 68 70 69 68 68 69 73 73 72 73 73 73 79 83 83 85 85 88 88 92 91 93 97 102 111 113 103 104 104 108 111 114 123 124 128 126 133 135 142
-3.4e+38 -3.4e+38 -3.4e+38 -3.4e+38 -3.4e+38 -3.4e+38 -3.4e+38 -3.4e+38 -3.4e+38 -3.4e+38 -3.4e+38 -3.4e+38 -3.4e+38 12 14 16 19 20 24 24 23 26 32 37 49 62 78 78 74 83 79 74 78 80 81 76 73 71 72 72 73 72 71 73 71 71 71 73 73 74 74 77 79 78 83 83 82 83 86 91 91 90 91 91 99 108 112 102 104 108 110 112 117 123 125 128 130 133 140 142
-3.4e+38 -3.4e+38 -3.4e+38 -3.4e+38 -3.4e+38 -3.4e+38 -3.4e+38 -3.4e+38 -3.4e+38 -3.4e+38 -3.4e+38 -3.4e+38 -3.4e+38 -3.4e+38 12 14 16 19 19 24 26 26 31 37 39 63 67 69 69 75 80 73 73 79 86 82 77 76 73 72 74 75 73 72 72 74 73 72 73 74 76 77 79 81 85 84 84 84 88 89 98 95 93 94 99 107 104 103 106 107 111 116 117 125 127 128 133 139 144 150
-3.4e+38 -3.4e+38 -3.4e+38 -3.4e+38 -3.4e+38 -3.4e+38 -3.4e+38 -3.4e+38 -3.4e+38 -3.4e+38 -3.4e+38 -3.4e+38 -3.4e+38 -3.4e+38 -3.4e+38 13 14 19 20 22 25 26 26 38 41 63 70 66 64 66 75 69 71 77 85 88 79 76 78 78 75 71 74 78 72 72 72 72 73 75 76 79 80 81 86 85 86 90 89 89 95 102 99 98 100 108 106 106 107 109 113 116 119 125 130 131 134 139 147 160
-3.4e+38 -3.4e+38 -3.4e+38 -3.4e+38 -3.4e+38 -3.4e+38 -3.4e+38 -3.4e+38 -3.4e+38 -3.4e+38 -3.4e+38 -3.4e+38 -3.4e+38 -3.4e+38 -3.4e+38 13 14 17 20 21 23 25 26 33 34 47 66 71 67 66 66 65 68 77 81 88 81 72 73 74 73 71 72 76 75 76 77 78 78 79 80 80 81 83 91 91 93 95 100 94 96 103 98 104 102 105 107 107 108 108 114 115 119 124 129 138 145 143 151 160
-3.4e+38 -3.4e+38 -3.4e+38 -3.4e+38 -3.4e+38 -3.4e+38 -3.4e+38 -3.4e+38 -3.4e+38 -3.4e+38 -3.4e+38 -3.4e+38 -3.4e+38 -3.4e+38 -3.4e+38 -3.4e+38 15 15 17 21 23 23 26 27 32 36 39 52 57 67 68 64 65 76 80 88 83 77 65 68 69 69 70 73 76 78 79 80 80 80 82 82 85 85 86 89 91 94 100 108 108 109 98 103 105 106 108 107 110 114 116 121 124 128 133 137 144 149 152 157
-3.4e+38 -3.4e+38 -3.4e+38 -3.4e+38 -3.4e+38 -3.4e+38 -3.4e+38 -3.4e+38 -3.4e+38 -3.4e+38 -3.4e+38 -3.4e+38 -3.4e+38 -3.4e+38 -3.4e+38 -3.4e+38 15 16 20 21 21 23 24 27 30 32 32 38 38 57 68 71 68 71 78 87 87 77 67 65 66 68 68 70 74 80 82 81 81 82 82 82 85 87 89 89 91 93 96 100 104 107 105 103 106 108 108 107 109 113 117 122 128 134 136 142 146 148 149 152
-3.4e+38 -3.4e+38 -3.4e+38 -3.4e+38 -3.4e+38 -3.4e+38 -3.4e+38 -3.4e+38 -3.4e+38 -3.4e+38 -3.4e+38 -3.4e+38 -3.4e+38 -3.4e+38 -3.4e+38 -3.4e+38 -3.4e+38 -3.4e+38 21 21 21 22 22 27 27 31 30 34 36 47 67 71 71 67 74 80 89 78 67 61 66 68 69 75 75 78 83 85 86 84 83 84 87 88 90 92 96 97 98 100 100 102 104 106 108 107 108 108 110 112 116 126 129 132 137 140 143 145 147 150
-3.4e+38 -3.4e+38 -3.4e+38 -3.4e+38 -3.4e+38 -3.4e+38 -3.4e+38 -3.4e+38 -3.4e+38 -3.4e+38 -3.4e+38 -3.4e+38 -3.4e+38 -3.4e+38 -3.4e+38 -3.4e+38 -3.4e+38 -3.4e+38 19 21 21 22 23 25 27 27 31 33 37 45 57 70 70 65 73 74 81 86 75 63 61 68 78 79 79 79 85 86 88 88 87 87 87 88 91 94 97 100 102 103 100 102 103 105 108 108 109 110 110 114 122 126 129 132 135 138 140 141 143 145
-3.4e+38 -3.4e+38 -3.4e+38 -3.4e+38 -3.4e+38 -3.4e+38 -3.4e+38 -3.4e+38 -3.4e+38 -3.4e+38 -3.4e+38 -3.4e+38 -3.4e+38 -3.4e+38 -3.4e+38 -3.4e+38 -3.4e+38 -3.4e+38 -3.4e+38 19 23 23 23 24 27 31 31 36 40 52 62 62 62 59 61 66 74 81 79 65 65 66 76 75 79 83 83 86 88 89 89 89 88 91 91 95 98 101 103 102 101 103 105 105 108 109 110 113 113 115 119 127 129 130 136 137 139 140 141 144
-3.4e+38 -3.4e+38 -3.4e+38 -3.4e+38 -3.4e+38 -3.4e+38 -3.4e+38 -3.4e+38 -3.4e+38 -3.4e+38 -3.4e+38 -3.4e+38 -3.4e+38 -3.4e+38 -3.4e+38 -3.4e+38 -3.4e+38 -3.4e+38 -3.4e+38 -3.4e+38 22 23 26 26 26 30 31 36 38 51 65 68 69 66 63 66 69 76 77 71 67 66 74 74 76 82 83 88 89 89 90 90 91 92 92 95 98 100 103 105 103 106 108 106 110 115 114 118 116 115 116 123 126 129 131 136 137 140 141 144
-3.4e+38 -3.4e+38 -3.4e+38 -3.4e+38 -3.4e+38 -3.4e+38 -3.4e+38 -3.4e+38 -3.4e+38 -3.4e+38 -3.4e+38 -3.4e+38 -3.4e+38 -3.4e+38 -3.4e+38 -3.4e+38 -3.4e+38 -3.4e+38 -3.4e+38 -3.4e+38 21 23 25 27 27 29 31 31 39 45 58 76 74 78 71 66 62 65 67 69 60 59 67 66 74 76 83 88 90 91 92 94 94 96 96 96 99 102 105 106 106 110 111 111 112 117 118 119 117 118 118 121 123 124 128 132 135 136 137 141
-3.4e+38 -3.4e+38 -3.4e+38 -3.4e+38 -3.4e+38 -3.4e+38 -3.4e+38 -3.4e+38 -3.4e+38 -3.4e+38 -3.4e+38 -3.4e+38 -3.4e+38 -3.4e+38 -3.4e+38 -3.4e+38 -3.4e+38 -3.4e+38 -3.4e+38 -3.4e+38 -3.4e+38 23 24 26 27 28 30 32 39 42 50 79 81 79 72 67 60 55 55 62 61 57 59 66 72 82 84 87 92 94 95 98 97 100 96 96 100 103 106 106 107 112 113 115 117 120 125 121 118 119 119 118 121 123 124 130 130 134 138 139
-3.4e+38 -3.4e+38 -3.4e+38 -3.4e+38 -3.4e+38 -3.4e+38 -3.4e+38 -3.4e+38 -3.4e+38 -3.4e+38 -3.4e+38 -3.4e+38 -3.4e+38 -3.4e+38 -3.4e+38 -3.4e+38 -3.4e+38 -3.4e+38 -3.4e+38 -3.4e+38 -3.4e+38 22 24 26 27 29 30 32 34 39 44 65 63 76 72 69 67 63 58 55 58 61 64 61 65 71 78 88 97 99 99 99 97 98 98 100 97 98 105 106 108 113 118 119 119 121 126 122 119 116 118 120 122 122 122 127 130 134 135 139
-3.4e+38 -3.4e+38 -3.4e+38 -3.4e+38 -3.4e+38 -3.4e+38 -3.4e+38 -3.4e+38 -3.4e+38 -3.4e+38 -3.4e+38 -3.4e+38 -3.4e+38 -3.4e+38 -3.4e+38 -3.4e+38 -3.4e+38 -3.4e+38 -3.4e+38 -3.4e+38 -3.4e+38 -3.4e+38 24 26 26 28 30 32 34 36 46 51 50 73 75 73 73 68 66 60 57 61 60 58 63 66 74 80 93 94 95 100 103 100 100 105 99 95 97 102 106 112 119 122 123 122 121 121 118 115 115 117 121 122 122 125 127 128 131 135
-3.4e+38 -3.4e+38 -3.4e+38 -3.4e+38 -3.4e+38 -3.4e+38 -3.4e+38 -3.4e+38 -3.4e+38 -3.4e+38 -3.4e+38 -3.4e+38 -3.4e+38 -3.4e+38 -3.4e+38 -3.4e+38 -3.4e+38 -3.4e+38 -3.4e+38 -3.4e+38 -3.4e+38 -3.4e+38 -3.4e+38 26 27 28 31 32 33 35 37 47 46 56 71 70 66 72 65 60 55 56 58 58 63 64 71 75 89 79 92 94 101 102 103 106 99 88 89 92 96 101 118 121 122 120 119 118 117 114 114 115 116 121 120 122 123 126 128 133
-3.4e+38 -3.4e+38 -3.4e+38 -3.4e+38 -3.4e+38 -3.4e+38 -3.4e+38 -3.4e+38 -3.4e+38 -3.4e+38 -3.4e+38 -3.4e+38 -3.4e+38 -3.4e+38 -3.4e+38 -3.4e+38 -3.4e+38 -3.4e+38 -3.4e+38 -3.4e+38 -3.4e+38 -3.4e+38 -3.4e+38 25 27 28 30 32 33 35 35 40 43 64 64 65 65 74 77 68 62 55 55 61 63 64 67 71 72 79 79 84 95 88 84 92 95 86 88 90 95 99 113 115 120 117 117 117 113 114 114 114 116 116 119 120 122 124 128 130
