rasterData/SaudiArabia_SNDPPT_M_sl2_250m_ll.asc
NCOLS 253 
NROWS 189 
XLLCORNER 34.572764529 
YLLCORNER 16.370957701 
CELLSIZE 0.0832600798498024 
NODATA_value -9999 
[rows 48 to 71 of 189, columns 0 to 53 of 253]
67.3841520798317 -9999 -9999 -9999 -9999 -9999 -9999 62.7038710082205 65.4891147499858 61.8773867034727 54.5877198485874 50.5088985088995 60.4997594997574 53.2583390844275 52.7301587301608 49.4881318359591 48.9063722107246 84.970177970178 85.5985109898163 86.3899240855771 49.4168391994496 47.799631930067 51.9598469163667 51.7566137566131 53.5659284354925 50.0646422820314 67.2698412698392 50.6710374971234 79.7566137566131 74.0747642051979 60.8576238576245 66.2261329652621 72.8995127256021 62.3651211912054 62.2727272727276 71.8706736098054 77 78.7118179726876 72.4373130894883 70.369680239242 62.0432900432899 65.5104879017949 77.2523579480113 82.3288161114218 78.7566137566131 88.3400255139287 81.9107639542397 70.6914695610371 65.6391450739305 71.2898550724597 71.9585293933155 89.6571721354339 89.0894660894668 90.5484242005997
-9999 -9999 -9999 -9999 -9999 -9999 -9999 63.1044607566266 82.6267645398101 77.1622435535442 60.1477507999252 76.0909090909072 63.5238095238077 46 71.916431394688 52.7923960097834 61.7204968944014 79.2380952380961 82.3585544889888 80.9077733860338 46.7619047619039 50.8191229060771 46.9192546583833 53.0602296254469 54.8042537173004 60.2132505175967 53.7500470543945 56.1035196687379 53.1157538114071 61.3197816676081 62.6907585168543 60.9425936382457 67.081874647092 73.3769998117791 66.7965367965353 66.8366271409737 70.7637869376992 80.8883869753411 77 69.9954827780917 77.2094861660059 83.6772068511145 84.9704498400195 75.2175795219311 81.738189346884 70.7054394880458 73.1594202898477 56.421795595709 67.9335591944287 71.126293995857 88 87.888198757766 87.418784114435 93.5507246376802
-9999 -9999 -9999 -9999 -9999 -9999 -9999 -9999 -9999 74.5721187025518 56.6996047430821 62.8792688792656 51.413514022217 59.9312169312213 54.0713762887634 54.9800698496244 50.3729008511548 70.3089068741215 52.7671957671947 46.4249325553658 53.4584980237184 45 47.9976577367862 52.0782148608242 51.4580379363016 57.5973816843412 65.0917037873535 57.7878997009427 50.3935420457179 57.3166028818185 60.2270113139626 54.8067214588976 62.8472509776846 71.5448271535262 71.4146224146226 78.5896020243825 76.7359725620574 80.2442227659621 76.1444674488086 80 64.5703829182105 81.2146098667839 86.9944789510004 83.116590333988 86.8757554844477 84.1461823200988 81.613045569568 57.1325051759842 71.134575569362 81.9537612146355 84.46023380806 86.7452788757141 81.7476211389286 88.8670138235306
-9999 -9999 -9999 -9999 -9999 -9999 -9999 -9999 -9999 82.2561013865336 65.9022941631636 66.0663780663809 62.6190685321045 59.0790513834035 54.5241441328395 49.6639688813644 50.0701633310342 49.782817826297 69.9138381747085 45.361524144134 48.8596315118055 46.0975594453857 48.4720915155708 51.9449777275915 56.7441286571791 51.3201371897015 50.5694836564402 52.3694501955378 60.3444172574595 56.2492628144824 58 56.5764477068834 56.928958320262 72.718677457819 67.3347763347766 64.2321350147412 65.6107451324836 79.0620281489836 73.3811824246602 79.3170002300409 69.2275132275128 74.7724867724872 81.4852040069439 77.1740176088004 79.8291402639239 79.2101762971376 83.1190789886429 88.8102766798418 85.8750026141338 84.3029675638353 89.6855093376817 81.4559257167945 89.1438818830117 89.806324110675
-9999 -9999 -9999 -9999 -9999 -9999 -9999 -9999 -9999 -9999 54.5621431708396 63.2020202020204 66.3328941589866 55.4826526130944 58.3526570048325 54.6807202459389 53.1111111111082 51.049626701802 49.7483530961814 56.2841458058881 63.5322793148882 49.1602986385595 46.0013175230546 46.7136583223585 53.8664909969222 49.8928414580575 49.0184453227939 53.6038647342996 54.6003513394837 56.1001317523057 58.58498023715 56.5476504172149 79.1005709266592 60.7250768555061 69.6262626262625 59.6288976723751 68.9077733860345 71.5160298638486 76.647342995169 75.052700922267 56.2353974527885 76.3412384716742 76.9934123847164 79.4918752744828 58.897672375935 76.1225296442646 80.0342555994725 92.3276240667545 89.777777777778 89.6521739130425 87 88.8133509003072 89.3675889328081 88.2938076416357
-9999 -9999 -9999 -9999 -9999 -9999 -9999 -9999 -9999 -9999 -9999 63.4280904280888 64.4218583349012 50.2255055733322 49.1198945981548 56.6689043645553 52.5850011502188 60.5313591400534 59.0626555409078 54.3033230859323 53.5830562352312 58.5580442102182 44.007131354958 43.4862078340379 54.2909425518136 46.3811196854596 51.903967208315 49.2263630089715 52.4861660079078 52.4124265428617 51.1637702072458 48.4038521864608 54.7031390509638 57.441934876723 55.9071669071668 59.4116527594799 56.374783026957 66.4941129723746 69.9728548424213 74.1963527615699 70.059288537549 67.560992952297 77 83.4607148085405 75.0469916556879 79.3410084279629 81.5504736809097 59.7721521634568 56.9153439153438 71.2486772486745 85.2169312169312 91.1449066231675 89.159483029049 90
-9999 -9999 -9999 -9999 -9999 -9999 -9999 -9999 -9999 -9999 -9999 49.2097162097118 61.4894702720741 51.7379174770542 61.7883597883596 59.7992345818429 59.6307798481653 54.5458100675491 61.6302570215628 58.065646109124 61.5900202856698 63.7675512892892 51.4484597528072 46.9708890143692 50.7883597883596 49.7183637618442 52 51.1196227283181 47.0058556580285 50.7883597883596 49.069389547661 51.5107806846941 61.6494970408007 57.7160633247588 63.1394901394884 63.5933872890386 59.2078340339204 65.0957400087824 70.2116402116404 61.4818579166386 80.1311249137328 68.279879540751 92.0118577075105 88.0139071878218 86.8537967668409 88.0683857205611 89.333166028817 87.572683355292 87.6727523684081 82.5737290085123 77.9695924043725 90.8796244013638 86.8661563878958 83.4053161009654
-9999 -9999 -9999 -9999 -9999 -9999 -9999 -9999 -9999 -9999 -9999 -9999 62.357362444317 71.7227555053599 59.2063492063496 69.2471296819122 51.8951000690115 63.5873015873007 68.2108664282609 58.5581906016719 55.7765857331105 85.0584729280376 76.9515026036761 57.274546709334 52.8703180877095 50.5218018696306 46.6190476190489 50.2449965493468 53.1003199698859 51.7353660831921 48.2063492063496 51.3343998996179 57.614655875525 60.2193989585315 55.2063492063496 55.5564966434534 60.7584541062801 60.2063492063496 66.9510006901311 77.2815734989689 87.9877658573311 90.8222598657393 88.7842399146738 88.8058221971286 89 89.3249262814511 94.2585482150726 89.6024217328575 86.4272539055205 92.8474810213939 88.7152268021815 88.258422736683 90.2917372482602 86.6001003827091
-9999 -9999 -9999 -9999 -9999 -9999 -9999 -9999 -9999 -9999 -9999 -9999 -9999 67.3889829976763 61.421105464586 64.8092728527504 61.0768345985771 60.5838091055519 57.0317878578746 51.5357927097053 60.4482087960366 60.6511282598228 60.6810548549671 55.2636928289087 55.1263567350524 51.9897107723192 47.5547399460449 52.4168391994471 51.5056988100435 51 51.4673651630136 48.982621243493 55.7361607796375 53.6297132818844 57.9442039442024 57.5733734864184 53.7178827613601 57.0667545015366 65.0062111801218 84.2577744316888 90.7870213522381 91.2010582010589 90.5907940690533 91.8577075098839 91.7660037225245 90.5154024719249 95.9690068385723 85 86.8442394964132 85.2084195997243 83.466716858023 90.2652613087393 91.3675889328081 87.8452642365712
-9999 -9999 -9999 -9999 -9999 -9999 -9999 -9999 -9999 -9999 -9999 -9999 -9999 -9999 66.4107744107737 61.8972332015822 76.0577409707817 76.8506179810582 71.099567099567 61.4923144488316 53.3026956939985 65.3262228914444 56.9753434970863 59.0721291590887 54.9085471694171 47.8883451492065 48.3560240081985 56.4867724867728 51.6198841416229 55.8720747851157 54.6662274923107 54.6996047430857 70.2870108956961 53.3686554990926 54.6681096681083 53.2734383169187 54.1679319070635 55.1632682937027 77.9562916954224 78.6575485705945 86.0572390572432 95.0283581153162 95 91.636321810236 85.0162494510322 93 92 90.412698412701 89.528619528619 90.4055670577408 87.7615910659393 86.4667377710852 87.7043729217625 93.0272915490259
-9999 -9999 -9999 -9999 -9999 -9999 -9999 -9999 -9999 -9999 -9999 -9999 -9999 -9999 -9999 73.1806888763406 65.9834368530019 60.6190476190489 65.3329568981784 56.8432147562578 67.0638057594631 60.7088274044788 51.2204027856178 60.1390927912655 55.4818370035806 55.8115942029016 51.3809523809511 53.8033126293981 56.3128176171655 56.7907020515726 55.9550159984992 57.9538866930123 54.3122529644303 54.8821757952165 53.3766233766234 52.1370223978913 59.2542819499351 64.1650668172342 59.3229813664613 85.5829098437803 92.0831921701487 95.0045172219088 90.2000752870317 94.6670431018248 88.9169960474297 92.1453039713894 91.7214379823095 86.6881234707313 92.3809523809511 89.2815734989636 91.402032749858 89.682288725768 89.3809523809511 89.592320722749
-9999 -9999 -9999 -9999 -9999 -9999 -9999 -9999 -9999 -9999 -9999 -9999 -9999 -9999 -9999 70.041867954911 67.9452495974226 72.2671643976044 60.7883179622245 61.3942321768418 56.6731078905023 59.2954179475922 71.5104669887287 62.642658468745 62.8118869858041 51.4131166739956 47.9392475479432 53.8679549114345 61.216073781293 55.6450007319568 48.306690089304 72.6546625677113 54.9418825940608 56.1141853315771 52.8653198653202 52.7708973795937 52.486312399356 50.0228370663092 78.5265700483131 89.0175669740889 88.6889181671795 86.8042746303614 90.1733274776742 91.0386473429945 91.9169960474297 88.1632264675734 91.777338603428 92.3046406089882 93.8164251207718 92.2882447665073 91.2768262333499 90.5172009954614 89.852291026207 89.8894744546924
-9999 -9999 -9999 -9999 -9999 -9999 -9999 -9999 -9999 -9999 -9999 -9999 -9999 -9999 -9999 61.9064767760431 64.0264550264559 66.6622121839501 81.4311228224312 61.3176694481049 66.4584980237184 60.2648221343873 61.1706715184959 63.6575485705876 54.8751908317106 69.3004579961083 56.2709078361251 50.8458707154358 52.2514586862375 53.5494071146238 56.2204027856265 44.1550076332682 86.984085157997 55.4327331283869 53.8201058201061 49.5542798586267 52.1436309262394 52.1639165987008 60.6636760984592 85.6402116402121 80.2285170546035 90.1604450300089 90.1756279147579 89.4992157600854 91.1649622519184 90.3743856787377 95 92.6986427421211 91.3646611037924 89.8670347366002 85.9901081205431 86.5723487462614 85.4074283204706 87.9664136185856
-9999 -9999 -9999 -9999 -9999 -9999 -9999 -9999 -9999 -9999 -9999 -9999 -9999 -9999 -9999 -9999 60.2305037957175 60.417843026539 67.6507936507937 80.1991969383274 75.0799297321018 73.3065436978479 61.4434406173527 58.8518727649136 58.3441244745577 65.2325114499011 60.8119078988646 59.8826777087661 60.1971265449438 53.2877846790886 49.2339544513428 58.3550410941721 57.4143923709179 50.6507936507937 48.8975468975477 52.1039588430885 48.4409937888199 54.1370223978905 58.1739130434789 89.1911663216013 92.6611456176673 94.7821067821044 90.1746031746031 91.1806261371478 89.3492063492063 93.7896354852869 89.1476880607318 95.1414768806073 95.8140410314313 97.9137336093852 90.6639688813587 88.7120271033316 88 90.4588117196806
-9999 -9999 -9999 -9999 -9999 -9999 -9999 -9999 -9999 -9999 -9999 -9999 -9999 -9999 -9999 -9999 -9999 52.549009766401 62.3831482527179 59.3301963736751 73.5678733504839 71.2648221343873 81.9197774849957 63.6705983227741 53.9805926762438 61.5599682121375 60.0661061965407 75.0434782608684 66.0593303636832 54.3495618713026 51.8526883744314 56.0642449338103 56.185164272116 51.0420143463683 52.6041366041362 51.5633143024437 49.0341301210867 49.6425329903562 54.0220841959973 60.0863500428675 88.8350377480809 62.6891063847597 92.8425455381981 56.4685362946245 89.9044272957274 90.1291590856801 92.1280506932665 92.6655373611901 96.6435368174486 94.8380492293538 90.5074973335859 92.3855741681826 90.1693121693123 93.3349018131639
-9999 -9999 -9999 -9999 -9999 -9999 -9999 -9999 -9999 -9999 -9999 -9999 -9999 -9999 -9999 -9999 -9999 -9999 63.4016981408286 75.6444151661537 63.2292490118592 69.0492920927719 74.8636259071052 69.1168412907549 57.6893991676585 68.8446995838273 59.934772152165 70.3998159650337 59.6905493861972 52.000355522097 63.510968902277 56.6452516887308 55.5732898341655 52.7806219545396 54.3174603174608 56.150323106845 49.126461300375 49.2735847083685 52.4202898550712 63.8628730367906 61.1599012903379 90.2075621640867 59.2174749566085 93.8834096660171 90.4246606855324 74.6843800322306 91.8359788359785 92.4619486793397 98.0657925005743 96.1640211640215 96.2794194533333 96.3904259991219 93.7617583704561 93
-9999 -9999 -9999 -9999 -9999 -9999 -9999 -9999 -9999 -9999 -9999 -9999 -9999 -9999 -9999 -9999 -9999 -9999 66.1581027667968 62.9693205345385 57 64.1901624945107 60.6007905138327 72.3438735177917 59.6284584980218 65.4894284459614 62.2912980739045 61.9565217391316 57.3274358491787 57.1587301587291 57.5078737687462 57.6205533596836 57.4430014430001 54.3174603174581 59.6190476190454 52.121086642825 52.905263818308 50.3432461258611 51.9585921325054 67.7427693079894 86.0282326369279 92.9962356484094 97.1687056904442 97.1911035824064 97.2212811343212 92.0151201455596 73.0137398833072 90.3417403852149 96.0872074785108 92.9089026915147 95.7691825083104 93 92.3675889328081 77.9142982621206
-9999 -9999 -9999 -9999 -9999 -9999 -9999 -9999 -9999 -9999 -9999 -9999 -9999 -9999 -9999 -9999 -9999 -9999 -9999 -9999 55.3529707007985 58.4497981889295 63.8926532404787 61.5183930401194 61.2498692933486 75.5659911746801 56.1649622519186 57.6006441223842 55 50.9993516950022 55.5047786352174 53.0506723550188 54.2911098563255 57.5855658029547 54.027898027898 61.2661396574422 50.6634042286199 54.2040487692617 51.7361398665737 52.1388836606233 53.3479724784085 82.8894117154911 62.4731162557279 70.3067737415543 66 72.1519124997365 75.5410628019334 88.3359892925128 89.6883326013795 89.1773636991008 93.299161386119 90.4093732354623 89.902963381224 92.4433987912225
-9999 -9999 -9999 -9999 -9999 -9999 -9999 -9999 -9999 -9999 -9999 -9999 -9999 -9999 -9999 -9999 -9999 -9999 -9999 -9999 60.8858146684228 56.9877031181367 52.6202605767802 62.9016249451027 66.2064119455423 61.936905284739 73.9645732689184 69.4847020933982 60.2383252818096 56.0639730639754 56.0546040111235 52.1481481481492 57.9234372712631 55.4564485434082 53.7777777777741 60.7113160591406 55.461279461281 53.8518518518508 52.2592592592604 57.9859464207287 49.4479578392591 86.7367881715635 55.7692870736414 63.7184892402372 59.39716000586 57.3326013760844 68.7782169521248 66.2457912457873 81.9026496852524 89.8856682769747 94 91.8613672961511 91.1481481481491 92.6397306397336
-9999 -9999 -9999 -9999 -9999 -9999 -9999 -9999 -9999 -9999 -9999 -9999 -9999 -9999 -9999 -9999 -9999 -9999 -9999 -9999 -9999 75.9954827780924 63.1564088085848 59.1496329757227 63.4003387916493 60.2642574816476 61.3980801806892 71.5279503105566 63.7142857142867 62.6984754376039 56.6278938452936 49.1626199887065 45.8526256352344 48.0344438170563 51.8961038961043 51.3608130999417 51.8339920948618 56.3325804630127 63.7329192546593 61.7758328627855 64.8910220214572 60.4082439299839 67.7159796725025 60.3670242800654 65.190852625633 58.1236589497409 59.7459062676551 66.4088085827229 70.253529079615 69.739130434782 75 82.1468097120268 71.8740824392972 90.2236024844696
-9999 -9999 -9999 -9999 -9999 -9999 -9999 -9999 -9999 -9999 -9999 -9999 -9999 -9999 -9999 -9999 -9999 -9999 -9999 -9999 -9999 54.1772591337812 61.8650061693564 61.375368592758 61.3820816864198 60.0255557646866 63.4806449589057 67.1702323441477 64.5665140012924 71.4022000543745 56.8871321914888 53.5161553422422 53.206307380219 46.9352322395855 56.2544492544491 59.4090595394932 59.4575360227534 62.3898613463825 61.7642051989866 71.8197293849488 62.4845557019479 60.1375661375659 68.692557040382 67 67.0659807181534 68.1022648848759 60.9953782127683 59.1636656419262 68.2131459522756 74.5077064642306 68.3566932262575 89.4735345170126 90.2805905849406 84.8630821674274
-9999 -9999 -9999 -9999 -9999 -9999 -9999 -9999 -9999 -9999 -9999 -9999 -9999 -9999 -9999 -9999 -9999 -9999 -9999 -9999 -9999 -9999 62.7393395654271 59.8232846058932 59.6776041993416 59.731455340145 62.5164062990152 62.3517368299982 61.5101742058244 63.9869293347565 54.8720120459196 59.0881485664102 55.8677248677249 51.1178242047856 55.1043771043775 56.9372608068262 58.4554447163144 56.9443085095278 63.3949850471591 57 52.6462555158222 60.8265679570006 62.0324361628726 64.8677248677249 68.3976200932739 69.8220925612293 67.7966204487937 59.7354497354499 57.1490055837924 56.3586381412473 56.235627496499 60.9364870234437 59.035029382855 59.989836250708
-9999 -9999 -9999 -9999 -9999 -9999 -9999 -9999 -9999 -9999 -9999 -9999 -9999 -9999 -9999 -9999 -9999 -9999 -9999 -9999 -9999 -9999 -9999 60.2864044168369 61.4513457556954 58.8494259363819 63.3540372670805 66.2525879917198 60.2528389484895 61.5038584603821 66.0752870318361 57.2586736934559 59.18671183889 57.3738628521203 51.0923520923522 62.1269841269843 54.0757889453542 52.9820565907539 58.1235334713595 60.4903695338516 63.1938013677141 64.5836627140952 66.1151264194738 66.0414078674941 74.8835560574691 67.8579584666536 65.5837881924834 72.9277244494635 52.5494071146219 58.6625258799177 59.4234268147304 58.1628709454794 54.3675889328081 60.3519668737073
-9999 -9999 -9999 -9999 -9999 -9999 -9999 -9999 -9999 -9999 -9999 -9999 -9999 -9999 -9999 -9999 -9999 -9999 -9999 -9999 -9999 -9999 -9999 63.497584541062 70.4480205784562 63.2579208231409 58.5433632390154 62.4582470669429 61.2676872242016 61.2205073509393 81.9983269548334 65.6205533596836 63.6329548068621 50.7190957190986 55.2212602212579 51.5922161574261 56.0798879059763 56.0684275466881 55.779618127445 59.8783068783082 62.059288537549 69.0979777066707 62.0104147060674 65.2466695944923 69.9411088106765 63.1361231361219 66.1166321601095 64.364891147498 68.3153480979608 60.739130434782 61.7315599054722 59.2103226885848 62.8121379425751 63.0235690235684
