rasterData/Sudan_bio10.asc
NCOLS 202 
NROWS 163 
XLLCORNER 21.809448692 
YLLCORNER 8.681641793 
CELLSIZE 0.0831293288316832 
NODATA_value -3.4e+38 
[rows 105 to 125 of 163, columns 144 to 191 of 202]
32.0400009155273 31.8533325195312 31.6665000915527 31.5373344421387 31.3693332672119 31.2655010223389 31.0656661987305 30.8474998474121 30.6263332366943 30.4073333740234 30.2045001983643 30.0709991455078 29.9270000457764 29.7281665802002 29.4564990997314 29.1603336334229 29.1593341827393 29.252498626709 29.2468338012695 29.2916660308838 29.310001373291 29.3295001983643 29.3665008544922 29.2663345336914 29.2173328399658 29.1905002593994 29.4133338928223 29.693000793457 29.9500007629395 30.0058326721191 30.0011672973633 -3.4e+38 -3.4e+38 -3.4e+38 -3.4e+38 -3.4e+38 -3.4e+38 -3.4e+38 -3.4e+38 -3.4e+38 -3.4e+38 -3.4e+38 -3.4e+38 -3.4e+38 -3.4e+38 -3.4e+38 -3.4e+38 -3.4e+38
31.857666015625 31.7996673583984 31.6854991912842 31.5944995880127 31.4379997253418 31.2788352966309 31.1071662902832 30.9211654663086 30.7075004577637 30.4966659545898 30.3036670684814 30.1631660461426 30.0973339080811 29.9475002288818 29.7241668701172 29.4780006408691 29.4309997558594 29.4951667785645 29.4916667938232 29.5161666870117 29.5588340759277 29.5813331604004 29.6044998168945 29.5776672363281 29.5748348236084 29.4748344421387 29.4053325653076 29.7270011901855 29.763500213623 29.5865001678467 -3.4e+38 -3.4e+38 -3.4e+38 -3.4e+38 -3.4e+38 -3.4e+38 -3.4e+38 -3.4e+38 -3.4e+38 -3.4e+38 -3.4e+38 -3.4e+38 -3.4e+38 -3.4e+38 -3.4e+38 -3.4e+38 -3.4e+38 -3.4e+38
31.8255004882812 31.6513328552246 31.6560001373291 31.5731678009033 31.4743347167969 31.3099994659424 31.1666660308838 31.0003337860107 30.7826671600342 30.6046657562256 30.453498840332 30.2915000915527 30.1989994049072 30.1023330688477 29.9783344268799 29.8448333740234 29.7893333435059 29.7798328399658 29.7565002441406 29.7683334350586 29.7864990234375 29.7883338928223 29.8055000305176 29.7971668243408 29.7883338928223 29.6766662597656 29.5966663360596 29.757833480835 29.6280002593994 28.9991664886475 -3.4e+38 -3.4e+38 -3.4e+38 -3.4e+38 -3.4e+38 -3.4e+38 -3.4e+38 -3.4e+38 -3.4e+38 -3.4e+38 -3.4e+38 -3.4e+38 -3.4e+38 -3.4e+38 -3.4e+38 -3.4e+38 -3.4e+38 -3.4e+38
32.0076675415039 31.8078327178955 31.5623321533203 31.5801658630371 31.4958343505859 31.3524990081787 31.1818332672119 31.007999420166 30.8126659393311 30.7119998931885 30.6053333282471 30.5063323974609 30.3875007629395 30.2666664123535 30.2043342590332 30.1231670379639 30.0874996185303 30.0733337402344 30.046501159668 30.0208339691162 29.9906673431396 29.9831676483154 29.9640007019043 29.9514999389648 29.9444999694824 29.904333114624 29.7291660308838 29.7939987182617 29.5431671142578 -3.4e+38 -3.4e+38 -3.4e+38 -3.4e+38 -3.4e+38 -3.4e+38 -3.4e+38 -3.4e+38 -3.4e+38 -3.4e+38 -3.4e+38 -3.4e+38 -3.4e+38 -3.4e+38 -3.4e+38 -3.4e+38 -3.4e+38 -3.4e+38 -3.4e+38
32.0098304748535 31.8718338012695 31.5658340454102 31.6005001068115 31.4794998168945 31.375 31.2131652832031 31.0384998321533 30.9045009613037 30.8076667785645 30.7390003204346 30.648832321167 30.6033325195312 30.4200000762939 30.3556671142578 30.3059997558594 30.2439994812012 30.2613334655762 30.2018337249756 30.2220001220703 30.2011661529541 30.1616668701172 30.1481666564941 30.1490001678467 30.0596675872803 29.9475002288818 29.7563343048096 29.8008327484131 29.5898342132568 -3.4e+38 -3.4e+38 -3.4e+38 -3.4e+38 -3.4e+38 -3.4e+38 -3.4e+38 -3.4e+38 -3.4e+38 -3.4e+38 -3.4e+38 -3.4e+38 -3.4e+38 -3.4e+38 -3.4e+38 -3.4e+38 -3.4e+38 -3.4e+38 -3.4e+38
31.9243316650391 31.8554992675781 31.6481666564941 31.6159992218018 31.5033340454102 31.4221668243408 31.3011665344238 31.1753330230713 31.0666675567627 30.9640007019043 30.8535003662109 30.7898330688477 30.7229995727539 30.5065002441406 30.3731651306152 30.4321670532227 30.3861656188965 30.3579998016357 30.3128337860107 30.3350009918213 30.2946662902832 30.2401657104492 30.2591667175293 30.2161674499512 30.1223335266113 29.8741664886475 29.4698333740234 29.5939998626709 29.8698329925537 -3.4e+38 -3.4e+38 -3.4e+38 -3.4e+38 -3.4e+38 -3.4e+38 -3.4e+38 -3.4e+38 -3.4e+38 -3.4e+38 -3.4e+38 -3.4e+38 -3.4e+38 -3.4e+38 -3.4e+38 -3.4e+38 -3.4e+38 -3.4e+38 -3.4e+38
31.8740005493164 31.8344993591309 31.7113342285156 31.5681667327881 31.5503349304199 31.4664993286133 31.378999710083 31.298168182373 31.2161674499512 31.0973339080811 30.94700050354 30.8888320922852 30.8446655273438 30.6906661987305 30.5068340301514 30.4438323974609 30.4713325500488 30.4701671600342 30.3859996795654 30.3361663818359 30.3470001220703 30.3353328704834 30.3199996948242 30.2436676025391 30.1800003051758 29.9734992980957 29.7688331604004 29.5486679077148 29.6975002288818 -3.4e+38 -3.4e+38 -3.4e+38 -3.4e+38 -3.4e+38 -3.4e+38 -3.4e+38 -3.4e+38 -3.4e+38 -3.4e+38 -3.4e+38 -3.4e+38 -3.4e+38 -3.4e+38 -3.4e+38 -3.4e+38 -3.4e+38 -3.4e+38 -3.4e+38
31.8231658935547 31.7721672058105 31.708667755127 31.5170001983643 31.5694999694824 31.5108337402344 31.4814987182617 31.4004993438721 31.2981662750244 31.1968326568604 31.1005001068115 30.9991664886475 30.9639987945557 30.8470001220703 30.7121658325195 30.6199989318848 30.5858325958252 30.5691661834717 30.5014991760254 30.4225006103516 30.4176654815674 30.4056663513184 30.4066677093506 30.3783340454102 30.2495002746582 30.2146663665771 30.1888332366943 29.9151668548584 29.5855007171631 -3.4e+38 -3.4e+38 -3.4e+38 -3.4e+38 -3.4e+38 -3.4e+38 -3.4e+38 -3.4e+38 -3.4e+38 -3.4e+38 -3.4e+38 -3.4e+38 -3.4e+38 -3.4e+38 -3.4e+38 -3.4e+38 -3.4e+38 -3.4e+38 -3.4e+38
31.7779998779297 31.7199993133545 31.7003326416016 31.6790008544922 31.578498840332 31.5988330841064 31.5480003356934 31.4743328094482 31.4026679992676 31.2731666564941 31.2013339996338 31.1358337402344 31.0126667022705 30.8773345947266 30.8466682434082 30.7788333892822 30.703332901001 30.6648330688477 30.6129989624023 30.5858325958252 30.5621662139893 30.5310001373291 30.5060005187988 30.4976673126221 30.4531669616699 30.3953323364258 30.3859996795654 30.3174991607666 29.9209995269775 -3.4e+38 -3.4e+38 -3.4e+38 -3.4e+38 -3.4e+38 -3.4e+38 -3.4e+38 -3.4e+38 -3.4e+38 -3.4e+38 -3.4e+38 -3.4e+38 -3.4e+38 -3.4e+38 -3.4e+38 -3.4e+38 -3.4e+38 -3.4e+38 -3.4e+38
31.7478332519531 31.7431659698486 31.7176666259766 31.7198333740234 31.666332244873 31.6785011291504 31.6336669921875 31.5728340148926 31.513500213623 31.3894996643066 31.296501159668 31.2198333740234 31.0659999847412 30.7806663513184 30.9285011291504 30.8943328857422 30.8374996185303 30.8173332214355 30.7584991455078 30.6768341064453 30.6283340454102 30.6160011291504 30.6241664886475 30.5903339385986 30.5528335571289 30.5091667175293 30.4053344726562 -3.4e+38 -3.4e+38 -3.4e+38 -3.4e+38 -3.4e+38 -3.4e+38 -3.4e+38 -3.4e+38 -3.4e+38 -3.4e+38 -3.4e+38 -3.4e+38 -3.4e+38 -3.4e+38 -3.4e+38 -3.4e+38 -3.4e+38 -3.4e+38 -3.4e+38 -3.4e+38 -3.4e+38
31.6728324890137 31.6728324890137 31.7045001983643 31.7658348083496 31.7358341217041 31.7259998321533 31.7210006713867 31.6738338470459 31.5979995727539 31.4890003204346 31.3493328094482 31.2826652526855 31.2178325653076 31.0263328552246 30.8465003967285 30.8066673278809 30.8899993896484 30.8880004882812 30.8221664428711 30.746166229248 30.6800003051758 30.6591663360596 30.6316661834717 -3.4e+38 -3.4e+38 -3.4e+38 -3.4e+38 -3.4e+38 -3.4e+38 -3.4e+38 -3.4e+38 -3.4e+38 -3.4e+38 -3.4e+38 -3.4e+38 -3.4e+38 -3.4e+38 -3.4e+38 -3.4e+38 -3.4e+38 -3.4e+38 -3.4e+38 -3.4e+38 -3.4e+38 -3.4e+38 -3.4e+38 -3.4e+38 -3.4e+38
31.6223335266113 31.6873321533203 31.7588329315186 31.8256664276123 31.8191680908203 31.7393341064453 31.8096656799316 31.7521667480469 31.6863346099854 31.5763339996338 31.4144992828369 31.3608341217041 31.3199996948242 31.2036666870117 30.9768333435059 30.8024997711182 30.8911666870117 30.798999786377 30.6630001068115 30.6833324432373 30.5766677856445 30.5221672058105 -3.4e+38 -3.4e+38 -3.4e+38 -3.4e+38 -3.4e+38 -3.4e+38 -3.4e+38 -3.4e+38 -3.4e+38 -3.4e+38 -3.4e+38 -3.4e+38 -3.4e+38 -3.4e+38 -3.4e+38 -3.4e+38 -3.4e+38 -3.4e+38 -3.4e+38 -3.4e+38 -3.4e+38 -3.4e+38 -3.4e+38 -3.4e+38 -3.4e+38 -3.4e+38
31.6383323669434 31.6948318481445 31.7966651916504 31.8596668243408 31.8956661224365 31.8245010375977 31.8793334960938 31.8348331451416 31.7625007629395 31.7119998931885 31.50950050354 31.4806671142578 31.4158344268799 31.3031673431396 31.1108341217041 30.923999786377 31.0214996337891 30.9856662750244 30.8856658935547 30.7971668243408 30.7119998931885 30.6268329620361 -3.4e+38 -3.4e+38 -3.4e+38 -3.4e+38 -3.4e+38 -3.4e+38 -3.4e+38 -3.4e+38 -3.4e+38 -3.4e+38 -3.4e+38 -3.4e+38 -3.4e+38 -3.4e+38 -3.4e+38 -3.4e+38 -3.4e+38 -3.4e+38 -3.4e+38 -3.4e+38 -3.4e+38 -3.4e+38 -3.4e+38 -3.4e+38 -3.4e+38 -3.4e+38
31.6458320617676 31.7448329925537 31.824499130249 31.8645000457764 31.9208335876465 31.9388332366943 31.9578342437744 31.8896675109863 31.8780002593994 31.8116664886475 31.5911674499512 31.5528335571289 31.4759998321533 31.4101676940918 31.246000289917 31.0048332214355 31.0551662445068 31.0438346862793 30.9173336029053 30.8116664886475 30.757833480835 -3.4e+38 -3.4e+38 -3.4e+38 -3.4e+38 -3.4e+38 -3.4e+38 -3.4e+38 -3.4e+38 -3.4e+38 -3.4e+38 -3.4e+38 -3.4e+38 -3.4e+38 -3.4e+38 -3.4e+38 -3.4e+38 -3.4e+38 -3.4e+38 -3.4e+38 -3.4e+38 -3.4e+38 -3.4e+38 -3.4e+38 -3.4e+38 -3.4e+38 -3.4e+38 -3.4e+38
31.6908321380615 31.7685012817383 31.8374996185303 31.9061660766602 31.9745006561279 32.0186653137207 31.9769992828369 31.969165802002 31.9641666412354 31.8730010986328 31.6684989929199 31.5764999389648 31.496166229248 31.4435005187988 31.3528327941895 31.0808334350586 31.0361671447754 31.0306663513184 30.9508323669434 30.8554992675781 -3.4e+38 -3.4e+38 -3.4e+38 -3.4e+38 -3.4e+38 -3.4e+38 -3.4e+38 -3.4e+38 -3.4e+38 -3.4e+38 -3.4e+38 -3.4e+38 -3.4e+38 -3.4e+38 -3.4e+38 -3.4e+38 -3.4e+38 -3.4e+38 -3.4e+38 -3.4e+38 -3.4e+38 -3.4e+38 -3.4e+38 -3.4e+38 -3.4e+38 -3.4e+38 -3.4e+38 -3.4e+38
31.6473331451416 31.7738342285156 31.8358325958252 31.9050006866455 32.0263328552246 32.0536689758301 32.0381660461426 32.0518341064453 32.0605010986328 31.9353332519531 31.7691669464111 31.6266670227051 31.5411682128906 31.5009994506836 31.4178333282471 31.2441673278809 31.0755004882812 31.0839996337891 30.9665012359619 30.8133335113525 -3.4e+38 -3.4e+38 -3.4e+38 -3.4e+38 -3.4e+38 -3.4e+38 -3.4e+38 -3.4e+38 -3.4e+38 -3.4e+38 -3.4e+38 -3.4e+38 -3.4e+38 -3.4e+38 -3.4e+38 -3.4e+38 -3.4e+38 -3.4e+38 -3.4e+38 -3.4e+38 -3.4e+38 -3.4e+38 -3.4e+38 -3.4e+38 -3.4e+38 -3.4e+38 -3.4e+38 -3.4e+38
31.5993328094482 31.7348327636719 31.8316669464111 31.9285011291504 32.0698318481445 32.1290016174316 32.0851669311523 32.1920013427734 32.158332824707 32.0330009460449 31.8976669311523 31.670166015625 31.5831661224365 31.5879993438721 31.4501667022705 31.2451667785645 31.1191673278809 31.0461654663086 30.9496669769287 -3.4e+38 -3.4e+38 -3.4e+38 -3.4e+38 -3.4e+38 -3.4e+38 -3.4e+38 -3.4e+38 -3.4e+38 -3.4e+38 -3.4e+38 -3.4e+38 -3.4e+38 -3.4e+38 -3.4e+38 -3.4e+38 -3.4e+38 -3.4e+38 -3.4e+38 -3.4e+38 -3.4e+38 -3.4e+38 -3.4e+38 -3.4e+38 -3.4e+38 -3.4e+38 -3.4e+38 -3.4e+38 -3.4e+38
31.4998340606689 31.6394996643066 31.8024997711182 31.929500579834 32.0626678466797 32.1631660461426 32.1691665649414 32.2661666870117 32.2056655883789 32.0273323059082 31.9039993286133 31.7126655578613 31.578332901001 31.5345001220703 31.4098339080811 31.2558326721191 31.1763324737549 31.0125007629395 30.8596668243408 -3.4e+38 -3.4e+38 -3.4e+38 -3.4e+38 -3.4e+38 -3.4e+38 -3.4e+38 -3.4e+38 -3.4e+38 -3.4e+38 -3.4e+38 -3.4e+38 -3.4e+38 -3.4e+38 -3.4e+38 -3.4e+38 -3.4e+38 -3.4e+38 -3.4e+38 -3.4e+38 -3.4e+38 -3.4e+38 -3.4e+38 -3.4e+38 -3.4e+38 -3.4e+38 -3.4e+38 -3.4e+38 -3.4e+38
31.3936653137207 31.6145000457764 31.767333984375 31.8856658935547 32.0441665649414 32.1711654663086 32.3043327331543 32.3484992980957 32.3186683654785 32.140998840332 31.9590015411377 31.7545013427734 31.5825004577637 31.4168338775635 31.2566661834717 31.1313323974609 31.0901679992676 30.9536666870117 -3.4e+38 -3.4e+38 -3.4e+38 -3.4e+38 -3.4e+38 -3.4e+38 -3.4e+38 -3.4e+38 -3.4e+38 -3.4e+38 -3.4e+38 -3.4e+38 -3.4e+38 -3.4e+38 -3.4e+38 -3.4e+38 -3.4e+38 -3.4e+38 -3.4e+38 -3.4e+38 -3.4e+38 -3.4e+38 -3.4e+38 -3.4e+38 -3.4e+38 -3.4e+38 -3.4e+38 -3.4e+38 -3.4e+38 -3.4e+38
31.3228340148926 31.4770011901855 31.6391677856445 31.8133335113525 31.9836654663086 32.1493339538574 32.4034996032715 32.4384994506836 32.3400001525879 32.1396675109863 31.9186668395996 31.7630004882812 31.5685005187988 31.3439998626709 31.1753349304199 31.0925006866455 30.9823341369629 -3.4e+38 -3.4e+38 -3.4e+38 -3.4e+38 -3.4e+38 -3.4e+38 -3.4e+38 -3.4e+38 -3.4e+38 -3.4e+38 -3.4e+38 -3.4e+38 -3.4e+38 -3.4e+38 -3.4e+38 -3.4e+38 -3.4e+38 -3.4e+38 -3.4e+38 -3.4e+38 -3.4e+38 -3.4e+38 -3.4e+38 -3.4e+38 -3.4e+38 -3.4e+38 -3.4e+38 -3.4e+38 -3.4e+38 -3.4e+38 -3.4e+38
31.1480007171631 31.3040008544922 31.5139999389648 31.7229995727539 31.9471664428711 32.1556663513184 32.3693313598633 31.929666519165 31.9528331756592 32.1059989929199 31.7038345336914 31.6944999694824 31.5661678314209 31.2706661224365 31.0593338012695 30.8683319091797 -3.4e+38 -3.4e+38 -3.4e+38 -3.4e+38 -3.4e+38 -3.4e+38 -3.4e+38 -3.4e+38 -3.4e+38 -3.4e+38 -3.4e+38 -3.4e+38 -3.4e+38 -3.4e+38 -3.4e+38 -3.4e+38 -3.4e+38 -3.4e+38 -3.4e+38 -3.4e+38 -3.4e+38 -3.4e+38 -3.4e+38 -3.4e+38 -3.4e+38 -3.4e+38 -3.4e+38 -3.4e+38 -3.4e+38 -3.4e+38 -3.4e+38 -3.4e+38
