rasterData/Sudan_bio10.asc
NCOLS 202 
NROWS 163 
XLLCORNER 21.809448692 
YLLCORNER 8.681641793 
CELLSIZE 0.0831293288316832 
NODATA_value -3.4e+38 
[rows 84 to 104 of 163, columns 0 to 47 of 202]
-3.4e+38 -3.4e+38 -3.4e+38 -3.4e+38 -3.4e+38 -3.4e+38 -3.4e+38 -3.4e+38 -3.4e+38 -3.4e+38 -3.4e+38 -3.4e+38 -3.4e+38 29.7014999389648 29.6900005340576 29.6703338623047 29.5748329162598 29.5238342285156 29.6153335571289 29.4594993591309 29.5001659393311 29.542667388916 29.3558330535889 29.0729999542236 28.8018341064453 29.0578327178955 29.308666229248 28.8129997253418 28.7700004577637 29.0416679382324 29.3506660461426 29.2933330535889 29.1510009765625 29.0509986877441 29.4206657409668 29.2758331298828 28.9050006866455 28.8608341217041 28.7835006713867 28.5066661834717 28.0111656188965 27.7138328552246 28.1725006103516 28.3446655273438 28.7336673736572 29.0846672058105 29.1486663818359 29.1851673126221
-3.4e+38 -3.4e+38 -3.4e+38 -3.4e+38 -3.4e+38 -3.4e+38 -3.4e+38 -3.4e+38 -3.4e+38 -3.4e+38 -3.4e+38 -3.4e+38 -3.4e+38 29.5673332214355 29.4916667938232 29.4781665802002 29.4363327026367 29.4769992828369 29.5548324584961 29.5620002746582 29.4221668243408 29.3891658782959 29.1253337860107 29.0375003814697 28.7854995727539 28.8063316345215 29.0161666870117 28.5515003204346 28.4996681213379 28.9274997711182 29.3489990234375 29.2408332824707 28.9125003814697 28.5799999237061 29.0111675262451 29.453332901001 29.2586669921875 29.0421676635742 28.9720001220703 28.8115005493164 28.2859992980957 28.2721672058105 28.4663352966309 28.8001670837402 29.0186672210693 29.2363319396973 29.2269992828369 28.9811668395996
-3.4e+38 -3.4e+38 -3.4e+38 -3.4e+38 -3.4e+38 -3.4e+38 -3.4e+38 -3.4e+38 -3.4e+38 -3.4e+38 -3.4e+38 -3.4e+38 29.4128322601318 29.4495010375977 29.3896675109863 29.3673324584961 29.4090003967285 29.47483253479 29.4815006256104 29.4321670532227 29.3431663513184 29.257999420166 29.1738319396973 29.068000793457 28.8763332366943 28.7576675415039 28.6898326873779 28.3693332672119 28.6293334960938 28.954833984375 29.2853336334229 29.287166595459 29.0884990692139 28.7593326568604 28.6723327636719 29.25950050354 29.0614986419678 29.0153331756592 28.9383335113525 28.791332244873 28.4150009155273 27.9798336029053 28.1645011901855 28.6568336486816 29.1306667327881 29.252498626709 29.1213340759277 28.8691673278809
-3.4e+38 -3.4e+38 -3.4e+38 -3.4e+38 -3.4e+38 -3.4e+38 -3.4e+38 -3.4e+38 -3.4e+38 -3.4e+38 -3.4e+38 29.2143325805664 29.324333190918 29.3339996337891 29.3228340148926 29.2858333587646 29.2901668548584 29.275333404541 29.3513336181641 29.1943321228027 29.1066665649414 29.0376663208008 28.9998340606689 28.8848342895508 28.772834777832 28.7426662445068 28.505500793457 28.5959987640381 28.6941661834717 29.0103340148926 29.203498840332 29.0571670532227 28.9443321228027 28.759334564209 28.9235000610352 29.0559997558594 28.9473342895508 28.8693332672119 28.695499420166 28.4853324890137 27.9598331451416 28.013334274292 28.386833190918 28.7975006103516 29.1806659698486 29.0136661529541 29.0866661071777 28.7938327789307
-3.4e+38 -3.4e+38 -3.4e+38 -3.4e+38 -3.4e+38 -3.4e+38 -3.4e+38 -3.4e+38 -3.4e+38 -3.4e+38 29.1431655883789 29.144832611084 29.1426677703857 29.1984996795654 29.2878341674805 29.1863327026367 29.1700000762939 29.132999420166 29.0745010375977 28.9640007019043 29.0131664276123 28.9761657714844 28.8956680297852 28.8118324279785 28.7691669464111 28.6826667785645 28.5661659240723 28.5651664733887 28.4521675109863 28.8708343505859 29.199333190918 28.7841663360596 28.3983345031738 28.6984996795654 28.8834991455078 28.6310005187988 28.8455009460449 28.765832901001 28.4341659545898 28.2816677093506 28.304666519165 28.469165802002 28.6438331604004 28.9034996032715 29.0521659851074 29.0023326873779 28.9066677093506 28.7375011444092
-3.4e+38 -3.4e+38 -3.4e+38 -3.4e+38 -3.4e+38 -3.4e+38 -3.4e+38 -3.4e+38 -3.4e+38 -3.4e+38 28.9806671142578 29.2133331298828 29.3330001831055 29.3781661987305 29.3385009765625 29.2068328857422 29.1646671295166 29.0981674194336 29.003999710083 28.9694995880127 28.9785003662109 28.9116668701172 28.855167388916 28.7911682128906 28.8011665344238 28.6668338775635 28.704833984375 28.8036670684814 28.5243339538574 28.6991672515869 28.9500007629395 28.5581665039062 28.488000869751 28.6604995727539 28.2670001983643 28.1838340759277 28.6353340148926 28.4990005493164 28.0938339233398 28.1824989318848 28.2921676635742 28.5351676940918 28.7626667022705 28.8600006103516 28.8754997253418 28.8468322753906 28.8455009460449 28.6979999542236
-3.4e+38 -3.4e+38 -3.4e+38 -3.4e+38 -3.4e+38 -3.4e+38 -3.4e+38 -3.4e+38 -3.4e+38 -3.4e+38 29.1811656951904 29.3443336486816 29.4221668243408 29.3568325042725 29.2084999084473 29.1148338317871 29.0343322753906 29.0284996032715 29.0521659851074 29.0058326721191 28.9813327789307 28.9823341369629 28.9360008239746 28.980167388916 28.876501083374 28.8628330230713 28.878999710083 28.9551658630371 28.6001663208008 28.5120010375977 28.5098342895508 28.3391666412354 28.320333480835 28.3913326263428 28.2111663818359 28.0373344421387 28.22483253479 28.2089996337891 27.9370002746582 28.0751667022705 28.3553333282471 28.6218338012695 28.9071674346924 28.7413330078125 28.8123340606689 28.8664989471436 28.7331657409668 28.4631671905518
-3.4e+38 -3.4e+38 -3.4e+38 -3.4e+38 -3.4e+38 -3.4e+38 -3.4e+38 29.1891670227051 29.1198329925537 29.2119998931885 29.3169994354248 29.337833404541 29.2064990997314 29.1686668395996 29.1141662597656 29.0668334960938 28.9694995880127 28.9563331604004 28.9651660919189 28.9168338775635 28.9281673431396 28.9526672363281 29.1371669769287 29.1286659240723 28.941499710083 28.9598331451416 28.8943328857422 28.810998916626 28.503999710083 28.1931667327881 28.1464996337891 28.0738334655762 28.0326671600342 28.1666679382324 28.0284996032715 27.8316669464111 27.9031677246094 27.8348331451416 27.8401660919189 28.236499786377 28.4443340301514 28.6539993286133 28.9148330688477 28.9326667785645 28.8223342895508 28.5233345031738 28.2256660461426 28.2563323974609
-3.4e+38 -3.4e+38 -3.4e+38 -3.4e+38 -3.4e+38 -3.4e+38 29.0931663513184 29.1700000762939 29.25 29.2993335723877 29.3174991607666 29.3993339538574 29.2738342285156 29.2029991149902 29.1513328552246 29.0913333892822 29.0978336334229 29.0593338012695 28.9988327026367 28.8986663818359 28.9705009460449 29.0338325500488 28.9743328094482 28.9563331604004 28.8916664123535 28.8848323822021 28.7443332672119 28.7234992980957 28.4481658935547 28.0926666259766 27.6550006866455 27.718334197998 27.8251667022705 27.9501667022705 27.6933326721191 27.4053344726562 27.3673343658447 27.5693340301514 27.7563323974609 28.0776672363281 28.4145011901855 28.5458335876465 28.8278331756592 28.9103336334229 28.542667388916 28.1068344116211 28.2701663970947 28.72216796875
-3.4e+38 -3.4e+38 -3.4e+38 -3.4e+38 -3.4e+38 -3.4e+38 -3.4e+38 29.1108341217041 29.2560005187988 29.3831672668457 29.3356666564941 29.329833984375 29.3123321533203 29.279333114624 29.2143325805664 29.1748332977295 29.2584991455078 29.2103328704834 29.0378341674805 28.9653339385986 28.9631671905518 29.0998344421387 29.0131664276123 28.8950004577637 28.8484992980957 28.8033332824707 28.6679992675781 28.566333770752 28.3680000305176 27.8594989776611 27.0881671905518 27.4268341064453 27.5809993743896 27.7964992523193 27.5244998931885 27.2465000152588 27.4433326721191 27.8603324890137 28.13450050354 28.4421653747559 28.5508346557617 28.6554985046387 28.5961666107178 28.6721668243408 28.5486679077148 28.2403335571289 28.4986667633057 28.663667678833
-3.4e+38 -3.4e+38 -3.4e+38 -3.4e+38 -3.4e+38 -3.4e+38 -3.4e+38 28.800666809082 29.0051670074463 29.119499206543 29.2463340759277 29.324333190918 29.3406677246094 29.3801651000977 29.3064994812012 29.2243347167969 29.2824993133545 29.1788330078125 28.8578338623047 28.8493347167969 28.9630012512207 28.9926662445068 28.9183330535889 28.8293342590332 28.7514991760254 28.7205009460449 28.5966663360596 28.3648338317871 28.2630004882812 27.6479988098145 27.0249996185303 26.9694995880127 27.3620014190674 27.5643329620361 27.5001659393311 27.4288330078125 27.570333480835 27.4009990692139 27.7173328399658 28.3015003204346 28.2423324584961 28.412166595459 28.4578323364258 28.3745002746582 28.5553340911865 28.5780010223389 28.4008331298828 28.4640007019043
-3.4e+38 -3.4e+38 -3.4e+38 -3.4e+38 -3.4e+38 -3.4e+38 -3.4e+38 28.6911659240723 28.8896675109863 29.0063323974609 29.0986671447754 29.2259998321533 29.2653331756592 29.4353332519531 29.4499988555908 29.3581657409668 29.2690010070801 29.1513328552246 28.9891662597656 28.9635009765625 29.0041656494141 28.929666519165 28.8190002441406 28.7315006256104 28.6684989929199 28.6501655578613 28.5911655426025 28.4113330841064 27.787166595459 27.2903327941895 26.9824981689453 26.9541664123535 27.3321666717529 27.5606670379639 27.6698341369629 27.7031669616699 27.8349990844727 27.8978328704834 27.7069988250732 27.9125003814697 28.1860008239746 28.2954998016357 28.0935001373291 28.2416667938232 28.4258327484131 28.6043338775635 28.5806655883789 28.8624992370605
-3.4e+38 -3.4e+38 -3.4e+38 -3.4e+38 -3.4e+38 -3.4e+38 -3.4e+38 -3.4e+38 28.6768341064453 28.9278335571289 28.9763336181641 29.1706676483154 29.3450012207031 29.4168319702148 29.429500579834 29.3946666717529 29.2271671295166 29.2425003051758 29.0849990844727 29.0161666870117 28.9986667633057 28.8964996337891 28.7328338623047 28.6156673431396 28.6683330535889 28.6464996337891 28.4155006408691 28.4066677093506 27.4381675720215 26.9503326416016 26.9340000152588 26.9324989318848 27.2458343505859 27.4780006408691 27.5991668701172 27.696834564209 28.1000003814697 28.3836669921875 28.0036659240723 27.6319999694824 28.0603332519531 28.2604999542236 28.4066677093506 28.7536659240723 28.7584991455078 28.8056659698486 28.632999420166 28.7485008239746
-3.4e+38 -3.4e+38 -3.4e+38 -3.4e+38 -3.4e+38 -3.4e+38 -3.4e+38 -3.4e+38 28.593334197998 28.9813327789307 29.1366672515869 29.304500579834 29.4073333740234 29.4108333587646 29.4254989624023 29.2810001373291 29.1604995727539 29.1280002593994 29.0908336639404 28.8634986877441 28.7668342590332 28.7786674499512 28.8139991760254 28.757999420166 28.7243328094482 28.6726665496826 28.4020004272461 28.199333190918 27.7425003051758 26.6466655731201 26.8295001983643 26.855001449585 27.1178321838379 27.2644996643066 27.408166885376 27.7878341674805 28.420166015625 28.6984996795654 28.5171661376953 28.193000793457 28.4139995574951 28.3680000305176 28.4263324737549 28.8316669464111 28.9440002441406 29.0361671447754 29.3294982910156 29.4416675567627
-3.4e+38 -3.4e+38 -3.4e+38 -3.4e+38 -3.4e+38 -3.4e+38 -3.4e+38 28.3684997558594 28.6653327941895 29.0310001373291 29.4198341369629 29.4486675262451 29.4268341064453 29.4165000915527 29.2973327636719 29.1863327026367 29.048999786377 28.9995002746582 28.871000289917 28.6028327941895 28.4896659851074 28.4974994659424 28.5136661529541 28.4601669311523 28.4246673583984 28.2924995422363 28.0768337249756 27.9723320007324 27.8445014953613 27.5761661529541 26.8449993133545 27.0181655883789 27.3815002441406 27.5273323059082 28.2536659240723 28.5869998931885 28.742166519165 28.8455009460449 28.3476657867432 27.9431667327881 28.5594997406006 28.9728336334229 28.5066661834717 28.6380004882812 28.9861660003662 29.337833404541 29.5983333587646 29.6923332214355
-3.4e+38 -3.4e+38 -3.4e+38 -3.4e+38 -3.4e+38 28.3498344421387 28.4260005950928 28.6254997253418 28.8718318939209 29.1733341217041 29.2588348388672 29.3719997406006 29.3531684875488 29.204833984375 29.2293338775635 29.1534996032715 29.0261669158936 28.8004989624023 28.7514991760254 28.5796661376953 28.3344993591309 28.2985000610352 28.2086658477783 28.195333480835 28.2325000762939 28.0146675109863 27.3361663818359 27.4029998779297 27.074333190918 26.9601669311523 26.3168334960938 27.2256660461426 27.7818336486816 28.3241672515869 28.6426658630371 28.9598331451416 28.9654998779297 28.982666015625 28.8728332519531 28.0746669769287 28.170166015625 29.3824996948242 29.2593326568604 29.1310005187988 29.1941661834717 29.3518333435059 29.4988327026367 29.4756660461426
-3.4e+38 -3.4e+38 -3.4e+38 -3.4e+38 29.1275005340576 28.5681667327881 28.6981658935547 28.9039993286133 28.9956665039062 29.1523323059082 29.255500793457 29.2894992828369 29.1020011901855 29.070333480835 29.0533332824707 29.0263328552246 28.9388332366943 28.7581672668457 28.4283332824707 28.2526664733887 28.2065010070801 28.1793327331543 27.9771671295166 28.0170001983643 27.9323348999023 27.9376678466797 27.470666885376 27.416332244873 26.8611660003662 25.8134994506836 25.8376655578613 27.0733337402344 28.2053337097168 28.7118339538574 28.8980007171631 28.9700012207031 29.1378326416016 29.041166305542 29.2705001831055 29.3801670074463 28.9130001068115 29.6599998474121 29.4811668395996 29.2896671295166 29.2581672668457 28.988166809082 29.1476669311523 29.4861679077148
-3.4e+38 -3.4e+38 -3.4e+38 29.6033325195312 29.3150005340576 28.7896671295166 28.7846660614014 29.1759986877441 29.0621662139893 29.158166885376 29.2253341674805 29.212833404541 29.2455005645752 29.1774997711182 29.1135005950928 29.0023326873779 28.8780002593994 28.6658325195312 28.4511661529541 28.2351665496826 28.2251663208008 28.2348346710205 28.1253337860107 28.007999420166 27.7796669006348 27.7436676025391 27.4338340759277 27.2689990997314 26.7320003509521 25.5345001220703 25.9693336486816 26.324333190918 28.0090007781982 28.4495010375977 28.6060009002686 28.9211673736572 29.4169998168945 29.5674991607666 29.7205009460449 29.8899993896484 29.9426670074463 29.7726669311523 29.5324993133545 29.5906677246094 29.4528331756592 28.9490013122559 29.1871662139893 29.5226669311523
-3.4e+38 -3.4e+38 -3.4e+38 29.7029991149902 29.3740005493164 29.1875 28.8506679534912 29.0283336639404 29.2716655731201 29.3478336334229 29.3096656799316 29.2513332366943 29.2703323364258 29.1803340911865 29.0354995727539 28.84983253479 28.7449989318848 28.6486663818359 28.4990005493164 28.2503337860107 28.304500579834 28.136999130249 27.9169998168945 27.7600002288818 27.6891670227051 27.5860004425049 27.2824993133545 27.1228332519531 26.8414993286133 26.6534996032715 26.795166015625 26.9938335418701 27.9689998626709 28.4381656646729 27.8090000152588 28.9055004119873 29.5433330535889 29.7388343811035 29.808500289917 29.863166809082 29.916166305542 29.746166229248 29.7915000915527 29.7593326568604 29.4026660919189 29.136833190918 29.4819984436035 29.5929985046387
-3.4e+38 -3.4e+38 -3.4e+38 -3.4e+38 29.8823337554932 29.7994995117188 29.3460006713867 29.2304992675781 29.4049987792969 29.3601665496826 29.3023338317871 29.2756671905518 29.2083339691162 29.0715007781982 28.8369998931885 28.6526660919189 28.5030002593994 28.3618335723877 28.2560005187988 28.2596664428711 28.3330001831055 28.0734996795654 27.9243335723877 27.7306671142578 27.5138339996338 27.2840003967285 27.0501670837402 26.9528331756592 26.8116664886475 26.4375 26.2581672668457 27.0324993133545 27.7898330688477 28.4456672668457 28.7783336639404 29.2220001220703 29.5354995727539 29.626501083374 29.7740001678467 29.7593326568604 29.945499420166 29.9418334960938 29.9153327941895 29.6136665344238 29.3530006408691 29.3588333129883 29.8226661682129 29.8271675109863
-3.4e+38 -3.4e+38 -3.4e+38 -3.4e+38 29.8231658935547 29.7046661376953 29.5048332214355 29.6048336029053 29.5151672363281 29.4248332977295 29.3056659698486 29.2078323364258 29.0906677246094 28.9033336639404 28.8209991455078 28.6420001983643 28.5283336639404 28.4819984436035 28.3994998931885 28.3973331451416 28.2119979858398 27.8616676330566 27.6356658935547 27.4355010986328 27.2604999542236 26.9693336486816 26.7754993438721 26.5593338012695 26.3143329620361 25.8105010986328 25.2146682739258 26.2496681213379 27.5218334197998 28.4166660308838 28.8741664886475 28.986499786377 29.1731662750244 29.3486671447754 29.3946666717529 29.4519996643066 29.6558322906494 30.1133327484131 30.3248329162598 30.0364990234375 29.5953330993652 29.753999710083 29.9486675262451 29.9098339080811
