rasterData/Sudan_bio8.asc
NCOLS 202 
NROWS 163 
XLLCORNER 21.809448692 
YLLCORNER 8.681641793 
CELLSIZE 0.0831293288316832 
NODATA_value -3.4e+38 
[rows 105 to 125 of 163, columns 96 to 143 of 202]
27.7558326721191 27.8396663665771 27.9781665802002 28.0991668701172 28.1719989776611 28.2173328399658 28.3068332672119 28.345832824707 28.3348331451416 28.3813323974609 28.4236660003662 28.4704990386963 28.5041656494141 28.550666809082 28.5930004119873 28.6711673736572 28.7273330688477 28.7395000457764 28.7361660003662 28.7288341522217 28.7466659545898 28.7831649780273 28.7978343963623 28.8256664276123 28.8803329467773 28.908166885376 28.9846668243408 29.079833984375 29.1323337554932 29.1491661071777 29.228666305542 29.2946662902832 29.2968330383301 29.2406673431396 29.0443325042725 29.2544994354248 29.142333984375 29.0211658477783 28.9258327484131 28.8735008239746 28.783332824707 28.7091674804688 28.5675010681152 28.6476669311523 28.6343326568604 28.621166229248 28.5238342285156 28.3981666564941
27.6989994049072 27.7954998016357 27.8986663818359 28.0485000610352 28.0736656188965 28.1479988098145 28.1988334655762 28.2291660308838 28.2451667785645 28.2931671142578 28.3491668701172 28.405834197998 28.4365005493164 28.4834995269775 28.5111656188965 28.5728340148926 28.6218338012695 28.6306648254395 28.6048316955566 28.6176662445068 28.627498626709 28.6153335571289 28.6181659698486 28.6394996643066 28.6748332977295 28.7173347473145 28.8063335418701 28.8636665344238 28.9078330993652 28.9743328094482 29.0353336334229 29.0904998779297 29.1148338317871 29.0434989929199 28.9755001068115 29.0968322753906 28.8984985351562 28.8013324737549 28.8420009613037 28.7643337249756 28.6870002746582 28.6949996948242 28.6574993133545 28.5893325805664 28.5433330535889 28.4483337402344 28.4123344421387 28.0895004272461
27.6023330688477 27.7075004577637 27.8521671295166 27.9401664733887 27.9436664581299 28.0260009765625 28.0428333282471 28.0736656188965 28.154167175293 28.2231674194336 28.2476673126221 28.3016662597656 28.3773326873779 28.3878345489502 28.4258327484131 28.4724998474121 28.5051670074463 28.5311660766602 28.5406665802002 28.5058326721191 28.4741668701172 28.4738330841064 28.4796657562256 28.470832824707 28.478666305542 28.4898338317871 28.5591659545898 28.6173324584961 28.6579990386963 28.7373332977295 28.8319988250732 28.8756656646729 28.9181671142578 28.9060001373291 28.7744998931885 28.7465000152588 28.4531669616699 28.5114994049072 28.6308326721191 28.6168327331543 28.6630001068115 28.6863327026367 28.5924987792969 28.4888343811035 28.4166660308838 28.3356666564941 28.2786655426025 28.0856666564941
27.4370002746582 27.5318336486816 27.6681671142578 27.7383346557617 27.7976665496826 27.9366664886475 27.9843330383301 27.9210014343262 28.0156669616699 28.1266670227051 28.1731662750244 28.2054996490479 28.2876663208008 28.2936668395996 28.3181667327881 28.3743324279785 28.4290008544922 28.4326667785645 28.406665802002 28.371000289917 28.3474998474121 28.3343334197998 28.3601665496826 28.3460006713867 28.2924995422363 28.2801666259766 28.3286666870117 28.3943328857422 28.46533203125 28.5633335113525 28.6375007629395 28.7056674957275 28.7374992370605 28.7631664276123 28.6254997253418 28.6301670074463 28.6016654968262 28.5340003967285 28.1346664428711 28.2346668243408 28.4360008239746 28.5858345031738 28.4936676025391 28.4886665344238 28.3896675109863 28.2848339080811 28.2161674499512 28.1083335876465
27.193000793457 27.3381671905518 27.5044994354248 27.6529998779297 27.7271671295166 27.8501663208008 27.9179992675781 27.8628330230713 27.9088325500488 28.0548324584961 28.1118335723877 28.1238327026367 28.1793327331543 28.2298336029053 28.2763328552246 28.2689990997314 28.2828330993652 28.2893333435059 28.2541656494141 28.2255001068115 28.2158336639404 28.2046661376953 28.2299995422363 28.1893329620361 28.1195011138916 28.0913333892822 28.138500213623 28.2136669158936 28.3186664581299 28.3980007171631 28.4288330078125 28.5335006713867 28.5993328094482 28.63450050354 28.6639995574951 28.5400009155273 28.5113334655762 28.2696666717529 27.9168319702148 27.837833404541 28.1188335418701 28.4951667785645 28.427001953125 28.4125003814697 28.2884998321533 28.1973342895508 28.1196670532227 27.9856662750244
27.0825004577637 27.2680015563965 27.4228324890137 27.6110000610352 27.6984996795654 27.7939987182617 27.8698329925537 27.8983325958252 27.8678340911865 27.9556655883789 27.9951667785645 28.0171661376953 28.0729999542236 28.1378326416016 28.1711673736572 28.1821670532227 28.1573333740234 28.1564998626709 28.1513328552246 28.1253337860107 28.1308326721191 28.1121673583984 28.091833114624 28.0380001068115 27.9623336791992 27.8671684265137 27.8799991607666 27.9926662445068 28.1356678009033 28.2328338623047 28.3053340911865 28.3796672821045 28.4411659240723 28.4843349456787 28.4868354797363 28.4743328094482 28.2768325805664 28.3039989471436 28.0436668395996 27.8443336486816 28.1896667480469 28.3518333435059 28.3131675720215 28.2518329620361 28.1486663818359 28.0590000152588 27.9968338012695 27.9071655273438
27.0476665496826 27.1824989318848 27.3540000915527 27.5106658935547 27.6708335876465 27.824499130249 27.9363327026367 27.962833404541 27.9571666717529 27.9290008544922 27.9025001525879 27.9166679382324 27.9418334960938 28.0104999542236 28.0613327026367 28.0686664581299 28.0424995422363 28.0468330383301 28.0453338623047 28.0166664123535 28.0183334350586 27.978666305542 27.9431667327881 27.8880004882812 27.7906665802002 27.7426662445068 27.7853336334229 27.8951663970947 28.0455017089844 28.1321678161621 28.1338329315186 28.150333404541 28.2224998474121 28.2916660308838 28.3090000152588 28.2939987182617 28.1031665802002 28.1814994812012 28.1693344116211 28.0993328094482 28.1559982299805 28.1215000152588 28.1049995422363 28.046667098999 27.988166809082 27.9273338317871 27.8866672515869 27.8579998016357
26.9246673583984 27.1096668243408 27.2119998931885 27.4599990844727 27.607666015625 27.7426662445068 27.8851661682129 27.9208335876465 27.9060001373291 27.8811664581299 27.8445014953613 27.8098335266113 27.8373336791992 27.9238338470459 27.9656658172607 27.9638328552246 27.853666305542 27.8861656188965 27.8699989318848 27.890832901001 27.9130001068115 27.9091682434082 27.8578338623047 27.7808322906494 27.716833114624 27.7405014038086 27.783166885376 27.8465003967285 27.9300003051758 27.966667175293 27.9809989929199 28.0170001983643 28.082332611084 28.154333114624 28.1979999542236 28.1358337402344 28.0004997253418 28.1324996948242 28.0583343505859 27.9766674041748 28.0263328552246 27.957332611084 27.9056663513184 27.8099994659424 27.7941665649414 27.7573337554932 27.7671661376953 27.716667175293
26.9348335266113 27.0944995880127 27.2639999389648 27.3981666564941 27.511833190918 27.6258335113525 27.7683334350586 27.7408332824707 27.7334995269775 27.7628326416016 27.7611675262451 27.7511672973633 27.759334564209 27.8306674957275 27.8736667633057 27.8269996643066 27.7544994354248 27.8288326263428 27.8344993591309 27.7898330688477 27.7950000762939 27.7846660614014 27.7608337402344 27.7428321838379 27.7431659698486 27.7181663513184 27.7249984741211 27.7843341827393 27.8020000457764 27.8315010070801 27.8811664581299 27.9513339996338 27.9659996032715 27.9956665039062 27.9820003509521 27.958667755127 27.871166229248 27.9753341674805 27.9131660461426 27.8585014343262 27.8834991455078 27.8676681518555 27.7993335723877 27.7231674194336 27.6931648254395 27.6146659851074 27.5911674499512 27.6073341369629
26.8621673583984 27.0741672515869 27.2379989624023 27.3088340759277 27.367166519165 27.5185012817383 27.5900001525879 27.5581665039062 27.6123332977295 27.6713333129883 27.6088333129883 27.7076683044434 27.773832321167 27.8166675567627 27.7825012207031 27.734001159668 27.7305011749268 27.7336673736572 27.7451667785645 27.7436676025391 27.7261657714844 27.6961669921875 27.6981678009033 27.7023334503174 27.7205009460449 27.6788330078125 27.6948337554932 27.7211666107178 27.7473335266113 27.7598342895508 27.7900009155273 27.8308334350586 27.8248329162598 27.8423328399658 27.8221664428711 27.7748336791992 27.7325000762939 27.8621654510498 27.8229999542236 27.7538318634033 27.728832244873 27.7584991455078 27.6549987792969 27.5970001220703 27.5953330993652 27.5458335876465 27.4718341827393 27.4911670684814
26.8568344116211 26.992166519165 27.1241664886475 27.2625007629395 27.3463325500488 27.4689998626709 27.4825000762939 27.5149993896484 27.5688323974609 27.6035003662109 27.7031669616699 27.7040004730225 27.6441669464111 27.6331672668457 27.5599994659424 27.486499786377 27.5231666564941 27.5728340148926 27.5821666717529 27.5564994812012 27.5796661376953 27.5481662750244 27.5919990539551 27.6053333282471 27.6343326568604 27.6373329162598 27.6474990844727 27.6648330688477 27.6998329162598 27.6891651153564 27.679500579834 27.6900005340576 27.7306671142578 27.7118339538574 27.6948337554932 27.6590003967285 27.5753326416016 27.7403335571289 27.7278327941895 27.6599998474121 27.6843338012695 27.6501655578613 27.5011672973633 27.4640007019043 27.438835144043 27.3453330993652 27.3241653442383 27.3331661224365
26.7644996643066 26.896333694458 27.0361671447754 27.1983337402344 27.2391662597656 27.3093338012695 27.3216667175293 27.2859992980957 27.3548316955566 27.4891662597656 27.5610008239746 27.2636661529541 27.5046653747559 27.4314994812012 27.3565006256104 27.333833694458 27.3533325195312 27.3675003051758 27.4200000762939 27.4388332366943 27.4353332519531 27.4658336639404 27.4766674041748 27.5416660308838 27.6110000610352 27.6271667480469 27.6268329620361 27.5891647338867 27.6311664581299 27.6423320770264 27.6140003204346 27.6204986572266 27.6236667633057 27.6206665039062 27.5961666107178 27.5636653900146 27.4580001831055 27.6580009460449 27.6960010528564 27.6406669616699 27.5970001220703 27.4758338928223 27.3356666564941 27.3004989624023 27.2916660308838 27.2869987487793 27.3053321838379 27.3126678466797
26.6711654663086 26.8218326568604 26.941499710083 27.0418338775635 27.0960006713867 27.1316661834717 27.1700000762939 27.2091674804688 27.2716655731201 27.4184989929199 26.5733337402344 24.719165802002 27.2038326263428 27.2348327636719 27.1666679382324 27.2040004730225 27.1943340301514 27.2328338623047 27.299165725708 27.3040008544922 27.3516674041748 27.4048328399658 27.4646663665771 27.4851665496826 27.5515003204346 27.5715007781982 27.5558338165283 27.5714988708496 27.5694999694824 27.5763320922852 27.5599994659424 27.5475006103516 27.5690002441406 27.5790004730225 27.5428333282471 27.5076656341553 27.4388332366943 27.5974998474121 27.6293334960938 27.6079998016357 27.4874992370605 27.355167388916 27.3424987792969 27.316333770752 27.3146667480469 27.1298332214355 27.2631664276123 27.2999992370605
26.625 26.7676658630371 26.8255004882812 26.8566665649414 26.9150009155273 26.9998340606689 26.99049949646 26.9578342437744 27.0781669616699 27.2509994506836 26.6723327636719 26.6943321228027 27.0203342437744 26.9976673126221 26.9828338623047 27.0013332366943 26.9526672363281 27.0231666564941 27.2083339691162 27.2329998016357 27.1758327484131 27.2560005187988 27.3291664123535 27.3111667633057 27.3290004730225 27.3560009002686 27.4425010681152 27.5328330993652 27.5346660614014 27.5076656341553 27.5380001068115 27.511833190918 27.5058345794678 27.5216674804688 27.5453338623047 27.4948348999023 27.408332824707 27.5154991149902 27.5238342285156 27.5233345031738 27.4168338775635 27.3575000762939 27.337833404541 27.3053321838379 27.2516670227051 27.1558322906494 27.1750011444092 27.2236671447754
26.5516662597656 26.6061668395996 26.6536674499512 26.72216796875 26.800500869751 26.7604999542236 26.746166229248 26.8186664581299 26.917667388916 26.9965000152588 27.0273323059082 27.0026664733887 26.9058322906494 26.8556671142578 26.6639995574951 26.5826663970947 26.1585006713867 26.3104991912842 27.0601654052734 27.0981674194336 27.0359992980957 27.1008338928223 27.1523342132568 27.1733322143555 27.2083339691162 27.2431678771973 27.3669986724854 27.4311676025391 27.4973335266113 27.5130004882812 27.511833190918 27.4661674499512 27.4565010070801 27.4913330078125 27.5103340148926 27.4349994659424 27.4231662750244 27.5020008087158 27.5365009307861 27.5164985656738 27.445499420166 27.3759994506836 27.321834564209 27.3185005187988 27.2346668243408 27.1538333892822 27.1011657714844 27.1778335571289
26.392333984375 26.42799949646 26.4270000457764 26.4341659545898 26.4368324279785 26.3754997253418 26.4051666259766 26.7108345031738 26.8193321228027 26.8311672210693 26.8313331604004 26.7981662750244 26.7548332214355 26.5510005950928 25.8066673278809 26.0406665802002 25.0279998779297 25.8183326721191 26.7450008392334 26.8796653747559 26.9443321228027 27.0235004425049 27.0408325195312 27.166332244873 27.1323318481445 27.2061672210693 27.3104991912842 27.3115005493164 27.3819999694824 27.4260005950928 27.4040012359619 27.4096660614014 27.4303340911865 27.4836673736572 27.5051670074463 27.3448333740234 -3.4e+38 -3.4e+38 -3.4e+38 -3.4e+38 -3.4e+38 -3.4e+38 27.3110008239746 27.2743339538574 27.1828327178955 27.1083335876465 27.0524997711182 27.0476665496826
26.1761665344238 26.1778335571289 26.1533317565918 26.2568321228027 26.2413330078125 26.0676670074463 25.9473323822021 26.451000213623 26.6843338012695 26.7431678771973 26.6979999542236 26.5701675415039 26.5573329925537 26.4846668243408 26.3740005493164 25.8360004425049 24.6491661071777 25.5606670379639 26.3080005645752 26.5508346557617 26.6971664428711 26.863166809082 26.9061660766602 27.0508327484131 27.1420001983643 27.1873340606689 27.2070007324219 27.2361660003662 27.2638320922852 27.3143329620361 27.3628330230713 27.363000869751 27.3846664428711 27.4361667633057 27.470666885376 27.3315010070801 -3.4e+38 -3.4e+38 -3.4e+38 -3.4e+38 -3.4e+38 27.3050003051758 27.2816677093506 27.2099990844727 27.1714992523193 27.0588321685791 26.9836673736572 26.9401664733887
25.8983325958252 25.908166885376 25.9861660003662 26.1008338928223 26.117166519165 26.0058326721191 25.9986667633057 26.2798328399658 26.4933338165283 26.5769996643066 26.644832611084 26.492000579834 26.4106674194336 26.3676662445068 26.2035007476807 25.5018329620361 24.3776664733887 25.3051662445068 25.6035003662109 25.3861675262451 26.0741672515869 26.5270004272461 26.5938339233398 26.8600006103516 27.0639991760254 27.0965003967285 27.1416664123535 27.2063331604004 27.2676658630371 27.3338317871094 27.3879985809326 27.4045009613037 27.3836669921875 27.3928337097168 27.3973331451416 27.2964992523193 -3.4e+38 -3.4e+38 -3.4e+38 -3.4e+38 -3.4e+38 27.1905002593994 27.1578330993652 27.1445007324219 27.111665725708 27.1044998168945 26.9441661834717 26.8185005187988
25.6248340606689 25.6564998626709 25.8106670379639 25.9250011444092 25.9911670684814 25.9868335723877 26.0153331756592 26.1616668701172 26.2418327331543 26.4138336181641 26.5496673583984 26.4653339385986 26.4103336334229 26.1393337249756 25.8713340759277 24.933666229248 24.8826675415039 25.1923332214355 24.8994998931885 25.0928325653076 25.7558326721191 26.2131671905518 26.3199996948242 26.7294998168945 26.9630012512207 27.0368347167969 27.1453342437744 27.2483329772949 -3.4e+38 -3.4e+38 -3.4e+38 -3.4e+38 -3.4e+38 -3.4e+38 -3.4e+38 -3.4e+38 -3.4e+38 -3.4e+38 -3.4e+38 -3.4e+38 -3.4e+38 27.1895008087158 27.1200008392334 27.0578346252441 27.0698337554932 27.0523338317871 26.929666519165 26.7430000305176
25.4651660919189 25.5354995727539 25.638500213623 25.7329998016357 25.84983253479 25.8113327026367 25.8288345336914 25.8553333282471 25.916166305542 26.0970001220703 26.3719997406006 26.3810005187988 26.2880001068115 25.3313331604004 25.8538341522217 25.1270008087158 25.3728332519531 25.2954998016357 24.8101654052734 24.818000793457 25.7735004425049 26.1376667022705 26.6146678924561 26.7968330383301 26.8959999084473 27.0136661529541 27.1480007171631 27.1389999389648 27.2150001525879 -3.4e+38 -3.4e+38 -3.4e+38 -3.4e+38 -3.4e+38 -3.4e+38 -3.4e+38 -3.4e+38 -3.4e+38 -3.4e+38 -3.4e+38 -3.4e+38 27.1216659545898 27.0796661376953 27.0266666412354 26.953498840332 26.8703327178955 26.7430000305176 26.6046676635742
25.2338333129883 25.3304996490479 25.5846672058105 25.6984996795654 25.6840000152588 25.5925006866455 25.5154991149902 25.4936676025391 25.3705005645752 25.6655006408691 26.0388336181641 26.1033325195312 26.195499420166 25.9331665039062 25.8871669769287 25.5358333587646 25.6578330993652 25.5121669769287 25.3349990844727 25.6660003662109 26.3451671600342 26.5314998626709 26.6584987640381 26.7194995880127 26.8638324737549 26.9661674499512 27.1026668548584 27.1228332519531 27.2740001678467 27.3589992523193 -3.4e+38 -3.4e+38 -3.4e+38 -3.4e+38 -3.4e+38 -3.4e+38 -3.4e+38 -3.4e+38 -3.4e+38 -3.4e+38 -3.4e+38 27.0948333740234 27.0076656341553 26.9431667327881 26.8691673278809 26.8191661834717 26.7018337249756 26.5381660461426
