rasterData/Sudan_bio12.asc
NCOLS 202 
NROWS 163 
XLLCORNER 21.809448692 
YLLCORNER 8.681641793 
CELLSIZE 0.0831293288316832 
NODATA_value -3.4e+38 
[rows 0 to 37 of 163, columns 85 to 169 of 202]
-3.4e+38 -3.4e+38 -3.4e+38 -3.4e+38 -3.4e+38 -3.4e+38 -3.4e+38 -3.4e+38 -3.4e+38 -3.4e+38 -3.4e+38 -3.4e+38 -3.4e+38 -3.4e+38 -3.4e+38 -3.4e+38 -3.4e+38 -3.4e+38 -3.4e+38 -3.4e+38 -3.4e+38 -3.4e+38 -3.4e+38 -3.4e+38 -3.4e+38 -3.4e+38 -3.4e+38 -3.4e+38 -3.4e+38 -3.4e+38 -3.4e+38 1 -3.4e+38 -3.4e+38 -3.4e+38 -3.4e+38 -3.4e+38 -3.4e+38 -3.4e+38 -3.4e+38 -3.4e+38 -3.4e+38 -3.4e+38 -3.4e+38 -3.4e+38 -3.4e+38 -3.4e+38 -3.4e+38 -3.4e+38 -3.4e+38 -3.4e+38 -3.4e+38 -3.4e+38 -3.4e+38 -3.4e+38 -3.4e+38 -3.4e+38 -3.4e+38 -3.4e+38 -3.4e+38 -3.4e+38 -3.4e+38 -3.4e+38 -3.4e+38 -3.4e+38 -3.4e+38 -3.4e+38 -3.4e+38 -3.4e+38 -3.4e+38 -3.4e+38 -3.4e+38 -3.4e+38 -3.4e+38 -3.4e+38 -3.4e+38 -3.4e+38 -3.4e+38 -3.4e+38 -3.4e+38 -3.4e+38 -3.4e+38 -3.4e+38 -3.4e+38 -3.4e+38
-3.4e+38 -3.4e+38 -3.4e+38 -3.4e+38 -3.4e+38 -3.4e+38 -3.4e+38 -3.4e+38 -3.4e+38 -3.4e+38 -3.4e+38 -3.4e+38 -3.4e+38 -3.4e+38 -3.4e+38 -3.4e+38 -3.4e+38 -3.4e+38 -3.4e+38 -3.4e+38 -3.4e+38 -3.4e+38 -3.4e+38 -3.4e+38 -3.4e+38 -3.4e+38 -3.4e+38 -3.4e+38 -3.4e+38 -3.4e+38 1 1 -3.4e+38 -3.4e+38 -3.4e+38 -3.4e+38 -3.4e+38 -3.4e+38 -3.4e+38 -3.4e+38 -3.4e+38 -3.4e+38 -3.4e+38 -3.4e+38 -3.4e+38 -3.4e+38 -3.4e+38 -3.4e+38 -3.4e+38 -3.4e+38 -3.4e+38 -3.4e+38 -3.4e+38 -3.4e+38 -3.4e+38 -3.4e+38 -3.4e+38 -3.4e+38 -3.4e+38 -3.4e+38 -3.4e+38 -3.4e+38 -3.4e+38 -3.4e+38 -3.4e+38 -3.4e+38 -3.4e+38 -3.4e+38 -3.4e+38 -3.4e+38 -3.4e+38 -3.4e+38 -3.4e+38 -3.4e+38 -3.4e+38 -3.4e+38 -3.4e+38 -3.4e+38 -3.4e+38 -3.4e+38 -3.4e+38 -3.4e+38 -3.4e+38 -3.4e+38 -3.4e+38
-3.4e+38 -3.4e+38 -3.4e+38 -3.4e+38 -3.4e+38 -3.4e+38 -3.4e+38 -3.4e+38 -3.4e+38 -3.4e+38 -3.4e+38 -3.4e+38 -3.4e+38 -3.4e+38 -3.4e+38 -3.4e+38 -3.4e+38 -3.4e+38 -3.4e+38 -3.4e+38 -3.4e+38 -3.4e+38 -3.4e+38 -3.4e+38 -3.4e+38 -3.4e+38 -3.4e+38 -3.4e+38 -3.4e+38 1 1 -3.4e+38 -3.4e+38 -3.4e+38 -3.4e+38 -3.4e+38 -3.4e+38 -3.4e+38 -3.4e+38 -3.4e+38 -3.4e+38 -3.4e+38 -3.4e+38 -3.4e+38 -3.4e+38 -3.4e+38 -3.4e+38 -3.4e+38 -3.4e+38 -3.4e+38 -3.4e+38 -3.4e+38 -3.4e+38 -3.4e+38 -3.4e+38 -3.4e+38 -3.4e+38 -3.4e+38 -3.4e+38 -3.4e+38 -3.4e+38 -3.4e+38 -3.4e+38 -3.4e+38 -3.4e+38 -3.4e+38 -3.4e+38 -3.4e+38 -3.4e+38 -3.4e+38 -3.4e+38 -3.4e+38 -3.4e+38 -3.4e+38 -3.4e+38 -3.4e+38 -3.4e+38 -3.4e+38 -3.4e+38 -3.4e+38 -3.4e+38 -3.4e+38 -3.4e+38 -3.4e+38 -3.4e+38
1 1 1 1 1 1 1 1 1 1 1 1 1 2 2 2 2 2 2 2 2 2 2 2 2 1 1 1 1 1 1 1 2 2 2 2 1 2 3 3 3 3 3 6 6 6 6 5 4 4 4 4 6 7 7 7 7 7 7 7 7 8 12 12 11 11 12 13 13 14 18 17 19 22 22 27 29 33 41 51 35 29 31 25 25
1 1 1 1 1 1 1 1 1 1 1 2 1 2 2 2 2 2 2 2 2 2 2 2 2 2 1 1 1 1 1 2 2 2 3 3 3 3 3 3 4 6 6 6 6 6 6 4 4 4 4 5 6 7 7 7 7 7 7 7 8 10 12 12 11 12 12 15 15 14 17 18 19 22 24 29 31 37 53 50 39 34 28 26 24
2 2 2 2 2 2 2 2 2 2 2 2 2 2 2 2 3 3 3 3 2 2 2 2 2 2 1 1 1 1 1 1 2 3 3 3 3 3 3 4 6 6 6 6 6 6 6 6 6 6 4 4 6 7 7 7 7 7 7 7 9 10 11 12 12 14 14 15 15 16 17 19 20 24 25 29 32 32 30 41 37 34 27 25 24
3 3 3 3 3 3 2 2 2 2 2 2 2 3 3 3 3 3 3 3 2 2 2 2 2 1 1 1 1 1 1 1 1 2 2 4 4 3 3 3 4 6 6 6 6 6 6 6 6 6 4 4 6 6 7 7 7 7 7 8 10 10 11 14 13 13 14 15 18 18 17 20 20 26 27 30 33 33 29 36 29 26 27 26 28
3 3 3 3 3 3 3 3 3 3 3 3 3 3 3 3 3 3 3 2 2 2 2 2 2 1 1 1 1 2 2 2 1 2 2 3 3 4 4 4 4 5 6 7 6 6 6 6 6 6 6 6 6 6 7 7 7 7 8 9 10 10 15 14 14 14 14 16 18 17 19 20 24 28 30 32 35 34 29 29 29 29 29 30 30
3 3 3 3 3 3 3 3 3 3 3 3 3 3 3 3 3 3 2 2 2 2 2 2 2 2 1 2 2 2 2 2 2 2 2 2 3 3 4 4 5 5 6 6 8 7 6 6 6 6 6 6 6 6 7 7 7 7 9 10 11 11 16 16 14 14 15 19 18 19 19 20 30 31 33 35 35 35 31 31 31 32 34 33 31
3 3 3 3 3 3 3 3 3 3 3 3 3 3 3 3 3 3 2 2 2 2 2 2 2 2 2 2 2 2 2 2 2 2 2 3 3 3 4 4 4 6 6 7 8 6 6 6 7 6 6 6 6 6 7 7 7 8 9 10 11 15 16 17 17 17 18 19 19 19 20 23 25 34 36 37 36 31 31 32 34 37 36 34 35
3 3 3 3 3 3 3 3 3 3 3 3 3 3 3 3 3 3 2 2 2 2 2 2 2 2 2 2 2 2 3 2 2 2 3 4 4 4 4 4 4 6 6 8 7 7 6 7 7 6 6 6 6 6 6 7 7 8 9 11 11 12 17 17 17 19 20 19 19 20 22 25 28 33 35 34 31 33 32 31 32 35 37 36 35
3 3 3 3 3 3 3 3 3 3 3 3 3 3 3 3 3 3 3 2 2 2 2 2 2 2 2 2 2 3 4 2 2 4 4 4 4 4 4 4 4 6 7 8 8 8 7 8 8 6 6 6 6 6 6 7 8 9 9 11 11 15 19 17 20 20 20 21 21 22 22 25 28 33 30 30 31 32 33 33 33 35 36 36 35
3 3 3 3 3 3 3 3 3 3 3 3 3 3 3 3 3 3 3 3 3 2 2 2 2 2 2 2 3 3 4 4 4 4 4 4 4 4 4 4 5 6 8 8 8 7 6 7 6 6 6 6 6 6 6 7 8 9 9 10 11 12 15 17 18 19 20 21 22 23 23 26 29 33 32 31 31 31 32 33 34 35 35 35 33
4 3 3 3 3 4 3 3 3 3 3 3 3 3 3 3 3 3 3 3 3 2 3 3 3 2 2 3 3 3 4 4 4 4 4 4 4 4 4 6 6 6 8 8 7 6 6 6 6 6 6 6 6 6 6 8 9 9 9 10 11 12 14 16 17 18 20 21 23 23 25 26 29 32 32 33 31 31 31 32 33 35 34 36 36
4 4 4 4 4 4 3 3 3 3 3 3 3 3 3 3 3 3 3 3 3 3 3 3 3 3 3 3 3 3 4 4 4 4 5 5 5 5 5 6 7 8 8 8 8 7 7 6 7 6 6 6 6 6 7 9 9 9 9 11 11 12 14 14 16 20 20 22 23 24 27 27 31 31 30 31 32 32 34 34 38 36 36 36 38
4 4 4 4 4 4 4 4 4 3 3 4 3 3 3 3 3 3 3 3 3 3 3 3 3 3 3 3 3 3 4 4 4 6 7 8 8 7 8 8 8 8 8 8 8 7 7 7 7 7 6 7 7 7 8 9 9 9 10 11 11 13 14 14 18 20 22 22 22 25 27 30 31 31 31 33 34 33 33 36 38 38 37 37 39
4 4 4 4 4 4 4 4 4 4 4 4 3 3 3 3 3 3 3 3 3 3 3 3 3 3 3 3 3 4 4 4 6 7 7 7 7 8 8 8 8 8 8 8 8 8 7 7 7 7 7 7 7 7 8 8 9 10 10 11 13 14 14 14 18 20 22 22 23 26 29 30 30 36 33 33 33 34 34 36 37 37 39 39 40
4 4 4 4 4 4 4 4 4 4 4 4 3 3 3 3 3 3 3 3 3 3 3 3 3 5 4 4 4 4 5 5 7 7 7 7 8 8 8 8 8 8 8 8 7 8 8 8 8 7 7 8 8 8 8 8 9 10 10 12 14 14 14 15 18 23 22 22 24 25 30 30 31 36 37 33 34 35 34 36 37 38 38 40 40
5 5 5 5 7 4 5 6 5 4 4 4 4 4 3 3 3 3 3 3 3 3 3 3 4 4 5 5 5 5 6 7 7 7 7 7 8 8 8 8 8 8 8 8 8 8 8 8 8 8 8 8 8 8 8 8 10 10 12 13 14 14 14 15 16 20 22 24 24 24 27 29 31 33 37 36 36 36 37 38 38 37 38 40 40
7 7 7 7 7 6 7 7 7 5 4 5 5 5 4 4 3 3 3 3 3 3 4 4 4 4 4 5 6 6 7 7 7 7 7 7 7 7 7 8 8 8 8 8 8 8 8 8 8 9 9 9 8 8 8 9 10 10 13 14 14 14 15 16 18 21 23 24 24 24 25 29 31 32 37 37 36 36 37 38 38 39 40 41 42
7 7 7 6 6 7 7 7 7 7 5 5 5 5 5 4 3 3 3 3 4 4 4 4 4 4 5 6 6 7 7 7 8 7 7 7 7 7 7 8 8 8 8 8 8 8 9 8 8 8 8 8 8 9 9 9 9 11 13 14 14 14 16 16 21 20 23 24 24 25 27 30 31 33 36 39 36 36 36 38 38 38 39 41 41
7 7 7 7 7 7 7 7 7 6 5 5 5 5 5 5 4 3 3 4 4 4 4 4 4 4 6 6 6 6 6 7 7 7 7 7 7 7 7 7 8 8 8 8 8 8 9 9 9 9 9 9 9 9 9 9 10 12 12 14 14 15 16 17 20 19 23 23 24 25 27 30 32 33 35 37 37 37 39 38 39 38 39 41 41
7 7 7 7 7 7 7 7 7 6 6 6 5 5 5 5 5 5 5 5 5 4 5 5 5 5 6 6 7 7 6 6 7 7 7 7 7 7 7 7 8 8 8 8 8 8 9 9 9 9 9 9 9 9 9 10 10 12 13 14 15 16 16 17 19 20 22 23 25 26 27 30 32 33 37 37 38 38 39 39 40 39 39 41 43
8 7 7 7 8 7 7 7 7 7 6 6 6 5 5 5 5 5 5 5 5 5 5 5 5 5 6 6 7 7 7 7 7 7 7 7 7 7 7 7 8 8 9 9 9 9 9 9 9 9 9 9 9 10 10 10 11 12 14 15 16 16 16 17 18 22 22 24 25 26 28 30 30 33 34 37 37 38 39 39 39 40 40 41 43
8 8 8 8 8 7 7 7 7 7 7 6 7 6 5 5 5 5 5 5 5 5 5 5 5 5 6 6 6 6 7 7 7 7 7 7 7 7 7 9 9 10 9 9 9 9 9 9 9 9 10 10 10 11 11 11 11 14 15 16 16 16 17 17 19 21 24 24 25 27 29 30 31 31 34 37 37 38 39 40 39 40 43 41 43
8 8 8 8 8 8 8 7 7 7 7 7 7 7 6 6 5 5 5 5 5 5 5 5 5 5 6 6 7 7 7 7 7 7 7 7 7 9 10 10 10 10 10 10 10 10 10 10 10 10 10 11 11 11 11 11 12 13 16 16 16 17 18 19 20 21 24 24 25 27 28 30 31 31 34 37 38 39 40 40 40 41 44 43 45
8 8 8 8 8 8 8 8 8 8 7 7 7 7 7 7 6 5 5 5 5 5 5 5 6 7 7 7 7 7 7 7 7 7 8 9 9 9 9 10 10 10 10 10 10 10 10 10 10 10 11 11 11 11 11 13 14 15 16 17 17 17 18 19 21 22 24 24 24 26 28 30 31 31 33 38 39 41 40 42 44 44 44 46 46
9 9 9 9 8 8 8 8 8 8 8 7 7 7 7 7 6 6 6 6 5 5 5 6 6 7 9 9 8 8 8 9 9 9 9 9 9 9 9 10 10 10 10 10 10 10 10 10 11 11 11 11 11 11 11 14 14 14 16 17 17 18 19 20 22 23 24 25 25 26 28 30 31 33 33 36 39 41 41 45 46 45 45 47 47
9 9 9 9 9 9 9 8 8 8 8 8 8 8 7 7 7 7 6 7 6 7 8 9 9 9 9 9 9 9 9 9 9 9 9 9 9 9 10 10 10 10 10 10 10 11 11 11 11 11 11 11 12 12 14 14 14 15 16 17 18 19 19 20 23 24 25 25 26 26 29 29 32 33 36 38 40 41 44 45 45 48 46 47 54
10 10 10 9 9 9 9 9 10 9 8 8 8 8 8 9 8 8 8 8 8 8 9 9 9 9 9 9 9 9 9 9 9 9 9 9 10 10 11 11 11 11 11 11 11 11 11 11 11 11 11 12 14 14 14 14 14 15 16 19 19 19 19 21 23 23 25 25 27 28 28 29 33 33 37 39 39 40 44 47 47 48 48 49 50
10 11 11 11 11 11 10 10 10 10 10 10 9 9 9 9 9 8 9 8 8 8 9 9 9 9 9 9 10 10 10 10 10 10 10 10 11 12 12 11 11 12 12 12 12 11 12 12 12 12 12 13 13 14 14 14 15 16 18 18 19 19 20 22 24 24 25 27 27 28 29 31 33 34 38 41 40 41 46 46 47 47 55 56 51
12 11 11 11 11 11 11 11 11 10 10 10 10 9 9 9 9 9 9 8 8 8 8 9 9 9 10 10 10 10 11 11 11 11 11 11 12 12 12 12 12 12 12 12 12 12 12 12 13 13 13 13 14 14 14 15 16 16 18 18 19 20 21 23 24 24 27 27 28 29 30 31 33 35 38 40 40 41 46 46 49 49 59 63 50
12 12 12 12 12 12 11 11 11 11 11 11 10 10 10 9 9 9 9 9 9 9 9 10 10 10 10 10 11 11 11 12 12 12 13 12 12 12 11 11 12 12 12 12 13 13 13 13 13 13 13 14 15 15 16 16 16 17 18 19 19 21 22 24 25 26 27 27 29 30 30 31 34 36 38 40 40 42 45 48 48 49 49 50 53
13 12 12 12 12 12 12 12 11 11 11 11 10 10 10 10 9 9 9 9 9 9 9 10 10 10 11 12 12 12 12 12 12 13 13 11 12 12 11 12 13 13 13 13 13 13 13 13 13 14 16 16 16 16 17 17 17 17 18 20 20 20 24 24 26 26 26 29 30 30 31 32 34 35 40 40 40 43 46 47 48 49 49 51 52
13 13 13 13 13 12 12 12 12 12 11 11 11 11 11 10 10 10 11 12 9 10 9 9 11 10 12 12 12 12 12 12 12 12 12 12 12 12 12 13 14 13 13 13 14 13 13 14 16 16 16 16 16 16 17 17 17 19 19 20 20 22 24 26 26 26 27 30 30 31 32 33 33 38 38 41 42 49 46 47 47 49 51 51 54
14 13 13 13 13 13 13 13 13 12 12 12 12 11 11 11 10 11 11 11 11 11 12 11 12 12 12 12 12 12 13 13 12 13 13 12 12 12 14 14 14 14 14 14 15 15 15 16 16 16 16 17 17 17 17 19 19 19 19 21 22 22 25 26 27 28 29 31 31 32 33 33 34 38 39 41 43 45 47 48 48 49 52 55 55
14 14 14 14 14 14 14 14 13 13 13 13 12 12 12 11 11 12 12 11 13 11 13 12 12 12 13 13 13 13 13 13 14 14 14 13 13 13 13 14 14 15 15 15 16 15 16 16 16 16 17 18 18 18 18 19 19 19 19 22 24 25 25 27 28 28 30 30 32 33 33 35 35 37 40 42 42 45 48 48 50 50 50 53 56
16 16 16 16 15 14 14 14 14 14 14 13 13 13 13 13 13 13 12 12 12 12 12 12 12 12 12 14 14 14 13 14 14 14 14 14 14 14 13 14 15 15 16 15 16 16 16 16 18 18 18 19 19 19 19 19 19 20 20 24 25 25 26 28 28 29 30 32 33 33 35 35 37 38 40 42 43 45 49 50 51 52 52 55 59
