rasterData/Sudan_bio12.asc
NCOLS 202 
NROWS 163 
XLLCORNER 21.809448692 
YLLCORNER 8.681641793 
CELLSIZE 0.0831293288316832 
NODATA_value -3.4e+38 
[rows 114 to 151 of 163, columns 0 to 84 of 202]
550 549 550 553 -3.4e+38 572 564 565 561 560 575 565 566 566 579 605 612 614 607 602 604 618 614 615 610 611 600 571 547 528 514 492 469 444 423 402 384 368 355 343 334 325 318 314 310 307 303 299 300 299 296 296 297 296 296 294 294 295 295 295 298 298 298 297 299 302 304 305 307 309 311 315 317 320 321 327 332 337 345 356 364 369 373 378 385
-3.4e+38 -3.4e+38 -3.4e+38 -3.4e+38 -3.4e+38 -3.4e+38 -3.4e+38 569 571 567 575 580 591 605 604 613 615 600 604 613 625 627 631 634 619 608 588 556 526 508 494 475 458 441 423 403 390 370 357 347 340 332 325 319 316 313 312 308 306 304 303 303 305 308 303 302 302 304 303 303 304 304 306 308 308 308 311 314 314 317 320 325 325 327 330 335 340 345 352 361 372 379 385 392 395
-3.4e+38 -3.4e+38 -3.4e+38 -3.4e+38 -3.4e+38 -3.4e+38 -3.4e+38 571 577 574 574 579 583 594 603 603 594 595 602 620 639 639 631 637 625 602 571 538 512 491 481 467 452 437 422 405 388 373 360 351 344 339 332 325 321 319 317 316 313 311 311 312 310 312 308 308 308 313 308 310 313 312 314 315 315 317 321 321 322 325 329 330 332 335 337 343 346 352 362 367 375 380 390 404 410
-3.4e+38 -3.4e+38 -3.4e+38 -3.4e+38 -3.4e+38 -3.4e+38 -3.4e+38 579 584 582 578 582 589 613 607 596 590 597 616 624 643 648 645 631 603 587 561 530 508 488 473 463 449 437 421 406 389 375 361 354 348 342 337 332 330 327 322 321 322 320 317 318 317 317 317 315 319 318 317 318 321 319 323 324 326 327 329 331 332 334 339 339 342 342 344 347 352 359 366 375 382 389 398 411 420
-3.4e+38 -3.4e+38 -3.4e+38 -3.4e+38 -3.4e+38 -3.4e+38 -3.4e+38 583 589 594 587 588 587 600 597 591 590 597 608 620 640 638 634 615 582 567 553 527 508 488 474 462 448 437 420 407 394 382 369 358 352 349 343 338 337 335 332 331 331 327 326 325 326 326 324 325 325 323 325 326 330 329 329 332 333 336 336 337 340 343 344 347 349 352 353 356 361 365 373 380 389 397 407 416 425
-3.4e+38 -3.4e+38 -3.4e+38 -3.4e+38 -3.4e+38 -3.4e+38 -3.4e+38 589 597 600 594 593 595 595 591 593 604 619 629 644 647 631 623 605 574 561 543 524 508 491 476 463 450 436 420 408 396 385 376 366 359 353 348 346 344 343 341 340 339 335 334 335 336 334 334 332 333 333 335 336 339 338 339 339 341 343 345 346 347 353 353 355 357 361 361 363 367 374 381 387 398 407 415 425 437
-339999999999999996123846586046231871488.000000000000000 -3.4e+38 -3.4e+38 -3.4e+38 -3.4e+38 -3.4e+38 -3.4e+38 -3.4e+38 603 604 599 597 601 602 604 608 619 637 648 652 646 632 608 600 578 556 537 522 511 495 480 466 454 438 423 410 396 388 381 373 366 359 358 356 353 350 351 349 347 345 343 343 342 342 343 344 340 340 343 345 348 348 347 347 351 353 354 355 358 360 363 363 367 368 367 370 375 381 386 395 409 417 423 436 443
-3.4e+38 -3.4e+38 -3.4e+38 -3.4e+38 -3.4e+38 -3.4e+38 -3.4e+38 -3.4e+38 609 604 606 609 608 611 612 618 625 634 644 644 637 629 602 592 573 554 541 526 515 502 485 469 457 444 431 409 397 391 387 380 375 370 367 365 361 362 360 357 356 353 354 354 353 352 353 350 350 349 351 353 354 356 355 356 360 363 366 364 364 369 371 372 376 375 376 378 385 386 397 407 419 427 435 441 450
-3.4e+38 -3.4e+38 -3.4e+38 -3.4e+38 -3.4e+38 -3.4e+38 -3.4e+38 -3.4e+38 -3.4e+38 612 609 611 615 617 619 620 624 631 630 627 625 614 599 587 574 559 544 529 518 507 490 476 465 448 436 421 409 394 392 388 383 380 378 376 375 373 370 368 366 366 365 365 363 362 362 362 361 363 363 362 364 367 366 367 369 372 372 371 375 377 381 381 385 384 386 390 394 399 409 420 433 442 447 450 458
-3.4e+38 -3.4e+38 -3.4e+38 -3.4e+38 -3.4e+38 -3.4e+38 -3.4e+38 -3.4e+38 -3.4e+38 618 618 618 618 621 625 623 627 631 631 633 622 609 598 584 573 561 551 541 525 514 503 487 473 457 442 429 419 408 402 397 392 390 389 386 385 379 379 377 377 377 374 374 372 372 372 373 373 373 372 373 374 376 376 377 379 381 381 382 385 385 388 391 392 394 398 402 410 417 424 435 443 451 455 460 475
-3.4e+38 -3.4e+38 -3.4e+38 -3.4e+38 -3.4e+38 -3.4e+38 -3.4e+38 -3.4e+38 -3.4e+38 630 625 627 631 632 631 632 636 637 640 637 627 612 596 587 579 569 558 549 535 524 514 498 486 469 454 442 434 426 420 411 407 406 400 399 396 391 390 388 387 388 385 383 383 385 385 383 382 382 382 383 384 384 386 387 388 391 389 395 396 398 399 403 404 407 410 416 424 431 442 443 454 461 465 474 487
-3.4e+38 -3.4e+38 -3.4e+38 -3.4e+38 -3.4e+38 -3.4e+38 -3.4e+38 -3.4e+38 -3.4e+38 640 637 638 641 645 643 642 642 645 645 636 625 612 599 592 585 577 567 559 547 538 526 515 499 485 471 457 453 442 436 432 424 421 413 412 409 404 403 400 398 396 394 393 392 391 392 391 391 391 391 391 396 394 395 396 399 402 402 403 404 409 410 413 415 418 421 428 434 447 455 457 463 470 476 488 501
-3.4e+38 -3.4e+38 -3.4e+38 -3.4e+38 -3.4e+38 -3.4e+38 -3.4e+38 -3.4e+38 -3.4e+38 650 649 649 648 651 652 653 652 652 649 640 633 619 607 598 591 583 577 567 559 553 542 528 516 500 489 480 469 464 458 450 442 434 430 424 420 415 414 412 409 408 404 405 404 403 403 403 402 400 400 402 404 405 404 406 409 412 413 412 415 419 420 421 426 430 434 440 448 456 463 464 473 480 490 501 511
-3.4e+38 -3.4e+38 -3.4e+38 -3.4e+38 -3.4e+38 -3.4e+38 -3.4e+38 -3.4e+38 -3.4e+38 661 662 660 658 654 652 649 650 645 643 641 640 626 614 606 597 591 585 579 573 566 555 545 532 518 510 499 486 477 469 461 453 446 442 438 434 429 427 424 420 419 417 415 415 413 413 411 411 412 412 411 412 415 417 419 420 422 423 424 425 431 430 434 439 442 445 453 462 465 466 480 490 498 504 515 525
-3.4e+38 -3.4e+38 -3.4e+38 -3.4e+38 -3.4e+38 -3.4e+38 -3.4e+38 -3.4e+38 -3.4e+38 665 661 659 658 652 651 647 647 646 646 646 636 629 623 613 608 602 597 589 585 579 568 561 548 534 526 515 503 493 486 476 467 464 457 455 448 445 438 438 433 431 429 425 423 424 425 422 422 423 424 424 425 427 426 429 431 433 434 437 440 442 442 446 451 456 459 466 472 474 490 495 508 513 527 538 540
-3.4e+38 -3.4e+38 -3.4e+38 -3.4e+38 -3.4e+38 -3.4e+38 -3.4e+38 -3.4e+38 -3.4e+38 -3.4e+38 -3.4e+38 655 657 651 651 653 651 648 645 642 635 633 628 619 615 609 606 599 596 591 582 574 564 555 542 532 520 507 501 494 487 480 473 467 462 459 454 449 448 443 441 438 438 435 435 436 434 434 435 435 437 440 440 440 441 444 447 448 451 452 453 459 462 468 468 476 478 492 508 515 522 528 541 548 551
-3.4e+38 -3.4e+38 -3.4e+38 -3.4e+38 -3.4e+38 -3.4e+38 -3.4e+38 -3.4e+38 -3.4e+38 -3.4e+38 -3.4e+38 -3.4e+38 -3.4e+38 654 656 652 650 650 643 642 637 634 633 627 623 618 615 612 609 601 596 588 579 572 556 543 534 526 518 511 505 497 491 484 478 473 470 464 463 457 453 450 449 444 446 447 446 449 447 447 449 449 453 453 454 455 458 459 463 466 468 471 475 477 484 492 497 507 519 528 530 539 546 556 560
-3.4e+38 -3.4e+38 -3.4e+38 -3.4e+38 -3.4e+38 -3.4e+38 -3.4e+38 -3.4e+38 -3.4e+38 -3.4e+38 -3.4e+38 -3.4e+38 -3.4e+38 662 654 650 648 651 647 643 640 637 637 634 635 629 620 621 615 611 610 598 589 582 569 558 550 544 537 529 522 514 507 501 494 490 486 481 476 470 468 464 462 460 459 460 460 466 458 460 459 461 462 464 465 469 469 473 472 473 479 485 487 492 497 501 511 523 528 540 542 549 556 562 568
-3.4e+38 -3.4e+38 -3.4e+38 -3.4e+38 -3.4e+38 -3.4e+38 -3.4e+38 -3.4e+38 -3.4e+38 -3.4e+38 -3.4e+38 -3.4e+38 -3.4e+38 662 654 652 653 652 652 647 642 643 638 641 641 638 630 624 620 618 616 611 598 589 583 575 568 561 553 548 541 533 525 518 513 507 501 497 494 488 480 478 479 477 473 473 475 474 473 472 473 474 476 476 480 480 484 486 486 487 489 494 498 505 510 510 521 533 538 549 554 559 572 569 584
-3.4e+38 -3.4e+38 -3.4e+38 -3.4e+38 -3.4e+38 -3.4e+38 -3.4e+38 -3.4e+38 -3.4e+38 -3.4e+38 -3.4e+38 -3.4e+38 -3.4e+38 662 658 656 655 655 654 655 651 648 646 646 641 642 638 632 630 627 625 619 612 604 595 591 585 577 571 565 557 552 542 535 529 524 519 514 510 504 498 495 493 492 490 489 487 487 488 486 484 487 488 490 491 493 495 497 500 502 503 507 513 516 519 524 530 541 552 560 563 573 578 581 594
-3.4e+38 -3.4e+38 -3.4e+38 -3.4e+38 -3.4e+38 -3.4e+38 -3.4e+38 -3.4e+38 -3.4e+38 -3.4e+38 -3.4e+38 -3.4e+38 -3.4e+38 666 667 665 664 665 663 658 665 662 657 649 645 645 646 640 638 635 633 628 621 617 613 606 601 595 589 581 574 566 560 551 545 542 534 529 526 521 514 512 509 505 505 502 501 501 501 501 499 499 500 500 504 506 508 512 512 512 517 521 524 527 532 537 543 549 560 572 574 583 591 602 606
-3.4e+38 -3.4e+38 -3.4e+38 -3.4e+38 -3.4e+38 -3.4e+38 -3.4e+38 -3.4e+38 -3.4e+38 -3.4e+38 -3.4e+38 -3.4e+38 672 670 669 667 668 672 670 671 665 665 664 656 658 655 653 651 648 647 642 639 633 630 625 619 617 612 606 599 592 584 577 569 558 556 550 544 541 535 529 526 524 520 518 515 514 514 514 512 511 512 512 512 515 518 523 523 525 528 531 533 537 541 544 547 552 559 568 578 590 591 597 606 616
-3.4e+38 -3.4e+38 -3.4e+38 -3.4e+38 -3.4e+38 -3.4e+38 -3.4e+38 -3.4e+38 -3.4e+38 -3.4e+38 -3.4e+38 -3.4e+38 678 678 677 674 673 671 670 672 669 673 669 661 664 660 660 657 656 655 653 646 647 643 633 632 627 627 623 619 611 602 594 586 576 571 564 561 557 551 547 542 538 537 532 529 529 527 527 527 526 526 526 526 528 535 537 539 538 538 539 542 548 554 557 561 565 570 577 588 599 604 603 615 636
-3.4e+38 -3.4e+38 -3.4e+38 -3.4e+38 -3.4e+38 -3.4e+38 -3.4e+38 -3.4e+38 -3.4e+38 -3.4e+38 -3.4e+38 -3.4e+38 -3.4e+38 686 685 683 677 672 671 672 668 667 665 669 668 668 668 668 663 660 658 655 655 652 647 641 640 638 637 637 630 618 610 601 592 584 578 576 572 566 562 557 553 551 546 544 541 540 540 540 539 541 541 539 540 544 549 552 554 552 557 560 561 565 569 574 578 583 587 596 608 613 614 624 636
-3.4e+38 -3.4e+38 -3.4e+38 -3.4e+38 -3.4e+38 -3.4e+38 -3.4e+38 -3.4e+38 -3.4e+38 -3.4e+38 -3.4e+38 -3.4e+38 -3.4e+38 -3.4e+38 690 688 680 678 676 677 671 671 676 676 674 672 671 669 670 667 665 661 662 660 658 655 651 647 644 644 639 634 623 614 604 596 593 587 585 582 576 571 567 562 558 556 555 552 551 550 551 556 558 554 557 558 562 565 568 569 570 570 574 578 582 584 590 595 596 602 611 617 622 632 641
-3.4e+38 -3.4e+38 -3.4e+38 -3.4e+38 -3.4e+38 -3.4e+38 -3.4e+38 -3.4e+38 -3.4e+38 -3.4e+38 -3.4e+38 -3.4e+38 -3.4e+38 -3.4e+38 -3.4e+38 686 686 683 679 677 680 680 680 680 678 677 676 674 676 674 673 669 669 670 667 667 663 657 653 653 649 642 636 625 616 610 605 600 598 593 589 585 581 577 574 574 571 568 568 568 566 568 570 568 566 572 575 579 581 582 582 584 587 590 590 597 602 608 607 610 615 624 632 639 645
-3.4e+38 -3.4e+38 -3.4e+38 -3.4e+38 -3.4e+38 -3.4e+38 -3.4e+38 -3.4e+38 -3.4e+38 -3.4e+38 -3.4e+38 -3.4e+38 -3.4e+38 -3.4e+38 -3.4e+38 -3.4e+38 688 685 681 684 686 685 685 682 683 682 683 681 681 680 681 677 678 676 676 675 674 669 664 661 655 651 646 638 630 624 620 615 609 604 600 599 594 591 590 587 587 585 584 583 583 581 580 582 581 583 590 594 595 597 599 598 601 602 605 610 614 617 618 619 623 630 641 645 650
-3.4e+38 -3.4e+38 -3.4e+38 -3.4e+38 -3.4e+38 -3.4e+38 -3.4e+38 -3.4e+38 -3.4e+38 -3.4e+38 -3.4e+38 -3.4e+38 -3.4e+38 -3.4e+38 -3.4e+38 -3.4e+38 -3.4e+38 688 690 690 690 690 689 689 689 689 688 688 687 688 685 684 685 684 685 683 683 679 675 672 667 661 658 650 646 639 633 629 625 620 615 611 608 606 601 602 602 601 600 600 598 596 594 594 595 598 603 605 609 609 612 612 615 616 617 622 624 626 631 630 629 635 641 649 653
-3.4e+38 -3.4e+38 -3.4e+38 -3.4e+38 -3.4e+38 -3.4e+38 -3.4e+38 -3.4e+38 -3.4e+38 -3.4e+38 -3.4e+38 -3.4e+38 -3.4e+38 -3.4e+38 -3.4e+38 -3.4e+38 -3.4e+38 -3.4e+38 697 696 694 697 696 696 696 697 697 699 699 695 691 690 690 689 692 691 691 687 682 678 676 671 668 663 658 -3.4e+38 -3.4e+38 -3.4e+38 -3.4e+38 637 632 629 626 621 620 613 613 611 611 611 608 607 608 610 610 613 617 620 621 620 622 626 627 628 628 629 637 639 641 639 643 647 650 651 657
-3.4e+38 -3.4e+38 -3.4e+38 -3.4e+38 -3.4e+38 -3.4e+38 -3.4e+38 -3.4e+38 -3.4e+38 -3.4e+38 -3.4e+38 -3.4e+38 -3.4e+38 -3.4e+38 -3.4e+38 -3.4e+38 -3.4e+38 -3.4e+38 -3.4e+38 711 709 708 708 704 706 708 707 707 706 705 701 699 698 699 700 700 699 693 691 -3.4e+38 -3.4e+38 -3.4e+38 -3.4e+38 -3.4e+38 -3.4e+38 -3.4e+38 -3.4e+38 -3.4e+38 -3.4e+38 652 647 644 640 637 634 632 630 627 627 624 621 622 621 622 621 623 626 629 632 635 636 638 638 638 638 643 645 648 654 651 654 658 661 663 666
-3.4e+38 -3.4e+38 -3.4e+38 -3.4e+38 -3.4e+38 -3.4e+38 -3.4e+38 -3.4e+38 -3.4e+38 -3.4e+38 -3.4e+38 -3.4e+38 -3.4e+38 -3.4e+38 -3.4e+38 -3.4e+38 -3.4e+38 -3.4e+38 -3.4e+38 722 721 719 718 717 718 717 716 717 718 715 712 710 707 713 709 709 707 701 -3.4e+38 -3.4e+38 -3.4e+38 -3.4e+38 -3.4e+38 -3.4e+38 -3.4e+38 -3.4e+38 -3.4e+38 -3.4e+38 -3.4e+38 667 662 659 655 656 652 648 645 643 642 640 638 637 636 636 636 635 635 639 645 647 649 648 651 651 653 653 654 658 662 658 664 668 669 673 676
-3.4e+38 -3.4e+38 -3.4e+38 -3.4e+38 -3.4e+38 -3.4e+38 -3.4e+38 -3.4e+38 -3.4e+38 -3.4e+38 -3.4e+38 -3.4e+38 -3.4e+38 -3.4e+38 -3.4e+38 -3.4e+38 -3.4e+38 -3.4e+38 -3.4e+38 -3.4e+38 727 732 733 727 725 728 729 727 729 725 721 719 719 719 716 722 717 714 -3.4e+38 -3.4e+38 -3.4e+38 -3.4e+38 -3.4e+38 -3.4e+38 -3.4e+38 -3.4e+38 -3.4e+38 -3.4e+38 -3.4e+38 -3.4e+38 681 675 673 670 667 665 661 657 655 652 651 650 650 650 649 651 650 651 651 655 660 658 660 662 662 666 666 669 672 668 674 680 680 683 685
-3.4e+38 -3.4e+38 -3.4e+38 -3.4e+38 -3.4e+38 -3.4e+38 -3.4e+38 -3.4e+38 -3.4e+38 -3.4e+38 -3.4e+38 -3.4e+38 -3.4e+38 -3.4e+38 -3.4e+38 -3.4e+38 -3.4e+38 -3.4e+38 -3.4e+38 -3.4e+38 737 741 738 736 738 737 740 736 737 733 730 726 730 729 727 731 728 727 -3.4e+38 -3.4e+38 -3.4e+38 -3.4e+38 -3.4e+38 -3.4e+38 -3.4e+38 -3.4e+38 -3.4e+38 -3.4e+38 -3.4e+38 -3.4e+38 -3.4e+38 692 686 691 681 680 677 676 674 672 669 670 668 665 665 665 663 662 662 664 665 666 670 673 674 675 675 678 681 681 682 688 689 694 693
-3.4e+38 -3.4e+38 -3.4e+38 -3.4e+38 -3.4e+38 -3.4e+38 -3.4e+38 -3.4e+38 -3.4e+38 -3.4e+38 -3.4e+38 -3.4e+38 -3.4e+38 -3.4e+38 -3.4e+38 -3.4e+38 -3.4e+38 -3.4e+38 -3.4e+38 -3.4e+38 -3.4e+38 751 748 746 745 747 749 748 747 741 738 739 740 737 738 738 739 738 -3.4e+38 -3.4e+38 -3.4e+38 -3.4e+38 -3.4e+38 -3.4e+38 -3.4e+38 -3.4e+38 -3.4e+38 -3.4e+38 -3.4e+38 -3.4e+38 -3.4e+38 -3.4e+38 701 701 698 696 694 692 689 687 685 682 681 678 678 679 675 676 677 678 679 679 679 681 682 684 685 686 691 691 691 693 696 701 701
-3.4e+38 -3.4e+38 -3.4e+38 -3.4e+38 -3.4e+38 -3.4e+38 -3.4e+38 -3.4e+38 -3.4e+38 -3.4e+38 -3.4e+38 -3.4e+38 -3.4e+38 -3.4e+38 -3.4e+38 -3.4e+38 -3.4e+38 -3.4e+38 -3.4e+38 -3.4e+38 -3.4e+38 -3.4e+38 759 759 760 757 760 759 757 753 749 747 746 745 745 746 748 -3.4e+38 -3.4e+38 -3.4e+38 -3.4e+38 -3.4e+38 -3.4e+38 -3.4e+38 -3.4e+38 -3.4e+38 -3.4e+38 -3.4e+38 -3.4e+38 -3.4e+38 -3.4e+38 -3.4e+38 -3.4e+38 717 713 712 710 707 702 702 700 697 695 694 694 692 691 690 691 691 690 690 689 693 694 695 696 697 699 698 699 703 706 709 712
-3.4e+38 -3.4e+38 -3.4e+38 -3.4e+38 -3.4e+38 -3.4e+38 -3.4e+38 -3.4e+38 -3.4e+38 -3.4e+38 -3.4e+38 -3.4e+38 -3.4e+38 -3.4e+38 -3.4e+38 -3.4e+38 -3.4e+38 -3.4e+38 -3.4e+38 -3.4e+38 -3.4e+38 -3.4e+38 773 775 775 768 769 766 763 756 756 751 751 753 753 753 -3.4e+38 -3.4e+38 -3.4e+38 -3.4e+38 -3.4e+38 -3.4e+38 -3.4e+38 -3.4e+38 -3.4e+38 -3.4e+38 -3.4e+38 -3.4e+38 -3.4e+38 -3.4e+38 -3.4e+38 -3.4e+38 -3.4e+38 -3.4e+38 732 727 726 722 721 718 715 715 713 712 709 704 703 702 703 704 702 702 704 704 704 705 707 709 707 710 711 713 716 720 718
-3.4e+38 -3.4e+38 -3.4e+38 -3.4e+38 -3.4e+38 -3.4e+38 -3.4e+38 -3.4e+38 -3.4e+38 -3.4e+38 -3.4e+38 -3.4e+38 -3.4e+38 -3.4e+38 -3.4e+38 -3.4e+38 -3.4e+38 -3.4e+38 -3.4e+38 -3.4e+38 -3.4e+38 -3.4e+38 794 791 785 781 780 774 772 769 766 765 766 764 760 764 -3.4e+38 -3.4e+38 -3.4e+38 -3.4e+38 -3.4e+38 -3.4e+38 -3.4e+38 -3.4e+38 -3.4e+38 -3.4e+38 -3.4e+38 -3.4e+38 -3.4e+38 -3.4e+38 -3.4e+38 -3.4e+38 -3.4e+38 -3.4e+38 -3.4e+38 748 742 739 739 735 741 730 725 721 719 718 718 718 718 717 713 718 716 716 716 716 717 718 719 722 723 722 723 723 725
-3.4e+38 -3.4e+38 -3.4e+38 -3.4e+38 -3.4e+38 -3.4e+38 -3.4e+38 -3.4e+38 -3.4e+38 -3.4e+38 -3.4e+38 -3.4e+38 -3.4e+38 -3.4e+38 -3.4e+38 -3.4e+38 -3.4e+38 -3.4e+38 -3.4e+38 -3.4e+38 -3.4e+38 -3.4e+38 831 809 799 795 791 790 786 779 778 777 772 770 771 776 -3.4e+38 -3.4e+38 -3.4e+38 -3.4e+38 -3.4e+38 -3.4e+38 -3.4e+38 -3.4e+38 -3.4e+38 -3.4e+38 -3.4e+38 -3.4e+38 -3.4e+38 -3.4e+38 -3.4e+38 -3.4e+38 -3.4e+38 -3.4e+38 -3.4e+38 -3.4e+38 759 755 751 749 744 742 740 737 736 735 734 731 732 732 730 727 725 726 726 728 728 728 728 730 730 730 734 736 734
