rasterData/Sudan_bio8.asc
NCOLS 202 
NROWS 163 
XLLCORNER 21.809448692 
YLLCORNER 8.681641793 
CELLSIZE 0.0831293288316832 
NODATA_value -3.4e+38 
[rows 63 to 83 of 163, columns 144 to 191 of 202]
32.9278335571289 32.7750015258789 32.7141647338867 32.7335014343262 32.6983337402344 32.75 32.7726669311523 32.7690010070801 32.72216796875 32.6408309936523 32.5724983215332 32.4941673278809 32.433666229248 32.349666595459 32.162166595459 32.0460014343262 32.0424995422363 32.0161666870117 31.9586658477783 31.9095001220703 31.8703327178955 31.7406673431396 31.6785011291504 31.6713333129883 31.5398330688477 31.4790000915527 31.4106674194336 31.2956676483154 31.1863327026367 31.0779991149902 31.0305004119873 31.2358341217041 31.4393329620361 31.5056667327881 31.4398326873779 31.2999992370605 30.94700050354 30.5949993133545 30.0813331604004 -3.4e+38 -3.4e+38 -3.4e+38 -3.4e+38 -3.4e+38 -3.4e+38 -3.4e+38 -3.4e+38 -3.4e+38
32.8443336486816 32.7138328552246 32.5991668701172 32.5374984741211 32.5548324584961 32.6435012817383 32.634334564209 32.6245002746582 32.5791664123535 32.5330009460449 32.4763336181641 32.3696670532227 32.3355026245117 32.288501739502 32.1348342895508 31.9948348999023 31.9736671447754 31.9631671905518 31.916166305542 31.8516674041748 31.828332901001 31.7824993133545 31.7801666259766 31.7121677398682 31.5706672668457 31.5104999542236 31.4249992370605 31.2623329162598 31.1564998626709 31.0778331756592 31.0478324890137 31.1251678466797 31.3088340759277 31.3781661987305 31.3064994812012 31.1281661987305 30.8911666870117 30.6165008544922 30.1284999847412 -3.4e+38 -3.4e+38 -3.4e+38 -3.4e+38 -3.4e+38 -3.4e+38 -3.4e+38 -3.4e+38 -3.4e+38
32.7531661987305 32.6853332519531 32.5200004577637 32.4681663513184 32.5201644897461 32.5338325500488 32.5304985046387 32.513500213623 32.4673347473145 32.4244995117188 32.4141654968262 32.2934989929199 32.2488327026367 32.2046661376953 32.1121673583984 31.9710006713867 31.9183330535889 31.8980007171631 31.8891658782959 31.8358325958252 31.7728328704834 31.7701663970947 31.7136669158936 31.7038345336914 31.6223335266113 31.4966659545898 31.3816680908203 31.2679996490479 31.2229995727539 31.1520004272461 31.0936660766602 31.1056671142578 31.2259998321533 31.2670001983643 31.1211681365967 30.933666229248 30.6989994049072 30.4933338165283 29.890998840332 -3.4e+38 -3.4e+38 -3.4e+38 -3.4e+38 -3.4e+38 -3.4e+38 -3.4e+38 -3.4e+38 -3.4e+38
32.6093330383301 32.5938339233398 32.4410018920898 32.4006652832031 32.4275016784668 32.3713340759277 32.4181671142578 32.4038352966309 32.3351669311523 32.3064994812012 32.2823333740234 32.2164993286133 32.1641654968262 32.1013336181641 32.011833190918 31.9251670837402 31.8250007629395 31.8385009765625 31.8313331604004 31.8241672515869 31.7609996795654 31.7264995574951 31.6573333740234 31.6651668548584 31.6119995117188 31.5043334960938 31.3643341064453 31.2531661987305 31.2179985046387 31.1624984741211 31.1161670684814 31.0913333892822 31.0795001983643 31.1218338012695 30.9519996643066 30.7426662445068 30.5666656494141 30.2588329315186 29.5468330383301 -3.4e+38 -3.4e+38 -3.4e+38 -3.4e+38 -3.4e+38 -3.4e+38 -3.4e+38 -3.4e+38 -3.4e+38
32.3974990844727 32.4029998779297 32.2594985961914 32.2154998779297 32.2436676025391 32.2453346252441 32.3103332519531 32.2676658630371 32.2065010070801 32.1549987792969 32.1705017089844 32.1394996643066 32.0511665344238 32.0016670227051 31.9281673431396 31.8759994506836 31.8188323974609 31.7133331298828 31.7609996795654 31.7690010070801 31.720666885376 31.6816654205322 31.6148338317871 31.6124992370605 31.5594997406006 31.4578342437744 31.3543319702148 31.2448329925537 31.1630001068115 31.1029987335205 31.0841674804688 31.0853328704834 31.0181674957275 30.9503345489502 30.8308334350586 30.6655006408691 30.2309989929199 30.1044998168945 -3.4e+38 -3.4e+38 -3.4e+38 -3.4e+38 -3.4e+38 -3.4e+38 -3.4e+38 -3.4e+38 -3.4e+38 -3.4e+38
32.2203330993652 32.2241668701172 32.1581649780273 32.0841674804688 32.056999206543 32.1171646118164 32.1785011291504 32.1386680603027 32.110668182373 32.0793342590332 32.0438346862793 32.0094985961914 31.9756679534912 31.8976669311523 31.8281669616699 31.8055000305176 31.7798347473145 31.7083339691162 31.6448345184326 31.666166305542 31.6686668395996 31.625 31.595832824707 31.5693340301514 31.5026664733887 31.3899993896484 31.2868328094482 31.1896667480469 31.1075000762939 30.9803333282471 31.07200050354 31.0415000915527 30.9406661987305 30.8473339080811 30.7740001678467 30.5821666717529 30.2743339538574 30.1254997253418 -3.4e+38 -3.4e+38 -3.4e+38 -3.4e+38 -3.4e+38 -3.4e+38 -3.4e+38 -3.4e+38 -3.4e+38 -3.4e+38
32.0643310546875 32.017333984375 31.9933338165283 31.9195003509521 31.9204998016357 31.966667175293 32.022331237793 32.0099983215332 31.9925003051758 31.9866676330566 31.9265003204346 31.8769989013672 31.8886661529541 31.7986660003662 31.7188339233398 31.6958332061768 31.6666660308838 31.6474990844727 31.594165802002 31.611499786377 31.6089992523193 31.5735015869141 31.5235004425049 31.4769992828369 31.3996658325195 31.3185005187988 31.242000579834 31.1481666564941 31.0016670227051 30.7674999237061 30.9903335571289 31.019832611084 30.904167175293 30.8066673278809 30.6531677246094 30.4476661682129 30.1401653289795 29.845666885376 -3.4e+38 -3.4e+38 -3.4e+38 -3.4e+38 -3.4e+38 -3.4e+38 -3.4e+38 -3.4e+38 -3.4e+38 -3.4e+38
31.888500213623 31.8290004730225 31.7894992828369 31.7556667327881 31.7468338012695 31.7998332977295 31.8216667175293 31.8374996185303 31.8168334960938 31.780834197998 31.7534999847412 31.746166229248 31.7335014343262 31.7040004730225 31.6259994506836 31.6006660461426 31.6084995269775 31.5671672821045 31.5233325958252 31.519832611084 31.5318336486816 31.4976654052734 31.4531669616699 31.3635005950928 31.2883338928223 31.2241668701172 31.1568336486816 31.0863342285156 30.9171657562256 30.7883338928223 30.9038333892822 30.9028339385986 30.8296661376953 30.6856670379639 30.609167098999 30.4488334655762 30.2304992675781 29.6601657867432 -3.4e+38 -3.4e+38 -3.4e+38 -3.4e+38 -3.4e+38 -3.4e+38 -3.4e+38 -3.4e+38 -3.4e+38 -3.4e+38
31.6216659545898 31.6351661682129 31.5920009613037 31.5733337402344 31.5459995269775 31.5828323364258 31.5901660919189 31.6278324127197 31.6216678619385 31.6161651611328 31.5936660766602 31.5931663513184 31.609001159668 31.5841674804688 31.5286674499512 31.5328330993652 31.5138339996338 31.4934997558594 31.4836673736572 31.4118328094482 31.4306678771973 31.4409999847412 31.392333984375 31.300666809082 31.2373332977295 31.1578330993652 31.0928325653076 31.0389995574951 30.8763332366943 30.7399997711182 30.6580009460449 30.7776679992676 30.7093334197998 30.6161670684814 30.5885009765625 30.4265003204346 30.0818328857422 29.9150009155273 -3.4e+38 -3.4e+38 -3.4e+38 -3.4e+38 -3.4e+38 -3.4e+38 -3.4e+38 -3.4e+38 -3.4e+38 -3.4e+38
31.3138332366943 31.3780002593994 31.3916664123535 31.3731670379639 31.3118324279785 31.3268337249756 31.363000869751 31.3863334655762 31.3969993591309 31.4353332519531 31.445499420166 31.4463329315186 31.4681663513184 31.4583320617676 31.4456672668457 31.42799949646 31.4200000762939 31.400333404541 31.3928337097168 31.3998336791992 31.3318347930908 31.361499786377 31.3039989471436 31.2398338317871 31.1951675415039 31.1166667938232 31.0298328399658 30.9436664581299 30.7383327484131 30.570333480835 30.5368328094482 30.5925006866455 30.6453342437744 30.5698337554932 30.484167098999 30.3589992523193 30.1829986572266 29.9155006408691 -3.4e+38 -3.4e+38 -3.4e+38 -3.4e+38 -3.4e+38 -3.4e+38 -3.4e+38 -3.4e+38 -3.4e+38 -3.4e+38
30.9979991912842 31.0828323364258 31.1658325195312 31.1511669158936 31.0730018615723 31.0573329925537 31.0944995880127 31.1700000762939 31.1774997711182 31.2278327941895 31.2386665344238 31.2915000915527 31.3316650390625 31.3413333892822 31.3390007019043 31.3159999847412 31.3110008239746 31.3076667785645 31.3026676177979 31.3209991455078 31.2866668701172 31.2884998321533 31.2849998474121 31.1898326873779 31.113166809082 31.0241661071777 30.9624996185303 30.8840007781982 30.6478328704834 30.4469985961914 30.5009994506836 30.5405006408691 30.5491676330566 30.3663330078125 30.3225002288818 30.2178344726562 30.1354999542236 -3.4e+38 -3.4e+38 -3.4e+38 -3.4e+38 -3.4e+38 -3.4e+38 -3.4e+38 -3.4e+38 -3.4e+38 -3.4e+38 -3.4e+38
30.7091674804688 30.829833984375 30.9444999694824 30.9351673126221 30.8491668701172 30.7923336029053 30.8641662597656 30.9594993591309 31.0283336639404 31.0375003814697 31.0553321838379 31.1290016174316 31.1663341522217 31.1693325042725 31.1760005950928 31.1831665039062 31.1720008850098 31.1593322753906 31.1711673736572 31.1871681213379 31.2066669464111 31.1698322296143 31.2431678771973 31.1683330535889 31.0494995117188 30.9460010528564 30.8926658630371 30.8173332214355 30.6760005950928 30.4686660766602 30.3853321075439 30.4829998016357 30.4104995727539 30.2971668243408 30.1601657867432 30.0478324890137 29.9591674804688 -3.4e+38 -3.4e+38 -3.4e+38 -3.4e+38 -3.4e+38 -3.4e+38 -3.4e+38 -3.4e+38 -3.4e+38 -3.4e+38 -3.4e+38
30.4621658325195 30.5953330993652 30.7253341674805 30.7108325958252 30.5869998931885 30.5176658630371 30.628999710083 30.757833480835 30.8325004577637 30.8326663970947 30.8276672363281 30.9236679077148 30.9783325195312 31.0023326873779 30.9968338012695 31.013500213623 30.9888324737549 30.96533203125 31.0121669769287 31.0764999389648 31.0615005493164 31.0948333740234 31.1348342895508 31.1111660003662 31.0011672973633 30.890832901001 30.8248329162598 30.720666885376 30.6161670684814 30.4546661376953 30.4130001068115 30.4618339538574 30.3296661376953 30.150333404541 29.9560012817383 29.8326663970947 29.7398338317871 -3.4e+38 -3.4e+38 -3.4e+38 -3.4e+38 -3.4e+38 -3.4e+38 -3.4e+38 -3.4e+38 -3.4e+38 -3.4e+38 -3.4e+38
30.3136672973633 30.4444999694824 30.548168182373 30.5401668548584 30.4253330230713 30.3216667175293 30.4396667480469 30.5393333435059 30.5970001220703 30.6153335571289 30.5714988708496 30.6711673736572 30.7358341217041 30.7744998931885 30.7975006103516 30.8144989013672 30.8289985656738 30.8058319091797 30.8386669158936 30.8488330841064 30.671667098999 30.8938331604004 31.0139999389648 31.0056667327881 30.8903331756592 30.7905006408691 30.7288341522217 30.6113319396973 30.4850006103516 30.3716659545898 30.2726669311523 30.2884998321533 30.2369995117188 30.0146656036377 29.6578330993652 29.5513324737549 -3.4e+38 -3.4e+38 -3.4e+38 -3.4e+38 -3.4e+38 -3.4e+38 -3.4e+38 -3.4e+38 -3.4e+38 -3.4e+38 -3.4e+38 -3.4e+38
30.1576671600342 30.2590007781982 30.3513336181641 30.3461666107178 30.2696666717529 30.1876678466797 30.2451667785645 30.2761669158936 30.3153343200684 30.3758335113525 30.3048324584961 30.4134998321533 30.4724998474121 30.5321655273438 30.5618324279785 30.6041679382324 30.6431674957275 30.6879997253418 30.6989994049072 30.5200004577637 30.4729995727539 30.6224994659424 30.9075012207031 30.8958339691162 30.7688331604004 30.6943321228027 30.626501083374 30.5733337402344 30.4471664428711 30.2896671295166 30.1079998016357 30.1726665496826 30.1231670379639 29.8370018005371 29.094165802002 29.2000007629395 -3.4e+38 -3.4e+38 -3.4e+38 -3.4e+38 -3.4e+38 -3.4e+38 -3.4e+38 -3.4e+38 -3.4e+38 -3.4e+38 -3.4e+38 -3.4e+38
29.9963340759277 30.0904998779297 30.1649990081787 30.1625003814697 30.111499786377 30.0206680297852 29.9718341827393 30.029167175293 30.0953330993652 30.1468334197998 30.1294994354248 30.1446666717529 30.2271671295166 30.2900009155273 30.3175010681152 30.4068336486816 30.3931674957275 30.4720001220703 30.5595016479492 30.4431667327881 30.328332901001 30.4316673278809 30.8043327331543 30.8125 30.6741676330566 30.5966682434082 30.5195007324219 30.4411659240723 30.3488330841064 30.1548328399658 30.0708332061768 30.0418338775635 29.984001159668 29.7411670684814 29.3236675262451 -3.4e+38 -3.4e+38 -3.4e+38 -3.4e+38 -3.4e+38 -3.4e+38 -3.4e+38 -3.4e+38 -3.4e+38 -3.4e+38 -3.4e+38 -3.4e+38 -3.4e+38
29.8771667480469 29.9496669769287 30.0006675720215 30.0153331756592 29.9496650695801 29.8301658630371 29.7408332824707 29.804500579834 29.9075012207031 29.9393329620361 29.9061660766602 29.9031677246094 30.0251655578613 30.0286674499512 30.0850009918213 30.1791667938232 30.1871662139893 30.3128337860107 30.3740005493164 30.257833480835 30.1641674041748 30.2856674194336 30.6513328552246 30.6851654052734 30.5601673126221 30.4484996795654 30.3768329620361 30.3173332214355 30.2423324584961 30.0871658325195 29.9103336334229 29.8780002593994 29.886999130249 29.6083335876465 29.2136669158936 -3.4e+38 -3.4e+38 -3.4e+38 -3.4e+38 -3.4e+38 -3.4e+38 -3.4e+38 -3.4e+38 -3.4e+38 -3.4e+38 -3.4e+38 -3.4e+38 -3.4e+38
29.845666885376 29.8273334503174 29.853666305542 29.8719997406006 29.8169994354248 29.7118339538574 29.6041679382324 29.6766662597656 29.7145004272461 29.7058334350586 29.6725006103516 29.6703338623047 29.7516670227051 29.8048324584961 29.8526649475098 29.9688339233398 30.0561676025391 30.1445007324219 30.246000289917 30.1258335113525 29.9184989929199 29.9645004272461 30.4318332672119 30.5636672973633 30.4526672363281 30.3148326873779 30.2293319702148 30.1550006866455 30.0853328704834 29.9998321533203 29.8733329772949 29.7536678314209 29.8110008239746 29.3258323669434 -3.4e+38 -3.4e+38 -3.4e+38 -3.4e+38 -3.4e+38 -3.4e+38 -3.4e+38 -3.4e+38 -3.4e+38 -3.4e+38 -3.4e+38 -3.4e+38 -3.4e+38 -3.4e+38
29.8150005340576 29.7423343658447 29.7226657867432 29.7161655426025 29.6323337554932 29.5551662445068 29.4570007324219 29.4409999847412 29.541166305542 29.5131664276123 29.4535007476807 29.4086666107178 29.4796676635742 29.5791664123535 29.6105003356934 29.6976680755615 29.8101673126221 29.9213333129883 30.0756664276123 30.0538330078125 29.845832824707 29.8435001373291 30.1145000457764 30.3386669158936 30.2883338928223 30.1416664123535 30.0435009002686 29.9478340148926 29.9114990234375 29.8420009613037 29.7528343200684 29.6334991455078 29.5301666259766 29.2953338623047 28.2513332366943 -3.4e+38 -3.4e+38 -3.4e+38 -3.4e+38 -3.4e+38 -3.4e+38 -3.4e+38 -3.4e+38 -3.4e+38 -3.4e+38 -3.4e+38 -3.4e+38 -3.4e+38
29.7708320617676 29.7071666717529 29.6573333740234 29.5555000305176 29.4938335418701 29.4578342437744 29.3221664428711 29.2889995574951 29.3426666259766 29.2843341827393 29.2076663970947 29.1199989318848 29.2058334350586 29.2803325653076 29.3756675720215 29.4650001525879 29.5265007019043 29.6401672363281 29.7798347473145 29.9251670837402 29.8649997711182 29.8688335418701 29.9131660461426 29.9911651611328 30.1191673278809 29.9610004425049 29.8208332061768 29.7541656494141 29.7176666259766 29.6435012817383 29.582332611084 29.3859996795654 29.0453338623047 29.0615005493164 -3.4e+38 -3.4e+38 -3.4e+38 -3.4e+38 -3.4e+38 -3.4e+38 -3.4e+38 -3.4e+38 -3.4e+38 -3.4e+38 -3.4e+38 -3.4e+38 -3.4e+38 -3.4e+38
29.7193336486816 29.6556663513184 29.5555000305176 29.4383335113525 29.4073333740234 29.3791656494141 29.2411651611328 29.1805000305176 29.1133327484131 29.0281658172607 28.9361667633057 28.8754997253418 28.8943328857422 28.917667388916 29.0478324890137 29.1634998321533 29.2479991912842 29.3395004272461 29.5063343048096 29.6511669158936 29.6714992523193 29.6733322143555 29.7463340759277 29.6491680145264 29.8421669006348 29.7378330230713 29.6048336029053 29.5014991760254 29.4266662597656 29.3388328552246 29.2586669921875 29.1324996948242 28.8223342895508 -3.4e+38 -3.4e+38 -3.4e+38 -3.4e+38 -3.4e+38 -3.4e+38 -3.4e+38 -3.4e+38 -3.4e+38 -3.4e+38 -3.4e+38 -3.4e+38 -3.4e+38 -3.4e+38 -3.4e+38
