rasterData/Sudan_bio12.asc
NCOLS 202 
NROWS 163 
XLLCORNER 21.809448692 
YLLCORNER 8.681641793 
CELLSIZE 0.0831293288316832 
NODATA_value -3.4e+38 
[rows 76 to 113 of 163, columns 85 to 169 of 202]
105 107 107 108 108 109 108 108 108 107 106 105 108 108 111 110 111 111 111 112 113 112 115 118 120 115 111 110 109 107 107 103 101 99 97 97 97 99 99 101 103 103 102 102 101 103 108 113 117 122 127 130 133 138 141 150 155 158 159 159 159 158 159 160 163 161 159 158 158 159 159 157 155 154 152 152 149 149 149 144 147 151 157 161 171
108 111 111 112 112 112 112 111 111 112 111 110 112 113 114 114 114 115 117 118 119 119 121 123 121 119 117 114 113 112 111 109 105 104 101 103 103 103 105 105 106 105 104 104 103 104 111 116 122 126 130 135 137 141 147 153 158 163 165 165 166 164 165 168 172 171 172 169 168 170 170 166 165 165 163 162 162 163 158 157 157 165 169 175 183
112 114 114 117 116 117 116 115 116 116 115 113 117 118 119 119 118 120 120 122 122 123 126 126 125 122 119 117 115 114 113 113 111 108 108 108 106 107 108 110 108 109 107 106 107 107 115 122 125 130 134 140 141 146 152 158 162 168 175 173 173 173 174 178 180 182 181 179 177 181 182 178 178 177 175 175 176 175 174 185 173 179 184 189 197
116 118 118 120 121 122 121 120 121 119 119 118 120 121 122 122 123 124 124 128 126 128 128 129 131 129 124 121 119 117 116 114 113 111 111 112 111 112 114 113 113 112 111 113 120 115 120 126 130 136 143 145 147 153 159 163 167 173 178 182 182 182 183 186 189 190 190 188 188 191 191 190 191 189 189 188 189 190 203 200 192 193 201 205 212
120 121 121 124 125 126 125 125 125 124 123 123 125 124 125 127 129 128 129 130 133 132 131 133 135 134 132 127 124 121 119 118 117 115 115 117 118 117 117 117 115 116 114 110 123 123 127 133 139 143 150 149 152 159 165 165 172 176 183 188 188 191 192 194 197 199 199 199 200 204 204 202 204 204 202 202 203 205 225 206 203 210 214 222 229
125 127 127 127 130 133 133 132 129 128 127 128 127 129 131 131 132 133 131 133 135 135 138 139 138 138 135 133 132 129 126 125 124 121 120 122 122 124 123 124 122 123 121 120 123 128 138 139 144 150 152 155 158 164 168 174 178 186 187 191 196 198 201 205 208 209 211 212 213 215 217 218 219 220 218 218 218 219 237 223 219 225 230 239 246
128 131 131 133 134 139 138 136 134 132 132 132 133 133 138 138 136 136 138 142 142 142 143 144 143 142 139 138 137 135 134 131 128 127 125 127 128 127 129 128 131 129 128 122 132 136 144 154 153 155 159 162 166 170 175 181 184 191 193 195 201 205 212 214 215 218 221 223 225 228 232 232 234 235 233 232 234 238 239 255 239 241 252 256 266
133 134 134 135 141 144 143 141 139 139 138 139 140 138 140 144 144 144 145 146 149 150 150 148 146 145 143 142 140 140 140 136 134 133 132 131 131 132 135 136 134 134 135 130 138 146 151 158 166 166 166 169 172 175 182 189 190 193 198 203 208 213 219 221 223 227 229 234 238 243 245 249 250 250 249 252 254 255 263 267 269 268 272 277 288
137 141 141 144 143 145 148 147 143 143 144 144 147 145 147 151 148 149 152 154 156 155 153 150 149 149 146 146 145 144 143 140 139 138 136 135 137 137 140 142 141 140 139 133 145 156 162 166 172 168 172 175 174 179 186 191 195 201 207 211 215 222 227 231 234 238 243 253 250 253 257 264 266 266 266 270 273 277 279 285 293 295 299 303 310
140 144 144 146 146 150 151 151 149 148 150 150 150 151 153 155 152 156 158 165 157 156 154 153 152 151 149 151 151 150 148 147 146 145 143 144 145 144 147 147 144 146 146 145 154 164 174 179 179 179 176 177 180 182 191 197 207 212 215 219 225 230 238 241 243 246 253 259 263 267 273 279 283 284 285 290 294 296 297 308 307 315 320 323 338
141 145 145 148 153 155 156 154 154 155 154 155 157 158 160 157 157 162 161 171 162 156 157 158 156 156 155 156 155 154 152 150 151 152 151 152 153 151 153 155 153 154 148 155 163 170 178 186 187 185 180 180 189 196 206 217 221 218 225 228 234 241 247 253 255 259 264 271 277 281 287 292 298 303 305 309 313 316 320 324 330 337 345 353 365
148 149 149 153 154 155 159 160 160 160 159 159 161 164 165 163 165 165 163 162 160 161 161 160 159 161 159 160 160 158 158 156 155 156 157 158 158 159 160 158 159 163 155 161 170 174 179 190 191 193 186 190 200 199 211 224 224 227 233 241 245 252 254 259 265 270 278 285 290 297 303 308 316 323 327 329 333 335 340 346 351 360 368 380 391
155 154 154 154 156 158 159 162 164 164 165 167 167 167 165 168 170 169 166 165 164 167 166 165 164 164 163 163 163 161 161 160 161 161 163 163 164 163 168 167 167 160 165 174 179 183 185 194 194 195 196 201 211 214 217 228 238 242 248 251 252 261 265 270 291 297 288 297 302 309 317 320 330 336 344 351 353 358 363 366 372 377 388 402 408
159 160 160 159 157 159 164 167 170 169 170 170 170 170 171 179 174 171 170 173 172 170 169 167 166 167 168 167 168 165 163 166 168 167 168 170 169 173 176 173 167 166 178 183 186 192 197 205 207 208 215 217 225 237 239 244 249 255 261 264 264 270 278 285 290 300 301 310 319 325 332 339 346 351 363 369 374 378 382 388 392 398 408 419 425
166 165 165 164 161 163 168 171 172 173 174 175 174 174 174 175 174 175 176 176 178 174 172 173 172 172 169 172 171 170 169 169 174 173 172 174 178 181 184 180 175 184 189 191 195 201 206 212 230 227 242 242 244 258 268 259 262 267 273 274 279 283 288 296 304 310 316 323 331 338 348 355 361 371 376 388 392 399 408 414 422 418 431 441 439
174 170 170 167 167 169 172 175 177 181 181 181 180 180 179 183 179 180 182 180 178 177 176 176 176 175 176 175 175 174 172 173 176 177 179 182 183 189 194 188 190 196 198 200 204 209 215 217 235 240 247 266 276 285 279 278 275 275 280 284 287 293 299 308 317 321 328 337 345 353 360 369 383 385 399 418 418 424 427 435 452 452 458 456 456
176 171 171 171 172 176 177 178 180 184 185 185 184 183 181 185 183 186 185 182 181 180 178 179 177 178 180 181 178 180 181 182 185 185 187 187 189 198 203 202 199 205 205 214 219 216 223 231 244 251 253 264 275 289 296 290 280 284 289 306 304 320 311 317 326 333 342 349 358 367 376 388 394 427 418 429 433 439 455 476 478 461 494 487 473
178 177 177 176 176 179 180 183 187 189 189 188 187 188 184 188 190 192 191 188 189 188 186 184 183 183 183 185 186 187 190 191 190 193 193 194 196 203 208 204 207 212 213 214 222 228 236 242 253 260 265 265 283 280 281 288 292 289 303 300 312 315 322 330 336 344 352 364 380 383 399 398 409 426 432 445 456 460 474 482 478 484 496 508 492
182 181 181 183 182 185 187 191 193 192 192 192 192 192 187 192 195 197 197 194 193 193 191 191 189 191 192 191 188 193 194 196 196 196 198 199 202 205 209 205 213 214 217 219 223 239 248 256 263 264 273 267 280 282 283 285 292 298 301 314 310 325 330 340 349 355 367 374 386 394 406 415 423 437 447 463 474 481 486 499 500 506 510 510 510
189 187 187 188 191 191 199 198 199 198 199 196 196 196 197 199 199 203 202 198 197 197 197 195 196 197 198 197 196 195 196 199 201 202 202 205 208 209 213 216 213 217 220 222 226 239 241 264 265 270 266 272 287 287 287 288 285 306 312 320 320 331 343 351 362 371 379 390 408 414 420 432 445 459 472 480 493 504 513 523 527 532 526 528 528
194 194 194 195 198 199 203 203 204 205 204 204 205 204 204 204 205 209 207 202 202 201 200 201 200 201 202 202 201 201 202 202 204 204 208 208 213 217 218 223 216 222 227 228 233 242 246 268 279 273 277 280 288 284 290 298 295 313 322 336 346 347 351 365 374 382 392 403 415 425 435 448 470 481 484 506 511 524 558 570 569 598 559 548 553
201 201 201 205 205 208 208 211 211 211 210 211 213 211 212 211 214 215 213 209 208 209 206 207 206 206 209 207 205 207 209 208 210 210 214 216 218 219 223 221 222 227 230 234 236 244 250 262 281 277 284 289 292 295 303 313 315 323 345 342 351 369 370 378 388 396 404 416 426 438 450 465 481 499 511 528 537 546 567 604 619 627 607 611 584
212 213 213 214 218 216 217 219 218 219 219 220 220 217 218 218 220 221 218 215 213 214 211 213 212 212 212 214 212 213 215 216 216 218 220 221 223 224 226 226 230 226 234 239 242 246 258 277 292 282 290 297 302 308 308 321 331 346 353 357 361 375 391 402 410 405 417 427 439 448 460 472 507 522 520 542 555 567 595 615 644 643 640 637 639
221 221 221 222 226 226 227 228 227 225 226 226 227 226 226 222 224 225 224 221 221 218 217 218 218 219 219 220 220 221 220 222 221 223 225 225 229 231 231 233 234 229 237 243 248 252 265 273 299 288 294 305 313 317 325 332 349 365 365 370 377 383 401 407 407 418 427 438 449 457 470 491 508 537 563 585 603 605 608 640 659 661 661 665 669
228 231 231 232 235 235 237 237 236 235 235 234 233 232 231 232 232 232 228 225 223 223 225 226 224 227 226 226 226 227 226 228 229 230 229 230 236 237 237 239 239 236 244 250 255 262 265 293 300 293 303 312 323 329 338 346 359 388 387 388 391 396 406 417 417 431 440 466 457 471 484 500 512 534 571 566 579 609 616 652 669 670 677 680 688
239 240 240 243 243 244 248 248 247 245 244 244 243 242 238 236 237 238 233 232 232 232 232 233 234 232 233 233 234 234 233 235 237 236 237 239 239 242 243 243 244 244 248 254 263 269 274 300 296 300 310 321 331 336 346 356 373 411 419 408 413 409 416 422 433 447 453 488 494 481 495 514 560 568 586 590 595 609 633 665 682 689 684 684 707
250 251 251 254 255 256 259 259 259 256 256 254 254 250 246 245 245 243 239 238 238 239 241 243 243 242 242 240 240 239 240 241 244 242 243 243 248 250 249 251 253 252 253 256 269 272 283 296 300 307 318 328 338 350 360 372 390 415 412 427 422 420 425 434 440 447 463 494 485 495 508 525 565 593 613 627 628 650 667 650 664 705 697 713 720
262 264 264 265 269 270 270 271 270 267 267 265 263 261 258 255 252 250 246 245 244 247 249 250 249 249 249 249 249 247 247 249 249 249 250 252 255 254 255 257 260 261 267 270 269 277 285 295 306 315 325 336 350 360 376 379 398 415 413 422 439 428 435 441 448 459 467 479 494 508 523 536 563 589 625 643 668 683 678 670 685 705 722 738 740
273 279 279 282 282 282 283 283 282 281 278 276 275 271 268 265 261 258 255 255 255 257 258 260 259 258 257 258 257 256 255 255 255 256 257 259 260 261 261 262 266 268 271 277 285 285 293 305 315 324 333 346 358 370 377 392 407 421 426 422 441 447 441 448 459 469 475 486 499 519 543 573 601 598 611 653 669 683 685 704 695 696 730 751 760
287 292 292 293 296 296 296 295 294 293 291 290 289 284 278 274 269 267 266 267 265 267 271 269 268 266 265 264 264 264 264 264 265 265 266 265 265 268 269 271 272 276 280 282 287 291 302 314 323 332 341 353 365 381 388 398 423 431 439 431 438 451 447 456 467 476 486 498 513 525 560 594 608 596 620 665 681 685 697 712 723 728 742 749 776
298 306 306 309 309 309 312 309 309 307 308 304 302 297 290 284 280 279 277 276 276 276 278 278 277 276 275 275 274 273 274 274 274 273 273 275 277 277 278 278 278 283 286 290 296 301 313 321 328 338 350 361 372 389 405 409 439 426 437 448 464 463 457 465 478 488 499 511 522 544 574 580 627 617 638 671 687 697 703 719 733 747 751 768 770
313 318 318 323 325 326 325 325 323 324 322 319 316 308 303 299 292 290 289 289 288 287 289 288 287 288 285 284 283 282 283 285 284 285 284 284 285 285 286 285 287 290 295 300 304 313 318 324 336 346 357 371 387 410 430 444 452 443 440 451 465 469 470 476 488 501 512 525 536 550 577 578 603 626 659 686 689 704 719 730 736 756 769 780 781
325 332 332 340 342 344 340 338 342 341 336 334 333 325 318 312 311 304 302 303 300 299 300 298 300 297 296 296 295 294 294 294 295 295 294 293 292 294 292 292 294 298 304 309 317 323 330 339 354 349 363 373 401 423 428 439 465 455 446 461 470 477 480 491 502 515 525 537 550 564 593 605 616 647 678 690 700 717 729 730 751 765 755 777 787
339 347 347 352 352 357 354 355 360 356 351 348 345 339 331 323 324 320 319 319 314 314 311 312 312 311 308 308 304 306 306 307 306 307 305 304 302 300 297 299 302 306 311 319 326 332 335 345 344 352 362 376 397 416 422 454 468 469 462 467 479 498 500 509 519 534 540 554 576 589 605 635 632 639 667 685 705 722 735 740 758 762 796 798 785
351 358 358 362 365 365 367 369 373 370 367 368 357 350 341 336 331 331 331 333 326 326 325 324 326 323 320 317 316 316 317 318 318 317 316 313 307 305 307 309 310 313 319 325 332 337 339 350 356 358 364 395 413 408 440 463 479 493 493 480 494 514 516 522 532 543 556 582 602 614 635 642 637 653 681 707 725 740 751 745 763 786 792 789 816
362 370 370 372 374 378 383 385 387 388 386 380 369 362 356 350 345 345 342 343 345 344 342 340 339 334 331 329 329 329 331 331 331 331 328 322 320 319 317 318 319 322 327 332 335 341 344 352 355 359 378 411 428 432 437 466 485 499 505 491 504 520 530 548 548 556 569 578 600 627 649 668 667 665 683 720 740 749 762 768 782 792 796 810 833
374 382 382 381 384 392 393 395 398 397 398 395 386 382 376 370 363 359 360 362 362 361 360 356 353 349 343 340 337 337 340 340 341 340 339 338 334 331 330 329 328 331 333 339 340 343 346 353 356 368 390 408 436 452 455 470 487 492 519 504 518 533 547 550 560 568 580 591 612 625 638 675 689 677 687 707 725 753 753 767 790 787 812 828 834
384 389 389 392 392 398 401 404 404 403 406 405 398 394 390 385 382 379 375 375 376 377 377 374 368 360 350 350 349 349 357 359 360 356 354 353 348 344 342 341 338 340 340 344 346 347 348 355 361 373 386 398 425 457 471 466 480 509 519 520 523 537 549 569 572 585 593 610 623 632 647 661 676 687 701 713 730 744 762 771 784 796 810 824 842
