rasterData/Sudan_bio10.asc
NCOLS 202 
NROWS 163 
XLLCORNER 21.809448692 
YLLCORNER 8.681641793 
CELLSIZE 0.0831293288316832 
NODATA_value -3.4e+38 
[rows 0 to 20 of 163, columns 144 to 191 of 202]
-3.4e+38 -3.4e+38 -3.4e+38 -3.4e+38 -3.4e+38 -3.4e+38 -3.4e+38 -3.4e+38 -3.4e+38 -3.4e+38 -3.4e+38 -3.4e+38 -3.4e+38 -3.4e+38 -3.4e+38 -3.4e+38 -3.4e+38 -3.4e+38 -3.4e+38 -3.4e+38 -3.4e+38 -3.4e+38 -3.4e+38 -3.4e+38 -3.4e+38 -3.4e+38 -3.4e+38 -3.4e+38 -3.4e+38 -3.4e+38 -3.4e+38 -3.4e+38 -3.4e+38 -3.4e+38 -3.4e+38 -3.4e+38 -3.4e+38 -3.4e+38 -3.4e+38 -3.4e+38 -3.4e+38 -3.4e+38 -3.4e+38 -3.4e+38 -3.4e+38 -3.4e+38 -3.4e+38 -3.4e+38
-3.4e+38 -3.4e+38 -3.4e+38 -3.4e+38 -3.4e+38 -3.4e+38 -3.4e+38 -3.4e+38 -3.4e+38 -3.4e+38 -3.4e+38 -3.4e+38 -3.4e+38 -3.4e+38 -3.4e+38 -3.4e+38 -3.4e+38 -3.4e+38 -3.4e+38 -3.4e+38 -3.4e+38 -3.4e+38 -3.4e+38 -3.4e+38 -3.4e+38 -3.4e+38 -3.4e+38 -3.4e+38 -3.4e+38 -3.4e+38 -3.4e+38 -3.4e+38 -3.4e+38 -3.4e+38 -3.4e+38 -3.4e+38 -3.4e+38 -3.4e+38 -3.4e+38 -3.4e+38 -3.4e+38 -3.4e+38 -3.4e+38 -3.4e+38 -3.4e+38 -3.4e+38 -3.4e+38 -3.4e+38
-3.4e+38 -3.4e+38 -3.4e+38 -3.4e+38 -3.4e+38 -3.4e+38 -3.4e+38 -3.4e+38 -3.4e+38 -3.4e+38 -3.4e+38 -3.4e+38 -3.4e+38 -3.4e+38 -3.4e+38 -3.4e+38 -3.4e+38 -3.4e+38 -3.4e+38 -3.4e+38 -3.4e+38 -3.4e+38 -3.4e+38 -3.4e+38 -3.4e+38 -3.4e+38 -3.4e+38 -3.4e+38 -3.4e+38 -3.4e+38 -3.4e+38 -3.4e+38 -3.4e+38 -3.4e+38 -3.4e+38 -3.4e+38 -3.4e+38 -3.4e+38 -3.4e+38 -3.4e+38 -3.4e+38 -3.4e+38 -3.4e+38 -3.4e+38 -3.4e+38 -3.4e+38 -3.4e+38 -3.4e+38
32.0343322753906 32.1375007629395 31.970832824707 31.6758327484131 31.8043327331543 31.7843322753906 31.8863334655762 31.7361679077148 31.7423324584961 31.6271667480469 31.2329998016357 30.9703330993652 31.0848331451416 30.8498344421387 30.3360004425049 30.2929992675781 29.9733333587646 29.6108322143555 29.1660003662109 28.1683330535889 27.3316669464111 29.0141658782959 29.8971672058105 29.7483329772949 30.5464992523193 30.816499710083 30.8416652679443 30.9791660308838 30.3128337860107 29.6416664123535 28.6528339385986 28.2609996795654 27.0621681213379 29.171667098999 30.3600006103516 30.8411674499512 31.283166885376 -3.4e+38 -3.4e+38 -3.4e+38 -3.4e+38 -3.4e+38 -3.4e+38 -3.4e+38 -3.4e+38 -3.4e+38 -3.4e+38 -3.4e+38
32.3784980773926 32.216667175293 32.0373344421387 31.8881683349609 31.9026679992676 31.9543323516846 31.929666519165 31.7036666870117 31.5541667938232 31.5610008239746 31.4953346252441 31.1669998168945 30.9589996337891 30.9098339080811 30.4475002288818 30.2616672515869 29.9108333587646 29.5031661987305 28.8268337249756 27.109167098999 27.4375 28.6000003814697 29.3743324279785 30.1838340759277 30.6228332519531 30.9624996185303 31.1411666870117 31.2783336639404 30.8366661071777 30.5026664733887 29.92799949646 27.5675010681152 26.5848331451416 27.3159999847412 29.7036666870117 30.6009998321533 31.3508338928223 31.5147800445557 -3.4e+38 -3.4e+38 -3.4e+38 -3.4e+38 -3.4e+38 -3.4e+38 -3.4e+38 -3.4e+38 -3.4e+38 -3.4e+38
32.392333984375 32.2303314208984 32.1408348083496 31.9551658630371 31.7203330993652 31.74049949646 31.6603336334229 31.6206665039062 31.4640007019043 31.4181671142578 31.2861671447754 31.1433334350586 30.9848327636719 30.845832824707 30.4114990234375 30.3638324737549 29.9093322753906 29.3746662139893 29.3448333740234 29.6668319702148 28.5808334350586 29.0931663513184 29.6268329620361 30.4648323059082 30.7533340454102 31.060001373291 31.0543327331543 31.0868339538574 31.0788345336914 30.4013328552246 29.1708335876465 27.9538326263428 27.851001739502 27.7053337097168 29.6106662750244 30.5631656646729 31.4006671905518 31.4874305725098 -3.4e+38 -3.4e+38 -3.4e+38 -3.4e+38 -3.4e+38 -3.4e+38 -3.4e+38 -3.4e+38 -3.4e+38 -3.4e+38
32.1944999694824 32.0608329772949 32.007999420166 31.8339996337891 31.621000289917 31.7798328399658 31.8488330841064 31.8143348693848 31.5693340301514 31.3769989013672 31.326000213623 31.2598342895508 30.9681663513184 30.6648330688477 30.253833770752 30.179500579834 29.8390007019043 29.5089988708496 29.3976669311523 29.8238334655762 29.3208332061768 30.2013339996338 30.8658332824707 30.8556671142578 30.8821678161621 30.6649990081787 30.4669990539551 30.4206676483154 30.8611679077148 30.4011669158936 29.5251655578613 28.9848327636719 28.4033336639404 28.6048336029053 30.0453338623047 30.8778343200684 31.2916660308838 31.4422225952148 -3.4e+38 -3.4e+38 -3.4e+38 -3.4e+38 -3.4e+38 -3.4e+38 -3.4e+38 -3.4e+38 -3.4e+38 -3.4e+38
32.2610015869141 31.958667755127 31.8414993286133 31.5808334350586 31.5989990234375 31.8505001068115 31.8698329925537 31.7736663818359 31.5648345947266 31.5201663970947 31.5443344116211 31.2350006103516 31.1003341674805 30.5823345184326 29.9160003662109 29.828332901001 29.6576671600342 29.441333770752 29.579833984375 29.8131675720215 30.2714996337891 30.5181674957275 30.5825004577637 30.5061664581299 30.4626655578613 30.199333190918 30.2194995880127 30.4598331451416 30.7336673736572 30.0223331451416 28.7883338928223 27.2194995880127 28.5036678314209 28.4596672058105 29.9868335723877 30.6748332977295 31.3753337860107 31.4572696685791 -3.4e+38 -3.4e+38 -3.4e+38 -3.4e+38 -3.4e+38 -3.4e+38 -3.4e+38 -3.4e+38 -3.4e+38 -3.4e+38
32.171501159668 31.8648338317871 31.894832611084 31.4654998779297 31.4963321685791 31.736499786377 31.7188320159912 31.5564994812012 31.3931674957275 31.4028339385986 31.3476676940918 31.1586666107178 30.9933338165283 29.7194995880127 29.6893329620361 29.4088325500488 29.3033332824707 29.4563331604004 29.5060005187988 29.9974994659424 30.2513332366943 30.2018337249756 30.220832824707 30.0396671295166 30.1403331756592 30.2940006256104 30.4645004272461 30.773832321167 30.6301670074463 29.8295001983643 29.5841655731201 29.030834197998 29.1476669311523 29.5938339233398 30.1793327331543 30.6598320007324 31.2056655883789 31.4053344726562 -3.4e+38 -3.4e+38 -3.4e+38 -3.4e+38 -3.4e+38 -3.4e+38 -3.4e+38 -3.4e+38 -3.4e+38 -3.4e+38
32.5419998168945 32.1466674804688 31.7778339385986 31.6053333282471 31.5446662902832 31.6213340759277 31.5130004882812 31.3733329772949 31.3833332061768 31.3573341369629 31.3600006103516 31.2119998931885 30.8411655426025 30.5016670227051 29.4724998474121 29.1450004577637 29.1406669616699 29.6135005950928 30.2971668243408 30.3051662445068 30.199333190918 30.0404987335205 29.941333770752 29.9983329772949 29.9893341064453 29.9691677093506 30.2463340759277 30.6198329925537 30.7121658325195 30.2981662750244 29.9475002288818 28.997501373291 28.5651664733887 29.4523334503174 29.8986663818359 30.3478336334229 31.086332321167 31.4755001068115 31.4361419677734 -3.4e+38 -3.4e+38 -3.4e+38 -3.4e+38 -3.4e+38 -3.4e+38 -3.4e+38 -3.4e+38 -3.4e+38
32.3481674194336 32.1543350219727 32.0745010375977 31.6861667633057 31.3573341369629 31.4851665496826 31.1785011291504 31.1393337249756 31.40283203125 31.3943328857422 31.352165222168 31.0739994049072 30.7186660766602 30.2946662902832 29.7411670684814 29.7631683349609 29.8704986572266 30.2620010375977 30.4074993133545 30.4409999847412 30.3806667327881 30.3339996337891 30.0069999694824 29.8216667175293 29.988166809082 30.2418327331543 30.429666519165 30.546667098999 30.2383346557617 30.1725006103516 29.703498840332 28.8408336639404 28.662166595459 29.1323337554932 29.1233348846436 29.861499786377 30.8071670532227 31.4678344726562 31.6476192474365 31.4403839111328 -3.4e+38 -3.4e+38 -3.4e+38 -3.4e+38 -3.4e+38 -3.4e+38 -3.4e+38 -3.4e+38
32.4238357543945 32.2266654968262 31.8945007324219 31.1651668548584 31.3791675567627 31.1773338317871 31.257833480835 31.3558330535889 31.2584991455078 31.316499710083 31.2924995422363 31.0563335418701 30.8184986114502 30.4545001983643 29.9698333740234 30.2823333740234 30.4631671905518 30.5219993591309 30.5859985351562 30.5251655578613 30.4540004730225 30.5101661682129 30.5226669311523 30.4313335418701 30.377498626709 30.2961673736572 30.6420001983643 30.5090007781982 29.9925003051758 30.0543327331543 29.5341663360596 28.9226665496826 28.6360015869141 28.4963340759277 28.0708332061768 29.3171672821045 30.4583320617676 31.2008323669434 31.6000003814697 31.5715007781982 -3.4e+38 -3.4e+38 -3.4e+38 -3.4e+38 -3.4e+38 -3.4e+38 -3.4e+38 -3.4e+38
32.8396682739258 32.6936645507812 32.436164855957 31.8246669769287 31.6698341369629 31.6506671905518 31.6938323974609 31.5016670227051 31.3144989013672 31.2546653747559 31.1803340911865 30.9951667785645 30.8310012817383 30.4958324432373 30.0074996948242 30.2281665802002 30.6293334960938 30.7369995117188 30.7596664428711 30.6873340606689 30.5205001831055 30.5286674499512 30.7108325958252 30.7730007171631 30.7418327331543 30.8043327331543 30.7091674804688 30.0369987487793 29.7609996795654 29.8144989013672 29.5076656341553 29.1971664428711 28.787166595459 28.0594997406006 27.978832244873 28.9311676025391 30.3824996948242 30.9230003356934 31.4589996337891 31.6898326873779 -3.4e+38 -3.4e+38 -3.4e+38 -3.4e+38 -3.4e+38 -3.4e+38 -3.4e+38 -3.4e+38
33.0748329162598 32.9248352050781 32.7286682128906 32.2705001831055 32.0948333740234 32.09716796875 31.8523330688477 31.603832244873 31.2956657409668 31.1609992980957 31.1264991760254 30.8983325958252 30.9458332061768 30.6086673736572 30.0988330841064 30.2416667938232 30.4519996643066 30.691333770752 30.7234992980957 30.7491664886475 30.7636661529541 30.8215007781982 30.8199996948242 30.8701667785645 30.761833190918 30.7636661529541 30.6574993133545 29.5836658477783 29.0638332366943 29.3466663360596 29.0745010375977 29.1165008544922 28.8129997253418 28.4418334960938 28.2153339385986 28.5456657409668 29.689998626709 30.7908325195312 31.2958335876465 31.6548328399658 -3.4e+38 -3.4e+38 -3.4e+38 -3.4e+38 -3.4e+38 -3.4e+38 -3.4e+38 -3.4e+38
33.0681686401367 33.017333984375 32.7696647644043 32.4348335266113 32.3153343200684 32.2194976806641 31.8514995574951 31.6018333435059 31.4616661071777 31.3296661376953 31.166166305542 30.8836669921875 30.8595008850098 30.4863319396973 30.4619998931885 30.7596664428711 30.7805004119873 30.7643337249756 30.8314990997314 30.4879989624023 30.5471668243408 30.2728328704834 30.6136665344238 30.675666809082 30.7019996643066 30.7521667480469 30.4099998474121 29.4288330078125 28.8448333740234 29.163667678833 28.8665008544922 28.8171672821045 28.7019996643066 28.7789993286133 28.7478332519531 29.0673332214355 30.0065002441406 30.5356674194336 31.0443344116211 31.5348339080811 -3.4e+38 -3.4e+38 31.6033344268799 -3.4e+38 -3.4e+38 -3.4e+38 -3.4e+38 -3.4e+38
32.7249984741211 32.9120025634766 32.9069976806641 32.6483345031738 32.4061660766602 32.1383323669434 31.857666015625 31.5901660919189 31.5920009613037 31.485668182373 31.2958335876465 31.03733253479 30.8700008392334 30.5613327026367 30.5563335418701 30.7593326568604 30.666332244873 30.6238327026367 30.6391677856445 30.5778350830078 30.4948329925537 30.3758335113525 30.2175006866455 30.5861663818359 30.7530002593994 30.8151664733887 30.4619998931885 29.2086658477783 28.7733325958252 29.1033325195312 29.2109985351562 29.0900001525879 29.048999786377 29.2266654968262 29.3801670074463 29.533166885376 29.2348327636719 29.5721664428711 30.5305004119873 31.4808330535889 31.9132881164551 -3.4e+38 -3.4e+38 -3.4e+38 -3.4e+38 -3.4e+38 -3.4e+38 -3.4e+38
32.6963348388672 32.7773323059082 32.8411674499512 32.7546653747559 32.6151657104492 32.2600021362305 31.9876670837402 31.7841663360596 31.7894992828369 31.5715007781982 31.1270008087158 31.0496654510498 31.0121669769287 30.7194995880127 30.3383331298828 30.6254997253418 30.8108329772949 30.7928333282471 30.746166229248 30.6696662902832 30.5496673583984 30.6216659545898 30.6576671600342 30.6336669921875 30.7126655578613 30.8238334655762 30.6270008087158 29.0258331298828 28.5463333129883 29.2943344116211 29.4995002746582 29.3274993896484 29.0731658935547 29.0499992370605 29.2026672363281 29.2738342285156 28.257833480835 28.0283336639404 29.9753322601318 31.5844993591309 31.94557762146 -3.4e+38 -3.4e+38 -3.4e+38 -3.4e+38 -3.4e+38 -3.4e+38 -3.4e+38
32.904167175293 32.7311668395996 32.5761680603027 32.5599975585938 32.6404991149902 32.352668762207 31.845832824707 31.8190002441406 31.8556671142578 31.566499710083 31.2220001220703 31.1223335266113 31.1893329620361 30.841667175293 30.4184989929199 30.5211658477783 30.7193336486816 30.7040004730225 30.7726669311523 30.7204990386963 30.4833335876465 30.4936656951904 30.5734996795654 30.5611667633057 30.6884994506836 30.8064994812012 30.4580001831055 29.962833404541 29.3271675109863 29.6056671142578 29.8163318634033 29.533166885376 29.2520008087158 29.2013339996338 29.2228336334229 28.8748340606689 27.4158344268799 26.8633346557617 30.2393341064453 31.6140003204346 31.9943332672119 -3.4e+38 -3.4e+38 -3.4e+38 -3.4e+38 -3.4e+38 -3.4e+38 -3.4e+38
32.8449974060059 32.7319984436035 32.6963348388672 32.6595001220703 32.6921653747559 32.6319999694824 32.3440017700195 32.0825004577637 31.8369998931885 31.5991668701172 31.4836654663086 31.4848327636719 31.4131660461426 31.0729999542236 30.7220001220703 30.3698329925537 30.5508327484131 30.5678329467773 30.7016658782959 30.6863327026367 30.4825000762939 30.5266666412354 30.6293334960938 30.6973323822021 30.7958335876465 30.8028335571289 30.5626659393311 30.3296661376953 29.8125 30.0231666564941 30.0278339385986 29.8293342590332 29.6110000610352 29.4511661529541 29.2525005340576 28.9383335113525 27.6555004119873 28.8546676635742 30.3159999847412 31.5359992980957 31.9958343505859 -3.4e+38 -3.4e+38 -3.4e+38 -3.4e+38 -3.4e+38 -3.4e+38 -3.4e+38
32.941333770752 32.9640007019043 32.9076690673828 32.7961654663086 32.7493324279785 32.5164985656738 32.2396659851074 32.0984992980957 32.0183334350586 31.9623336791992 31.8241672515869 31.6488342285156 31.5019989013672 31.2294998168945 30.966667175293 30.6188335418701 30.5881671905518 30.8074989318848 30.8158340454102 30.7353324890137 30.5989990234375 30.6236667633057 30.5773334503174 30.5923328399658 30.7644996643066 30.7789993286133 30.3731670379639 29.1788330078125 29.267333984375 29.7501659393311 30.2040004730225 30.0510005950928 29.7983341217041 29.5036659240723 29.2151660919189 29.0993347167969 28.9436664581299 30.1753330230713 30.9838333129883 31.636833190918 31.9848327636719 32.2040138244629 -3.4e+38 -3.4e+38 -3.4e+38 -3.4e+38 -3.4e+38 -3.4e+38
33.0929985046387 33.1326675415039 33.0581665039062 32.9608345031738 32.8170013427734 32.3214988708496 32.40966796875 32.2954978942871 32.2061653137207 32.041332244873 31.8176670074463 31.5994987487793 31.4731674194336 31.3423328399658 30.962833404541 30.7643337249756 30.7426662445068 30.8908348083496 30.7320003509521 30.6891670227051 30.7198333740234 30.6026668548584 30.5725002288818 30.6651668548584 30.8361663818359 30.8446674346924 30.4193325042725 30.3466663360596 29.6574993133545 29.9188346862793 30.1205005645752 29.9909992218018 29.691333770752 29.2166652679443 28.9225006103516 28.9309997558594 28.962833404541 30.3041667938232 31.2223339080811 31.6840000152588 32.1111679077148 32.3447074890137 -3.4e+38 -3.4e+38 -3.4e+38 -3.4e+38 -3.4e+38 -3.4e+38
