rasterData/Sudan_bio8.asc
NCOLS 202 
NROWS 163 
XLLCORNER 21.809448692 
YLLCORNER 8.681641793 
CELLSIZE 0.0831293288316832 
NODATA_value -3.4e+38 
[rows 84 to 104 of 163, columns 0 to 47 of 202]
-3.4e+38 -3.4e+38 -3.4e+38 -3.4e+38 -3.4e+38 -3.4e+38 -3.4e+38 -3.4e+38 -3.4e+38 -3.4e+38 -3.4e+38 -3.4e+38 -3.4e+38 27.8931674957275 27.9204998016357 27.9148330688477 27.826000213623 27.7821655273438 27.7859992980957 27.6564998626709 27.7325000762939 27.8094997406006 27.6411666870117 27.3611660003662 27.1373329162598 27.4641666412354 27.6944999694824 27.1943340301514 27.130500793457 27.4331665039062 27.7264995574951 27.6213340759277 27.4309997558594 27.332332611084 27.7373332977295 27.6016654968262 27.2061672210693 27.1853332519531 27.095666885376 26.8041667938232 26.281665802002 26.0206661224365 26.4913330078125 26.703498840332 27.1464996337891 27.5279998779297 27.6276664733887 27.6468334197998
-3.4e+38 -3.4e+38 -3.4e+38 -3.4e+38 -3.4e+38 -3.4e+38 -3.4e+38 -3.4e+38 -3.4e+38 -3.4e+38 -3.4e+38 -3.4e+38 -3.4e+38 27.7474994659424 27.7263336181641 27.7075004577637 27.6588325500488 27.6688327789307 27.6883335113525 27.7224998474121 27.655834197998 27.6350002288818 27.3678340911865 27.304500579834 27.0833339691162 27.1518325805664 27.3608341217041 26.8878326416016 26.8063335418701 27.2863330841064 27.7040004730225 27.5555000305176 27.1315002441406 26.7923336029053 27.3026676177979 27.7281665802002 27.5713348388672 27.3748340606689 27.2596664428711 27.0401668548584 26.5330009460449 26.5658321380615 26.8008327484131 27.1774997711182 27.4055004119873 27.636833190918 27.6743335723877 27.4428329467773
-3.4e+38 -3.4e+38 -3.4e+38 -3.4e+38 -3.4e+38 -3.4e+38 -3.4e+38 -3.4e+38 -3.4e+38 -3.4e+38 -3.4e+38 -3.4e+38 27.5648326873779 27.5913333892822 27.5734996795654 27.5764999389648 27.5871658325195 27.6301670074463 27.6261672973633 27.591667175293 27.50950050354 27.429666519165 27.3758335113525 27.3169994354248 27.1396675109863 27.0470008850098 26.992000579834 26.6736660003662 26.9330005645752 27.3041667938232 27.5574989318848 27.5650005340576 27.3185005187988 26.9884986877441 26.9681663513184 27.5658321380615 27.4006671905518 27.33766746521 27.228666305542 27.0504989624023 26.679666519165 26.2648334503174 26.4818344116211 27.0101661682129 27.5016670227051 27.5923328399658 27.5006675720215 27.2894992828369
-3.4e+38 -3.4e+38 -3.4e+38 -3.4e+38 -3.4e+38 -3.4e+38 -3.4e+38 -3.4e+38 -3.4e+38 -3.4e+38 -3.4e+38 27.3058338165283 27.3873329162598 27.4505004882812 27.4890003204346 27.4718341827393 27.4611663818359 27.4393329620361 27.4993343353271 27.386999130249 27.3158340454102 27.2518329620361 27.2089996337891 27.1065006256104 27.0060005187988 26.9998340606689 26.7771663665771 26.8758335113525 26.9899997711182 27.2838325500488 27.3916664123535 27.2864990234375 27.1494998931885 26.968334197998 27.1711673736572 27.3066673278809 27.2313327789307 27.1521663665771 26.9673347473145 26.7428321838379 26.2180004119873 26.2836666107178 26.701000213623 27.1643333435059 27.50950050354 27.3108329772949 27.4020004272461 27.1156673431396
-3.4e+38 -3.4e+38 -3.4e+38 -3.4e+38 -3.4e+38 -3.4e+38 -3.4e+38 -3.4e+38 -3.4e+38 -3.4e+38 27.0645008087158 27.1708335876465 27.1965007781982 27.2933330535889 27.4086666107178 27.3409996032715 27.2969989776611 27.2526664733887 27.2533340454102 27.1671657562256 27.1800003051758 27.1396675109863 27.0516662597656 27.0018329620361 27.003833770752 26.9203338623047 26.7985000610352 26.7798328399658 26.679666519165 27.0973320007324 27.3068332672119 26.9621658325195 26.6201667785645 26.931999206543 27.1046676635742 26.8396663665771 27.0806655883789 26.9971656799316 26.6526660919189 26.5366668701172 26.5768337249756 26.7788333892822 27.0063323974609 27.2518329620361 27.3508338928223 27.3209991455078 27.2070007324219 27.0151672363281
-3.4e+38 -3.4e+38 -3.4e+38 -3.4e+38 -3.4e+38 -3.4e+38 -3.4e+38 -3.4e+38 -3.4e+38 -3.4e+38 26.8138332366943 27.0879993438721 27.2565002441406 27.3248329162598 27.3476676940918 27.2719993591309 27.2256660461426 27.1630001068115 27.1481666564941 27.1301670074463 27.1226673126221 27.0911674499512 27.0508327484131 27.0051670074463 26.9966659545898 26.867166519165 26.8851661682129 26.9724998474121 26.7113342285156 26.9171657562256 27.1086673736572 26.7258338928223 26.6973342895508 26.8533325195312 26.5346660614014 26.4209995269775 26.8494987487793 26.7068328857422 26.3125 26.429666519165 26.5811672210693 26.8633327484131 27.1118335723877 27.1851673126221 27.1986656188965 27.1606674194336 27.0976676940918 26.9278335571289
-3.4e+38 -3.4e+38 -3.4e+38 -3.4e+38 -3.4e+38 -3.4e+38 -3.4e+38 -3.4e+38 -3.4e+38 -3.4e+38 26.9044990539551 27.1373329162598 27.1961669921875 27.1684989929199 27.1585006713867 27.1303329467773 27.0900001525879 27.0793342590332 27.0948333740234 27.0858325958252 27.1151657104492 27.0900001525879 27.0908336639404 27.1284999847412 26.9750003814697 26.9878330230713 27.0065002441406 27.1016674041748 26.7998332977295 26.7544994354248 26.7356662750244 26.5639991760254 26.529167175293 26.5849990844727 26.4270000457764 26.2938346862793 26.4876670837402 26.4308338165283 26.1380004882812 26.3144989013672 26.6316661834717 26.8951663970947 27.1665000915527 27.0304985046387 27.1196670532227 27.1301670074463 26.9343338012695 26.6420001983643
-3.4e+38 -3.4e+38 -3.4e+38 -3.4e+38 -3.4e+38 -3.4e+38 -3.4e+38 26.4930000305176 26.6340007781982 26.7770004272461 26.953498840332 26.9273338317871 26.9623336791992 27.009334564209 26.9926662445068 26.997501373291 26.9895000457764 26.9845008850098 26.9903335571289 26.9316673278809 26.9653339385986 27.0289993286133 27.1438331604004 27.1704998016357 27.0335006713867 27.0464992523193 26.9633331298828 26.9238338470459 26.6868324279785 26.4356670379639 26.376501083374 26.2696666717529 26.1996669769287 26.2709999084473 26.1903343200684 26.0104999542236 26.0666656494141 25.9809989929199 26.0128326416016 26.4871673583984 26.7040004730225 26.9068336486816 27.1205005645752 27.0999984741211 27.0395011901855 26.7541675567627 26.4591655731201 26.4529991149902
-3.4e+38 -3.4e+38 -3.4e+38 -3.4e+38 -3.4e+38 -3.4e+38 26.2478332519531 26.3958320617676 26.5701675415039 26.708833694458 26.8223342895508 26.841833114624 26.8648338317871 26.9028339385986 26.9174995422363 26.882833480835 26.9286670684814 26.9351654052734 26.9803333282471 26.9451675415039 27.0246658325195 27.0690002441406 26.9829998016357 26.962833404541 26.9298324584961 26.9179992675781 26.7706661224365 26.7401657104492 26.5236663818359 26.2250003814697 25.8346672058105 25.8708343505859 25.92799949646 26.0283336639404 25.8356666564941 25.5683345794678 25.4941673278809 25.675666809082 25.9054985046387 26.3081665039062 26.6413326263428 26.7848339080811 27.0211658477783 27.033332824707 26.703332901001 26.3198337554932 26.5636672973633 27.0686664581299
-3.4e+38 -3.4e+38 -3.4e+38 -3.4e+38 -3.4e+38 -3.4e+38 -3.4e+38 26.3120002746582 26.4501667022705 26.5690002441406 26.6065006256104 26.7253322601318 26.7803325653076 26.8565006256104 26.8581676483154 26.8938331604004 26.9448337554932 26.9046669006348 26.9203338623047 26.9604988098145 26.9638328552246 27.0936660766602 27.0139999389648 26.8511657714844 26.7681674957275 26.7153339385986 26.5950012207031 26.5076675415039 26.3339996337891 25.8968334197998 25.1628341674805 25.5093326568604 25.681999206543 25.8861675262451 25.6353340148926 25.3595008850098 25.5761680603027 26.0391674041748 26.3518333435059 26.6476669311523 26.7245006561279 26.8823318481445 26.8488330841064 26.878999710083 26.7719993591309 26.5388336181641 26.8926658630371 27.0448341369629
-3.4e+38 -3.4e+38 -3.4e+38 -3.4e+38 -3.4e+38 -3.4e+38 -3.4e+38 26.2026672363281 26.337833404541 26.3976669311523 26.4721660614014 26.7468338012695 26.7548332214355 26.8028335571289 26.8713340759277 26.8893337249756 26.9424991607666 26.8876667022705 26.7089996337891 26.7294998168945 26.8553333282471 26.9224987030029 26.8733329772949 26.7568321228027 26.6184997558594 26.5946674346924 26.4965000152588 26.2616653442383 26.1075000762939 25.5541667938232 24.9834995269775 24.9938335418701 25.4166679382324 25.6644992828369 25.6175003051758 25.5461654663086 25.7026672363281 25.5906677246094 25.9820003509521 26.5298347473145 26.4571666717529 26.6499996185303 26.7351665496826 26.6560001373291 26.8771667480469 26.9174995422363 26.8011665344238 26.8923320770264
-3.4e+38 -3.4e+38 -3.4e+38 -3.4e+38 -3.4e+38 -3.4e+38 -3.4e+38 26.066499710083 26.174165725708 26.2124996185303 26.3134994506836 26.4741668701172 26.5858345031738 26.7348327636719 26.832332611084 26.8811664581299 26.9011669158936 26.8435001373291 26.6665000915527 26.7329998016357 26.8151664733887 26.8011665344238 26.6704998016357 26.578498840332 26.4974994659424 26.4715003967285 26.349666595459 26.1604995727539 25.5305004119873 25.1266670227051 24.9261665344238 24.9475002288818 25.392333984375 25.6823329925537 25.8111667633057 25.8379993438721 25.982666015625 26.0818328857422 25.913667678833 26.1579990386963 26.4318332672119 26.5659999847412 26.405834197998 26.558666229248 26.7448329925537 26.974666595459 27.0041656494141 27.3051662445068
-3.4e+38 -3.4e+38 -3.4e+38 -3.4e+38 -3.4e+38 -3.4e+38 -3.4e+38 -3.4e+38 25.8751659393311 26.0205001831055 26.0843334197998 26.316333770752 26.5769996643066 26.7116680145264 26.7714996337891 26.7395000457764 26.7945003509521 26.8408317565918 26.7138328552246 26.6446666717529 26.6516666412354 26.5820007324219 26.4883327484131 26.4125003814697 26.4248332977295 26.3763332366943 26.1411666870117 26.0636672973633 25.1103324890137 24.7644996643066 24.8389987945557 24.9423332214355 25.3470001220703 25.5883331298828 25.7203330993652 25.8299999237061 26.2345008850098 26.5383338928223 26.2083339691162 25.882999420166 26.3286666870117 26.5618324279785 26.7399997711182 27.0734996795654 27.0814990997314 27.1548328399658 27.0401668548584 27.1898326873779
-3.4e+38 -3.4e+38 -3.4e+38 -3.4e+38 -3.4e+38 -3.4e+38 -3.4e+38 -3.4e+38 25.7101669311523 26.0538330078125 26.2339992523193 26.4766654968262 26.6403331756592 26.693000793457 26.6560001373291 26.621000289917 26.595666885376 26.6961669921875 26.6921672821045 26.5076675415039 26.3716659545898 26.441333770752 26.4283332824707 26.3956680297852 26.4378337860107 26.3373336791992 26.0259990692139 25.8896675109863 25.3873329162598 24.3976669311523 24.6941661834717 24.8706665039062 25.1598339080811 25.3051662445068 25.4936676025391 25.9208335876465 26.5603332519531 26.8274993896484 26.716833114624 26.466833114624 26.6860008239746 26.6678333282471 26.7779998779297 27.1849994659424 27.2888336181641 27.3893337249756 27.671667098999 27.8099994659424
-3.4e+38 -3.4e+38 -3.4e+38 -3.4e+38 -3.4e+38 -3.4e+38 -3.4e+38 25.3268337249756 25.644832611084 26.1896667480469 26.5434989929199 26.6805000305176 26.6341667175293 26.6110000610352 26.5410003662109 26.5965003967285 26.5798320770264 26.5625 26.3460006713867 26.1606674194336 26.1820011138916 26.1905002593994 26.2143325805664 26.1139984130859 26.1065006256104 25.996000289917 25.7141666412354 25.5873336791992 25.4568328857422 25.2428340911865 24.6093330383301 24.8784999847412 25.2978324890137 25.5218334197998 26.3894996643066 26.7508335113525 26.9128341674805 27.0298328399658 26.5706672668457 26.2346668243408 26.894832611084 27.3018341064453 26.8605003356934 27.0335006713867 27.4118328094482 27.7228336334229 27.9115009307861 28.0093326568604
-3.4e+38 -3.4e+38 -3.4e+38 -3.4e+38 -3.4e+38 24.9743328094482 25.2971668243408 25.5424995422363 25.8833332061768 26.234167098999 26.4379997253418 26.6018333435059 26.5454998016357 26.4736671447754 26.4549999237061 26.5176658630371 26.4883346557617 26.3188323974609 26.1199989318848 26.0408325195312 25.9648342132568 25.9016666412354 25.8718338012695 25.8851661682129 25.8831672668457 25.5421657562256 24.7604999542236 24.8518333435059 24.5676670074463 24.5235004425049 23.9915008544922 24.9933319091797 25.7255001068115 26.4061660766602 26.816333770752 27.1178321838379 27.1774997711182 27.1730003356934 27.0273342132568 26.2670001983643 26.4594993591309 27.7666664123535 27.6206665039062 27.50950050354 27.6178321838379 27.7493324279785 27.8313331604004 27.8010005950928
-3.4e+38 -3.4e+38 -3.4e+38 -3.4e+38 25.5338325500488 25.212833404541 25.5563335418701 25.7691669464111 26.0183334350586 26.3208332061768 26.4231662750244 26.4516677856445 26.3780002593994 26.3983325958252 26.4119987487793 26.4355010986328 26.2875003814697 26.1009998321533 25.9114990234375 25.8641662597656 25.7765007019043 25.7153339385986 25.566333770752 25.5944995880127 25.5340003967285 25.4671669006348 24.9088325500488 24.9098339080811 24.2514991760254 23.2244987487793 23.3955001831055 24.7776660919189 26.2654991149902 26.8773326873779 27.0713329315186 27.1520004272461 27.3271675109863 27.1824989318848 27.4815006256104 27.5943336486816 27.1873321533203 28.0176658630371 27.8341655731201 27.6821670532227 27.5983333587646 27.3721656799316 27.4931678771973 27.7794990539551
-3.4e+38 -3.4e+38 -3.4e+38 25.9813327789307 25.7428321838379 25.3659992218018 25.5558338165283 26.0223331451416 26.1258335113525 26.3700008392334 26.3716659545898 26.3658332824707 26.4571666717529 26.5091667175293 26.468334197998 26.3311672210693 26.1283340454102 25.9925003051758 25.9268341064453 25.7693328857422 25.6788330078125 25.6163330078125 25.4838333129883 25.4251670837402 25.3371658325195 25.2115001678467 24.9409999847412 24.8076667785645 24.1218338012695 22.8306674957275 23.4398326873779 23.9895000457764 26.0348339080811 26.6326675415039 26.8723335266113 27.216667175293 27.6338329315186 27.7274990081787 27.9798336029053 28.1456661224365 28.2266674041748 28.1413345336914 27.9405002593994 27.9258346557617 27.7900009155273 27.3198337554932 27.5120010375977 27.8301658630371
-3.4e+38 -3.4e+38 -3.4e+38 26.1268348693848 25.8976669311523 25.7639999389648 25.5668334960938 25.8385009765625 26.2581672668457 26.5053329467773 26.413667678833 26.3256664276123 26.3821678161621 26.4053325653076 26.2481670379639 26.048999786377 25.970666885376 25.8386650085449 25.8108329772949 25.718334197998 25.6569995880127 25.533166885376 25.466667175293 25.3274993896484 25.179500579834 24.9580001831055 24.7563343048096 24.7174987792969 24.4389991760254 24.1668338775635 24.299165725708 24.6310005187988 25.8911666870117 26.3933334350586 25.8858337402344 27.2339992523193 27.8181667327881 27.8618335723877 28.0001678466797 28.1536674499512 28.2331676483154 28.199499130249 28.1906661987305 28.0939998626709 27.765998840332 27.5111675262451 27.8290004730225 27.9126663208008
-3.4e+38 -3.4e+38 -3.4e+38 -3.4e+38 26.382999420166 26.3481674194336 25.9936676025391 26.0351657867432 26.2520008087158 26.3668327331543 26.3629989624023 26.2991676330566 26.3520011901855 26.2530002593994 25.9851665496826 25.8299999237061 25.7270011901855 25.6138343811035 25.6240005493164 25.6571674346924 25.5715007781982 25.4138336181641 25.2858333587646 25.0904998779297 24.9568328857422 24.8110008239746 24.6618328094482 24.5384998321533 24.3691673278809 23.8921661376953 23.7466659545898 24.6778335571289 25.644832611084 26.318000793457 26.825834274292 27.5303325653076 27.8358325958252 27.8295001983643 28.0644989013672 28.1278343200684 28.175666809082 28.2641677856445 28.2968330383301 28.0065002441406 27.6935005187988 27.7026672363281 28.1201667785645 28.1391658782959
-3.4e+38 -3.4e+38 -3.4e+38 -3.4e+38 26.3334999084473 26.3621673583984 26.2488327026367 26.4146671295166 26.3360004425049 26.3221664428711 26.27783203125 26.2565002441406 26.1544990539551 25.9608345031738 25.9353332519531 25.878999710083 25.8289985656738 25.7309989929199 25.642333984375 25.4829998016357 25.3914985656738 25.2736663818359 25.0761661529541 24.8673324584961 24.6451683044434 24.4909992218018 24.3339996337891 23.9898338317871 23.6466674804688 23.0289993286133 22.574333190918 23.8633346557617 25.4073333740234 26.453332901001 26.9879989624023 27.238166809082 27.4654998779297 27.6231670379639 27.7625007629395 27.8613338470459 27.9966659545898 28.2385005950928 28.5424995422363 28.2823333740234 27.8808326721191 28.0389995574951 28.1591663360596 28.1024990081787
