rasterData/Sudan_bio8.asc
NCOLS 202 
NROWS 163 
XLLCORNER 21.809448692 
YLLCORNER 8.681641793 
CELLSIZE 0.0831293288316832 
NODATA_value -3.4e+38 
[rows 84 to 104 of 163, columns 48 to 95 of 202]
27.6284999847412 27.5995006561279 27.7726669311523 27.859167098999 27.7591667175293 27.4618339538574 26.8373336791992 26.0081653594971 24.6041660308838 24.3214988708496 25.1718330383301 26.5226669311523 27.3745002746582 27.4163341522217 27.3099994659424 27.2549991607666 27.3186664581299 27.2789993286133 27.2164993286133 27.1821670532227 27.3570003509521 27.3594989776611 27.5283336639404 27.7816677093506 28.0098342895508 28.0121669769287 28.0631675720215 28.1788330078125 28.384334564209 28.5193328857422 28.5655002593994 28.6674995422363 28.6941680908203 28.6896667480469 28.5961666107178 28.4348335266113 28.4411659240723 28.392333984375 28.1111660003662 28.1111660003662 27.949499130249 27.9754981994629 27.9416675567627 27.9076671600342 28.1905002593994 28.5860004425049 28.8511657714844 28.9475002288818
27.4383335113525 27.2750015258789 27.6631660461426 27.7674999237061 27.8343334197998 27.607666015625 27.1143341064453 27.2741661071777 27.1403331756592 26.8581657409668 26.8241653442383 27.3283348083496 27.7574996948242 27.5939998626709 27.4309997558594 27.2280006408691 27.2198333740234 27.2883319854736 27.2569999694824 27.244499206543 27.2716674804688 27.2688331604004 27.5168342590332 27.6163330078125 27.8601665496826 27.8129997253418 27.8633327484131 28.1066665649414 28.2695007324219 28.4113330841064 28.5373344421387 28.5491676330566 28.5634994506836 28.591833114624 28.4539985656738 28.2813339233398 28.3036651611328 28.2945003509521 28.136833190918 28.136833190918 27.9811668395996 27.9483337402344 27.8348331451416 27.9106674194336 28.2043323516846 28.4873332977295 28.6548347473145 28.7976665496826
27.1561660766602 27.3346672058105 27.7356662750244 27.5419998168945 27.3371658325195 27.4836673736572 27.3641662597656 27.6981658935547 28.0733337402344 28.11549949646 27.9775009155273 27.9243335723877 28.0659999847412 27.7719993591309 27.6159992218018 27.5125007629395 27.2530002593994 27.2311668395996 27.3401660919189 27.3271675109863 27.2368335723877 27.3209991455078 27.458833694458 27.6264991760254 27.7194995880127 27.6031665802002 27.7046661376953 27.9833335876465 28.1595001220703 28.3941669464111 28.4409999847412 28.404333114624 28.4643325805664 28.4591674804688 28.3326663970947 28.1556663513184 28.1760005950928 28.2123336791992 28.1316661834717 28.1316661834717 28.0431671142578 27.8658332824707 27.7859992980957 27.9136657714844 28.1823329925537 28.3813343048096 28.529333114624 28.7371673583984
27.1949996948242 27.4400005340576 27.5289993286133 27.361499786377 27.1875 27.3924999237061 27.574499130249 27.6613330841064 27.6881656646729 27.832332611084 28.2880001068115 28.3134994506836 28.1426658630371 28.0306663513184 27.8276653289795 27.4556674957275 27.3103332519531 27.2601661682129 27.2543334960938 27.3239994049072 27.3261661529541 27.4123344421387 27.558666229248 27.6216659545898 27.5181674957275 27.5418338775635 27.6196670532227 27.6668319702148 27.9838333129883 28.2835006713867 28.1669998168945 28.3383331298828 28.4111671447754 28.3610000610352 28.1973342895508 27.9831657409668 27.9540004730225 28.0233325958252 28.0378341674805 28.0378341674805 27.949333190918 27.9371662139893 27.9688339233398 28.0394992828369 28.0833339691162 28.1651668548584 28.4981651306152 28.7366676330566
27.1313343048096 27.2199993133545 27.2543334960938 27.2590007781982 27.132999420166 27.1316661834717 27.0991668701172 27.1163330078125 27.4316654205322 27.7758331298828 27.9691677093506 27.8544998168945 27.6884994506836 27.9568328857422 27.8553333282471 27.3043327331543 27.3516654968262 27.5349998474121 27.0769996643066 27.1316680908203 27.3775005340576 27.4464988708496 27.4973335266113 27.4173336029053 27.4536666870117 27.7043323516846 27.7014999389648 27.7998332977295 28.0650005340576 28.2013339996338 28.2029991149902 28.2731666564941 28.2638339996338 28.2591667175293 28.0896663665771 27.8063335418701 27.7133331298828 27.724666595459 27.7893333435059 27.7893333435059 27.8573322296143 27.9808330535889 27.923999786377 28.0094985961914 28.0423336029053 28.1490001678467 28.3929996490479 28.6119995117188
26.9790000915527 26.8934993743896 26.9308338165283 27.2056674957275 27.3821678161621 27.5281677246094 27.2313346862793 27.2401676177979 27.6138324737549 27.4825000762939 27.7281665802002 27.7145004272461 27.757833480835 28.1119995117188 27.9051666259766 27.4651679992676 27.4025001525879 27.5594997406006 27.5313339233398 27.2411670684814 27.2756671905518 27.3618335723877 27.5446662902832 27.5573329925537 27.6110000610352 27.7556667327881 27.8341674804688 27.9878330230713 28.1749992370605 28.2493343353271 28.2454986572266 28.25 28.2041664123535 28.1283321380615 27.942834854126 27.6493339538574 27.4179992675781 27.466667175293 27.5571670532227 27.5571670532227 27.7133331298828 27.9006652832031 28.0046653747559 27.9011669158936 27.8525009155273 27.9149990081787 28.2581672668457 28.4233322143555
26.4461669921875 26.2641677856445 26.7054996490479 27.548999786377 27.803165435791 27.679500579834 27.5568332672119 27.3924999237061 27.4391670227051 27.3858337402344 27.6399993896484 27.7049980163574 27.9438323974609 28.1148338317871 27.8746662139893 27.6614990234375 27.4218330383301 27.5358333587646 27.7623329162598 27.5831661224365 27.3483333587646 27.2845001220703 27.4308338165283 27.5608329772949 27.6441669464111 27.7266654968262 27.8090000152588 28.0353336334229 28.095832824707 28.1520004272461 28.2335014343262 28.2003326416016 28.0816669464111 27.9851665496826 27.8145008087158 27.5628337860107 27.1911659240723 27.1440010070801 27.3064994812012 27.3064994812012 27.5495014190674 27.7063331604004 27.8356666564941 27.871000289917 27.8951663970947 27.9653339385986 28.1238327026367 28.3349990844727
26.997501373291 27.1261672973633 27.5241661071777 27.7451667785645 27.8168334960938 27.7863330841064 27.5181655883789 27.3923320770264 27.4991664886475 27.5516662597656 27.5091667175293 27.8448333740234 28.0218334197998 27.9233341217041 27.8955001831055 27.7784996032715 27.3483333587646 27.3608322143555 27.7161674499512 27.6423320770264 27.4648323059082 27.2544994354248 27.1008338928223 27.2560005187988 27.453332901001 27.6233329772949 27.8903331756592 28.0948333740234 28.1373329162598 28.1658325195312 28.1436672210693 28.030834197998 27.9741668701172 27.867000579834 27.6805000305176 27.4463348388672 27.1743335723877 27.0314998626709 27.2310009002686 27.2310009002686 27.4806671142578 27.6001663208008 27.7134990692139 27.824333190918 27.8824996948242 27.9910011291504 28.0441665649414 28.2735004425049
27.4461669921875 27.4238338470459 27.3013343811035 27.341667175293 27.8036651611328 27.9598331451416 27.8059997558594 27.6031665802002 27.753999710083 27.6793327331543 27.7468338012695 28 27.8761672973633 28.0101661682129 28.0091667175293 27.8921661376953 27.3735008239746 27.5240001678467 27.7908325195312 27.5814990997314 27.3288326263428 27.1951656341553 27.193000793457 27.3568344116211 27.5053329467773 27.4891662597656 27.8460006713867 28.1333332061768 28.1611671447754 28.1568336486816 28.1036682128906 27.945499420166 27.8863334655762 27.7606658935547 27.5751667022705 27.3910007476807 27.2904987335205 27.0618324279785 27.1618347167969 27.1618347167969 27.3786659240723 27.5034999847412 27.5231666564941 27.7306671142578 27.8388328552246 27.9274997711182 27.9966659545898 28.2823333740234
27.1776657104492 27.4394989013672 27.5243339538574 27.4020004272461 27.640998840332 28.0480003356934 27.7178325653076 27.7283344268799 27.933666229248 27.7681674957275 27.988000869751 27.9955005645752 27.6344985961914 27.8448333740234 28.0631656646729 27.9449996948242 27.5206661224365 27.7931652069092 27.8508338928223 27.5289993286133 27.4088325500488 27.3593330383301 27.3068332672119 27.4379997253418 27.4036674499512 27.4151668548584 27.8571662902832 28.0745010375977 28.1248321533203 28.0935001373291 28.0763320922852 27.8546657562256 27.7003326416016 27.6770000457764 27.4648323059082 27.4013328552246 27.3016662597656 27.0866661071777 27.0599994659424 27.0599994659424 27.2919998168945 27.371000289917 27.4554996490479 27.6003322601318 27.6761665344238 27.8373336791992 28.0195007324219 28.2338333129883
26.9943332672119 27.1431655883789 27.5406665802002 27.8256664276123 27.6014995574951 28.0461673736572 27.77783203125 27.7695007324219 27.9301662445068 27.7981662750244 27.9393329620361 27.8841667175293 27.6455001831055 27.8506660461426 27.8986663818359 27.9703330993652 27.7315006256104 27.9069995880127 27.7849998474121 27.5501670837402 27.5776672363281 27.6118316650391 27.3285007476807 27.2281665802002 27.3729991912842 27.4688339233398 27.933666229248 28.0591659545898 28.0921669006348 28.0761661529541 27.9651660919189 27.5711669921875 27.5774993896484 27.6191673278809 27.3880004882812 27.4040012359619 27.3708343505859 27.232666015625 27.2329998016357 27.2329998016357 27.2229995727539 27.2683334350586 27.3438339233398 27.4179992675781 27.4905014038086 27.7220001220703 28.1226673126221 28.2958335876465
27.3979988098145 27.3446674346924 27.4038333892822 27.9699993133545 27.7798328399658 27.9898338317871 27.8579998016357 27.6706657409668 27.9720001220703 27.8076667785645 27.8621673583984 27.781665802002 27.7536659240723 27.8173332214355 27.8636665344238 28.0189990997314 27.9186668395996 27.9091663360596 27.7093334197998 27.734167098999 27.7908325195312 27.632999420166 27.3431663513184 27.2379989624023 27.5114994049072 27.5418319702148 27.8888339996338 28.0779991149902 28.0908336639404 27.7994995117188 27.8068332672119 27.5601673126221 27.6310005187988 27.5498332977295 27.3924999237061 27.3693332672119 27.3125 27.2361660003662 27.2558326721191 27.2558326721191 27.1964988708496 27.1801662445068 27.3390007019043 27.0440006256104 27.3374996185303 27.765832901001 28.1205005645752 28.2811660766602
27.515998840332 27.7748336791992 27.8039989471436 27.966833114624 28.0214996337891 28.0074996948242 28.0189990997314 27.9698333740234 28.0443325042725 27.9340000152588 27.9440002441406 27.906665802002 27.9013328552246 27.9361667633057 27.9551658630371 28.0330009460449 28.0736656188965 27.9581661224365 27.7770004272461 27.6776657104492 27.644832611084 27.5900001525879 27.3339996337891 27.3566665649414 27.6098327636719 27.6825008392334 27.9426670074463 28.0121669769287 28.0524997711182 27.9913330078125 27.8735008239746 27.6748332977295 27.5688343048096 27.4745006561279 27.372501373291 27.4046669006348 27.3704986572266 27.41233253479 27.3221664428711 27.3221664428711 27.343334197998 27.2529983520508 27.4821662902832 27.3523330688477 27.6683330535889 27.872501373291 28.079833984375 28.2408332824707
27.681999206543 27.7638339996338 27.8643321990967 27.8840007781982 27.9718341827393 28.0133323669434 28.005334854126 27.9908332824707 27.9823341369629 27.9331665039062 27.9071674346924 28.013500213623 28.083833694458 28.0774993896484 27.914665222168 27.9381675720215 28.0865001678467 27.9321670532227 27.8116664886475 27.7348327636719 27.8291664123535 27.7526664733887 27.531665802002 27.4933319091797 27.646167755127 27.7830009460449 27.9663333892822 27.9798336029053 27.9661674499512 27.8645000457764 27.816499710083 27.583833694458 27.5396671295166 27.4233341217041 27.341667175293 27.392333984375 27.3601665496826 27.3706665039062 27.3278331756592 27.3278331756592 27.3793334960938 27.3686676025391 27.4705009460449 27.6243324279785 27.6469993591309 27.7651672363281 27.9879989624023 28.1473331451416
27.9259986877441 28.0214996337891 27.9133338928223 27.7000007629395 27.7368335723877 27.8943328857422 27.8461666107178 27.7548332214355 27.75950050354 27.8050003051758 27.7994995117188 28.0631675720215 27.9306659698486 27.8226661682129 27.6175003051758 27.6121673583984 27.933666229248 28.0535011291504 27.9091663360596 27.949333190918 27.9653339385986 27.8421669006348 27.7000007629395 27.5090007781982 27.6788330078125 27.9274997711182 27.9368324279785 27.9384994506836 27.9090003967285 27.8188343048096 27.6935005187988 27.5858325958252 27.4768333435059 27.3958339691162 27.333833694458 27.3600006103516 27.384334564209 27.3175010681152 27.3269996643066 27.3269996643066 27.371000289917 27.2425003051758 27.4370002746582 27.5886669158936 27.5555000305176 27.7224998474121 27.9248332977295 28.0806674957275
27.9605007171631 28.1370010375977 28.0799999237061 28.070499420166 27.941333770752 27.8904991149902 27.7408332824707 27.5691661834717 27.5343341827393 27.6103324890137 27.7898330688477 28.0433330535889 27.7379989624023 27.6296653747559 27.5830001831055 27.4554996490479 27.7298336029053 27.9965000152588 28.0515003204346 28.0368328094482 27.9451656341553 27.8561668395996 27.6861667633057 27.5400009155273 27.8383331298828 27.9791660308838 27.9098339080811 27.8784999847412 27.8663330078125 27.742166519165 27.5513324737549 27.4409980773926 27.3425006866455 27.3261680603027 27.3598327636719 27.4860000610352 27.3903331756592 27.3266677856445 27.3073329925537 27.3073329925537 27.2999992370605 27.2534999847412 27.4615001678467 27.488166809082 27.5043334960938 27.6951656341553 27.8544998168945 27.9909992218018
27.9123344421387 28.0088329315186 28.179666519165 28.1826667785645 28.1380004882812 27.9659996032715 27.9386672973633 27.9138336181641 27.6511669158936 27.4716663360596 27.7643337249756 27.9734992980957 27.7518329620361 27.5421657562256 27.420166015625 27.4273338317871 27.7146663665771 27.9631652832031 28.1105003356934 28.0685005187988 27.9034996032715 27.7233333587646 27.6356658935547 27.691333770752 27.9466667175293 27.9570007324219 27.9313335418701 27.8481674194336 27.7606658935547 27.5659999847412 27.4386672973633 27.2663326263428 27.1875 27.2291679382324 27.3964996337891 27.4514999389648 27.4076671600342 27.3461666107178 27.2959995269775 27.2959995269775 27.2565002441406 27.2245006561279 27.3991661071777 27.3651657104492 27.4631671905518 27.6564998626709 27.8190002441406 27.9211673736572
27.90016746521 28.0316677093506 28.0203342437744 28.0854988098145 28.1704998016357 28.0398330688477 28.031665802002 28.0891666412354 28.0265007019043 27.6453323364258 27.6921672821045 27.832332611084 27.6818332672119 27.3920001983643 27.3216667175293 27.5255012512207 27.8171672821045 28.0093326568604 28.1431655883789 28.103666305542 27.8968334197998 27.8268337249756 27.6180000305176 27.783332824707 27.8115005493164 27.871166229248 27.8980007171631 27.8398323059082 27.6965007781982 27.4219989776611 27.4918327331543 27.3358325958252 27.1785011291504 27.1508331298828 27.3773326873779 27.4433326721191 27.3701667785645 27.3481674194336 27.3131675720215 27.3131675720215 27.2706661224365 27.2566661834717 27.308666229248 27.3668346405029 27.482666015625 27.6221675872803 27.7826671600342 27.8771667480469
28.033166885376 28.2054996490479 27.9360008239746 27.8285007476807 28.0278339385986 28.1106662750244 28.1140003204346 28.1299991607666 28.1391658782959 27.9873332977295 27.7469997406006 27.7864990234375 27.6061668395996 27.3701667785645 27.3854999542236 27.6363334655762 27.8950004577637 28.0853328704834 28.1348342895508 27.9838333129883 27.820499420166 27.658332824707 27.6845016479492 27.7766666412354 27.7171669006348 27.8986663818359 27.8388328552246 27.7450008392334 27.7520008087158 27.7096672058105 27.6686668395996 27.5061683654785 27.3436660766602 27.3239994049072 27.4578342437744 27.4581661224365 27.396333694458 27.3540000915527 27.3018341064453 27.3018341064453 27.2266654968262 27.2416667938232 27.2741661071777 27.3621673583984 27.4758338928223 27.5736675262451 27.7106666564941 27.8363342285156
28.1683330535889 28.2563343048096 27.9658336639404 27.8223342895508 27.9020004272461 28.0011672973633 28.0288333892822 28.0324993133545 28.163667678833 28.1858329772949 28.0166664123535 28.045166015625 27.9783325195312 27.7903347015381 27.4259986877441 27.59983253479 27.9005012512207 28.0655002593994 28.0939998626709 27.9179992675781 27.7738342285156 27.6728343963623 27.7994995117188 27.791166305542 27.796667098999 27.8261661529541 27.7304992675781 27.6956672668457 27.7983322143555 27.8428344726562 27.7186660766602 27.5555000305176 27.3971672058105 27.4036674499512 27.4699993133545 27.4069995880127 27.3465003967285 27.3495006561279 27.2946662902832 27.2946662902832 27.2063331604004 27.1991672515869 27.242166519165 27.3460006713867 27.4828338623047 27.5625 27.6574993133545 27.7719993591309
28.1958332061768 28.1110000610352 27.9871673583984 27.6883335113525 27.7964992523193 27.8793334960938 27.92799949646 27.9503326416016 28.0216674804688 28.1226673126221 28.2118339538574 28.199333190918 28.0974998474121 28.1479988098145 28.0413341522217 27.9696674346924 27.9398326873779 27.9885005950928 28.0025005340576 27.8528327941895 27.6753330230713 27.6713333129883 27.9539985656738 27.929500579834 27.7921676635742 27.7588329315186 27.7434997558594 27.7643337249756 27.8178329467773 27.8613338470459 27.7431659698486 27.5271663665771 27.4818325042725 27.482666015625 27.4431667327881 27.4158325195312 27.3684997558594 27.3489990234375 27.2285003662109 27.2285003662109 27.1573333740234 27.1550006866455 27.207332611084 27.3090000152588 27.4348335266113 27.5358333587646 27.5949993133545 27.7233333587646
