rasterData/Sudan_bio10.asc
NCOLS 202 
NROWS 163 
XLLCORNER 21.809448692 
YLLCORNER 8.681641793 
CELLSIZE 0.0831293288316832 
NODATA_value -3.4e+38 
[rows 42 to 62 of 163, columns 144 to 191 of 202]
34.3061676025391 34.253833770752 34.1840019226074 34.0475006103516 33.894832611084 33.8803329467773 33.9358329772949 33.9053344726562 33.7853355407715 33.6228332519531 33.5551681518555 33.4101676940918 33.1911659240723 33.0504989624023 33.0325012207031 32.9298324584961 32.7934989929199 32.6251678466797 32.5478324890137 32.385498046875 32.1578330993652 31.9203338623047 31.7280006408691 31.5981674194336 31.4744987487793 31.4060001373291 31.2423324584961 30.9658336639404 30.8406658172607 30.9408340454102 30.9945011138916 30.5494995117188 30.0989990234375 29.9983329772949 29.7158336639404 30.1356658935547 30.1441669464111 29.9829998016357 29.7188339233398 29.3333339691162 29.1298332214355 31.8304996490479 33.9728317260742 34.5201683044434 34.8586654663086 35.1401824951172 35.1220436096191 34.978702545166
34.2869987487793 34.2058334350586 34.2243347167969 34.1783332824707 34.0178337097168 33.9736671447754 34.0224990844727 33.9693336486816 33.792667388916 33.65283203125 33.576000213623 33.429500579834 33.3026657104492 33.1921653747559 33.1536674499512 33.056999206543 32.908332824707 32.7471656799316 32.5826683044434 32.3734970092773 32.1718330383301 31.8360004425049 31.6404991149902 31.6630001068115 31.6278343200684 31.4501667022705 31.3583335876465 31.2653331756592 31.0056667327881 30.9934997558594 31.0440006256104 30.3759994506836 30.1951675415039 30.4766674041748 30.3325004577637 30.361499786377 30.3483333587646 30.199333190918 29.8339996337891 29.3680000305176 29.6995010375977 31.9976673126221 33.6119995117188 34.3356666564941 34.8028335571289 35.1971664428711 35.173999786377 35.1216659545898
34.3279991149902 34.2229995727539 34.2311668395996 34.2953338623047 34.193000793457 34.121166229248 34.0764999389648 33.9421653747559 33.761833190918 33.7224998474121 33.6671676635742 33.5201683044434 33.3339996337891 33.2133331298828 33.244499206543 33.1259994506836 32.9611663818359 32.7471656799316 32.5143356323242 32.3251647949219 32.166332244873 31.9949989318848 31.8575000762939 31.7614994049072 31.7198333740234 31.5911674499512 31.4988327026367 31.2946662902832 31.2838325500488 31.2159996032715 31.2823333740234 31.2068328857422 31.1749992370605 30.6450004577637 30.6673336029053 30.5069999694824 30.5086669921875 30.2509994506836 29.7446670532227 29.6703338623047 30.3563327789307 31.6936664581299 33.4749984741211 34.0736656188965 34.5750007629395 35.0063323974609 35.1093330383301 35.0711669921875
34.4878311157227 34.2945022583008 34.2745018005371 34.3546676635742 34.1616668701172 34.0709991455078 33.9965019226074 33.9205017089844 33.8453330993652 33.7703323364258 33.6536674499512 33.560001373291 33.4594993591309 33.3643341064453 33.2996673583984 33.1761665344238 32.964168548584 32.7770004272461 32.6386680603027 32.4488334655762 32.2281684875488 32.0881652832031 31.9123344421387 31.8465003967285 31.7639999389648 31.5921669006348 31.501501083374 31.4391670227051 31.3586673736572 31.3223323822021 31.3250007629395 31.2250003814697 31.1768341064453 31.045166015625 30.8553333282471 30.634334564209 30.5666675567627 30.3129997253418 29.9103336334229 29.4808349609375 29.3088340759277 32.0629997253418 33.2415008544922 33.8494987487793 34.4165000915527 34.8708343505859 35.0559997558594 34.9169998168945
34.5171661376953 34.3745002746582 34.3334999084473 34.2724990844727 34.1483345031738 34.014331817627 34.0191650390625 34.0056686401367 33.9684982299805 33.8543319702148 33.691333770752 33.5591659545898 33.4243316650391 33.3831672668457 33.2868347167969 33.1416664123535 33.0271682739258 32.8595008850098 32.6539993286133 32.5 32.3680000305176 32.2210006713867 32.0436668395996 31.9598331451416 31.7798328399658 31.6818332672119 31.6149997711182 31.4624996185303 31.4368324279785 31.3453330993652 31.3343334197998 31.2639999389648 31.1908340454102 31.0625 30.9266662597656 30.6879997253418 30.445333480835 30.1343326568604 29.80299949646 29.3741664886475 29.1598320007324 31.5556678771973 33.1158332824707 33.7671661376953 34.34716796875 34.727165222168 34.935001373291 34.7603340148926
34.5243339538574 34.5083351135254 34.4111671447754 34.3133316040039 34.1686668395996 34.0240020751953 34.0866661071777 34.1358337402344 34.022331237793 33.8603324890137 33.7024993896484 33.5825004577637 33.4093322753906 33.4011688232422 33.3021659851074 33.208667755127 33.0136680603027 32.8583335876465 32.718334197998 32.5913314819336 32.4114990234375 32.2065010070801 32.0574989318848 31.9145011901855 31.8955001831055 31.8313331604004 31.7621669769287 31.674165725708 31.5573329925537 31.4160003662109 31.3426666259766 31.3108329772949 31.1506671905518 31.0461654663086 30.8223342895508 30.5991668701172 30.3058338165283 29.9214992523193 29.5378322601318 29.1831665039062 29.5778331756592 31.9931678771973 33.1281661987305 33.6479988098145 34.1873321533203 34.6046676635742 34.8033332824707 34.6563339233398
34.4933319091797 34.545166015625 34.4933319091797 34.4394989013672 34.3128318786621 34.1841659545898 34.2371673583984 34.1800003051758 34.0731658935547 33.9729995727539 33.818000793457 33.6889991760254 33.5106658935547 33.4894981384277 33.3880004882812 33.2840003967285 33.1103324890137 33.010498046875 32.7788314819336 32.6430015563965 32.503833770752 32.371166229248 32.272331237793 32.1279983520508 32.0161666870117 31.9611663818359 31.7674999237061 31.6363334655762 31.4976673126221 31.3538341522217 31.3194999694824 31.2371654510498 31.1308345794678 30.9675006866455 30.7778339385986 30.537166595459 30.2534999847412 29.752498626709 28.9608325958252 28.7399997711182 30.3525009155273 32.4391670227051 32.7265014648438 32.6603317260742 33.906665802002 34.529167175293 34.6473350524902 34.6095008850098
34.3936653137207 34.441333770752 34.5883331298828 34.4766654968262 34.3190002441406 34.2024993896484 34.2493324279785 34.1908340454102 34.0260009765625 33.8671646118164 33.7551651000977 33.6689987182617 33.5 33.4798316955566 33.3388328552246 33.2068328857422 33.0703353881836 32.9763336181641 32.9333343505859 32.7213325500488 32.53466796875 32.4461669921875 32.3596649169922 31.8903331756592 32.0100021362305 31.9525012969971 31.8063335418701 31.7428340911865 31.6628322601318 31.5265007019043 31.4101676940918 31.0816669464111 30.9986667633057 30.8933334350586 30.7921676635742 30.7956657409668 30.1378326416016 28.9419994354248 28.0778331756592 28.8523330688477 30.8188343048096 32.2251663208008 32.1019973754883 32.2830009460449 33.9293327331543 34.4668350219727 34.34716796875 33.9118347167969
34.4679985046387 34.5208320617676 34.5620002746582 34.5446662902832 34.4071655273438 34.2071685791016 34.2268333435059 34.1521682739258 34.0136680603027 33.8824996948242 33.7996673583984 33.6798324584961 33.4863319396973 33.4411659240723 33.3779983520508 33.2556686401367 33.1028327941895 33.0548324584961 32.8818359375 32.6416664123535 32.5203323364258 32.5115013122559 32.451831817627 32.3241653442383 32.2168350219727 32.0731658935547 32.0041656494141 31.7956676483154 31.5685005187988 31.5943336486816 31.5056667327881 31.2905006408691 31.1071662902832 30.8334999084473 31.0523338317871 31.0593338012695 30.279167175293 28.3771667480469 28.4870014190674 29.0470008850098 31.4843330383301 32.5061645507812 32.4496650695801 32.1793327331543 33.9874992370605 34.326000213623 33.9580001831055 33.0918312072754
34.4130020141602 34.494499206543 34.5673332214355 34.5673332214355 34.384334564209 34.2056655883789 34.1259994506836 34.0283317565918 33.9635009765625 33.8646659851074 33.8154983520508 33.7248344421387 33.5714988708496 33.4970016479492 33.4291648864746 33.2809982299805 33.1920013427734 33.1223335266113 32.8703346252441 32.7608337402344 32.6710014343262 32.6241683959961 32.4686660766602 32.3689994812012 32.2633323669434 32.1580009460449 32.0483322143555 31.7336654663086 31.4883346557617 31.4303340911865 31.4524993896484 31.3320007324219 31.1278324127197 30.788667678833 31.0979995727539 31.0433330535889 30.2668342590332 29.6353340148926 29.7829990386963 30.3064994812012 32.1843338012695 32.8221664428711 32.6018333435059 33.0384979248047 34.0354995727539 34.1191673278809 33.6121673583984 32.7918319702148
34.3811683654785 34.4211654663086 34.5811653137207 34.6175003051758 34.3938331604004 34.2565002441406 34.0919990539551 34.0363349914551 33.9765014648438 33.9726638793945 33.9068336486816 33.7786674499512 33.7078323364258 33.5216674804688 33.406665802002 33.3035011291504 33.3143348693848 33.136833190918 32.9715003967285 32.8951644897461 32.8503341674805 32.7408332824707 32.5966682434082 32.5708351135254 32.3716659545898 31.9738330841064 32.1450004577637 31.9508323669434 31.7448329925537 31.5281677246094 31.4041652679443 31.3953323364258 31.2813339233398 31.1830005645752 31.3678340911865 31.326000213623 30.689998626709 30.5068321228027 30.9861679077148 31.5843334197998 32.6631660461426 33.1101684570312 32.2164993286133 33.4973335266113 34.0071678161621 33.9269981384277 33.5774993896484 32.849666595459
34.3203353881836 34.4238319396973 34.5533332824707 34.6016693115234 34.4259986877441 34.2341651916504 34.1303329467773 34.1769981384277 34.1344985961914 34.0585021972656 33.9268341064453 33.8258323669434 33.677001953125 33.5190010070801 33.4485015869141 33.398998260498 33.3428344726562 33.1396675109863 33.0881652832031 33.0846672058105 33.0125007629395 32.832332611084 32.6971664428711 32.497501373291 32.4090003967285 32.2608337402344 31.8926658630371 32.0178337097168 31.8018341064453 31.6571674346924 31.5598335266113 31.3351669311523 31.4671669006348 31.5421676635742 31.6778335571289 31.4118328094482 30.8773345947266 30.9811668395996 32.0591659545898 32.4706649780273 33.0206680297852 33.1240005493164 32.8683319091797 33.5048332214355 33.8598327636719 33.8223342895508 33.4959983825684 33.1774978637695
34.2755012512207 34.3349990844727 34.5584983825684 34.5690002441406 34.4095001220703 34.3241653442383 34.2566680908203 34.2150001525879 34.0526657104492 33.9363327026367 33.8606643676758 33.7949981689453 33.6808319091797 33.5516662597656 33.5036659240723 33.5008316040039 33.3383331298828 33.2351684570312 33.2353324890137 33.1476669311523 33.0144996643066 32.8706665039062 32.7106666564941 32.5315017700195 32.6811676025391 32.5530014038086 32.2761650085449 32.1811676025391 31.9020004272461 31.271333694458 31.3104991912842 31.4244995117188 31.6630001068115 31.8741664886475 31.8001670837402 31.5551662445068 31.3636665344238 30.9536666870117 31.7804985046387 33.0525016784668 33.2373352050781 32.636833190918 31.771333694458 33.6176681518555 33.8001670837402 33.436164855957 33.586498260498 33.2975006103516
34.2334976196289 34.2714996337891 34.4001655578613 34.4235000610352 34.369499206543 34.27783203125 34.1871681213379 34.1241683959961 34.0726661682129 34.0144996643066 33.9183311462402 33.7854995727539 33.6736679077148 33.5929985046387 33.6129989624023 33.4996681213379 33.393669128418 33.3655014038086 33.3019981384277 33.1860008239746 33.0956649780273 32.9404983520508 32.5911674499512 32.6269989013672 32.7758331298828 32.6360015869141 32.5110015869141 32.3030014038086 32.1588325500488 31.9263324737549 31.7765007019043 31.7686653137207 31.7526664733887 32.0938339233398 32.0214996337891 31.6981658935547 31.2863330841064 31.3166656494141 32.6418342590332 33.0458335876465 33.4421653747559 33.1901664733887 33.2285003662109 33.6696662902832 33.6743354797363 33.3753318786621 33.2348327636719 33.115665435791
34.0906677246094 34.0831680297852 34.154167175293 34.2083320617676 34.2729988098145 34.2413330078125 34.191333770752 34.1298332214355 34.0153350830078 33.9373321533203 33.8600006103516 33.8008346557617 33.7041664123535 33.626335144043 33.6041679382324 33.5113334655762 33.4501647949219 33.4386672973633 33.3503341674805 33.2854995727539 33.1570014953613 32.7866668701172 32.7398338317871 32.9808349609375 32.8875007629395 32.7526664733887 32.5826683044434 32.4303321838379 32.3318328857422 32.1143341064453 31.9069995880127 31.7528324127197 31.8771667480469 32.2511672973633 32.1346664428711 31.7738342285156 31.8686676025391 32.291332244873 32.7848320007324 31.8683338165283 33.1138343811035 33.4368324279785 33.4218330383301 33.369499206543 33.5436668395996 33.3689994812012 32.2314987182617 32.6360015869141
34.0811653137207 33.9985008239746 34.0703315734863 34.1058349609375 34.2254981994629 34.2106666564941 34.1759986877441 34.132999420166 34.0164985656738 33.9738311767578 33.9841651916504 33.8713340759277 33.783332824707 33.6933326721191 33.5943336486816 33.5178337097168 33.496166229248 33.4423332214355 33.388500213623 33.2826652526855 33.1153335571289 32.626335144043 33.0708351135254 33.019832611084 32.8776664733887 32.7465019226074 32.7109985351562 32.6066665649414 32.4358329772949 32.1749992370605 31.7481670379639 31.7931671142578 32.0648345947266 32.4126663208008 32.393669128418 32.1196670532227 32.4811668395996 32.1716690063477 32.0540008544922 32.1681671142578 32.9208335876465 33.0803337097168 33.0955009460449 33.2223320007324 33.421501159668 33.2179985046387 30.7334995269775 31.6478328704834
33.9524993896484 33.9871673583984 34.0811653137207 34.1078338623047 34.1483306884766 34.1903343200684 34.2203330993652 34.1479988098145 34.1928329467773 34.208667755127 34.1184997558594 33.9786682128906 33.878833770752 33.7620010375977 33.628833770752 33.5421676635742 33.509334564209 33.485668182373 33.3906669616699 33.3456649780273 33.1005020141602 33.1906661987305 33.0488319396973 32.9471664428711 32.8584976196289 32.802001953125 32.7331657409668 32.6318321228027 32.2993316650391 32.1843338012695 32.0164985656738 31.8058338165283 32.1595001220703 32.4739990234375 32.416332244873 31.9201679229736 32.208667755127 31.9293346405029 32.4013328552246 32.3791656494141 32.5859985351562 32.6694984436035 32.8493347167969 33.0488319396973 33.2060012817383 33.1245002746582 31.1941661834717 -3.4e+38
34.0071640014648 34.0418319702148 34.0301666259766 34.0509986877441 34.0620002746582 34.1813316345215 34.2280006408691 34.2234992980957 34.2096672058105 34.2016677856445 34.1344985961914 34.0536651611328 34.0209999084473 33.7610015869141 33.6525001525879 33.6020011901855 33.5721664428711 33.5353317260742 33.3400001525879 33.3264999389648 33.3115005493164 33.1599998474121 32.9946670532227 33.003833770752 32.9228324890137 32.747501373291 32.6946678161621 32.6455001831055 32.4071655273438 32.4309997558594 32.2418327331543 31.9829998016357 32.2200012207031 32.6031684875488 32.6918334960938 32.5559997558594 32.0331649780273 32.1870002746582 31.8693332672119 31.977165222168 32.2438316345215 32.4703330993652 32.7135009765625 32.8558349609375 33.0083351135254 -3.4e+38 -3.4e+38 -3.4e+38
34.0148315429688 33.9645004272461 33.9383316040039 33.9300003051758 33.9095001220703 34.0098342895508 34.147331237793 34.0999984741211 34.1146659851074 34.1151657104492 34.0293350219727 33.9580001831055 33.9645004272461 33.7741661071777 33.572998046875 33.5873336791992 33.6588325500488 33.5424995422363 33.3346672058105 33.3453330993652 33.2796669006348 33.1326675415039 33.0876655578613 33.0875015258789 32.970832824707 32.8173332214355 32.800666809082 32.7115020751953 32.5791664123535 32.5205001831055 32.3528327941895 32.3756675720215 32.2324981689453 32.6153335571289 32.8128318786621 32.5415000915527 32.1660003662109 32.0003318786621 31.4925003051758 31.7218341827393 31.6943321228027 31.984167098999 32.3678321838379 32.6344985961914 32.8294982910156 -3.4e+38 -3.4e+38 -3.4e+38
34.0386657714844 33.9403343200684 33.852668762207 33.8530006408691 33.9088325500488 33.8693313598633 34.0721664428711 34.0493316650391 34.0656661987305 34.0598335266113 34.003833770752 33.8689994812012 33.8528327941895 33.8199996948242 33.5696678161621 33.4900016784668 33.5928344726562 33.5424995422363 33.4148330688477 33.3853340148926 33.3131675720215 33.1891670227051 33.0960006713867 33.0956649780273 33.0984992980957 32.9736671447754 32.8513336181641 32.7806663513184 32.7091674804688 32.5444984436035 32.4988327026367 32.5363311767578 32.6175003051758 32.6743316650391 32.9331665039062 32.6793327331543 32.147834777832 31.7946662902832 31.4508323669434 31.2195014953613 31.0869998931885 31.6000003814697 32.0756645202637 32.4656677246094 32.6245002746582 -3.4e+38 -3.4e+38 -3.4e+38
33.9876670837402 33.8858337402344 33.8110008239746 33.8446655273438 33.8221664428711 33.8165016174316 33.9661674499512 34.0028343200684 34.0006675720215 33.9661674499512 33.9195022583008 33.8600006103516 33.7973327636719 33.7478332519531 33.5951652526855 33.4169998168945 33.5146675109863 33.5368347167969 33.4933319091797 33.4278335571289 33.4621658325195 33.2654991149902 33.1346664428711 33.167667388916 33.1508331298828 32.9785003662109 32.9145011901855 32.8409996032715 32.6775016784668 32.5803337097168 32.5321655273438 32.623664855957 32.7019996643066 32.8071670532227 32.8083343505859 32.5256652832031 32.0288314819336 31.5981674194336 31.1478328704834 -3.4e+38 30.8334999084473 31.6413326263428 -3.4e+38 32.4570007324219 -3.4e+38 -3.4e+38 -3.4e+38 -3.4e+38
