rasterData/Sudan_bio12.asc
NCOLS 202 
NROWS 163 
XLLCORNER 21.809448692 
YLLCORNER 8.681641793 
CELLSIZE 0.0831293288316832 
NODATA_value -3.4e+38 
[rows 76 to 113 of 163, columns 0 to 84 of 202]
-3.4e+38 -3.4e+38 -3.4e+38 -3.4e+38 -3.4e+38 -3.4e+38 -3.4e+38 -3.4e+38 -3.4e+38 -3.4e+38 -3.4e+38 -3.4e+38 -3.4e+38 -3.4e+38 -3.4e+38 -3.4e+38 -3.4e+38 -3.4e+38 -3.4e+38 -3.4e+38 -3.4e+38 -3.4e+38 -3.4e+38 -3.4e+38 -3.4e+38 -3.4e+38 127 129 125 123 123 123 126 128 127 128 127 122 125 126 128 129 129 133 127 128 129 130 135 135 134 132 126 123 120 118 121 122 123 122 119 118 117 118 118 119 119 117 115 112 110 110 110 110 108 105 105 103 103 103 103 102 102 104 105
-3.4e+38 -3.4e+38 -3.4e+38 -3.4e+38 -3.4e+38 -3.4e+38 -3.4e+38 -3.4e+38 -3.4e+38 -3.4e+38 -3.4e+38 -3.4e+38 -3.4e+38 -3.4e+38 -3.4e+38 -3.4e+38 -3.4e+38 -3.4e+38 -3.4e+38 -3.4e+38 -3.4e+38 -3.4e+38 -3.4e+38 -3.4e+38 -3.4e+38 -3.4e+38 133 133 129 127 128 129 128 134 134 136 133 131 129 130 131 135 138 139 134 138 139 143 143 138 135 133 131 127 122 124 127 127 127 125 124 125 124 122 121 122 123 121 117 117 117 116 115 115 110 108 107 107 106 107 107 106 105 107 107
-3.4e+38 -3.4e+38 -3.4e+38 -3.4e+38 -3.4e+38 -3.4e+38 -3.4e+38 -3.4e+38 -3.4e+38 -3.4e+38 -3.4e+38 -3.4e+38 -3.4e+38 -3.4e+38 -3.4e+38 -3.4e+38 -3.4e+38 -3.4e+38 -3.4e+38 -3.4e+38 141 138 137 137 136 -3.4e+38 136 134 134 135 134 134 135 136 136 138 142 137 136 139 139 142 142 149 149 149 147 148 147 145 141 137 133 132 131 128 130 132 131 130 132 132 126 126 126 127 128 124 123 124 121 119 118 116 114 112 111 111 110 109 109 109 109 110 111
-3.4e+38 -3.4e+38 -3.4e+38 -3.4e+38 -3.4e+38 -3.4e+38 -3.4e+38 -3.4e+38 -3.4e+38 -3.4e+38 -3.4e+38 -3.4e+38 -3.4e+38 -3.4e+38 149 151 152 150 148 148 149 146 147 147 145 143 143 143 140 143 143 140 140 140 142 143 143 145 142 141 142 143 145 151 155 157 157 156 149 145 145 141 137 138 135 134 137 138 138 139 138 135 133 132 131 133 134 129 130 128 125 123 121 120 119 115 115 114 114 113 112 113 112 112 115
-339999999999999996123846586046231871488.000000000000000 -3.4e+38 -3.4e+38 -3.4e+38 -3.4e+38 -3.4e+38 -3.4e+38 -3.4e+38 -3.4e+38 -3.4e+38 -3.4e+38 -3.4e+38 -3.4e+38 157 157 159 158 158 155 153 155 153 152 154 153 154 153 149 148 149 149 153 149 145 147 147 150 153 151 150 146 150 155 160 163 163 160 155 152 147 146 143 143 138 141 140 140 145 148 148 145 140 139 137 133 133 137 134 136 134 130 129 125 123 121 120 120 119 118 116 117 117 117 117 119
-3.4e+38 -3.4e+38 -3.4e+38 -3.4e+38 -3.4e+38 -3.4e+38 -3.4e+38 -3.4e+38 -3.4e+38 -3.4e+38 -3.4e+38 -3.4e+38 -3.4e+38 165 165 165 166 166 164 163 165 161 161 161 162 163 158 157 157 154 155 159 154 156 157 158 155 159 161 157 155 156 162 163 161 168 163 157 156 152 150 146 148 148 150 151 156 160 157 154 150 146 145 141 138 139 142 140 140 138 135 131 130 126 126 124 123 122 121 121 121 122 120 121 124
-3.4e+38 -3.4e+38 -3.4e+38 -3.4e+38 -3.4e+38 -3.4e+38 -3.4e+38 -3.4e+38 -3.4e+38 -3.4e+38 -3.4e+38 -3.4e+38 -3.4e+38 -3.4e+38 173 174 174 175 173 170 169 171 173 169 170 171 166 165 166 160 163 165 160 159 163 165 164 162 165 167 165 166 167 169 164 164 163 160 157 155 153 153 158 158 163 176 181 175 165 158 154 155 151 146 144 145 145 146 143 141 138 136 133 130 130 128 128 127 127 125 127 127 124 126 128
-3.4e+38 -3.4e+38 -3.4e+38 -3.4e+38 -3.4e+38 -3.4e+38 -3.4e+38 -3.4e+38 -3.4e+38 -3.4e+38 -3.4e+38 -3.4e+38 -3.4e+38 -3.4e+38 180 180 180 179 180 179 178 180 181 178 180 179 172 176 172 169 167 169 171 167 166 169 172 170 170 173 175 178 178 173 169 165 164 163 162 162 157 159 161 164 172 193 208 187 177 166 159 159 157 148 147 152 153 152 148 143 142 139 137 135 134 132 131 131 130 130 128 129 128 130 131
-3.4e+38 -3.4e+38 -3.4e+38 -3.4e+38 -3.4e+38 -3.4e+38 -3.4e+38 -3.4e+38 -3.4e+38 -3.4e+38 -3.4e+38 -3.4e+38 -3.4e+38 193 192 190 190 188 188 190 189 186 188 189 189 184 181 185 182 178 174 176 176 176 172 173 177 176 177 178 184 186 180 178 172 170 168 167 167 166 164 164 165 167 171 179 193 198 186 169 160 159 157 156 154 156 154 156 152 151 149 145 140 139 138 137 137 135 134 133 132 132 133 133 134
-3.4e+38 -3.4e+38 -3.4e+38 -3.4e+38 -3.4e+38 -3.4e+38 -3.4e+38 -3.4e+38 -3.4e+38 -3.4e+38 -3.4e+38 -3.4e+38 -3.4e+38 201 201 200 200 199 199 199 200 198 199 198 197 195 191 193 193 186 182 181 185 187 181 176 179 179 180 183 187 185 182 178 177 173 172 176 173 175 171 170 168 171 172 170 169 171 171 165 161 161 160 160 160 159 160 158 157 157 152 150 147 146 145 143 140 139 137 137 137 135 136 139 138
-3.4e+38 -3.4e+38 -3.4e+38 -3.4e+38 -3.4e+38 -3.4e+38 -3.4e+38 -3.4e+38 -3.4e+38 -3.4e+38 -3.4e+38 -3.4e+38 213 213 212 211 210 210 210 206 206 205 204 204 204 205 202 204 198 192 189 188 190 190 190 185 183 183 185 186 189 192 189 185 180 179 179 180 182 179 176 176 178 173 174 171 169 165 166 165 160 162 162 162 164 162 161 161 161 160 158 155 152 154 154 148 147 144 142 142 141 139 140 141 142
-3.4e+38 -3.4e+38 -3.4e+38 -3.4e+38 -3.4e+38 -3.4e+38 -3.4e+38 -3.4e+38 -3.4e+38 -3.4e+38 -3.4e+38 226 224 224 223 222 223 222 218 219 219 216 215 214 213 212 212 209 203 199 195 195 194 195 194 192 191 192 193 194 198 197 194 189 185 186 184 187 185 184 182 183 183 179 178 177 176 173 168 165 164 165 164 166 168 167 167 165 165 163 160 158 159 159 158 156 152 148 148 146 144 143 145 147 147
-3.4e+38 -3.4e+38 -3.4e+38 -3.4e+38 -3.4e+38 -3.4e+38 -3.4e+38 -3.4e+38 -3.4e+38 -3.4e+38 237 237 237 235 235 234 233 230 230 230 227 225 224 222 219 219 218 214 214 207 202 205 208 201 199 200 197 197 202 203 201 198 196 193 191 192 193 192 191 190 190 187 187 186 185 184 182 177 174 174 174 169 169 172 171 168 173 171 167 166 165 165 164 161 161 159 156 153 154 151 148 145 148 152 155
-3.4e+38 -3.4e+38 -3.4e+38 -3.4e+38 -3.4e+38 -3.4e+38 -3.4e+38 -3.4e+38 -3.4e+38 -3.4e+38 250 247 245 245 245 243 242 238 239 237 235 234 234 232 228 226 224 222 221 216 213 214 211 207 209 210 203 204 210 208 205 203 199 198 196 198 197 197 197 196 194 193 190 187 187 186 183 182 180 179 177 173 174 175 175 173 170 173 172 171 167 166 165 164 163 163 160 159 159 155 154 154 157 159 161
-3.4e+38 -3.4e+38 -3.4e+38 -3.4e+38 -3.4e+38 -3.4e+38 -3.4e+38 -3.4e+38 -3.4e+38 -3.4e+38 259 256 256 254 254 254 253 251 245 244 246 242 241 238 233 233 231 229 228 224 221 221 217 215 215 213 211 211 214 213 211 207 205 204 203 203 203 203 203 207 200 194 191 190 190 190 189 188 184 183 179 177 178 177 178 177 173 174 174 176 172 171 169 167 167 165 164 164 162 160 160 160 161 163 167
-3.4e+38 -3.4e+38 -3.4e+38 -3.4e+38 -3.4e+38 -3.4e+38 -3.4e+38 274 275 271 269 267 269 269 265 265 266 264 259 254 252 252 248 247 244 242 240 237 233 233 230 230 227 224 223 222 220 220 219 215 213 210 208 208 210 212 213 210 205 201 199 198 195 193 196 196 193 190 189 186 182 182 181 181 184 183 179 178 179 180 182 178 174 173 171 169 168 168 165 166 164 165 166 168 171
-3.4e+38 -3.4e+38 -3.4e+38 -3.4e+38 -3.4e+38 -3.4e+38 288 287 283 282 280 277 277 278 277 276 276 274 272 270 265 264 260 257 254 251 248 245 242 242 242 239 236 233 234 233 232 229 227 222 218 217 216 214 215 216 214 211 210 205 204 204 201 196 196 198 195 194 192 188 187 185 185 185 189 187 181 184 186 186 185 182 180 181 179 175 173 172 169 172 169 170 170 173 173
-3.4e+38 -3.4e+38 -3.4e+38 -3.4e+38 -3.4e+38 -3.4e+38 -3.4e+38 299 296 293 291 290 286 286 287 285 282 282 281 280 276 273 272 269 264 260 257 255 253 253 258 249 244 240 241 241 237 231 228 225 222 221 220 218 219 219 218 217 214 209 207 207 205 200 201 200 196 198 193 192 195 191 188 189 193 189 186 189 189 189 187 187 188 188 183 181 178 178 177 176 175 175 176 176 176
-3.4e+38 -3.4e+38 -3.4e+38 -3.4e+38 -3.4e+38 -3.4e+38 -3.4e+38 314 307 304 303 303 298 298 296 296 293 291 292 289 286 285 282 279 274 272 268 266 263 266 266 263 255 247 246 244 241 241 235 229 230 225 223 223 222 222 220 219 218 216 211 209 211 205 206 204 202 200 197 197 199 195 194 193 196 192 194 194 194 193 195 195 195 193 188 187 184 182 183 187 182 181 180 179 180
-3.4e+38 -3.4e+38 -3.4e+38 -3.4e+38 -3.4e+38 -3.4e+38 -3.4e+38 328 321 319 317 314 311 309 307 307 307 304 301 301 298 296 296 294 290 284 280 278 279 278 275 270 262 254 248 245 243 239 238 236 233 231 230 228 227 226 224 222 220 219 217 211 212 210 208 209 205 205 202 203 202 201 200 196 197 196 198 197 198 199 202 201 198 197 194 193 190 190 189 192 187 189 189 184 186
-3.4e+38 -3.4e+38 -3.4e+38 -3.4e+38 -3.4e+38 -3.4e+38 -3.4e+38 -3.4e+38 337 333 333 329 324 322 320 317 319 316 315 314 311 308 307 305 302 298 295 290 294 295 285 277 269 258 255 250 243 239 241 243 237 235 231 229 229 227 227 225 222 218 217 215 214 213 210 210 206 205 206 205 203 203 203 201 200 199 201 201 204 206 206 205 202 200 199 198 197 194 195 197 194 194 195 193 194
-3.4e+38 -3.4e+38 -3.4e+38 -3.4e+38 -3.4e+38 -3.4e+38 -3.4e+38 -3.4e+38 352 345 345 340 335 334 331 332 331 331 328 327 326 324 318 317 314 310 306 303 301 313 299 289 278 271 266 259 249 243 241 243 238 238 235 232 230 229 228 226 225 223 220 219 216 215 214 213 212 211 209 209 206 207 206 205 205 204 205 205 209 209 209 208 207 206 205 204 200 203 199 203 200 204 203 202 202
-3.4e+38 -3.4e+38 -3.4e+38 -3.4e+38 -3.4e+38 -3.4e+38 -3.4e+38 371 366 358 353 351 345 346 345 344 347 343 342 344 342 340 335 332 328 325 321 315 311 308 312 299 286 280 265 259 254 248 252 250 241 236 239 235 233 230 228 227 226 225 224 225 223 218 219 220 218 215 215 212 211 213 214 215 209 206 210 211 212 213 214 216 212 211 209 208 206 208 207 209 209 213 212 213 208
-3.4e+38 -3.4e+38 -3.4e+38 -3.4e+38 -3.4e+38 392 387 380 375 367 365 360 357 361 360 360 361 362 358 358 360 357 354 349 344 341 348 336 338 331 335 308 291 280 271 263 257 252 249 254 252 237 233 234 234 233 231 230 227 225 225 223 224 222 223 224 224 223 218 217 220 219 220 221 218 212 214 215 215 216 219 221 219 217 217 216 216 216 217 218 220 220 220 220 220
-3.4e+38 -3.4e+38 -3.4e+38 -3.4e+38 395 400 394 391 385 379 376 372 374 377 376 376 373 375 378 379 378 376 377 369 361 357 359 351 354 367 354 325 299 287 278 268 261 258 249 244 242 236 232 234 235 237 235 233 229 229 226 227 227 226 224 223 225 227 224 221 224 226 227 227 224 220 218 221 221 223 224 224 223 223 222 221 223 225 226 228 230 230 229 226 227
-3.4e+38 -3.4e+38 -3.4e+38 403 404 409 405 395 395 392 388 386 385 388 388 389 388 392 395 396 393 390 387 383 381 375 373 368 371 385 362 350 314 299 289 279 267 258 252 242 236 231 230 232 234 239 234 233 234 232 229 228 228 230 228 227 226 228 228 227 228 231 230 228 224 225 224 227 227 227 229 228 230 231 230 229 232 235 235 236 240 239 236 236 237
-3.4e+38 -3.4e+38 -3.4e+38 413 415 415 414 408 404 403 403 398 397 401 400 404 405 405 408 410 407 406 406 403 398 392 388 384 380 375 365 350 326 312 311 288 273 263 255 247 238 230 229 231 235 239 235 236 235 235 234 234 231 230 231 228 227 226 230 230 232 234 235 231 229 229 229 231 231 233 237 238 236 237 235 237 240 239 240 243 245 246 244 244 248
-3.4e+38 -3.4e+38 -3.4e+38 -3.4e+38 423 420 421 418 411 412 413 411 414 416 421 424 425 428 429 427 423 423 421 419 416 411 409 403 397 396 390 365 340 321 310 294 285 272 261 251 239 229 234 233 238 238 237 236 236 236 237 237 236 234 234 232 230 228 230 231 233 233 239 237 235 234 232 234 236 239 240 241 241 241 243 243 243 243 248 251 253 256 253 256 261
-3.4e+38 -3.4e+38 -3.4e+38 -3.4e+38 436 434 431 419 418 419 423 425 430 435 434 439 443 442 441 440 442 445 445 443 442 441 433 429 426 426 424 389 355 333 317 305 293 283 271 258 246 234 233 233 239 238 238 238 239 237 240 242 241 239 237 237 234 233 233 232 232 233 235 236 240 239 237 242 245 248 246 243 248 249 251 249 251 251 255 259 263 263 266 268 271
-3.4e+38 -3.4e+38 -3.4e+38 -3.4e+38 -3.4e+38 444 436 433 434 437 439 442 447 448 446 451 455 454 458 462 467 468 465 465 464 460 456 453 448 446 450 426 386 355 333 319 306 291 280 267 257 248 241 240 241 241 243 242 243 242 244 245 247 243 243 241 240 239 237 236 238 241 240 241 241 244 242 247 249 250 249 251 254 256 257 258 259 259 265 268 271 273 275 279 283
-3.4e+38 -3.4e+38 -3.4e+38 -3.4e+38 -3.4e+38 454 447 448 454 457 458 456 458 458 462 465 468 475 480 485 495 496 492 491 488 487 481 476 467 464 471 454 417 377 357 334 317 300 290 277 265 259 251 249 248 247 247 247 247 248 248 248 249 248 247 247 246 244 243 244 245 245 245 245 247 250 250 252 254 255 255 261 267 267 265 266 266 268 274 279 279 280 284 290 294
-3.4e+38 -3.4e+38 -3.4e+38 -3.4e+38 -3.4e+38 472 475 468 476 484 478 472 470 475 473 482 489 492 500 508 519 515 510 519 516 513 507 502 492 482 496 475 445 390 366 344 326 313 297 286 275 268 262 258 256 254 256 254 253 253 254 253 251 251 250 252 250 249 249 251 252 249 250 251 252 256 256 257 257 258 262 268 274 275 274 272 273 276 281 287 289 293 297 303 307
-3.4e+38 -3.4e+38 -3.4e+38 -3.4e+38 485 487 491 488 496 499 492 486 485 484 487 493 502 510 516 523 527 527 529 539 543 534 526 519 519 514 513 505 459 416 388 361 343 323 310 297 284 277 271 268 265 263 262 261 259 257 259 259 258 257 257 256 254 255 253 258 257 257 257 257 258 262 263 265 265 266 268 271 275 279 281 278 283 284 288 294 296 303 308 313 318
-3.4e+38 -3.4e+38 495 500 501 502 507 508 513 506 501 500 500 502 499 506 516 536 540 543 540 536 549 553 551 548 550 546 544 549 568 526 473 433 387 363 348 334 320 304 293 286 278 274 271 269 265 268 266 266 265 265 263 265 262 261 260 260 262 262 261 261 261 264 265 267 268 271 273 274 273 278 279 284 284 284 289 291 297 303 306 313 320 324 330
-3.4e+38 505 509 519 522 522 521 525 529 519 514 510 513 512 514 523 532 545 569 549 547 548 555 560 568 574 578 576 578 619 637 537 481 442 390 365 348 335 325 312 299 291 288 281 279 277 275 273 274 272 271 270 269 269 268 268 267 267 268 267 267 268 269 270 271 274 276 276 277 279 282 284 286 287 291 292 299 301 308 311 317 325 332 337 344
-3.4e+38 519 526 534 541 540 538 534 533 527 522 525 521 527 527 543 546 564 566 553 556 561 569 575 586 600 606 604 637 650 639 540 483 428 392 372 353 340 330 317 309 301 296 290 286 283 279 281 281 279 277 276 276 276 276 273 272 274 276 274 274 274 274 278 280 280 281 281 285 288 291 292 294 296 297 302 307 311 316 322 328 335 345 353 355
527 532 536 541 543 551 547 543 540 538 535 539 535 539 542 544 551 560 561 568 573 577 583 594 602 616 618 605 603 597 607 548 496 439 401 380 362 345 334 325 317 312 303 298 295 292 289 288 288 285 284 284 283 282 281 279 281 281 281 281 281 280 283 285 285 285 290 290 293 296 297 299 303 306 306 312 316 321 325 331 340 347 353 360 365
539 541 544 545 545 557 558 551 553 551 548 547 552 553 559 564 564 566 581 586 585 595 597 601 607 611 609 590 574 562 556 520 482 442 417 392 375 360 346 335 329 321 312 309 301 299 298 295 291 292 291 289 290 290 289 287 287 288 289 289 289 289 291 290 293 294 295 298 301 300 304 306 311 312 314 317 325 330 338 342 350 357 362 370 377
